timestamp,device,length,link_protocol,network_protocol,transport_protocol,application_protocol,ip_version,src_ip,dst_ip,src_port,dst_port,arp_operation,arp_protocol,arp_src_proto,arp_dst_proto,eth_src_mac,eth_dst_mac,malicious
1759292914,any,44,ARP,N/A,N/A,N/A,N/A,N/A,N/A,N/A,N/A,1,2048,172.30.0.220,172.30.0.122,,,0
1759292914,any,58,ARP,N/A,N/A,N/A,N/A,N/A,N/A,N/A,N/A,2,2048,172.30.0.122,172.30.0.220,,,0
1759292914,eth0,110,Ethernet,IPv6,ICMP,N/A,v6,fe80::5ca9:83ff:fe87:27,ff02::179,N/A,N/A,N/A,N/A,N/A,N/A,,,0
1759292914,eth0,54,Ethernet,IPv4,N/A,N/A,v4,172.30.0.220,224.0.0.22,N/A,N/A,N/A,N/A,N/A,N/A,,,0
1759292914,eth0,42,Ethernet,N/A,N/A,N/A,N/A,N/A,N/A,N/A,N/A,N/A,N/A,N/A,N/A,,,0
1759292914,eth0,56,Ethernet,N/A,N/A,N/A,N/A,N/A,N/A,N/A,N/A,N/A,N/A,N/A,N/A,,,0
1759292914,eth0,56,Ethernet,N/A,N/A,N/A,N/A,N/A,N/A,N/A,N/A,N/A,N/A,N/A,N/A,,,0
1759292915,any,56,N/A,IPv4,N/A,N/A,v4,172.30.0.220,224.0.0.22,N/A,N/A,N/A,N/A,N/A,N/A,,,0
1759292915,eth0,54,Ethernet,IPv4,N/A,N/A,v4,172.30.0.220,224.0.0.22,N/A,N/A,N/A,N/A,N/A,N/A,,,0
1759292915,any,112,N/A,IPv6,ICMP,N/A,v6,fe80::a824:52ff:fe4f:69,ff02::179,N/A,N/A,N/A,N/A,N/A,N/A,,,0
1759292915,eth1,110,Ethernet,IPv6,ICMP,N/A,v6,fe80::a824:52ff:fe4f:69,ff02::179,N/A,N/A,N/A,N/A,N/A,N/A,,,0
1759292915,eth1,70,Ethernet,IPv6,ICMP,N/A,v6,fe80::a824:52ff:fe4f:69,ff02::204,N/A,N/A,N/A,N/A,N/A,N/A,,,0
1759292915,any,72,N/A,IPv6,ICMP,N/A,v6,fe80::a824:52ff:fe4f:69,ff02::204,N/A,N/A,N/A,N/A,N/A,N/A,,,0
1759292915,eth0,70,Ethernet,IPv6,ICMP,N/A,v6,fe80::5ca9:83ff:fe87:27,ff02::204,N/A,N/A,N/A,N/A,N/A,N/A,,,0
1759292915,any,72,N/A,IPv6,ICMP,N/A,v6,fe80::5ca9:83ff:fe87:27,ff02::204,N/A,N/A,N/A,N/A,N/A,N/A,,,0
1759292915,any,112,N/A,IPv6,ICMP,N/A,v6,fe80::5ca9:83ff:fe87:27,ff02::179,N/A,N/A,N/A,N/A,N/A,N/A,,,0
1759292915,eth0,110,Ethernet,IPv6,ICMP,N/A,v6,fe80::5ca9:83ff:fe87:27,ff02::179,N/A,N/A,N/A,N/A,N/A,N/A,,,0
1759292916,eth0,107,Ethernet,N/A,N/A,N/A,N/A,N/A,N/A,N/A,N/A,N/A,N/A,N/A,N/A,,,0
1759292916,any,109,N/A,N/A,N/A,N/A,N/A,N/A,N/A,N/A,N/A,N/A,N/A,N/A,N/A,,,0
1759292917,eth0,107,Ethernet,N/A,N/A,N/A,N/A,N/A,N/A,N/A,N/A,N/A,N/A,N/A,N/A,,,0
1759292917,any,109,N/A,N/A,N/A,N/A,N/A,N/A,N/A,N/A,N/A,N/A,N/A,N/A,N/A,,,0
1759292918,any,109,N/A,N/A,N/A,N/A,N/A,N/A,N/A,N/A,N/A,N/A,N/A,N/A,N/A,,,0
1759292918,eth0,107,Ethernet,N/A,N/A,N/A,N/A,N/A,N/A,N/A,N/A,N/A,N/A,N/A,N/A,,,0
1759292919,eth0,70,Ethernet,IPv6,ICMP,N/A,v6,fe80::5ca9:83ff:fe87:27,ff02::204,N/A,N/A,N/A,N/A,N/A,N/A,,,0
1759292919,any,72,N/A,IPv6,ICMP,N/A,v6,fe80::5ca9:83ff:fe87:27,ff02::204,N/A,N/A,N/A,N/A,N/A,N/A,,,0
1759292919,any,72,N/A,IPv6,ICMP,N/A,v6,fe80::a824:52ff:fe4f:69,ff02::204,N/A,N/A,N/A,N/A,N/A,N/A,,,0
1759292919,eth1,70,Ethernet,IPv6,ICMP,N/A,v6,fe80::a824:52ff:fe4f:69,ff02::204,N/A,N/A,N/A,N/A,N/A,N/A,,,0
1759292919,any,109,N/A,N/A,N/A,N/A,N/A,N/A,N/A,N/A,N/A,N/A,N/A,N/A,N/A,,,0
1759292919,eth0,107,Ethernet,N/A,N/A,N/A,N/A,N/A,N/A,N/A,N/A,N/A,N/A,N/A,N/A,,,0
1759292920,eth0,90,Ethernet,IPv6,ICMP,N/A,v6,fe80::5ca9:83ff:fe87:27,ff02::179,N/A,N/A,N/A,N/A,N/A,N/A,,,0
1759292920,eth0,54,Ethernet,IPv4,N/A,N/A,v4,172.30.0.220,224.0.0.22,N/A,N/A,N/A,N/A,N/A,N/A,,,0
1759292920,any,92,N/A,IPv6,ICMP,N/A,v6,fe80::5ca9:83ff:fe87:27,ff02::179,N/A,N/A,N/A,N/A,N/A,N/A,,,0
1759292920,eth0,356,Ethernet,IPv4,UDP,N/A,v4,0.0.0.0,255.255.255.255,68,67,N/A,N/A,N/A,N/A,,,0
1759292920,any,358,N/A,IPv4,UDP,N/A,v4,0.0.0.0,255.255.255.255,68,67,N/A,N/A,N/A,N/A,,,0
1759292920,eth0,368,Ethernet,IPv4,UDP,N/A,v4,0.0.0.0,255.255.255.255,68,67,N/A,N/A,N/A,N/A,,,0
1759292920,any,370,N/A,IPv4,UDP,N/A,v4,0.0.0.0,255.255.255.255,68,67,N/A,N/A,N/A,N/A,,,0
1759292920,eth1,110,Ethernet,IPv6,ICMP,N/A,v6,fe80::a824:52ff:fe4f:69,ff02::179,N/A,N/A,N/A,N/A,N/A,N/A,,,0
1759292920,any,112,N/A,IPv6,ICMP,N/A,v6,fe80::a824:52ff:fe4f:69,ff02::179,N/A,N/A,N/A,N/A,N/A,N/A,,,0
1759292920,eth0,110,Ethernet,IPv6,ICMP,N/A,v6,fe80::5ca9:83ff:fe87:27,ff02::179,N/A,N/A,N/A,N/A,N/A,N/A,,,0
1759292920,eth0,54,Ethernet,IPv4,N/A,N/A,v4,172.30.0.220,224.0.0.22,N/A,N/A,N/A,N/A,N/A,N/A,,,0
1759292920,any,112,N/A,IPv6,ICMP,N/A,v6,fe80::5ca9:83ff:fe87:27,ff02::179,N/A,N/A,N/A,N/A,N/A,N/A,,,0
1759292920,eth0,42,Ethernet,N/A,N/A,N/A,N/A,N/A,N/A,N/A,N/A,N/A,N/A,N/A,N/A,,,0
1759292920,eth0,56,Ethernet,N/A,N/A,N/A,N/A,N/A,N/A,N/A,N/A,N/A,N/A,N/A,N/A,,,0
1759292920,eth0,56,Ethernet,N/A,N/A,N/A,N/A,N/A,N/A,N/A,N/A,N/A,N/A,N/A,N/A,,,0
1759292920,any,44,ARP,N/A,N/A,N/A,N/A,N/A,N/A,N/A,N/A,1,2048,172.30.0.220,172.30.0.122,,,0
1759292920,any,58,ARP,N/A,N/A,N/A,N/A,N/A,N/A,N/A,N/A,2,2048,172.30.0.122,172.30.0.220,,,0
1759292920,any,112,N/A,IPv6,ICMP,N/A,v6,fe80::5ca9:83ff:fe87:27,ff02::179,N/A,N/A,N/A,N/A,N/A,N/A,,,0
1759292920,eth0,110,Ethernet,IPv6,ICMP,N/A,v6,fe80::5ca9:83ff:fe87:27,ff02::179,N/A,N/A,N/A,N/A,N/A,N/A,,,0
1759292920,eth0,70,Ethernet,IPv6,ICMP,N/A,v6,fe80::5ca9:83ff:fe87:27,ff02::204,N/A,N/A,N/A,N/A,N/A,N/A,,,0
1759292920,eth1,70,Ethernet,IPv6,ICMP,N/A,v6,fe80::a824:52ff:fe4f:69,ff02::204,N/A,N/A,N/A,N/A,N/A,N/A,,,0
1759292920,any,72,N/A,IPv6,ICMP,N/A,v6,fe80::a824:52ff:fe4f:69,ff02::204,N/A,N/A,N/A,N/A,N/A,N/A,,,0
1759292920,any,112,N/A,IPv6,ICMP,N/A,v6,fe80::a824:52ff:fe4f:69,ff02::179,N/A,N/A,N/A,N/A,N/A,N/A,,,0
1759292920,eth1,110,Ethernet,IPv6,ICMP,N/A,v6,fe80::a824:52ff:fe4f:69,ff02::179,N/A,N/A,N/A,N/A,N/A,N/A,,,0
1759292921,eth0,54,Ethernet,IPv4,N/A,N/A,v4,172.30.0.220,224.0.0.22,N/A,N/A,N/A,N/A,N/A,N/A,,,0
1759292921,any,56,N/A,IPv4,N/A,N/A,v4,172.30.0.220,224.0.0.22,N/A,N/A,N/A,N/A,N/A,N/A,,,0
1759292921,any,109,N/A,N/A,N/A,N/A,N/A,N/A,N/A,N/A,N/A,N/A,N/A,N/A,N/A,,,0
1759292921,eth0,107,Ethernet,N/A,N/A,N/A,N/A,N/A,N/A,N/A,N/A,N/A,N/A,N/A,N/A,,,0
1759292922,eth0,90,Ethernet,IPv6,ICMP,N/A,v6,fe80::5ca9:83ff:fe87:27,ff02::179,N/A,N/A,N/A,N/A,N/A,N/A,,,0
1759292922,eth0,54,Ethernet,IPv4,N/A,N/A,v4,172.30.0.220,224.0.0.22,N/A,N/A,N/A,N/A,N/A,N/A,,,0
1759292922,any,92,N/A,IPv6,ICMP,N/A,v6,fe80::5ca9:83ff:fe87:27,ff02::179,N/A,N/A,N/A,N/A,N/A,N/A,,,0
1759292922,eth0,87,Ethernet,IPv6,UDP,N/A,v6,fe80::5ca9:83ff:fe87:27,ff02::1:52,5355,5355,N/A,N/A,N/A,N/A,,,0
1759292922,any,89,N/A,IPv6,UDP,N/A,v6,fe80::5ca9:83ff:fe87:27,ff02::1:52,5355,5355,N/A,N/A,N/A,N/A,,,0
1759292922,eth0,356,Ethernet,IPv4,UDP,N/A,v4,0.0.0.0,255.255.255.255,68,67,N/A,N/A,N/A,N/A,,,0
1759292922,any,358,N/A,IPv4,UDP,N/A,v4,0.0.0.0,255.255.255.255,68,67,N/A,N/A,N/A,N/A,,,0
1759292922,eth0,368,Ethernet,IPv4,UDP,N/A,v4,0.0.0.0,255.255.255.255,68,67,N/A,N/A,N/A,N/A,,,0
1759292922,any,370,N/A,IPv4,UDP,N/A,v4,0.0.0.0,255.255.255.255,68,67,N/A,N/A,N/A,N/A,,,0
1759292922,eth1,110,Ethernet,IPv6,ICMP,N/A,v6,fe80::a824:52ff:fe4f:69,ff02::179,N/A,N/A,N/A,N/A,N/A,N/A,,,0
1759292922,any,112,N/A,IPv6,ICMP,N/A,v6,fe80::a824:52ff:fe4f:69,ff02::179,N/A,N/A,N/A,N/A,N/A,N/A,,,0
1759292922,eth0,54,Ethernet,IPv4,N/A,N/A,v4,172.30.0.220,224.0.0.22,N/A,N/A,N/A,N/A,N/A,N/A,,,0
1759292922,eth0,110,Ethernet,IPv6,ICMP,N/A,v6,fe80::5ca9:83ff:fe87:27,ff02::179,N/A,N/A,N/A,N/A,N/A,N/A,,,0
1759292922,any,56,N/A,IPv4,N/A,N/A,v4,172.30.0.220,224.0.0.22,N/A,N/A,N/A,N/A,N/A,N/A,,,0
1759292922,any,112,N/A,IPv6,ICMP,N/A,v6,fe80::a824:52ff:fe4f:69,ff02::179,N/A,N/A,N/A,N/A,N/A,N/A,,,0
1759292922,eth1,110,Ethernet,IPv6,ICMP,N/A,v6,fe80::a824:52ff:fe4f:69,ff02::179,N/A,N/A,N/A,N/A,N/A,N/A,,,0
1759292922,any,56,N/A,IPv4,N/A,N/A,v4,172.30.0.220,224.0.0.22,N/A,N/A,N/A,N/A,N/A,N/A,,,0
1759292922,eth0,54,Ethernet,IPv4,N/A,N/A,v4,172.30.0.220,224.0.0.22,N/A,N/A,N/A,N/A,N/A,N/A,,,0
1759292922,eth0,42,Ethernet,N/A,N/A,N/A,N/A,N/A,N/A,N/A,N/A,N/A,N/A,N/A,N/A,,,0
1759292922,eth0,56,Ethernet,N/A,N/A,N/A,N/A,N/A,N/A,N/A,N/A,N/A,N/A,N/A,N/A,,,0
1759292922,eth0,56,Ethernet,N/A,N/A,N/A,N/A,N/A,N/A,N/A,N/A,N/A,N/A,N/A,N/A,,,0
1759292922,any,44,ARP,N/A,N/A,N/A,N/A,N/A,N/A,N/A,N/A,1,2048,172.30.0.220,172.30.0.122,,,0
1759292922,any,58,ARP,N/A,N/A,N/A,N/A,N/A,N/A,N/A,N/A,2,2048,172.30.0.122,172.30.0.220,,,0
1759292923,any,112,N/A,IPv6,ICMP,N/A,v6,fe80::5ca9:83ff:fe87:27,ff02::179,N/A,N/A,N/A,N/A,N/A,N/A,,,0
1759292923,eth0,110,Ethernet,IPv6,ICMP,N/A,v6,fe80::5ca9:83ff:fe87:27,ff02::179,N/A,N/A,N/A,N/A,N/A,N/A,,,0
1759292923,eth0,107,Ethernet,N/A,N/A,N/A,N/A,N/A,N/A,N/A,N/A,N/A,N/A,N/A,N/A,,,0
1759292923,eth0,70,Ethernet,IPv6,ICMP,N/A,v6,fe80::5ca9:83ff:fe87:27,ff02::204,N/A,N/A,N/A,N/A,N/A,N/A,,,0
1759292923,any,72,N/A,IPv6,ICMP,N/A,v6,fe80::a824:52ff:fe4f:69,ff02::204,N/A,N/A,N/A,N/A,N/A,N/A,,,0
1759292923,eth1,70,Ethernet,IPv6,ICMP,N/A,v6,fe80::a824:52ff:fe4f:69,ff02::204,N/A,N/A,N/A,N/A,N/A,N/A,,,0
1759292924,eth0,107,Ethernet,N/A,N/A,N/A,N/A,N/A,N/A,N/A,N/A,N/A,N/A,N/A,N/A,,,0
1759292924,any,109,N/A,N/A,N/A,N/A,N/A,N/A,N/A,N/A,N/A,N/A,N/A,N/A,N/A,,,0
1759292926,any,109,N/A,N/A,N/A,N/A,N/A,N/A,N/A,N/A,N/A,N/A,N/A,N/A,N/A,,,0
1759292926,eth0,107,Ethernet,N/A,N/A,N/A,N/A,N/A,N/A,N/A,N/A,N/A,N/A,N/A,N/A,,,0
1759292927,eth0,107,Ethernet,N/A,N/A,N/A,N/A,N/A,N/A,N/A,N/A,N/A,N/A,N/A,N/A,,,0
1759292927,any,109,N/A,N/A,N/A,N/A,N/A,N/A,N/A,N/A,N/A,N/A,N/A,N/A,N/A,,,0
1759292927,eth0,90,Ethernet,IPv6,ICMP,N/A,v6,fe80::5ca9:83ff:fe87:27,ff02::179,N/A,N/A,N/A,N/A,N/A,N/A,,,0
1759292927,eth0,54,Ethernet,IPv4,N/A,N/A,v4,172.30.0.220,224.0.0.22,N/A,N/A,N/A,N/A,N/A,N/A,,,0
1759292927,any,92,N/A,IPv6,ICMP,N/A,v6,fe80::5ca9:83ff:fe87:27,ff02::179,N/A,N/A,N/A,N/A,N/A,N/A,,,0
1759292927,eth0,54,Ethernet,IPv4,N/A,N/A,v4,172.30.0.220,224.0.0.22,N/A,N/A,N/A,N/A,N/A,N/A,,,0
1759292927,eth0,90,Ethernet,IPv6,ICMP,N/A,v6,fe80::5ca9:83ff:fe87:27,ff02::179,N/A,N/A,N/A,N/A,N/A,N/A,,,0
1759292927,any,56,N/A,IPv4,N/A,N/A,v4,172.30.0.220,224.0.0.22,N/A,N/A,N/A,N/A,N/A,N/A,,,0
1759292927,eth0,67,Ethernet,IPv4,UDP,N/A,v4,172.30.0.220,224.0.0.252,5355,5355,N/A,N/A,N/A,N/A,,,0
1759292927,eth0,87,Ethernet,IPv6,UDP,N/A,v6,fe80::5ca9:83ff:fe87:27,ff02::1:52,5355,5355,N/A,N/A,N/A,N/A,,,0
1759292927,any,69,N/A,IPv4,UDP,N/A,v4,172.30.0.220,224.0.0.252,5355,5355,N/A,N/A,N/A,N/A,,,0
1759292927,eth0,356,Ethernet,IPv4,UDP,N/A,v4,0.0.0.0,255.255.255.255,68,67,N/A,N/A,N/A,N/A,,,0
1759292927,any,358,N/A,IPv4,UDP,N/A,v4,0.0.0.0,255.255.255.255,68,67,N/A,N/A,N/A,N/A,,,0
1759292927,eth0,368,Ethernet,IPv4,UDP,N/A,v4,0.0.0.0,255.255.255.255,68,67,N/A,N/A,N/A,N/A,,,0
1759292927,any,370,N/A,IPv4,UDP,N/A,v4,0.0.0.0,255.255.255.255,68,67,N/A,N/A,N/A,N/A,,,0
1759292927,eth1,110,Ethernet,IPv6,ICMP,N/A,v6,fe80::a824:52ff:fe4f:69,ff02::179,N/A,N/A,N/A,N/A,N/A,N/A,,,0
1759292927,any,112,N/A,IPv6,ICMP,N/A,v6,fe80::a824:52ff:fe4f:69,ff02::179,N/A,N/A,N/A,N/A,N/A,N/A,,,0
1759292927,eth0,54,Ethernet,IPv4,N/A,N/A,v4,172.30.0.220,224.0.0.22,N/A,N/A,N/A,N/A,N/A,N/A,,,0
1759292927,any,56,N/A,IPv4,N/A,N/A,v4,172.30.0.220,224.0.0.22,N/A,N/A,N/A,N/A,N/A,N/A,,,0
1759292927,eth0,110,Ethernet,IPv6,ICMP,N/A,v6,fe80::5ca9:83ff:fe87:27,ff02::179,N/A,N/A,N/A,N/A,N/A,N/A,,,0
1759292927,any,112,N/A,IPv6,ICMP,N/A,v6,fe80::5ca9:83ff:fe87:27,ff02::179,N/A,N/A,N/A,N/A,N/A,N/A,,,0
1759292927,eth0,42,Ethernet,N/A,N/A,N/A,N/A,N/A,N/A,N/A,N/A,N/A,N/A,N/A,N/A,,,0
1759292927,eth0,56,Ethernet,N/A,N/A,N/A,N/A,N/A,N/A,N/A,N/A,N/A,N/A,N/A,N/A,,,0
1759292927,eth0,56,Ethernet,N/A,N/A,N/A,N/A,N/A,N/A,N/A,N/A,N/A,N/A,N/A,N/A,,,0
1759292927,any,44,ARP,N/A,N/A,N/A,N/A,N/A,N/A,N/A,N/A,1,2048,172.30.0.220,172.30.0.122,,,0
1759292927,any,58,ARP,N/A,N/A,N/A,N/A,N/A,N/A,N/A,N/A,2,2048,172.30.0.122,172.30.0.220,,,0
1759292928,eth1,110,Ethernet,IPv6,ICMP,N/A,v6,fe80::a824:52ff:fe4f:69,ff02::179,N/A,N/A,N/A,N/A,N/A,N/A,,,0
1759292928,any,112,N/A,IPv6,ICMP,N/A,v6,fe80::a824:52ff:fe4f:69,ff02::179,N/A,N/A,N/A,N/A,N/A,N/A,,,0
1759292928,eth0,110,Ethernet,IPv6,ICMP,N/A,v6,fe80::5ca9:83ff:fe87:27,ff02::179,N/A,N/A,N/A,N/A,N/A,N/A,,,0
1759292928,eth0,54,Ethernet,IPv4,N/A,N/A,v4,172.30.0.220,224.0.0.22,N/A,N/A,N/A,N/A,N/A,N/A,,,0
1759292928,any,112,N/A,IPv6,ICMP,N/A,v6,fe80::5ca9:83ff:fe87:27,ff02::179,N/A,N/A,N/A,N/A,N/A,N/A,,,0
1759292928,eth0,70,Ethernet,IPv6,ICMP,N/A,v6,fe80::5ca9:83ff:fe87:27,ff02::204,N/A,N/A,N/A,N/A,N/A,N/A,,,0
1759292928,eth1,70,Ethernet,IPv6,ICMP,N/A,v6,fe80::a824:52ff:fe4f:69,ff02::204,N/A,N/A,N/A,N/A,N/A,N/A,,,0
1759292928,any,109,N/A,N/A,N/A,N/A,N/A,N/A,N/A,N/A,N/A,N/A,N/A,N/A,N/A,,,0
1759292928,eth0,107,Ethernet,N/A,N/A,N/A,N/A,N/A,N/A,N/A,N/A,N/A,N/A,N/A,N/A,,,0
1759292929,eth0,90,Ethernet,IPv6,ICMP,N/A,v6,fe80::5ca9:83ff:fe87:27,ff02::179,N/A,N/A,N/A,N/A,N/A,N/A,,,0
1759292929,eth0,54,Ethernet,IPv4,N/A,N/A,v4,172.30.0.220,224.0.0.22,N/A,N/A,N/A,N/A,N/A,N/A,,,0
1759292929,any,92,N/A,IPv6,ICMP,N/A,v6,fe80::5ca9:83ff:fe87:27,ff02::179,N/A,N/A,N/A,N/A,N/A,N/A,,,0
1759292930,eth0,87,Ethernet,IPv6,UDP,N/A,v6,fe80::5ca9:83ff:fe87:27,ff02::1:52,5355,5355,N/A,N/A,N/A,N/A,,,0
1759292930,any,89,N/A,IPv6,UDP,N/A,v6,fe80::5ca9:83ff:fe87:27,ff02::1:52,5355,5355,N/A,N/A,N/A,N/A,,,0
1759292930,eth0,356,Ethernet,IPv4,UDP,N/A,v4,0.0.0.0,255.255.255.255,68,67,N/A,N/A,N/A,N/A,,,0
1759292930,any,358,N/A,IPv4,UDP,N/A,v4,0.0.0.0,255.255.255.255,68,67,N/A,N/A,N/A,N/A,,,0
1759292930,eth0,368,Ethernet,IPv4,UDP,N/A,v4,0.0.0.0,255.255.255.255,68,67,N/A,N/A,N/A,N/A,,,0
1759292930,any,370,N/A,IPv4,UDP,N/A,v4,0.0.0.0,255.255.255.255,68,67,N/A,N/A,N/A,N/A,,,0
1759292930,eth1,110,Ethernet,IPv6,ICMP,N/A,v6,fe80::a824:52ff:fe4f:69,ff02::179,N/A,N/A,N/A,N/A,N/A,N/A,,,0
1759292930,any,112,N/A,IPv6,ICMP,N/A,v6,fe80::a824:52ff:fe4f:69,ff02::179,N/A,N/A,N/A,N/A,N/A,N/A,,,0
1759292930,any,112,N/A,IPv6,ICMP,N/A,v6,fe80::5ca9:83ff:fe87:27,ff02::179,N/A,N/A,N/A,N/A,N/A,N/A,,,0
1759292930,eth0,110,Ethernet,IPv6,ICMP,N/A,v6,fe80::5ca9:83ff:fe87:27,ff02::179,N/A,N/A,N/A,N/A,N/A,N/A,,,0
1759292930,eth0,54,Ethernet,IPv4,N/A,N/A,v4,172.30.0.220,224.0.0.22,N/A,N/A,N/A,N/A,N/A,N/A,,,0
1759292930,any,56,N/A,IPv4,N/A,N/A,v4,172.30.0.220,224.0.0.22,N/A,N/A,N/A,N/A,N/A,N/A,,,0
1759292930,eth0,54,Ethernet,IPv4,N/A,N/A,v4,172.30.0.220,224.0.0.22,N/A,N/A,N/A,N/A,N/A,N/A,,,0
1759292930,any,112,N/A,IPv6,ICMP,N/A,v6,fe80::a824:52ff:fe4f:69,ff02::179,N/A,N/A,N/A,N/A,N/A,N/A,,,0
1759292930,eth1,110,Ethernet,IPv6,ICMP,N/A,v6,fe80::a824:52ff:fe4f:69,ff02::179,N/A,N/A,N/A,N/A,N/A,N/A,,,0
1759292930,eth1,70,Ethernet,IPv6,ICMP,N/A,v6,fe80::a824:52ff:fe4f:69,ff02::204,N/A,N/A,N/A,N/A,N/A,N/A,,,0
1759292930,any,72,N/A,IPv6,ICMP,N/A,v6,fe80::a824:52ff:fe4f:69,ff02::204,N/A,N/A,N/A,N/A,N/A,N/A,,,0
1759292930,eth0,70,Ethernet,IPv6,ICMP,N/A,v6,fe80::5ca9:83ff:fe87:27,ff02::204,N/A,N/A,N/A,N/A,N/A,N/A,,,0
1759292930,any,72,N/A,IPv6,ICMP,N/A,v6,fe80::5ca9:83ff:fe87:27,ff02::204,N/A,N/A,N/A,N/A,N/A,N/A,,,0
1759292930,any,112,N/A,IPv6,ICMP,N/A,v6,fe80::5ca9:83ff:fe87:27,ff02::179,N/A,N/A,N/A,N/A,N/A,N/A,,,0
1759292930,eth0,110,Ethernet,IPv6,ICMP,N/A,v6,fe80::5ca9:83ff:fe87:27,ff02::179,N/A,N/A,N/A,N/A,N/A,N/A,,,0
1759292931,eth0,107,Ethernet,N/A,N/A,N/A,N/A,N/A,N/A,N/A,N/A,N/A,N/A,N/A,N/A,,,0
1759292931,eth0,42,Ethernet,N/A,N/A,N/A,N/A,N/A,N/A,N/A,N/A,N/A,N/A,N/A,N/A,,,0
1759292931,eth0,56,Ethernet,N/A,N/A,N/A,N/A,N/A,N/A,N/A,N/A,N/A,N/A,N/A,N/A,,,0
1759292931,eth0,56,Ethernet,N/A,N/A,N/A,N/A,N/A,N/A,N/A,N/A,N/A,N/A,N/A,N/A,,,0
1759292931,any,109,N/A,N/A,N/A,N/A,N/A,N/A,N/A,N/A,N/A,N/A,N/A,N/A,N/A,,,0
1759292931,any,44,ARP,N/A,N/A,N/A,N/A,N/A,N/A,N/A,N/A,1,2048,172.30.0.220,172.30.0.122,,,0
1759292931,any,58,ARP,N/A,N/A,N/A,N/A,N/A,N/A,N/A,N/A,2,2048,172.30.0.122,172.30.0.220,,,0
1759292931,any,58,ARP,N/A,N/A,N/A,N/A,N/A,N/A,N/A,N/A,2,2048,172.30.0.122,172.30.0.220,,,0
1759292932,eth0,107,Ethernet,N/A,N/A,N/A,N/A,N/A,N/A,N/A,N/A,N/A,N/A,N/A,N/A,,,0
1759292932,any,109,N/A,N/A,N/A,N/A,N/A,N/A,N/A,N/A,N/A,N/A,N/A,N/A,N/A,,,0
1759292933,eth0,107,Ethernet,N/A,N/A,N/A,N/A,N/A,N/A,N/A,N/A,N/A,N/A,N/A,N/A,,,0
1759292933,any,109,N/A,N/A,N/A,N/A,N/A,N/A,N/A,N/A,N/A,N/A,N/A,N/A,N/A,,,0
1759292934,eth0,107,Ethernet,N/A,N/A,N/A,N/A,N/A,N/A,N/A,N/A,N/A,N/A,N/A,N/A,,,0
1759292934,any,109,N/A,N/A,N/A,N/A,N/A,N/A,N/A,N/A,N/A,N/A,N/A,N/A,N/A,,,0
1759292934,eth1,70,Ethernet,IPv6,ICMP,N/A,v6,fe80::a824:52ff:fe4f:69,ff02::204,N/A,N/A,N/A,N/A,N/A,N/A,,,0
1759292934,any,72,N/A,IPv6,ICMP,N/A,v6,fe80::a824:52ff:fe4f:69,ff02::204,N/A,N/A,N/A,N/A,N/A,N/A,,,0
1759292934,any,72,N/A,IPv6,ICMP,N/A,v6,fe80::5ca9:83ff:fe87:27,ff02::204,N/A,N/A,N/A,N/A,N/A,N/A,,,0
1759292934,eth0,70,Ethernet,IPv6,ICMP,N/A,v6,fe80::5ca9:83ff:fe87:27,ff02::204,N/A,N/A,N/A,N/A,N/A,N/A,,,0
1759292935,eth0,90,Ethernet,IPv6,ICMP,N/A,v6,fe80::5ca9:83ff:fe87:27,ff02::179,N/A,N/A,N/A,N/A,N/A,N/A,,,0
1759292935,eth0,54,Ethernet,IPv4,N/A,N/A,v4,172.30.0.220,224.0.0.22,N/A,N/A,N/A,N/A,N/A,N/A,,,0
1759292935,any,92,N/A,IPv6,ICMP,N/A,v6,fe80::5ca9:83ff:fe87:27,ff02::179,N/A,N/A,N/A,N/A,N/A,N/A,,,0
1759292935,eth0,67,Ethernet,IPv4,UDP,N/A,v4,172.30.0.220,224.0.0.252,5355,5355,N/A,N/A,N/A,N/A,,,0
1759292935,any,69,N/A,IPv4,UDP,N/A,v4,172.30.0.220,224.0.0.252,5355,5355,N/A,N/A,N/A,N/A,,,0
1759292935,eth0,356,Ethernet,IPv4,UDP,N/A,v4,0.0.0.0,255.255.255.255,68,67,N/A,N/A,N/A,N/A,,,0
1759292935,any,358,N/A,IPv4,UDP,N/A,v4,0.0.0.0,255.255.255.255,68,67,N/A,N/A,N/A,N/A,,,0
1759292935,eth0,368,Ethernet,IPv4,UDP,N/A,v4,0.0.0.0,255.255.255.255,68,67,N/A,N/A,N/A,N/A,,,0
1759292935,eth0,54,Ethernet,IPv4,N/A,N/A,v4,172.30.0.220,224.0.0.22,N/A,N/A,N/A,N/A,N/A,N/A,,,0
1759292935,eth0,110,Ethernet,IPv6,ICMP,N/A,v6,fe80::5ca9:83ff:fe87:27,ff02::179,N/A,N/A,N/A,N/A,N/A,N/A,,,0
1759292935,eth0,42,Ethernet,N/A,N/A,N/A,N/A,N/A,N/A,N/A,N/A,N/A,N/A,N/A,N/A,,,0
1759292935,eth0,56,Ethernet,N/A,N/A,N/A,N/A,N/A,N/A,N/A,N/A,N/A,N/A,N/A,N/A,,,0
1759292935,eth0,56,Ethernet,N/A,N/A,N/A,N/A,N/A,N/A,N/A,N/A,N/A,N/A,N/A,N/A,,,0
1759292935,eth0,110,Ethernet,IPv6,ICMP,N/A,v6,fe80::5ca9:83ff:fe87:27,ff02::179,N/A,N/A,N/A,N/A,N/A,N/A,,,0
1759292935,any,370,N/A,IPv4,UDP,N/A,v4,0.0.0.0,255.255.255.255,68,67,N/A,N/A,N/A,N/A,,,0
1759292935,any,112,N/A,IPv6,ICMP,N/A,v6,fe80::a824:52ff:fe4f:69,ff02::179,N/A,N/A,N/A,N/A,N/A,N/A,,,0
1759292935,any,56,N/A,IPv4,N/A,N/A,v4,172.30.0.220,224.0.0.22,N/A,N/A,N/A,N/A,N/A,N/A,,,0
1759292935,any,112,N/A,IPv6,ICMP,N/A,v6,fe80::5ca9:83ff:fe87:27,ff02::179,N/A,N/A,N/A,N/A,N/A,N/A,,,0
1759292935,any,44,ARP,N/A,N/A,N/A,N/A,N/A,N/A,N/A,N/A,1,2048,172.30.0.220,172.30.0.122,,,0
1759292935,any,58,ARP,N/A,N/A,N/A,N/A,N/A,N/A,N/A,N/A,2,2048,172.30.0.122,172.30.0.220,,,0
1759292935,any,112,N/A,IPv6,ICMP,N/A,v6,fe80::5ca9:83ff:fe87:27,ff02::179,N/A,N/A,N/A,N/A,N/A,N/A,,,0
1759292935,eth1,110,Ethernet,IPv6,ICMP,N/A,v6,fe80::a824:52ff:fe4f:69,ff02::179,N/A,N/A,N/A,N/A,N/A,N/A,,,0
1759292935,eth1,110,Ethernet,IPv6,ICMP,N/A,v6,fe80::a824:52ff:fe4f:69,ff02::179,N/A,N/A,N/A,N/A,N/A,N/A,,,0
1759292935,any,56,N/A,IPv4,N/A,N/A,v4,172.30.0.220,224.0.0.22,N/A,N/A,N/A,N/A,N/A,N/A,,,0
1759292935,eth0,54,Ethernet,IPv4,N/A,N/A,v4,172.30.0.220,224.0.0.22,N/A,N/A,N/A,N/A,N/A,N/A,,,0
1759292936,eth0,107,Ethernet,N/A,N/A,N/A,N/A,N/A,N/A,N/A,N/A,N/A,N/A,N/A,N/A,,,0
1759292936,eth0,70,Ethernet,IPv6,ICMP,N/A,v6,fe80::5ca9:83ff:fe87:27,ff02::204,N/A,N/A,N/A,N/A,N/A,N/A,,,0
1759292936,any,72,N/A,IPv6,ICMP,N/A,v6,fe80::a824:52ff:fe4f:69,ff02::204,N/A,N/A,N/A,N/A,N/A,N/A,,,0
1759292936,eth1,70,Ethernet,IPv6,ICMP,N/A,v6,fe80::a824:52ff:fe4f:69,ff02::204,N/A,N/A,N/A,N/A,N/A,N/A,,,0
1759292937,eth0,107,Ethernet,N/A,N/A,N/A,N/A,N/A,N/A,N/A,N/A,N/A,N/A,N/A,N/A,,,0
1759292937,any,109,N/A,N/A,N/A,N/A,N/A,N/A,N/A,N/A,N/A,N/A,N/A,N/A,N/A,,,0
1759292938,eth0,107,Ethernet,N/A,N/A,N/A,N/A,N/A,N/A,N/A,N/A,N/A,N/A,N/A,N/A,,,0
1759292938,any,109,N/A,N/A,N/A,N/A,N/A,N/A,N/A,N/A,N/A,N/A,N/A,N/A,N/A,,,0
1759292938,eth0,90,Ethernet,IPv6,ICMP,N/A,v6,fe80::5ca9:83ff:fe87:27,ff02::179,N/A,N/A,N/A,N/A,N/A,N/A,,,0
1759292938,eth0,54,Ethernet,IPv4,N/A,N/A,v4,172.30.0.220,224.0.0.22,N/A,N/A,N/A,N/A,N/A,N/A,,,0
1759292938,any,92,N/A,IPv6,ICMP,N/A,v6,fe80::5ca9:83ff:fe87:27,ff02::179,N/A,N/A,N/A,N/A,N/A,N/A,,,0
1759292938,eth0,87,Ethernet,IPv6,UDP,N/A,v6,fe80::5ca9:83ff:fe87:27,ff02::1:52,5355,5355,N/A,N/A,N/A,N/A,,,0
1759292938,any,89,N/A,IPv6,UDP,N/A,v6,fe80::5ca9:83ff:fe87:27,ff02::1:52,5355,5355,N/A,N/A,N/A,N/A,,,0
1759292938,eth0,356,Ethernet,IPv4,UDP,N/A,v4,0.0.0.0,255.255.255.255,68,67,N/A,N/A,N/A,N/A,,,0
1759292938,any,358,N/A,IPv4,UDP,N/A,v4,0.0.0.0,255.255.255.255,68,67,N/A,N/A,N/A,N/A,,,0
1759292938,eth0,368,Ethernet,IPv4,UDP,N/A,v4,0.0.0.0,255.255.255.255,68,67,N/A,N/A,N/A,N/A,,,0
1759292938,any,370,N/A,IPv4,UDP,N/A,v4,0.0.0.0,255.255.255.255,68,67,N/A,N/A,N/A,N/A,,,0
1759292938,eth1,110,Ethernet,IPv6,ICMP,N/A,v6,fe80::a824:52ff:fe4f:69,ff02::179,N/A,N/A,N/A,N/A,N/A,N/A,,,0
1759292938,any,112,N/A,IPv6,ICMP,N/A,v6,fe80::a824:52ff:fe4f:69,ff02::179,N/A,N/A,N/A,N/A,N/A,N/A,,,0
1759292938,eth0,110,Ethernet,IPv6,ICMP,N/A,v6,fe80::5ca9:83ff:fe87:27,ff02::179,N/A,N/A,N/A,N/A,N/A,N/A,,,0
1759292938,eth0,54,Ethernet,IPv4,N/A,N/A,v4,172.30.0.220,224.0.0.22,N/A,N/A,N/A,N/A,N/A,N/A,,,0
1759292938,any,112,N/A,IPv6,ICMP,N/A,v6,fe80::5ca9:83ff:fe87:27,ff02::179,N/A,N/A,N/A,N/A,N/A,N/A,,,0
1759292938,eth0,54,Ethernet,IPv4,N/A,N/A,v4,172.30.0.220,224.0.0.22,N/A,N/A,N/A,N/A,N/A,N/A,,,0
1759292938,any,56,N/A,IPv4,N/A,N/A,v4,172.30.0.220,224.0.0.22,N/A,N/A,N/A,N/A,N/A,N/A,,,0
1759292938,eth0,42,Ethernet,N/A,N/A,N/A,N/A,N/A,N/A,N/A,N/A,N/A,N/A,N/A,N/A,,,0
1759292938,any,44,ARP,N/A,N/A,N/A,N/A,N/A,N/A,N/A,N/A,1,2048,172.30.0.220,172.30.0.122,,,0
1759292938,any,58,ARP,N/A,N/A,N/A,N/A,N/A,N/A,N/A,N/A,2,2048,172.30.0.122,172.30.0.220,,,0
1759292938,eth0,56,Ethernet,N/A,N/A,N/A,N/A,N/A,N/A,N/A,N/A,N/A,N/A,N/A,N/A,,,0
1759292938,eth0,56,Ethernet,N/A,N/A,N/A,N/A,N/A,N/A,N/A,N/A,N/A,N/A,N/A,N/A,,,0
1759292939,eth1,110,Ethernet,IPv6,ICMP,N/A,v6,fe80::a824:52ff:fe4f:69,ff02::179,N/A,N/A,N/A,N/A,N/A,N/A,,,0
1759292939,any,112,N/A,IPv6,ICMP,N/A,v6,fe80::a824:52ff:fe4f:69,ff02::179,N/A,N/A,N/A,N/A,N/A,N/A,,,0
1759292939,eth0,110,Ethernet,IPv6,ICMP,N/A,v6,fe80::5ca9:83ff:fe87:27,ff02::179,N/A,N/A,N/A,N/A,N/A,N/A,,,0
1759292939,any,112,N/A,IPv6,ICMP,N/A,v6,fe80::5ca9:83ff:fe87:27,ff02::179,N/A,N/A,N/A,N/A,N/A,N/A,,,0
1759292939,eth0,70,Ethernet,IPv6,ICMP,N/A,v6,fe80::5ca9:83ff:fe87:27,ff02::204,N/A,N/A,N/A,N/A,N/A,N/A,,,0
1759292939,any,72,N/A,IPv6,ICMP,N/A,v6,fe80::a824:52ff:fe4f:69,ff02::204,N/A,N/A,N/A,N/A,N/A,N/A,,,0
1759292939,eth1,70,Ethernet,IPv6,ICMP,N/A,v6,fe80::a824:52ff:fe4f:69,ff02::204,N/A,N/A,N/A,N/A,N/A,N/A,,,0
1759292939,eth0,107,Ethernet,N/A,N/A,N/A,N/A,N/A,N/A,N/A,N/A,N/A,N/A,N/A,N/A,,,0
1759292939,any,109,N/A,N/A,N/A,N/A,N/A,N/A,N/A,N/A,N/A,N/A,N/A,N/A,N/A,,,0
1759292940,eth0,107,Ethernet,N/A,N/A,N/A,N/A,N/A,N/A,N/A,N/A,N/A,N/A,N/A,N/A,,,0
1759292940,any,109,N/A,N/A,N/A,N/A,N/A,N/A,N/A,N/A,N/A,N/A,N/A,N/A,N/A,,,0
1759292942,eth0,107,Ethernet,N/A,N/A,N/A,N/A,N/A,N/A,N/A,N/A,N/A,N/A,N/A,N/A,,,0
1759292942,any,109,N/A,N/A,N/A,N/A,N/A,N/A,N/A,N/A,N/A,N/A,N/A,N/A,N/A,,,0
1759292943,eth0,107,Ethernet,N/A,N/A,N/A,N/A,N/A,N/A,N/A,N/A,N/A,N/A,N/A,N/A,,,0
1759292943,any,109,N/A,N/A,N/A,N/A,N/A,N/A,N/A,N/A,N/A,N/A,N/A,N/A,N/A,,,0
1759292943,eth0,70,Ethernet,IPv6,ICMP,N/A,v6,fe80::5ca9:83ff:fe87:27,ff02::204,N/A,N/A,N/A,N/A,N/A,N/A,,,0
1759292943,any,72,N/A,IPv6,ICMP,N/A,v6,fe80::5ca9:83ff:fe87:27,ff02::204,N/A,N/A,N/A,N/A,N/A,N/A,,,0
1759292943,eth1,70,Ethernet,IPv6,ICMP,N/A,v6,fe80::a824:52ff:fe4f:69,ff02::204,N/A,N/A,N/A,N/A,N/A,N/A,,,0
1759292943,any,72,N/A,IPv6,ICMP,N/A,v6,fe80::a824:52ff:fe4f:69,ff02::204,N/A,N/A,N/A,N/A,N/A,N/A,,,0
1759292943,eth0,90,Ethernet,IPv6,ICMP,N/A,v6,fe80::5ca9:83ff:fe87:27,ff02::179,N/A,N/A,N/A,N/A,N/A,N/A,,,0
1759292943,eth0,54,Ethernet,IPv4,N/A,N/A,v4,172.30.0.220,224.0.0.22,N/A,N/A,N/A,N/A,N/A,N/A,,,0
1759292943,any,92,N/A,IPv6,ICMP,N/A,v6,fe80::5ca9:83ff:fe87:27,ff02::179,N/A,N/A,N/A,N/A,N/A,N/A,,,0
1759292943,eth0,87,Ethernet,IPv6,UDP,N/A,v6,fe80::5ca9:83ff:fe87:27,ff02::1:52,5355,5355,N/A,N/A,N/A,N/A,,,0
1759292943,eth0,67,Ethernet,IPv4,UDP,N/A,v4,172.30.0.220,224.0.0.252,5355,5355,N/A,N/A,N/A,N/A,,,0
1759292943,any,89,N/A,IPv6,UDP,N/A,v6,fe80::5ca9:83ff:fe87:27,ff02::1:52,5355,5355,N/A,N/A,N/A,N/A,,,0
1759292943,eth0,356,Ethernet,IPv4,UDP,N/A,v4,0.0.0.0,255.255.255.255,68,67,N/A,N/A,N/A,N/A,,,0
1759292943,any,358,N/A,IPv4,UDP,N/A,v4,0.0.0.0,255.255.255.255,68,67,N/A,N/A,N/A,N/A,,,0
1759292943,eth1,110,Ethernet,IPv6,ICMP,N/A,v6,fe80::a824:52ff:fe4f:69,ff02::179,N/A,N/A,N/A,N/A,N/A,N/A,,,0
1759292943,any,112,N/A,IPv6,ICMP,N/A,v6,fe80::5ca9:83ff:fe87:27,ff02::179,N/A,N/A,N/A,N/A,N/A,N/A,,,0
1759292943,eth0,110,Ethernet,IPv6,ICMP,N/A,v6,fe80::5ca9:83ff:fe87:27,ff02::179,N/A,N/A,N/A,N/A,N/A,N/A,,,0
1759292944,any,370,N/A,IPv4,UDP,N/A,v4,0.0.0.0,255.255.255.255,68,67,N/A,N/A,N/A,N/A,,,0
1759292944,any,56,N/A,IPv4,N/A,N/A,v4,172.30.0.220,224.0.0.22,N/A,N/A,N/A,N/A,N/A,N/A,,,0
1759292944,any,44,ARP,N/A,N/A,N/A,N/A,N/A,N/A,N/A,N/A,1,2048,172.30.0.220,172.30.0.122,,,0
1759292944,any,58,ARP,N/A,N/A,N/A,N/A,N/A,N/A,N/A,N/A,2,2048,172.30.0.122,172.30.0.220,,,0
1759292944,any,58,ARP,N/A,N/A,N/A,N/A,N/A,N/A,N/A,N/A,2,2048,172.30.0.122,172.30.0.220,,,0
1759292944,any,112,N/A,IPv6,ICMP,N/A,v6,fe80::5ca9:83ff:fe87:27,ff02::179,N/A,N/A,N/A,N/A,N/A,N/A,,,0
1759292944,any,92,N/A,IPv6,ICMP,N/A,v6,fe80::5ca9:83ff:fe87:27,ff02::179,N/A,N/A,N/A,N/A,N/A,N/A,,,0
1759292944,any,92,N/A,IPv6,ICMP,N/A,v6,fe80::5ca9:83ff:fe87:27,ff02::179,N/A,N/A,N/A,N/A,N/A,N/A,,,0
1759292944,eth0,368,Ethernet,IPv4,UDP,N/A,v4,0.0.0.0,255.255.255.255,68,67,N/A,N/A,N/A,N/A,,,0
1759292944,eth0,54,Ethernet,IPv4,N/A,N/A,v4,172.30.0.220,224.0.0.22,N/A,N/A,N/A,N/A,N/A,N/A,,,0
1759292944,eth0,42,Ethernet,N/A,N/A,N/A,N/A,N/A,N/A,N/A,N/A,N/A,N/A,N/A,N/A,,,0
1759292944,eth0,56,Ethernet,N/A,N/A,N/A,N/A,N/A,N/A,N/A,N/A,N/A,N/A,N/A,N/A,,,0
1759292944,eth0,110,Ethernet,IPv6,ICMP,N/A,v6,fe80::5ca9:83ff:fe87:27,ff02::179,N/A,N/A,N/A,N/A,N/A,N/A,,,0
1759292944,eth0,90,Ethernet,IPv6,ICMP,N/A,v6,fe80::5ca9:83ff:fe87:27,ff02::179,N/A,N/A,N/A,N/A,N/A,N/A,,,0
1759292944,eth0,90,Ethernet,IPv6,ICMP,N/A,v6,fe80::5ca9:83ff:fe87:27,ff02::179,N/A,N/A,N/A,N/A,N/A,N/A,,,0
1759292944,eth0,54,Ethernet,IPv4,N/A,N/A,v4,172.30.0.220,224.0.0.22,N/A,N/A,N/A,N/A,N/A,N/A,,,0
1759292944,eth0,87,Ethernet,IPv6,UDP,N/A,v6,fe80::5ca9:83ff:fe87:27,ff02::1:52,5355,5355,N/A,N/A,N/A,N/A,,,0
1759292944,eth0,67,Ethernet,IPv4,UDP,N/A,v4,172.30.0.220,224.0.0.252,5355,5355,N/A,N/A,N/A,N/A,,,0
1759292944,any,89,N/A,IPv6,UDP,N/A,v6,fe80::5ca9:83ff:fe87:27,ff02::1:52,5355,5355,N/A,N/A,N/A,N/A,,,0
1759292944,eth0,356,Ethernet,IPv4,UDP,N/A,v4,0.0.0.0,255.255.255.255,68,67,N/A,N/A,N/A,N/A,,,0
1759292944,any,358,N/A,IPv4,UDP,N/A,v4,0.0.0.0,255.255.255.255,68,67,N/A,N/A,N/A,N/A,,,0
1759292944,eth0,368,Ethernet,IPv4,UDP,N/A,v4,0.0.0.0,255.255.255.255,68,67,N/A,N/A,N/A,N/A,,,0
1759292944,any,370,N/A,IPv4,UDP,N/A,v4,0.0.0.0,255.255.255.255,68,67,N/A,N/A,N/A,N/A,,,0
1759292944,eth1,110,Ethernet,IPv6,ICMP,N/A,v6,fe80::a824:52ff:fe4f:69,ff02::179,N/A,N/A,N/A,N/A,N/A,N/A,,,0
1759292944,eth1,110,Ethernet,IPv6,ICMP,N/A,v6,fe80::a824:52ff:fe4f:69,ff02::179,N/A,N/A,N/A,N/A,N/A,N/A,,,0
1759292944,any,112,N/A,IPv6,ICMP,N/A,v6,fe80::a824:52ff:fe4f:69,ff02::179,N/A,N/A,N/A,N/A,N/A,N/A,,,0
1759292944,any,56,N/A,IPv4,N/A,N/A,v4,172.30.0.220,224.0.0.22,N/A,N/A,N/A,N/A,N/A,N/A,,,0
1759292944,any,112,N/A,IPv6,ICMP,N/A,v6,fe80::5ca9:83ff:fe87:27,ff02::179,N/A,N/A,N/A,N/A,N/A,N/A,,,0
1759292944,any,112,N/A,IPv6,ICMP,N/A,v6,fe80::a824:52ff:fe4f:69,ff02::179,N/A,N/A,N/A,N/A,N/A,N/A,,,0
1759292944,any,44,ARP,N/A,N/A,N/A,N/A,N/A,N/A,N/A,N/A,1,2048,172.30.0.220,172.30.0.122,,,0
1759292944,any,58,ARP,N/A,N/A,N/A,N/A,N/A,N/A,N/A,N/A,2,2048,172.30.0.122,172.30.0.220,,,0
1759292944,eth0,54,Ethernet,IPv4,N/A,N/A,v4,172.30.0.220,224.0.0.22,N/A,N/A,N/A,N/A,N/A,N/A,,,0
1759292944,eth0,110,Ethernet,IPv6,ICMP,N/A,v6,fe80::5ca9:83ff:fe87:27,ff02::179,N/A,N/A,N/A,N/A,N/A,N/A,,,0
1759292944,eth0,42,Ethernet,N/A,N/A,N/A,N/A,N/A,N/A,N/A,N/A,N/A,N/A,N/A,N/A,,,0
1759292944,eth0,56,Ethernet,N/A,N/A,N/A,N/A,N/A,N/A,N/A,N/A,N/A,N/A,N/A,N/A,,,0
1759292944,eth0,56,Ethernet,N/A,N/A,N/A,N/A,N/A,N/A,N/A,N/A,N/A,N/A,N/A,N/A,,,0
1759292944,eth0,110,Ethernet,IPv6,ICMP,N/A,v6,fe80::5ca9:83ff:fe87:27,ff02::179,N/A,N/A,N/A,N/A,N/A,N/A,,,0
1759292944,any,112,N/A,IPv6,ICMP,N/A,v6,fe80::5ca9:83ff:fe87:27,ff02::179,N/A,N/A,N/A,N/A,N/A,N/A,,,0
1759292945,eth0,54,Ethernet,IPv4,N/A,N/A,v4,172.30.0.220,224.0.0.22,N/A,N/A,N/A,N/A,N/A,N/A,,,0
1759292945,any,56,N/A,IPv4,N/A,N/A,v4,172.30.0.220,224.0.0.22,N/A,N/A,N/A,N/A,N/A,N/A,,,0
1759292945,eth1,70,Ethernet,IPv6,ICMP,N/A,v6,fe80::a824:52ff:fe4f:69,ff02::204,N/A,N/A,N/A,N/A,N/A,N/A,,,0
1759292945,any,72,N/A,IPv6,ICMP,N/A,v6,fe80::a824:52ff:fe4f:69,ff02::204,N/A,N/A,N/A,N/A,N/A,N/A,,,0
1759292945,any,109,N/A,N/A,N/A,N/A,N/A,N/A,N/A,N/A,N/A,N/A,N/A,N/A,N/A,,,0
1759292945,eth0,107,Ethernet,N/A,N/A,N/A,N/A,N/A,N/A,N/A,N/A,N/A,N/A,N/A,N/A,,,0
1759292945,eth0,70,Ethernet,IPv6,ICMP,N/A,v6,fe80::5ca9:83ff:fe87:27,ff02::204,N/A,N/A,N/A,N/A,N/A,N/A,,,0
1759292946,eth0,107,Ethernet,N/A,N/A,N/A,N/A,N/A,N/A,N/A,N/A,N/A,N/A,N/A,N/A,,,0
1759292946,any,109,N/A,N/A,N/A,N/A,N/A,N/A,N/A,N/A,N/A,N/A,N/A,N/A,N/A,,,0
1759292947,eth0,107,Ethernet,N/A,N/A,N/A,N/A,N/A,N/A,N/A,N/A,N/A,N/A,N/A,N/A,,,0
1759292947,any,109,N/A,N/A,N/A,N/A,N/A,N/A,N/A,N/A,N/A,N/A,N/A,N/A,N/A,,,0
1759292948,eth0,107,Ethernet,N/A,N/A,N/A,N/A,N/A,N/A,N/A,N/A,N/A,N/A,N/A,N/A,,,0
1759292948,any,109,N/A,N/A,N/A,N/A,N/A,N/A,N/A,N/A,N/A,N/A,N/A,N/A,N/A,,,0
1759292949,eth1,70,Ethernet,IPv6,ICMP,N/A,v6,fe80::a824:52ff:fe4f:69,ff02::204,N/A,N/A,N/A,N/A,N/A,N/A,,,0
1759292949,any,72,N/A,IPv6,ICMP,N/A,v6,fe80::a824:52ff:fe4f:69,ff02::204,N/A,N/A,N/A,N/A,N/A,N/A,,,0
1759292949,eth0,90,Ethernet,IPv6,ICMP,N/A,v6,fe80::5ca9:83ff:fe87:27,ff02::179,N/A,N/A,N/A,N/A,N/A,N/A,,,0
1759292949,eth0,54,Ethernet,IPv4,N/A,N/A,v4,172.30.0.220,224.0.0.22,N/A,N/A,N/A,N/A,N/A,N/A,,,0
1759292949,any,92,N/A,IPv6,ICMP,N/A,v6,fe80::5ca9:83ff:fe87:27,ff02::179,N/A,N/A,N/A,N/A,N/A,N/A,,,0
1759292949,eth0,87,Ethernet,IPv6,UDP,N/A,v6,fe80::5ca9:83ff:fe87:27,ff02::1:52,5355,5355,N/A,N/A,N/A,N/A,,,0
1759292949,eth0,67,Ethernet,IPv4,UDP,N/A,v4,172.30.0.220,224.0.0.252,5355,5355,N/A,N/A,N/A,N/A,,,0
1759292949,any,89,N/A,IPv6,UDP,N/A,v6,fe80::5ca9:83ff:fe87:27,ff02::1:52,5355,5355,N/A,N/A,N/A,N/A,,,0
1759292949,eth0,356,Ethernet,IPv4,UDP,N/A,v4,0.0.0.0,255.255.255.255,68,67,N/A,N/A,N/A,N/A,,,0
1759292949,any,358,N/A,IPv4,UDP,N/A,v4,0.0.0.0,255.255.255.255,68,67,N/A,N/A,N/A,N/A,,,0
1759292949,eth0,368,Ethernet,IPv4,UDP,N/A,v4,0.0.0.0,255.255.255.255,68,67,N/A,N/A,N/A,N/A,,,0
1759292949,any,370,N/A,IPv4,UDP,N/A,v4,0.0.0.0,255.255.255.255,68,67,N/A,N/A,N/A,N/A,,,0
1759292949,eth1,110,Ethernet,IPv6,ICMP,N/A,v6,fe80::a824:52ff:fe4f:69,ff02::179,N/A,N/A,N/A,N/A,N/A,N/A,,,0
1759292949,any,112,N/A,IPv6,ICMP,N/A,v6,fe80::a824:52ff:fe4f:69,ff02::179,N/A,N/A,N/A,N/A,N/A,N/A,,,0
1759292949,eth0,110,Ethernet,IPv6,ICMP,N/A,v6,fe80::5ca9:83ff:fe87:27,ff02::179,N/A,N/A,N/A,N/A,N/A,N/A,,,0
1759292949,eth0,54,Ethernet,IPv4,N/A,N/A,v4,172.30.0.220,224.0.0.22,N/A,N/A,N/A,N/A,N/A,N/A,,,0
1759292949,any,112,N/A,IPv6,ICMP,N/A,v6,fe80::5ca9:83ff:fe87:27,ff02::179,N/A,N/A,N/A,N/A,N/A,N/A,,,0
1759292949,eth0,42,Ethernet,N/A,N/A,N/A,N/A,N/A,N/A,N/A,N/A,N/A,N/A,N/A,N/A,,,0
1759292949,eth0,56,Ethernet,N/A,N/A,N/A,N/A,N/A,N/A,N/A,N/A,N/A,N/A,N/A,N/A,,,0
1759292949,eth0,56,Ethernet,N/A,N/A,N/A,N/A,N/A,N/A,N/A,N/A,N/A,N/A,N/A,N/A,,,0
1759292949,any,44,ARP,N/A,N/A,N/A,N/A,N/A,N/A,N/A,N/A,1,2048,172.30.0.220,172.30.0.122,,,0
1759292949,any,58,ARP,N/A,N/A,N/A,N/A,N/A,N/A,N/A,N/A,2,2048,172.30.0.122,172.30.0.220,,,0
1759292949,eth1,110,Ethernet,IPv6,ICMP,N/A,v6,fe80::a824:52ff:fe4f:69,ff02::179,N/A,N/A,N/A,N/A,N/A,N/A,,,0
1759292949,any,112,N/A,IPv6,ICMP,N/A,v6,fe80::a824:52ff:fe4f:69,ff02::179,N/A,N/A,N/A,N/A,N/A,N/A,,,0
1759292949,eth0,54,Ethernet,IPv4,N/A,N/A,v4,172.30.0.220,224.0.0.22,N/A,N/A,N/A,N/A,N/A,N/A,,,0
1759292949,any,56,N/A,IPv4,N/A,N/A,v4,172.30.0.220,224.0.0.22,N/A,N/A,N/A,N/A,N/A,N/A,,,0
1759292950,eth0,110,Ethernet,IPv6,ICMP,N/A,v6,fe80::5ca9:83ff:fe87:27,ff02::179,N/A,N/A,N/A,N/A,N/A,N/A,,,0
1759292950,any,112,N/A,IPv6,ICMP,N/A,v6,fe80::5ca9:83ff:fe87:27,ff02::179,N/A,N/A,N/A,N/A,N/A,N/A,,,0
1759292950,eth1,70,Ethernet,IPv6,ICMP,N/A,v6,fe80::a824:52ff:fe4f:69,ff02::204,N/A,N/A,N/A,N/A,N/A,N/A,,,0
1759292950,any,72,N/A,IPv6,ICMP,N/A,v6,fe80::a824:52ff:fe4f:69,ff02::204,N/A,N/A,N/A,N/A,N/A,N/A,,,0
1759292950,eth0,107,Ethernet,N/A,N/A,N/A,N/A,N/A,N/A,N/A,N/A,N/A,N/A,N/A,N/A,,,0
1759292950,eth0,70,Ethernet,IPv6,ICMP,N/A,v6,fe80::5ca9:83ff:fe87:27,ff02::204,N/A,N/A,N/A,N/A,N/A,N/A,,,0
1759292950,any,109,N/A,N/A,N/A,N/A,N/A,N/A,N/A,N/A,N/A,N/A,N/A,N/A,N/A,,,0
1759292951,eth0,107,Ethernet,N/A,N/A,N/A,N/A,N/A,N/A,N/A,N/A,N/A,N/A,N/A,N/A,,,0
1759292951,any,109,N/A,N/A,N/A,N/A,N/A,N/A,N/A,N/A,N/A,N/A,N/A,N/A,N/A,,,0
1759292952,eth0,90,Ethernet,IPv6,ICMP,N/A,v6,fe80::5ca9:83ff:fe87:27,ff02::179,N/A,N/A,N/A,N/A,N/A,N/A,,,0
1759292952,eth0,54,Ethernet,IPv4,N/A,N/A,v4,172.30.0.220,224.0.0.22,N/A,N/A,N/A,N/A,N/A,N/A,,,0
1759292952,any,92,N/A,IPv6,ICMP,N/A,v6,fe80::5ca9:83ff:fe87:27,ff02::179,N/A,N/A,N/A,N/A,N/A,N/A,,,0
1759292953,eth0,67,Ethernet,IPv4,UDP,N/A,v4,172.30.0.220,224.0.0.252,5355,5355,N/A,N/A,N/A,N/A,,,0
1759292953,eth0,87,Ethernet,IPv6,UDP,N/A,v6,fe80::5ca9:83ff:fe87:27,ff02::1:52,5355,5355,N/A,N/A,N/A,N/A,,,0
1759292953,any,69,N/A,IPv4,UDP,N/A,v4,172.30.0.220,224.0.0.252,5355,5355,N/A,N/A,N/A,N/A,,,0
1759292953,eth0,356,Ethernet,IPv4,UDP,N/A,v4,0.0.0.0,255.255.255.255,68,67,N/A,N/A,N/A,N/A,,,0
1759292953,any,358,N/A,IPv4,UDP,N/A,v4,0.0.0.0,255.255.255.255,68,67,N/A,N/A,N/A,N/A,,,0
1759292953,eth0,368,Ethernet,IPv4,UDP,N/A,v4,0.0.0.0,255.255.255.255,68,67,N/A,N/A,N/A,N/A,,,0
1759292953,any,370,N/A,IPv4,UDP,N/A,v4,0.0.0.0,255.255.255.255,68,67,N/A,N/A,N/A,N/A,,,0
1759292953,any,112,N/A,IPv6,ICMP,N/A,v6,fe80::a824:52ff:fe4f:69,ff02::179,N/A,N/A,N/A,N/A,N/A,N/A,,,0
1759292953,eth1,110,Ethernet,IPv6,ICMP,N/A,v6,fe80::a824:52ff:fe4f:69,ff02::179,N/A,N/A,N/A,N/A,N/A,N/A,,,0
1759292953,eth0,110,Ethernet,IPv6,ICMP,N/A,v6,fe80::5ca9:83ff:fe87:27,ff02::179,N/A,N/A,N/A,N/A,N/A,N/A,,,0
1759292953,eth0,54,Ethernet,IPv4,N/A,N/A,v4,172.30.0.220,224.0.0.22,N/A,N/A,N/A,N/A,N/A,N/A,,,0
1759292953,eth0,42,Ethernet,N/A,N/A,N/A,N/A,N/A,N/A,N/A,N/A,N/A,N/A,N/A,N/A,,,0
1759292953,eth0,56,Ethernet,N/A,N/A,N/A,N/A,N/A,N/A,N/A,N/A,N/A,N/A,N/A,N/A,,,0
1759292953,any,112,N/A,IPv6,ICMP,N/A,v6,fe80::5ca9:83ff:fe87:27,ff02::179,N/A,N/A,N/A,N/A,N/A,N/A,,,0
1759292953,any,44,ARP,N/A,N/A,N/A,N/A,N/A,N/A,N/A,N/A,1,2048,172.30.0.220,172.30.0.122,,,0
1759292953,any,58,ARP,N/A,N/A,N/A,N/A,N/A,N/A,N/A,N/A,2,2048,172.30.0.122,172.30.0.220,,,0
1759292953,eth0,54,Ethernet,IPv4,N/A,N/A,v4,172.30.0.220,224.0.0.22,N/A,N/A,N/A,N/A,N/A,N/A,,,0
1759292953,any,56,N/A,IPv4,N/A,N/A,v4,172.30.0.220,224.0.0.22,N/A,N/A,N/A,N/A,N/A,N/A,,,0
1759292953,eth0,70,Ethernet,IPv6,ICMP,N/A,v6,fe80::5ca9:83ff:fe87:27,ff02::204,N/A,N/A,N/A,N/A,N/A,N/A,,,0
1759292953,any,72,N/A,IPv6,ICMP,N/A,v6,fe80::a824:52ff:fe4f:69,ff02::204,N/A,N/A,N/A,N/A,N/A,N/A,,,0
1759292953,eth1,70,Ethernet,IPv6,ICMP,N/A,v6,fe80::a824:52ff:fe4f:69,ff02::204,N/A,N/A,N/A,N/A,N/A,N/A,,,0
1759292953,eth1,110,Ethernet,IPv6,ICMP,N/A,v6,fe80::a824:52ff:fe4f:69,ff02::179,N/A,N/A,N/A,N/A,N/A,N/A,,,0
1759292953,any,112,N/A,IPv6,ICMP,N/A,v6,fe80::a824:52ff:fe4f:69,ff02::179,N/A,N/A,N/A,N/A,N/A,N/A,,,0
1759292953,eth0,110,Ethernet,IPv6,ICMP,N/A,v6,fe80::5ca9:83ff:fe87:27,ff02::179,N/A,N/A,N/A,N/A,N/A,N/A,,,0
1759292953,any,112,N/A,IPv6,ICMP,N/A,v6,fe80::5ca9:83ff:fe87:27,ff02::179,N/A,N/A,N/A,N/A,N/A,N/A,,,0
1759292954,eth0,107,Ethernet,N/A,N/A,N/A,N/A,N/A,N/A,N/A,N/A,N/A,N/A,N/A,N/A,,,0
1759292954,any,109,N/A,N/A,N/A,N/A,N/A,N/A,N/A,N/A,N/A,N/A,N/A,N/A,N/A,,,0
1759292955,eth0,107,Ethernet,N/A,N/A,N/A,N/A,N/A,N/A,N/A,N/A,N/A,N/A,N/A,N/A,,,0
1759292955,any,109,N/A,N/A,N/A,N/A,N/A,N/A,N/A,N/A,N/A,N/A,N/A,N/A,N/A,,,0
1759292956,any,109,N/A,N/A,N/A,N/A,N/A,N/A,N/A,N/A,N/A,N/A,N/A,N/A,N/A,,,0
1759292956,eth0,107,Ethernet,N/A,N/A,N/A,N/A,N/A,N/A,N/A,N/A,N/A,N/A,N/A,N/A,,,0
1759292957,eth0,107,Ethernet,N/A,N/A,N/A,N/A,N/A,N/A,N/A,N/A,N/A,N/A,N/A,N/A,,,0
1759292957,any,109,N/A,N/A,N/A,N/A,N/A,N/A,N/A,N/A,N/A,N/A,N/A,N/A,N/A,,,0
1759292957,any,72,N/A,IPv6,ICMP,N/A,v6,fe80::a824:52ff:fe4f:69,ff02::204,N/A,N/A,N/A,N/A,N/A,N/A,,,0
1759292957,eth1,70,Ethernet,IPv6,ICMP,N/A,v6,fe80::a824:52ff:fe4f:69,ff02::204,N/A,N/A,N/A,N/A,N/A,N/A,,,0
1759292957,eth0,70,Ethernet,IPv6,ICMP,N/A,v6,fe80::3c55:42ff:fef1:67,ff02::204,N/A,N/A,N/A,N/A,N/A,N/A,,,0
1759292957,any,72,N/A,IPv6,ICMP,N/A,v6,fe80::3c55:42ff:fef1:67,ff02::204,N/A,N/A,N/A,N/A,N/A,N/A,,,0
1759292957,eth0,70,Ethernet,IPv6,ICMP,N/A,v6,fe80::5ca9:83ff:fe87:27,ff02::204,N/A,N/A,N/A,N/A,N/A,N/A,,,0
1759292957,any,72,N/A,IPv6,ICMP,N/A,v6,fe80::5ca9:83ff:fe87:27,ff02::204,N/A,N/A,N/A,N/A,N/A,N/A,,,0
1759292958,eth0,90,Ethernet,IPv6,ICMP,N/A,v6,fe80::5ca9:83ff:fe87:27,ff02::179,N/A,N/A,N/A,N/A,N/A,N/A,,,0
1759292958,eth0,54,Ethernet,IPv4,N/A,N/A,v4,172.30.0.220,224.0.0.22,N/A,N/A,N/A,N/A,N/A,N/A,,,0
1759292958,any,92,N/A,IPv6,ICMP,N/A,v6,fe80::5ca9:83ff:fe87:27,ff02::179,N/A,N/A,N/A,N/A,N/A,N/A,,,0
1759292958,eth0,67,Ethernet,IPv4,UDP,N/A,v4,172.30.0.220,224.0.0.252,5355,5355,N/A,N/A,N/A,N/A,,,0
1759292958,eth0,87,Ethernet,IPv6,UDP,N/A,v6,fe80::5ca9:83ff:fe87:27,ff02::1:52,5355,5355,N/A,N/A,N/A,N/A,,,0
1759292958,any,69,N/A,IPv4,UDP,N/A,v4,172.30.0.220,224.0.0.252,5355,5355,N/A,N/A,N/A,N/A,,,0
1759292958,eth0,356,Ethernet,IPv4,UDP,N/A,v4,0.0.0.0,255.255.255.255,68,67,N/A,N/A,N/A,N/A,,,0
1759292958,any,358,N/A,IPv4,UDP,N/A,v4,0.0.0.0,255.255.255.255,68,67,N/A,N/A,N/A,N/A,,,0
1759292958,eth1,110,Ethernet,IPv6,ICMP,N/A,v6,fe80::a824:52ff:fe4f:69,ff02::179,N/A,N/A,N/A,N/A,N/A,N/A,,,0
1759292958,any,112,N/A,IPv6,ICMP,N/A,v6,fe80::a824:52ff:fe4f:69,ff02::179,N/A,N/A,N/A,N/A,N/A,N/A,,,0
1759292958,eth0,368,Ethernet,IPv4,UDP,N/A,v4,0.0.0.0,255.255.255.255,68,67,N/A,N/A,N/A,N/A,,,0
1759292958,any,370,N/A,IPv4,UDP,N/A,v4,0.0.0.0,255.255.255.255,68,67,N/A,N/A,N/A,N/A,,,0
1759292958,eth0,110,Ethernet,IPv6,ICMP,N/A,v6,fe80::5ca9:83ff:fe87:27,ff02::179,N/A,N/A,N/A,N/A,N/A,N/A,,,0
1759292958,eth0,54,Ethernet,IPv4,N/A,N/A,v4,172.30.0.220,224.0.0.22,N/A,N/A,N/A,N/A,N/A,N/A,,,0
1759292958,any,112,N/A,IPv6,ICMP,N/A,v6,fe80::5ca9:83ff:fe87:27,ff02::179,N/A,N/A,N/A,N/A,N/A,N/A,,,0
1759292958,eth0,42,Ethernet,N/A,N/A,N/A,N/A,N/A,N/A,N/A,N/A,N/A,N/A,N/A,N/A,,,0
1759292958,any,44,ARP,N/A,N/A,N/A,N/A,N/A,N/A,N/A,N/A,1,2048,172.30.0.220,172.30.0.122,,,0
1759292958,any,58,ARP,N/A,N/A,N/A,N/A,N/A,N/A,N/A,N/A,2,2048,172.30.0.122,172.30.0.220,,,0
1759292958,eth0,56,Ethernet,N/A,N/A,N/A,N/A,N/A,N/A,N/A,N/A,N/A,N/A,N/A,N/A,,,0
1759292958,eth0,56,Ethernet,N/A,N/A,N/A,N/A,N/A,N/A,N/A,N/A,N/A,N/A,N/A,N/A,,,0
1759292958,eth1,110,Ethernet,IPv6,ICMP,N/A,v6,fe80::a824:52ff:fe4f:69,ff02::179,N/A,N/A,N/A,N/A,N/A,N/A,,,0
1759292958,any,112,N/A,IPv6,ICMP,N/A,v6,fe80::a824:52ff:fe4f:69,ff02::179,N/A,N/A,N/A,N/A,N/A,N/A,,,0
1759292958,eth0,110,Ethernet,IPv6,ICMP,N/A,v6,fe80::5ca9:83ff:fe87:27,ff02::179,N/A,N/A,N/A,N/A,N/A,N/A,,,0
1759292958,any,112,N/A,IPv6,ICMP,N/A,v6,fe80::5ca9:83ff:fe87:27,ff02::179,N/A,N/A,N/A,N/A,N/A,N/A,,,0
1759292959,eth1,70,Ethernet,IPv6,ICMP,N/A,v6,fe80::a824:52ff:fe4f:69,ff02::204,N/A,N/A,N/A,N/A,N/A,N/A,,,0
1759292959,any,72,N/A,IPv6,ICMP,N/A,v6,fe80::a824:52ff:fe4f:69,ff02::204,N/A,N/A,N/A,N/A,N/A,N/A,,,0
1759292959,any,109,N/A,N/A,N/A,N/A,N/A,N/A,N/A,N/A,N/A,N/A,N/A,N/A,N/A,,,0
1759292959,eth0,107,Ethernet,N/A,N/A,N/A,N/A,N/A,N/A,N/A,N/A,N/A,N/A,N/A,N/A,,,0
1759292959,eth0,70,Ethernet,IPv6,ICMP,N/A,v6,fe80::5ca9:83ff:fe87:27,ff02::204,N/A,N/A,N/A,N/A,N/A,N/A,,,0
1759292959,eth0,54,Ethernet,IPv4,N/A,N/A,v4,172.30.0.220,224.0.0.22,N/A,N/A,N/A,N/A,N/A,N/A,,,0
1759292959,any,56,N/A,IPv4,N/A,N/A,v4,172.30.0.220,224.0.0.22,N/A,N/A,N/A,N/A,N/A,N/A,,,0
1759292960,eth0,107,Ethernet,N/A,N/A,N/A,N/A,N/A,N/A,N/A,N/A,N/A,N/A,N/A,N/A,,,0
1759292960,any,109,N/A,N/A,N/A,N/A,N/A,N/A,N/A,N/A,N/A,N/A,N/A,N/A,N/A,,,0
1759292961,eth0,107,Ethernet,N/A,N/A,N/A,N/A,N/A,N/A,N/A,N/A,N/A,N/A,N/A,N/A,,,0
1759292961,any,109,N/A,N/A,N/A,N/A,N/A,N/A,N/A,N/A,N/A,N/A,N/A,N/A,N/A,,,0
1759292962,any,92,N/A,IPv6,ICMP,N/A,v6,fe80::5ca9:83ff:fe87:27,ff02::179,N/A,N/A,N/A,N/A,N/A,N/A,,,0
1759292962,eth0,90,Ethernet,IPv6,ICMP,N/A,v6,fe80::5ca9:83ff:fe87:27,ff02::179,N/A,N/A,N/A,N/A,N/A,N/A,,,0
1759292962,eth0,54,Ethernet,IPv4,N/A,N/A,v4,172.30.0.220,224.0.0.22,N/A,N/A,N/A,N/A,N/A,N/A,,,0
1759292962,eth0,90,Ethernet,IPv6,ICMP,N/A,v6,fe80::5ca9:83ff:fe87:27,ff02::179,N/A,N/A,N/A,N/A,N/A,N/A,,,0
1759292962,any,92,N/A,IPv6,ICMP,N/A,v6,fe80::5ca9:83ff:fe87:27,ff02::179,N/A,N/A,N/A,N/A,N/A,N/A,,,0
1759292962,eth0,87,Ethernet,IPv6,UDP,N/A,v6,fe80::5ca9:83ff:fe87:27,ff02::1:52,5355,5355,N/A,N/A,N/A,N/A,,,0
1759292962,eth0,67,Ethernet,IPv4,UDP,N/A,v4,172.30.0.220,224.0.0.252,5355,5355,N/A,N/A,N/A,N/A,,,0
1759292962,any,89,N/A,IPv6,UDP,N/A,v6,fe80::5ca9:83ff:fe87:27,ff02::1:52,5355,5355,N/A,N/A,N/A,N/A,,,0
1759292962,eth0,356,Ethernet,IPv4,UDP,N/A,v4,0.0.0.0,255.255.255.255,68,67,N/A,N/A,N/A,N/A,,,0
1759292962,any,358,N/A,IPv4,UDP,N/A,v4,0.0.0.0,255.255.255.255,68,67,N/A,N/A,N/A,N/A,,,0
1759292962,eth0,368,Ethernet,IPv4,UDP,N/A,v4,0.0.0.0,255.255.255.255,68,67,N/A,N/A,N/A,N/A,,,0
1759292962,eth0,110,Ethernet,IPv6,ICMP,N/A,v6,fe80::5ca9:83ff:fe87:27,ff02::179,N/A,N/A,N/A,N/A,N/A,N/A,,,0
1759292962,eth0,54,Ethernet,IPv4,N/A,N/A,v4,172.30.0.220,224.0.0.22,N/A,N/A,N/A,N/A,N/A,N/A,,,0
1759292962,eth0,42,Ethernet,N/A,N/A,N/A,N/A,N/A,N/A,N/A,N/A,N/A,N/A,N/A,N/A,,,0
1759292962,eth0,56,Ethernet,N/A,N/A,N/A,N/A,N/A,N/A,N/A,N/A,N/A,N/A,N/A,N/A,,,0
1759292962,eth0,56,Ethernet,N/A,N/A,N/A,N/A,N/A,N/A,N/A,N/A,N/A,N/A,N/A,N/A,,,0
1759292962,any,370,N/A,IPv4,UDP,N/A,v4,0.0.0.0,255.255.255.255,68,67,N/A,N/A,N/A,N/A,,,0
1759292962,any,112,N/A,IPv6,ICMP,N/A,v6,fe80::a824:52ff:fe4f:69,ff02::179,N/A,N/A,N/A,N/A,N/A,N/A,,,0
1759292962,any,112,N/A,IPv6,ICMP,N/A,v6,fe80::5ca9:83ff:fe87:27,ff02::179,N/A,N/A,N/A,N/A,N/A,N/A,,,0
1759292962,any,44,ARP,N/A,N/A,N/A,N/A,N/A,N/A,N/A,N/A,1,2048,172.30.0.220,172.30.0.122,,,0
1759292962,any,58,ARP,N/A,N/A,N/A,N/A,N/A,N/A,N/A,N/A,2,2048,172.30.0.122,172.30.0.220,,,0
1759292962,any,58,ARP,N/A,N/A,N/A,N/A,N/A,N/A,N/A,N/A,2,2048,172.30.0.122,172.30.0.220,,,0
1759292962,eth1,110,Ethernet,IPv6,ICMP,N/A,v6,fe80::a824:52ff:fe4f:69,ff02::179,N/A,N/A,N/A,N/A,N/A,N/A,,,0
1759292962,eth1,110,Ethernet,IPv6,ICMP,N/A,v6,fe80::a824:52ff:fe4f:69,ff02::179,N/A,N/A,N/A,N/A,N/A,N/A,,,0
1759292962,any,112,N/A,IPv6,ICMP,N/A,v6,fe80::a824:52ff:fe4f:69,ff02::179,N/A,N/A,N/A,N/A,N/A,N/A,,,0
1759292962,eth0,110,Ethernet,IPv6,ICMP,N/A,v6,fe80::5ca9:83ff:fe87:27,ff02::179,N/A,N/A,N/A,N/A,N/A,N/A,,,0
1759292962,any,112,N/A,IPv6,ICMP,N/A,v6,fe80::5ca9:83ff:fe87:27,ff02::179,N/A,N/A,N/A,N/A,N/A,N/A,,,0
1759292963,eth0,54,Ethernet,IPv4,N/A,N/A,v4,172.30.0.220,224.0.0.22,N/A,N/A,N/A,N/A,N/A,N/A,,,0
1759292963,any,56,N/A,IPv4,N/A,N/A,v4,172.30.0.220,224.0.0.22,N/A,N/A,N/A,N/A,N/A,N/A,,,0
1759292963,eth1,70,Ethernet,IPv6,ICMP,N/A,v6,fe80::a824:52ff:fe4f:69,ff02::204,N/A,N/A,N/A,N/A,N/A,N/A,,,0
1759292963,any,72,N/A,IPv6,ICMP,N/A,v6,fe80::a824:52ff:fe4f:69,ff02::204,N/A,N/A,N/A,N/A,N/A,N/A,,,0
1759292963,any,109,N/A,N/A,N/A,N/A,N/A,N/A,N/A,N/A,N/A,N/A,N/A,N/A,N/A,,,0
1759292963,eth0,107,Ethernet,N/A,N/A,N/A,N/A,N/A,N/A,N/A,N/A,N/A,N/A,N/A,N/A,,,0
1759292963,eth0,70,Ethernet,IPv6,ICMP,N/A,v6,fe80::5ca9:83ff:fe87:27,ff02::204,N/A,N/A,N/A,N/A,N/A,N/A,,,0
1759292964,eth0,107,Ethernet,N/A,N/A,N/A,N/A,N/A,N/A,N/A,N/A,N/A,N/A,N/A,N/A,,,0
1759292964,any,109,N/A,N/A,N/A,N/A,N/A,N/A,N/A,N/A,N/A,N/A,N/A,N/A,N/A,,,0
1759292965,eth0,107,Ethernet,N/A,N/A,N/A,N/A,N/A,N/A,N/A,N/A,N/A,N/A,N/A,N/A,,,0
1759292965,any,109,N/A,N/A,N/A,N/A,N/A,N/A,N/A,N/A,N/A,N/A,N/A,N/A,N/A,,,0
1759292967,eth0,107,Ethernet,N/A,N/A,N/A,N/A,N/A,N/A,N/A,N/A,N/A,N/A,N/A,N/A,,,0
1759292967,any,109,N/A,N/A,N/A,N/A,N/A,N/A,N/A,N/A,N/A,N/A,N/A,N/A,N/A,,,0
1759292967,eth0,90,Ethernet,IPv6,ICMP,N/A,v6,fe80::5ca9:83ff:fe87:27,ff02::179,N/A,N/A,N/A,N/A,N/A,N/A,,,0
1759292967,eth0,54,Ethernet,IPv4,N/A,N/A,v4,172.30.0.220,224.0.0.22,N/A,N/A,N/A,N/A,N/A,N/A,,,0
1759292967,any,92,N/A,IPv6,ICMP,N/A,v6,fe80::5ca9:83ff:fe87:27,ff02::179,N/A,N/A,N/A,N/A,N/A,N/A,,,0
1759292967,eth0,87,Ethernet,IPv6,UDP,N/A,v6,fe80::5ca9:83ff:fe87:27,ff02::1:52,5355,5355,N/A,N/A,N/A,N/A,,,0
1759292967,eth0,67,Ethernet,IPv4,UDP,N/A,v4,172.30.0.220,224.0.0.252,5355,5355,N/A,N/A,N/A,N/A,,,0
1759292967,any,89,N/A,IPv6,UDP,N/A,v6,fe80::5ca9:83ff:fe87:27,ff02::1:52,5355,5355,N/A,N/A,N/A,N/A,,,0
1759292967,eth0,54,Ethernet,IPv4,N/A,N/A,v4,172.30.0.220,224.0.0.22,N/A,N/A,N/A,N/A,N/A,N/A,,,0
1759292967,any,56,N/A,IPv4,N/A,N/A,v4,172.30.0.220,224.0.0.22,N/A,N/A,N/A,N/A,N/A,N/A,,,0
1759292967,eth0,356,Ethernet,IPv4,UDP,N/A,v4,0.0.0.0,255.255.255.255,68,67,N/A,N/A,N/A,N/A,,,0
1759292967,any,358,N/A,IPv4,UDP,N/A,v4,0.0.0.0,255.255.255.255,68,67,N/A,N/A,N/A,N/A,,,0
1759292967,eth0,368,Ethernet,IPv4,UDP,N/A,v4,0.0.0.0,255.255.255.255,68,67,N/A,N/A,N/A,N/A,,,0
1759292967,any,370,N/A,IPv4,UDP,N/A,v4,0.0.0.0,255.255.255.255,68,67,N/A,N/A,N/A,N/A,,,0
1759292967,eth1,110,Ethernet,IPv6,ICMP,N/A,v6,fe80::a824:52ff:fe4f:69,ff02::179,N/A,N/A,N/A,N/A,N/A,N/A,,,0
1759292967,any,112,N/A,IPv6,ICMP,N/A,v6,fe80::5ca9:83ff:fe87:27,ff02::179,N/A,N/A,N/A,N/A,N/A,N/A,,,0
1759292967,eth0,110,Ethernet,IPv6,ICMP,N/A,v6,fe80::5ca9:83ff:fe87:27,ff02::179,N/A,N/A,N/A,N/A,N/A,N/A,,,0
1759292967,eth0,54,Ethernet,IPv4,N/A,N/A,v4,172.30.0.220,224.0.0.22,N/A,N/A,N/A,N/A,N/A,N/A,,,0
1759292967,any,56,N/A,IPv4,N/A,N/A,v4,172.30.0.220,224.0.0.22,N/A,N/A,N/A,N/A,N/A,N/A,,,0
1759292967,eth0,110,Ethernet,IPv6,ICMP,N/A,v6,fe80::5ca9:83ff:fe87:27,ff02::179,N/A,N/A,N/A,N/A,N/A,N/A,,,0
1759292967,any,112,N/A,IPv6,ICMP,N/A,v6,fe80::5ca9:83ff:fe87:27,ff02::179,N/A,N/A,N/A,N/A,N/A,N/A,,,0
1759292967,eth0,42,Ethernet,N/A,N/A,N/A,N/A,N/A,N/A,N/A,N/A,N/A,N/A,N/A,N/A,,,0
1759292967,eth0,56,Ethernet,N/A,N/A,N/A,N/A,N/A,N/A,N/A,N/A,N/A,N/A,N/A,N/A,,,0
1759292967,eth0,56,Ethernet,N/A,N/A,N/A,N/A,N/A,N/A,N/A,N/A,N/A,N/A,N/A,N/A,,,0
1759292967,any,44,ARP,N/A,N/A,N/A,N/A,N/A,N/A,N/A,N/A,1,2048,172.30.0.220,172.30.0.122,,,0
1759292967,any,58,ARP,N/A,N/A,N/A,N/A,N/A,N/A,N/A,N/A,2,2048,172.30.0.122,172.30.0.220,,,0
1759292967,eth1,110,Ethernet,IPv6,ICMP,N/A,v6,fe80::a824:52ff:fe4f:69,ff02::179,N/A,N/A,N/A,N/A,N/A,N/A,,,0
1759292967,any,112,N/A,IPv6,ICMP,N/A,v6,fe80::a824:52ff:fe4f:69,ff02::179,N/A,N/A,N/A,N/A,N/A,N/A,,,0
1759292967,eth0,90,Ethernet,IPv6,ICMP,N/A,v6,fe80::5ca9:83ff:fe87:27,ff02::179,N/A,N/A,N/A,N/A,N/A,N/A,,,0
1759292967,any,92,N/A,IPv6,ICMP,N/A,v6,fe80::5ca9:83ff:fe87:27,ff02::179,N/A,N/A,N/A,N/A,N/A,N/A,,,0
1759292968,eth0,54,Ethernet,IPv4,N/A,N/A,v4,172.30.0.220,224.0.0.22,N/A,N/A,N/A,N/A,N/A,N/A,,,0
1759292968,any,56,N/A,IPv4,N/A,N/A,v4,172.30.0.220,224.0.0.22,N/A,N/A,N/A,N/A,N/A,N/A,,,0
1759292968,eth0,107,Ethernet,N/A,N/A,N/A,N/A,N/A,N/A,N/A,N/A,N/A,N/A,N/A,N/A,,,0
1759292968,eth0,70,Ethernet,IPv6,ICMP,N/A,v6,fe80::5ca9:83ff:fe87:27,ff02::204,N/A,N/A,N/A,N/A,N/A,N/A,,,0
1759292968,any,72,N/A,IPv6,ICMP,N/A,v6,fe80::a824:52ff:fe4f:69,ff02::204,N/A,N/A,N/A,N/A,N/A,N/A,,,0
1759292968,any,109,N/A,N/A,N/A,N/A,N/A,N/A,N/A,N/A,N/A,N/A,N/A,N/A,N/A,,,0
1759292968,eth1,70,Ethernet,IPv6,ICMP,N/A,v6,fe80::a824:52ff:fe4f:69,ff02::204,N/A,N/A,N/A,N/A,N/A,N/A,,,0
1759292969,eth1,70,Ethernet,IPv6,ICMP,N/A,v6,fe80::8091:80ff:fe4a:125,ff02::204,N/A,N/A,N/A,N/A,N/A,N/A,,,0
1759292969,any,72,N/A,IPv6,ICMP,N/A,v6,fe80::8091:80ff:fe4a:125,ff02::204,N/A,N/A,N/A,N/A,N/A,N/A,,,0
1759292969,eth0,107,Ethernet,N/A,N/A,N/A,N/A,N/A,N/A,N/A,N/A,N/A,N/A,N/A,N/A,,,0
1759292969,any,109,N/A,N/A,N/A,N/A,N/A,N/A,N/A,N/A,N/A,N/A,N/A,N/A,N/A,,,0
1759292970,eth0,107,Ethernet,N/A,N/A,N/A,N/A,N/A,N/A,N/A,N/A,N/A,N/A,N/A,N/A,,,0
1759292970,any,109,N/A,N/A,N/A,N/A,N/A,N/A,N/A,N/A,N/A,N/A,N/A,N/A,N/A,,,0
1759292971,eth0,90,Ethernet,IPv6,ICMP,N/A,v6,fe80::5ca9:83ff:fe87:27,ff02::179,N/A,N/A,N/A,N/A,N/A,N/A,,,0
1759292971,eth0,54,Ethernet,IPv4,N/A,N/A,v4,172.30.0.220,224.0.0.22,N/A,N/A,N/A,N/A,N/A,N/A,,,0
1759292971,any,92,N/A,IPv6,ICMP,N/A,v6,fe80::5ca9:83ff:fe87:27,ff02::179,N/A,N/A,N/A,N/A,N/A,N/A,,,0
1759292971,eth0,90,Ethernet,IPv6,ICMP,N/A,v6,fe80::5ca9:83ff:fe87:27,ff02::179,N/A,N/A,N/A,N/A,N/A,N/A,,,0
1759292971,any,92,N/A,IPv6,ICMP,N/A,v6,fe80::5ca9:83ff:fe87:27,ff02::179,N/A,N/A,N/A,N/A,N/A,N/A,,,0
1759292971,eth0,67,Ethernet,IPv4,UDP,N/A,v4,172.30.0.220,224.0.0.252,5355,5355,N/A,N/A,N/A,N/A,,,0
1759292971,eth0,87,Ethernet,IPv6,UDP,N/A,v6,fe80::5ca9:83ff:fe87:27,ff02::1:52,5355,5355,N/A,N/A,N/A,N/A,,,0
1759292971,any,69,N/A,IPv4,UDP,N/A,v4,172.30.0.220,224.0.0.252,5355,5355,N/A,N/A,N/A,N/A,,,0
1759292971,eth0,356,Ethernet,IPv4,UDP,N/A,v4,0.0.0.0,255.255.255.255,68,67,N/A,N/A,N/A,N/A,,,0
1759292971,any,358,N/A,IPv4,UDP,N/A,v4,0.0.0.0,255.255.255.255,68,67,N/A,N/A,N/A,N/A,,,0
1759292971,eth0,368,Ethernet,IPv4,UDP,N/A,v4,0.0.0.0,255.255.255.255,68,67,N/A,N/A,N/A,N/A,,,0
1759292971,any,370,N/A,IPv4,UDP,N/A,v4,0.0.0.0,255.255.255.255,68,67,N/A,N/A,N/A,N/A,,,0
1759292971,eth1,110,Ethernet,IPv6,ICMP,N/A,v6,fe80::a824:52ff:fe4f:69,ff02::179,N/A,N/A,N/A,N/A,N/A,N/A,,,0
1759292971,any,112,N/A,IPv6,ICMP,N/A,v6,fe80::a824:52ff:fe4f:69,ff02::179,N/A,N/A,N/A,N/A,N/A,N/A,,,0
1759292971,eth0,110,Ethernet,IPv6,ICMP,N/A,v6,fe80::5ca9:83ff:fe87:27,ff02::179,N/A,N/A,N/A,N/A,N/A,N/A,,,0
1759292971,eth0,54,Ethernet,IPv4,N/A,N/A,v4,172.30.0.220,224.0.0.22,N/A,N/A,N/A,N/A,N/A,N/A,,,0
1759292971,any,112,N/A,IPv6,ICMP,N/A,v6,fe80::5ca9:83ff:fe87:27,ff02::179,N/A,N/A,N/A,N/A,N/A,N/A,,,0
1759292971,eth0,42,Ethernet,N/A,N/A,N/A,N/A,N/A,N/A,N/A,N/A,N/A,N/A,N/A,N/A,,,0
1759292971,eth0,56,Ethernet,N/A,N/A,N/A,N/A,N/A,N/A,N/A,N/A,N/A,N/A,N/A,N/A,,,0
1759292971,eth0,56,Ethernet,N/A,N/A,N/A,N/A,N/A,N/A,N/A,N/A,N/A,N/A,N/A,N/A,,,0
1759292971,any,58,ARP,N/A,N/A,N/A,N/A,N/A,N/A,N/A,N/A,2,2048,172.30.0.122,172.30.0.220,,,0
1759292971,any,58,ARP,N/A,N/A,N/A,N/A,N/A,N/A,N/A,N/A,2,2048,172.30.0.122,172.30.0.220,,,0
1759292971,eth0,54,Ethernet,IPv4,N/A,N/A,v4,172.30.0.220,224.0.0.22,N/A,N/A,N/A,N/A,N/A,N/A,,,0
1759292971,any,56,N/A,IPv4,N/A,N/A,v4,172.30.0.220,224.0.0.22,N/A,N/A,N/A,N/A,N/A,N/A,,,0
1759292972,eth1,110,Ethernet,IPv6,ICMP,N/A,v6,fe80::a824:52ff:fe4f:69,ff02::179,N/A,N/A,N/A,N/A,N/A,N/A,,,0
1759292972,any,112,N/A,IPv6,ICMP,N/A,v6,fe80::a824:52ff:fe4f:69,ff02::179,N/A,N/A,N/A,N/A,N/A,N/A,,,0
1759292972,eth0,110,Ethernet,IPv6,ICMP,N/A,v6,fe80::5ca9:83ff:fe87:27,ff02::179,N/A,N/A,N/A,N/A,N/A,N/A,,,0
1759292972,any,112,N/A,IPv6,ICMP,N/A,v6,fe80::5ca9:83ff:fe87:27,ff02::179,N/A,N/A,N/A,N/A,N/A,N/A,,,0
1759292972,eth0,107,Ethernet,N/A,N/A,N/A,N/A,N/A,N/A,N/A,N/A,N/A,N/A,N/A,N/A,,,0
1759292972,eth0,70,Ethernet,IPv6,ICMP,N/A,v6,fe80::5ca9:83ff:fe87:27,ff02::204,N/A,N/A,N/A,N/A,N/A,N/A,,,0
1759292972,any,72,N/A,IPv6,ICMP,N/A,v6,fe80::a824:52ff:fe4f:69,ff02::204,N/A,N/A,N/A,N/A,N/A,N/A,,,0
1759292972,eth1,70,Ethernet,IPv6,ICMP,N/A,v6,fe80::a824:52ff:fe4f:69,ff02::204,N/A,N/A,N/A,N/A,N/A,N/A,,,0
1759292973,eth0,107,Ethernet,N/A,N/A,N/A,N/A,N/A,N/A,N/A,N/A,N/A,N/A,N/A,N/A,,,0
1759292973,any,109,N/A,N/A,N/A,N/A,N/A,N/A,N/A,N/A,N/A,N/A,N/A,N/A,N/A,,,0
1759292974,eth0,107,Ethernet,N/A,N/A,N/A,N/A,N/A,N/A,N/A,N/A,N/A,N/A,N/A,N/A,,,0
1759292974,any,109,N/A,N/A,N/A,N/A,N/A,N/A,N/A,N/A,N/A,N/A,N/A,N/A,N/A,,,0
1759292976,eth0,107,Ethernet,N/A,N/A,N/A,N/A,N/A,N/A,N/A,N/A,N/A,N/A,N/A,N/A,,,0
1759292976,any,109,N/A,N/A,N/A,N/A,N/A,N/A,N/A,N/A,N/A,N/A,N/A,N/A,N/A,,,0
1759292976,eth1,70,Ethernet,IPv6,ICMP,N/A,v6,fe80::a824:52ff:fe4f:69,ff02::204,N/A,N/A,N/A,N/A,N/A,N/A,,,0
1759292976,any,72,N/A,IPv6,ICMP,N/A,v6,fe80::a824:52ff:fe4f:69,ff02::204,N/A,N/A,N/A,N/A,N/A,N/A,,,0
1759292976,eth0,90,Ethernet,IPv6,ICMP,N/A,v6,fe80::5ca9:83ff:fe87:27,ff02::179,N/A,N/A,N/A,N/A,N/A,N/A,,,0
1759292976,eth0,54,Ethernet,IPv4,N/A,N/A,v4,172.30.0.220,224.0.0.22,N/A,N/A,N/A,N/A,N/A,N/A,,,0
1759292976,any,92,N/A,IPv6,ICMP,N/A,v6,fe80::5ca9:83ff:fe87:27,ff02::179,N/A,N/A,N/A,N/A,N/A,N/A,,,0
1759292976,eth0,67,Ethernet,IPv4,UDP,N/A,v4,172.30.0.220,224.0.0.252,5355,5355,N/A,N/A,N/A,N/A,,,0
1759292976,any,69,N/A,IPv4,UDP,N/A,v4,172.30.0.220,224.0.0.252,5355,5355,N/A,N/A,N/A,N/A,,,0
1759292976,eth0,87,Ethernet,IPv6,UDP,N/A,v6,fe80::5ca9:83ff:fe87:27,ff02::1:52,5355,5355,N/A,N/A,N/A,N/A,,,0
1759292976,any,89,N/A,IPv6,UDP,N/A,v6,fe80::5ca9:83ff:fe87:27,ff02::1:52,5355,5355,N/A,N/A,N/A,N/A,,,0
1759292976,eth0,67,Ethernet,IPv4,UDP,N/A,v4,172.30.0.220,224.0.0.252,5355,5355,N/A,N/A,N/A,N/A,,,0
1759292976,any,69,N/A,IPv4,UDP,N/A,v4,172.30.0.220,224.0.0.252,5355,5355,N/A,N/A,N/A,N/A,,,0
1759292976,eth1,110,Ethernet,IPv6,ICMP,N/A,v6,fe80::a824:52ff:fe4f:69,ff02::179,N/A,N/A,N/A,N/A,N/A,N/A,,,0
1759292976,any,112,N/A,IPv6,ICMP,N/A,v6,fe80::a824:52ff:fe4f:69,ff02::179,N/A,N/A,N/A,N/A,N/A,N/A,,,0
1759292976,eth0,356,Ethernet,IPv4,UDP,N/A,v4,0.0.0.0,255.255.255.255,68,67,N/A,N/A,N/A,N/A,,,0
1759292976,any,358,N/A,IPv4,UDP,N/A,v4,0.0.0.0,255.255.255.255,68,67,N/A,N/A,N/A,N/A,,,0
1759292976,eth0,368,Ethernet,IPv4,UDP,N/A,v4,0.0.0.0,255.255.255.255,68,67,N/A,N/A,N/A,N/A,,,0
1759292976,any,370,N/A,IPv4,UDP,N/A,v4,0.0.0.0,255.255.255.255,68,67,N/A,N/A,N/A,N/A,,,0
1759292976,any,112,N/A,IPv6,ICMP,N/A,v6,fe80::5ca9:83ff:fe87:27,ff02::179,N/A,N/A,N/A,N/A,N/A,N/A,,,0
1759292976,any,112,N/A,IPv6,ICMP,N/A,v6,fe80::5ca9:83ff:fe87:27,ff02::179,N/A,N/A,N/A,N/A,N/A,N/A,,,0
1759292976,any,44,ARP,N/A,N/A,N/A,N/A,N/A,N/A,N/A,N/A,1,2048,172.30.0.220,172.30.0.122,,,0
1759292976,any,58,ARP,N/A,N/A,N/A,N/A,N/A,N/A,N/A,N/A,2,2048,172.30.0.122,172.30.0.220,,,0
1759292976,any,56,N/A,IPv4,N/A,N/A,v4,172.30.0.220,224.0.0.22,N/A,N/A,N/A,N/A,N/A,N/A,,,0
1759292976,any,112,N/A,IPv6,ICMP,N/A,v6,fe80::a824:52ff:fe4f:69,ff02::179,N/A,N/A,N/A,N/A,N/A,N/A,,,0
1759292976,eth0,110,Ethernet,IPv6,ICMP,N/A,v6,fe80::5ca9:83ff:fe87:27,ff02::179,N/A,N/A,N/A,N/A,N/A,N/A,,,0
1759292976,eth0,110,Ethernet,IPv6,ICMP,N/A,v6,fe80::5ca9:83ff:fe87:27,ff02::179,N/A,N/A,N/A,N/A,N/A,N/A,,,0
1759292976,eth0,54,Ethernet,IPv4,N/A,N/A,v4,172.30.0.220,224.0.0.22,N/A,N/A,N/A,N/A,N/A,N/A,,,0
1759292976,eth0,42,Ethernet,N/A,N/A,N/A,N/A,N/A,N/A,N/A,N/A,N/A,N/A,N/A,N/A,,,0
1759292976,eth0,56,Ethernet,N/A,N/A,N/A,N/A,N/A,N/A,N/A,N/A,N/A,N/A,N/A,N/A,,,0
1759292976,eth0,56,Ethernet,N/A,N/A,N/A,N/A,N/A,N/A,N/A,N/A,N/A,N/A,N/A,N/A,,,0
1759292976,eth0,54,Ethernet,IPv4,N/A,N/A,v4,172.30.0.220,224.0.0.22,N/A,N/A,N/A,N/A,N/A,N/A,,,0
1759292976,eth1,110,Ethernet,IPv6,ICMP,N/A,v6,fe80::a824:52ff:fe4f:69,ff02::179,N/A,N/A,N/A,N/A,N/A,N/A,,,0
1759292976,eth0,90,Ethernet,IPv6,ICMP,N/A,v6,fe80::5ca9:83ff:fe87:27,ff02::179,N/A,N/A,N/A,N/A,N/A,N/A,,,0
1759292976,any,92,N/A,IPv6,ICMP,N/A,v6,fe80::5ca9:83ff:fe87:27,ff02::179,N/A,N/A,N/A,N/A,N/A,N/A,,,0
1759292977,eth1,70,Ethernet,IPv6,ICMP,N/A,v6,fe80::a824:52ff:fe4f:69,ff02::204,N/A,N/A,N/A,N/A,N/A,N/A,,,0
1759292977,any,72,N/A,IPv6,ICMP,N/A,v6,fe80::a824:52ff:fe4f:69,ff02::204,N/A,N/A,N/A,N/A,N/A,N/A,,,0
1759292977,eth0,70,Ethernet,IPv6,ICMP,N/A,v6,fe80::5ca9:83ff:fe87:27,ff02::204,N/A,N/A,N/A,N/A,N/A,N/A,,,0
1759292977,any,72,N/A,IPv6,ICMP,N/A,v6,fe80::5ca9:83ff:fe87:27,ff02::204,N/A,N/A,N/A,N/A,N/A,N/A,,,0
1759292977,eth0,107,Ethernet,N/A,N/A,N/A,N/A,N/A,N/A,N/A,N/A,N/A,N/A,N/A,N/A,,,0
1759292977,any,109,N/A,N/A,N/A,N/A,N/A,N/A,N/A,N/A,N/A,N/A,N/A,N/A,N/A,,,0
1759292979,eth0,107,Ethernet,N/A,N/A,N/A,N/A,N/A,N/A,N/A,N/A,N/A,N/A,N/A,N/A,,,0
1759292979,any,109,N/A,N/A,N/A,N/A,N/A,N/A,N/A,N/A,N/A,N/A,N/A,N/A,N/A,,,0
1759292980,any,109,N/A,N/A,N/A,N/A,N/A,N/A,N/A,N/A,N/A,N/A,N/A,N/A,N/A,,,0
1759292980,eth0,107,Ethernet,N/A,N/A,N/A,N/A,N/A,N/A,N/A,N/A,N/A,N/A,N/A,N/A,,,0
1759292980,eth0,90,Ethernet,IPv6,ICMP,N/A,v6,fe80::5ca9:83ff:fe87:27,ff02::179,N/A,N/A,N/A,N/A,N/A,N/A,,,0
1759292980,eth0,54,Ethernet,IPv4,N/A,N/A,v4,172.30.0.220,224.0.0.22,N/A,N/A,N/A,N/A,N/A,N/A,,,0
1759292980,any,92,N/A,IPv6,ICMP,N/A,v6,fe80::5ca9:83ff:fe87:27,ff02::179,N/A,N/A,N/A,N/A,N/A,N/A,,,0
1759292980,eth0,87,Ethernet,IPv6,UDP,N/A,v6,fe80::5ca9:83ff:fe87:27,ff02::1:52,5355,5355,N/A,N/A,N/A,N/A,,,0
1759292980,any,89,N/A,IPv6,UDP,N/A,v6,fe80::5ca9:83ff:fe87:27,ff02::1:52,5355,5355,N/A,N/A,N/A,N/A,,,0
1759292980,eth0,356,Ethernet,IPv4,UDP,N/A,v4,0.0.0.0,255.255.255.255,68,67,N/A,N/A,N/A,N/A,,,0
1759292980,any,358,N/A,IPv4,UDP,N/A,v4,0.0.0.0,255.255.255.255,68,67,N/A,N/A,N/A,N/A,,,0
1759292980,eth0,368,Ethernet,IPv4,UDP,N/A,v4,0.0.0.0,255.255.255.255,68,67,N/A,N/A,N/A,N/A,,,0
1759292980,any,370,N/A,IPv4,UDP,N/A,v4,0.0.0.0,255.255.255.255,68,67,N/A,N/A,N/A,N/A,,,0
1759292980,eth0,54,Ethernet,IPv4,N/A,N/A,v4,172.30.0.220,224.0.0.22,N/A,N/A,N/A,N/A,N/A,N/A,,,0
1759292980,any,112,N/A,IPv6,ICMP,N/A,v6,fe80::a824:52ff:fe4f:69,ff02::179,N/A,N/A,N/A,N/A,N/A,N/A,,,0
1759292980,eth1,110,Ethernet,IPv6,ICMP,N/A,v6,fe80::a824:52ff:fe4f:69,ff02::179,N/A,N/A,N/A,N/A,N/A,N/A,,,0
1759292980,any,112,N/A,IPv6,ICMP,N/A,v6,fe80::5ca9:83ff:fe87:27,ff02::179,N/A,N/A,N/A,N/A,N/A,N/A,,,0
1759292980,eth0,110,Ethernet,IPv6,ICMP,N/A,v6,fe80::5ca9:83ff:fe87:27,ff02::179,N/A,N/A,N/A,N/A,N/A,N/A,,,0
1759292981,any,112,N/A,IPv6,ICMP,N/A,v6,fe80::a824:52ff:fe4f:69,ff02::179,N/A,N/A,N/A,N/A,N/A,N/A,,,0
1759292981,eth1,110,Ethernet,IPv6,ICMP,N/A,v6,fe80::a824:52ff:fe4f:69,ff02::179,N/A,N/A,N/A,N/A,N/A,N/A,,,0
1759292981,any,56,N/A,IPv4,N/A,N/A,v4,172.30.0.220,224.0.0.22,N/A,N/A,N/A,N/A,N/A,N/A,,,0
1759292981,eth0,54,Ethernet,IPv4,N/A,N/A,v4,172.30.0.220,224.0.0.22,N/A,N/A,N/A,N/A,N/A,N/A,,,0
1759292981,eth0,110,Ethernet,IPv6,ICMP,N/A,v6,fe80::5ca9:83ff:fe87:27,ff02::179,N/A,N/A,N/A,N/A,N/A,N/A,,,0
1759292981,any,112,N/A,IPv6,ICMP,N/A,v6,fe80::5ca9:83ff:fe87:27,ff02::179,N/A,N/A,N/A,N/A,N/A,N/A,,,0
1759292981,eth1,70,Ethernet,IPv6,ICMP,N/A,v6,fe80::a824:52ff:fe4f:69,ff02::204,N/A,N/A,N/A,N/A,N/A,N/A,,,0
1759292981,any,72,N/A,IPv6,ICMP,N/A,v6,fe80::a824:52ff:fe4f:69,ff02::204,N/A,N/A,N/A,N/A,N/A,N/A,,,0
1759292981,eth0,70,Ethernet,IPv6,ICMP,N/A,v6,fe80::5ca9:83ff:fe87:27,ff02::204,N/A,N/A,N/A,N/A,N/A,N/A,,,0
1759292981,any,72,N/A,IPv6,ICMP,N/A,v6,fe80::5ca9:83ff:fe87:27,ff02::204,N/A,N/A,N/A,N/A,N/A,N/A,,,0
1759292981,any,44,ARP,N/A,N/A,N/A,N/A,N/A,N/A,N/A,N/A,1,2048,172.30.0.220,172.30.0.122,,,0
1759292981,any,58,ARP,N/A,N/A,N/A,N/A,N/A,N/A,N/A,N/A,2,2048,172.30.0.122,172.30.0.220,,,0
1759292981,any,58,ARP,N/A,N/A,N/A,N/A,N/A,N/A,N/A,N/A,2,2048,172.30.0.122,172.30.0.220,,,0
1759292981,eth0,42,Ethernet,N/A,N/A,N/A,N/A,N/A,N/A,N/A,N/A,N/A,N/A,N/A,N/A,,,0
1759292981,eth0,56,Ethernet,N/A,N/A,N/A,N/A,N/A,N/A,N/A,N/A,N/A,N/A,N/A,N/A,,,0
1759292981,eth0,56,Ethernet,N/A,N/A,N/A,N/A,N/A,N/A,N/A,N/A,N/A,N/A,N/A,N/A,,,0
1759292981,eth0,107,Ethernet,N/A,N/A,N/A,N/A,N/A,N/A,N/A,N/A,N/A,N/A,N/A,N/A,,,0
1759292981,any,109,N/A,N/A,N/A,N/A,N/A,N/A,N/A,N/A,N/A,N/A,N/A,N/A,N/A,,,0
1759292983,eth0,107,Ethernet,N/A,N/A,N/A,N/A,N/A,N/A,N/A,N/A,N/A,N/A,N/A,N/A,,,0
1759292983,any,109,N/A,N/A,N/A,N/A,N/A,N/A,N/A,N/A,N/A,N/A,N/A,N/A,N/A,,,0
1759292984,eth0,107,Ethernet,N/A,N/A,N/A,N/A,N/A,N/A,N/A,N/A,N/A,N/A,N/A,N/A,,,0
1759292984,any,109,N/A,N/A,N/A,N/A,N/A,N/A,N/A,N/A,N/A,N/A,N/A,N/A,N/A,,,0
1759292985,eth0,107,Ethernet,N/A,N/A,N/A,N/A,N/A,N/A,N/A,N/A,N/A,N/A,N/A,N/A,,,0
1759292985,any,109,N/A,N/A,N/A,N/A,N/A,N/A,N/A,N/A,N/A,N/A,N/A,N/A,N/A,,,0
1759292985,eth0,70,Ethernet,IPv6,ICMP,N/A,v6,fe80::5ca9:83ff:fe87:27,ff02::204,N/A,N/A,N/A,N/A,N/A,N/A,,,0
1759292985,any,72,N/A,IPv6,ICMP,N/A,v6,fe80::5ca9:83ff:fe87:27,ff02::204,N/A,N/A,N/A,N/A,N/A,N/A,,,0
1759292985,eth0,90,Ethernet,IPv6,ICMP,N/A,v6,fe80::5ca9:83ff:fe87:27,ff02::179,N/A,N/A,N/A,N/A,N/A,N/A,,,0
1759292985,eth0,54,Ethernet,IPv4,N/A,N/A,v4,172.30.0.220,224.0.0.22,N/A,N/A,N/A,N/A,N/A,N/A,,,0
1759292985,any,92,N/A,IPv6,ICMP,N/A,v6,fe80::5ca9:83ff:fe87:27,ff02::179,N/A,N/A,N/A,N/A,N/A,N/A,,,0
1759292985,eth0,67,Ethernet,IPv4,UDP,N/A,v4,172.30.0.220,224.0.0.252,5355,5355,N/A,N/A,N/A,N/A,,,0
1759292985,any,69,N/A,IPv4,UDP,N/A,v4,172.30.0.220,224.0.0.252,5355,5355,N/A,N/A,N/A,N/A,,,0
1759292985,eth0,356,Ethernet,IPv4,UDP,N/A,v4,0.0.0.0,255.255.255.255,68,67,N/A,N/A,N/A,N/A,,,0
1759292985,any,358,N/A,IPv4,UDP,N/A,v4,0.0.0.0,255.255.255.255,68,67,N/A,N/A,N/A,N/A,,,0
1759292985,eth0,368,Ethernet,IPv4,UDP,N/A,v4,0.0.0.0,255.255.255.255,68,67,N/A,N/A,N/A,N/A,,,0
1759292985,any,370,N/A,IPv4,UDP,N/A,v4,0.0.0.0,255.255.255.255,68,67,N/A,N/A,N/A,N/A,,,0
1759292985,eth1,110,Ethernet,IPv6,ICMP,N/A,v6,fe80::a824:52ff:fe4f:69,ff02::179,N/A,N/A,N/A,N/A,N/A,N/A,,,0
1759292985,eth0,110,Ethernet,IPv6,ICMP,N/A,v6,fe80::5ca9:83ff:fe87:27,ff02::179,N/A,N/A,N/A,N/A,N/A,N/A,,,0
1759292986,any,112,N/A,IPv6,ICMP,N/A,v6,fe80::a824:52ff:fe4f:69,ff02::179,N/A,N/A,N/A,N/A,N/A,N/A,,,0
1759292986,any,112,N/A,IPv6,ICMP,N/A,v6,fe80::5ca9:83ff:fe87:27,ff02::179,N/A,N/A,N/A,N/A,N/A,N/A,,,0
1759292986,any,44,ARP,N/A,N/A,N/A,N/A,N/A,N/A,N/A,N/A,1,2048,172.30.0.220,172.30.0.122,,,0
1759292986,any,58,ARP,N/A,N/A,N/A,N/A,N/A,N/A,N/A,N/A,2,2048,172.30.0.122,172.30.0.220,,,0
1759292986,eth0,54,Ethernet,IPv4,N/A,N/A,v4,172.30.0.220,224.0.0.22,N/A,N/A,N/A,N/A,N/A,N/A,,,0
1759292986,eth0,42,Ethernet,N/A,N/A,N/A,N/A,N/A,N/A,N/A,N/A,N/A,N/A,N/A,N/A,,,0
1759292986,eth0,56,Ethernet,N/A,N/A,N/A,N/A,N/A,N/A,N/A,N/A,N/A,N/A,N/A,N/A,,,0
1759292986,eth0,56,Ethernet,N/A,N/A,N/A,N/A,N/A,N/A,N/A,N/A,N/A,N/A,N/A,N/A,,,0
1759292986,eth0,54,Ethernet,IPv4,N/A,N/A,v4,172.30.0.220,224.0.0.22,N/A,N/A,N/A,N/A,N/A,N/A,,,0
1759292986,any,56,N/A,IPv4,N/A,N/A,v4,172.30.0.220,224.0.0.22,N/A,N/A,N/A,N/A,N/A,N/A,,,0
1759292986,any,112,N/A,IPv6,ICMP,N/A,v6,fe80::a824:52ff:fe4f:69,ff02::179,N/A,N/A,N/A,N/A,N/A,N/A,,,0
1759292986,eth1,110,Ethernet,IPv6,ICMP,N/A,v6,fe80::a824:52ff:fe4f:69,ff02::179,N/A,N/A,N/A,N/A,N/A,N/A,,,0
1759292986,any,72,N/A,IPv6,ICMP,N/A,v6,fe80::a824:52ff:fe4f:69,ff02::204,N/A,N/A,N/A,N/A,N/A,N/A,,,0
1759292986,eth1,70,Ethernet,IPv6,ICMP,N/A,v6,fe80::a824:52ff:fe4f:69,ff02::204,N/A,N/A,N/A,N/A,N/A,N/A,,,0
1759292986,eth0,70,Ethernet,IPv6,ICMP,N/A,v6,fe80::5ca9:83ff:fe87:27,ff02::204,N/A,N/A,N/A,N/A,N/A,N/A,,,0
1759292986,any,112,N/A,IPv6,ICMP,N/A,v6,fe80::5ca9:83ff:fe87:27,ff02::179,N/A,N/A,N/A,N/A,N/A,N/A,,,0
1759292986,eth0,110,Ethernet,IPv6,ICMP,N/A,v6,fe80::5ca9:83ff:fe87:27,ff02::179,N/A,N/A,N/A,N/A,N/A,N/A,,,0
1759292986,eth0,107,Ethernet,N/A,N/A,N/A,N/A,N/A,N/A,N/A,N/A,N/A,N/A,N/A,N/A,,,0
1759292986,any,109,N/A,N/A,N/A,N/A,N/A,N/A,N/A,N/A,N/A,N/A,N/A,N/A,N/A,,,0
1759292988,any,109,N/A,N/A,N/A,N/A,N/A,N/A,N/A,N/A,N/A,N/A,N/A,N/A,N/A,,,0
1759292988,eth0,107,Ethernet,N/A,N/A,N/A,N/A,N/A,N/A,N/A,N/A,N/A,N/A,N/A,N/A,,,0
1759292989,any,109,N/A,N/A,N/A,N/A,N/A,N/A,N/A,N/A,N/A,N/A,N/A,N/A,N/A,,,0
1759292989,eth0,107,Ethernet,N/A,N/A,N/A,N/A,N/A,N/A,N/A,N/A,N/A,N/A,N/A,N/A,,,0
1759292989,eth0,90,Ethernet,IPv6,ICMP,N/A,v6,fe80::5ca9:83ff:fe87:27,ff02::179,N/A,N/A,N/A,N/A,N/A,N/A,,,0
1759292989,eth0,54,Ethernet,IPv4,N/A,N/A,v4,172.30.0.220,224.0.0.22,N/A,N/A,N/A,N/A,N/A,N/A,,,0
1759292989,any,92,N/A,IPv6,ICMP,N/A,v6,fe80::5ca9:83ff:fe87:27,ff02::179,N/A,N/A,N/A,N/A,N/A,N/A,,,0
1759292989,eth0,356,Ethernet,IPv4,UDP,N/A,v4,0.0.0.0,255.255.255.255,68,67,N/A,N/A,N/A,N/A,,,0
1759292989,any,358,N/A,IPv4,UDP,N/A,v4,0.0.0.0,255.255.255.255,68,67,N/A,N/A,N/A,N/A,,,0
1759292989,eth0,368,Ethernet,IPv4,UDP,N/A,v4,0.0.0.0,255.255.255.255,68,67,N/A,N/A,N/A,N/A,,,0
1759292989,any,370,N/A,IPv4,UDP,N/A,v4,0.0.0.0,255.255.255.255,68,67,N/A,N/A,N/A,N/A,,,0
1759292989,eth1,110,Ethernet,IPv6,ICMP,N/A,v6,fe80::a824:52ff:fe4f:69,ff02::179,N/A,N/A,N/A,N/A,N/A,N/A,,,0
1759292989,any,56,N/A,IPv4,N/A,N/A,v4,172.30.0.220,224.0.0.22,N/A,N/A,N/A,N/A,N/A,N/A,,,0
1759292989,eth0,54,Ethernet,IPv4,N/A,N/A,v4,172.30.0.220,224.0.0.22,N/A,N/A,N/A,N/A,N/A,N/A,,,0
1759292989,any,112,N/A,IPv6,ICMP,N/A,v6,fe80::5ca9:83ff:fe87:27,ff02::179,N/A,N/A,N/A,N/A,N/A,N/A,,,0
1759292989,eth0,110,Ethernet,IPv6,ICMP,N/A,v6,fe80::5ca9:83ff:fe87:27,ff02::179,N/A,N/A,N/A,N/A,N/A,N/A,,,0
1759292990,any,112,N/A,IPv6,ICMP,N/A,v6,fe80::5ca9:83ff:fe87:27,ff02::179,N/A,N/A,N/A,N/A,N/A,N/A,,,0
1759292990,eth0,110,Ethernet,IPv6,ICMP,N/A,v6,fe80::5ca9:83ff:fe87:27,ff02::179,N/A,N/A,N/A,N/A,N/A,N/A,,,0
1759292990,eth0,70,Ethernet,IPv6,ICMP,N/A,v6,fe80::5ca9:83ff:fe87:27,ff02::204,N/A,N/A,N/A,N/A,N/A,N/A,,,0
1759292990,any,72,N/A,IPv6,ICMP,N/A,v6,fe80::a824:52ff:fe4f:69,ff02::204,N/A,N/A,N/A,N/A,N/A,N/A,,,0
1759292990,any,72,N/A,IPv6,ICMP,N/A,v6,fe80::5ca9:83ff:fe87:27,ff02::204,N/A,N/A,N/A,N/A,N/A,N/A,,,0
1759292990,eth1,70,Ethernet,IPv6,ICMP,N/A,v6,fe80::a824:52ff:fe4f:69,ff02::204,N/A,N/A,N/A,N/A,N/A,N/A,,,0
1759292990,eth0,42,Ethernet,N/A,N/A,N/A,N/A,N/A,N/A,N/A,N/A,N/A,N/A,N/A,N/A,,,0
1759292990,any,44,ARP,N/A,N/A,N/A,N/A,N/A,N/A,N/A,N/A,1,2048,172.30.0.220,172.30.0.122,,,0
1759292990,any,58,ARP,N/A,N/A,N/A,N/A,N/A,N/A,N/A,N/A,2,2048,172.30.0.122,172.30.0.220,,,0
1759292990,any,58,ARP,N/A,N/A,N/A,N/A,N/A,N/A,N/A,N/A,2,2048,172.30.0.122,172.30.0.220,,,0
1759292990,eth0,56,Ethernet,N/A,N/A,N/A,N/A,N/A,N/A,N/A,N/A,N/A,N/A,N/A,N/A,,,0
1759292990,eth0,56,Ethernet,N/A,N/A,N/A,N/A,N/A,N/A,N/A,N/A,N/A,N/A,N/A,N/A,,,0
1759292990,any,56,N/A,IPv4,N/A,N/A,v4,172.30.0.220,224.0.0.22,N/A,N/A,N/A,N/A,N/A,N/A,,,0
1759292990,eth0,54,Ethernet,IPv4,N/A,N/A,v4,172.30.0.220,224.0.0.22,N/A,N/A,N/A,N/A,N/A,N/A,,,0
1759292990,eth1,110,Ethernet,IPv6,ICMP,N/A,v6,fe80::a824:52ff:fe4f:69,ff02::179,N/A,N/A,N/A,N/A,N/A,N/A,,,0
1759292990,any,112,N/A,IPv6,ICMP,N/A,v6,fe80::a824:52ff:fe4f:69,ff02::179,N/A,N/A,N/A,N/A,N/A,N/A,,,0
1759292991,eth0,107,Ethernet,N/A,N/A,N/A,N/A,N/A,N/A,N/A,N/A,N/A,N/A,N/A,N/A,,,0
1759292991,any,109,N/A,N/A,N/A,N/A,N/A,N/A,N/A,N/A,N/A,N/A,N/A,N/A,N/A,,,0
1759292992,eth0,107,Ethernet,N/A,N/A,N/A,N/A,N/A,N/A,N/A,N/A,N/A,N/A,N/A,N/A,,,0
1759292992,any,109,N/A,N/A,N/A,N/A,N/A,N/A,N/A,N/A,N/A,N/A,N/A,N/A,N/A,,,0
1759292993,eth0,107,Ethernet,N/A,N/A,N/A,N/A,N/A,N/A,N/A,N/A,N/A,N/A,N/A,N/A,,,0
1759292993,any,109,N/A,N/A,N/A,N/A,N/A,N/A,N/A,N/A,N/A,N/A,N/A,N/A,N/A,,,0
1759292994,eth0,107,Ethernet,N/A,N/A,N/A,N/A,N/A,N/A,N/A,N/A,N/A,N/A,N/A,N/A,,,0
1759292994,eth0,70,Ethernet,IPv6,ICMP,N/A,v6,fe80::5ca9:83ff:fe87:27,ff02::204,N/A,N/A,N/A,N/A,N/A,N/A,,,0
1759292994,any,109,N/A,N/A,N/A,N/A,N/A,N/A,N/A,N/A,N/A,N/A,N/A,N/A,N/A,,,0
1759292994,any,72,N/A,IPv6,ICMP,N/A,v6,fe80::a824:52ff:fe4f:69,ff02::204,N/A,N/A,N/A,N/A,N/A,N/A,,,0
1759292994,eth1,70,Ethernet,IPv6,ICMP,N/A,v6,fe80::a824:52ff:fe4f:69,ff02::204,N/A,N/A,N/A,N/A,N/A,N/A,,,0
1759292995,eth0,90,Ethernet,IPv6,ICMP,N/A,v6,fe80::5ca9:83ff:fe87:27,ff02::179,N/A,N/A,N/A,N/A,N/A,N/A,,,0
1759292995,eth0,54,Ethernet,IPv4,N/A,N/A,v4,172.30.0.220,224.0.0.22,N/A,N/A,N/A,N/A,N/A,N/A,,,0
1759292995,any,92,N/A,IPv6,ICMP,N/A,v6,fe80::5ca9:83ff:fe87:27,ff02::179,N/A,N/A,N/A,N/A,N/A,N/A,,,0
1759292995,eth0,87,Ethernet,IPv6,UDP,N/A,v6,fe80::5ca9:83ff:fe87:27,ff02::1:52,5355,5355,N/A,N/A,N/A,N/A,,,0
1759292995,any,89,N/A,IPv6,UDP,N/A,v6,fe80::5ca9:83ff:fe87:27,ff02::1:52,5355,5355,N/A,N/A,N/A,N/A,,,0
1759292995,eth0,356,Ethernet,IPv4,UDP,N/A,v4,0.0.0.0,255.255.255.255,68,67,N/A,N/A,N/A,N/A,,,0
1759292995,any,358,N/A,IPv4,UDP,N/A,v4,0.0.0.0,255.255.255.255,68,67,N/A,N/A,N/A,N/A,,,0
1759292995,eth0,368,Ethernet,IPv4,UDP,N/A,v4,0.0.0.0,255.255.255.255,68,67,N/A,N/A,N/A,N/A,,,0
1759292995,any,370,N/A,IPv4,UDP,N/A,v4,0.0.0.0,255.255.255.255,68,67,N/A,N/A,N/A,N/A,,,0
1759292995,eth1,110,Ethernet,IPv6,ICMP,N/A,v6,fe80::a824:52ff:fe4f:69,ff02::179,N/A,N/A,N/A,N/A,N/A,N/A,,,0
1759292995,any,112,N/A,IPv6,ICMP,N/A,v6,fe80::a824:52ff:fe4f:69,ff02::179,N/A,N/A,N/A,N/A,N/A,N/A,,,0
1759292995,any,44,ARP,N/A,N/A,N/A,N/A,N/A,N/A,N/A,N/A,1,2048,172.30.0.220,172.30.0.122,,,0
1759292995,any,58,ARP,N/A,N/A,N/A,N/A,N/A,N/A,N/A,N/A,2,2048,172.30.0.122,172.30.0.220,,,0
1759292995,eth0,42,Ethernet,N/A,N/A,N/A,N/A,N/A,N/A,N/A,N/A,N/A,N/A,N/A,N/A,,,0
1759292995,eth0,56,Ethernet,N/A,N/A,N/A,N/A,N/A,N/A,N/A,N/A,N/A,N/A,N/A,N/A,,,0
1759292995,eth0,110,Ethernet,IPv6,ICMP,N/A,v6,fe80::5ca9:83ff:fe87:27,ff02::179,N/A,N/A,N/A,N/A,N/A,N/A,,,0
1759292995,eth0,54,Ethernet,IPv4,N/A,N/A,v4,172.30.0.220,224.0.0.22,N/A,N/A,N/A,N/A,N/A,N/A,,,0
1759292995,any,112,N/A,IPv6,ICMP,N/A,v6,fe80::5ca9:83ff:fe87:27,ff02::179,N/A,N/A,N/A,N/A,N/A,N/A,,,0
1759292995,any,112,N/A,IPv6,ICMP,N/A,v6,fe80::a824:52ff:fe4f:69,ff02::179,N/A,N/A,N/A,N/A,N/A,N/A,,,0
1759292995,eth1,110,Ethernet,IPv6,ICMP,N/A,v6,fe80::a824:52ff:fe4f:69,ff02::179,N/A,N/A,N/A,N/A,N/A,N/A,,,0
1759292995,eth0,54,Ethernet,IPv4,N/A,N/A,v4,172.30.0.220,224.0.0.22,N/A,N/A,N/A,N/A,N/A,N/A,,,0
1759292995,any,56,N/A,IPv4,N/A,N/A,v4,172.30.0.220,224.0.0.22,N/A,N/A,N/A,N/A,N/A,N/A,,,0
1759292995,eth0,110,Ethernet,IPv6,ICMP,N/A,v6,fe80::5ca9:83ff:fe87:27,ff02::179,N/A,N/A,N/A,N/A,N/A,N/A,,,0
1759292995,any,112,N/A,IPv6,ICMP,N/A,v6,fe80::5ca9:83ff:fe87:27,ff02::179,N/A,N/A,N/A,N/A,N/A,N/A,,,0
1759292995,eth0,70,Ethernet,IPv6,ICMP,N/A,v6,fe80::5ca9:83ff:fe87:27,ff02::204,N/A,N/A,N/A,N/A,N/A,N/A,,,0
1759292995,eth1,70,Ethernet,IPv6,ICMP,N/A,v6,fe80::a824:52ff:fe4f:69,ff02::204,N/A,N/A,N/A,N/A,N/A,N/A,,,0
1759292995,any,72,N/A,IPv6,ICMP,N/A,v6,fe80::a824:52ff:fe4f:69,ff02::204,N/A,N/A,N/A,N/A,N/A,N/A,,,0
1759292996,eth0,107,Ethernet,N/A,N/A,N/A,N/A,N/A,N/A,N/A,N/A,N/A,N/A,N/A,N/A,,,0
1759292996,any,109,N/A,N/A,N/A,N/A,N/A,N/A,N/A,N/A,N/A,N/A,N/A,N/A,N/A,,,0
1759292997,eth0,107,Ethernet,N/A,N/A,N/A,N/A,N/A,N/A,N/A,N/A,N/A,N/A,N/A,N/A,,,0
1759292997,any,109,N/A,N/A,N/A,N/A,N/A,N/A,N/A,N/A,N/A,N/A,N/A,N/A,N/A,,,0
1759292998,eth0,107,Ethernet,N/A,N/A,N/A,N/A,N/A,N/A,N/A,N/A,N/A,N/A,N/A,N/A,,,0
1759292998,any,109,N/A,N/A,N/A,N/A,N/A,N/A,N/A,N/A,N/A,N/A,N/A,N/A,N/A,,,0
1759292999,eth0,90,Ethernet,IPv6,ICMP,N/A,v6,fe80::5ca9:83ff:fe87:27,ff02::179,N/A,N/A,N/A,N/A,N/A,N/A,,,0
1759292999,eth0,54,Ethernet,IPv4,N/A,N/A,v4,172.30.0.220,224.0.0.22,N/A,N/A,N/A,N/A,N/A,N/A,,,0
1759292999,any,92,N/A,IPv6,ICMP,N/A,v6,fe80::5ca9:83ff:fe87:27,ff02::179,N/A,N/A,N/A,N/A,N/A,N/A,,,0
1759292999,eth0,67,Ethernet,IPv4,UDP,N/A,v4,172.30.0.220,224.0.0.252,5355,5355,N/A,N/A,N/A,N/A,,,0
1759292999,any,69,N/A,IPv4,UDP,N/A,v4,172.30.0.220,224.0.0.252,5355,5355,N/A,N/A,N/A,N/A,,,0
1759292999,eth0,356,Ethernet,IPv4,UDP,N/A,v4,0.0.0.0,255.255.255.255,68,67,N/A,N/A,N/A,N/A,,,0
1759292999,any,358,N/A,IPv4,UDP,N/A,v4,0.0.0.0,255.255.255.255,68,67,N/A,N/A,N/A,N/A,,,0
1759292999,eth0,368,Ethernet,IPv4,UDP,N/A,v4,0.0.0.0,255.255.255.255,68,67,N/A,N/A,N/A,N/A,,,0
1759292999,any,370,N/A,IPv4,UDP,N/A,v4,0.0.0.0,255.255.255.255,68,67,N/A,N/A,N/A,N/A,,,0
1759292999,eth0,42,Ethernet,N/A,N/A,N/A,N/A,N/A,N/A,N/A,N/A,N/A,N/A,N/A,N/A,,,0
1759292999,any,112,N/A,IPv6,ICMP,N/A,v6,fe80::a824:52ff:fe4f:69,ff02::179,N/A,N/A,N/A,N/A,N/A,N/A,,,0
1759292999,eth1,110,Ethernet,IPv6,ICMP,N/A,v6,fe80::a824:52ff:fe4f:69,ff02::179,N/A,N/A,N/A,N/A,N/A,N/A,,,0
1759292999,any,58,ARP,N/A,N/A,N/A,N/A,N/A,N/A,N/A,N/A,2,2048,172.30.0.122,172.30.0.220,,,0
1759292999,any,58,ARP,N/A,N/A,N/A,N/A,N/A,N/A,N/A,N/A,2,2048,172.30.0.122,172.30.0.220,,,0
1759292999,eth0,56,Ethernet,N/A,N/A,N/A,N/A,N/A,N/A,N/A,N/A,N/A,N/A,N/A,N/A,,,0
1759292999,eth0,56,Ethernet,N/A,N/A,N/A,N/A,N/A,N/A,N/A,N/A,N/A,N/A,N/A,N/A,,,0
1759292999,any,112,N/A,IPv6,ICMP,N/A,v6,fe80::5ca9:83ff:fe87:27,ff02::179,N/A,N/A,N/A,N/A,N/A,N/A,,,0
1759292999,eth0,110,Ethernet,IPv6,ICMP,N/A,v6,fe80::5ca9:83ff:fe87:27,ff02::179,N/A,N/A,N/A,N/A,N/A,N/A,,,0
1759292999,eth0,54,Ethernet,IPv4,N/A,N/A,v4,172.30.0.220,224.0.0.22,N/A,N/A,N/A,N/A,N/A,N/A,,,0
1759292999,any,112,N/A,IPv6,ICMP,N/A,v6,fe80::5ca9:83ff:fe87:27,ff02::179,N/A,N/A,N/A,N/A,N/A,N/A,,,0
1759292999,eth0,110,Ethernet,IPv6,ICMP,N/A,v6,fe80::5ca9:83ff:fe87:27,ff02::179,N/A,N/A,N/A,N/A,N/A,N/A,,,0
1759292999,eth0,54,Ethernet,IPv4,N/A,N/A,v4,172.30.0.220,224.0.0.22,N/A,N/A,N/A,N/A,N/A,N/A,,,0
1759292999,any,56,N/A,IPv4,N/A,N/A,v4,172.30.0.220,224.0.0.22,N/A,N/A,N/A,N/A,N/A,N/A,,,0
1759293000,eth1,70,Ethernet,IPv6,ICMP,N/A,v6,fe80::a824:52ff:fe4f:69,ff02::204,N/A,N/A,N/A,N/A,N/A,N/A,,,0
1759293000,any,72,N/A,IPv6,ICMP,N/A,v6,fe80::a824:52ff:fe4f:69,ff02::204,N/A,N/A,N/A,N/A,N/A,N/A,,,0
1759293000,eth0,107,Ethernet,N/A,N/A,N/A,N/A,N/A,N/A,N/A,N/A,N/A,N/A,N/A,N/A,,,0
1759293000,any,109,N/A,N/A,N/A,N/A,N/A,N/A,N/A,N/A,N/A,N/A,N/A,N/A,N/A,,,0
1759293000,eth0,70,Ethernet,IPv6,ICMP,N/A,v6,fe80::5ca9:83ff:fe87:27,ff02::204,N/A,N/A,N/A,N/A,N/A,N/A,,,0
1759293000,any,72,N/A,IPv6,ICMP,N/A,v6,fe80::5ca9:83ff:fe87:27,ff02::204,N/A,N/A,N/A,N/A,N/A,N/A,,,0
1759293000,any,112,N/A,IPv6,ICMP,N/A,v6,fe80::a824:52ff:fe4f:69,ff02::179,N/A,N/A,N/A,N/A,N/A,N/A,,,0
1759293000,eth1,110,Ethernet,IPv6,ICMP,N/A,v6,fe80::a824:52ff:fe4f:69,ff02::179,N/A,N/A,N/A,N/A,N/A,N/A,,,0
1759293001,eth0,107,Ethernet,N/A,N/A,N/A,N/A,N/A,N/A,N/A,N/A,N/A,N/A,N/A,N/A,,,0
1759293001,any,109,N/A,N/A,N/A,N/A,N/A,N/A,N/A,N/A,N/A,N/A,N/A,N/A,N/A,,,0
1759293002,eth0,107,Ethernet,N/A,N/A,N/A,N/A,N/A,N/A,N/A,N/A,N/A,N/A,N/A,N/A,,,0
1759293002,any,109,N/A,N/A,N/A,N/A,N/A,N/A,N/A,N/A,N/A,N/A,N/A,N/A,N/A,,,0
1759293003,eth0,107,Ethernet,N/A,N/A,N/A,N/A,N/A,N/A,N/A,N/A,N/A,N/A,N/A,N/A,,,0
1759293003,any,109,N/A,N/A,N/A,N/A,N/A,N/A,N/A,N/A,N/A,N/A,N/A,N/A,N/A,,,0
1759293004,any,72,N/A,IPv6,ICMP,N/A,v6,fe80::5ca9:83ff:fe87:27,ff02::204,N/A,N/A,N/A,N/A,N/A,N/A,,,0
1759293004,eth0,70,Ethernet,IPv6,ICMP,N/A,v6,fe80::5ca9:83ff:fe87:27,ff02::204,N/A,N/A,N/A,N/A,N/A,N/A,,,0
1759293004,eth1,70,Ethernet,IPv6,ICMP,N/A,v6,fe80::a824:52ff:fe4f:69,ff02::204,N/A,N/A,N/A,N/A,N/A,N/A,,,0
1759293004,any,72,N/A,IPv6,ICMP,N/A,v6,fe80::a824:52ff:fe4f:69,ff02::204,N/A,N/A,N/A,N/A,N/A,N/A,,,0
1759293004,eth0,90,Ethernet,IPv6,ICMP,N/A,v6,fe80::5ca9:83ff:fe87:27,ff02::179,N/A,N/A,N/A,N/A,N/A,N/A,,,0
1759293004,eth0,54,Ethernet,IPv4,N/A,N/A,v4,172.30.0.220,224.0.0.22,N/A,N/A,N/A,N/A,N/A,N/A,,,0
1759293004,any,92,N/A,IPv6,ICMP,N/A,v6,fe80::5ca9:83ff:fe87:27,ff02::179,N/A,N/A,N/A,N/A,N/A,N/A,,,0
1759293004,eth0,87,Ethernet,IPv6,UDP,N/A,v6,fe80::5ca9:83ff:fe87:27,ff02::1:52,5355,5355,N/A,N/A,N/A,N/A,,,0
1759293004,eth0,67,Ethernet,IPv4,UDP,N/A,v4,172.30.0.220,224.0.0.252,5355,5355,N/A,N/A,N/A,N/A,,,0
1759293004,any,89,N/A,IPv6,UDP,N/A,v6,fe80::5ca9:83ff:fe87:27,ff02::1:52,5355,5355,N/A,N/A,N/A,N/A,,,0
1759293004,any,69,N/A,IPv4,UDP,N/A,v4,172.30.0.220,224.0.0.252,5355,5355,N/A,N/A,N/A,N/A,,,0
1759293004,eth0,356,Ethernet,IPv4,UDP,N/A,v4,0.0.0.0,255.255.255.255,68,67,N/A,N/A,N/A,N/A,,,0
1759293004,any,358,N/A,IPv4,UDP,N/A,v4,0.0.0.0,255.255.255.255,68,67,N/A,N/A,N/A,N/A,,,0
1759293004,eth0,368,Ethernet,IPv4,UDP,N/A,v4,0.0.0.0,255.255.255.255,68,67,N/A,N/A,N/A,N/A,,,0
1759293004,any,370,N/A,IPv4,UDP,N/A,v4,0.0.0.0,255.255.255.255,68,67,N/A,N/A,N/A,N/A,,,0
1759293004,eth1,110,Ethernet,IPv6,ICMP,N/A,v6,fe80::a824:52ff:fe4f:69,ff02::179,N/A,N/A,N/A,N/A,N/A,N/A,,,0
1759293004,any,112,N/A,IPv6,ICMP,N/A,v6,fe80::a824:52ff:fe4f:69,ff02::179,N/A,N/A,N/A,N/A,N/A,N/A,,,0
1759293004,any,56,N/A,IPv4,N/A,N/A,v4,172.30.0.220,224.0.0.22,N/A,N/A,N/A,N/A,N/A,N/A,,,0
1759293004,any,112,N/A,IPv6,ICMP,N/A,v6,fe80::5ca9:83ff:fe87:27,ff02::179,N/A,N/A,N/A,N/A,N/A,N/A,,,0
1759293004,any,44,ARP,N/A,N/A,N/A,N/A,N/A,N/A,N/A,N/A,1,2048,172.30.0.220,172.30.0.122,,,0
1759293004,any,58,ARP,N/A,N/A,N/A,N/A,N/A,N/A,N/A,N/A,2,2048,172.30.0.122,172.30.0.220,,,0
1759293004,any,112,N/A,IPv6,ICMP,N/A,v6,fe80::5ca9:83ff:fe87:27,ff02::179,N/A,N/A,N/A,N/A,N/A,N/A,,,0
1759293004,eth0,54,Ethernet,IPv4,N/A,N/A,v4,172.30.0.220,224.0.0.22,N/A,N/A,N/A,N/A,N/A,N/A,,,0
1759293004,eth0,110,Ethernet,IPv6,ICMP,N/A,v6,fe80::5ca9:83ff:fe87:27,ff02::179,N/A,N/A,N/A,N/A,N/A,N/A,,,0
1759293004,eth0,42,Ethernet,N/A,N/A,N/A,N/A,N/A,N/A,N/A,N/A,N/A,N/A,N/A,N/A,,,0
1759293004,eth0,56,Ethernet,N/A,N/A,N/A,N/A,N/A,N/A,N/A,N/A,N/A,N/A,N/A,N/A,,,0
1759293004,eth0,56,Ethernet,N/A,N/A,N/A,N/A,N/A,N/A,N/A,N/A,N/A,N/A,N/A,N/A,,,0
1759293004,eth0,110,Ethernet,IPv6,ICMP,N/A,v6,fe80::5ca9:83ff:fe87:27,ff02::179,N/A,N/A,N/A,N/A,N/A,N/A,,,0
1759293004,eth0,54,Ethernet,IPv4,N/A,N/A,v4,172.30.0.220,224.0.0.22,N/A,N/A,N/A,N/A,N/A,N/A,,,0
1759293004,any,56,N/A,IPv4,N/A,N/A,v4,172.30.0.220,224.0.0.22,N/A,N/A,N/A,N/A,N/A,N/A,,,0
1759293005,any,112,N/A,IPv6,ICMP,N/A,v6,fe80::a824:52ff:fe4f:69,ff02::179,N/A,N/A,N/A,N/A,N/A,N/A,,,0
1759293005,eth1,110,Ethernet,IPv6,ICMP,N/A,v6,fe80::a824:52ff:fe4f:69,ff02::179,N/A,N/A,N/A,N/A,N/A,N/A,,,0
1759293005,eth0,107,Ethernet,N/A,N/A,N/A,N/A,N/A,N/A,N/A,N/A,N/A,N/A,N/A,N/A,,,0
1759293005,eth0,70,Ethernet,IPv6,ICMP,N/A,v6,fe80::5ca9:83ff:fe87:27,ff02::204,N/A,N/A,N/A,N/A,N/A,N/A,,,0
1759293005,any,72,N/A,IPv6,ICMP,N/A,v6,fe80::a824:52ff:fe4f:69,ff02::204,N/A,N/A,N/A,N/A,N/A,N/A,,,0
1759293005,eth1,70,Ethernet,IPv6,ICMP,N/A,v6,fe80::a824:52ff:fe4f:69,ff02::204,N/A,N/A,N/A,N/A,N/A,N/A,,,0
1759293006,eth0,107,Ethernet,N/A,N/A,N/A,N/A,N/A,N/A,N/A,N/A,N/A,N/A,N/A,N/A,,,0
1759293006,any,109,N/A,N/A,N/A,N/A,N/A,N/A,N/A,N/A,N/A,N/A,N/A,N/A,N/A,,,0
1759293007,any,109,N/A,N/A,N/A,N/A,N/A,N/A,N/A,N/A,N/A,N/A,N/A,N/A,N/A,,,0
1759293007,eth0,107,Ethernet,N/A,N/A,N/A,N/A,N/A,N/A,N/A,N/A,N/A,N/A,N/A,N/A,,,0
1759293008,eth0,107,Ethernet,N/A,N/A,N/A,N/A,N/A,N/A,N/A,N/A,N/A,N/A,N/A,N/A,,,0
1759293008,any,109,N/A,N/A,N/A,N/A,N/A,N/A,N/A,N/A,N/A,N/A,N/A,N/A,N/A,,,0
1759293008,eth0,90,Ethernet,IPv6,ICMP,N/A,v6,fe80::5ca9:83ff:fe87:27,ff02::179,N/A,N/A,N/A,N/A,N/A,N/A,,,0
1759293008,eth0,54,Ethernet,IPv4,N/A,N/A,v4,172.30.0.220,224.0.0.22,N/A,N/A,N/A,N/A,N/A,N/A,,,0
1759293008,any,92,N/A,IPv6,ICMP,N/A,v6,fe80::5ca9:83ff:fe87:27,ff02::179,N/A,N/A,N/A,N/A,N/A,N/A,,,0
1759293008,eth0,87,Ethernet,IPv6,UDP,N/A,v6,fe80::5ca9:83ff:fe87:27,ff02::1:52,5355,5355,N/A,N/A,N/A,N/A,,,0
1759293008,any,89,N/A,IPv6,UDP,N/A,v6,fe80::5ca9:83ff:fe87:27,ff02::1:52,5355,5355,N/A,N/A,N/A,N/A,,,0
1759293008,eth0,356,Ethernet,IPv4,UDP,N/A,v4,0.0.0.0,255.255.255.255,68,67,N/A,N/A,N/A,N/A,,,0
1759293008,any,358,N/A,IPv4,UDP,N/A,v4,0.0.0.0,255.255.255.255,68,67,N/A,N/A,N/A,N/A,,,0
1759293008,eth0,368,Ethernet,IPv4,UDP,N/A,v4,0.0.0.0,255.255.255.255,68,67,N/A,N/A,N/A,N/A,,,0
1759293008,any,370,N/A,IPv4,UDP,N/A,v4,0.0.0.0,255.255.255.255,68,67,N/A,N/A,N/A,N/A,,,0
1759293008,eth1,110,Ethernet,IPv6,ICMP,N/A,v6,fe80::a824:52ff:fe4f:69,ff02::179,N/A,N/A,N/A,N/A,N/A,N/A,,,0
1759293008,any,112,N/A,IPv6,ICMP,N/A,v6,fe80::a824:52ff:fe4f:69,ff02::179,N/A,N/A,N/A,N/A,N/A,N/A,,,0
1759293008,eth0,110,Ethernet,IPv6,ICMP,N/A,v6,fe80::5ca9:83ff:fe87:27,ff02::179,N/A,N/A,N/A,N/A,N/A,N/A,,,0
1759293008,eth0,54,Ethernet,IPv4,N/A,N/A,v4,172.30.0.220,224.0.0.22,N/A,N/A,N/A,N/A,N/A,N/A,,,0
1759293008,any,112,N/A,IPv6,ICMP,N/A,v6,fe80::5ca9:83ff:fe87:27,ff02::179,N/A,N/A,N/A,N/A,N/A,N/A,,,0
1759293009,any,112,N/A,IPv6,ICMP,N/A,v6,fe80::a824:52ff:fe4f:69,ff02::179,N/A,N/A,N/A,N/A,N/A,N/A,,,0
1759293009,eth1,110,Ethernet,IPv6,ICMP,N/A,v6,fe80::a824:52ff:fe4f:69,ff02::179,N/A,N/A,N/A,N/A,N/A,N/A,,,0
1759293009,any,112,N/A,IPv6,ICMP,N/A,v6,fe80::5ca9:83ff:fe87:27,ff02::179,N/A,N/A,N/A,N/A,N/A,N/A,,,0
1759293009,eth0,110,Ethernet,IPv6,ICMP,N/A,v6,fe80::5ca9:83ff:fe87:27,ff02::179,N/A,N/A,N/A,N/A,N/A,N/A,,,0
1759293009,eth0,54,Ethernet,IPv4,N/A,N/A,v4,172.30.0.220,224.0.0.22,N/A,N/A,N/A,N/A,N/A,N/A,,,0
1759293009,any,56,N/A,IPv4,N/A,N/A,v4,172.30.0.220,224.0.0.22,N/A,N/A,N/A,N/A,N/A,N/A,,,0
1759293009,eth1,70,Ethernet,IPv6,ICMP,N/A,v6,fe80::a824:52ff:fe4f:69,ff02::204,N/A,N/A,N/A,N/A,N/A,N/A,,,0
1759293009,any,72,N/A,IPv6,ICMP,N/A,v6,fe80::a824:52ff:fe4f:69,ff02::204,N/A,N/A,N/A,N/A,N/A,N/A,,,0
1759293009,eth0,70,Ethernet,IPv6,ICMP,N/A,v6,fe80::5ca9:83ff:fe87:27,ff02::204,N/A,N/A,N/A,N/A,N/A,N/A,,,0
1759293009,any,72,N/A,IPv6,ICMP,N/A,v6,fe80::5ca9:83ff:fe87:27,ff02::204,N/A,N/A,N/A,N/A,N/A,N/A,,,0
1759293009,any,44,ARP,N/A,N/A,N/A,N/A,N/A,N/A,N/A,N/A,1,2048,172.30.0.220,172.30.0.122,,,0
1759293009,any,58,ARP,N/A,N/A,N/A,N/A,N/A,N/A,N/A,N/A,2,2048,172.30.0.122,172.30.0.220,,,0
1759293009,eth0,42,Ethernet,N/A,N/A,N/A,N/A,N/A,N/A,N/A,N/A,N/A,N/A,N/A,N/A,,,0
1759293009,eth0,56,Ethernet,N/A,N/A,N/A,N/A,N/A,N/A,N/A,N/A,N/A,N/A,N/A,N/A,,,0
1759293009,eth0,56,Ethernet,N/A,N/A,N/A,N/A,N/A,N/A,N/A,N/A,N/A,N/A,N/A,N/A,,,0
1759293009,any,109,N/A,N/A,N/A,N/A,N/A,N/A,N/A,N/A,N/A,N/A,N/A,N/A,N/A,,,0
1759293009,eth0,107,Ethernet,N/A,N/A,N/A,N/A,N/A,N/A,N/A,N/A,N/A,N/A,N/A,N/A,,,0
1759293010,eth0,107,Ethernet,N/A,N/A,N/A,N/A,N/A,N/A,N/A,N/A,N/A,N/A,N/A,N/A,,,0
1759293010,any,109,N/A,N/A,N/A,N/A,N/A,N/A,N/A,N/A,N/A,N/A,N/A,N/A,N/A,,,0
1759293012,eth0,107,Ethernet,N/A,N/A,N/A,N/A,N/A,N/A,N/A,N/A,N/A,N/A,N/A,N/A,,,0
1759293012,any,109,N/A,N/A,N/A,N/A,N/A,N/A,N/A,N/A,N/A,N/A,N/A,N/A,N/A,,,0
1759293013,eth0,107,Ethernet,N/A,N/A,N/A,N/A,N/A,N/A,N/A,N/A,N/A,N/A,N/A,N/A,,,0
1759293013,any,109,N/A,N/A,N/A,N/A,N/A,N/A,N/A,N/A,N/A,N/A,N/A,N/A,N/A,,,0
1759293013,eth0,70,Ethernet,IPv6,ICMP,N/A,v6,fe80::5ca9:83ff:fe87:27,ff02::204,N/A,N/A,N/A,N/A,N/A,N/A,,,0
1759293013,any,72,N/A,IPv6,ICMP,N/A,v6,fe80::5ca9:83ff:fe87:27,ff02::204,N/A,N/A,N/A,N/A,N/A,N/A,,,0
1759293013,any,72,N/A,IPv6,ICMP,N/A,v6,fe80::a824:52ff:fe4f:69,ff02::204,N/A,N/A,N/A,N/A,N/A,N/A,,,0
1759293013,eth1,70,Ethernet,IPv6,ICMP,N/A,v6,fe80::a824:52ff:fe4f:69,ff02::204,N/A,N/A,N/A,N/A,N/A,N/A,,,0
1759293013,eth0,90,Ethernet,IPv6,ICMP,N/A,v6,fe80::5ca9:83ff:fe87:27,ff02::179,N/A,N/A,N/A,N/A,N/A,N/A,,,0
1759293013,eth0,54,Ethernet,IPv4,N/A,N/A,v4,172.30.0.220,224.0.0.22,N/A,N/A,N/A,N/A,N/A,N/A,,,0
1759293013,any,92,N/A,IPv6,ICMP,N/A,v6,fe80::5ca9:83ff:fe87:27,ff02::179,N/A,N/A,N/A,N/A,N/A,N/A,,,0
1759293013,eth0,67,Ethernet,IPv4,UDP,N/A,v4,172.30.0.220,224.0.0.252,5355,5355,N/A,N/A,N/A,N/A,,,0
1759293013,any,69,N/A,IPv4,UDP,N/A,v4,172.30.0.220,224.0.0.252,5355,5355,N/A,N/A,N/A,N/A,,,0
1759293013,eth0,356,Ethernet,IPv4,UDP,N/A,v4,0.0.0.0,255.255.255.255,68,67,N/A,N/A,N/A,N/A,,,0
1759293013,any,358,N/A,IPv4,UDP,N/A,v4,0.0.0.0,255.255.255.255,68,67,N/A,N/A,N/A,N/A,,,0
1759293013,eth0,368,Ethernet,IPv4,UDP,N/A,v4,0.0.0.0,255.255.255.255,68,67,N/A,N/A,N/A,N/A,,,0
1759293013,any,370,N/A,IPv4,UDP,N/A,v4,0.0.0.0,255.255.255.255,68,67,N/A,N/A,N/A,N/A,,,0
1759293013,eth1,110,Ethernet,IPv6,ICMP,N/A,v6,fe80::a824:52ff:fe4f:69,ff02::179,N/A,N/A,N/A,N/A,N/A,N/A,,,0
1759293014,eth0,54,Ethernet,IPv4,N/A,N/A,v4,172.30.0.220,224.0.0.22,N/A,N/A,N/A,N/A,N/A,N/A,,,0
1759293014,eth0,110,Ethernet,IPv6,ICMP,N/A,v6,fe80::5ca9:83ff:fe87:27,ff02::179,N/A,N/A,N/A,N/A,N/A,N/A,,,0
1759293014,eth0,42,Ethernet,N/A,N/A,N/A,N/A,N/A,N/A,N/A,N/A,N/A,N/A,N/A,N/A,,,0
1759293014,eth0,56,Ethernet,N/A,N/A,N/A,N/A,N/A,N/A,N/A,N/A,N/A,N/A,N/A,N/A,,,0
1759293014,eth0,56,Ethernet,N/A,N/A,N/A,N/A,N/A,N/A,N/A,N/A,N/A,N/A,N/A,N/A,,,0
1759293014,any,112,N/A,IPv6,ICMP,N/A,v6,fe80::a824:52ff:fe4f:69,ff02::179,N/A,N/A,N/A,N/A,N/A,N/A,,,0
1759293014,any,56,N/A,IPv4,N/A,N/A,v4,172.30.0.220,224.0.0.22,N/A,N/A,N/A,N/A,N/A,N/A,,,0
1759293014,any,112,N/A,IPv6,ICMP,N/A,v6,fe80::5ca9:83ff:fe87:27,ff02::179,N/A,N/A,N/A,N/A,N/A,N/A,,,0
1759293014,any,44,ARP,N/A,N/A,N/A,N/A,N/A,N/A,N/A,N/A,1,2048,172.30.0.220,172.30.0.122,,,0
1759293014,any,58,ARP,N/A,N/A,N/A,N/A,N/A,N/A,N/A,N/A,2,2048,172.30.0.122,172.30.0.220,,,0
1759293014,any,112,N/A,IPv6,ICMP,N/A,v6,fe80::a824:52ff:fe4f:69,ff02::179,N/A,N/A,N/A,N/A,N/A,N/A,,,0
1759293014,eth1,110,Ethernet,IPv6,ICMP,N/A,v6,fe80::a824:52ff:fe4f:69,ff02::179,N/A,N/A,N/A,N/A,N/A,N/A,,,0
1759293014,eth0,70,Ethernet,IPv6,ICMP,N/A,v6,fe80::5ca9:83ff:fe87:27,ff02::204,N/A,N/A,N/A,N/A,N/A,N/A,,,0
1759293014,eth1,70,Ethernet,IPv6,ICMP,N/A,v6,fe80::a824:52ff:fe4f:69,ff02::204,N/A,N/A,N/A,N/A,N/A,N/A,,,0
1759293014,any,72,N/A,IPv6,ICMP,N/A,v6,fe80::a824:52ff:fe4f:69,ff02::204,N/A,N/A,N/A,N/A,N/A,N/A,,,0
1759293014,eth0,110,Ethernet,IPv6,ICMP,N/A,v6,fe80::5ca9:83ff:fe87:27,ff02::179,N/A,N/A,N/A,N/A,N/A,N/A,,,0
1759293014,any,112,N/A,IPv6,ICMP,N/A,v6,fe80::5ca9:83ff:fe87:27,ff02::179,N/A,N/A,N/A,N/A,N/A,N/A,,,0
1759293014,eth0,107,Ethernet,N/A,N/A,N/A,N/A,N/A,N/A,N/A,N/A,N/A,N/A,N/A,N/A,,,0
1759293014,any,109,N/A,N/A,N/A,N/A,N/A,N/A,N/A,N/A,N/A,N/A,N/A,N/A,N/A,,,0
1759293014,eth0,54,Ethernet,IPv4,N/A,N/A,v4,172.30.0.220,224.0.0.22,N/A,N/A,N/A,N/A,N/A,N/A,,,0
1759293014,any,56,N/A,IPv4,N/A,N/A,v4,172.30.0.220,224.0.0.22,N/A,N/A,N/A,N/A,N/A,N/A,,,0
1759293016,any,109,N/A,N/A,N/A,N/A,N/A,N/A,N/A,N/A,N/A,N/A,N/A,N/A,N/A,,,0
1759293016,eth0,107,Ethernet,N/A,N/A,N/A,N/A,N/A,N/A,N/A,N/A,N/A,N/A,N/A,N/A,,,0
1759293017,any,109,N/A,N/A,N/A,N/A,N/A,N/A,N/A,N/A,N/A,N/A,N/A,N/A,N/A,,,0
1759293017,eth0,107,Ethernet,N/A,N/A,N/A,N/A,N/A,N/A,N/A,N/A,N/A,N/A,N/A,N/A,,,0
1759293018,eth0,90,Ethernet,IPv6,ICMP,N/A,v6,fe80::5ca9:83ff:fe87:27,ff02::179,N/A,N/A,N/A,N/A,N/A,N/A,,,0
1759293018,eth0,54,Ethernet,IPv4,N/A,N/A,v4,172.30.0.220,224.0.0.22,N/A,N/A,N/A,N/A,N/A,N/A,,,0
1759293018,any,92,N/A,IPv6,ICMP,N/A,v6,fe80::5ca9:83ff:fe87:27,ff02::179,N/A,N/A,N/A,N/A,N/A,N/A,,,0
1759293018,eth0,67,Ethernet,IPv4,UDP,N/A,v4,172.30.0.220,224.0.0.252,5355,5355,N/A,N/A,N/A,N/A,,,0
1759293018,any,69,N/A,IPv4,UDP,N/A,v4,172.30.0.220,224.0.0.252,5355,5355,N/A,N/A,N/A,N/A,,,0
1759293018,eth0,356,Ethernet,IPv4,UDP,N/A,v4,0.0.0.0,255.255.255.255,68,67,N/A,N/A,N/A,N/A,,,0
1759293018,any,358,N/A,IPv4,UDP,N/A,v4,0.0.0.0,255.255.255.255,68,67,N/A,N/A,N/A,N/A,,,0
1759293018,eth0,368,Ethernet,IPv4,UDP,N/A,v4,0.0.0.0,255.255.255.255,68,67,N/A,N/A,N/A,N/A,,,0
1759293018,any,370,N/A,IPv4,UDP,N/A,v4,0.0.0.0,255.255.255.255,68,67,N/A,N/A,N/A,N/A,,,0
1759293018,eth1,110,Ethernet,IPv6,ICMP,N/A,v6,fe80::a824:52ff:fe4f:69,ff02::179,N/A,N/A,N/A,N/A,N/A,N/A,,,0
1759293018,any,56,N/A,IPv4,N/A,N/A,v4,172.30.0.220,224.0.0.22,N/A,N/A,N/A,N/A,N/A,N/A,,,0
1759293018,eth0,54,Ethernet,IPv4,N/A,N/A,v4,172.30.0.220,224.0.0.22,N/A,N/A,N/A,N/A,N/A,N/A,,,0
1759293018,any,112,N/A,IPv6,ICMP,N/A,v6,fe80::5ca9:83ff:fe87:27,ff02::179,N/A,N/A,N/A,N/A,N/A,N/A,,,0
1759293018,eth0,110,Ethernet,IPv6,ICMP,N/A,v6,fe80::5ca9:83ff:fe87:27,ff02::179,N/A,N/A,N/A,N/A,N/A,N/A,,,0
1759293018,eth0,54,Ethernet,IPv4,N/A,N/A,v4,172.30.0.220,224.0.0.22,N/A,N/A,N/A,N/A,N/A,N/A,,,0
1759293018,any,56,N/A,IPv4,N/A,N/A,v4,172.30.0.220,224.0.0.22,N/A,N/A,N/A,N/A,N/A,N/A,,,0
1759293018,eth0,42,Ethernet,N/A,N/A,N/A,N/A,N/A,N/A,N/A,N/A,N/A,N/A,N/A,N/A,,,0
1759293018,any,44,ARP,N/A,N/A,N/A,N/A,N/A,N/A,N/A,N/A,1,2048,172.30.0.220,172.30.0.122,,,0
1759293018,any,58,ARP,N/A,N/A,N/A,N/A,N/A,N/A,N/A,N/A,2,2048,172.30.0.122,172.30.0.220,,,0
1759293018,eth0,56,Ethernet,N/A,N/A,N/A,N/A,N/A,N/A,N/A,N/A,N/A,N/A,N/A,N/A,,,0
1759293018,any,112,N/A,IPv6,ICMP,N/A,v6,fe80::a824:52ff:fe4f:69,ff02::179,N/A,N/A,N/A,N/A,N/A,N/A,,,0
1759293018,eth1,110,Ethernet,IPv6,ICMP,N/A,v6,fe80::a824:52ff:fe4f:69,ff02::179,N/A,N/A,N/A,N/A,N/A,N/A,,,0
1759293019,eth0,110,Ethernet,IPv6,ICMP,N/A,v6,fe80::5ca9:83ff:fe87:27,ff02::179,N/A,N/A,N/A,N/A,N/A,N/A,,,0
1759293019,any,112,N/A,IPv6,ICMP,N/A,v6,fe80::5ca9:83ff:fe87:27,ff02::179,N/A,N/A,N/A,N/A,N/A,N/A,,,0
1759293019,any,72,N/A,IPv6,ICMP,N/A,v6,fe80::a824:52ff:fe4f:69,ff02::204,N/A,N/A,N/A,N/A,N/A,N/A,,,0
1759293019,eth1,70,Ethernet,IPv6,ICMP,N/A,v6,fe80::a824:52ff:fe4f:69,ff02::204,N/A,N/A,N/A,N/A,N/A,N/A,,,0
1759293019,eth0,107,Ethernet,N/A,N/A,N/A,N/A,N/A,N/A,N/A,N/A,N/A,N/A,N/A,N/A,,,0
1759293019,eth0,70,Ethernet,IPv6,ICMP,N/A,v6,fe80::5ca9:83ff:fe87:27,ff02::204,N/A,N/A,N/A,N/A,N/A,N/A,,,0
1759293020,eth0,107,Ethernet,N/A,N/A,N/A,N/A,N/A,N/A,N/A,N/A,N/A,N/A,N/A,N/A,,,0
1759293020,any,109,N/A,N/A,N/A,N/A,N/A,N/A,N/A,N/A,N/A,N/A,N/A,N/A,N/A,,,0
1759293021,eth0,107,Ethernet,N/A,N/A,N/A,N/A,N/A,N/A,N/A,N/A,N/A,N/A,N/A,N/A,,,0
1759293021,any,109,N/A,N/A,N/A,N/A,N/A,N/A,N/A,N/A,N/A,N/A,N/A,N/A,N/A,,,0
1759293022,eth0,107,Ethernet,N/A,N/A,N/A,N/A,N/A,N/A,N/A,N/A,N/A,N/A,N/A,N/A,,,0
1759293022,any,109,N/A,N/A,N/A,N/A,N/A,N/A,N/A,N/A,N/A,N/A,N/A,N/A,N/A,,,0
1759293023,any,72,N/A,IPv6,ICMP,N/A,v6,fe80::a824:52ff:fe4f:69,ff02::204,N/A,N/A,N/A,N/A,N/A,N/A,,,0
1759293023,eth1,70,Ethernet,IPv6,ICMP,N/A,v6,fe80::a824:52ff:fe4f:69,ff02::204,N/A,N/A,N/A,N/A,N/A,N/A,,,0
1759293023,eth0,70,Ethernet,IPv6,ICMP,N/A,v6,fe80::5ca9:83ff:fe87:27,ff02::204,N/A,N/A,N/A,N/A,N/A,N/A,,,0
1759293023,any,72,N/A,IPv6,ICMP,N/A,v6,fe80::5ca9:83ff:fe87:27,ff02::204,N/A,N/A,N/A,N/A,N/A,N/A,,,0
1759293023,eth0,90,Ethernet,IPv6,ICMP,N/A,v6,fe80::5ca9:83ff:fe87:27,ff02::179,N/A,N/A,N/A,N/A,N/A,N/A,,,0
1759293023,eth0,54,Ethernet,IPv4,N/A,N/A,v4,172.30.0.220,224.0.0.22,N/A,N/A,N/A,N/A,N/A,N/A,,,0
1759293023,any,92,N/A,IPv6,ICMP,N/A,v6,fe80::5ca9:83ff:fe87:27,ff02::179,N/A,N/A,N/A,N/A,N/A,N/A,,,0
1759293023,eth0,87,Ethernet,IPv6,UDP,N/A,v6,fe80::5ca9:83ff:fe87:27,ff02::1:52,5355,5355,N/A,N/A,N/A,N/A,,,0
1759293023,eth0,67,Ethernet,IPv4,UDP,N/A,v4,172.30.0.220,224.0.0.252,5355,5355,N/A,N/A,N/A,N/A,,,0
1759293023,any,89,N/A,IPv6,UDP,N/A,v6,fe80::5ca9:83ff:fe87:27,ff02::1:52,5355,5355,N/A,N/A,N/A,N/A,,,0
1759293023,eth0,356,Ethernet,IPv4,UDP,N/A,v4,0.0.0.0,255.255.255.255,68,67,N/A,N/A,N/A,N/A,,,0
1759293023,any,358,N/A,IPv4,UDP,N/A,v4,0.0.0.0,255.255.255.255,68,67,N/A,N/A,N/A,N/A,,,0
1759293023,eth0,368,Ethernet,IPv4,UDP,N/A,v4,0.0.0.0,255.255.255.255,68,67,N/A,N/A,N/A,N/A,,,0
1759293023,any,370,N/A,IPv4,UDP,N/A,v4,0.0.0.0,255.255.255.255,68,67,N/A,N/A,N/A,N/A,,,0
1759293023,any,112,N/A,IPv6,ICMP,N/A,v6,fe80::a824:52ff:fe4f:69,ff02::179,N/A,N/A,N/A,N/A,N/A,N/A,,,0
1759293023,any,56,N/A,IPv4,N/A,N/A,v4,172.30.0.220,224.0.0.22,N/A,N/A,N/A,N/A,N/A,N/A,,,0
1759293023,any,112,N/A,IPv6,ICMP,N/A,v6,fe80::5ca9:83ff:fe87:27,ff02::179,N/A,N/A,N/A,N/A,N/A,N/A,,,0
1759293023,any,44,ARP,N/A,N/A,N/A,N/A,N/A,N/A,N/A,N/A,1,2048,172.30.0.220,172.30.0.122,,,0
1759293023,any,58,ARP,N/A,N/A,N/A,N/A,N/A,N/A,N/A,N/A,2,2048,172.30.0.122,172.30.0.220,,,0
1759293023,any,56,N/A,IPv4,N/A,N/A,v4,172.30.0.220,224.0.0.22,N/A,N/A,N/A,N/A,N/A,N/A,,,0
1759293023,eth1,110,Ethernet,IPv6,ICMP,N/A,v6,fe80::a824:52ff:fe4f:69,ff02::179,N/A,N/A,N/A,N/A,N/A,N/A,,,0
1759293023,eth0,54,Ethernet,IPv4,N/A,N/A,v4,172.30.0.220,224.0.0.22,N/A,N/A,N/A,N/A,N/A,N/A,,,0
1759293023,eth0,110,Ethernet,IPv6,ICMP,N/A,v6,fe80::5ca9:83ff:fe87:27,ff02::179,N/A,N/A,N/A,N/A,N/A,N/A,,,0
1759293023,eth0,42,Ethernet,N/A,N/A,N/A,N/A,N/A,N/A,N/A,N/A,N/A,N/A,N/A,N/A,,,0
1759293023,eth0,56,Ethernet,N/A,N/A,N/A,N/A,N/A,N/A,N/A,N/A,N/A,N/A,N/A,N/A,,,0
1759293023,eth0,56,Ethernet,N/A,N/A,N/A,N/A,N/A,N/A,N/A,N/A,N/A,N/A,N/A,N/A,,,0
1759293023,eth0,54,Ethernet,IPv4,N/A,N/A,v4,172.30.0.220,224.0.0.22,N/A,N/A,N/A,N/A,N/A,N/A,,,0
1759293023,any,112,N/A,IPv6,ICMP,N/A,v6,fe80::a824:52ff:fe4f:69,ff02::179,N/A,N/A,N/A,N/A,N/A,N/A,,,0
1759293023,eth1,110,Ethernet,IPv6,ICMP,N/A,v6,fe80::a824:52ff:fe4f:69,ff02::179,N/A,N/A,N/A,N/A,N/A,N/A,,,0
1759293024,any,112,N/A,IPv6,ICMP,N/A,v6,fe80::5ca9:83ff:fe87:27,ff02::179,N/A,N/A,N/A,N/A,N/A,N/A,,,0
1759293024,eth0,110,Ethernet,IPv6,ICMP,N/A,v6,fe80::5ca9:83ff:fe87:27,ff02::179,N/A,N/A,N/A,N/A,N/A,N/A,,,0
1759293024,eth0,107,Ethernet,N/A,N/A,N/A,N/A,N/A,N/A,N/A,N/A,N/A,N/A,N/A,N/A,,,0
1759293024,eth0,70,Ethernet,IPv6,ICMP,N/A,v6,fe80::5ca9:83ff:fe87:27,ff02::204,N/A,N/A,N/A,N/A,N/A,N/A,,,0
1759293024,any,72,N/A,IPv6,ICMP,N/A,v6,fe80::a824:52ff:fe4f:69,ff02::204,N/A,N/A,N/A,N/A,N/A,N/A,,,0
1759293024,eth1,70,Ethernet,IPv6,ICMP,N/A,v6,fe80::a824:52ff:fe4f:69,ff02::204,N/A,N/A,N/A,N/A,N/A,N/A,,,0
1759293025,any,92,N/A,IPv4,UDP,N/A,v4,172.30.0.220,149.248.12.115,53006,123,N/A,N/A,N/A,N/A,,,0
1759293025,eth0,90,Ethernet,IPv4,UDP,N/A,v4,172.30.0.220,149.248.12.115,53006,123,N/A,N/A,N/A,N/A,,,0
1759293025,eth0,107,Ethernet,N/A,N/A,N/A,N/A,N/A,N/A,N/A,N/A,N/A,N/A,N/A,N/A,,,0
1759293025,any,92,N/A,IPv4,UDP,N/A,v4,149.248.12.115,172.30.0.220,123,53006,N/A,N/A,N/A,N/A,,,0
1759293025,eth0,90,Ethernet,IPv4,UDP,N/A,v4,149.248.12.115,172.30.0.220,123,53006,N/A,N/A,N/A,N/A,,,0
1759293026,any,109,N/A,N/A,N/A,N/A,N/A,N/A,N/A,N/A,N/A,N/A,N/A,N/A,N/A,,,0
1759293026,eth0,107,Ethernet,N/A,N/A,N/A,N/A,N/A,N/A,N/A,N/A,N/A,N/A,N/A,N/A,,,0
1759293027,eth0,90,Ethernet,IPv6,ICMP,N/A,v6,fe80::5ca9:83ff:fe87:27,ff02::179,N/A,N/A,N/A,N/A,N/A,N/A,,,0
1759293027,eth0,54,Ethernet,IPv4,N/A,N/A,v4,172.30.0.220,224.0.0.22,N/A,N/A,N/A,N/A,N/A,N/A,,,0
1759293027,any,92,N/A,IPv6,ICMP,N/A,v6,fe80::5ca9:83ff:fe87:27,ff02::179,N/A,N/A,N/A,N/A,N/A,N/A,,,0
1759293027,eth0,356,Ethernet,IPv4,UDP,N/A,v4,0.0.0.0,255.255.255.255,68,67,N/A,N/A,N/A,N/A,,,0
1759293027,any,358,N/A,IPv4,UDP,N/A,v4,0.0.0.0,255.255.255.255,68,67,N/A,N/A,N/A,N/A,,,0
1759293027,eth0,368,Ethernet,IPv4,UDP,N/A,v4,0.0.0.0,255.255.255.255,68,67,N/A,N/A,N/A,N/A,,,0
1759293027,any,370,N/A,IPv4,UDP,N/A,v4,0.0.0.0,255.255.255.255,68,67,N/A,N/A,N/A,N/A,,,0
1759293027,eth1,110,Ethernet,IPv6,ICMP,N/A,v6,fe80::a824:52ff:fe4f:69,ff02::179,N/A,N/A,N/A,N/A,N/A,N/A,,,0
1759293027,any,112,N/A,IPv6,ICMP,N/A,v6,fe80::a824:52ff:fe4f:69,ff02::179,N/A,N/A,N/A,N/A,N/A,N/A,,,0
1759293027,any,112,N/A,IPv6,ICMP,N/A,v6,fe80::5ca9:83ff:fe87:27,ff02::179,N/A,N/A,N/A,N/A,N/A,N/A,,,0
1759293027,eth0,110,Ethernet,IPv6,ICMP,N/A,v6,fe80::5ca9:83ff:fe87:27,ff02::179,N/A,N/A,N/A,N/A,N/A,N/A,,,0
1759293027,eth0,54,Ethernet,IPv4,N/A,N/A,v4,172.30.0.220,224.0.0.22,N/A,N/A,N/A,N/A,N/A,N/A,,,0
1759293027,any,112,N/A,IPv6,ICMP,N/A,v6,fe80::5ca9:83ff:fe87:27,ff02::179,N/A,N/A,N/A,N/A,N/A,N/A,,,0
1759293027,eth0,110,Ethernet,IPv6,ICMP,N/A,v6,fe80::5ca9:83ff:fe87:27,ff02::179,N/A,N/A,N/A,N/A,N/A,N/A,,,0
1759293027,any,112,N/A,IPv6,ICMP,N/A,v6,fe80::a824:52ff:fe4f:69,ff02::179,N/A,N/A,N/A,N/A,N/A,N/A,,,0
1759293027,eth1,110,Ethernet,IPv6,ICMP,N/A,v6,fe80::a824:52ff:fe4f:69,ff02::179,N/A,N/A,N/A,N/A,N/A,N/A,,,0
1759293027,any,44,ARP,N/A,N/A,N/A,N/A,N/A,N/A,N/A,N/A,1,2048,172.30.0.220,172.30.0.122,,,0
1759293027,eth0,42,Ethernet,N/A,N/A,N/A,N/A,N/A,N/A,N/A,N/A,N/A,N/A,N/A,N/A,,,0
1759293027,eth0,56,Ethernet,N/A,N/A,N/A,N/A,N/A,N/A,N/A,N/A,N/A,N/A,N/A,N/A,,,0
1759293027,eth0,56,Ethernet,N/A,N/A,N/A,N/A,N/A,N/A,N/A,N/A,N/A,N/A,N/A,N/A,,,0
1759293027,any,58,ARP,N/A,N/A,N/A,N/A,N/A,N/A,N/A,N/A,2,2048,172.30.0.122,172.30.0.220,,,0
1759293027,any,58,ARP,N/A,N/A,N/A,N/A,N/A,N/A,N/A,N/A,2,2048,172.30.0.122,172.30.0.220,,,0
1759293028,any,56,N/A,IPv4,N/A,N/A,v4,172.30.0.220,224.0.0.22,N/A,N/A,N/A,N/A,N/A,N/A,,,0
1759293028,eth0,54,Ethernet,IPv4,N/A,N/A,v4,172.30.0.220,224.0.0.22,N/A,N/A,N/A,N/A,N/A,N/A,,,0
1759293028,eth0,107,Ethernet,N/A,N/A,N/A,N/A,N/A,N/A,N/A,N/A,N/A,N/A,N/A,N/A,,,0
1759293028,eth0,70,Ethernet,IPv6,ICMP,N/A,v6,fe80::5ca9:83ff:fe87:27,ff02::204,N/A,N/A,N/A,N/A,N/A,N/A,,,0
1759293028,any,72,N/A,IPv6,ICMP,N/A,v6,fe80::a824:52ff:fe4f:69,ff02::204,N/A,N/A,N/A,N/A,N/A,N/A,,,0
1759293028,eth1,70,Ethernet,IPv6,ICMP,N/A,v6,fe80::a824:52ff:fe4f:69,ff02::204,N/A,N/A,N/A,N/A,N/A,N/A,,,0
1759293029,eth0,107,Ethernet,N/A,N/A,N/A,N/A,N/A,N/A,N/A,N/A,N/A,N/A,N/A,N/A,,,0
1759293029,any,109,N/A,N/A,N/A,N/A,N/A,N/A,N/A,N/A,N/A,N/A,N/A,N/A,N/A,,,0
1759293031,any,109,N/A,N/A,N/A,N/A,N/A,N/A,N/A,N/A,N/A,N/A,N/A,N/A,N/A,,,0
1759293031,eth0,107,Ethernet,N/A,N/A,N/A,N/A,N/A,N/A,N/A,N/A,N/A,N/A,N/A,N/A,,,0
1759293032,eth0,107,Ethernet,N/A,N/A,N/A,N/A,N/A,N/A,N/A,N/A,N/A,N/A,N/A,N/A,,,0
1759293032,any,109,N/A,N/A,N/A,N/A,N/A,N/A,N/A,N/A,N/A,N/A,N/A,N/A,N/A,,,0
1759293032,any,72,N/A,IPv6,ICMP,N/A,v6,fe80::a824:52ff:fe4f:69,ff02::204,N/A,N/A,N/A,N/A,N/A,N/A,,,0
1759293032,eth1,70,Ethernet,IPv6,ICMP,N/A,v6,fe80::a824:52ff:fe4f:69,ff02::204,N/A,N/A,N/A,N/A,N/A,N/A,,,0
1759293032,eth0,90,Ethernet,IPv6,ICMP,N/A,v6,fe80::5ca9:83ff:fe87:27,ff02::179,N/A,N/A,N/A,N/A,N/A,N/A,,,0
1759293032,eth0,54,Ethernet,IPv4,N/A,N/A,v4,172.30.0.220,224.0.0.22,N/A,N/A,N/A,N/A,N/A,N/A,,,0
1759293032,any,92,N/A,IPv6,ICMP,N/A,v6,fe80::5ca9:83ff:fe87:27,ff02::179,N/A,N/A,N/A,N/A,N/A,N/A,,,0
1759293032,eth0,87,Ethernet,IPv6,UDP,N/A,v6,fe80::5ca9:83ff:fe87:27,ff02::1:52,5355,5355,N/A,N/A,N/A,N/A,,,0
1759293032,any,89,N/A,IPv6,UDP,N/A,v6,fe80::5ca9:83ff:fe87:27,ff02::1:52,5355,5355,N/A,N/A,N/A,N/A,,,0
1759293032,eth0,67,Ethernet,IPv4,UDP,N/A,v4,172.30.0.220,224.0.0.252,5355,5355,N/A,N/A,N/A,N/A,,,0
1759293032,any,69,N/A,IPv4,UDP,N/A,v4,172.30.0.220,224.0.0.252,5355,5355,N/A,N/A,N/A,N/A,,,0
1759293032,eth0,356,Ethernet,IPv4,UDP,N/A,v4,0.0.0.0,255.255.255.255,68,67,N/A,N/A,N/A,N/A,,,0
1759293032,any,358,N/A,IPv4,UDP,N/A,v4,0.0.0.0,255.255.255.255,68,67,N/A,N/A,N/A,N/A,,,0
1759293032,eth0,368,Ethernet,IPv4,UDP,N/A,v4,0.0.0.0,255.255.255.255,68,67,N/A,N/A,N/A,N/A,,,0
1759293032,any,370,N/A,IPv4,UDP,N/A,v4,0.0.0.0,255.255.255.255,68,67,N/A,N/A,N/A,N/A,,,0
1759293032,any,112,N/A,IPv6,ICMP,N/A,v6,fe80::a824:52ff:fe4f:69,ff02::179,N/A,N/A,N/A,N/A,N/A,N/A,,,0
1759293032,any,112,N/A,IPv6,ICMP,N/A,v6,fe80::5ca9:83ff:fe87:27,ff02::179,N/A,N/A,N/A,N/A,N/A,N/A,,,0
1759293032,any,44,ARP,N/A,N/A,N/A,N/A,N/A,N/A,N/A,N/A,1,2048,172.30.0.220,172.30.0.122,,,0
1759293032,any,58,ARP,N/A,N/A,N/A,N/A,N/A,N/A,N/A,N/A,2,2048,172.30.0.122,172.30.0.220,,,0
1759293032,any,112,N/A,IPv6,ICMP,N/A,v6,fe80::a824:52ff:fe4f:69,ff02::179,N/A,N/A,N/A,N/A,N/A,N/A,,,0
1759293032,eth1,110,Ethernet,IPv6,ICMP,N/A,v6,fe80::a824:52ff:fe4f:69,ff02::179,N/A,N/A,N/A,N/A,N/A,N/A,,,0
1759293032,eth1,110,Ethernet,IPv6,ICMP,N/A,v6,fe80::a824:52ff:fe4f:69,ff02::179,N/A,N/A,N/A,N/A,N/A,N/A,,,0
1759293032,eth0,110,Ethernet,IPv6,ICMP,N/A,v6,fe80::5ca9:83ff:fe87:27,ff02::179,N/A,N/A,N/A,N/A,N/A,N/A,,,0
1759293032,eth0,54,Ethernet,IPv4,N/A,N/A,v4,172.30.0.220,224.0.0.22,N/A,N/A,N/A,N/A,N/A,N/A,,,0
1759293032,eth0,42,Ethernet,N/A,N/A,N/A,N/A,N/A,N/A,N/A,N/A,N/A,N/A,N/A,N/A,,,0
1759293032,eth0,56,Ethernet,N/A,N/A,N/A,N/A,N/A,N/A,N/A,N/A,N/A,N/A,N/A,N/A,,,0
1759293032,eth0,56,Ethernet,N/A,N/A,N/A,N/A,N/A,N/A,N/A,N/A,N/A,N/A,N/A,N/A,,,0
1759293033,eth0,110,Ethernet,IPv6,ICMP,N/A,v6,fe80::5ca9:83ff:fe87:27,ff02::179,N/A,N/A,N/A,N/A,N/A,N/A,,,0
1759293033,any,112,N/A,IPv6,ICMP,N/A,v6,fe80::5ca9:83ff:fe87:27,ff02::179,N/A,N/A,N/A,N/A,N/A,N/A,,,0
1759293033,eth0,54,Ethernet,IPv4,N/A,N/A,v4,172.30.0.220,224.0.0.22,N/A,N/A,N/A,N/A,N/A,N/A,,,0
1759293033,any,56,N/A,IPv4,N/A,N/A,v4,172.30.0.220,224.0.0.22,N/A,N/A,N/A,N/A,N/A,N/A,,,0
1759293033,eth0,70,Ethernet,IPv6,ICMP,N/A,v6,fe80::5ca9:83ff:fe87:27,ff02::204,N/A,N/A,N/A,N/A,N/A,N/A,,,0
1759293033,any,72,N/A,IPv6,ICMP,N/A,v6,fe80::a824:52ff:fe4f:69,ff02::204,N/A,N/A,N/A,N/A,N/A,N/A,,,0
1759293033,eth1,70,Ethernet,IPv6,ICMP,N/A,v6,fe80::a824:52ff:fe4f:69,ff02::204,N/A,N/A,N/A,N/A,N/A,N/A,,,0
1759293033,eth0,107,Ethernet,N/A,N/A,N/A,N/A,N/A,N/A,N/A,N/A,N/A,N/A,N/A,N/A,,,0
1759293033,any,109,N/A,N/A,N/A,N/A,N/A,N/A,N/A,N/A,N/A,N/A,N/A,N/A,N/A,,,0
1759293034,any,109,N/A,N/A,N/A,N/A,N/A,N/A,N/A,N/A,N/A,N/A,N/A,N/A,N/A,,,0
1759293034,eth0,107,Ethernet,N/A,N/A,N/A,N/A,N/A,N/A,N/A,N/A,N/A,N/A,N/A,N/A,,,0
1759293035,eth0,107,Ethernet,N/A,N/A,N/A,N/A,N/A,N/A,N/A,N/A,N/A,N/A,N/A,N/A,,,0
1759293035,any,109,N/A,N/A,N/A,N/A,N/A,N/A,N/A,N/A,N/A,N/A,N/A,N/A,N/A,,,0
1759293036,eth0,90,Ethernet,IPv6,ICMP,N/A,v6,fe80::5ca9:83ff:fe87:27,ff02::179,N/A,N/A,N/A,N/A,N/A,N/A,,,0
1759293036,eth0,54,Ethernet,IPv4,N/A,N/A,v4,172.30.0.220,224.0.0.22,N/A,N/A,N/A,N/A,N/A,N/A,,,0
1759293036,any,92,N/A,IPv6,ICMP,N/A,v6,fe80::5ca9:83ff:fe87:27,ff02::179,N/A,N/A,N/A,N/A,N/A,N/A,,,0
1759293036,eth0,87,Ethernet,IPv6,UDP,N/A,v6,fe80::5ca9:83ff:fe87:27,ff02::1:52,5355,5355,N/A,N/A,N/A,N/A,,,0
1759293036,any,89,N/A,IPv6,UDP,N/A,v6,fe80::5ca9:83ff:fe87:27,ff02::1:52,5355,5355,N/A,N/A,N/A,N/A,,,0
1759293036,eth0,356,Ethernet,IPv4,UDP,N/A,v4,0.0.0.0,255.255.255.255,68,67,N/A,N/A,N/A,N/A,,,0
1759293036,any,358,N/A,IPv4,UDP,N/A,v4,0.0.0.0,255.255.255.255,68,67,N/A,N/A,N/A,N/A,,,0
1759293036,eth0,368,Ethernet,IPv4,UDP,N/A,v4,0.0.0.0,255.255.255.255,68,67,N/A,N/A,N/A,N/A,,,0
1759293036,any,370,N/A,IPv4,UDP,N/A,v4,0.0.0.0,255.255.255.255,68,67,N/A,N/A,N/A,N/A,,,0
1759293036,eth1,110,Ethernet,IPv6,ICMP,N/A,v6,fe80::a824:52ff:fe4f:69,ff02::179,N/A,N/A,N/A,N/A,N/A,N/A,,,0
1759293036,any,56,N/A,IPv4,N/A,N/A,v4,172.30.0.220,224.0.0.22,N/A,N/A,N/A,N/A,N/A,N/A,,,0
1759293036,eth0,54,Ethernet,IPv4,N/A,N/A,v4,172.30.0.220,224.0.0.22,N/A,N/A,N/A,N/A,N/A,N/A,,,0
1759293036,any,112,N/A,IPv6,ICMP,N/A,v6,fe80::5ca9:83ff:fe87:27,ff02::179,N/A,N/A,N/A,N/A,N/A,N/A,,,0
1759293036,eth0,110,Ethernet,IPv6,ICMP,N/A,v6,fe80::5ca9:83ff:fe87:27,ff02::179,N/A,N/A,N/A,N/A,N/A,N/A,,,0
1759293037,any,112,N/A,IPv6,ICMP,N/A,v6,fe80::5ca9:83ff:fe87:27,ff02::179,N/A,N/A,N/A,N/A,N/A,N/A,,,0
1759293037,eth0,110,Ethernet,IPv6,ICMP,N/A,v6,fe80::5ca9:83ff:fe87:27,ff02::179,N/A,N/A,N/A,N/A,N/A,N/A,,,0
1759293037,eth0,54,Ethernet,IPv4,N/A,N/A,v4,172.30.0.220,224.0.0.22,N/A,N/A,N/A,N/A,N/A,N/A,,,0
1759293037,any,112,N/A,IPv6,ICMP,N/A,v6,fe80::a824:52ff:fe4f:69,ff02::179,N/A,N/A,N/A,N/A,N/A,N/A,,,0
1759293037,eth1,110,Ethernet,IPv6,ICMP,N/A,v6,fe80::a824:52ff:fe4f:69,ff02::179,N/A,N/A,N/A,N/A,N/A,N/A,,,0
1759293037,eth1,70,Ethernet,IPv6,ICMP,N/A,v6,fe80::a824:52ff:fe4f:69,ff02::204,N/A,N/A,N/A,N/A,N/A,N/A,,,0
1759293037,any,72,N/A,IPv6,ICMP,N/A,v6,fe80::a824:52ff:fe4f:69,ff02::204,N/A,N/A,N/A,N/A,N/A,N/A,,,0
1759293037,eth0,70,Ethernet,IPv6,ICMP,N/A,v6,fe80::5ca9:83ff:fe87:27,ff02::204,N/A,N/A,N/A,N/A,N/A,N/A,,,0
1759293037,any,72,N/A,IPv6,ICMP,N/A,v6,fe80::5ca9:83ff:fe87:27,ff02::204,N/A,N/A,N/A,N/A,N/A,N/A,,,0
1759293037,eth0,107,Ethernet,N/A,N/A,N/A,N/A,N/A,N/A,N/A,N/A,N/A,N/A,N/A,N/A,,,0
1759293037,any,109,N/A,N/A,N/A,N/A,N/A,N/A,N/A,N/A,N/A,N/A,N/A,N/A,N/A,,,0
1759293037,any,44,ARP,N/A,N/A,N/A,N/A,N/A,N/A,N/A,N/A,1,2048,172.30.0.220,172.30.0.122,,,0
1759293037,any,58,ARP,N/A,N/A,N/A,N/A,N/A,N/A,N/A,N/A,2,2048,172.30.0.122,172.30.0.220,,,0
1759293037,eth0,42,Ethernet,N/A,N/A,N/A,N/A,N/A,N/A,N/A,N/A,N/A,N/A,N/A,N/A,,,0
1759293037,eth0,56,Ethernet,N/A,N/A,N/A,N/A,N/A,N/A,N/A,N/A,N/A,N/A,N/A,N/A,,,0
1759293037,eth0,56,Ethernet,N/A,N/A,N/A,N/A,N/A,N/A,N/A,N/A,N/A,N/A,N/A,N/A,,,0
1759293039,eth0,107,Ethernet,N/A,N/A,N/A,N/A,N/A,N/A,N/A,N/A,N/A,N/A,N/A,N/A,,,0
1759293039,any,109,N/A,N/A,N/A,N/A,N/A,N/A,N/A,N/A,N/A,N/A,N/A,N/A,N/A,,,0
1759293040,eth0,107,Ethernet,N/A,N/A,N/A,N/A,N/A,N/A,N/A,N/A,N/A,N/A,N/A,N/A,,,0
1759293040,any,109,N/A,N/A,N/A,N/A,N/A,N/A,N/A,N/A,N/A,N/A,N/A,N/A,N/A,,,0
1759293041,eth0,90,Ethernet,IPv6,ICMP,N/A,v6,fe80::5ca9:83ff:fe87:27,ff02::179,N/A,N/A,N/A,N/A,N/A,N/A,,,0
1759293041,eth0,54,Ethernet,IPv4,N/A,N/A,v4,172.30.0.220,224.0.0.22,N/A,N/A,N/A,N/A,N/A,N/A,,,0
1759293041,any,92,N/A,IPv6,ICMP,N/A,v6,fe80::5ca9:83ff:fe87:27,ff02::179,N/A,N/A,N/A,N/A,N/A,N/A,,,0
1759293041,eth0,67,Ethernet,IPv4,UDP,N/A,v4,172.30.0.220,224.0.0.252,5355,5355,N/A,N/A,N/A,N/A,,,0
1759293041,any,69,N/A,IPv4,UDP,N/A,v4,172.30.0.220,224.0.0.252,5355,5355,N/A,N/A,N/A,N/A,,,0
1759293041,eth0,356,Ethernet,IPv4,UDP,N/A,v4,0.0.0.0,255.255.255.255,68,67,N/A,N/A,N/A,N/A,,,0
1759293041,any,358,N/A,IPv4,UDP,N/A,v4,0.0.0.0,255.255.255.255,68,67,N/A,N/A,N/A,N/A,,,0
1759293041,eth0,368,Ethernet,IPv4,UDP,N/A,v4,0.0.0.0,255.255.255.255,68,67,N/A,N/A,N/A,N/A,,,0
1759293041,any,370,N/A,IPv4,UDP,N/A,v4,0.0.0.0,255.255.255.255,68,67,N/A,N/A,N/A,N/A,,,0
1759293041,eth1,110,Ethernet,IPv6,ICMP,N/A,v6,fe80::a824:52ff:fe4f:69,ff02::179,N/A,N/A,N/A,N/A,N/A,N/A,,,0
1759293041,any,112,N/A,IPv6,ICMP,N/A,v6,fe80::a824:52ff:fe4f:69,ff02::179,N/A,N/A,N/A,N/A,N/A,N/A,,,0
1759293041,eth0,54,Ethernet,IPv4,N/A,N/A,v4,172.30.0.220,224.0.0.22,N/A,N/A,N/A,N/A,N/A,N/A,,,0
1759293041,any,56,N/A,IPv4,N/A,N/A,v4,172.30.0.220,224.0.0.22,N/A,N/A,N/A,N/A,N/A,N/A,,,0
1759293041,eth0,110,Ethernet,IPv6,ICMP,N/A,v6,fe80::5ca9:83ff:fe87:27,ff02::179,N/A,N/A,N/A,N/A,N/A,N/A,,,0
1759293041,any,112,N/A,IPv6,ICMP,N/A,v6,fe80::5ca9:83ff:fe87:27,ff02::179,N/A,N/A,N/A,N/A,N/A,N/A,,,0
1759293041,eth0,42,Ethernet,N/A,N/A,N/A,N/A,N/A,N/A,N/A,N/A,N/A,N/A,N/A,N/A,,,0
1759293041,eth0,56,Ethernet,N/A,N/A,N/A,N/A,N/A,N/A,N/A,N/A,N/A,N/A,N/A,N/A,,,0
1759293041,eth0,56,Ethernet,N/A,N/A,N/A,N/A,N/A,N/A,N/A,N/A,N/A,N/A,N/A,N/A,,,0
1759293041,any,44,ARP,N/A,N/A,N/A,N/A,N/A,N/A,N/A,N/A,1,2048,172.30.0.220,172.30.0.122,,,0
1759293041,any,58,ARP,N/A,N/A,N/A,N/A,N/A,N/A,N/A,N/A,2,2048,172.30.0.122,172.30.0.220,,,0
1759293042,eth0,110,Ethernet,IPv6,ICMP,N/A,v6,fe80::5ca9:83ff:fe87:27,ff02::179,N/A,N/A,N/A,N/A,N/A,N/A,,,0
1759293042,any,112,N/A,IPv6,ICMP,N/A,v6,fe80::5ca9:83ff:fe87:27,ff02::179,N/A,N/A,N/A,N/A,N/A,N/A,,,0
1759293042,any,56,N/A,IPv4,N/A,N/A,v4,172.30.0.220,224.0.0.22,N/A,N/A,N/A,N/A,N/A,N/A,,,0
1759293042,eth0,54,Ethernet,IPv4,N/A,N/A,v4,172.30.0.220,224.0.0.22,N/A,N/A,N/A,N/A,N/A,N/A,,,0
1759293042,any,112,N/A,IPv6,ICMP,N/A,v6,fe80::a824:52ff:fe4f:69,ff02::179,N/A,N/A,N/A,N/A,N/A,N/A,,,0
1759293042,eth1,110,Ethernet,IPv6,ICMP,N/A,v6,fe80::a824:52ff:fe4f:69,ff02::179,N/A,N/A,N/A,N/A,N/A,N/A,,,0
1759293042,eth0,70,Ethernet,IPv6,ICMP,N/A,v6,fe80::5ca9:83ff:fe87:27,ff02::204,N/A,N/A,N/A,N/A,N/A,N/A,,,0
1759293042,eth1,70,Ethernet,IPv6,ICMP,N/A,v6,fe80::a824:52ff:fe4f:69,ff02::204,N/A,N/A,N/A,N/A,N/A,N/A,,,0
1759293042,any,72,N/A,IPv6,ICMP,N/A,v6,fe80::a824:52ff:fe4f:69,ff02::204,N/A,N/A,N/A,N/A,N/A,N/A,,,0
1759293042,eth0,107,Ethernet,N/A,N/A,N/A,N/A,N/A,N/A,N/A,N/A,N/A,N/A,N/A,N/A,,,0
1759293042,any,109,N/A,N/A,N/A,N/A,N/A,N/A,N/A,N/A,N/A,N/A,N/A,N/A,N/A,,,0
1759293044,any,109,N/A,N/A,N/A,N/A,N/A,N/A,N/A,N/A,N/A,N/A,N/A,N/A,N/A,,,0
1759293044,eth0,107,Ethernet,N/A,N/A,N/A,N/A,N/A,N/A,N/A,N/A,N/A,N/A,N/A,N/A,,,0
1759293045,any,109,N/A,N/A,N/A,N/A,N/A,N/A,N/A,N/A,N/A,N/A,N/A,N/A,N/A,,,0
1759293045,eth0,107,Ethernet,N/A,N/A,N/A,N/A,N/A,N/A,N/A,N/A,N/A,N/A,N/A,N/A,,,0
1759293045,eth0,90,Ethernet,IPv6,ICMP,N/A,v6,fe80::5ca9:83ff:fe87:27,ff02::179,N/A,N/A,N/A,N/A,N/A,N/A,,,0
1759293045,eth0,54,Ethernet,IPv4,N/A,N/A,v4,172.30.0.220,224.0.0.22,N/A,N/A,N/A,N/A,N/A,N/A,,,0
1759293045,any,92,N/A,IPv6,ICMP,N/A,v6,fe80::5ca9:83ff:fe87:27,ff02::179,N/A,N/A,N/A,N/A,N/A,N/A,,,0
1759293045,eth0,87,Ethernet,IPv6,UDP,N/A,v6,fe80::5ca9:83ff:fe87:27,ff02::1:52,5355,5355,N/A,N/A,N/A,N/A,,,0
1759293045,any,89,N/A,IPv6,UDP,N/A,v6,fe80::5ca9:83ff:fe87:27,ff02::1:52,5355,5355,N/A,N/A,N/A,N/A,,,0
1759293045,eth0,356,Ethernet,IPv4,UDP,N/A,v4,0.0.0.0,255.255.255.255,68,67,N/A,N/A,N/A,N/A,,,0
1759293045,any,358,N/A,IPv4,UDP,N/A,v4,0.0.0.0,255.255.255.255,68,67,N/A,N/A,N/A,N/A,,,0
1759293045,eth1,110,Ethernet,IPv6,ICMP,N/A,v6,fe80::a824:52ff:fe4f:69,ff02::179,N/A,N/A,N/A,N/A,N/A,N/A,,,0
1759293046,eth0,368,Ethernet,IPv4,UDP,N/A,v4,0.0.0.0,255.255.255.255,68,67,N/A,N/A,N/A,N/A,,,0
1759293046,eth0,54,Ethernet,IPv4,N/A,N/A,v4,172.30.0.220,224.0.0.22,N/A,N/A,N/A,N/A,N/A,N/A,,,0
1759293046,eth0,110,Ethernet,IPv6,ICMP,N/A,v6,fe80::5ca9:83ff:fe87:27,ff02::179,N/A,N/A,N/A,N/A,N/A,N/A,,,0
1759293046,eth0,110,Ethernet,IPv6,ICMP,N/A,v6,fe80::5ca9:83ff:fe87:27,ff02::179,N/A,N/A,N/A,N/A,N/A,N/A,,,0
1759293046,eth0,42,Ethernet,N/A,N/A,N/A,N/A,N/A,N/A,N/A,N/A,N/A,N/A,N/A,N/A,,,0
1759293046,eth0,56,Ethernet,N/A,N/A,N/A,N/A,N/A,N/A,N/A,N/A,N/A,N/A,N/A,N/A,,,0
1759293046,eth0,56,Ethernet,N/A,N/A,N/A,N/A,N/A,N/A,N/A,N/A,N/A,N/A,N/A,N/A,,,0
1759293046,any,370,N/A,IPv4,UDP,N/A,v4,0.0.0.0,255.255.255.255,68,67,N/A,N/A,N/A,N/A,,,0
1759293046,any,56,N/A,IPv4,N/A,N/A,v4,172.30.0.220,224.0.0.22,N/A,N/A,N/A,N/A,N/A,N/A,,,0
1759293046,any,112,N/A,IPv6,ICMP,N/A,v6,fe80::5ca9:83ff:fe87:27,ff02::179,N/A,N/A,N/A,N/A,N/A,N/A,,,0
1759293046,any,112,N/A,IPv6,ICMP,N/A,v6,fe80::5ca9:83ff:fe87:27,ff02::179,N/A,N/A,N/A,N/A,N/A,N/A,,,0
1759293046,any,44,ARP,N/A,N/A,N/A,N/A,N/A,N/A,N/A,N/A,1,2048,172.30.0.220,172.30.0.122,,,0
1759293046,any,58,ARP,N/A,N/A,N/A,N/A,N/A,N/A,N/A,N/A,2,2048,172.30.0.122,172.30.0.220,,,0
1759293046,any,72,N/A,IPv6,ICMP,N/A,v6,fe80::a824:52ff:fe4f:69,ff02::204,N/A,N/A,N/A,N/A,N/A,N/A,,,0
1759293046,eth1,70,Ethernet,IPv6,ICMP,N/A,v6,fe80::a824:52ff:fe4f:69,ff02::204,N/A,N/A,N/A,N/A,N/A,N/A,,,0
1759293046,eth0,70,Ethernet,IPv6,ICMP,N/A,v6,fe80::5ca9:83ff:fe87:27,ff02::204,N/A,N/A,N/A,N/A,N/A,N/A,,,0
1759293046,any,56,N/A,IPv4,N/A,N/A,v4,172.30.0.220,224.0.0.22,N/A,N/A,N/A,N/A,N/A,N/A,,,0
1759293046,eth0,54,Ethernet,IPv4,N/A,N/A,v4,172.30.0.220,224.0.0.22,N/A,N/A,N/A,N/A,N/A,N/A,,,0
1759293046,any,112,N/A,IPv6,ICMP,N/A,v6,fe80::a824:52ff:fe4f:69,ff02::179,N/A,N/A,N/A,N/A,N/A,N/A,,,0
1759293046,eth1,110,Ethernet,IPv6,ICMP,N/A,v6,fe80::a824:52ff:fe4f:69,ff02::179,N/A,N/A,N/A,N/A,N/A,N/A,,,0
1759293047,eth0,107,Ethernet,N/A,N/A,N/A,N/A,N/A,N/A,N/A,N/A,N/A,N/A,N/A,N/A,,,0
1759293047,any,109,N/A,N/A,N/A,N/A,N/A,N/A,N/A,N/A,N/A,N/A,N/A,N/A,N/A,,,0
1759293048,eth0,107,Ethernet,N/A,N/A,N/A,N/A,N/A,N/A,N/A,N/A,N/A,N/A,N/A,N/A,,,0
1759293048,any,109,N/A,N/A,N/A,N/A,N/A,N/A,N/A,N/A,N/A,N/A,N/A,N/A,N/A,,,0
1759293049,eth0,110,Ethernet,IPv6,ICMP,N/A,v6,fe80::24f1:23ff:fe29:66,ff02::179,N/A,N/A,N/A,N/A,N/A,N/A,,,1
1759293049,any,112,N/A,IPv6,ICMP,N/A,v6,fe80::24f1:23ff:fe29:66,ff02::179,N/A,N/A,N/A,N/A,N/A,N/A,,,1
1759293049,eth0,42,Ethernet,N/A,N/A,N/A,N/A,N/A,N/A,N/A,N/A,N/A,N/A,N/A,N/A,,,1
1759293049,any,44,ARP,N/A,N/A,N/A,N/A,N/A,N/A,N/A,N/A,1,2048,172.30.0.23,172.30.0.122,,,1
1759293049,eth0,90,Ethernet,IPv6,ICMP,N/A,v6,fe80::24f1:23ff:fe29:66,ff02::179,N/A,N/A,N/A,N/A,N/A,N/A,,,1
1759293049,any,92,N/A,IPv6,ICMP,N/A,v6,fe80::24f1:23ff:fe29:66,ff02::179,N/A,N/A,N/A,N/A,N/A,N/A,,,1
1759293049,eth0,110,Ethernet,IPv6,ICMP,N/A,v6,fe80::b0b5:44ff:feea:219,ff02::179,N/A,N/A,N/A,N/A,N/A,N/A,,,1
1759293049,any,112,N/A,IPv6,ICMP,N/A,v6,fe80::b0b5:44ff:feea:219,ff02::179,N/A,N/A,N/A,N/A,N/A,N/A,,,1
1759293049,eth0,107,Ethernet,N/A,N/A,N/A,N/A,N/A,N/A,N/A,N/A,N/A,N/A,N/A,N/A,,,0
1759293049,any,109,N/A,N/A,N/A,N/A,N/A,N/A,N/A,N/A,N/A,N/A,N/A,N/A,N/A,,,0
1759293050,any,112,N/A,IPv6,ICMP,N/A,v6,fe80::780a:a9ff:fee6:89,ff02::179,N/A,N/A,N/A,N/A,N/A,N/A,,,1
1759293050,eth1,110,Ethernet,IPv6,ICMP,N/A,v6,fe80::780a:a9ff:fee6:89,ff02::179,N/A,N/A,N/A,N/A,N/A,N/A,,,1
1759293050,any,56,N/A,IPv4,N/A,N/A,v4,172.30.0.163,224.0.0.22,N/A,N/A,N/A,N/A,N/A,N/A,,,1
1759293050,eth0,54,Ethernet,IPv4,N/A,N/A,v4,172.30.0.163,224.0.0.22,N/A,N/A,N/A,N/A,N/A,N/A,,,1
1759293050,eth0,70,Ethernet,IPv6,ICMP,N/A,v6,fe80::b0b5:44ff:feea:219,ff02::204,N/A,N/A,N/A,N/A,N/A,N/A,,,1
1759293050,eth1,70,Ethernet,IPv6,ICMP,N/A,v6,fe80::780a:a9ff:fee6:89,ff02::204,N/A,N/A,N/A,N/A,N/A,N/A,,,1
1759293050,any,72,N/A,IPv6,ICMP,N/A,v6,fe80::780a:a9ff:fee6:89,ff02::204,N/A,N/A,N/A,N/A,N/A,N/A,,,1
1759293050,eth0,111,Ethernet,N/A,N/A,N/A,N/A,N/A,N/A,N/A,N/A,N/A,N/A,N/A,N/A,,,1
1759293050,any,113,N/A,N/A,N/A,N/A,N/A,N/A,N/A,N/A,N/A,N/A,N/A,N/A,N/A,,,1
1759293050,any,112,N/A,IPv6,ICMP,N/A,v6,fe80::7827:e3ff:fe68:239,ff02::179,N/A,N/A,N/A,N/A,N/A,N/A,,,1
1759293050,eth1,110,Ethernet,IPv6,ICMP,N/A,v6,fe80::7827:e3ff:fe68:239,ff02::179,N/A,N/A,N/A,N/A,N/A,N/A,,,1
1759293050,any,56,N/A,IPv4,N/A,N/A,v4,172.30.0.23,224.0.0.22,N/A,N/A,N/A,N/A,N/A,N/A,,,1
1759293050,eth0,54,Ethernet,IPv4,N/A,N/A,v4,172.30.0.23,224.0.0.22,N/A,N/A,N/A,N/A,N/A,N/A,,,1
1759293050,eth1,70,Ethernet,IPv6,ICMP,N/A,v6,fe80::7827:e3ff:fe68:239,ff02::204,N/A,N/A,N/A,N/A,N/A,N/A,,,1
1759293050,eth0,70,Ethernet,IPv6,ICMP,N/A,v6,fe80::24f1:23ff:fe29:66,ff02::204,N/A,N/A,N/A,N/A,N/A,N/A,,,1
1759293050,any,72,N/A,IPv6,ICMP,N/A,v6,fe80::24f1:23ff:fe29:66,ff02::204,N/A,N/A,N/A,N/A,N/A,N/A,,,1
1759293050,any,72,N/A,IPv6,ICMP,N/A,v6,fe80::7827:e3ff:fe68:239,ff02::204,N/A,N/A,N/A,N/A,N/A,N/A,,,1
1759293050,eth0,70,Ethernet,IPv6,ICMP,N/A,v6,fe80::5ca9:83ff:fe87:27,ff02::204,N/A,N/A,N/A,N/A,N/A,N/A,,,0
1759293050,any,72,N/A,IPv6,ICMP,N/A,v6,fe80::5ca9:83ff:fe87:27,ff02::204,N/A,N/A,N/A,N/A,N/A,N/A,,,0
1759293050,eth0,107,Ethernet,N/A,N/A,N/A,N/A,N/A,N/A,N/A,N/A,N/A,N/A,N/A,N/A,,,0
1759293050,any,109,N/A,N/A,N/A,N/A,N/A,N/A,N/A,N/A,N/A,N/A,N/A,N/A,N/A,,,0
1759293050,any,72,N/A,IPv6,ICMP,N/A,v6,fe80::a824:52ff:fe4f:69,ff02::204,N/A,N/A,N/A,N/A,N/A,N/A,,,0
1759293050,eth1,70,Ethernet,IPv6,ICMP,N/A,v6,fe80::a824:52ff:fe4f:69,ff02::204,N/A,N/A,N/A,N/A,N/A,N/A,,,0
1759293051,eth0,90,Ethernet,IPv6,ICMP,N/A,v6,fe80::5ca9:83ff:fe87:27,ff02::179,N/A,N/A,N/A,N/A,N/A,N/A,,,0
1759293051,eth0,54,Ethernet,IPv4,N/A,N/A,v4,172.30.0.220,224.0.0.22,N/A,N/A,N/A,N/A,N/A,N/A,,,0
1759293051,any,92,N/A,IPv6,ICMP,N/A,v6,fe80::5ca9:83ff:fe87:27,ff02::179,N/A,N/A,N/A,N/A,N/A,N/A,,,0
1759293051,eth0,87,Ethernet,IPv6,UDP,N/A,v6,fe80::5ca9:83ff:fe87:27,ff02::1:52,5355,5355,N/A,N/A,N/A,N/A,,,0
1759293051,eth0,67,Ethernet,IPv4,UDP,N/A,v4,172.30.0.220,224.0.0.252,5355,5355,N/A,N/A,N/A,N/A,,,0
1759293051,any,89,N/A,IPv6,UDP,N/A,v6,fe80::5ca9:83ff:fe87:27,ff02::1:52,5355,5355,N/A,N/A,N/A,N/A,,,0
1759293051,eth0,356,Ethernet,IPv4,UDP,N/A,v4,0.0.0.0,255.255.255.255,68,67,N/A,N/A,N/A,N/A,,,0
1759293051,any,358,N/A,IPv4,UDP,N/A,v4,0.0.0.0,255.255.255.255,68,67,N/A,N/A,N/A,N/A,,,0
1759293051,eth0,368,Ethernet,IPv4,UDP,N/A,v4,0.0.0.0,255.255.255.255,68,67,N/A,N/A,N/A,N/A,,,0
1759293051,any,370,N/A,IPv4,UDP,N/A,v4,0.0.0.0,255.255.255.255,68,67,N/A,N/A,N/A,N/A,,,0
1759293051,eth1,110,Ethernet,IPv6,ICMP,N/A,v6,fe80::a824:52ff:fe4f:69,ff02::179,N/A,N/A,N/A,N/A,N/A,N/A,,,0
1759293051,any,112,N/A,IPv6,ICMP,N/A,v6,fe80::a824:52ff:fe4f:69,ff02::179,N/A,N/A,N/A,N/A,N/A,N/A,,,0
1759293051,eth0,110,Ethernet,IPv6,ICMP,N/A,v6,fe80::5ca9:83ff:fe87:27,ff02::179,N/A,N/A,N/A,N/A,N/A,N/A,,,0
1759293051,eth0,54,Ethernet,IPv4,N/A,N/A,v4,172.30.0.220,224.0.0.22,N/A,N/A,N/A,N/A,N/A,N/A,,,0
1759293051,any,112,N/A,IPv6,ICMP,N/A,v6,fe80::5ca9:83ff:fe87:27,ff02::179,N/A,N/A,N/A,N/A,N/A,N/A,,,0
1759293051,eth0,42,Ethernet,N/A,N/A,N/A,N/A,N/A,N/A,N/A,N/A,N/A,N/A,N/A,N/A,,,0
1759293051,any,113,N/A,N/A,N/A,N/A,N/A,N/A,N/A,N/A,N/A,N/A,N/A,N/A,N/A,,,1
1759293051,eth0,111,Ethernet,N/A,N/A,N/A,N/A,N/A,N/A,N/A,N/A,N/A,N/A,N/A,N/A,,,1
1759293051,eth0,56,Ethernet,N/A,N/A,N/A,N/A,N/A,N/A,N/A,N/A,N/A,N/A,N/A,N/A,,,0
1759293051,eth0,56,Ethernet,N/A,N/A,N/A,N/A,N/A,N/A,N/A,N/A,N/A,N/A,N/A,N/A,,,0
1759293051,any,44,ARP,N/A,N/A,N/A,N/A,N/A,N/A,N/A,N/A,1,2048,172.30.0.220,172.30.0.122,,,0
1759293051,any,58,ARP,N/A,N/A,N/A,N/A,N/A,N/A,N/A,N/A,2,2048,172.30.0.122,172.30.0.220,,,0
1759293051,any,56,N/A,IPv4,N/A,N/A,v4,172.30.0.220,224.0.0.22,N/A,N/A,N/A,N/A,N/A,N/A,,,0
1759293051,eth0,54,Ethernet,IPv4,N/A,N/A,v4,172.30.0.220,224.0.0.22,N/A,N/A,N/A,N/A,N/A,N/A,,,0
1759293051,any,72,N/A,IPv6,ICMP,N/A,v6,fe80::a824:52ff:fe4f:69,ff02::204,N/A,N/A,N/A,N/A,N/A,N/A,,,0
1759293051,eth1,70,Ethernet,IPv6,ICMP,N/A,v6,fe80::a824:52ff:fe4f:69,ff02::204,N/A,N/A,N/A,N/A,N/A,N/A,,,0
1759293051,eth0,70,Ethernet,IPv6,ICMP,N/A,v6,fe80::5ca9:83ff:fe87:27,ff02::204,N/A,N/A,N/A,N/A,N/A,N/A,,,0
1759293051,any,112,N/A,IPv6,ICMP,N/A,v6,fe80::5ca9:83ff:fe87:27,ff02::179,N/A,N/A,N/A,N/A,N/A,N/A,,,0
1759293051,eth0,110,Ethernet,IPv6,ICMP,N/A,v6,fe80::5ca9:83ff:fe87:27,ff02::179,N/A,N/A,N/A,N/A,N/A,N/A,,,0
1759293051,any,112,N/A,IPv6,ICMP,N/A,v6,fe80::a824:52ff:fe4f:69,ff02::179,N/A,N/A,N/A,N/A,N/A,N/A,,,0
1759293051,eth1,110,Ethernet,IPv6,ICMP,N/A,v6,fe80::a824:52ff:fe4f:69,ff02::179,N/A,N/A,N/A,N/A,N/A,N/A,,,0
1759293052,eth0,90,Ethernet,IPv6,ICMP,N/A,v6,fe80::e48e:99ff:fe5f:147,ff02::179,N/A,N/A,N/A,N/A,N/A,N/A,,,1
1759293052,eth0,54,Ethernet,IPv4,N/A,N/A,v4,172.30.0.220,224.0.0.22,N/A,N/A,N/A,N/A,N/A,N/A,,,1
1759293052,any,92,N/A,IPv6,ICMP,N/A,v6,fe80::e48e:99ff:fe5f:147,ff02::179,N/A,N/A,N/A,N/A,N/A,N/A,,,1
1759293052,eth0,360,Ethernet,IPv4,UDP,N/A,v4,0.0.0.0,255.255.255.255,68,67,N/A,N/A,N/A,N/A,,,1
1759293052,any,362,N/A,IPv4,UDP,N/A,v4,0.0.0.0,255.255.255.255,68,67,N/A,N/A,N/A,N/A,,,1
1759293052,eth0,372,Ethernet,IPv4,UDP,N/A,v4,0.0.0.0,255.255.255.255,68,67,N/A,N/A,N/A,N/A,,,1
1759293052,any,374,N/A,IPv4,UDP,N/A,v4,0.0.0.0,255.255.255.255,68,67,N/A,N/A,N/A,N/A,,,1
1759293052,eth2,110,Ethernet,IPv6,ICMP,N/A,v6,fe80::dcac:f9ff:fe59:60,ff02::179,N/A,N/A,N/A,N/A,N/A,N/A,,,1
1759293052,any,112,N/A,IPv6,ICMP,N/A,v6,fe80::f056:abff:fe65:143,ff02::179,N/A,N/A,N/A,N/A,N/A,N/A,,,1
1759293052,eth1,110,Ethernet,IPv6,ICMP,N/A,v6,fe80::f056:abff:fe65:143,ff02::179,N/A,N/A,N/A,N/A,N/A,N/A,,,1
1759293052,any,112,N/A,IPv6,ICMP,N/A,v6,fe80::e48e:99ff:fe5f:147,ff02::179,N/A,N/A,N/A,N/A,N/A,N/A,,,1
1759293052,eth0,110,Ethernet,IPv6,ICMP,N/A,v6,fe80::e48e:99ff:fe5f:147,ff02::179,N/A,N/A,N/A,N/A,N/A,N/A,,,1
1759293052,eth0,54,Ethernet,IPv4,N/A,N/A,v4,172.30.0.220,224.0.0.22,N/A,N/A,N/A,N/A,N/A,N/A,,,1
1759293052,any,56,N/A,IPv4,N/A,N/A,v4,172.30.0.220,224.0.0.22,N/A,N/A,N/A,N/A,N/A,N/A,,,1
1759293052,eth0,54,Ethernet,IPv4,N/A,N/A,v4,172.30.0.220,224.0.0.22,N/A,N/A,N/A,N/A,N/A,N/A,,,1
1759293052,any,112,N/A,IPv6,ICMP,N/A,v6,fe80::dcac:f9ff:fe59:60,ff02::179,N/A,N/A,N/A,N/A,N/A,N/A,,,1
1759293052,eth2,110,Ethernet,IPv6,ICMP,N/A,v6,fe80::dcac:f9ff:fe59:60,ff02::179,N/A,N/A,N/A,N/A,N/A,N/A,,,1
1759293052,eth0,90,Ethernet,IPv6,ICMP,N/A,v6,fe80::ecf9:eff:fefb:55,ff02::179,N/A,N/A,N/A,N/A,N/A,N/A,,,1
1759293052,eth0,56,Ethernet,IPv4,N/A,N/A,v4,172.30.0.89,224.0.0.22,N/A,N/A,N/A,N/A,N/A,N/A,,,1
1759293052,any,92,N/A,IPv6,ICMP,N/A,v6,fe80::ecf9:eff:fefb:55,ff02::179,N/A,N/A,N/A,N/A,N/A,N/A,,,1
1759293052,any,112,N/A,IPv6,ICMP,N/A,v6,fe80::e48e:99ff:fe5f:147,ff02::179,N/A,N/A,N/A,N/A,N/A,N/A,,,1
1759293052,eth0,110,Ethernet,IPv6,ICMP,N/A,v6,fe80::e48e:99ff:fe5f:147,ff02::179,N/A,N/A,N/A,N/A,N/A,N/A,,,1
1759293052,any,69,N/A,IPv4,UDP,N/A,v4,172.30.0.89,224.0.0.252,5355,5355,N/A,N/A,N/A,N/A,,,1
1759293052,any,44,ARP,N/A,N/A,N/A,N/A,N/A,N/A,N/A,N/A,1,2048,172.30.0.220,172.30.0.122,,,1
1759293052,any,58,ARP,N/A,N/A,N/A,N/A,N/A,N/A,N/A,N/A,2,2048,172.30.0.122,172.30.0.220,,,1
1759293052,any,58,ARP,N/A,N/A,N/A,N/A,N/A,N/A,N/A,N/A,2,2048,172.30.0.122,172.30.0.220,,,1
1759293052,eth0,67,Ethernet,IPv4,UDP,N/A,v4,172.30.0.89,224.0.0.252,5355,5355,N/A,N/A,N/A,N/A,,,1
1759293052,eth0,87,Ethernet,IPv6,UDP,N/A,v6,fe80::ecf9:eff:fefb:55,ff02::1:52,5355,5355,N/A,N/A,N/A,N/A,,,1
1759293052,eth0,42,Ethernet,N/A,N/A,N/A,N/A,N/A,N/A,N/A,N/A,N/A,N/A,N/A,N/A,,,1
1759293052,eth0,56,Ethernet,N/A,N/A,N/A,N/A,N/A,N/A,N/A,N/A,N/A,N/A,N/A,N/A,,,1
1759293052,eth0,56,Ethernet,N/A,N/A,N/A,N/A,N/A,N/A,N/A,N/A,N/A,N/A,N/A,N/A,,,1
1759293052,any,358,N/A,IPv4,UDP,N/A,v4,0.0.0.0,255.255.255.255,68,67,N/A,N/A,N/A,N/A,,,1
1759293052,eth0,356,Ethernet,IPv4,UDP,N/A,v4,0.0.0.0,255.255.255.255,68,67,N/A,N/A,N/A,N/A,,,1
1759293052,eth0,368,Ethernet,IPv4,UDP,N/A,v4,0.0.0.0,255.255.255.255,68,67,N/A,N/A,N/A,N/A,,,1
1759293052,any,370,N/A,IPv4,UDP,N/A,v4,0.0.0.0,255.255.255.255,68,67,N/A,N/A,N/A,N/A,,,1
1759293052,any,112,N/A,IPv6,ICMP,N/A,v6,fe80::103b:bdff:fef0:169,ff02::179,N/A,N/A,N/A,N/A,N/A,N/A,,,1
1759293052,eth1,110,Ethernet,IPv6,ICMP,N/A,v6,fe80::103b:bdff:fef0:169,ff02::179,N/A,N/A,N/A,N/A,N/A,N/A,,,1
1759293052,any,112,N/A,IPv6,ICMP,N/A,v6,fe80::ecf9:eff:fefb:55,ff02::179,N/A,N/A,N/A,N/A,N/A,N/A,,,1
1759293052,eth0,110,Ethernet,IPv6,ICMP,N/A,v6,fe80::ecf9:eff:fefb:55,ff02::179,N/A,N/A,N/A,N/A,N/A,N/A,,,1
1759293052,eth0,56,Ethernet,IPv4,N/A,N/A,v4,172.30.0.89,224.0.0.22,N/A,N/A,N/A,N/A,N/A,N/A,,,1
1759293052,any,112,N/A,IPv6,ICMP,N/A,v6,fe80::f056:abff:fe65:143,ff02::179,N/A,N/A,N/A,N/A,N/A,N/A,,,1
1759293052,eth1,110,Ethernet,IPv6,ICMP,N/A,v6,fe80::f056:abff:fe65:143,ff02::179,N/A,N/A,N/A,N/A,N/A,N/A,,,1
1759293052,eth0,107,Ethernet,N/A,N/A,N/A,N/A,N/A,N/A,N/A,N/A,N/A,N/A,N/A,N/A,,,0
1759293052,any,109,N/A,N/A,N/A,N/A,N/A,N/A,N/A,N/A,N/A,N/A,N/A,N/A,N/A,,,0
1759293053,eth0,56,Ethernet,N/A,N/A,N/A,N/A,N/A,N/A,N/A,N/A,N/A,N/A,N/A,N/A,,,1
1759293053,any,58,ARP,N/A,N/A,N/A,N/A,N/A,N/A,N/A,N/A,1,2048,172.30.0.89,172.30.0.122,,,1
1759293053,any,112,N/A,IPv6,ICMP,N/A,v6,fe80::103b:bdff:fef0:169,ff02::179,N/A,N/A,N/A,N/A,N/A,N/A,,,1
1759293053,eth1,110,Ethernet,IPv6,ICMP,N/A,v6,fe80::103b:bdff:fef0:169,ff02::179,N/A,N/A,N/A,N/A,N/A,N/A,,,1
1759293053,eth0,56,Ethernet,IPv4,N/A,N/A,v4,172.30.0.89,224.0.0.22,N/A,N/A,N/A,N/A,N/A,N/A,,,1
1759293053,any,58,N/A,IPv4,N/A,N/A,v4,172.30.0.89,224.0.0.22,N/A,N/A,N/A,N/A,N/A,N/A,,,1
1759293053,any,72,N/A,IPv6,ICMP,N/A,v6,fe80::dcac:f9ff:fe59:60,ff02::204,N/A,N/A,N/A,N/A,N/A,N/A,,,1
1759293053,eth2,70,Ethernet,IPv6,ICMP,N/A,v6,fe80::dcac:f9ff:fe59:60,ff02::204,N/A,N/A,N/A,N/A,N/A,N/A,,,1
1759293053,eth1,70,Ethernet,IPv6,ICMP,N/A,v6,fe80::f056:abff:fe65:143,ff02::204,N/A,N/A,N/A,N/A,N/A,N/A,,,1
1759293053,eth0,111,Ethernet,N/A,N/A,N/A,N/A,N/A,N/A,N/A,N/A,N/A,N/A,N/A,N/A,,,1
1759293053,eth0,70,Ethernet,IPv6,ICMP,N/A,v6,fe80::e48e:99ff:fe5f:147,ff02::204,N/A,N/A,N/A,N/A,N/A,N/A,,,1
1759293053,any,92,N/A,IPv6,ICMP,N/A,v6,fe80::b0b5:44ff:feea:219,ff02::179,N/A,N/A,N/A,N/A,N/A,N/A,,,1
1759293053,eth0,90,Ethernet,IPv6,ICMP,N/A,v6,fe80::b0b5:44ff:feea:219,ff02::179,N/A,N/A,N/A,N/A,N/A,N/A,,,1
1759293053,eth0,54,Ethernet,IPv4,N/A,N/A,v4,172.30.0.163,224.0.0.22,N/A,N/A,N/A,N/A,N/A,N/A,,,1
1759293053,any,70,N/A,IPv4,UDP,N/A,v4,172.30.0.163,224.0.0.252,5355,5355,N/A,N/A,N/A,N/A,,,1
1759293053,eth0,68,Ethernet,IPv4,UDP,N/A,v4,172.30.0.163,224.0.0.252,5355,5355,N/A,N/A,N/A,N/A,,,1
1759293053,eth0,357,Ethernet,IPv4,UDP,N/A,v4,0.0.0.0,255.255.255.255,68,67,N/A,N/A,N/A,N/A,,,1
1759293053,any,359,N/A,IPv4,UDP,N/A,v4,0.0.0.0,255.255.255.255,68,67,N/A,N/A,N/A,N/A,,,1
1759293053,any,371,N/A,IPv4,UDP,N/A,v4,0.0.0.0,255.255.255.255,68,67,N/A,N/A,N/A,N/A,,,1
1759293053,eth0,369,Ethernet,IPv4,UDP,N/A,v4,0.0.0.0,255.255.255.255,68,67,N/A,N/A,N/A,N/A,,,1
1759293053,any,112,N/A,IPv6,ICMP,N/A,v6,fe80::780a:a9ff:fee6:89,ff02::179,N/A,N/A,N/A,N/A,N/A,N/A,,,1
1759293053,eth1,110,Ethernet,IPv6,ICMP,N/A,v6,fe80::780a:a9ff:fee6:89,ff02::179,N/A,N/A,N/A,N/A,N/A,N/A,,,1
1759293053,any,56,N/A,IPv4,N/A,N/A,v4,172.30.0.163,224.0.0.22,N/A,N/A,N/A,N/A,N/A,N/A,,,1
1759293053,eth0,54,Ethernet,IPv4,N/A,N/A,v4,172.30.0.163,224.0.0.22,N/A,N/A,N/A,N/A,N/A,N/A,,,1
1759293053,eth0,110,Ethernet,IPv6,ICMP,N/A,v6,fe80::b0b5:44ff:feea:219,ff02::179,N/A,N/A,N/A,N/A,N/A,N/A,,,1
1759293053,eth0,110,Ethernet,IPv6,ICMP,N/A,v6,fe80::ecf9:eff:fefb:55,ff02::179,N/A,N/A,N/A,N/A,N/A,N/A,,,1
1759293053,any,112,N/A,IPv6,ICMP,N/A,v6,fe80::ecf9:eff:fefb:55,ff02::179,N/A,N/A,N/A,N/A,N/A,N/A,,,1
1759293053,any,92,N/A,IPv6,ICMP,N/A,v6,fe80::24f1:23ff:fe29:66,ff02::179,N/A,N/A,N/A,N/A,N/A,N/A,,,1
1759293053,eth0,90,Ethernet,IPv6,ICMP,N/A,v6,fe80::24f1:23ff:fe29:66,ff02::179,N/A,N/A,N/A,N/A,N/A,N/A,,,1
1759293053,eth0,54,Ethernet,IPv4,N/A,N/A,v4,172.30.0.23,224.0.0.22,N/A,N/A,N/A,N/A,N/A,N/A,,,1
1759293053,eth0,42,Ethernet,N/A,N/A,N/A,N/A,N/A,N/A,N/A,N/A,N/A,N/A,N/A,N/A,,,1
1759293053,any,44,ARP,N/A,N/A,N/A,N/A,N/A,N/A,N/A,N/A,1,2048,172.30.0.163,172.30.0.122,,,1
1759293053,any,112,N/A,IPv6,ICMP,N/A,v6,fe80::780a:a9ff:fee6:89,ff02::179,N/A,N/A,N/A,N/A,N/A,N/A,,,1
1759293053,eth1,110,Ethernet,IPv6,ICMP,N/A,v6,fe80::780a:a9ff:fee6:89,ff02::179,N/A,N/A,N/A,N/A,N/A,N/A,,,1
1759293053,eth0,67,Ethernet,IPv4,UDP,N/A,v4,172.30.0.23,224.0.0.252,5355,5355,N/A,N/A,N/A,N/A,,,1
1759293053,eth0,87,Ethernet,IPv6,UDP,N/A,v6,fe80::24f1:23ff:fe29:66,ff02::1:52,5355,5355,N/A,N/A,N/A,N/A,,,1
1759293053,any,69,N/A,IPv4,UDP,N/A,v4,172.30.0.23,224.0.0.252,5355,5355,N/A,N/A,N/A,N/A,,,1
1759293053,any,358,N/A,IPv4,UDP,N/A,v4,0.0.0.0,255.255.255.255,68,67,N/A,N/A,N/A,N/A,,,1
1759293053,eth0,356,Ethernet,IPv4,UDP,N/A,v4,0.0.0.0,255.255.255.255,68,67,N/A,N/A,N/A,N/A,,,1
1759293053,eth0,368,Ethernet,IPv4,UDP,N/A,v4,0.0.0.0,255.255.255.255,68,67,N/A,N/A,N/A,N/A,,,1
1759293053,any,370,N/A,IPv4,UDP,N/A,v4,0.0.0.0,255.255.255.255,68,67,N/A,N/A,N/A,N/A,,,1
1759293053,eth1,110,Ethernet,IPv6,ICMP,N/A,v6,fe80::7827:e3ff:fe68:239,ff02::179,N/A,N/A,N/A,N/A,N/A,N/A,,,1
1759293053,any,112,N/A,IPv6,ICMP,N/A,v6,fe80::7827:e3ff:fe68:239,ff02::179,N/A,N/A,N/A,N/A,N/A,N/A,,,1
1759293053,any,112,N/A,IPv6,ICMP,N/A,v6,fe80::24f1:23ff:fe29:66,ff02::179,N/A,N/A,N/A,N/A,N/A,N/A,,,1
1759293053,eth0,110,Ethernet,IPv6,ICMP,N/A,v6,fe80::24f1:23ff:fe29:66,ff02::179,N/A,N/A,N/A,N/A,N/A,N/A,,,1
1759293053,any,112,N/A,IPv6,ICMP,N/A,v6,fe80::24f1:23ff:fe29:66,ff02::179,N/A,N/A,N/A,N/A,N/A,N/A,,,1
1759293053,eth0,110,Ethernet,IPv6,ICMP,N/A,v6,fe80::24f1:23ff:fe29:66,ff02::179,N/A,N/A,N/A,N/A,N/A,N/A,,,1
1759293053,eth0,54,Ethernet,IPv4,N/A,N/A,v4,172.30.0.23,224.0.0.22,N/A,N/A,N/A,N/A,N/A,N/A,,,1
1759293053,eth0,42,Ethernet,N/A,N/A,N/A,N/A,N/A,N/A,N/A,N/A,N/A,N/A,N/A,N/A,,,1
1759293053,any,44,ARP,N/A,N/A,N/A,N/A,N/A,N/A,N/A,N/A,1,2048,172.30.0.23,172.30.0.122,,,1
1759293053,eth0,107,Ethernet,N/A,N/A,N/A,N/A,N/A,N/A,N/A,N/A,N/A,N/A,N/A,N/A,,,0
1759293053,any,109,N/A,N/A,N/A,N/A,N/A,N/A,N/A,N/A,N/A,N/A,N/A,N/A,N/A,,,0
1759293054,eth1,70,Ethernet,IPv6,ICMP,N/A,v6,fe80::103b:bdff:fef0:169,ff02::204,N/A,N/A,N/A,N/A,N/A,N/A,,,1
1759293054,any,72,N/A,IPv6,ICMP,N/A,v6,fe80::ecf9:eff:fefb:55,ff02::204,N/A,N/A,N/A,N/A,N/A,N/A,,,1
1759293054,eth0,70,Ethernet,IPv6,ICMP,N/A,v6,fe80::ecf9:eff:fefb:55,ff02::204,N/A,N/A,N/A,N/A,N/A,N/A,,,1
1759293054,any,112,N/A,IPv6,ICMP,N/A,v6,fe80::b0b5:44ff:feea:219,ff02::179,N/A,N/A,N/A,N/A,N/A,N/A,,,1
1759293054,eth0,110,Ethernet,IPv6,ICMP,N/A,v6,fe80::b0b5:44ff:feea:219,ff02::179,N/A,N/A,N/A,N/A,N/A,N/A,,,1
1759293054,eth1,70,Ethernet,IPv6,ICMP,N/A,v6,fe80::780a:a9ff:fee6:89,ff02::204,N/A,N/A,N/A,N/A,N/A,N/A,,,1
1759293054,eth0,107,Ethernet,N/A,N/A,N/A,N/A,N/A,N/A,N/A,N/A,N/A,N/A,N/A,N/A,,,0
1759293054,any,109,N/A,N/A,N/A,N/A,N/A,N/A,N/A,N/A,N/A,N/A,N/A,N/A,N/A,,,0
1759293054,any,72,N/A,IPv6,ICMP,N/A,v6,fe80::780a:a9ff:fee6:89,ff02::204,N/A,N/A,N/A,N/A,N/A,N/A,,,1
1759293054,eth0,70,Ethernet,IPv6,ICMP,N/A,v6,fe80::b0b5:44ff:feea:219,ff02::204,N/A,N/A,N/A,N/A,N/A,N/A,,,1
1759293054,eth0,54,Ethernet,IPv4,N/A,N/A,v4,172.30.0.23,224.0.0.22,N/A,N/A,N/A,N/A,N/A,N/A,,,1
1759293054,any,56,N/A,IPv4,N/A,N/A,v4,172.30.0.23,224.0.0.22,N/A,N/A,N/A,N/A,N/A,N/A,,,1
1759293054,eth0,54,Ethernet,IPv4,N/A,N/A,v4,172.30.0.163,224.0.0.22,N/A,N/A,N/A,N/A,N/A,N/A,,,1
1759293054,any,56,N/A,IPv4,N/A,N/A,v4,172.30.0.163,224.0.0.22,N/A,N/A,N/A,N/A,N/A,N/A,,,1
1759293054,eth0,111,Ethernet,N/A,N/A,N/A,N/A,N/A,N/A,N/A,N/A,N/A,N/A,N/A,N/A,,,1
1759293054,any,113,N/A,N/A,N/A,N/A,N/A,N/A,N/A,N/A,N/A,N/A,N/A,N/A,N/A,,,1
1759293054,any,92,N/A,IPv6,ICMP,N/A,v6,fe80::24f1:23ff:fe29:66,ff02::179,N/A,N/A,N/A,N/A,N/A,N/A,,,1
1759293054,eth0,90,Ethernet,IPv6,ICMP,N/A,v6,fe80::24f1:23ff:fe29:66,ff02::179,N/A,N/A,N/A,N/A,N/A,N/A,,,1
1759293054,any,112,N/A,IPv6,ICMP,N/A,v6,fe80::7827:e3ff:fe68:239,ff02::179,N/A,N/A,N/A,N/A,N/A,N/A,,,1
1759293054,eth1,110,Ethernet,IPv6,ICMP,N/A,v6,fe80::7827:e3ff:fe68:239,ff02::179,N/A,N/A,N/A,N/A,N/A,N/A,,,1
1759293055,eth0,90,Ethernet,IPv6,ICMP,N/A,v6,fe80::5ca9:83ff:fe87:27,ff02::179,N/A,N/A,N/A,N/A,N/A,N/A,,,0
1759293055,eth0,54,Ethernet,IPv4,N/A,N/A,v4,172.30.0.220,224.0.0.22,N/A,N/A,N/A,N/A,N/A,N/A,,,0
1759293055,any,92,N/A,IPv6,ICMP,N/A,v6,fe80::5ca9:83ff:fe87:27,ff02::179,N/A,N/A,N/A,N/A,N/A,N/A,,,0
1759293055,eth0,67,Ethernet,IPv4,UDP,N/A,v4,172.30.0.220,224.0.0.252,5355,5355,N/A,N/A,N/A,N/A,,,0
1759293055,any,69,N/A,IPv4,UDP,N/A,v4,172.30.0.220,224.0.0.252,5355,5355,N/A,N/A,N/A,N/A,,,0
1759293055,eth0,356,Ethernet,IPv4,UDP,N/A,v4,0.0.0.0,255.255.255.255,68,67,N/A,N/A,N/A,N/A,,,0
1759293055,eth0,368,Ethernet,IPv4,UDP,N/A,v4,0.0.0.0,255.255.255.255,68,67,N/A,N/A,N/A,N/A,,,0
1759293055,eth0,54,Ethernet,IPv4,N/A,N/A,v4,172.30.0.220,224.0.0.22,N/A,N/A,N/A,N/A,N/A,N/A,,,0
1759293055,eth0,110,Ethernet,IPv6,ICMP,N/A,v6,fe80::5ca9:83ff:fe87:27,ff02::179,N/A,N/A,N/A,N/A,N/A,N/A,,,0
1759293055,eth0,54,Ethernet,IPv4,N/A,N/A,v4,172.30.0.220,224.0.0.22,N/A,N/A,N/A,N/A,N/A,N/A,,,0
1759293055,eth0,42,Ethernet,N/A,N/A,N/A,N/A,N/A,N/A,N/A,N/A,N/A,N/A,N/A,N/A,,,0
1759293055,eth0,56,Ethernet,N/A,N/A,N/A,N/A,N/A,N/A,N/A,N/A,N/A,N/A,N/A,N/A,,,0
1759293055,eth0,56,Ethernet,N/A,N/A,N/A,N/A,N/A,N/A,N/A,N/A,N/A,N/A,N/A,N/A,,,0
1759293055,any,358,N/A,IPv4,UDP,N/A,v4,0.0.0.0,255.255.255.255,68,67,N/A,N/A,N/A,N/A,,,0
1759293055,any,370,N/A,IPv4,UDP,N/A,v4,0.0.0.0,255.255.255.255,68,67,N/A,N/A,N/A,N/A,,,0
1759293055,any,56,N/A,IPv4,N/A,N/A,v4,172.30.0.220,224.0.0.22,N/A,N/A,N/A,N/A,N/A,N/A,,,0
1759293055,any,112,N/A,IPv6,ICMP,N/A,v6,fe80::5ca9:83ff:fe87:27,ff02::179,N/A,N/A,N/A,N/A,N/A,N/A,,,0
1759293055,any,56,N/A,IPv4,N/A,N/A,v4,172.30.0.220,224.0.0.22,N/A,N/A,N/A,N/A,N/A,N/A,,,0
1759293055,any,44,ARP,N/A,N/A,N/A,N/A,N/A,N/A,N/A,N/A,1,2048,172.30.0.220,172.30.0.122,,,0
1759293055,any,58,ARP,N/A,N/A,N/A,N/A,N/A,N/A,N/A,N/A,2,2048,172.30.0.122,172.30.0.220,,,0
1759293055,eth1,110,Ethernet,IPv6,ICMP,N/A,v6,fe80::a824:52ff:fe4f:69,ff02::179,N/A,N/A,N/A,N/A,N/A,N/A,,,0
1759293055,any,72,N/A,IPv6,ICMP,N/A,v6,fe80::7827:e3ff:fe68:239,ff02::204,N/A,N/A,N/A,N/A,N/A,N/A,,,1
1759293055,eth1,70,Ethernet,IPv6,ICMP,N/A,v6,fe80::7827:e3ff:fe68:239,ff02::204,N/A,N/A,N/A,N/A,N/A,N/A,,,1
1759293055,eth0,70,Ethernet,IPv6,ICMP,N/A,v6,fe80::24f1:23ff:fe29:66,ff02::204,N/A,N/A,N/A,N/A,N/A,N/A,,,1
1759293055,eth0,111,Ethernet,N/A,N/A,N/A,N/A,N/A,N/A,N/A,N/A,N/A,N/A,N/A,N/A,,,1
1759293055,any,113,N/A,N/A,N/A,N/A,N/A,N/A,N/A,N/A,N/A,N/A,N/A,N/A,N/A,,,1
1759293056,any,112,N/A,IPv6,ICMP,N/A,v6,fe80::a824:52ff:fe4f:69,ff02::179,N/A,N/A,N/A,N/A,N/A,N/A,,,0
1759293056,eth1,110,Ethernet,IPv6,ICMP,N/A,v6,fe80::a824:52ff:fe4f:69,ff02::179,N/A,N/A,N/A,N/A,N/A,N/A,,,0
1759293056,any,112,N/A,IPv6,ICMP,N/A,v6,fe80::5ca9:83ff:fe87:27,ff02::179,N/A,N/A,N/A,N/A,N/A,N/A,,,0
1759293056,eth0,110,Ethernet,IPv6,ICMP,N/A,v6,fe80::5ca9:83ff:fe87:27,ff02::179,N/A,N/A,N/A,N/A,N/A,N/A,,,0
1759293056,eth0,107,Ethernet,N/A,N/A,N/A,N/A,N/A,N/A,N/A,N/A,N/A,N/A,N/A,N/A,,,0
1759293056,eth0,70,Ethernet,IPv6,ICMP,N/A,v6,fe80::5ca9:83ff:fe87:27,ff02::204,N/A,N/A,N/A,N/A,N/A,N/A,,,0
1759293056,any,72,N/A,IPv6,ICMP,N/A,v6,fe80::a824:52ff:fe4f:69,ff02::204,N/A,N/A,N/A,N/A,N/A,N/A,,,0
1759293056,eth1,70,Ethernet,IPv6,ICMP,N/A,v6,fe80::a824:52ff:fe4f:69,ff02::204,N/A,N/A,N/A,N/A,N/A,N/A,,,0
1759293056,eth0,111,Ethernet,N/A,N/A,N/A,N/A,N/A,N/A,N/A,N/A,N/A,N/A,N/A,N/A,,,1
1759293056,any,113,N/A,N/A,N/A,N/A,N/A,N/A,N/A,N/A,N/A,N/A,N/A,N/A,N/A,,,1
1759293057,eth0,107,Ethernet,N/A,N/A,N/A,N/A,N/A,N/A,N/A,N/A,N/A,N/A,N/A,N/A,,,0
1759293057,any,109,N/A,N/A,N/A,N/A,N/A,N/A,N/A,N/A,N/A,N/A,N/A,N/A,N/A,,,0
1759293057,eth0,90,Ethernet,IPv6,ICMP,N/A,v6,fe80::e48e:99ff:fe5f:147,ff02::179,N/A,N/A,N/A,N/A,N/A,N/A,,,1
1759293057,eth0,54,Ethernet,IPv4,N/A,N/A,v4,172.30.0.220,224.0.0.22,N/A,N/A,N/A,N/A,N/A,N/A,,,1
1759293057,any,92,N/A,IPv6,ICMP,N/A,v6,fe80::e48e:99ff:fe5f:147,ff02::179,N/A,N/A,N/A,N/A,N/A,N/A,,,1
1759293057,eth0,360,Ethernet,IPv4,UDP,N/A,v4,0.0.0.0,255.255.255.255,68,67,N/A,N/A,N/A,N/A,,,1
1759293057,any,362,N/A,IPv4,UDP,N/A,v4,0.0.0.0,255.255.255.255,68,67,N/A,N/A,N/A,N/A,,,1
1759293057,eth0,372,Ethernet,IPv4,UDP,N/A,v4,0.0.0.0,255.255.255.255,68,67,N/A,N/A,N/A,N/A,,,1
1759293057,eth0,110,Ethernet,IPv6,ICMP,N/A,v6,fe80::e48e:99ff:fe5f:147,ff02::179,N/A,N/A,N/A,N/A,N/A,N/A,,,1
1759293057,eth0,54,Ethernet,IPv4,N/A,N/A,v4,172.30.0.220,224.0.0.22,N/A,N/A,N/A,N/A,N/A,N/A,,,1
1759293057,eth0,42,Ethernet,N/A,N/A,N/A,N/A,N/A,N/A,N/A,N/A,N/A,N/A,N/A,N/A,,,1
1759293057,eth0,56,Ethernet,N/A,N/A,N/A,N/A,N/A,N/A,N/A,N/A,N/A,N/A,N/A,N/A,,,1
1759293057,eth0,56,Ethernet,N/A,N/A,N/A,N/A,N/A,N/A,N/A,N/A,N/A,N/A,N/A,N/A,,,1
1759293057,eth0,70,Ethernet,IPv6,ICMP,N/A,v6,fe80::ecf9:eff:fefb:55,ff02::204,N/A,N/A,N/A,N/A,N/A,N/A,,,1
1759293057,any,374,N/A,IPv4,UDP,N/A,v4,0.0.0.0,255.255.255.255,68,67,N/A,N/A,N/A,N/A,,,1
1759293057,any,112,N/A,IPv6,ICMP,N/A,v6,fe80::f056:abff:fe65:143,ff02::179,N/A,N/A,N/A,N/A,N/A,N/A,,,1
1759293057,any,112,N/A,IPv6,ICMP,N/A,v6,fe80::e48e:99ff:fe5f:147,ff02::179,N/A,N/A,N/A,N/A,N/A,N/A,,,1
1759293057,any,44,ARP,N/A,N/A,N/A,N/A,N/A,N/A,N/A,N/A,1,2048,172.30.0.220,172.30.0.122,,,1
1759293057,any,58,ARP,N/A,N/A,N/A,N/A,N/A,N/A,N/A,N/A,2,2048,172.30.0.122,172.30.0.220,,,1
1759293057,any,112,N/A,IPv6,ICMP,N/A,v6,fe80::f056:abff:fe65:143,ff02::179,N/A,N/A,N/A,N/A,N/A,N/A,,,1
1759293057,any,72,N/A,IPv6,ICMP,N/A,v6,fe80::ecf9:eff:fefb:55,ff02::204,N/A,N/A,N/A,N/A,N/A,N/A,,,1
1759293057,eth2,110,Ethernet,IPv6,ICMP,N/A,v6,fe80::dcac:f9ff:fe59:60,ff02::179,N/A,N/A,N/A,N/A,N/A,N/A,,,1
1759293057,eth1,110,Ethernet,IPv6,ICMP,N/A,v6,fe80::f056:abff:fe65:143,ff02::179,N/A,N/A,N/A,N/A,N/A,N/A,,,1
1759293057,eth1,110,Ethernet,IPv6,ICMP,N/A,v6,fe80::f056:abff:fe65:143,ff02::179,N/A,N/A,N/A,N/A,N/A,N/A,,,1
1759293057,any,72,N/A,IPv6,ICMP,N/A,v6,fe80::103b:bdff:fef0:169,ff02::204,N/A,N/A,N/A,N/A,N/A,N/A,,,1
1759293057,eth1,70,Ethernet,IPv6,ICMP,N/A,v6,fe80::103b:bdff:fef0:169,ff02::204,N/A,N/A,N/A,N/A,N/A,N/A,,,1
1759293057,any,72,N/A,IPv6,ICMP,N/A,v6,fe80::b0b5:44ff:feea:219,ff02::204,N/A,N/A,N/A,N/A,N/A,N/A,,,1
1759293057,eth0,70,Ethernet,IPv6,ICMP,N/A,v6,fe80::b0b5:44ff:feea:219,ff02::204,N/A,N/A,N/A,N/A,N/A,N/A,,,1
1759293058,eth0,90,Ethernet,IPv6,ICMP,N/A,v6,fe80::ecf9:eff:fefb:55,ff02::179,N/A,N/A,N/A,N/A,N/A,N/A,,,1
1759293058,eth0,56,Ethernet,IPv4,N/A,N/A,v4,172.30.0.89,224.0.0.22,N/A,N/A,N/A,N/A,N/A,N/A,,,1
1759293058,any,92,N/A,IPv6,ICMP,N/A,v6,fe80::ecf9:eff:fefb:55,ff02::179,N/A,N/A,N/A,N/A,N/A,N/A,,,1
1759293058,any,58,N/A,IPv4,N/A,N/A,v4,172.30.0.89,224.0.0.22,N/A,N/A,N/A,N/A,N/A,N/A,,,1
1759293058,eth0,56,Ethernet,IPv4,N/A,N/A,v4,172.30.0.89,224.0.0.22,N/A,N/A,N/A,N/A,N/A,N/A,,,1
1759293058,eth0,67,Ethernet,IPv4,UDP,N/A,v4,172.30.0.89,224.0.0.252,5355,5355,N/A,N/A,N/A,N/A,,,1
1759293058,eth0,87,Ethernet,IPv6,UDP,N/A,v6,fe80::ecf9:eff:fefb:55,ff02::1:52,5355,5355,N/A,N/A,N/A,N/A,,,1
1759293058,any,69,N/A,IPv4,UDP,N/A,v4,172.30.0.89,224.0.0.252,5355,5355,N/A,N/A,N/A,N/A,,,1
1759293058,any,358,N/A,IPv4,UDP,N/A,v4,0.0.0.0,255.255.255.255,68,67,N/A,N/A,N/A,N/A,,,1
1759293058,eth0,356,Ethernet,IPv4,UDP,N/A,v4,0.0.0.0,255.255.255.255,68,67,N/A,N/A,N/A,N/A,,,1
1759293058,eth0,368,Ethernet,IPv4,UDP,N/A,v4,0.0.0.0,255.255.255.255,68,67,N/A,N/A,N/A,N/A,,,1
1759293058,any,370,N/A,IPv4,UDP,N/A,v4,0.0.0.0,255.255.255.255,68,67,N/A,N/A,N/A,N/A,,,1
1759293058,any,112,N/A,IPv6,ICMP,N/A,v6,fe80::103b:bdff:fef0:169,ff02::179,N/A,N/A,N/A,N/A,N/A,N/A,,,1
1759293058,eth1,110,Ethernet,IPv6,ICMP,N/A,v6,fe80::103b:bdff:fef0:169,ff02::179,N/A,N/A,N/A,N/A,N/A,N/A,,,1
1759293058,any,112,N/A,IPv6,ICMP,N/A,v6,fe80::ecf9:eff:fefb:55,ff02::179,N/A,N/A,N/A,N/A,N/A,N/A,,,1
1759293058,eth0,110,Ethernet,IPv6,ICMP,N/A,v6,fe80::ecf9:eff:fefb:55,ff02::179,N/A,N/A,N/A,N/A,N/A,N/A,,,1
1759293058,eth0,56,Ethernet,IPv4,N/A,N/A,v4,172.30.0.89,224.0.0.22,N/A,N/A,N/A,N/A,N/A,N/A,,,1
1759293058,eth0,56,Ethernet,N/A,N/A,N/A,N/A,N/A,N/A,N/A,N/A,N/A,N/A,N/A,N/A,,,1
1759293058,any,58,ARP,N/A,N/A,N/A,N/A,N/A,N/A,N/A,N/A,1,2048,172.30.0.89,172.30.0.122,,,1
1759293058,any,112,N/A,IPv6,ICMP,N/A,v6,fe80::e48e:99ff:fe5f:147,ff02::179,N/A,N/A,N/A,N/A,N/A,N/A,,,1
1759293058,eth0,110,Ethernet,IPv6,ICMP,N/A,v6,fe80::e48e:99ff:fe5f:147,ff02::179,N/A,N/A,N/A,N/A,N/A,N/A,,,1
1759293058,any,112,N/A,IPv6,ICMP,N/A,v6,fe80::dcac:f9ff:fe59:60,ff02::179,N/A,N/A,N/A,N/A,N/A,N/A,,,1
1759293058,eth2,110,Ethernet,IPv6,ICMP,N/A,v6,fe80::dcac:f9ff:fe59:60,ff02::179,N/A,N/A,N/A,N/A,N/A,N/A,,,1
1759293058,any,112,N/A,IPv6,ICMP,N/A,v6,fe80::103b:bdff:fef0:169,ff02::179,N/A,N/A,N/A,N/A,N/A,N/A,,,1
1759293058,eth1,110,Ethernet,IPv6,ICMP,N/A,v6,fe80::103b:bdff:fef0:169,ff02::179,N/A,N/A,N/A,N/A,N/A,N/A,,,1
1759293058,eth0,54,Ethernet,IPv4,N/A,N/A,v4,172.30.0.220,224.0.0.22,N/A,N/A,N/A,N/A,N/A,N/A,,,1
1759293058,any,56,N/A,IPv4,N/A,N/A,v4,172.30.0.220,224.0.0.22,N/A,N/A,N/A,N/A,N/A,N/A,,,1
1759293058,any,112,N/A,IPv6,ICMP,N/A,v6,fe80::ecf9:eff:fefb:55,ff02::179,N/A,N/A,N/A,N/A,N/A,N/A,,,1
1759293058,eth0,110,Ethernet,IPv6,ICMP,N/A,v6,fe80::ecf9:eff:fefb:55,ff02::179,N/A,N/A,N/A,N/A,N/A,N/A,,,1
1759293058,eth0,70,Ethernet,IPv6,ICMP,N/A,v6,fe80::e48e:99ff:fe5f:147,ff02::204,N/A,N/A,N/A,N/A,N/A,N/A,,,1
1759293058,eth2,70,Ethernet,IPv6,ICMP,N/A,v6,fe80::dcac:f9ff:fe59:60,ff02::204,N/A,N/A,N/A,N/A,N/A,N/A,,,1
1759293058,eth1,70,Ethernet,IPv6,ICMP,N/A,v6,fe80::f056:abff:fe65:143,ff02::204,N/A,N/A,N/A,N/A,N/A,N/A,,,1
1759293058,any,72,N/A,IPv6,ICMP,N/A,v6,fe80::dcac:f9ff:fe59:60,ff02::204,N/A,N/A,N/A,N/A,N/A,N/A,,,1
1759293058,any,72,N/A,IPv6,ICMP,N/A,v6,fe80::780a:a9ff:fee6:89,ff02::204,N/A,N/A,N/A,N/A,N/A,N/A,,,1
1759293058,eth1,70,Ethernet,IPv6,ICMP,N/A,v6,fe80::780a:a9ff:fee6:89,ff02::204,N/A,N/A,N/A,N/A,N/A,N/A,,,1
1759293058,any,58,N/A,IPv4,N/A,N/A,v4,172.30.0.89,224.0.0.22,N/A,N/A,N/A,N/A,N/A,N/A,,,1
1759293058,eth0,56,Ethernet,IPv4,N/A,N/A,v4,172.30.0.89,224.0.0.22,N/A,N/A,N/A,N/A,N/A,N/A,,,1
1759293058,eth0,90,Ethernet,IPv6,ICMP,N/A,v6,fe80::b0b5:44ff:feea:219,ff02::179,N/A,N/A,N/A,N/A,N/A,N/A,,,1
1759293058,eth0,54,Ethernet,IPv4,N/A,N/A,v4,172.30.0.163,224.0.0.22,N/A,N/A,N/A,N/A,N/A,N/A,,,1
1759293058,any,92,N/A,IPv6,ICMP,N/A,v6,fe80::b0b5:44ff:feea:219,ff02::179,N/A,N/A,N/A,N/A,N/A,N/A,,,1
1759293058,any,90,N/A,IPv6,UDP,N/A,v6,fe80::b0b5:44ff:feea:219,ff02::1:52,5355,5355,N/A,N/A,N/A,N/A,,,1
1759293058,eth0,88,Ethernet,IPv6,UDP,N/A,v6,fe80::b0b5:44ff:feea:219,ff02::1:52,5355,5355,N/A,N/A,N/A,N/A,,,1
1759293058,eth0,68,Ethernet,IPv4,UDP,N/A,v4,172.30.0.163,224.0.0.252,5355,5355,N/A,N/A,N/A,N/A,,,1
1759293058,eth0,357,Ethernet,IPv4,UDP,N/A,v4,0.0.0.0,255.255.255.255,68,67,N/A,N/A,N/A,N/A,,,1
1759293058,any,359,N/A,IPv4,UDP,N/A,v4,0.0.0.0,255.255.255.255,68,67,N/A,N/A,N/A,N/A,,,1
1759293058,eth0,369,Ethernet,IPv4,UDP,N/A,v4,0.0.0.0,255.255.255.255,68,67,N/A,N/A,N/A,N/A,,,1
1759293058,any,371,N/A,IPv4,UDP,N/A,v4,0.0.0.0,255.255.255.255,68,67,N/A,N/A,N/A,N/A,,,1
1759293058,any,112,N/A,IPv6,ICMP,N/A,v6,fe80::780a:a9ff:fee6:89,ff02::179,N/A,N/A,N/A,N/A,N/A,N/A,,,1
1759293058,eth1,110,Ethernet,IPv6,ICMP,N/A,v6,fe80::780a:a9ff:fee6:89,ff02::179,N/A,N/A,N/A,N/A,N/A,N/A,,,1
1759293058,any,112,N/A,IPv6,ICMP,N/A,v6,fe80::b0b5:44ff:feea:219,ff02::179,N/A,N/A,N/A,N/A,N/A,N/A,,,1
1759293058,eth0,110,Ethernet,IPv6,ICMP,N/A,v6,fe80::b0b5:44ff:feea:219,ff02::179,N/A,N/A,N/A,N/A,N/A,N/A,,,1
1759293058,eth0,54,Ethernet,IPv4,N/A,N/A,v4,172.30.0.163,224.0.0.22,N/A,N/A,N/A,N/A,N/A,N/A,,,1
1759293058,eth0,42,Ethernet,N/A,N/A,N/A,N/A,N/A,N/A,N/A,N/A,N/A,N/A,N/A,N/A,,,1
1759293058,any,44,ARP,N/A,N/A,N/A,N/A,N/A,N/A,N/A,N/A,1,2048,172.30.0.163,172.30.0.122,,,1
1759293058,any,113,N/A,N/A,N/A,N/A,N/A,N/A,N/A,N/A,N/A,N/A,N/A,N/A,N/A,,,1
1759293058,eth0,111,Ethernet,N/A,N/A,N/A,N/A,N/A,N/A,N/A,N/A,N/A,N/A,N/A,N/A,,,1
1759293058,eth1,70,Ethernet,IPv6,ICMP,N/A,v6,fe80::103b:bdff:fef0:169,ff02::204,N/A,N/A,N/A,N/A,N/A,N/A,,,1
1759293058,any,72,N/A,IPv6,ICMP,N/A,v6,fe80::ecf9:eff:fefb:55,ff02::204,N/A,N/A,N/A,N/A,N/A,N/A,,,1
1759293058,any,72,N/A,IPv6,ICMP,N/A,v6,fe80::103b:bdff:fef0:169,ff02::204,N/A,N/A,N/A,N/A,N/A,N/A,,,1
1759293058,eth0,70,Ethernet,IPv6,ICMP,N/A,v6,fe80::ecf9:eff:fefb:55,ff02::204,N/A,N/A,N/A,N/A,N/A,N/A,,,1
1759293058,any,56,N/A,IPv4,N/A,N/A,v4,172.30.0.163,224.0.0.22,N/A,N/A,N/A,N/A,N/A,N/A,,,1
1759293058,eth0,54,Ethernet,IPv4,N/A,N/A,v4,172.30.0.163,224.0.0.22,N/A,N/A,N/A,N/A,N/A,N/A,,,1
1759293058,eth0,107,Ethernet,N/A,N/A,N/A,N/A,N/A,N/A,N/A,N/A,N/A,N/A,N/A,N/A,,,0
1759293058,any,109,N/A,N/A,N/A,N/A,N/A,N/A,N/A,N/A,N/A,N/A,N/A,N/A,N/A,,,0
1759293059,eth0,90,Ethernet,IPv6,ICMP,N/A,v6,fe80::24f1:23ff:fe29:66,ff02::179,N/A,N/A,N/A,N/A,N/A,N/A,,,1
1759293059,eth0,54,Ethernet,IPv4,N/A,N/A,v4,172.30.0.23,224.0.0.22,N/A,N/A,N/A,N/A,N/A,N/A,,,1
1759293059,any,92,N/A,IPv6,ICMP,N/A,v6,fe80::24f1:23ff:fe29:66,ff02::179,N/A,N/A,N/A,N/A,N/A,N/A,,,1
1759293059,any,112,N/A,IPv6,ICMP,N/A,v6,fe80::b0b5:44ff:feea:219,ff02::179,N/A,N/A,N/A,N/A,N/A,N/A,,,1
1759293059,eth0,110,Ethernet,IPv6,ICMP,N/A,v6,fe80::b0b5:44ff:feea:219,ff02::179,N/A,N/A,N/A,N/A,N/A,N/A,,,1
1759293059,eth0,67,Ethernet,IPv4,UDP,N/A,v4,172.30.0.23,224.0.0.252,5355,5355,N/A,N/A,N/A,N/A,,,1
1759293059,eth0,87,Ethernet,IPv6,UDP,N/A,v6,fe80::24f1:23ff:fe29:66,ff02::1:52,5355,5355,N/A,N/A,N/A,N/A,,,1
1759293059,any,69,N/A,IPv4,UDP,N/A,v4,172.30.0.23,224.0.0.252,5355,5355,N/A,N/A,N/A,N/A,,,1
1759293059,any,358,N/A,IPv4,UDP,N/A,v4,0.0.0.0,255.255.255.255,68,67,N/A,N/A,N/A,N/A,,,1
1759293059,eth0,356,Ethernet,IPv4,UDP,N/A,v4,0.0.0.0,255.255.255.255,68,67,N/A,N/A,N/A,N/A,,,1
1759293059,any,370,N/A,IPv4,UDP,N/A,v4,0.0.0.0,255.255.255.255,68,67,N/A,N/A,N/A,N/A,,,1
1759293059,eth0,368,Ethernet,IPv4,UDP,N/A,v4,0.0.0.0,255.255.255.255,68,67,N/A,N/A,N/A,N/A,,,1
1759293059,eth1,110,Ethernet,IPv6,ICMP,N/A,v6,fe80::7827:e3ff:fe68:239,ff02::179,N/A,N/A,N/A,N/A,N/A,N/A,,,1
1759293059,any,112,N/A,IPv6,ICMP,N/A,v6,fe80::7827:e3ff:fe68:239,ff02::179,N/A,N/A,N/A,N/A,N/A,N/A,,,1
1759293059,any,112,N/A,IPv6,ICMP,N/A,v6,fe80::24f1:23ff:fe29:66,ff02::179,N/A,N/A,N/A,N/A,N/A,N/A,,,1
1759293059,eth0,110,Ethernet,IPv6,ICMP,N/A,v6,fe80::24f1:23ff:fe29:66,ff02::179,N/A,N/A,N/A,N/A,N/A,N/A,,,1
1759293059,eth0,54,Ethernet,IPv4,N/A,N/A,v4,172.30.0.23,224.0.0.22,N/A,N/A,N/A,N/A,N/A,N/A,,,1
1759293059,any,44,ARP,N/A,N/A,N/A,N/A,N/A,N/A,N/A,N/A,1,2048,172.30.0.23,172.30.0.122,,,1
1759293059,eth0,107,Ethernet,N/A,N/A,N/A,N/A,N/A,N/A,N/A,N/A,N/A,N/A,N/A,N/A,,,0
1759293059,any,109,N/A,N/A,N/A,N/A,N/A,N/A,N/A,N/A,N/A,N/A,N/A,N/A,N/A,,,0
1759293059,eth0,42,Ethernet,N/A,N/A,N/A,N/A,N/A,N/A,N/A,N/A,N/A,N/A,N/A,N/A,,,1
1759293059,any,72,N/A,IPv6,ICMP,N/A,v6,fe80::780a:a9ff:fee6:89,ff02::204,N/A,N/A,N/A,N/A,N/A,N/A,,,1
1759293059,eth1,70,Ethernet,IPv6,ICMP,N/A,v6,fe80::780a:a9ff:fee6:89,ff02::204,N/A,N/A,N/A,N/A,N/A,N/A,,,1
1759293059,eth0,70,Ethernet,IPv6,ICMP,N/A,v6,fe80::b0b5:44ff:feea:219,ff02::204,N/A,N/A,N/A,N/A,N/A,N/A,,,1
1759293059,any,112,N/A,IPv6,ICMP,N/A,v6,fe80::780a:a9ff:fee6:89,ff02::179,N/A,N/A,N/A,N/A,N/A,N/A,,,1
1759293059,eth1,110,Ethernet,IPv6,ICMP,N/A,v6,fe80::780a:a9ff:fee6:89,ff02::179,N/A,N/A,N/A,N/A,N/A,N/A,,,1
1759293059,any,56,N/A,IPv4,N/A,N/A,v4,172.30.0.23,224.0.0.22,N/A,N/A,N/A,N/A,N/A,N/A,,,1
1759293059,eth0,54,Ethernet,IPv4,N/A,N/A,v4,172.30.0.23,224.0.0.22,N/A,N/A,N/A,N/A,N/A,N/A,,,1
1759293059,any,113,N/A,N/A,N/A,N/A,N/A,N/A,N/A,N/A,N/A,N/A,N/A,N/A,N/A,,,1
1759293059,eth0,111,Ethernet,N/A,N/A,N/A,N/A,N/A,N/A,N/A,N/A,N/A,N/A,N/A,N/A,,,1
1759293059,any,112,N/A,IPv6,ICMP,N/A,v6,fe80::7827:e3ff:fe68:239,ff02::179,N/A,N/A,N/A,N/A,N/A,N/A,,,1
1759293059,eth1,110,Ethernet,IPv6,ICMP,N/A,v6,fe80::7827:e3ff:fe68:239,ff02::179,N/A,N/A,N/A,N/A,N/A,N/A,,,1
1759293060,eth0,90,Ethernet,IPv6,ICMP,N/A,v6,fe80::5ca9:83ff:fe87:27,ff02::179,N/A,N/A,N/A,N/A,N/A,N/A,,,0
1759293060,eth0,54,Ethernet,IPv4,N/A,N/A,v4,172.30.0.220,224.0.0.22,N/A,N/A,N/A,N/A,N/A,N/A,,,0
1759293060,any,92,N/A,IPv6,ICMP,N/A,v6,fe80::5ca9:83ff:fe87:27,ff02::179,N/A,N/A,N/A,N/A,N/A,N/A,,,0
1759293060,eth0,67,Ethernet,IPv4,UDP,N/A,v4,172.30.0.220,224.0.0.252,5355,5355,N/A,N/A,N/A,N/A,,,0
1759293060,any,69,N/A,IPv4,UDP,N/A,v4,172.30.0.220,224.0.0.252,5355,5355,N/A,N/A,N/A,N/A,,,0
1759293060,eth0,87,Ethernet,IPv6,UDP,N/A,v6,fe80::5ca9:83ff:fe87:27,ff02::1:52,5355,5355,N/A,N/A,N/A,N/A,,,0
1759293060,any,89,N/A,IPv6,UDP,N/A,v6,fe80::5ca9:83ff:fe87:27,ff02::1:52,5355,5355,N/A,N/A,N/A,N/A,,,0
1759293060,eth0,356,Ethernet,IPv4,UDP,N/A,v4,0.0.0.0,255.255.255.255,68,67,N/A,N/A,N/A,N/A,,,0
1759293060,any,358,N/A,IPv4,UDP,N/A,v4,0.0.0.0,255.255.255.255,68,67,N/A,N/A,N/A,N/A,,,0
1759293060,eth0,368,Ethernet,IPv4,UDP,N/A,v4,0.0.0.0,255.255.255.255,68,67,N/A,N/A,N/A,N/A,,,0
1759293060,any,370,N/A,IPv4,UDP,N/A,v4,0.0.0.0,255.255.255.255,68,67,N/A,N/A,N/A,N/A,,,0
1759293060,eth1,110,Ethernet,IPv6,ICMP,N/A,v6,fe80::a824:52ff:fe4f:69,ff02::179,N/A,N/A,N/A,N/A,N/A,N/A,,,0
1759293060,any,112,N/A,IPv6,ICMP,N/A,v6,fe80::a824:52ff:fe4f:69,ff02::179,N/A,N/A,N/A,N/A,N/A,N/A,,,0
1759293060,eth0,110,Ethernet,IPv6,ICMP,N/A,v6,fe80::5ca9:83ff:fe87:27,ff02::179,N/A,N/A,N/A,N/A,N/A,N/A,,,0
1759293060,eth0,54,Ethernet,IPv4,N/A,N/A,v4,172.30.0.220,224.0.0.22,N/A,N/A,N/A,N/A,N/A,N/A,,,0
1759293060,any,112,N/A,IPv6,ICMP,N/A,v6,fe80::5ca9:83ff:fe87:27,ff02::179,N/A,N/A,N/A,N/A,N/A,N/A,,,0
1759293060,eth0,42,Ethernet,N/A,N/A,N/A,N/A,N/A,N/A,N/A,N/A,N/A,N/A,N/A,N/A,,,0
1759293060,eth0,56,Ethernet,N/A,N/A,N/A,N/A,N/A,N/A,N/A,N/A,N/A,N/A,N/A,N/A,,,0
1759293060,eth0,56,Ethernet,N/A,N/A,N/A,N/A,N/A,N/A,N/A,N/A,N/A,N/A,N/A,N/A,,,0
1759293060,any,44,ARP,N/A,N/A,N/A,N/A,N/A,N/A,N/A,N/A,1,2048,172.30.0.220,172.30.0.122,,,0
1759293060,any,58,ARP,N/A,N/A,N/A,N/A,N/A,N/A,N/A,N/A,2,2048,172.30.0.122,172.30.0.220,,,0
1759293060,any,72,N/A,IPv6,ICMP,N/A,v6,fe80::7827:e3ff:fe68:239,ff02::204,N/A,N/A,N/A,N/A,N/A,N/A,,,1
1759293060,eth1,70,Ethernet,IPv6,ICMP,N/A,v6,fe80::7827:e3ff:fe68:239,ff02::204,N/A,N/A,N/A,N/A,N/A,N/A,,,1
1759293060,eth0,70,Ethernet,IPv6,ICMP,N/A,v6,fe80::24f1:23ff:fe29:66,ff02::204,N/A,N/A,N/A,N/A,N/A,N/A,,,1
1759293060,any,112,N/A,IPv6,ICMP,N/A,v6,fe80::24f1:23ff:fe29:66,ff02::179,N/A,N/A,N/A,N/A,N/A,N/A,,,1
1759293060,eth0,110,Ethernet,IPv6,ICMP,N/A,v6,fe80::24f1:23ff:fe29:66,ff02::179,N/A,N/A,N/A,N/A,N/A,N/A,,,1
1759293060,eth0,90,Ethernet,IPv6,ICMP,N/A,v6,fe80::b0b5:44ff:feea:219,ff02::179,N/A,N/A,N/A,N/A,N/A,N/A,,,1
1759293060,eth0,54,Ethernet,IPv4,N/A,N/A,v4,172.30.0.163,224.0.0.22,N/A,N/A,N/A,N/A,N/A,N/A,,,1
1759293060,any,92,N/A,IPv6,ICMP,N/A,v6,fe80::b0b5:44ff:feea:219,ff02::179,N/A,N/A,N/A,N/A,N/A,N/A,,,1
1759293060,any,70,N/A,IPv4,UDP,N/A,v4,172.30.0.163,224.0.0.252,5355,5355,N/A,N/A,N/A,N/A,,,1
1759293060,eth0,68,Ethernet,IPv4,UDP,N/A,v4,172.30.0.163,224.0.0.252,5355,5355,N/A,N/A,N/A,N/A,,,1
1759293060,any,359,N/A,IPv4,UDP,N/A,v4,0.0.0.0,255.255.255.255,68,67,N/A,N/A,N/A,N/A,,,1
1759293060,eth0,357,Ethernet,IPv4,UDP,N/A,v4,0.0.0.0,255.255.255.255,68,67,N/A,N/A,N/A,N/A,,,1
1759293060,eth0,369,Ethernet,IPv4,UDP,N/A,v4,0.0.0.0,255.255.255.255,68,67,N/A,N/A,N/A,N/A,,,1
1759293060,any,371,N/A,IPv4,UDP,N/A,v4,0.0.0.0,255.255.255.255,68,67,N/A,N/A,N/A,N/A,,,1
1759293060,any,112,N/A,IPv6,ICMP,N/A,v6,fe80::780a:a9ff:fee6:89,ff02::179,N/A,N/A,N/A,N/A,N/A,N/A,,,1
1759293060,eth1,110,Ethernet,IPv6,ICMP,N/A,v6,fe80::780a:a9ff:fee6:89,ff02::179,N/A,N/A,N/A,N/A,N/A,N/A,,,1
1759293060,any,112,N/A,IPv6,ICMP,N/A,v6,fe80::b0b5:44ff:feea:219,ff02::179,N/A,N/A,N/A,N/A,N/A,N/A,,,1
1759293060,eth0,110,Ethernet,IPv6,ICMP,N/A,v6,fe80::b0b5:44ff:feea:219,ff02::179,N/A,N/A,N/A,N/A,N/A,N/A,,,1
1759293060,eth0,54,Ethernet,IPv4,N/A,N/A,v4,172.30.0.163,224.0.0.22,N/A,N/A,N/A,N/A,N/A,N/A,,,1
1759293061,any,113,N/A,N/A,N/A,N/A,N/A,N/A,N/A,N/A,N/A,N/A,N/A,N/A,N/A,,,1
1759293061,eth0,111,Ethernet,N/A,N/A,N/A,N/A,N/A,N/A,N/A,N/A,N/A,N/A,N/A,N/A,,,1
1759293061,eth0,54,Ethernet,IPv4,N/A,N/A,v4,172.30.0.163,224.0.0.22,N/A,N/A,N/A,N/A,N/A,N/A,,,1
1759293061,any,56,N/A,IPv4,N/A,N/A,v4,172.30.0.163,224.0.0.22,N/A,N/A,N/A,N/A,N/A,N/A,,,1
1759293061,any,112,N/A,IPv6,ICMP,N/A,v6,fe80::780a:a9ff:fee6:89,ff02::179,N/A,N/A,N/A,N/A,N/A,N/A,,,1
1759293061,eth1,110,Ethernet,IPv6,ICMP,N/A,v6,fe80::780a:a9ff:fee6:89,ff02::179,N/A,N/A,N/A,N/A,N/A,N/A,,,1
1759293061,any,44,ARP,N/A,N/A,N/A,N/A,N/A,N/A,N/A,N/A,1,2048,172.30.0.163,172.30.0.122,,,1
1759293061,eth0,42,Ethernet,N/A,N/A,N/A,N/A,N/A,N/A,N/A,N/A,N/A,N/A,N/A,N/A,,,1
1759293061,any,72,N/A,IPv6,ICMP,N/A,v6,fe80::b0b5:44ff:feea:219,ff02::204,N/A,N/A,N/A,N/A,N/A,N/A,,,1
1759293061,eth0,70,Ethernet,IPv6,ICMP,N/A,v6,fe80::b0b5:44ff:feea:219,ff02::204,N/A,N/A,N/A,N/A,N/A,N/A,,,1
1759293061,any,72,N/A,IPv6,ICMP,N/A,v6,fe80::780a:a9ff:fee6:89,ff02::204,N/A,N/A,N/A,N/A,N/A,N/A,,,1
1759293061,eth1,70,Ethernet,IPv6,ICMP,N/A,v6,fe80::780a:a9ff:fee6:89,ff02::204,N/A,N/A,N/A,N/A,N/A,N/A,,,1
1759293061,eth0,110,Ethernet,IPv6,ICMP,N/A,v6,fe80::b0b5:44ff:feea:219,ff02::179,N/A,N/A,N/A,N/A,N/A,N/A,,,1
1759293061,any,112,N/A,IPv6,ICMP,N/A,v6,fe80::b0b5:44ff:feea:219,ff02::179,N/A,N/A,N/A,N/A,N/A,N/A,,,1
1759293061,eth0,90,Ethernet,IPv6,ICMP,N/A,v6,fe80::e48e:99ff:fe5f:147,ff02::179,N/A,N/A,N/A,N/A,N/A,N/A,,,1
1759293061,eth0,54,Ethernet,IPv4,N/A,N/A,v4,172.30.0.220,224.0.0.22,N/A,N/A,N/A,N/A,N/A,N/A,,,1
1759293061,any,92,N/A,IPv6,ICMP,N/A,v6,fe80::e48e:99ff:fe5f:147,ff02::179,N/A,N/A,N/A,N/A,N/A,N/A,,,1
1759293061,eth0,71,Ethernet,IPv4,UDP,N/A,v4,172.30.0.220,224.0.0.252,5355,5355,N/A,N/A,N/A,N/A,,,1
1759293061,any,73,N/A,IPv4,UDP,N/A,v4,172.30.0.220,224.0.0.252,5355,5355,N/A,N/A,N/A,N/A,,,1
1759293061,eth0,360,Ethernet,IPv4,UDP,N/A,v4,0.0.0.0,255.255.255.255,68,67,N/A,N/A,N/A,N/A,,,1
1759293061,any,362,N/A,IPv4,UDP,N/A,v4,0.0.0.0,255.255.255.255,68,67,N/A,N/A,N/A,N/A,,,1
1759293061,eth0,372,Ethernet,IPv4,UDP,N/A,v4,0.0.0.0,255.255.255.255,68,67,N/A,N/A,N/A,N/A,,,1
1759293061,any,374,N/A,IPv4,UDP,N/A,v4,0.0.0.0,255.255.255.255,68,67,N/A,N/A,N/A,N/A,,,1
1759293061,eth2,110,Ethernet,IPv6,ICMP,N/A,v6,fe80::dcac:f9ff:fe59:60,ff02::179,N/A,N/A,N/A,N/A,N/A,N/A,,,1
1759293061,any,112,N/A,IPv6,ICMP,N/A,v6,fe80::f056:abff:fe65:143,ff02::179,N/A,N/A,N/A,N/A,N/A,N/A,,,1
1759293061,eth1,110,Ethernet,IPv6,ICMP,N/A,v6,fe80::f056:abff:fe65:143,ff02::179,N/A,N/A,N/A,N/A,N/A,N/A,,,1
1759293061,any,112,N/A,IPv6,ICMP,N/A,v6,fe80::e48e:99ff:fe5f:147,ff02::179,N/A,N/A,N/A,N/A,N/A,N/A,,,1
1759293061,eth0,110,Ethernet,IPv6,ICMP,N/A,v6,fe80::e48e:99ff:fe5f:147,ff02::179,N/A,N/A,N/A,N/A,N/A,N/A,,,1
1759293061,eth0,54,Ethernet,IPv4,N/A,N/A,v4,172.30.0.220,224.0.0.22,N/A,N/A,N/A,N/A,N/A,N/A,,,1
1759293061,any,44,ARP,N/A,N/A,N/A,N/A,N/A,N/A,N/A,N/A,1,2048,172.30.0.220,172.30.0.122,,,1
1759293061,eth0,42,Ethernet,N/A,N/A,N/A,N/A,N/A,N/A,N/A,N/A,N/A,N/A,N/A,N/A,,,1
1759293061,eth0,56,Ethernet,N/A,N/A,N/A,N/A,N/A,N/A,N/A,N/A,N/A,N/A,N/A,N/A,,,1
1759293061,eth0,56,Ethernet,N/A,N/A,N/A,N/A,N/A,N/A,N/A,N/A,N/A,N/A,N/A,N/A,,,1
1759293061,any,58,ARP,N/A,N/A,N/A,N/A,N/A,N/A,N/A,N/A,2,2048,172.30.0.122,172.30.0.220,,,1
1759293061,any,58,ARP,N/A,N/A,N/A,N/A,N/A,N/A,N/A,N/A,2,2048,172.30.0.122,172.30.0.220,,,1
1759293061,any,112,N/A,IPv6,ICMP,N/A,v6,fe80::f056:abff:fe65:143,ff02::179,N/A,N/A,N/A,N/A,N/A,N/A,,,1
1759293061,eth1,110,Ethernet,IPv6,ICMP,N/A,v6,fe80::f056:abff:fe65:143,ff02::179,N/A,N/A,N/A,N/A,N/A,N/A,,,1
1759293061,eth1,110,Ethernet,IPv6,ICMP,N/A,v6,fe80::a824:52ff:fe4f:69,ff02::179,N/A,N/A,N/A,N/A,N/A,N/A,,,0
1759293061,any,112,N/A,IPv6,ICMP,N/A,v6,fe80::a824:52ff:fe4f:69,ff02::179,N/A,N/A,N/A,N/A,N/A,N/A,,,0
1759293061,any,56,N/A,IPv4,N/A,N/A,v4,172.30.0.220,224.0.0.22,N/A,N/A,N/A,N/A,N/A,N/A,,,0
1759293061,eth0,54,Ethernet,IPv4,N/A,N/A,v4,172.30.0.220,224.0.0.22,N/A,N/A,N/A,N/A,N/A,N/A,,,0
1759293061,eth0,110,Ethernet,IPv6,ICMP,N/A,v6,fe80::5ca9:83ff:fe87:27,ff02::179,N/A,N/A,N/A,N/A,N/A,N/A,,,0
1759293061,eth0,107,Ethernet,N/A,N/A,N/A,N/A,N/A,N/A,N/A,N/A,N/A,N/A,N/A,N/A,,,0
1759293061,eth0,70,Ethernet,IPv6,ICMP,N/A,v6,fe80::5ca9:83ff:fe87:27,ff02::204,N/A,N/A,N/A,N/A,N/A,N/A,,,0
1759293061,any,72,N/A,IPv6,ICMP,N/A,v6,fe80::a824:52ff:fe4f:69,ff02::204,N/A,N/A,N/A,N/A,N/A,N/A,,,0
1759293061,eth1,70,Ethernet,IPv6,ICMP,N/A,v6,fe80::a824:52ff:fe4f:69,ff02::204,N/A,N/A,N/A,N/A,N/A,N/A,,,0
1759293062,any,112,N/A,IPv6,ICMP,N/A,v6,fe80::e48e:99ff:fe5f:147,ff02::179,N/A,N/A,N/A,N/A,N/A,N/A,,,1
1759293062,eth0,110,Ethernet,IPv6,ICMP,N/A,v6,fe80::e48e:99ff:fe5f:147,ff02::179,N/A,N/A,N/A,N/A,N/A,N/A,,,1
1759293062,eth0,90,Ethernet,IPv6,ICMP,N/A,v6,fe80::ecf9:eff:fefb:55,ff02::179,N/A,N/A,N/A,N/A,N/A,N/A,,,1
1759293062,eth0,56,Ethernet,IPv4,N/A,N/A,v4,172.30.0.89,224.0.0.22,N/A,N/A,N/A,N/A,N/A,N/A,,,1
1759293062,any,92,N/A,IPv6,ICMP,N/A,v6,fe80::ecf9:eff:fefb:55,ff02::179,N/A,N/A,N/A,N/A,N/A,N/A,,,1
1759293062,any,358,N/A,IPv4,UDP,N/A,v4,0.0.0.0,255.255.255.255,68,67,N/A,N/A,N/A,N/A,,,1
1759293062,eth0,356,Ethernet,IPv4,UDP,N/A,v4,0.0.0.0,255.255.255.255,68,67,N/A,N/A,N/A,N/A,,,1
1759293062,eth0,368,Ethernet,IPv4,UDP,N/A,v4,0.0.0.0,255.255.255.255,68,67,N/A,N/A,N/A,N/A,,,1
1759293062,any,370,N/A,IPv4,UDP,N/A,v4,0.0.0.0,255.255.255.255,68,67,N/A,N/A,N/A,N/A,,,1
1759293062,any,112,N/A,IPv6,ICMP,N/A,v6,fe80::103b:bdff:fef0:169,ff02::179,N/A,N/A,N/A,N/A,N/A,N/A,,,1
1759293062,eth1,110,Ethernet,IPv6,ICMP,N/A,v6,fe80::103b:bdff:fef0:169,ff02::179,N/A,N/A,N/A,N/A,N/A,N/A,,,1
1759293062,eth0,56,Ethernet,N/A,N/A,N/A,N/A,N/A,N/A,N/A,N/A,N/A,N/A,N/A,N/A,,,1
1759293062,any,58,ARP,N/A,N/A,N/A,N/A,N/A,N/A,N/A,N/A,1,2048,172.30.0.89,172.30.0.122,,,1
1759293062,eth0,110,Ethernet,IPv6,ICMP,N/A,v6,fe80::ecf9:eff:fefb:55,ff02::179,N/A,N/A,N/A,N/A,N/A,N/A,,,1
1759293062,eth0,56,Ethernet,IPv4,N/A,N/A,v4,172.30.0.89,224.0.0.22,N/A,N/A,N/A,N/A,N/A,N/A,,,1
1759293062,any,112,N/A,IPv6,ICMP,N/A,v6,fe80::ecf9:eff:fefb:55,ff02::179,N/A,N/A,N/A,N/A,N/A,N/A,,,1
1759293062,any,112,N/A,IPv6,ICMP,N/A,v6,fe80::ecf9:eff:fefb:55,ff02::179,N/A,N/A,N/A,N/A,N/A,N/A,,,1
1759293062,eth0,110,Ethernet,IPv6,ICMP,N/A,v6,fe80::ecf9:eff:fefb:55,ff02::179,N/A,N/A,N/A,N/A,N/A,N/A,,,1
1759293062,any,58,N/A,IPv4,N/A,N/A,v4,172.30.0.89,224.0.0.22,N/A,N/A,N/A,N/A,N/A,N/A,,,1
1759293062,eth0,56,Ethernet,IPv4,N/A,N/A,v4,172.30.0.89,224.0.0.22,N/A,N/A,N/A,N/A,N/A,N/A,,,1
1759293062,any,112,N/A,IPv6,ICMP,N/A,v6,fe80::103b:bdff:fef0:169,ff02::179,N/A,N/A,N/A,N/A,N/A,N/A,,,1
1759293062,eth1,110,Ethernet,IPv6,ICMP,N/A,v6,fe80::103b:bdff:fef0:169,ff02::179,N/A,N/A,N/A,N/A,N/A,N/A,,,1
1759293062,eth0,54,Ethernet,IPv4,N/A,N/A,v4,172.30.0.220,224.0.0.22,N/A,N/A,N/A,N/A,N/A,N/A,,,1
1759293062,any,56,N/A,IPv4,N/A,N/A,v4,172.30.0.220,224.0.0.22,N/A,N/A,N/A,N/A,N/A,N/A,,,1
1759293062,eth2,70,Ethernet,IPv6,ICMP,N/A,v6,fe80::dcac:f9ff:fe59:60,ff02::204,N/A,N/A,N/A,N/A,N/A,N/A,,,1
1759293062,any,72,N/A,IPv6,ICMP,N/A,v6,fe80::dcac:f9ff:fe59:60,ff02::204,N/A,N/A,N/A,N/A,N/A,N/A,,,1
1759293062,any,72,N/A,IPv6,ICMP,N/A,v6,fe80::e48e:99ff:fe5f:147,ff02::204,N/A,N/A,N/A,N/A,N/A,N/A,,,1
1759293062,eth0,70,Ethernet,IPv6,ICMP,N/A,v6,fe80::e48e:99ff:fe5f:147,ff02::204,N/A,N/A,N/A,N/A,N/A,N/A,,,1
1759293062,eth1,70,Ethernet,IPv6,ICMP,N/A,v6,fe80::f056:abff:fe65:143,ff02::204,N/A,N/A,N/A,N/A,N/A,N/A,,,1
1759293062,any,72,N/A,IPv6,ICMP,N/A,v6,fe80::f056:abff:fe65:143,ff02::204,N/A,N/A,N/A,N/A,N/A,N/A,,,1
1759293062,any,112,N/A,IPv6,ICMP,N/A,v6,fe80::dcac:f9ff:fe59:60,ff02::179,N/A,N/A,N/A,N/A,N/A,N/A,,,1
1759293062,eth2,110,Ethernet,IPv6,ICMP,N/A,v6,fe80::dcac:f9ff:fe59:60,ff02::179,N/A,N/A,N/A,N/A,N/A,N/A,,,1
1759293062,eth0,111,Ethernet,N/A,N/A,N/A,N/A,N/A,N/A,N/A,N/A,N/A,N/A,N/A,N/A,,,1
1759293062,any,113,N/A,N/A,N/A,N/A,N/A,N/A,N/A,N/A,N/A,N/A,N/A,N/A,N/A,,,1
1759293062,any,109,N/A,N/A,N/A,N/A,N/A,N/A,N/A,N/A,N/A,N/A,N/A,N/A,N/A,,,0
1759293062,eth0,107,Ethernet,N/A,N/A,N/A,N/A,N/A,N/A,N/A,N/A,N/A,N/A,N/A,N/A,,,0
1759293063,any,92,N/A,IPv6,ICMP,N/A,v6,fe80::24f1:23ff:fe29:66,ff02::179,N/A,N/A,N/A,N/A,N/A,N/A,,,1
1759293063,eth0,90,Ethernet,IPv6,ICMP,N/A,v6,fe80::24f1:23ff:fe29:66,ff02::179,N/A,N/A,N/A,N/A,N/A,N/A,,,1
1759293063,eth0,54,Ethernet,IPv4,N/A,N/A,v4,172.30.0.23,224.0.0.22,N/A,N/A,N/A,N/A,N/A,N/A,,,1
1759293063,any,72,N/A,IPv6,ICMP,N/A,v6,fe80::ecf9:eff:fefb:55,ff02::204,N/A,N/A,N/A,N/A,N/A,N/A,,,1
1759293063,eth0,70,Ethernet,IPv6,ICMP,N/A,v6,fe80::ecf9:eff:fefb:55,ff02::204,N/A,N/A,N/A,N/A,N/A,N/A,,,1
1759293063,eth1,70,Ethernet,IPv6,ICMP,N/A,v6,fe80::103b:bdff:fef0:169,ff02::204,N/A,N/A,N/A,N/A,N/A,N/A,,,1
1759293063,eth0,356,Ethernet,IPv4,UDP,N/A,v4,0.0.0.0,255.255.255.255,68,67,N/A,N/A,N/A,N/A,,,1
1759293063,any,358,N/A,IPv4,UDP,N/A,v4,0.0.0.0,255.255.255.255,68,67,N/A,N/A,N/A,N/A,,,1
1759293063,eth0,368,Ethernet,IPv4,UDP,N/A,v4,0.0.0.0,255.255.255.255,68,67,N/A,N/A,N/A,N/A,,,1
1759293063,any,370,N/A,IPv4,UDP,N/A,v4,0.0.0.0,255.255.255.255,68,67,N/A,N/A,N/A,N/A,,,1
1759293063,any,112,N/A,IPv6,ICMP,N/A,v6,fe80::7827:e3ff:fe68:239,ff02::179,N/A,N/A,N/A,N/A,N/A,N/A,,,1
1759293063,eth1,110,Ethernet,IPv6,ICMP,N/A,v6,fe80::7827:e3ff:fe68:239,ff02::179,N/A,N/A,N/A,N/A,N/A,N/A,,,1
1759293063,any,112,N/A,IPv6,ICMP,N/A,v6,fe80::24f1:23ff:fe29:66,ff02::179,N/A,N/A,N/A,N/A,N/A,N/A,,,1
1759293063,eth0,110,Ethernet,IPv6,ICMP,N/A,v6,fe80::24f1:23ff:fe29:66,ff02::179,N/A,N/A,N/A,N/A,N/A,N/A,,,1
1759293063,eth0,54,Ethernet,IPv4,N/A,N/A,v4,172.30.0.23,224.0.0.22,N/A,N/A,N/A,N/A,N/A,N/A,,,1
1759293063,eth0,42,Ethernet,N/A,N/A,N/A,N/A,N/A,N/A,N/A,N/A,N/A,N/A,N/A,N/A,,,1
1759293063,any,44,ARP,N/A,N/A,N/A,N/A,N/A,N/A,N/A,N/A,1,2048,172.30.0.23,172.30.0.122,,,1
1759293063,any,112,N/A,IPv6,ICMP,N/A,v6,fe80::7827:e3ff:fe68:239,ff02::179,N/A,N/A,N/A,N/A,N/A,N/A,,,1
1759293063,eth1,110,Ethernet,IPv6,ICMP,N/A,v6,fe80::7827:e3ff:fe68:239,ff02::179,N/A,N/A,N/A,N/A,N/A,N/A,,,1
1759293063,eth0,54,Ethernet,IPv4,N/A,N/A,v4,172.30.0.23,224.0.0.22,N/A,N/A,N/A,N/A,N/A,N/A,,,1
1759293063,any,56,N/A,IPv4,N/A,N/A,v4,172.30.0.23,224.0.0.22,N/A,N/A,N/A,N/A,N/A,N/A,,,1
1759293063,eth0,111,Ethernet,N/A,N/A,N/A,N/A,N/A,N/A,N/A,N/A,N/A,N/A,N/A,N/A,,,1
1759293063,any,113,N/A,N/A,N/A,N/A,N/A,N/A,N/A,N/A,N/A,N/A,N/A,N/A,N/A,,,1
1759293063,eth0,110,Ethernet,IPv6,ICMP,N/A,v6,fe80::24f1:23ff:fe29:66,ff02::179,N/A,N/A,N/A,N/A,N/A,N/A,,,1
1759293063,any,112,N/A,IPv6,ICMP,N/A,v6,fe80::24f1:23ff:fe29:66,ff02::179,N/A,N/A,N/A,N/A,N/A,N/A,,,1
1759293064,any,109,N/A,N/A,N/A,N/A,N/A,N/A,N/A,N/A,N/A,N/A,N/A,N/A,N/A,,,0
1759293064,eth0,107,Ethernet,N/A,N/A,N/A,N/A,N/A,N/A,N/A,N/A,N/A,N/A,N/A,N/A,,,0
1759293064,eth0,90,Ethernet,IPv6,ICMP,N/A,v6,fe80::5ca9:83ff:fe87:27,ff02::179,N/A,N/A,N/A,N/A,N/A,N/A,,,0
1759293064,eth0,54,Ethernet,IPv4,N/A,N/A,v4,172.30.0.220,224.0.0.22,N/A,N/A,N/A,N/A,N/A,N/A,,,0
1759293064,any,92,N/A,IPv6,ICMP,N/A,v6,fe80::5ca9:83ff:fe87:27,ff02::179,N/A,N/A,N/A,N/A,N/A,N/A,,,0
1759293064,eth0,356,Ethernet,IPv4,UDP,N/A,v4,0.0.0.0,255.255.255.255,68,67,N/A,N/A,N/A,N/A,,,0
1759293064,any,358,N/A,IPv4,UDP,N/A,v4,0.0.0.0,255.255.255.255,68,67,N/A,N/A,N/A,N/A,,,0
1759293064,eth0,368,Ethernet,IPv4,UDP,N/A,v4,0.0.0.0,255.255.255.255,68,67,N/A,N/A,N/A,N/A,,,0
1759293064,any,370,N/A,IPv4,UDP,N/A,v4,0.0.0.0,255.255.255.255,68,67,N/A,N/A,N/A,N/A,,,0
1759293064,eth1,110,Ethernet,IPv6,ICMP,N/A,v6,fe80::a824:52ff:fe4f:69,ff02::179,N/A,N/A,N/A,N/A,N/A,N/A,,,0
1759293064,any,112,N/A,IPv6,ICMP,N/A,v6,fe80::a824:52ff:fe4f:69,ff02::179,N/A,N/A,N/A,N/A,N/A,N/A,,,0
1759293064,eth0,54,Ethernet,IPv4,N/A,N/A,v4,172.30.0.220,224.0.0.22,N/A,N/A,N/A,N/A,N/A,N/A,,,0
1759293064,eth0,110,Ethernet,IPv6,ICMP,N/A,v6,fe80::5ca9:83ff:fe87:27,ff02::179,N/A,N/A,N/A,N/A,N/A,N/A,,,0
1759293064,any,56,N/A,IPv4,N/A,N/A,v4,172.30.0.220,224.0.0.22,N/A,N/A,N/A,N/A,N/A,N/A,,,0
1759293064,eth1,70,Ethernet,IPv6,ICMP,N/A,v6,fe80::7827:e3ff:fe68:239,ff02::204,N/A,N/A,N/A,N/A,N/A,N/A,,,1
1759293064,any,72,N/A,IPv6,ICMP,N/A,v6,fe80::24f1:23ff:fe29:66,ff02::204,N/A,N/A,N/A,N/A,N/A,N/A,,,1
1759293064,any,72,N/A,IPv6,ICMP,N/A,v6,fe80::7827:e3ff:fe68:239,ff02::204,N/A,N/A,N/A,N/A,N/A,N/A,,,1
1759293064,eth0,70,Ethernet,IPv6,ICMP,N/A,v6,fe80::24f1:23ff:fe29:66,ff02::204,N/A,N/A,N/A,N/A,N/A,N/A,,,1
1759293064,any,44,ARP,N/A,N/A,N/A,N/A,N/A,N/A,N/A,N/A,1,2048,172.30.0.220,172.30.0.122,,,0
1759293064,any,58,ARP,N/A,N/A,N/A,N/A,N/A,N/A,N/A,N/A,2,2048,172.30.0.122,172.30.0.220,,,0
1759293064,any,58,ARP,N/A,N/A,N/A,N/A,N/A,N/A,N/A,N/A,2,2048,172.30.0.122,172.30.0.220,,,0
1759293064,eth0,42,Ethernet,N/A,N/A,N/A,N/A,N/A,N/A,N/A,N/A,N/A,N/A,N/A,N/A,,,0
1759293064,eth0,56,Ethernet,N/A,N/A,N/A,N/A,N/A,N/A,N/A,N/A,N/A,N/A,N/A,N/A,,,0
1759293064,eth0,56,Ethernet,N/A,N/A,N/A,N/A,N/A,N/A,N/A,N/A,N/A,N/A,N/A,N/A,,,0
1759293064,eth1,110,Ethernet,IPv6,ICMP,N/A,v6,fe80::a824:52ff:fe4f:69,ff02::179,N/A,N/A,N/A,N/A,N/A,N/A,,,0
1759293064,eth0,110,Ethernet,IPv6,ICMP,N/A,v6,fe80::5ca9:83ff:fe87:27,ff02::179,N/A,N/A,N/A,N/A,N/A,N/A,,,0
1759293064,any,112,N/A,IPv6,ICMP,N/A,v6,fe80::5ca9:83ff:fe87:27,ff02::179,N/A,N/A,N/A,N/A,N/A,N/A,,,0
1759293065,eth0,111,Ethernet,N/A,N/A,N/A,N/A,N/A,N/A,N/A,N/A,N/A,N/A,N/A,N/A,,,1
1759293065,any,113,N/A,N/A,N/A,N/A,N/A,N/A,N/A,N/A,N/A,N/A,N/A,N/A,N/A,,,1
1759293065,any,72,N/A,IPv6,ICMP,N/A,v6,fe80::780a:a9ff:fee6:89,ff02::204,N/A,N/A,N/A,N/A,N/A,N/A,,,1
1759293065,eth1,70,Ethernet,IPv6,ICMP,N/A,v6,fe80::780a:a9ff:fee6:89,ff02::204,N/A,N/A,N/A,N/A,N/A,N/A,,,1
1759293065,eth0,70,Ethernet,IPv6,ICMP,N/A,v6,fe80::b0b5:44ff:feea:219,ff02::204,N/A,N/A,N/A,N/A,N/A,N/A,,,1
1759293065,any,72,N/A,IPv6,ICMP,N/A,v6,fe80::b0b5:44ff:feea:219,ff02::204,N/A,N/A,N/A,N/A,N/A,N/A,,,1
1759293065,eth0,90,Ethernet,IPv6,ICMP,N/A,v6,fe80::b0b5:44ff:feea:219,ff02::179,N/A,N/A,N/A,N/A,N/A,N/A,,,1
1759293065,eth0,54,Ethernet,IPv4,N/A,N/A,v4,172.30.0.163,224.0.0.22,N/A,N/A,N/A,N/A,N/A,N/A,,,1
1759293065,any,92,N/A,IPv6,ICMP,N/A,v6,fe80::b0b5:44ff:feea:219,ff02::179,N/A,N/A,N/A,N/A,N/A,N/A,,,1
1759293065,any,70,N/A,IPv4,UDP,N/A,v4,172.30.0.163,224.0.0.252,5355,5355,N/A,N/A,N/A,N/A,,,1
1759293065,eth0,68,Ethernet,IPv4,UDP,N/A,v4,172.30.0.163,224.0.0.252,5355,5355,N/A,N/A,N/A,N/A,,,1
1759293065,any,359,N/A,IPv4,UDP,N/A,v4,0.0.0.0,255.255.255.255,68,67,N/A,N/A,N/A,N/A,,,1
1759293065,eth0,357,Ethernet,IPv4,UDP,N/A,v4,0.0.0.0,255.255.255.255,68,67,N/A,N/A,N/A,N/A,,,1
1759293065,eth0,369,Ethernet,IPv4,UDP,N/A,v4,0.0.0.0,255.255.255.255,68,67,N/A,N/A,N/A,N/A,,,1
1759293065,any,371,N/A,IPv4,UDP,N/A,v4,0.0.0.0,255.255.255.255,68,67,N/A,N/A,N/A,N/A,,,1
1759293065,any,112,N/A,IPv6,ICMP,N/A,v6,fe80::780a:a9ff:fee6:89,ff02::179,N/A,N/A,N/A,N/A,N/A,N/A,,,1
1759293065,eth1,110,Ethernet,IPv6,ICMP,N/A,v6,fe80::780a:a9ff:fee6:89,ff02::179,N/A,N/A,N/A,N/A,N/A,N/A,,,1
1759293065,any,72,N/A,IPv6,ICMP,N/A,v6,fe80::a824:52ff:fe4f:69,ff02::204,N/A,N/A,N/A,N/A,N/A,N/A,,,0
1759293065,eth1,70,Ethernet,IPv6,ICMP,N/A,v6,fe80::a824:52ff:fe4f:69,ff02::204,N/A,N/A,N/A,N/A,N/A,N/A,,,0
1759293065,eth0,70,Ethernet,IPv6,ICMP,N/A,v6,fe80::5ca9:83ff:fe87:27,ff02::204,N/A,N/A,N/A,N/A,N/A,N/A,,,0
1759293065,any,56,N/A,IPv4,N/A,N/A,v4,172.30.0.220,224.0.0.22,N/A,N/A,N/A,N/A,N/A,N/A,,,0
1759293065,eth0,54,Ethernet,IPv4,N/A,N/A,v4,172.30.0.220,224.0.0.22,N/A,N/A,N/A,N/A,N/A,N/A,,,0
1759293065,eth0,107,Ethernet,N/A,N/A,N/A,N/A,N/A,N/A,N/A,N/A,N/A,N/A,N/A,N/A,,,0
1759293065,any,109,N/A,N/A,N/A,N/A,N/A,N/A,N/A,N/A,N/A,N/A,N/A,N/A,N/A,,,0
1759293066,any,112,N/A,IPv6,ICMP,N/A,v6,fe80::b0b5:44ff:feea:219,ff02::179,N/A,N/A,N/A,N/A,N/A,N/A,,,1
1759293066,eth0,110,Ethernet,IPv6,ICMP,N/A,v6,fe80::b0b5:44ff:feea:219,ff02::179,N/A,N/A,N/A,N/A,N/A,N/A,,,1
1759293066,eth0,54,Ethernet,IPv4,N/A,N/A,v4,172.30.0.163,224.0.0.22,N/A,N/A,N/A,N/A,N/A,N/A,,,1
1759293066,any,44,ARP,N/A,N/A,N/A,N/A,N/A,N/A,N/A,N/A,1,2048,172.30.0.163,172.30.0.122,,,1
1759293066,eth0,42,Ethernet,N/A,N/A,N/A,N/A,N/A,N/A,N/A,N/A,N/A,N/A,N/A,N/A,,,1
1759293066,any,112,N/A,IPv6,ICMP,N/A,v6,fe80::b0b5:44ff:feea:219,ff02::179,N/A,N/A,N/A,N/A,N/A,N/A,,,1
1759293066,eth0,110,Ethernet,IPv6,ICMP,N/A,v6,fe80::b0b5:44ff:feea:219,ff02::179,N/A,N/A,N/A,N/A,N/A,N/A,,,1
1759293066,eth2,70,Ethernet,IPv6,ICMP,N/A,v6,fe80::dcac:f9ff:fe59:60,ff02::204,N/A,N/A,N/A,N/A,N/A,N/A,,,1
1759293066,any,113,N/A,N/A,N/A,N/A,N/A,N/A,N/A,N/A,N/A,N/A,N/A,N/A,N/A,,,1
1759293066,eth0,111,Ethernet,N/A,N/A,N/A,N/A,N/A,N/A,N/A,N/A,N/A,N/A,N/A,N/A,,,1
1759293066,eth0,70,Ethernet,IPv6,ICMP,N/A,v6,fe80::e48e:99ff:fe5f:147,ff02::204,N/A,N/A,N/A,N/A,N/A,N/A,,,1
1759293066,any,72,N/A,IPv6,ICMP,N/A,v6,fe80::e48e:99ff:fe5f:147,ff02::204,N/A,N/A,N/A,N/A,N/A,N/A,,,1
1759293066,any,72,N/A,IPv6,ICMP,N/A,v6,fe80::f056:abff:fe65:143,ff02::204,N/A,N/A,N/A,N/A,N/A,N/A,,,1
1759293066,eth1,70,Ethernet,IPv6,ICMP,N/A,v6,fe80::f056:abff:fe65:143,ff02::204,N/A,N/A,N/A,N/A,N/A,N/A,,,1
1759293066,any,112,N/A,IPv6,ICMP,N/A,v6,fe80::780a:a9ff:fee6:89,ff02::179,N/A,N/A,N/A,N/A,N/A,N/A,,,1
1759293066,eth1,110,Ethernet,IPv6,ICMP,N/A,v6,fe80::780a:a9ff:fee6:89,ff02::179,N/A,N/A,N/A,N/A,N/A,N/A,,,1
1759293066,eth0,90,Ethernet,IPv6,ICMP,N/A,v6,fe80::e48e:99ff:fe5f:147,ff02::179,N/A,N/A,N/A,N/A,N/A,N/A,,,1
1759293066,eth0,54,Ethernet,IPv4,N/A,N/A,v4,172.30.0.220,224.0.0.22,N/A,N/A,N/A,N/A,N/A,N/A,,,1
1759293066,any,92,N/A,IPv6,ICMP,N/A,v6,fe80::e48e:99ff:fe5f:147,ff02::179,N/A,N/A,N/A,N/A,N/A,N/A,,,1
1759293066,eth0,91,Ethernet,IPv6,UDP,N/A,v6,fe80::e48e:99ff:fe5f:147,ff02::1:52,5355,5355,N/A,N/A,N/A,N/A,,,1
1759293066,any,93,N/A,IPv6,UDP,N/A,v6,fe80::e48e:99ff:fe5f:147,ff02::1:52,5355,5355,N/A,N/A,N/A,N/A,,,1
1759293066,eth1,70,Ethernet,IPv6,ICMP,N/A,v6,fe80::103b:bdff:fef0:169,ff02::204,N/A,N/A,N/A,N/A,N/A,N/A,,,1
1759293066,any,362,N/A,IPv4,UDP,N/A,v4,0.0.0.0,255.255.255.255,68,67,N/A,N/A,N/A,N/A,,,1
1759293066,any,72,N/A,IPv6,ICMP,N/A,v6,fe80::103b:bdff:fef0:169,ff02::204,N/A,N/A,N/A,N/A,N/A,N/A,,,1
1759293066,eth0,360,Ethernet,IPv4,UDP,N/A,v4,0.0.0.0,255.255.255.255,68,67,N/A,N/A,N/A,N/A,,,1
1759293066,eth0,372,Ethernet,IPv4,UDP,N/A,v4,0.0.0.0,255.255.255.255,68,67,N/A,N/A,N/A,N/A,,,1
1759293066,any,374,N/A,IPv4,UDP,N/A,v4,0.0.0.0,255.255.255.255,68,67,N/A,N/A,N/A,N/A,,,1
1759293066,eth2,110,Ethernet,IPv6,ICMP,N/A,v6,fe80::dcac:f9ff:fe59:60,ff02::179,N/A,N/A,N/A,N/A,N/A,N/A,,,1
1759293066,eth1,110,Ethernet,IPv6,ICMP,N/A,v6,fe80::f056:abff:fe65:143,ff02::179,N/A,N/A,N/A,N/A,N/A,N/A,,,1
1759293066,eth0,110,Ethernet,IPv6,ICMP,N/A,v6,fe80::e48e:99ff:fe5f:147,ff02::179,N/A,N/A,N/A,N/A,N/A,N/A,,,1
1759293066,eth0,107,Ethernet,N/A,N/A,N/A,N/A,N/A,N/A,N/A,N/A,N/A,N/A,N/A,N/A,,,0
1759293066,any,109,N/A,N/A,N/A,N/A,N/A,N/A,N/A,N/A,N/A,N/A,N/A,N/A,N/A,,,0
1759293067,any,112,N/A,IPv6,ICMP,N/A,v6,fe80::f056:abff:fe65:143,ff02::179,N/A,N/A,N/A,N/A,N/A,N/A,,,1
1759293067,any,112,N/A,IPv6,ICMP,N/A,v6,fe80::e48e:99ff:fe5f:147,ff02::179,N/A,N/A,N/A,N/A,N/A,N/A,,,1
1759293067,any,44,ARP,N/A,N/A,N/A,N/A,N/A,N/A,N/A,N/A,1,2048,172.30.0.220,172.30.0.122,,,1
1759293067,any,58,ARP,N/A,N/A,N/A,N/A,N/A,N/A,N/A,N/A,2,2048,172.30.0.122,172.30.0.220,,,1
1759293067,any,56,N/A,IPv4,N/A,N/A,v4,172.30.0.163,224.0.0.22,N/A,N/A,N/A,N/A,N/A,N/A,,,1
1759293067,eth0,54,Ethernet,IPv4,N/A,N/A,v4,172.30.0.220,224.0.0.22,N/A,N/A,N/A,N/A,N/A,N/A,,,1
1759293067,eth0,42,Ethernet,N/A,N/A,N/A,N/A,N/A,N/A,N/A,N/A,N/A,N/A,N/A,N/A,,,1
1759293067,eth0,56,Ethernet,N/A,N/A,N/A,N/A,N/A,N/A,N/A,N/A,N/A,N/A,N/A,N/A,,,1
1759293067,eth0,56,Ethernet,N/A,N/A,N/A,N/A,N/A,N/A,N/A,N/A,N/A,N/A,N/A,N/A,,,1
1759293067,eth0,54,Ethernet,IPv4,N/A,N/A,v4,172.30.0.163,224.0.0.22,N/A,N/A,N/A,N/A,N/A,N/A,,,1
1759293067,eth0,70,Ethernet,IPv6,ICMP,N/A,v6,fe80::b0b5:44ff:feea:219,ff02::204,N/A,N/A,N/A,N/A,N/A,N/A,,,1
1759293067,any,72,N/A,IPv6,ICMP,N/A,v6,fe80::b0b5:44ff:feea:219,ff02::204,N/A,N/A,N/A,N/A,N/A,N/A,,,1
1759293067,any,72,N/A,IPv6,ICMP,N/A,v6,fe80::780a:a9ff:fee6:89,ff02::204,N/A,N/A,N/A,N/A,N/A,N/A,,,1
1759293067,eth1,70,Ethernet,IPv6,ICMP,N/A,v6,fe80::780a:a9ff:fee6:89,ff02::204,N/A,N/A,N/A,N/A,N/A,N/A,,,1
1759293067,eth0,70,Ethernet,IPv6,ICMP,N/A,v6,fe80::ecf9:eff:fefb:55,ff02::204,N/A,N/A,N/A,N/A,N/A,N/A,,,1
1759293067,any,72,N/A,IPv6,ICMP,N/A,v6,fe80::ecf9:eff:fefb:55,ff02::204,N/A,N/A,N/A,N/A,N/A,N/A,,,1
1759293067,any,112,N/A,IPv6,ICMP,N/A,v6,fe80::dcac:f9ff:fe59:60,ff02::179,N/A,N/A,N/A,N/A,N/A,N/A,,,1
1759293067,eth2,110,Ethernet,IPv6,ICMP,N/A,v6,fe80::dcac:f9ff:fe59:60,ff02::179,N/A,N/A,N/A,N/A,N/A,N/A,,,1
1759293067,any,112,N/A,IPv6,ICMP,N/A,v6,fe80::e48e:99ff:fe5f:147,ff02::179,N/A,N/A,N/A,N/A,N/A,N/A,,,1
1759293067,eth0,110,Ethernet,IPv6,ICMP,N/A,v6,fe80::e48e:99ff:fe5f:147,ff02::179,N/A,N/A,N/A,N/A,N/A,N/A,,,1
1759293067,any,92,N/A,IPv6,ICMP,N/A,v6,fe80::ecf9:eff:fefb:55,ff02::179,N/A,N/A,N/A,N/A,N/A,N/A,,,1
1759293067,eth0,90,Ethernet,IPv6,ICMP,N/A,v6,fe80::ecf9:eff:fefb:55,ff02::179,N/A,N/A,N/A,N/A,N/A,N/A,,,1
1759293067,eth0,56,Ethernet,IPv4,N/A,N/A,v4,172.30.0.89,224.0.0.22,N/A,N/A,N/A,N/A,N/A,N/A,,,1
1759293067,any,69,N/A,IPv4,UDP,N/A,v4,172.30.0.89,224.0.0.252,5355,5355,N/A,N/A,N/A,N/A,,,1
1759293067,eth0,67,Ethernet,IPv4,UDP,N/A,v4,172.30.0.89,224.0.0.252,5355,5355,N/A,N/A,N/A,N/A,,,1
1759293067,eth0,356,Ethernet,IPv4,UDP,N/A,v4,0.0.0.0,255.255.255.255,68,67,N/A,N/A,N/A,N/A,,,1
1759293067,any,358,N/A,IPv4,UDP,N/A,v4,0.0.0.0,255.255.255.255,68,67,N/A,N/A,N/A,N/A,,,1
1759293067,any,370,N/A,IPv4,UDP,N/A,v4,0.0.0.0,255.255.255.255,68,67,N/A,N/A,N/A,N/A,,,1
1759293067,eth0,368,Ethernet,IPv4,UDP,N/A,v4,0.0.0.0,255.255.255.255,68,67,N/A,N/A,N/A,N/A,,,1
1759293067,any,112,N/A,IPv6,ICMP,N/A,v6,fe80::103b:bdff:fef0:169,ff02::179,N/A,N/A,N/A,N/A,N/A,N/A,,,1
1759293067,eth1,110,Ethernet,IPv6,ICMP,N/A,v6,fe80::103b:bdff:fef0:169,ff02::179,N/A,N/A,N/A,N/A,N/A,N/A,,,1
1759293067,any,58,N/A,IPv4,N/A,N/A,v4,172.30.0.89,224.0.0.22,N/A,N/A,N/A,N/A,N/A,N/A,,,1
1759293067,eth0,56,Ethernet,IPv4,N/A,N/A,v4,172.30.0.89,224.0.0.22,N/A,N/A,N/A,N/A,N/A,N/A,,,1
1759293067,eth0,110,Ethernet,IPv6,ICMP,N/A,v6,fe80::ecf9:eff:fefb:55,ff02::179,N/A,N/A,N/A,N/A,N/A,N/A,,,1
1759293067,any,112,N/A,IPv6,ICMP,N/A,v6,fe80::ecf9:eff:fefb:55,ff02::179,N/A,N/A,N/A,N/A,N/A,N/A,,,1
1759293067,any,58,ARP,N/A,N/A,N/A,N/A,N/A,N/A,N/A,N/A,1,2048,172.30.0.89,172.30.0.122,,,1
1759293067,eth0,56,Ethernet,N/A,N/A,N/A,N/A,N/A,N/A,N/A,N/A,N/A,N/A,N/A,N/A,,,1
1759293067,eth0,54,Ethernet,IPv4,N/A,N/A,v4,172.30.0.220,224.0.0.22,N/A,N/A,N/A,N/A,N/A,N/A,,,1
1759293067,any,56,N/A,IPv4,N/A,N/A,v4,172.30.0.220,224.0.0.22,N/A,N/A,N/A,N/A,N/A,N/A,,,1
1759293067,any,112,N/A,IPv6,ICMP,N/A,v6,fe80::103b:bdff:fef0:169,ff02::179,N/A,N/A,N/A,N/A,N/A,N/A,,,1
1759293067,eth1,110,Ethernet,IPv6,ICMP,N/A,v6,fe80::103b:bdff:fef0:169,ff02::179,N/A,N/A,N/A,N/A,N/A,N/A,,,1
1759293067,any,112,N/A,IPv6,ICMP,N/A,v6,fe80::f056:abff:fe65:143,ff02::179,N/A,N/A,N/A,N/A,N/A,N/A,,,1
1759293067,eth1,110,Ethernet,IPv6,ICMP,N/A,v6,fe80::f056:abff:fe65:143,ff02::179,N/A,N/A,N/A,N/A,N/A,N/A,,,1
1759293067,any,58,N/A,IPv4,N/A,N/A,v4,172.30.0.89,224.0.0.22,N/A,N/A,N/A,N/A,N/A,N/A,,,1
1759293067,eth0,56,Ethernet,IPv4,N/A,N/A,v4,172.30.0.89,224.0.0.22,N/A,N/A,N/A,N/A,N/A,N/A,,,1
1759293067,eth0,70,Ethernet,IPv6,ICMP,N/A,v6,fe80::e48e:99ff:fe5f:147,ff02::204,N/A,N/A,N/A,N/A,N/A,N/A,,,1
1759293067,eth2,70,Ethernet,IPv6,ICMP,N/A,v6,fe80::dcac:f9ff:fe59:60,ff02::204,N/A,N/A,N/A,N/A,N/A,N/A,,,1
1759293067,eth1,70,Ethernet,IPv6,ICMP,N/A,v6,fe80::f056:abff:fe65:143,ff02::204,N/A,N/A,N/A,N/A,N/A,N/A,,,1
1759293067,any,72,N/A,IPv6,ICMP,N/A,v6,fe80::dcac:f9ff:fe59:60,ff02::204,N/A,N/A,N/A,N/A,N/A,N/A,,,1
1759293067,eth0,110,Ethernet,IPv6,ICMP,N/A,v6,fe80::ecf9:eff:fefb:55,ff02::179,N/A,N/A,N/A,N/A,N/A,N/A,,,1
1759293067,any,112,N/A,IPv6,ICMP,N/A,v6,fe80::ecf9:eff:fefb:55,ff02::179,N/A,N/A,N/A,N/A,N/A,N/A,,,1
1759293067,eth0,107,Ethernet,N/A,N/A,N/A,N/A,N/A,N/A,N/A,N/A,N/A,N/A,N/A,N/A,,,0
1759293067,any,109,N/A,N/A,N/A,N/A,N/A,N/A,N/A,N/A,N/A,N/A,N/A,N/A,N/A,,,0
1759293068,any,113,N/A,N/A,N/A,N/A,N/A,N/A,N/A,N/A,N/A,N/A,N/A,N/A,N/A,,,1
1759293068,eth0,111,Ethernet,N/A,N/A,N/A,N/A,N/A,N/A,N/A,N/A,N/A,N/A,N/A,N/A,,,1
1759293068,any,72,N/A,IPv6,ICMP,N/A,v6,fe80::7827:e3ff:fe68:239,ff02::204,N/A,N/A,N/A,N/A,N/A,N/A,,,1
1759293068,eth1,70,Ethernet,IPv6,ICMP,N/A,v6,fe80::7827:e3ff:fe68:239,ff02::204,N/A,N/A,N/A,N/A,N/A,N/A,,,1
1759293068,any,92,N/A,IPv6,ICMP,N/A,v6,fe80::24f1:23ff:fe29:66,ff02::179,N/A,N/A,N/A,N/A,N/A,N/A,,,1
1759293068,eth0,90,Ethernet,IPv6,ICMP,N/A,v6,fe80::24f1:23ff:fe29:66,ff02::179,N/A,N/A,N/A,N/A,N/A,N/A,,,1
1759293068,eth0,54,Ethernet,IPv4,N/A,N/A,v4,172.30.0.23,224.0.0.22,N/A,N/A,N/A,N/A,N/A,N/A,,,1
1759293068,eth0,87,Ethernet,IPv6,UDP,N/A,v6,fe80::24f1:23ff:fe29:66,ff02::1:52,5355,5355,N/A,N/A,N/A,N/A,,,1
1759293068,any,89,N/A,IPv6,UDP,N/A,v6,fe80::24f1:23ff:fe29:66,ff02::1:52,5355,5355,N/A,N/A,N/A,N/A,,,1
1759293068,any,358,N/A,IPv4,UDP,N/A,v4,0.0.0.0,255.255.255.255,68,67,N/A,N/A,N/A,N/A,,,1
1759293068,eth0,356,Ethernet,IPv4,UDP,N/A,v4,0.0.0.0,255.255.255.255,68,67,N/A,N/A,N/A,N/A,,,1
1759293068,eth0,368,Ethernet,IPv4,UDP,N/A,v4,0.0.0.0,255.255.255.255,68,67,N/A,N/A,N/A,N/A,,,1
1759293068,any,370,N/A,IPv4,UDP,N/A,v4,0.0.0.0,255.255.255.255,68,67,N/A,N/A,N/A,N/A,,,1
1759293068,any,112,N/A,IPv6,ICMP,N/A,v6,fe80::7827:e3ff:fe68:239,ff02::179,N/A,N/A,N/A,N/A,N/A,N/A,,,1
1759293068,eth1,110,Ethernet,IPv6,ICMP,N/A,v6,fe80::7827:e3ff:fe68:239,ff02::179,N/A,N/A,N/A,N/A,N/A,N/A,,,1
1759293068,any,112,N/A,IPv6,ICMP,N/A,v6,fe80::24f1:23ff:fe29:66,ff02::179,N/A,N/A,N/A,N/A,N/A,N/A,,,1
1759293068,eth0,110,Ethernet,IPv6,ICMP,N/A,v6,fe80::24f1:23ff:fe29:66,ff02::179,N/A,N/A,N/A,N/A,N/A,N/A,,,1
1759293068,eth0,54,Ethernet,IPv4,N/A,N/A,v4,172.30.0.23,224.0.0.22,N/A,N/A,N/A,N/A,N/A,N/A,,,1
1759293068,eth0,42,Ethernet,N/A,N/A,N/A,N/A,N/A,N/A,N/A,N/A,N/A,N/A,N/A,N/A,,,1
1759293068,any,44,ARP,N/A,N/A,N/A,N/A,N/A,N/A,N/A,N/A,1,2048,172.30.0.23,172.30.0.122,,,1
1759293068,any,72,N/A,IPv6,ICMP,N/A,v6,fe80::ecf9:eff:fefb:55,ff02::204,N/A,N/A,N/A,N/A,N/A,N/A,,,1
1759293068,eth1,70,Ethernet,IPv6,ICMP,N/A,v6,fe80::103b:bdff:fef0:169,ff02::204,N/A,N/A,N/A,N/A,N/A,N/A,,,1
1759293068,eth0,70,Ethernet,IPv6,ICMP,N/A,v6,fe80::ecf9:eff:fefb:55,ff02::204,N/A,N/A,N/A,N/A,N/A,N/A,,,1
1759293068,eth0,90,Ethernet,IPv6,ICMP,N/A,v6,fe80::b0b5:44ff:feea:219,ff02::179,N/A,N/A,N/A,N/A,N/A,N/A,,,1
1759293068,eth0,54,Ethernet,IPv4,N/A,N/A,v4,172.30.0.163,224.0.0.22,N/A,N/A,N/A,N/A,N/A,N/A,,,1
1759293068,eth0,88,Ethernet,IPv6,UDP,N/A,v6,fe80::b0b5:44ff:feea:219,ff02::1:52,5355,5355,N/A,N/A,N/A,N/A,,,1
1759293068,eth0,68,Ethernet,IPv4,UDP,N/A,v4,172.30.0.163,224.0.0.252,5355,5355,N/A,N/A,N/A,N/A,,,1
1759293068,any,90,N/A,IPv6,UDP,N/A,v6,fe80::b0b5:44ff:feea:219,ff02::1:52,5355,5355,N/A,N/A,N/A,N/A,,,1
1759293068,any,359,N/A,IPv4,UDP,N/A,v4,0.0.0.0,255.255.255.255,68,67,N/A,N/A,N/A,N/A,,,1
1759293068,eth0,357,Ethernet,IPv4,UDP,N/A,v4,0.0.0.0,255.255.255.255,68,67,N/A,N/A,N/A,N/A,,,1
1759293068,eth0,369,Ethernet,IPv4,UDP,N/A,v4,0.0.0.0,255.255.255.255,68,67,N/A,N/A,N/A,N/A,,,1
1759293068,any,371,N/A,IPv4,UDP,N/A,v4,0.0.0.0,255.255.255.255,68,67,N/A,N/A,N/A,N/A,,,1
1759293068,eth0,110,Ethernet,IPv6,ICMP,N/A,v6,fe80::b0b5:44ff:feea:219,ff02::179,N/A,N/A,N/A,N/A,N/A,N/A,,,1
1759293068,eth1,110,Ethernet,IPv6,ICMP,N/A,v6,fe80::780a:a9ff:fee6:89,ff02::179,N/A,N/A,N/A,N/A,N/A,N/A,,,1
1759293068,any,112,N/A,IPv6,ICMP,N/A,v6,fe80::b0b5:44ff:feea:219,ff02::179,N/A,N/A,N/A,N/A,N/A,N/A,,,1
1759293068,eth0,110,Ethernet,IPv6,ICMP,N/A,v6,fe80::b0b5:44ff:feea:219,ff02::179,N/A,N/A,N/A,N/A,N/A,N/A,,,1
1759293068,eth0,54,Ethernet,IPv4,N/A,N/A,v4,172.30.0.163,224.0.0.22,N/A,N/A,N/A,N/A,N/A,N/A,,,1
1759293068,any,112,N/A,IPv6,ICMP,N/A,v6,fe80::b0b5:44ff:feea:219,ff02::179,N/A,N/A,N/A,N/A,N/A,N/A,,,1
1759293068,any,56,N/A,IPv4,N/A,N/A,v4,172.30.0.23,224.0.0.22,N/A,N/A,N/A,N/A,N/A,N/A,,,1
1759293068,eth0,54,Ethernet,IPv4,N/A,N/A,v4,172.30.0.23,224.0.0.22,N/A,N/A,N/A,N/A,N/A,N/A,,,1
1759293068,any,44,ARP,N/A,N/A,N/A,N/A,N/A,N/A,N/A,N/A,1,2048,172.30.0.163,172.30.0.122,,,1
1759293068,eth0,42,Ethernet,N/A,N/A,N/A,N/A,N/A,N/A,N/A,N/A,N/A,N/A,N/A,N/A,,,1
1759293068,eth0,54,Ethernet,IPv4,N/A,N/A,v4,172.30.0.163,224.0.0.22,N/A,N/A,N/A,N/A,N/A,N/A,,,1
1759293068,any,56,N/A,IPv4,N/A,N/A,v4,172.30.0.163,224.0.0.22,N/A,N/A,N/A,N/A,N/A,N/A,,,1
1759293068,any,112,N/A,IPv6,ICMP,N/A,v6,fe80::780a:a9ff:fee6:89,ff02::179,N/A,N/A,N/A,N/A,N/A,N/A,,,1
1759293068,eth1,110,Ethernet,IPv6,ICMP,N/A,v6,fe80::780a:a9ff:fee6:89,ff02::179,N/A,N/A,N/A,N/A,N/A,N/A,,,1
1759293069,eth0,107,Ethernet,N/A,N/A,N/A,N/A,N/A,N/A,N/A,N/A,N/A,N/A,N/A,N/A,,,0
1759293069,any,109,N/A,N/A,N/A,N/A,N/A,N/A,N/A,N/A,N/A,N/A,N/A,N/A,N/A,,,0
1759293069,any,72,N/A,IPv6,ICMP,N/A,v6,fe80::5ca9:83ff:fe87:27,ff02::204,N/A,N/A,N/A,N/A,N/A,N/A,,,0
1759293069,eth0,70,Ethernet,IPv6,ICMP,N/A,v6,fe80::5ca9:83ff:fe87:27,ff02::204,N/A,N/A,N/A,N/A,N/A,N/A,,,0
1759293069,eth1,70,Ethernet,IPv6,ICMP,N/A,v6,fe80::a824:52ff:fe4f:69,ff02::204,N/A,N/A,N/A,N/A,N/A,N/A,,,0
1759293069,any,72,N/A,IPv6,ICMP,N/A,v6,fe80::a824:52ff:fe4f:69,ff02::204,N/A,N/A,N/A,N/A,N/A,N/A,,,0
1759293069,eth0,90,Ethernet,IPv6,ICMP,N/A,v6,fe80::5ca9:83ff:fe87:27,ff02::179,N/A,N/A,N/A,N/A,N/A,N/A,,,0
1759293069,eth0,54,Ethernet,IPv4,N/A,N/A,v4,172.30.0.220,224.0.0.22,N/A,N/A,N/A,N/A,N/A,N/A,,,0
1759293069,any,92,N/A,IPv6,ICMP,N/A,v6,fe80::5ca9:83ff:fe87:27,ff02::179,N/A,N/A,N/A,N/A,N/A,N/A,,,0
1759293069,eth0,87,Ethernet,IPv6,UDP,N/A,v6,fe80::5ca9:83ff:fe87:27,ff02::1:52,5355,5355,N/A,N/A,N/A,N/A,,,0
1759293069,eth0,67,Ethernet,IPv4,UDP,N/A,v4,172.30.0.220,224.0.0.252,5355,5355,N/A,N/A,N/A,N/A,,,0
1759293069,any,89,N/A,IPv6,UDP,N/A,v6,fe80::5ca9:83ff:fe87:27,ff02::1:52,5355,5355,N/A,N/A,N/A,N/A,,,0
1759293069,eth0,356,Ethernet,IPv4,UDP,N/A,v4,0.0.0.0,255.255.255.255,68,67,N/A,N/A,N/A,N/A,,,0
1759293069,any,358,N/A,IPv4,UDP,N/A,v4,0.0.0.0,255.255.255.255,68,67,N/A,N/A,N/A,N/A,,,0
1759293069,eth0,368,Ethernet,IPv4,UDP,N/A,v4,0.0.0.0,255.255.255.255,68,67,N/A,N/A,N/A,N/A,,,0
1759293069,any,370,N/A,IPv4,UDP,N/A,v4,0.0.0.0,255.255.255.255,68,67,N/A,N/A,N/A,N/A,,,0
1759293069,eth1,110,Ethernet,IPv6,ICMP,N/A,v6,fe80::a824:52ff:fe4f:69,ff02::179,N/A,N/A,N/A,N/A,N/A,N/A,,,0
1759293069,any,112,N/A,IPv6,ICMP,N/A,v6,fe80::a824:52ff:fe4f:69,ff02::179,N/A,N/A,N/A,N/A,N/A,N/A,,,0
1759293069,eth0,54,Ethernet,IPv4,N/A,N/A,v4,172.30.0.220,224.0.0.22,N/A,N/A,N/A,N/A,N/A,N/A,,,0
1759293069,any,56,N/A,IPv4,N/A,N/A,v4,172.30.0.220,224.0.0.22,N/A,N/A,N/A,N/A,N/A,N/A,,,0
1759293069,eth0,110,Ethernet,IPv6,ICMP,N/A,v6,fe80::5ca9:83ff:fe87:27,ff02::179,N/A,N/A,N/A,N/A,N/A,N/A,,,0
1759293069,any,112,N/A,IPv6,ICMP,N/A,v6,fe80::5ca9:83ff:fe87:27,ff02::179,N/A,N/A,N/A,N/A,N/A,N/A,,,0
1759293069,eth0,42,Ethernet,N/A,N/A,N/A,N/A,N/A,N/A,N/A,N/A,N/A,N/A,N/A,N/A,,,0
1759293069,eth0,56,Ethernet,N/A,N/A,N/A,N/A,N/A,N/A,N/A,N/A,N/A,N/A,N/A,N/A,,,0
1759293069,eth0,56,Ethernet,N/A,N/A,N/A,N/A,N/A,N/A,N/A,N/A,N/A,N/A,N/A,N/A,,,0
1759293069,any,44,ARP,N/A,N/A,N/A,N/A,N/A,N/A,N/A,N/A,1,2048,172.30.0.220,172.30.0.122,,,0
1759293069,any,58,ARP,N/A,N/A,N/A,N/A,N/A,N/A,N/A,N/A,2,2048,172.30.0.122,172.30.0.220,,,0
1759293069,eth0,110,Ethernet,IPv6,ICMP,N/A,v6,fe80::5ca9:83ff:fe87:27,ff02::179,N/A,N/A,N/A,N/A,N/A,N/A,,,0
1759293069,any,112,N/A,IPv6,ICMP,N/A,v6,fe80::5ca9:83ff:fe87:27,ff02::179,N/A,N/A,N/A,N/A,N/A,N/A,,,0
1759293069,any,72,N/A,IPv6,ICMP,N/A,v6,fe80::7827:e3ff:fe68:239,ff02::204,N/A,N/A,N/A,N/A,N/A,N/A,,,1
1759293069,eth1,70,Ethernet,IPv6,ICMP,N/A,v6,fe80::7827:e3ff:fe68:239,ff02::204,N/A,N/A,N/A,N/A,N/A,N/A,,,1
1759293069,eth0,70,Ethernet,IPv6,ICMP,N/A,v6,fe80::24f1:23ff:fe29:66,ff02::204,N/A,N/A,N/A,N/A,N/A,N/A,,,1
1759293069,any,113,N/A,N/A,N/A,N/A,N/A,N/A,N/A,N/A,N/A,N/A,N/A,N/A,N/A,,,1
1759293069,eth0,111,Ethernet,N/A,N/A,N/A,N/A,N/A,N/A,N/A,N/A,N/A,N/A,N/A,N/A,,,1
1759293069,eth0,110,Ethernet,IPv6,ICMP,N/A,v6,fe80::24f1:23ff:fe29:66,ff02::179,N/A,N/A,N/A,N/A,N/A,N/A,,,1
1759293069,any,112,N/A,IPv6,ICMP,N/A,v6,fe80::24f1:23ff:fe29:66,ff02::179,N/A,N/A,N/A,N/A,N/A,N/A,,,1
1759293069,any,112,N/A,IPv6,ICMP,N/A,v6,fe80::7827:e3ff:fe68:239,ff02::179,N/A,N/A,N/A,N/A,N/A,N/A,,,1
1759293069,eth1,110,Ethernet,IPv6,ICMP,N/A,v6,fe80::7827:e3ff:fe68:239,ff02::179,N/A,N/A,N/A,N/A,N/A,N/A,,,1
1759293069,any,92,N/A,IPv6,ICMP,N/A,v6,fe80::b0b5:44ff:feea:219,ff02::179,N/A,N/A,N/A,N/A,N/A,N/A,,,1
1759293069,eth0,90,Ethernet,IPv6,ICMP,N/A,v6,fe80::b0b5:44ff:feea:219,ff02::179,N/A,N/A,N/A,N/A,N/A,N/A,,,1
1759293069,any,72,N/A,IPv6,ICMP,N/A,v6,fe80::780a:a9ff:fee6:89,ff02::204,N/A,N/A,N/A,N/A,N/A,N/A,,,1
1759293069,eth1,70,Ethernet,IPv6,ICMP,N/A,v6,fe80::780a:a9ff:fee6:89,ff02::204,N/A,N/A,N/A,N/A,N/A,N/A,,,1
1759293069,eth0,70,Ethernet,IPv6,ICMP,N/A,v6,fe80::b0b5:44ff:feea:219,ff02::204,N/A,N/A,N/A,N/A,N/A,N/A,,,1
1759293070,any,112,N/A,IPv6,ICMP,N/A,v6,fe80::a824:52ff:fe4f:69,ff02::179,N/A,N/A,N/A,N/A,N/A,N/A,,,0
1759293070,any,113,N/A,N/A,N/A,N/A,N/A,N/A,N/A,N/A,N/A,N/A,N/A,N/A,N/A,,,1
1759293070,eth0,111,Ethernet,N/A,N/A,N/A,N/A,N/A,N/A,N/A,N/A,N/A,N/A,N/A,N/A,,,1
1759293070,eth0,90,Ethernet,IPv6,ICMP,N/A,v6,fe80::e48e:99ff:fe5f:147,ff02::179,N/A,N/A,N/A,N/A,N/A,N/A,,,1
1759293070,eth0,54,Ethernet,IPv4,N/A,N/A,v4,172.30.0.220,224.0.0.22,N/A,N/A,N/A,N/A,N/A,N/A,,,1
1759293070,any,92,N/A,IPv6,ICMP,N/A,v6,fe80::e48e:99ff:fe5f:147,ff02::179,N/A,N/A,N/A,N/A,N/A,N/A,,,1
1759293070,eth0,71,Ethernet,IPv4,UDP,N/A,v4,172.30.0.220,224.0.0.252,5355,5355,N/A,N/A,N/A,N/A,,,1
1759293070,any,73,N/A,IPv4,UDP,N/A,v4,172.30.0.220,224.0.0.252,5355,5355,N/A,N/A,N/A,N/A,,,1
1759293070,eth1,110,Ethernet,IPv6,ICMP,N/A,v6,fe80::a824:52ff:fe4f:69,ff02::179,N/A,N/A,N/A,N/A,N/A,N/A,,,0
1759293070,any,56,N/A,IPv4,N/A,N/A,v4,172.30.0.220,224.0.0.22,N/A,N/A,N/A,N/A,N/A,N/A,,,0
1759293070,eth0,54,Ethernet,IPv4,N/A,N/A,v4,172.30.0.220,224.0.0.22,N/A,N/A,N/A,N/A,N/A,N/A,,,0
1759293070,any,72,N/A,IPv6,ICMP,N/A,v6,fe80::a824:52ff:fe4f:69,ff02::204,N/A,N/A,N/A,N/A,N/A,N/A,,,0
1759293070,eth1,70,Ethernet,IPv6,ICMP,N/A,v6,fe80::a824:52ff:fe4f:69,ff02::204,N/A,N/A,N/A,N/A,N/A,N/A,,,0
1759293070,eth0,70,Ethernet,IPv6,ICMP,N/A,v6,fe80::5ca9:83ff:fe87:27,ff02::204,N/A,N/A,N/A,N/A,N/A,N/A,,,0
1759293071,eth0,360,Ethernet,IPv4,UDP,N/A,v4,0.0.0.0,255.255.255.255,68,67,N/A,N/A,N/A,N/A,,,1
1759293071,any,362,N/A,IPv4,UDP,N/A,v4,0.0.0.0,255.255.255.255,68,67,N/A,N/A,N/A,N/A,,,1
1759293071,eth0,372,Ethernet,IPv4,UDP,N/A,v4,0.0.0.0,255.255.255.255,68,67,N/A,N/A,N/A,N/A,,,1
1759293071,any,374,N/A,IPv4,UDP,N/A,v4,0.0.0.0,255.255.255.255,68,67,N/A,N/A,N/A,N/A,,,1
1759293071,any,112,N/A,IPv6,ICMP,N/A,v6,fe80::f056:abff:fe65:143,ff02::179,N/A,N/A,N/A,N/A,N/A,N/A,,,1
1759293071,any,112,N/A,IPv6,ICMP,N/A,v6,fe80::e48e:99ff:fe5f:147,ff02::179,N/A,N/A,N/A,N/A,N/A,N/A,,,1
1759293071,any,44,ARP,N/A,N/A,N/A,N/A,N/A,N/A,N/A,N/A,1,2048,172.30.0.220,172.30.0.122,,,1
1759293071,any,58,ARP,N/A,N/A,N/A,N/A,N/A,N/A,N/A,N/A,2,2048,172.30.0.122,172.30.0.220,,,1
1759293071,any,58,ARP,N/A,N/A,N/A,N/A,N/A,N/A,N/A,N/A,2,2048,172.30.0.122,172.30.0.220,,,1
1759293071,any,112,N/A,IPv6,ICMP,N/A,v6,fe80::dcac:f9ff:fe59:60,ff02::179,N/A,N/A,N/A,N/A,N/A,N/A,,,1
1759293071,eth2,110,Ethernet,IPv6,ICMP,N/A,v6,fe80::dcac:f9ff:fe59:60,ff02::179,N/A,N/A,N/A,N/A,N/A,N/A,,,1
1759293071,eth2,110,Ethernet,IPv6,ICMP,N/A,v6,fe80::dcac:f9ff:fe59:60,ff02::179,N/A,N/A,N/A,N/A,N/A,N/A,,,1
1759293071,eth1,110,Ethernet,IPv6,ICMP,N/A,v6,fe80::f056:abff:fe65:143,ff02::179,N/A,N/A,N/A,N/A,N/A,N/A,,,1
1759293071,eth0,110,Ethernet,IPv6,ICMP,N/A,v6,fe80::e48e:99ff:fe5f:147,ff02::179,N/A,N/A,N/A,N/A,N/A,N/A,,,1
1759293071,eth0,54,Ethernet,IPv4,N/A,N/A,v4,172.30.0.220,224.0.0.22,N/A,N/A,N/A,N/A,N/A,N/A,,,1
1759293071,eth0,42,Ethernet,N/A,N/A,N/A,N/A,N/A,N/A,N/A,N/A,N/A,N/A,N/A,N/A,,,1
1759293071,eth0,56,Ethernet,N/A,N/A,N/A,N/A,N/A,N/A,N/A,N/A,N/A,N/A,N/A,N/A,,,1
1759293071,eth0,56,Ethernet,N/A,N/A,N/A,N/A,N/A,N/A,N/A,N/A,N/A,N/A,N/A,N/A,,,1
1759293071,any,112,N/A,IPv6,ICMP,N/A,v6,fe80::f056:abff:fe65:143,ff02::179,N/A,N/A,N/A,N/A,N/A,N/A,,,1
1759293071,eth1,110,Ethernet,IPv6,ICMP,N/A,v6,fe80::f056:abff:fe65:143,ff02::179,N/A,N/A,N/A,N/A,N/A,N/A,,,1
1759293071,eth0,90,Ethernet,IPv6,ICMP,N/A,v6,fe80::ecf9:eff:fefb:55,ff02::179,N/A,N/A,N/A,N/A,N/A,N/A,,,1
1759293071,eth0,56,Ethernet,IPv4,N/A,N/A,v4,172.30.0.89,224.0.0.22,N/A,N/A,N/A,N/A,N/A,N/A,,,1
1759293071,any,92,N/A,IPv6,ICMP,N/A,v6,fe80::ecf9:eff:fefb:55,ff02::179,N/A,N/A,N/A,N/A,N/A,N/A,,,1
1759293071,any,58,N/A,IPv4,N/A,N/A,v4,172.30.0.89,224.0.0.22,N/A,N/A,N/A,N/A,N/A,N/A,,,1
1759293071,eth0,356,Ethernet,IPv4,UDP,N/A,v4,0.0.0.0,255.255.255.255,68,67,N/A,N/A,N/A,N/A,,,1
1759293071,any,358,N/A,IPv4,UDP,N/A,v4,0.0.0.0,255.255.255.255,68,67,N/A,N/A,N/A,N/A,,,1
1759293071,eth0,368,Ethernet,IPv4,UDP,N/A,v4,0.0.0.0,255.255.255.255,68,67,N/A,N/A,N/A,N/A,,,1
1759293071,any,370,N/A,IPv4,UDP,N/A,v4,0.0.0.0,255.255.255.255,68,67,N/A,N/A,N/A,N/A,,,1
1759293071,eth1,110,Ethernet,IPv6,ICMP,N/A,v6,fe80::103b:bdff:fef0:169,ff02::179,N/A,N/A,N/A,N/A,N/A,N/A,,,1
1759293071,any,112,N/A,IPv6,ICMP,N/A,v6,fe80::103b:bdff:fef0:169,ff02::179,N/A,N/A,N/A,N/A,N/A,N/A,,,1
1759293071,any,112,N/A,IPv6,ICMP,N/A,v6,fe80::ecf9:eff:fefb:55,ff02::179,N/A,N/A,N/A,N/A,N/A,N/A,,,1
1759293071,any,58,N/A,IPv4,N/A,N/A,v4,172.30.0.89,224.0.0.22,N/A,N/A,N/A,N/A,N/A,N/A,,,1
1759293071,eth0,110,Ethernet,IPv6,ICMP,N/A,v6,fe80::ecf9:eff:fefb:55,ff02::179,N/A,N/A,N/A,N/A,N/A,N/A,,,1
1759293071,eth0,56,Ethernet,IPv4,N/A,N/A,v4,172.30.0.89,224.0.0.22,N/A,N/A,N/A,N/A,N/A,N/A,,,1
1759293071,eth0,56,Ethernet,N/A,N/A,N/A,N/A,N/A,N/A,N/A,N/A,N/A,N/A,N/A,N/A,,,1
1759293071,eth0,110,Ethernet,IPv6,ICMP,N/A,v6,fe80::e48e:99ff:fe5f:147,ff02::179,N/A,N/A,N/A,N/A,N/A,N/A,,,1
1759293071,any,112,N/A,IPv6,ICMP,N/A,v6,fe80::e48e:99ff:fe5f:147,ff02::179,N/A,N/A,N/A,N/A,N/A,N/A,,,1
1759293071,any,58,N/A,IPv4,N/A,N/A,v4,172.30.0.89,224.0.0.22,N/A,N/A,N/A,N/A,N/A,N/A,,,1
1759293071,eth0,56,Ethernet,IPv4,N/A,N/A,v4,172.30.0.89,224.0.0.22,N/A,N/A,N/A,N/A,N/A,N/A,,,1
1759293071,any,72,N/A,IPv6,ICMP,N/A,v6,fe80::dcac:f9ff:fe59:60,ff02::204,N/A,N/A,N/A,N/A,N/A,N/A,,,1
1759293071,eth2,70,Ethernet,IPv6,ICMP,N/A,v6,fe80::dcac:f9ff:fe59:60,ff02::204,N/A,N/A,N/A,N/A,N/A,N/A,,,1
1759293071,eth0,70,Ethernet,IPv6,ICMP,N/A,v6,fe80::e48e:99ff:fe5f:147,ff02::204,N/A,N/A,N/A,N/A,N/A,N/A,,,1
1759293071,eth1,70,Ethernet,IPv6,ICMP,N/A,v6,fe80::f056:abff:fe65:143,ff02::204,N/A,N/A,N/A,N/A,N/A,N/A,,,1
1759293071,eth0,54,Ethernet,IPv4,N/A,N/A,v4,172.30.0.220,224.0.0.22,N/A,N/A,N/A,N/A,N/A,N/A,,,1
1759293071,any,56,N/A,IPv4,N/A,N/A,v4,172.30.0.220,224.0.0.22,N/A,N/A,N/A,N/A,N/A,N/A,,,1
1759293071,any,112,N/A,IPv6,ICMP,N/A,v6,fe80::ecf9:eff:fefb:55,ff02::179,N/A,N/A,N/A,N/A,N/A,N/A,,,1
1759293071,eth0,110,Ethernet,IPv6,ICMP,N/A,v6,fe80::ecf9:eff:fefb:55,ff02::179,N/A,N/A,N/A,N/A,N/A,N/A,,,1
1759293071,eth0,107,Ethernet,N/A,N/A,N/A,N/A,N/A,N/A,N/A,N/A,N/A,N/A,N/A,N/A,,,0
1759293071,any,109,N/A,N/A,N/A,N/A,N/A,N/A,N/A,N/A,N/A,N/A,N/A,N/A,N/A,,,0
1759293072,eth1,110,Ethernet,IPv6,ICMP,N/A,v6,fe80::103b:bdff:fef0:169,ff02::179,N/A,N/A,N/A,N/A,N/A,N/A,,,1
1759293072,any,112,N/A,IPv6,ICMP,N/A,v6,fe80::103b:bdff:fef0:169,ff02::179,N/A,N/A,N/A,N/A,N/A,N/A,,,1
1759293072,any,92,N/A,IPv6,ICMP,N/A,v6,fe80::24f1:23ff:fe29:66,ff02::179,N/A,N/A,N/A,N/A,N/A,N/A,,,1
1759293072,eth0,90,Ethernet,IPv6,ICMP,N/A,v6,fe80::24f1:23ff:fe29:66,ff02::179,N/A,N/A,N/A,N/A,N/A,N/A,,,1
1759293072,eth0,54,Ethernet,IPv4,N/A,N/A,v4,172.30.0.23,224.0.0.22,N/A,N/A,N/A,N/A,N/A,N/A,,,1
1759293072,any,113,N/A,N/A,N/A,N/A,N/A,N/A,N/A,N/A,N/A,N/A,N/A,N/A,N/A,,,1
1759293072,eth0,111,Ethernet,N/A,N/A,N/A,N/A,N/A,N/A,N/A,N/A,N/A,N/A,N/A,N/A,,,1
1759293072,any,72,N/A,IPv6,ICMP,N/A,v6,fe80::ecf9:eff:fefb:55,ff02::204,N/A,N/A,N/A,N/A,N/A,N/A,,,1
1759293072,eth0,70,Ethernet,IPv6,ICMP,N/A,v6,fe80::ecf9:eff:fefb:55,ff02::204,N/A,N/A,N/A,N/A,N/A,N/A,,,1
1759293072,any,72,N/A,IPv6,ICMP,N/A,v6,fe80::103b:bdff:fef0:169,ff02::204,N/A,N/A,N/A,N/A,N/A,N/A,,,1
1759293072,eth1,70,Ethernet,IPv6,ICMP,N/A,v6,fe80::103b:bdff:fef0:169,ff02::204,N/A,N/A,N/A,N/A,N/A,N/A,,,1
1759293072,any,69,N/A,IPv4,UDP,N/A,v4,172.30.0.23,224.0.0.252,5355,5355,N/A,N/A,N/A,N/A,,,1
1759293072,eth0,67,Ethernet,IPv4,UDP,N/A,v4,172.30.0.23,224.0.0.252,5355,5355,N/A,N/A,N/A,N/A,,,1
1759293072,eth0,87,Ethernet,IPv6,UDP,N/A,v6,fe80::24f1:23ff:fe29:66,ff02::1:52,5355,5355,N/A,N/A,N/A,N/A,,,1
1759293072,eth0,356,Ethernet,IPv4,UDP,N/A,v4,0.0.0.0,255.255.255.255,68,67,N/A,N/A,N/A,N/A,,,1
1759293072,any,358,N/A,IPv4,UDP,N/A,v4,0.0.0.0,255.255.255.255,68,67,N/A,N/A,N/A,N/A,,,1
1759293072,any,370,N/A,IPv4,UDP,N/A,v4,0.0.0.0,255.255.255.255,68,67,N/A,N/A,N/A,N/A,,,1
1759293072,eth0,368,Ethernet,IPv4,UDP,N/A,v4,0.0.0.0,255.255.255.255,68,67,N/A,N/A,N/A,N/A,,,1
1759293072,any,112,N/A,IPv6,ICMP,N/A,v6,fe80::7827:e3ff:fe68:239,ff02::179,N/A,N/A,N/A,N/A,N/A,N/A,,,1
1759293072,eth1,110,Ethernet,IPv6,ICMP,N/A,v6,fe80::7827:e3ff:fe68:239,ff02::179,N/A,N/A,N/A,N/A,N/A,N/A,,,1
1759293072,any,112,N/A,IPv6,ICMP,N/A,v6,fe80::24f1:23ff:fe29:66,ff02::179,N/A,N/A,N/A,N/A,N/A,N/A,,,1
1759293072,eth0,110,Ethernet,IPv6,ICMP,N/A,v6,fe80::24f1:23ff:fe29:66,ff02::179,N/A,N/A,N/A,N/A,N/A,N/A,,,1
1759293072,eth0,54,Ethernet,IPv4,N/A,N/A,v4,172.30.0.23,224.0.0.22,N/A,N/A,N/A,N/A,N/A,N/A,,,1
1759293072,any,112,N/A,IPv6,ICMP,N/A,v6,fe80::24f1:23ff:fe29:66,ff02::179,N/A,N/A,N/A,N/A,N/A,N/A,,,1
1759293072,eth0,110,Ethernet,IPv6,ICMP,N/A,v6,fe80::24f1:23ff:fe29:66,ff02::179,N/A,N/A,N/A,N/A,N/A,N/A,,,1
1759293072,eth0,42,Ethernet,N/A,N/A,N/A,N/A,N/A,N/A,N/A,N/A,N/A,N/A,N/A,N/A,,,1
1759293072,any,44,ARP,N/A,N/A,N/A,N/A,N/A,N/A,N/A,N/A,1,2048,172.30.0.23,172.30.0.122,,,1
1759293072,any,112,N/A,IPv6,ICMP,N/A,v6,fe80::7827:e3ff:fe68:239,ff02::179,N/A,N/A,N/A,N/A,N/A,N/A,,,1
1759293072,eth1,110,Ethernet,IPv6,ICMP,N/A,v6,fe80::7827:e3ff:fe68:239,ff02::179,N/A,N/A,N/A,N/A,N/A,N/A,,,1
1759293072,any,109,N/A,N/A,N/A,N/A,N/A,N/A,N/A,N/A,N/A,N/A,N/A,N/A,N/A,,,0
1759293072,eth0,107,Ethernet,N/A,N/A,N/A,N/A,N/A,N/A,N/A,N/A,N/A,N/A,N/A,N/A,,,0
1759293073,eth0,70,Ethernet,IPv6,ICMP,N/A,v6,fe80::24f1:23ff:fe29:66,ff02::204,N/A,N/A,N/A,N/A,N/A,N/A,,,1
1759293073,any,72,N/A,IPv6,ICMP,N/A,v6,fe80::24f1:23ff:fe29:66,ff02::204,N/A,N/A,N/A,N/A,N/A,N/A,,,1
1759293073,any,72,N/A,IPv6,ICMP,N/A,v6,fe80::7827:e3ff:fe68:239,ff02::204,N/A,N/A,N/A,N/A,N/A,N/A,,,1
1759293073,eth1,70,Ethernet,IPv6,ICMP,N/A,v6,fe80::7827:e3ff:fe68:239,ff02::204,N/A,N/A,N/A,N/A,N/A,N/A,,,1
1759293073,any,56,N/A,IPv4,N/A,N/A,v4,172.30.0.23,224.0.0.22,N/A,N/A,N/A,N/A,N/A,N/A,,,1
1759293073,eth0,54,Ethernet,IPv4,N/A,N/A,v4,172.30.0.23,224.0.0.22,N/A,N/A,N/A,N/A,N/A,N/A,,,1
1759293073,eth0,70,Ethernet,IPv6,ICMP,N/A,v6,fe80::b0b5:44ff:feea:219,ff02::204,N/A,N/A,N/A,N/A,N/A,N/A,,,1
1759293073,any,72,N/A,IPv6,ICMP,N/A,v6,fe80::b0b5:44ff:feea:219,ff02::204,N/A,N/A,N/A,N/A,N/A,N/A,,,1
1759293073,any,72,N/A,IPv6,ICMP,N/A,v6,fe80::780a:a9ff:fee6:89,ff02::204,N/A,N/A,N/A,N/A,N/A,N/A,,,1
1759293073,eth1,70,Ethernet,IPv6,ICMP,N/A,v6,fe80::780a:a9ff:fee6:89,ff02::204,N/A,N/A,N/A,N/A,N/A,N/A,,,1
1759293073,any,113,N/A,N/A,N/A,N/A,N/A,N/A,N/A,N/A,N/A,N/A,N/A,N/A,N/A,,,1
1759293073,eth0,111,Ethernet,N/A,N/A,N/A,N/A,N/A,N/A,N/A,N/A,N/A,N/A,N/A,N/A,,,1
1759293073,eth0,90,Ethernet,IPv6,ICMP,N/A,v6,fe80::b0b5:44ff:feea:219,ff02::179,N/A,N/A,N/A,N/A,N/A,N/A,,,1
1759293073,eth0,54,Ethernet,IPv4,N/A,N/A,v4,172.30.0.163,224.0.0.22,N/A,N/A,N/A,N/A,N/A,N/A,,,1
1759293073,any,92,N/A,IPv6,ICMP,N/A,v6,fe80::b0b5:44ff:feea:219,ff02::179,N/A,N/A,N/A,N/A,N/A,N/A,,,1
1759293073,any,90,N/A,IPv6,UDP,N/A,v6,fe80::b0b5:44ff:feea:219,ff02::1:52,5355,5355,N/A,N/A,N/A,N/A,,,1
1759293073,eth0,88,Ethernet,IPv6,UDP,N/A,v6,fe80::b0b5:44ff:feea:219,ff02::1:52,5355,5355,N/A,N/A,N/A,N/A,,,1
1759293073,any,70,N/A,IPv4,UDP,N/A,v4,172.30.0.163,224.0.0.252,5355,5355,N/A,N/A,N/A,N/A,,,1
1759293073,eth0,68,Ethernet,IPv4,UDP,N/A,v4,172.30.0.163,224.0.0.252,5355,5355,N/A,N/A,N/A,N/A,,,1
1759293073,any,112,N/A,IPv6,ICMP,N/A,v6,fe80::780a:a9ff:fee6:89,ff02::179,N/A,N/A,N/A,N/A,N/A,N/A,,,1
1759293073,eth1,110,Ethernet,IPv6,ICMP,N/A,v6,fe80::780a:a9ff:fee6:89,ff02::179,N/A,N/A,N/A,N/A,N/A,N/A,,,1
1759293073,eth0,110,Ethernet,IPv6,ICMP,N/A,v6,fe80::b0b5:44ff:feea:219,ff02::179,N/A,N/A,N/A,N/A,N/A,N/A,,,1
1759293073,any,359,N/A,IPv4,UDP,N/A,v4,0.0.0.0,255.255.255.255,68,67,N/A,N/A,N/A,N/A,,,1
1759293073,eth0,357,Ethernet,IPv4,UDP,N/A,v4,0.0.0.0,255.255.255.255,68,67,N/A,N/A,N/A,N/A,,,1
1759293073,eth0,369,Ethernet,IPv4,UDP,N/A,v4,0.0.0.0,255.255.255.255,68,67,N/A,N/A,N/A,N/A,,,1
1759293073,any,371,N/A,IPv4,UDP,N/A,v4,0.0.0.0,255.255.255.255,68,67,N/A,N/A,N/A,N/A,,,1
1759293073,eth0,110,Ethernet,IPv6,ICMP,N/A,v6,fe80::b0b5:44ff:feea:219,ff02::179,N/A,N/A,N/A,N/A,N/A,N/A,,,1
1759293073,eth0,54,Ethernet,IPv4,N/A,N/A,v4,172.30.0.163,224.0.0.22,N/A,N/A,N/A,N/A,N/A,N/A,,,1
1759293073,any,109,N/A,N/A,N/A,N/A,N/A,N/A,N/A,N/A,N/A,N/A,N/A,N/A,N/A,,,0
1759293073,eth0,107,Ethernet,N/A,N/A,N/A,N/A,N/A,N/A,N/A,N/A,N/A,N/A,N/A,N/A,,,0
1759293073,eth0,90,Ethernet,IPv6,ICMP,N/A,v6,fe80::5ca9:83ff:fe87:27,ff02::179,N/A,N/A,N/A,N/A,N/A,N/A,,,0
1759293073,eth0,54,Ethernet,IPv4,N/A,N/A,v4,172.30.0.220,224.0.0.22,N/A,N/A,N/A,N/A,N/A,N/A,,,0
1759293073,any,92,N/A,IPv6,ICMP,N/A,v6,fe80::5ca9:83ff:fe87:27,ff02::179,N/A,N/A,N/A,N/A,N/A,N/A,,,0
1759293073,eth0,356,Ethernet,IPv4,UDP,N/A,v4,0.0.0.0,255.255.255.255,68,67,N/A,N/A,N/A,N/A,,,0
1759293073,any,358,N/A,IPv4,UDP,N/A,v4,0.0.0.0,255.255.255.255,68,67,N/A,N/A,N/A,N/A,,,0
1759293073,eth0,368,Ethernet,IPv4,UDP,N/A,v4,0.0.0.0,255.255.255.255,68,67,N/A,N/A,N/A,N/A,,,0
1759293073,any,370,N/A,IPv4,UDP,N/A,v4,0.0.0.0,255.255.255.255,68,67,N/A,N/A,N/A,N/A,,,0
1759293073,eth1,110,Ethernet,IPv6,ICMP,N/A,v6,fe80::a824:52ff:fe4f:69,ff02::179,N/A,N/A,N/A,N/A,N/A,N/A,,,0
1759293073,any,112,N/A,IPv6,ICMP,N/A,v6,fe80::a824:52ff:fe4f:69,ff02::179,N/A,N/A,N/A,N/A,N/A,N/A,,,0
1759293073,eth0,54,Ethernet,IPv4,N/A,N/A,v4,172.30.0.220,224.0.0.22,N/A,N/A,N/A,N/A,N/A,N/A,,,0
1759293073,eth0,110,Ethernet,IPv6,ICMP,N/A,v6,fe80::5ca9:83ff:fe87:27,ff02::179,N/A,N/A,N/A,N/A,N/A,N/A,,,0
1759293073,any,56,N/A,IPv4,N/A,N/A,v4,172.30.0.220,224.0.0.22,N/A,N/A,N/A,N/A,N/A,N/A,,,0
1759293073,any,112,N/A,IPv6,ICMP,N/A,v6,fe80::b0b5:44ff:feea:219,ff02::179,N/A,N/A,N/A,N/A,N/A,N/A,,,1
1759293073,any,44,ARP,N/A,N/A,N/A,N/A,N/A,N/A,N/A,N/A,1,2048,172.30.0.163,172.30.0.122,,,1
1759293073,eth0,42,Ethernet,N/A,N/A,N/A,N/A,N/A,N/A,N/A,N/A,N/A,N/A,N/A,N/A,,,1
1759293073,any,112,N/A,IPv6,ICMP,N/A,v6,fe80::780a:a9ff:fee6:89,ff02::179,N/A,N/A,N/A,N/A,N/A,N/A,,,1
1759293073,eth1,110,Ethernet,IPv6,ICMP,N/A,v6,fe80::780a:a9ff:fee6:89,ff02::179,N/A,N/A,N/A,N/A,N/A,N/A,,,1
1759293073,any,56,N/A,IPv4,N/A,N/A,v4,172.30.0.163,224.0.0.22,N/A,N/A,N/A,N/A,N/A,N/A,,,1
1759293073,eth0,54,Ethernet,IPv4,N/A,N/A,v4,172.30.0.163,224.0.0.22,N/A,N/A,N/A,N/A,N/A,N/A,,,1
1759293074,any,112,N/A,IPv6,ICMP,N/A,v6,fe80::5ca9:83ff:fe87:27,ff02::179,N/A,N/A,N/A,N/A,N/A,N/A,,,0
1759293074,eth0,70,Ethernet,IPv6,ICMP,N/A,v6,fe80::b0b5:44ff:feea:219,ff02::204,N/A,N/A,N/A,N/A,N/A,N/A,,,1
1759293074,any,72,N/A,IPv6,ICMP,N/A,v6,fe80::780a:a9ff:fee6:89,ff02::204,N/A,N/A,N/A,N/A,N/A,N/A,,,1
1759293074,eth1,70,Ethernet,IPv6,ICMP,N/A,v6,fe80::780a:a9ff:fee6:89,ff02::204,N/A,N/A,N/A,N/A,N/A,N/A,,,1
1759293074,any,113,N/A,N/A,N/A,N/A,N/A,N/A,N/A,N/A,N/A,N/A,N/A,N/A,N/A,,,1
1759293074,eth0,111,Ethernet,N/A,N/A,N/A,N/A,N/A,N/A,N/A,N/A,N/A,N/A,N/A,N/A,,,1
1759293074,eth0,90,Ethernet,IPv6,ICMP,N/A,v6,fe80::b0b5:44ff:feea:219,ff02::179,N/A,N/A,N/A,N/A,N/A,N/A,,,1
1759293074,any,92,N/A,IPv6,ICMP,N/A,v6,fe80::b0b5:44ff:feea:219,ff02::179,N/A,N/A,N/A,N/A,N/A,N/A,,,1
1759293074,any,44,ARP,N/A,N/A,N/A,N/A,N/A,N/A,N/A,N/A,1,2048,172.30.0.220,172.30.0.122,,,0
1759293074,any,58,ARP,N/A,N/A,N/A,N/A,N/A,N/A,N/A,N/A,2,2048,172.30.0.122,172.30.0.220,,,0
1759293074,eth0,110,Ethernet,IPv6,ICMP,N/A,v6,fe80::5ca9:83ff:fe87:27,ff02::179,N/A,N/A,N/A,N/A,N/A,N/A,,,0
1759293074,eth0,42,Ethernet,N/A,N/A,N/A,N/A,N/A,N/A,N/A,N/A,N/A,N/A,N/A,N/A,,,0
1759293074,eth0,56,Ethernet,N/A,N/A,N/A,N/A,N/A,N/A,N/A,N/A,N/A,N/A,N/A,N/A,,,0
1759293074,eth0,56,Ethernet,N/A,N/A,N/A,N/A,N/A,N/A,N/A,N/A,N/A,N/A,N/A,N/A,,,0
1759293074,eth1,70,Ethernet,IPv6,ICMP,N/A,v6,fe80::a824:52ff:fe4f:69,ff02::204,N/A,N/A,N/A,N/A,N/A,N/A,,,0
1759293074,any,72,N/A,IPv6,ICMP,N/A,v6,fe80::a824:52ff:fe4f:69,ff02::204,N/A,N/A,N/A,N/A,N/A,N/A,,,0
1759293074,eth0,70,Ethernet,IPv6,ICMP,N/A,v6,fe80::5ca9:83ff:fe87:27,ff02::204,N/A,N/A,N/A,N/A,N/A,N/A,,,0
1759293074,any,72,N/A,IPv6,ICMP,N/A,v6,fe80::5ca9:83ff:fe87:27,ff02::204,N/A,N/A,N/A,N/A,N/A,N/A,,,0
1759293074,any,112,N/A,IPv6,ICMP,N/A,v6,fe80::a824:52ff:fe4f:69,ff02::179,N/A,N/A,N/A,N/A,N/A,N/A,,,0
1759293074,eth1,110,Ethernet,IPv6,ICMP,N/A,v6,fe80::a824:52ff:fe4f:69,ff02::179,N/A,N/A,N/A,N/A,N/A,N/A,,,0
1759293074,any,56,N/A,IPv4,N/A,N/A,v4,172.30.0.220,224.0.0.22,N/A,N/A,N/A,N/A,N/A,N/A,,,0
1759293074,eth0,54,Ethernet,IPv4,N/A,N/A,v4,172.30.0.220,224.0.0.22,N/A,N/A,N/A,N/A,N/A,N/A,,,0
1759293075,eth0,111,Ethernet,N/A,N/A,N/A,N/A,N/A,N/A,N/A,N/A,N/A,N/A,N/A,N/A,,,1
1759293075,any,113,N/A,N/A,N/A,N/A,N/A,N/A,N/A,N/A,N/A,N/A,N/A,N/A,N/A,,,1
1759293075,any,72,N/A,IPv6,ICMP,N/A,v6,fe80::dcac:f9ff:fe59:60,ff02::204,N/A,N/A,N/A,N/A,N/A,N/A,,,1
1759293075,eth2,70,Ethernet,IPv6,ICMP,N/A,v6,fe80::dcac:f9ff:fe59:60,ff02::204,N/A,N/A,N/A,N/A,N/A,N/A,,,1
1759293075,any,72,N/A,IPv6,ICMP,N/A,v6,fe80::e48e:99ff:fe5f:147,ff02::204,N/A,N/A,N/A,N/A,N/A,N/A,,,1
1759293075,eth0,70,Ethernet,IPv6,ICMP,N/A,v6,fe80::e48e:99ff:fe5f:147,ff02::204,N/A,N/A,N/A,N/A,N/A,N/A,,,1
1759293075,eth1,70,Ethernet,IPv6,ICMP,N/A,v6,fe80::f056:abff:fe65:143,ff02::204,N/A,N/A,N/A,N/A,N/A,N/A,,,1
1759293075,any,72,N/A,IPv6,ICMP,N/A,v6,fe80::f056:abff:fe65:143,ff02::204,N/A,N/A,N/A,N/A,N/A,N/A,,,1
1759293075,eth0,107,Ethernet,N/A,N/A,N/A,N/A,N/A,N/A,N/A,N/A,N/A,N/A,N/A,N/A,,,0
1759293075,any,109,N/A,N/A,N/A,N/A,N/A,N/A,N/A,N/A,N/A,N/A,N/A,N/A,N/A,,,0
1759293076,eth0,90,Ethernet,IPv6,ICMP,N/A,v6,fe80::e48e:99ff:fe5f:147,ff02::179,N/A,N/A,N/A,N/A,N/A,N/A,,,1
1759293076,eth0,54,Ethernet,IPv4,N/A,N/A,v4,172.30.0.220,224.0.0.22,N/A,N/A,N/A,N/A,N/A,N/A,,,1
1759293076,any,92,N/A,IPv6,ICMP,N/A,v6,fe80::e48e:99ff:fe5f:147,ff02::179,N/A,N/A,N/A,N/A,N/A,N/A,,,1
1759293076,eth0,91,Ethernet,IPv6,UDP,N/A,v6,fe80::e48e:99ff:fe5f:147,ff02::1:52,5355,5355,N/A,N/A,N/A,N/A,,,1
1759293076,any,93,N/A,IPv6,UDP,N/A,v6,fe80::e48e:99ff:fe5f:147,ff02::1:52,5355,5355,N/A,N/A,N/A,N/A,,,1
1759293076,eth0,360,Ethernet,IPv4,UDP,N/A,v4,0.0.0.0,255.255.255.255,68,67,N/A,N/A,N/A,N/A,,,1
1759293076,any,362,N/A,IPv4,UDP,N/A,v4,0.0.0.0,255.255.255.255,68,67,N/A,N/A,N/A,N/A,,,1
1759293076,eth0,372,Ethernet,IPv4,UDP,N/A,v4,0.0.0.0,255.255.255.255,68,67,N/A,N/A,N/A,N/A,,,1
1759293076,any,374,N/A,IPv4,UDP,N/A,v4,0.0.0.0,255.255.255.255,68,67,N/A,N/A,N/A,N/A,,,1
1759293076,any,112,N/A,IPv6,ICMP,N/A,v6,fe80::dcac:f9ff:fe59:60,ff02::179,N/A,N/A,N/A,N/A,N/A,N/A,,,1
1759293076,eth2,110,Ethernet,IPv6,ICMP,N/A,v6,fe80::dcac:f9ff:fe59:60,ff02::179,N/A,N/A,N/A,N/A,N/A,N/A,,,1
1759293076,eth0,42,Ethernet,N/A,N/A,N/A,N/A,N/A,N/A,N/A,N/A,N/A,N/A,N/A,N/A,,,1
1759293076,any,112,N/A,IPv6,ICMP,N/A,v6,fe80::f056:abff:fe65:143,ff02::179,N/A,N/A,N/A,N/A,N/A,N/A,,,1
1759293076,eth1,110,Ethernet,IPv6,ICMP,N/A,v6,fe80::f056:abff:fe65:143,ff02::179,N/A,N/A,N/A,N/A,N/A,N/A,,,1
1759293076,eth0,56,Ethernet,N/A,N/A,N/A,N/A,N/A,N/A,N/A,N/A,N/A,N/A,N/A,N/A,,,1
1759293076,eth0,56,Ethernet,N/A,N/A,N/A,N/A,N/A,N/A,N/A,N/A,N/A,N/A,N/A,N/A,,,1
1759293076,any,58,ARP,N/A,N/A,N/A,N/A,N/A,N/A,N/A,N/A,2,2048,172.30.0.122,172.30.0.220,,,1
1759293076,any,58,ARP,N/A,N/A,N/A,N/A,N/A,N/A,N/A,N/A,2,2048,172.30.0.122,172.30.0.220,,,1
1759293076,eth0,54,Ethernet,IPv4,N/A,N/A,v4,172.30.0.220,224.0.0.22,N/A,N/A,N/A,N/A,N/A,N/A,,,1
1759293076,any,56,N/A,IPv4,N/A,N/A,v4,172.30.0.220,224.0.0.22,N/A,N/A,N/A,N/A,N/A,N/A,,,1
1759293076,eth0,110,Ethernet,IPv6,ICMP,N/A,v6,fe80::e48e:99ff:fe5f:147,ff02::179,N/A,N/A,N/A,N/A,N/A,N/A,,,1
1759293076,any,112,N/A,IPv6,ICMP,N/A,v6,fe80::e48e:99ff:fe5f:147,ff02::179,N/A,N/A,N/A,N/A,N/A,N/A,,,1
1759293076,any,112,N/A,IPv6,ICMP,N/A,v6,fe80::e48e:99ff:fe5f:147,ff02::179,N/A,N/A,N/A,N/A,N/A,N/A,,,1
1759293076,eth0,110,Ethernet,IPv6,ICMP,N/A,v6,fe80::e48e:99ff:fe5f:147,ff02::179,N/A,N/A,N/A,N/A,N/A,N/A,,,1
1759293076,eth0,70,Ethernet,IPv6,ICMP,N/A,v6,fe80::ecf9:eff:fefb:55,ff02::204,N/A,N/A,N/A,N/A,N/A,N/A,,,1
1759293076,any,72,N/A,IPv6,ICMP,N/A,v6,fe80::ecf9:eff:fefb:55,ff02::204,N/A,N/A,N/A,N/A,N/A,N/A,,,1
1759293076,any,56,N/A,IPv4,N/A,N/A,v4,172.30.0.220,224.0.0.22,N/A,N/A,N/A,N/A,N/A,N/A,,,1
1759293076,eth0,54,Ethernet,IPv4,N/A,N/A,v4,172.30.0.220,224.0.0.22,N/A,N/A,N/A,N/A,N/A,N/A,,,1
1759293076,any,72,N/A,IPv6,ICMP,N/A,v6,fe80::103b:bdff:fef0:169,ff02::204,N/A,N/A,N/A,N/A,N/A,N/A,,,1
1759293076,eth1,70,Ethernet,IPv6,ICMP,N/A,v6,fe80::103b:bdff:fef0:169,ff02::204,N/A,N/A,N/A,N/A,N/A,N/A,,,1
1759293076,any,92,N/A,IPv6,ICMP,N/A,v6,fe80::ecf9:eff:fefb:55,ff02::179,N/A,N/A,N/A,N/A,N/A,N/A,,,1
1759293076,eth0,90,Ethernet,IPv6,ICMP,N/A,v6,fe80::ecf9:eff:fefb:55,ff02::179,N/A,N/A,N/A,N/A,N/A,N/A,,,1
1759293076,eth0,56,Ethernet,IPv4,N/A,N/A,v4,172.30.0.89,224.0.0.22,N/A,N/A,N/A,N/A,N/A,N/A,,,1
1759293076,eth0,87,Ethernet,IPv6,UDP,N/A,v6,fe80::ecf9:eff:fefb:55,ff02::1:52,5355,5355,N/A,N/A,N/A,N/A,,,1
1759293076,any,89,N/A,IPv6,UDP,N/A,v6,fe80::ecf9:eff:fefb:55,ff02::1:52,5355,5355,N/A,N/A,N/A,N/A,,,1
1759293076,eth0,356,Ethernet,IPv4,UDP,N/A,v4,0.0.0.0,255.255.255.255,68,67,N/A,N/A,N/A,N/A,,,1
1759293076,any,358,N/A,IPv4,UDP,N/A,v4,0.0.0.0,255.255.255.255,68,67,N/A,N/A,N/A,N/A,,,1
1759293076,eth1,70,Ethernet,IPv6,ICMP,N/A,v6,fe80::f056:abff:fe65:143,ff02::204,N/A,N/A,N/A,N/A,N/A,N/A,,,1
1759293076,any,72,N/A,IPv6,ICMP,N/A,v6,fe80::dcac:f9ff:fe59:60,ff02::204,N/A,N/A,N/A,N/A,N/A,N/A,,,1
1759293076,eth2,70,Ethernet,IPv6,ICMP,N/A,v6,fe80::dcac:f9ff:fe59:60,ff02::204,N/A,N/A,N/A,N/A,N/A,N/A,,,1
1759293076,eth0,70,Ethernet,IPv6,ICMP,N/A,v6,fe80::e48e:99ff:fe5f:147,ff02::204,N/A,N/A,N/A,N/A,N/A,N/A,,,1
1759293076,eth0,368,Ethernet,IPv4,UDP,N/A,v4,0.0.0.0,255.255.255.255,68,67,N/A,N/A,N/A,N/A,,,1
1759293076,any,370,N/A,IPv4,UDP,N/A,v4,0.0.0.0,255.255.255.255,68,67,N/A,N/A,N/A,N/A,,,1
1759293076,eth1,110,Ethernet,IPv6,ICMP,N/A,v6,fe80::103b:bdff:fef0:169,ff02::179,N/A,N/A,N/A,N/A,N/A,N/A,,,1
1759293076,any,112,N/A,IPv6,ICMP,N/A,v6,fe80::103b:bdff:fef0:169,ff02::179,N/A,N/A,N/A,N/A,N/A,N/A,,,1
1759293076,eth0,110,Ethernet,IPv6,ICMP,N/A,v6,fe80::ecf9:eff:fefb:55,ff02::179,N/A,N/A,N/A,N/A,N/A,N/A,,,1
1759293076,eth0,56,Ethernet,IPv4,N/A,N/A,v4,172.30.0.89,224.0.0.22,N/A,N/A,N/A,N/A,N/A,N/A,,,1
1759293076,any,112,N/A,IPv6,ICMP,N/A,v6,fe80::ecf9:eff:fefb:55,ff02::179,N/A,N/A,N/A,N/A,N/A,N/A,,,1
1759293076,any,58,N/A,IPv4,N/A,N/A,v4,172.30.0.89,224.0.0.22,N/A,N/A,N/A,N/A,N/A,N/A,,,1
1759293076,eth0,56,Ethernet,N/A,N/A,N/A,N/A,N/A,N/A,N/A,N/A,N/A,N/A,N/A,N/A,,,1
1759293076,any,58,ARP,N/A,N/A,N/A,N/A,N/A,N/A,N/A,N/A,1,2048,172.30.0.89,172.30.0.122,,,1
1759293076,eth2,110,Ethernet,IPv6,ICMP,N/A,v6,fe80::dcac:f9ff:fe59:60,ff02::179,N/A,N/A,N/A,N/A,N/A,N/A,,,1
1759293076,any,112,N/A,IPv6,ICMP,N/A,v6,fe80::dcac:f9ff:fe59:60,ff02::179,N/A,N/A,N/A,N/A,N/A,N/A,,,1
1759293076,eth0,70,Ethernet,IPv6,ICMP,N/A,v6,fe80::24f1:23ff:fe29:66,ff02::204,N/A,N/A,N/A,N/A,N/A,N/A,,,1
1759293076,any,72,N/A,IPv6,ICMP,N/A,v6,fe80::24f1:23ff:fe29:66,ff02::204,N/A,N/A,N/A,N/A,N/A,N/A,,,1
1759293076,any,112,N/A,IPv6,ICMP,N/A,v6,fe80::ecf9:eff:fefb:55,ff02::179,N/A,N/A,N/A,N/A,N/A,N/A,,,1
1759293076,eth0,110,Ethernet,IPv6,ICMP,N/A,v6,fe80::ecf9:eff:fefb:55,ff02::179,N/A,N/A,N/A,N/A,N/A,N/A,,,1
1759293076,eth0,107,Ethernet,N/A,N/A,N/A,N/A,N/A,N/A,N/A,N/A,N/A,N/A,N/A,N/A,,,0
1759293076,any,109,N/A,N/A,N/A,N/A,N/A,N/A,N/A,N/A,N/A,N/A,N/A,N/A,N/A,,,0
1759293077,eth1,110,Ethernet,IPv6,ICMP,N/A,v6,fe80::f056:abff:fe65:143,ff02::179,N/A,N/A,N/A,N/A,N/A,N/A,,,1
1759293077,any,112,N/A,IPv6,ICMP,N/A,v6,fe80::f056:abff:fe65:143,ff02::179,N/A,N/A,N/A,N/A,N/A,N/A,,,1
1759293077,eth1,110,Ethernet,IPv6,ICMP,N/A,v6,fe80::103b:bdff:fef0:169,ff02::179,N/A,N/A,N/A,N/A,N/A,N/A,,,1
1759293077,any,112,N/A,IPv6,ICMP,N/A,v6,fe80::103b:bdff:fef0:169,ff02::179,N/A,N/A,N/A,N/A,N/A,N/A,,,1
1759293077,any,72,N/A,IPv6,ICMP,N/A,v6,fe80::7827:e3ff:fe68:239,ff02::204,N/A,N/A,N/A,N/A,N/A,N/A,,,1
1759293077,eth1,70,Ethernet,IPv6,ICMP,N/A,v6,fe80::7827:e3ff:fe68:239,ff02::204,N/A,N/A,N/A,N/A,N/A,N/A,,,1
1759293077,any,113,N/A,N/A,N/A,N/A,N/A,N/A,N/A,N/A,N/A,N/A,N/A,N/A,N/A,,,1
1759293077,eth0,111,Ethernet,N/A,N/A,N/A,N/A,N/A,N/A,N/A,N/A,N/A,N/A,N/A,N/A,,,1
1759293077,eth1,70,Ethernet,IPv6,ICMP,N/A,v6,fe80::103b:bdff:fef0:169,ff02::204,N/A,N/A,N/A,N/A,N/A,N/A,,,1
1759293077,any,72,N/A,IPv6,ICMP,N/A,v6,fe80::ecf9:eff:fefb:55,ff02::204,N/A,N/A,N/A,N/A,N/A,N/A,,,1
1759293077,any,72,N/A,IPv6,ICMP,N/A,v6,fe80::103b:bdff:fef0:169,ff02::204,N/A,N/A,N/A,N/A,N/A,N/A,,,1
1759293077,eth0,70,Ethernet,IPv6,ICMP,N/A,v6,fe80::ecf9:eff:fefb:55,ff02::204,N/A,N/A,N/A,N/A,N/A,N/A,,,1
1759293077,any,92,N/A,IPv6,ICMP,N/A,v6,fe80::b0b5:44ff:feea:219,ff02::179,N/A,N/A,N/A,N/A,N/A,N/A,,,1
1759293077,eth0,90,Ethernet,IPv6,ICMP,N/A,v6,fe80::b0b5:44ff:feea:219,ff02::179,N/A,N/A,N/A,N/A,N/A,N/A,,,1
1759293077,eth0,54,Ethernet,IPv4,N/A,N/A,v4,172.30.0.163,224.0.0.22,N/A,N/A,N/A,N/A,N/A,N/A,,,1
1759293077,eth0,90,Ethernet,IPv6,ICMP,N/A,v6,fe80::24f1:23ff:fe29:66,ff02::179,N/A,N/A,N/A,N/A,N/A,N/A,,,1
1759293077,eth0,54,Ethernet,IPv4,N/A,N/A,v4,172.30.0.23,224.0.0.22,N/A,N/A,N/A,N/A,N/A,N/A,,,1
1759293077,any,92,N/A,IPv6,ICMP,N/A,v6,fe80::24f1:23ff:fe29:66,ff02::179,N/A,N/A,N/A,N/A,N/A,N/A,,,1
1759293077,any,90,N/A,IPv6,UDP,N/A,v6,fe80::b0b5:44ff:feea:219,ff02::1:52,5355,5355,N/A,N/A,N/A,N/A,,,1
1759293077,eth0,88,Ethernet,IPv6,UDP,N/A,v6,fe80::b0b5:44ff:feea:219,ff02::1:52,5355,5355,N/A,N/A,N/A,N/A,,,1
1759293077,eth0,68,Ethernet,IPv4,UDP,N/A,v4,172.30.0.163,224.0.0.252,5355,5355,N/A,N/A,N/A,N/A,,,1
1759293077,eth0,67,Ethernet,IPv4,UDP,N/A,v4,172.30.0.23,224.0.0.252,5355,5355,N/A,N/A,N/A,N/A,,,1
1759293077,any,69,N/A,IPv4,UDP,N/A,v4,172.30.0.23,224.0.0.252,5355,5355,N/A,N/A,N/A,N/A,,,1
1759293077,eth0,357,Ethernet,IPv4,UDP,N/A,v4,0.0.0.0,255.255.255.255,68,67,N/A,N/A,N/A,N/A,,,1
1759293077,any,359,N/A,IPv4,UDP,N/A,v4,0.0.0.0,255.255.255.255,68,67,N/A,N/A,N/A,N/A,,,1
1759293077,eth0,369,Ethernet,IPv4,UDP,N/A,v4,0.0.0.0,255.255.255.255,68,67,N/A,N/A,N/A,N/A,,,1
1759293077,any,371,N/A,IPv4,UDP,N/A,v4,0.0.0.0,255.255.255.255,68,67,N/A,N/A,N/A,N/A,,,1
1759293077,eth1,110,Ethernet,IPv6,ICMP,N/A,v6,fe80::780a:a9ff:fee6:89,ff02::179,N/A,N/A,N/A,N/A,N/A,N/A,,,1
1759293077,any,112,N/A,IPv6,ICMP,N/A,v6,fe80::780a:a9ff:fee6:89,ff02::179,N/A,N/A,N/A,N/A,N/A,N/A,,,1
1759293077,eth0,356,Ethernet,IPv4,UDP,N/A,v4,0.0.0.0,255.255.255.255,68,67,N/A,N/A,N/A,N/A,,,1
1759293077,any,358,N/A,IPv4,UDP,N/A,v4,0.0.0.0,255.255.255.255,68,67,N/A,N/A,N/A,N/A,,,1
1759293077,eth0,368,Ethernet,IPv4,UDP,N/A,v4,0.0.0.0,255.255.255.255,68,67,N/A,N/A,N/A,N/A,,,1
1759293077,any,370,N/A,IPv4,UDP,N/A,v4,0.0.0.0,255.255.255.255,68,67,N/A,N/A,N/A,N/A,,,1
1759293077,eth0,110,Ethernet,IPv6,ICMP,N/A,v6,fe80::b0b5:44ff:feea:219,ff02::179,N/A,N/A,N/A,N/A,N/A,N/A,,,1
1759293077,eth0,54,Ethernet,IPv4,N/A,N/A,v4,172.30.0.163,224.0.0.22,N/A,N/A,N/A,N/A,N/A,N/A,,,1
1759293077,any,112,N/A,IPv6,ICMP,N/A,v6,fe80::b0b5:44ff:feea:219,ff02::179,N/A,N/A,N/A,N/A,N/A,N/A,,,1
1759293077,eth1,110,Ethernet,IPv6,ICMP,N/A,v6,fe80::7827:e3ff:fe68:239,ff02::179,N/A,N/A,N/A,N/A,N/A,N/A,,,1
1759293077,any,112,N/A,IPv6,ICMP,N/A,v6,fe80::7827:e3ff:fe68:239,ff02::179,N/A,N/A,N/A,N/A,N/A,N/A,,,1
1759293077,eth0,110,Ethernet,IPv6,ICMP,N/A,v6,fe80::24f1:23ff:fe29:66,ff02::179,N/A,N/A,N/A,N/A,N/A,N/A,,,1
1759293077,eth0,54,Ethernet,IPv4,N/A,N/A,v4,172.30.0.23,224.0.0.22,N/A,N/A,N/A,N/A,N/A,N/A,,,1
1759293077,any,112,N/A,IPv6,ICMP,N/A,v6,fe80::24f1:23ff:fe29:66,ff02::179,N/A,N/A,N/A,N/A,N/A,N/A,,,1
1759293077,eth0,42,Ethernet,N/A,N/A,N/A,N/A,N/A,N/A,N/A,N/A,N/A,N/A,N/A,N/A,,,1
1759293077,any,44,ARP,N/A,N/A,N/A,N/A,N/A,N/A,N/A,N/A,1,2048,172.30.0.23,172.30.0.122,,,1
1759293077,eth0,56,Ethernet,IPv4,N/A,N/A,v4,172.30.0.89,224.0.0.22,N/A,N/A,N/A,N/A,N/A,N/A,,,1
1759293077,eth1,110,Ethernet,IPv6,ICMP,N/A,v6,fe80::7827:e3ff:fe68:239,ff02::179,N/A,N/A,N/A,N/A,N/A,N/A,,,1
1759293077,any,112,N/A,IPv6,ICMP,N/A,v6,fe80::7827:e3ff:fe68:239,ff02::179,N/A,N/A,N/A,N/A,N/A,N/A,,,1
1759293077,any,92,N/A,IPv6,ICMP,N/A,v6,fe80::e48e:99ff:fe5f:147,ff02::179,N/A,N/A,N/A,N/A,N/A,N/A,,,1
1759293077,eth0,90,Ethernet,IPv6,ICMP,N/A,v6,fe80::e48e:99ff:fe5f:147,ff02::179,N/A,N/A,N/A,N/A,N/A,N/A,,,1
1759293077,eth0,91,Ethernet,IPv6,UDP,N/A,v6,fe80::e48e:99ff:fe5f:147,ff02::1:52,5355,5355,N/A,N/A,N/A,N/A,,,1
1759293077,any,93,N/A,IPv6,UDP,N/A,v6,fe80::e48e:99ff:fe5f:147,ff02::1:52,5355,5355,N/A,N/A,N/A,N/A,,,1
1759293077,eth0,360,Ethernet,IPv4,UDP,N/A,v4,0.0.0.0,255.255.255.255,68,67,N/A,N/A,N/A,N/A,,,1
1759293077,any,362,N/A,IPv4,UDP,N/A,v4,0.0.0.0,255.255.255.255,68,67,N/A,N/A,N/A,N/A,,,1
1759293077,eth0,372,Ethernet,IPv4,UDP,N/A,v4,0.0.0.0,255.255.255.255,68,67,N/A,N/A,N/A,N/A,,,1
1759293077,any,374,N/A,IPv4,UDP,N/A,v4,0.0.0.0,255.255.255.255,68,67,N/A,N/A,N/A,N/A,,,1
1759293077,eth2,110,Ethernet,IPv6,ICMP,N/A,v6,fe80::dcac:f9ff:fe59:60,ff02::179,N/A,N/A,N/A,N/A,N/A,N/A,,,1
1759293077,any,112,N/A,IPv6,ICMP,N/A,v6,fe80::f056:abff:fe65:143,ff02::179,N/A,N/A,N/A,N/A,N/A,N/A,,,1
1759293077,eth1,110,Ethernet,IPv6,ICMP,N/A,v6,fe80::f056:abff:fe65:143,ff02::179,N/A,N/A,N/A,N/A,N/A,N/A,,,1
1759293077,any,112,N/A,IPv6,ICMP,N/A,v6,fe80::e48e:99ff:fe5f:147,ff02::179,N/A,N/A,N/A,N/A,N/A,N/A,,,1
1759293077,eth0,110,Ethernet,IPv6,ICMP,N/A,v6,fe80::e48e:99ff:fe5f:147,ff02::179,N/A,N/A,N/A,N/A,N/A,N/A,,,1
1759293077,eth0,54,Ethernet,IPv4,N/A,N/A,v4,172.30.0.220,224.0.0.22,N/A,N/A,N/A,N/A,N/A,N/A,,,1
1759293077,eth0,42,Ethernet,N/A,N/A,N/A,N/A,N/A,N/A,N/A,N/A,N/A,N/A,N/A,N/A,,,1
1759293077,eth0,56,Ethernet,N/A,N/A,N/A,N/A,N/A,N/A,N/A,N/A,N/A,N/A,N/A,N/A,,,1
1759293077,eth0,56,Ethernet,N/A,N/A,N/A,N/A,N/A,N/A,N/A,N/A,N/A,N/A,N/A,N/A,,,1
1759293077,any,58,ARP,N/A,N/A,N/A,N/A,N/A,N/A,N/A,N/A,2,2048,172.30.0.122,172.30.0.220,,,1
1759293077,any,58,ARP,N/A,N/A,N/A,N/A,N/A,N/A,N/A,N/A,2,2048,172.30.0.122,172.30.0.220,,,1
1759293077,eth0,42,Ethernet,N/A,N/A,N/A,N/A,N/A,N/A,N/A,N/A,N/A,N/A,N/A,N/A,,,1
1759293077,any,44,ARP,N/A,N/A,N/A,N/A,N/A,N/A,N/A,N/A,1,2048,172.30.0.163,172.30.0.122,,,1
1759293077,any,56,N/A,IPv4,N/A,N/A,v4,172.30.0.220,224.0.0.22,N/A,N/A,N/A,N/A,N/A,N/A,,,1
1759293077,eth0,54,Ethernet,IPv4,N/A,N/A,v4,172.30.0.220,224.0.0.22,N/A,N/A,N/A,N/A,N/A,N/A,,,1
1759293077,any,112,N/A,IPv6,ICMP,N/A,v6,fe80::780a:a9ff:fee6:89,ff02::179,N/A,N/A,N/A,N/A,N/A,N/A,,,1
1759293077,eth1,110,Ethernet,IPv6,ICMP,N/A,v6,fe80::780a:a9ff:fee6:89,ff02::179,N/A,N/A,N/A,N/A,N/A,N/A,,,1
1759293077,eth0,107,Ethernet,N/A,N/A,N/A,N/A,N/A,N/A,N/A,N/A,N/A,N/A,N/A,N/A,,,0
1759293077,any,109,N/A,N/A,N/A,N/A,N/A,N/A,N/A,N/A,N/A,N/A,N/A,N/A,N/A,,,0
1759293078,eth0,107,Ethernet,N/A,N/A,N/A,N/A,N/A,N/A,N/A,N/A,N/A,N/A,N/A,N/A,,,0
1759293078,eth0,70,Ethernet,IPv6,ICMP,N/A,v6,fe80::5ca9:83ff:fe87:27,ff02::204,N/A,N/A,N/A,N/A,N/A,N/A,,,0
1759293078,any,109,N/A,N/A,N/A,N/A,N/A,N/A,N/A,N/A,N/A,N/A,N/A,N/A,N/A,,,0
1759293078,any,72,N/A,IPv6,ICMP,N/A,v6,fe80::a824:52ff:fe4f:69,ff02::204,N/A,N/A,N/A,N/A,N/A,N/A,,,0
1759293078,eth1,70,Ethernet,IPv6,ICMP,N/A,v6,fe80::a824:52ff:fe4f:69,ff02::204,N/A,N/A,N/A,N/A,N/A,N/A,,,0
1759293078,any,72,N/A,IPv6,ICMP,N/A,v6,fe80::24f1:23ff:fe29:66,ff02::204,N/A,N/A,N/A,N/A,N/A,N/A,,,1
1759293078,eth1,70,Ethernet,IPv6,ICMP,N/A,v6,fe80::7827:e3ff:fe68:239,ff02::204,N/A,N/A,N/A,N/A,N/A,N/A,,,1
1759293078,eth0,70,Ethernet,IPv6,ICMP,N/A,v6,fe80::24f1:23ff:fe29:66,ff02::204,N/A,N/A,N/A,N/A,N/A,N/A,,,1
1759293078,any,112,N/A,IPv6,ICMP,N/A,v6,fe80::24f1:23ff:fe29:66,ff02::179,N/A,N/A,N/A,N/A,N/A,N/A,,,1
1759293078,eth0,110,Ethernet,IPv6,ICMP,N/A,v6,fe80::24f1:23ff:fe29:66,ff02::179,N/A,N/A,N/A,N/A,N/A,N/A,,,1
1759293078,eth0,54,Ethernet,IPv4,N/A,N/A,v4,172.30.0.163,224.0.0.22,N/A,N/A,N/A,N/A,N/A,N/A,,,1
1759293078,any,56,N/A,IPv4,N/A,N/A,v4,172.30.0.163,224.0.0.22,N/A,N/A,N/A,N/A,N/A,N/A,,,1
1759293078,any,112,N/A,IPv6,ICMP,N/A,v6,fe80::f056:abff:fe65:143,ff02::179,N/A,N/A,N/A,N/A,N/A,N/A,,,1
1759293078,eth1,110,Ethernet,IPv6,ICMP,N/A,v6,fe80::f056:abff:fe65:143,ff02::179,N/A,N/A,N/A,N/A,N/A,N/A,,,1
1759293078,any,112,N/A,IPv6,ICMP,N/A,v6,fe80::b0b5:44ff:feea:219,ff02::179,N/A,N/A,N/A,N/A,N/A,N/A,,,1
1759293078,eth0,110,Ethernet,IPv6,ICMP,N/A,v6,fe80::b0b5:44ff:feea:219,ff02::179,N/A,N/A,N/A,N/A,N/A,N/A,,,1
1759293078,any,112,N/A,IPv6,ICMP,N/A,v6,fe80::dcac:f9ff:fe59:60,ff02::179,N/A,N/A,N/A,N/A,N/A,N/A,,,1
1759293078,eth2,110,Ethernet,IPv6,ICMP,N/A,v6,fe80::dcac:f9ff:fe59:60,ff02::179,N/A,N/A,N/A,N/A,N/A,N/A,,,1
1759293078,eth0,70,Ethernet,IPv6,ICMP,N/A,v6,fe80::b0b5:44ff:feea:219,ff02::204,N/A,N/A,N/A,N/A,N/A,N/A,,,1
1759293078,eth1,70,Ethernet,IPv6,ICMP,N/A,v6,fe80::780a:a9ff:fee6:89,ff02::204,N/A,N/A,N/A,N/A,N/A,N/A,,,1
1759293078,any,72,N/A,IPv6,ICMP,N/A,v6,fe80::780a:a9ff:fee6:89,ff02::204,N/A,N/A,N/A,N/A,N/A,N/A,,,1
1759293078,eth0,54,Ethernet,IPv4,N/A,N/A,v4,172.30.0.23,224.0.0.22,N/A,N/A,N/A,N/A,N/A,N/A,,,1
1759293078,any,56,N/A,IPv4,N/A,N/A,v4,172.30.0.23,224.0.0.22,N/A,N/A,N/A,N/A,N/A,N/A,,,1
1759293078,eth0,110,Ethernet,IPv6,ICMP,N/A,v6,fe80::e48e:99ff:fe5f:147,ff02::179,N/A,N/A,N/A,N/A,N/A,N/A,,,1
1759293078,any,112,N/A,IPv6,ICMP,N/A,v6,fe80::e48e:99ff:fe5f:147,ff02::179,N/A,N/A,N/A,N/A,N/A,N/A,,,1
1759293078,any,72,N/A,IPv6,ICMP,N/A,v6,fe80::dcac:f9ff:fe59:60,ff02::204,N/A,N/A,N/A,N/A,N/A,N/A,,,1
1759293078,eth2,70,Ethernet,IPv6,ICMP,N/A,v6,fe80::dcac:f9ff:fe59:60,ff02::204,N/A,N/A,N/A,N/A,N/A,N/A,,,1
1759293078,eth1,70,Ethernet,IPv6,ICMP,N/A,v6,fe80::f056:abff:fe65:143,ff02::204,N/A,N/A,N/A,N/A,N/A,N/A,,,1
1759293078,eth0,111,Ethernet,N/A,N/A,N/A,N/A,N/A,N/A,N/A,N/A,N/A,N/A,N/A,N/A,,,1
1759293078,eth0,70,Ethernet,IPv6,ICMP,N/A,v6,fe80::e48e:99ff:fe5f:147,ff02::204,N/A,N/A,N/A,N/A,N/A,N/A,,,1
1759293079,eth0,90,Ethernet,IPv6,ICMP,N/A,v6,fe80::5ca9:83ff:fe87:27,ff02::179,N/A,N/A,N/A,N/A,N/A,N/A,,,0
1759293079,eth0,54,Ethernet,IPv4,N/A,N/A,v4,172.30.0.220,224.0.0.22,N/A,N/A,N/A,N/A,N/A,N/A,,,0
1759293079,any,92,N/A,IPv6,ICMP,N/A,v6,fe80::5ca9:83ff:fe87:27,ff02::179,N/A,N/A,N/A,N/A,N/A,N/A,,,0
1759293079,eth0,67,Ethernet,IPv4,UDP,N/A,v4,172.30.0.220,224.0.0.252,5355,5355,N/A,N/A,N/A,N/A,,,0
1759293079,any,69,N/A,IPv4,UDP,N/A,v4,172.30.0.220,224.0.0.252,5355,5355,N/A,N/A,N/A,N/A,,,0
1759293079,eth0,356,Ethernet,IPv4,UDP,N/A,v4,0.0.0.0,255.255.255.255,68,67,N/A,N/A,N/A,N/A,,,0
1759293079,any,358,N/A,IPv4,UDP,N/A,v4,0.0.0.0,255.255.255.255,68,67,N/A,N/A,N/A,N/A,,,0
1759293079,eth0,368,Ethernet,IPv4,UDP,N/A,v4,0.0.0.0,255.255.255.255,68,67,N/A,N/A,N/A,N/A,,,0
1759293079,any,370,N/A,IPv4,UDP,N/A,v4,0.0.0.0,255.255.255.255,68,67,N/A,N/A,N/A,N/A,,,0
1759293079,eth1,110,Ethernet,IPv6,ICMP,N/A,v6,fe80::a824:52ff:fe4f:69,ff02::179,N/A,N/A,N/A,N/A,N/A,N/A,,,0
1759293079,any,112,N/A,IPv6,ICMP,N/A,v6,fe80::a824:52ff:fe4f:69,ff02::179,N/A,N/A,N/A,N/A,N/A,N/A,,,0
1759293079,eth0,54,Ethernet,IPv4,N/A,N/A,v4,172.30.0.220,224.0.0.22,N/A,N/A,N/A,N/A,N/A,N/A,,,0
1759293079,any,56,N/A,IPv4,N/A,N/A,v4,172.30.0.220,224.0.0.22,N/A,N/A,N/A,N/A,N/A,N/A,,,0
1759293079,eth0,110,Ethernet,IPv6,ICMP,N/A,v6,fe80::5ca9:83ff:fe87:27,ff02::179,N/A,N/A,N/A,N/A,N/A,N/A,,,0
1759293079,any,112,N/A,IPv6,ICMP,N/A,v6,fe80::5ca9:83ff:fe87:27,ff02::179,N/A,N/A,N/A,N/A,N/A,N/A,,,0
1759293079,eth0,42,Ethernet,N/A,N/A,N/A,N/A,N/A,N/A,N/A,N/A,N/A,N/A,N/A,N/A,,,0
1759293079,any,44,ARP,N/A,N/A,N/A,N/A,N/A,N/A,N/A,N/A,1,2048,172.30.0.220,172.30.0.122,,,0
1759293079,any,58,ARP,N/A,N/A,N/A,N/A,N/A,N/A,N/A,N/A,2,2048,172.30.0.122,172.30.0.220,,,0
1759293079,eth0,56,Ethernet,N/A,N/A,N/A,N/A,N/A,N/A,N/A,N/A,N/A,N/A,N/A,N/A,,,0
1759293079,eth0,56,Ethernet,N/A,N/A,N/A,N/A,N/A,N/A,N/A,N/A,N/A,N/A,N/A,N/A,,,0
1759293079,eth1,110,Ethernet,IPv6,ICMP,N/A,v6,fe80::a824:52ff:fe4f:69,ff02::179,N/A,N/A,N/A,N/A,N/A,N/A,,,0
1759293079,any,112,N/A,IPv6,ICMP,N/A,v6,fe80::a824:52ff:fe4f:69,ff02::179,N/A,N/A,N/A,N/A,N/A,N/A,,,0
1759293079,any,112,N/A,IPv6,ICMP,N/A,v6,fe80::5ca9:83ff:fe87:27,ff02::179,N/A,N/A,N/A,N/A,N/A,N/A,,,0
1759293079,eth0,110,Ethernet,IPv6,ICMP,N/A,v6,fe80::5ca9:83ff:fe87:27,ff02::179,N/A,N/A,N/A,N/A,N/A,N/A,,,0
1759293079,eth0,70,Ethernet,IPv6,ICMP,N/A,v6,fe80::5ca9:83ff:fe87:27,ff02::204,N/A,N/A,N/A,N/A,N/A,N/A,,,0
1759293079,eth0,111,Ethernet,N/A,N/A,N/A,N/A,N/A,N/A,N/A,N/A,N/A,N/A,N/A,N/A,,,1
1759293079,any,113,N/A,N/A,N/A,N/A,N/A,N/A,N/A,N/A,N/A,N/A,N/A,N/A,N/A,,,1
1759293079,eth1,70,Ethernet,IPv6,ICMP,N/A,v6,fe80::a824:52ff:fe4f:69,ff02::204,N/A,N/A,N/A,N/A,N/A,N/A,,,0
1759293079,any,72,N/A,IPv6,ICMP,N/A,v6,fe80::a824:52ff:fe4f:69,ff02::204,N/A,N/A,N/A,N/A,N/A,N/A,,,0
1759293080,eth0,90,Ethernet,IPv6,ICMP,N/A,v6,fe80::ecf9:eff:fefb:55,ff02::179,N/A,N/A,N/A,N/A,N/A,N/A,,,1
1759293080,eth0,56,Ethernet,IPv4,N/A,N/A,v4,172.30.0.89,224.0.0.22,N/A,N/A,N/A,N/A,N/A,N/A,,,1
1759293080,any,92,N/A,IPv6,ICMP,N/A,v6,fe80::ecf9:eff:fefb:55,ff02::179,N/A,N/A,N/A,N/A,N/A,N/A,,,1
1759293080,any,358,N/A,IPv4,UDP,N/A,v4,0.0.0.0,255.255.255.255,68,67,N/A,N/A,N/A,N/A,,,1
1759293080,eth0,356,Ethernet,IPv4,UDP,N/A,v4,0.0.0.0,255.255.255.255,68,67,N/A,N/A,N/A,N/A,,,1
1759293080,any,370,N/A,IPv4,UDP,N/A,v4,0.0.0.0,255.255.255.255,68,67,N/A,N/A,N/A,N/A,,,1
1759293080,eth0,368,Ethernet,IPv4,UDP,N/A,v4,0.0.0.0,255.255.255.255,68,67,N/A,N/A,N/A,N/A,,,1
1759293080,eth0,56,Ethernet,IPv4,N/A,N/A,v4,172.30.0.89,224.0.0.22,N/A,N/A,N/A,N/A,N/A,N/A,,,1
1759293080,eth0,110,Ethernet,IPv6,ICMP,N/A,v6,fe80::ecf9:eff:fefb:55,ff02::179,N/A,N/A,N/A,N/A,N/A,N/A,,,1
1759293080,eth1,110,Ethernet,IPv6,ICMP,N/A,v6,fe80::103b:bdff:fef0:169,ff02::179,N/A,N/A,N/A,N/A,N/A,N/A,,,1
1759293080,any,112,N/A,IPv6,ICMP,N/A,v6,fe80::103b:bdff:fef0:169,ff02::179,N/A,N/A,N/A,N/A,N/A,N/A,,,1
1759293080,eth0,54,Ethernet,IPv4,N/A,N/A,v4,172.30.0.220,224.0.0.22,N/A,N/A,N/A,N/A,N/A,N/A,,,0
1759293080,any,56,N/A,IPv4,N/A,N/A,v4,172.30.0.220,224.0.0.22,N/A,N/A,N/A,N/A,N/A,N/A,,,0
1759293080,eth0,107,Ethernet,N/A,N/A,N/A,N/A,N/A,N/A,N/A,N/A,N/A,N/A,N/A,N/A,,,0
1759293080,any,109,N/A,N/A,N/A,N/A,N/A,N/A,N/A,N/A,N/A,N/A,N/A,N/A,N/A,,,0
1759293081,eth0,111,Ethernet,N/A,N/A,N/A,N/A,N/A,N/A,N/A,N/A,N/A,N/A,N/A,N/A,,,1
1759293081,any,113,N/A,N/A,N/A,N/A,N/A,N/A,N/A,N/A,N/A,N/A,N/A,N/A,N/A,,,1
1759293081,eth0,110,Ethernet,IPv6,ICMP,N/A,v6,fe80::ecf9:eff:fefb:55,ff02::179,N/A,N/A,N/A,N/A,N/A,N/A,,,1
1759293081,any,112,N/A,IPv6,ICMP,N/A,v6,fe80::ecf9:eff:fefb:55,ff02::179,N/A,N/A,N/A,N/A,N/A,N/A,,,1
1759293081,eth0,56,Ethernet,N/A,N/A,N/A,N/A,N/A,N/A,N/A,N/A,N/A,N/A,N/A,N/A,,,1
1759293081,any,58,ARP,N/A,N/A,N/A,N/A,N/A,N/A,N/A,N/A,1,2048,172.30.0.89,172.30.0.122,,,1
1759293081,any,72,N/A,IPv6,ICMP,N/A,v6,fe80::ecf9:eff:fefb:55,ff02::204,N/A,N/A,N/A,N/A,N/A,N/A,,,1
1759293081,eth0,70,Ethernet,IPv6,ICMP,N/A,v6,fe80::ecf9:eff:fefb:55,ff02::204,N/A,N/A,N/A,N/A,N/A,N/A,,,1
1759293081,eth1,70,Ethernet,IPv6,ICMP,N/A,v6,fe80::103b:bdff:fef0:169,ff02::204,N/A,N/A,N/A,N/A,N/A,N/A,,,1
1759293081,any,112,N/A,IPv6,ICMP,N/A,v6,fe80::103b:bdff:fef0:169,ff02::179,N/A,N/A,N/A,N/A,N/A,N/A,,,1
1759293081,eth1,110,Ethernet,IPv6,ICMP,N/A,v6,fe80::103b:bdff:fef0:169,ff02::179,N/A,N/A,N/A,N/A,N/A,N/A,,,1
1759293081,eth0,56,Ethernet,IPv4,N/A,N/A,v4,172.30.0.89,224.0.0.22,N/A,N/A,N/A,N/A,N/A,N/A,,,1
1759293081,any,58,N/A,IPv4,N/A,N/A,v4,172.30.0.89,224.0.0.22,N/A,N/A,N/A,N/A,N/A,N/A,,,1
1759293081,any,92,N/A,IPv6,ICMP,N/A,v6,fe80::24f1:23ff:fe29:66,ff02::179,N/A,N/A,N/A,N/A,N/A,N/A,,,1
1759293081,eth0,90,Ethernet,IPv6,ICMP,N/A,v6,fe80::24f1:23ff:fe29:66,ff02::179,N/A,N/A,N/A,N/A,N/A,N/A,,,1
1759293081,eth0,54,Ethernet,IPv4,N/A,N/A,v4,172.30.0.23,224.0.0.22,N/A,N/A,N/A,N/A,N/A,N/A,,,1
1759293081,eth0,356,Ethernet,IPv4,UDP,N/A,v4,0.0.0.0,255.255.255.255,68,67,N/A,N/A,N/A,N/A,,,1
1759293081,any,358,N/A,IPv4,UDP,N/A,v4,0.0.0.0,255.255.255.255,68,67,N/A,N/A,N/A,N/A,,,1
1759293081,any,370,N/A,IPv4,UDP,N/A,v4,0.0.0.0,255.255.255.255,68,67,N/A,N/A,N/A,N/A,,,1
1759293081,eth0,368,Ethernet,IPv4,UDP,N/A,v4,0.0.0.0,255.255.255.255,68,67,N/A,N/A,N/A,N/A,,,1
1759293081,any,112,N/A,IPv6,ICMP,N/A,v6,fe80::7827:e3ff:fe68:239,ff02::179,N/A,N/A,N/A,N/A,N/A,N/A,,,1
1759293081,eth1,110,Ethernet,IPv6,ICMP,N/A,v6,fe80::7827:e3ff:fe68:239,ff02::179,N/A,N/A,N/A,N/A,N/A,N/A,,,1
1759293081,any,56,N/A,IPv4,N/A,N/A,v4,172.30.0.23,224.0.0.22,N/A,N/A,N/A,N/A,N/A,N/A,,,1
1759293081,eth0,54,Ethernet,IPv4,N/A,N/A,v4,172.30.0.23,224.0.0.22,N/A,N/A,N/A,N/A,N/A,N/A,,,1
1759293081,eth0,110,Ethernet,IPv6,ICMP,N/A,v6,fe80::24f1:23ff:fe29:66,ff02::179,N/A,N/A,N/A,N/A,N/A,N/A,,,1
1759293081,any,112,N/A,IPv6,ICMP,N/A,v6,fe80::24f1:23ff:fe29:66,ff02::179,N/A,N/A,N/A,N/A,N/A,N/A,,,1
1759293081,any,44,ARP,N/A,N/A,N/A,N/A,N/A,N/A,N/A,N/A,1,2048,172.30.0.23,172.30.0.122,,,1
1759293081,eth0,42,Ethernet,N/A,N/A,N/A,N/A,N/A,N/A,N/A,N/A,N/A,N/A,N/A,N/A,,,1
1759293081,eth0,110,Ethernet,IPv6,ICMP,N/A,v6,fe80::24f1:23ff:fe29:66,ff02::179,N/A,N/A,N/A,N/A,N/A,N/A,,,1
1759293081,any,112,N/A,IPv6,ICMP,N/A,v6,fe80::24f1:23ff:fe29:66,ff02::179,N/A,N/A,N/A,N/A,N/A,N/A,,,1
1759293081,any,109,N/A,N/A,N/A,N/A,N/A,N/A,N/A,N/A,N/A,N/A,N/A,N/A,N/A,,,0
1759293081,eth0,107,Ethernet,N/A,N/A,N/A,N/A,N/A,N/A,N/A,N/A,N/A,N/A,N/A,N/A,,,0
1759293082,any,113,N/A,N/A,N/A,N/A,N/A,N/A,N/A,N/A,N/A,N/A,N/A,N/A,N/A,,,1
1759293082,eth0,111,Ethernet,N/A,N/A,N/A,N/A,N/A,N/A,N/A,N/A,N/A,N/A,N/A,N/A,,,1
1759293082,any,72,N/A,IPv6,ICMP,N/A,v6,fe80::780a:a9ff:fee6:89,ff02::204,N/A,N/A,N/A,N/A,N/A,N/A,,,1
1759293082,eth1,70,Ethernet,IPv6,ICMP,N/A,v6,fe80::780a:a9ff:fee6:89,ff02::204,N/A,N/A,N/A,N/A,N/A,N/A,,,1
1759293082,eth0,70,Ethernet,IPv6,ICMP,N/A,v6,fe80::b0b5:44ff:feea:219,ff02::204,N/A,N/A,N/A,N/A,N/A,N/A,,,1
1759293082,any,72,N/A,IPv6,ICMP,N/A,v6,fe80::b0b5:44ff:feea:219,ff02::204,N/A,N/A,N/A,N/A,N/A,N/A,,,1
1759293082,any,112,N/A,IPv6,ICMP,N/A,v6,fe80::7827:e3ff:fe68:239,ff02::179,N/A,N/A,N/A,N/A,N/A,N/A,,,1
1759293082,eth1,110,Ethernet,IPv6,ICMP,N/A,v6,fe80::7827:e3ff:fe68:239,ff02::179,N/A,N/A,N/A,N/A,N/A,N/A,,,1
1759293082,any,72,N/A,IPv6,ICMP,N/A,v6,fe80::f056:abff:fe65:143,ff02::204,N/A,N/A,N/A,N/A,N/A,N/A,,,1
1759293082,eth1,70,Ethernet,IPv6,ICMP,N/A,v6,fe80::f056:abff:fe65:143,ff02::204,N/A,N/A,N/A,N/A,N/A,N/A,,,1
1759293082,any,72,N/A,IPv6,ICMP,N/A,v6,fe80::dcac:f9ff:fe59:60,ff02::204,N/A,N/A,N/A,N/A,N/A,N/A,,,1
1759293082,eth2,70,Ethernet,IPv6,ICMP,N/A,v6,fe80::dcac:f9ff:fe59:60,ff02::204,N/A,N/A,N/A,N/A,N/A,N/A,,,1
1759293082,eth0,90,Ethernet,IPv6,ICMP,N/A,v6,fe80::b0b5:44ff:feea:219,ff02::179,N/A,N/A,N/A,N/A,N/A,N/A,,,1
1759293082,eth0,54,Ethernet,IPv4,N/A,N/A,v4,172.30.0.163,224.0.0.22,N/A,N/A,N/A,N/A,N/A,N/A,,,1
1759293082,any,92,N/A,IPv6,ICMP,N/A,v6,fe80::b0b5:44ff:feea:219,ff02::179,N/A,N/A,N/A,N/A,N/A,N/A,,,1
1759293082,eth0,88,Ethernet,IPv6,UDP,N/A,v6,fe80::b0b5:44ff:feea:219,ff02::1:52,5355,5355,N/A,N/A,N/A,N/A,,,1
1759293082,any,90,N/A,IPv6,UDP,N/A,v6,fe80::b0b5:44ff:feea:219,ff02::1:52,5355,5355,N/A,N/A,N/A,N/A,,,1
1759293082,eth0,54,Ethernet,IPv4,N/A,N/A,v4,172.30.0.23,224.0.0.22,N/A,N/A,N/A,N/A,N/A,N/A,,,1
1759293082,any,56,N/A,IPv4,N/A,N/A,v4,172.30.0.23,224.0.0.22,N/A,N/A,N/A,N/A,N/A,N/A,,,1
1759293082,eth0,54,Ethernet,IPv4,N/A,N/A,v4,172.30.0.220,224.0.0.22,N/A,N/A,N/A,N/A,N/A,N/A,,,1
1759293082,any,56,N/A,IPv4,N/A,N/A,v4,172.30.0.220,224.0.0.22,N/A,N/A,N/A,N/A,N/A,N/A,,,1
1759293082,eth0,90,Ethernet,IPv6,ICMP,N/A,v6,fe80::e48e:99ff:fe5f:147,ff02::179,N/A,N/A,N/A,N/A,N/A,N/A,,,1
1759293082,any,92,N/A,IPv6,ICMP,N/A,v6,fe80::e48e:99ff:fe5f:147,ff02::179,N/A,N/A,N/A,N/A,N/A,N/A,,,1
1759293082,eth0,68,Ethernet,IPv4,UDP,N/A,v4,172.30.0.163,224.0.0.252,5355,5355,N/A,N/A,N/A,N/A,,,1
1759293082,any,70,N/A,IPv4,UDP,N/A,v4,172.30.0.163,224.0.0.252,5355,5355,N/A,N/A,N/A,N/A,,,1
1759293082,eth0,357,Ethernet,IPv4,UDP,N/A,v4,0.0.0.0,255.255.255.255,68,67,N/A,N/A,N/A,N/A,,,1
1759293082,any,359,N/A,IPv4,UDP,N/A,v4,0.0.0.0,255.255.255.255,68,67,N/A,N/A,N/A,N/A,,,1
1759293082,eth0,369,Ethernet,IPv4,UDP,N/A,v4,0.0.0.0,255.255.255.255,68,67,N/A,N/A,N/A,N/A,,,1
1759293082,any,371,N/A,IPv4,UDP,N/A,v4,0.0.0.0,255.255.255.255,68,67,N/A,N/A,N/A,N/A,,,1
1759293082,eth1,110,Ethernet,IPv6,ICMP,N/A,v6,fe80::780a:a9ff:fee6:89,ff02::179,N/A,N/A,N/A,N/A,N/A,N/A,,,1
1759293082,any,112,N/A,IPv6,ICMP,N/A,v6,fe80::780a:a9ff:fee6:89,ff02::179,N/A,N/A,N/A,N/A,N/A,N/A,,,1
1759293082,eth0,71,Ethernet,IPv4,UDP,N/A,v4,172.30.0.220,224.0.0.252,5355,5355,N/A,N/A,N/A,N/A,,,1
1759293082,eth0,107,Ethernet,N/A,N/A,N/A,N/A,N/A,N/A,N/A,N/A,N/A,N/A,N/A,N/A,,,0
1759293082,any,109,N/A,N/A,N/A,N/A,N/A,N/A,N/A,N/A,N/A,N/A,N/A,N/A,N/A,,,0
1759293082,eth0,54,Ethernet,IPv4,N/A,N/A,v4,172.30.0.163,224.0.0.22,N/A,N/A,N/A,N/A,N/A,N/A,,,1
1759293082,any,73,N/A,IPv4,UDP,N/A,v4,172.30.0.220,224.0.0.252,5355,5355,N/A,N/A,N/A,N/A,,,1
1759293082,any,56,N/A,IPv4,N/A,N/A,v4,172.30.0.163,224.0.0.22,N/A,N/A,N/A,N/A,N/A,N/A,,,1
1759293082,any,112,N/A,IPv6,ICMP,N/A,v6,fe80::b0b5:44ff:feea:219,ff02::179,N/A,N/A,N/A,N/A,N/A,N/A,,,1
1759293082,eth0,110,Ethernet,IPv6,ICMP,N/A,v6,fe80::b0b5:44ff:feea:219,ff02::179,N/A,N/A,N/A,N/A,N/A,N/A,,,1
1759293082,eth0,360,Ethernet,IPv4,UDP,N/A,v4,0.0.0.0,255.255.255.255,68,67,N/A,N/A,N/A,N/A,,,1
1759293082,any,362,N/A,IPv4,UDP,N/A,v4,0.0.0.0,255.255.255.255,68,67,N/A,N/A,N/A,N/A,,,1
1759293082,eth0,372,Ethernet,IPv4,UDP,N/A,v4,0.0.0.0,255.255.255.255,68,67,N/A,N/A,N/A,N/A,,,1
1759293082,any,374,N/A,IPv4,UDP,N/A,v4,0.0.0.0,255.255.255.255,68,67,N/A,N/A,N/A,N/A,,,1
1759293082,eth2,110,Ethernet,IPv6,ICMP,N/A,v6,fe80::dcac:f9ff:fe59:60,ff02::179,N/A,N/A,N/A,N/A,N/A,N/A,,,1
1759293082,any,112,N/A,IPv6,ICMP,N/A,v6,fe80::f056:abff:fe65:143,ff02::179,N/A,N/A,N/A,N/A,N/A,N/A,,,1
1759293082,eth1,110,Ethernet,IPv6,ICMP,N/A,v6,fe80::f056:abff:fe65:143,ff02::179,N/A,N/A,N/A,N/A,N/A,N/A,,,1
1759293082,eth0,110,Ethernet,IPv6,ICMP,N/A,v6,fe80::e48e:99ff:fe5f:147,ff02::179,N/A,N/A,N/A,N/A,N/A,N/A,,,1
1759293082,eth0,54,Ethernet,IPv4,N/A,N/A,v4,172.30.0.220,224.0.0.22,N/A,N/A,N/A,N/A,N/A,N/A,,,1
1759293082,any,112,N/A,IPv6,ICMP,N/A,v6,fe80::e48e:99ff:fe5f:147,ff02::179,N/A,N/A,N/A,N/A,N/A,N/A,,,1
1759293082,eth0,42,Ethernet,N/A,N/A,N/A,N/A,N/A,N/A,N/A,N/A,N/A,N/A,N/A,N/A,,,1
1759293082,any,44,ARP,N/A,N/A,N/A,N/A,N/A,N/A,N/A,N/A,1,2048,172.30.0.163,172.30.0.122,,,1
1759293082,eth0,42,Ethernet,N/A,N/A,N/A,N/A,N/A,N/A,N/A,N/A,N/A,N/A,N/A,N/A,,,1
1759293082,eth0,56,Ethernet,N/A,N/A,N/A,N/A,N/A,N/A,N/A,N/A,N/A,N/A,N/A,N/A,,,1
1759293082,eth0,56,Ethernet,N/A,N/A,N/A,N/A,N/A,N/A,N/A,N/A,N/A,N/A,N/A,N/A,,,1
1759293082,any,44,ARP,N/A,N/A,N/A,N/A,N/A,N/A,N/A,N/A,1,2048,172.30.0.220,172.30.0.122,,,1
1759293082,any,58,ARP,N/A,N/A,N/A,N/A,N/A,N/A,N/A,N/A,2,2048,172.30.0.122,172.30.0.220,,,1
1759293082,eth0,110,Ethernet,IPv6,ICMP,N/A,v6,fe80::e48e:99ff:fe5f:147,ff02::179,N/A,N/A,N/A,N/A,N/A,N/A,,,1
1759293082,any,112,N/A,IPv6,ICMP,N/A,v6,fe80::e48e:99ff:fe5f:147,ff02::179,N/A,N/A,N/A,N/A,N/A,N/A,,,1
1759293083,eth0,90,Ethernet,IPv6,ICMP,N/A,v6,fe80::5ca9:83ff:fe87:27,ff02::179,N/A,N/A,N/A,N/A,N/A,N/A,,,0
1759293083,eth0,54,Ethernet,IPv4,N/A,N/A,v4,172.30.0.220,224.0.0.22,N/A,N/A,N/A,N/A,N/A,N/A,,,0
1759293083,any,92,N/A,IPv6,ICMP,N/A,v6,fe80::5ca9:83ff:fe87:27,ff02::179,N/A,N/A,N/A,N/A,N/A,N/A,,,0
1759293083,eth0,67,Ethernet,IPv4,UDP,N/A,v4,172.30.0.220,224.0.0.252,5355,5355,N/A,N/A,N/A,N/A,,,0
1759293083,any,69,N/A,IPv4,UDP,N/A,v4,172.30.0.220,224.0.0.252,5355,5355,N/A,N/A,N/A,N/A,,,0
1759293083,eth0,356,Ethernet,IPv4,UDP,N/A,v4,0.0.0.0,255.255.255.255,68,67,N/A,N/A,N/A,N/A,,,0
1759293083,any,358,N/A,IPv4,UDP,N/A,v4,0.0.0.0,255.255.255.255,68,67,N/A,N/A,N/A,N/A,,,0
1759293083,eth0,368,Ethernet,IPv4,UDP,N/A,v4,0.0.0.0,255.255.255.255,68,67,N/A,N/A,N/A,N/A,,,0
1759293083,any,370,N/A,IPv4,UDP,N/A,v4,0.0.0.0,255.255.255.255,68,67,N/A,N/A,N/A,N/A,,,0
1759293083,eth1,110,Ethernet,IPv6,ICMP,N/A,v6,fe80::a824:52ff:fe4f:69,ff02::179,N/A,N/A,N/A,N/A,N/A,N/A,,,0
1759293083,any,112,N/A,IPv6,ICMP,N/A,v6,fe80::a824:52ff:fe4f:69,ff02::179,N/A,N/A,N/A,N/A,N/A,N/A,,,0
1759293083,any,112,N/A,IPv6,ICMP,N/A,v6,fe80::5ca9:83ff:fe87:27,ff02::179,N/A,N/A,N/A,N/A,N/A,N/A,,,0
1759293083,eth0,110,Ethernet,IPv6,ICMP,N/A,v6,fe80::5ca9:83ff:fe87:27,ff02::179,N/A,N/A,N/A,N/A,N/A,N/A,,,0
1759293083,eth0,54,Ethernet,IPv4,N/A,N/A,v4,172.30.0.220,224.0.0.22,N/A,N/A,N/A,N/A,N/A,N/A,,,0
1759293083,any,112,N/A,IPv6,ICMP,N/A,v6,fe80::a824:52ff:fe4f:69,ff02::179,N/A,N/A,N/A,N/A,N/A,N/A,,,0
1759293083,any,72,N/A,IPv6,ICMP,N/A,v6,fe80::24f1:23ff:fe29:66,ff02::204,N/A,N/A,N/A,N/A,N/A,N/A,,,1
1759293083,any,72,N/A,IPv6,ICMP,N/A,v6,fe80::7827:e3ff:fe68:239,ff02::204,N/A,N/A,N/A,N/A,N/A,N/A,,,1
1759293083,eth0,70,Ethernet,IPv6,ICMP,N/A,v6,fe80::24f1:23ff:fe29:66,ff02::204,N/A,N/A,N/A,N/A,N/A,N/A,,,1
1759293083,eth1,70,Ethernet,IPv6,ICMP,N/A,v6,fe80::7827:e3ff:fe68:239,ff02::204,N/A,N/A,N/A,N/A,N/A,N/A,,,1
1759293083,eth1,70,Ethernet,IPv6,ICMP,N/A,v6,fe80::780a:a9ff:fee6:89,ff02::204,N/A,N/A,N/A,N/A,N/A,N/A,,,1
1759293083,any,72,N/A,IPv6,ICMP,N/A,v6,fe80::b0b5:44ff:feea:219,ff02::204,N/A,N/A,N/A,N/A,N/A,N/A,,,1
1759293083,any,72,N/A,IPv6,ICMP,N/A,v6,fe80::780a:a9ff:fee6:89,ff02::204,N/A,N/A,N/A,N/A,N/A,N/A,,,1
1759293083,eth0,70,Ethernet,IPv6,ICMP,N/A,v6,fe80::b0b5:44ff:feea:219,ff02::204,N/A,N/A,N/A,N/A,N/A,N/A,,,1
1759293083,any,56,N/A,IPv4,N/A,N/A,v4,172.30.0.163,224.0.0.22,N/A,N/A,N/A,N/A,N/A,N/A,,,1
1759293083,eth0,54,Ethernet,IPv4,N/A,N/A,v4,172.30.0.163,224.0.0.22,N/A,N/A,N/A,N/A,N/A,N/A,,,1
1759293083,any,112,N/A,IPv6,ICMP,N/A,v6,fe80::dcac:f9ff:fe59:60,ff02::179,N/A,N/A,N/A,N/A,N/A,N/A,,,1
1759293083,eth2,110,Ethernet,IPv6,ICMP,N/A,v6,fe80::dcac:f9ff:fe59:60,ff02::179,N/A,N/A,N/A,N/A,N/A,N/A,,,1
1759293083,any,56,N/A,IPv4,N/A,N/A,v4,172.30.0.220,224.0.0.22,N/A,N/A,N/A,N/A,N/A,N/A,,,1
1759293083,eth0,54,Ethernet,IPv4,N/A,N/A,v4,172.30.0.220,224.0.0.22,N/A,N/A,N/A,N/A,N/A,N/A,,,1
1759293083,eth1,110,Ethernet,IPv6,ICMP,N/A,v6,fe80::780a:a9ff:fee6:89,ff02::179,N/A,N/A,N/A,N/A,N/A,N/A,,,1
1759293083,eth1,70,Ethernet,IPv6,ICMP,N/A,v6,fe80::f056:abff:fe65:143,ff02::204,N/A,N/A,N/A,N/A,N/A,N/A,,,1
1759293083,any,72,N/A,IPv6,ICMP,N/A,v6,fe80::dcac:f9ff:fe59:60,ff02::204,N/A,N/A,N/A,N/A,N/A,N/A,,,1
1759293083,eth2,70,Ethernet,IPv6,ICMP,N/A,v6,fe80::dcac:f9ff:fe59:60,ff02::204,N/A,N/A,N/A,N/A,N/A,N/A,,,1
1759293083,eth0,70,Ethernet,IPv6,ICMP,N/A,v6,fe80::e48e:99ff:fe5f:147,ff02::204,N/A,N/A,N/A,N/A,N/A,N/A,,,1
1759293083,eth0,110,Ethernet,IPv6,ICMP,N/A,v6,fe80::b0b5:44ff:feea:219,ff02::179,N/A,N/A,N/A,N/A,N/A,N/A,,,1
1759293083,any,112,N/A,IPv6,ICMP,N/A,v6,fe80::b0b5:44ff:feea:219,ff02::179,N/A,N/A,N/A,N/A,N/A,N/A,,,1
1759293083,eth1,110,Ethernet,IPv6,ICMP,N/A,v6,fe80::f056:abff:fe65:143,ff02::179,N/A,N/A,N/A,N/A,N/A,N/A,,,1
1759293083,any,112,N/A,IPv6,ICMP,N/A,v6,fe80::f056:abff:fe65:143,ff02::179,N/A,N/A,N/A,N/A,N/A,N/A,,,1
1759293083,eth0,111,Ethernet,N/A,N/A,N/A,N/A,N/A,N/A,N/A,N/A,N/A,N/A,N/A,N/A,,,1
1759293083,any,113,N/A,N/A,N/A,N/A,N/A,N/A,N/A,N/A,N/A,N/A,N/A,N/A,N/A,,,1
1759293083,any,44,ARP,N/A,N/A,N/A,N/A,N/A,N/A,N/A,N/A,1,2048,172.30.0.220,172.30.0.122,,,0
1759293083,any,58,ARP,N/A,N/A,N/A,N/A,N/A,N/A,N/A,N/A,2,2048,172.30.0.122,172.30.0.220,,,0
1759293083,eth1,110,Ethernet,IPv6,ICMP,N/A,v6,fe80::a824:52ff:fe4f:69,ff02::179,N/A,N/A,N/A,N/A,N/A,N/A,,,0
1759293083,eth0,42,Ethernet,N/A,N/A,N/A,N/A,N/A,N/A,N/A,N/A,N/A,N/A,N/A,N/A,,,0
1759293083,eth0,56,Ethernet,N/A,N/A,N/A,N/A,N/A,N/A,N/A,N/A,N/A,N/A,N/A,N/A,,,0
1759293083,eth0,56,Ethernet,N/A,N/A,N/A,N/A,N/A,N/A,N/A,N/A,N/A,N/A,N/A,N/A,,,0
1759293083,eth0,54,Ethernet,IPv4,N/A,N/A,v4,172.30.0.220,224.0.0.22,N/A,N/A,N/A,N/A,N/A,N/A,,,0
1759293083,any,56,N/A,IPv4,N/A,N/A,v4,172.30.0.220,224.0.0.22,N/A,N/A,N/A,N/A,N/A,N/A,,,0
1759293083,any,112,N/A,IPv6,ICMP,N/A,v6,fe80::5ca9:83ff:fe87:27,ff02::179,N/A,N/A,N/A,N/A,N/A,N/A,,,0
1759293083,eth0,110,Ethernet,IPv6,ICMP,N/A,v6,fe80::5ca9:83ff:fe87:27,ff02::179,N/A,N/A,N/A,N/A,N/A,N/A,,,0
1759293084,eth0,107,Ethernet,N/A,N/A,N/A,N/A,N/A,N/A,N/A,N/A,N/A,N/A,N/A,N/A,,,0
1759293084,eth0,70,Ethernet,IPv6,ICMP,N/A,v6,fe80::5ca9:83ff:fe87:27,ff02::204,N/A,N/A,N/A,N/A,N/A,N/A,,,0
1759293084,any,72,N/A,IPv6,ICMP,N/A,v6,fe80::a824:52ff:fe4f:69,ff02::204,N/A,N/A,N/A,N/A,N/A,N/A,,,0
1759293084,eth1,70,Ethernet,IPv6,ICMP,N/A,v6,fe80::a824:52ff:fe4f:69,ff02::204,N/A,N/A,N/A,N/A,N/A,N/A,,,0
1759293085,eth0,90,Ethernet,IPv6,ICMP,N/A,v6,fe80::e48e:99ff:fe5f:147,ff02::179,N/A,N/A,N/A,N/A,N/A,N/A,,,1
1759293085,eth0,54,Ethernet,IPv4,N/A,N/A,v4,172.30.0.220,224.0.0.22,N/A,N/A,N/A,N/A,N/A,N/A,,,1
1759293085,any,92,N/A,IPv6,ICMP,N/A,v6,fe80::e48e:99ff:fe5f:147,ff02::179,N/A,N/A,N/A,N/A,N/A,N/A,,,1
1759293085,eth0,71,Ethernet,IPv4,UDP,N/A,v4,172.30.0.220,224.0.0.252,5355,5355,N/A,N/A,N/A,N/A,,,1
1759293085,any,73,N/A,IPv4,UDP,N/A,v4,172.30.0.220,224.0.0.252,5355,5355,N/A,N/A,N/A,N/A,,,1
1759293085,eth0,360,Ethernet,IPv4,UDP,N/A,v4,0.0.0.0,255.255.255.255,68,67,N/A,N/A,N/A,N/A,,,1
1759293085,any,362,N/A,IPv4,UDP,N/A,v4,0.0.0.0,255.255.255.255,68,67,N/A,N/A,N/A,N/A,,,1
1759293085,eth0,372,Ethernet,IPv4,UDP,N/A,v4,0.0.0.0,255.255.255.255,68,67,N/A,N/A,N/A,N/A,,,1
1759293085,any,374,N/A,IPv4,UDP,N/A,v4,0.0.0.0,255.255.255.255,68,67,N/A,N/A,N/A,N/A,,,1
1759293085,eth2,110,Ethernet,IPv6,ICMP,N/A,v6,fe80::dcac:f9ff:fe59:60,ff02::179,N/A,N/A,N/A,N/A,N/A,N/A,,,1
1759293085,any,112,N/A,IPv6,ICMP,N/A,v6,fe80::f056:abff:fe65:143,ff02::179,N/A,N/A,N/A,N/A,N/A,N/A,,,1
1759293085,eth1,110,Ethernet,IPv6,ICMP,N/A,v6,fe80::f056:abff:fe65:143,ff02::179,N/A,N/A,N/A,N/A,N/A,N/A,,,1
1759293085,any,112,N/A,IPv6,ICMP,N/A,v6,fe80::e48e:99ff:fe5f:147,ff02::179,N/A,N/A,N/A,N/A,N/A,N/A,,,1
1759293085,eth0,110,Ethernet,IPv6,ICMP,N/A,v6,fe80::e48e:99ff:fe5f:147,ff02::179,N/A,N/A,N/A,N/A,N/A,N/A,,,1
1759293085,eth0,54,Ethernet,IPv4,N/A,N/A,v4,172.30.0.220,224.0.0.22,N/A,N/A,N/A,N/A,N/A,N/A,,,1
1759293085,eth0,42,Ethernet,N/A,N/A,N/A,N/A,N/A,N/A,N/A,N/A,N/A,N/A,N/A,N/A,,,1
1759293085,any,58,ARP,N/A,N/A,N/A,N/A,N/A,N/A,N/A,N/A,2,2048,172.30.0.122,172.30.0.220,,,1
1759293085,eth0,56,Ethernet,N/A,N/A,N/A,N/A,N/A,N/A,N/A,N/A,N/A,N/A,N/A,N/A,,,1
1759293085,eth0,56,Ethernet,N/A,N/A,N/A,N/A,N/A,N/A,N/A,N/A,N/A,N/A,N/A,N/A,,,1
1759293085,any,58,ARP,N/A,N/A,N/A,N/A,N/A,N/A,N/A,N/A,2,2048,172.30.0.122,172.30.0.220,,,1
1759293085,any,112,N/A,IPv6,ICMP,N/A,v6,fe80::f056:abff:fe65:143,ff02::179,N/A,N/A,N/A,N/A,N/A,N/A,,,1
1759293085,eth1,110,Ethernet,IPv6,ICMP,N/A,v6,fe80::f056:abff:fe65:143,ff02::179,N/A,N/A,N/A,N/A,N/A,N/A,,,1
1759293085,any,72,N/A,IPv6,ICMP,N/A,v6,fe80::103b:bdff:fef0:169,ff02::204,N/A,N/A,N/A,N/A,N/A,N/A,,,1
1759293085,eth1,70,Ethernet,IPv6,ICMP,N/A,v6,fe80::103b:bdff:fef0:169,ff02::204,N/A,N/A,N/A,N/A,N/A,N/A,,,1
1759293085,any,72,N/A,IPv6,ICMP,N/A,v6,fe80::ecf9:eff:fefb:55,ff02::204,N/A,N/A,N/A,N/A,N/A,N/A,,,1
1759293085,eth0,70,Ethernet,IPv6,ICMP,N/A,v6,fe80::ecf9:eff:fefb:55,ff02::204,N/A,N/A,N/A,N/A,N/A,N/A,,,1
1759293085,any,56,N/A,IPv4,N/A,N/A,v4,172.30.0.220,224.0.0.22,N/A,N/A,N/A,N/A,N/A,N/A,,,1
1759293085,eth0,54,Ethernet,IPv4,N/A,N/A,v4,172.30.0.220,224.0.0.22,N/A,N/A,N/A,N/A,N/A,N/A,,,1
1759293085,any,92,N/A,IPv6,ICMP,N/A,v6,fe80::ecf9:eff:fefb:55,ff02::179,N/A,N/A,N/A,N/A,N/A,N/A,,,1
1759293085,any,58,N/A,IPv4,N/A,N/A,v4,172.30.0.89,224.0.0.22,N/A,N/A,N/A,N/A,N/A,N/A,,,1
1759293085,eth0,90,Ethernet,IPv6,ICMP,N/A,v6,fe80::ecf9:eff:fefb:55,ff02::179,N/A,N/A,N/A,N/A,N/A,N/A,,,1
1759293085,eth0,56,Ethernet,IPv4,N/A,N/A,v4,172.30.0.89,224.0.0.22,N/A,N/A,N/A,N/A,N/A,N/A,,,1
1759293085,eth0,356,Ethernet,IPv4,UDP,N/A,v4,0.0.0.0,255.255.255.255,68,67,N/A,N/A,N/A,N/A,,,1
1759293085,any,358,N/A,IPv4,UDP,N/A,v4,0.0.0.0,255.255.255.255,68,67,N/A,N/A,N/A,N/A,,,1
1759293085,any,370,N/A,IPv4,UDP,N/A,v4,0.0.0.0,255.255.255.255,68,67,N/A,N/A,N/A,N/A,,,1
1759293085,eth0,368,Ethernet,IPv4,UDP,N/A,v4,0.0.0.0,255.255.255.255,68,67,N/A,N/A,N/A,N/A,,,1
1759293085,any,112,N/A,IPv6,ICMP,N/A,v6,fe80::103b:bdff:fef0:169,ff02::179,N/A,N/A,N/A,N/A,N/A,N/A,,,1
1759293085,eth1,110,Ethernet,IPv6,ICMP,N/A,v6,fe80::103b:bdff:fef0:169,ff02::179,N/A,N/A,N/A,N/A,N/A,N/A,,,1
1759293085,any,112,N/A,IPv6,ICMP,N/A,v6,fe80::ecf9:eff:fefb:55,ff02::179,N/A,N/A,N/A,N/A,N/A,N/A,,,1
1759293085,eth0,110,Ethernet,IPv6,ICMP,N/A,v6,fe80::ecf9:eff:fefb:55,ff02::179,N/A,N/A,N/A,N/A,N/A,N/A,,,1
1759293085,eth0,56,Ethernet,IPv4,N/A,N/A,v4,172.30.0.89,224.0.0.22,N/A,N/A,N/A,N/A,N/A,N/A,,,1
1759293085,any,112,N/A,IPv6,ICMP,N/A,v6,fe80::103b:bdff:fef0:169,ff02::179,N/A,N/A,N/A,N/A,N/A,N/A,,,1
1759293085,eth1,110,Ethernet,IPv6,ICMP,N/A,v6,fe80::103b:bdff:fef0:169,ff02::179,N/A,N/A,N/A,N/A,N/A,N/A,,,1
1759293085,eth0,56,Ethernet,N/A,N/A,N/A,N/A,N/A,N/A,N/A,N/A,N/A,N/A,N/A,N/A,,,1
1759293085,any,58,ARP,N/A,N/A,N/A,N/A,N/A,N/A,N/A,N/A,1,2048,172.30.0.89,172.30.0.122,,,1
1759293085,any,109,N/A,N/A,N/A,N/A,N/A,N/A,N/A,N/A,N/A,N/A,N/A,N/A,N/A,,,0
1759293085,eth0,107,Ethernet,N/A,N/A,N/A,N/A,N/A,N/A,N/A,N/A,N/A,N/A,N/A,N/A,,,0
1759293086,any,112,N/A,IPv6,ICMP,N/A,v6,fe80::e48e:99ff:fe5f:147,ff02::179,N/A,N/A,N/A,N/A,N/A,N/A,,,1
1759293086,eth0,110,Ethernet,IPv6,ICMP,N/A,v6,fe80::e48e:99ff:fe5f:147,ff02::179,N/A,N/A,N/A,N/A,N/A,N/A,,,1
1759293086,eth2,110,Ethernet,IPv6,ICMP,N/A,v6,fe80::dcac:f9ff:fe59:60,ff02::179,N/A,N/A,N/A,N/A,N/A,N/A,,,1
1759293086,any,112,N/A,IPv6,ICMP,N/A,v6,fe80::dcac:f9ff:fe59:60,ff02::179,N/A,N/A,N/A,N/A,N/A,N/A,,,1
1759293086,any,72,N/A,IPv6,ICMP,N/A,v6,fe80::dcac:f9ff:fe59:60,ff02::204,N/A,N/A,N/A,N/A,N/A,N/A,,,1
1759293086,eth0,111,Ethernet,N/A,N/A,N/A,N/A,N/A,N/A,N/A,N/A,N/A,N/A,N/A,N/A,,,1
1759293086,eth0,70,Ethernet,IPv6,ICMP,N/A,v6,fe80::e48e:99ff:fe5f:147,ff02::204,N/A,N/A,N/A,N/A,N/A,N/A,,,1
1759293086,eth0,70,Ethernet,IPv6,ICMP,N/A,v6,fe80::ecf9:eff:fefb:55,ff02::204,N/A,N/A,N/A,N/A,N/A,N/A,,,1
1759293086,eth1,70,Ethernet,IPv6,ICMP,N/A,v6,fe80::f056:abff:fe65:143,ff02::204,N/A,N/A,N/A,N/A,N/A,N/A,,,1
1759293086,eth1,70,Ethernet,IPv6,ICMP,N/A,v6,fe80::103b:bdff:fef0:169,ff02::204,N/A,N/A,N/A,N/A,N/A,N/A,,,1
1759293086,eth2,70,Ethernet,IPv6,ICMP,N/A,v6,fe80::dcac:f9ff:fe59:60,ff02::204,N/A,N/A,N/A,N/A,N/A,N/A,,,1
1759293086,any,72,N/A,IPv6,ICMP,N/A,v6,fe80::ecf9:eff:fefb:55,ff02::204,N/A,N/A,N/A,N/A,N/A,N/A,,,1
1759293086,any,72,N/A,IPv6,ICMP,N/A,v6,fe80::103b:bdff:fef0:169,ff02::204,N/A,N/A,N/A,N/A,N/A,N/A,,,1
1759293086,eth0,56,Ethernet,IPv4,N/A,N/A,v4,172.30.0.89,224.0.0.22,N/A,N/A,N/A,N/A,N/A,N/A,,,1
1759293086,any,58,N/A,IPv4,N/A,N/A,v4,172.30.0.89,224.0.0.22,N/A,N/A,N/A,N/A,N/A,N/A,,,1
1759293086,any,112,N/A,IPv6,ICMP,N/A,v6,fe80::ecf9:eff:fefb:55,ff02::179,N/A,N/A,N/A,N/A,N/A,N/A,,,1
1759293086,eth0,110,Ethernet,IPv6,ICMP,N/A,v6,fe80::ecf9:eff:fefb:55,ff02::179,N/A,N/A,N/A,N/A,N/A,N/A,,,1
1759293086,eth0,90,Ethernet,IPv6,ICMP,N/A,v6,fe80::b0b5:44ff:feea:219,ff02::179,N/A,N/A,N/A,N/A,N/A,N/A,,,1
1759293086,eth0,54,Ethernet,IPv4,N/A,N/A,v4,172.30.0.163,224.0.0.22,N/A,N/A,N/A,N/A,N/A,N/A,,,1
1759293086,any,92,N/A,IPv6,ICMP,N/A,v6,fe80::b0b5:44ff:feea:219,ff02::179,N/A,N/A,N/A,N/A,N/A,N/A,,,1
1759293086,any,92,N/A,IPv6,ICMP,N/A,v6,fe80::24f1:23ff:fe29:66,ff02::179,N/A,N/A,N/A,N/A,N/A,N/A,,,1
1759293086,eth0,90,Ethernet,IPv6,ICMP,N/A,v6,fe80::24f1:23ff:fe29:66,ff02::179,N/A,N/A,N/A,N/A,N/A,N/A,,,1
1759293086,eth0,54,Ethernet,IPv4,N/A,N/A,v4,172.30.0.23,224.0.0.22,N/A,N/A,N/A,N/A,N/A,N/A,,,1
1759293086,eth0,67,Ethernet,IPv4,UDP,N/A,v4,172.30.0.23,224.0.0.252,5355,5355,N/A,N/A,N/A,N/A,,,1
1759293086,any,69,N/A,IPv4,UDP,N/A,v4,172.30.0.23,224.0.0.252,5355,5355,N/A,N/A,N/A,N/A,,,1
1759293086,any,70,N/A,IPv4,UDP,N/A,v4,172.30.0.163,224.0.0.252,5355,5355,N/A,N/A,N/A,N/A,,,1
1759293086,eth0,68,Ethernet,IPv4,UDP,N/A,v4,172.30.0.163,224.0.0.252,5355,5355,N/A,N/A,N/A,N/A,,,1
1759293086,eth0,88,Ethernet,IPv6,UDP,N/A,v6,fe80::b0b5:44ff:feea:219,ff02::1:52,5355,5355,N/A,N/A,N/A,N/A,,,1
1759293086,eth0,87,Ethernet,IPv6,UDP,N/A,v6,fe80::24f1:23ff:fe29:66,ff02::1:52,5355,5355,N/A,N/A,N/A,N/A,,,1
1759293086,any,89,N/A,IPv6,UDP,N/A,v6,fe80::24f1:23ff:fe29:66,ff02::1:52,5355,5355,N/A,N/A,N/A,N/A,,,1
1759293086,any,358,N/A,IPv4,UDP,N/A,v4,0.0.0.0,255.255.255.255,68,67,N/A,N/A,N/A,N/A,,,1
1759293086,any,370,N/A,IPv4,UDP,N/A,v4,0.0.0.0,255.255.255.255,68,67,N/A,N/A,N/A,N/A,,,1
1759293086,eth0,356,Ethernet,IPv4,UDP,N/A,v4,0.0.0.0,255.255.255.255,68,67,N/A,N/A,N/A,N/A,,,1
1759293086,eth0,368,Ethernet,IPv4,UDP,N/A,v4,0.0.0.0,255.255.255.255,68,67,N/A,N/A,N/A,N/A,,,1
1759293086,any,112,N/A,IPv6,ICMP,N/A,v6,fe80::7827:e3ff:fe68:239,ff02::179,N/A,N/A,N/A,N/A,N/A,N/A,,,1
1759293086,eth1,110,Ethernet,IPv6,ICMP,N/A,v6,fe80::7827:e3ff:fe68:239,ff02::179,N/A,N/A,N/A,N/A,N/A,N/A,,,1
1759293086,eth0,110,Ethernet,IPv6,ICMP,N/A,v6,fe80::24f1:23ff:fe29:66,ff02::179,N/A,N/A,N/A,N/A,N/A,N/A,,,1
1759293086,eth0,54,Ethernet,IPv4,N/A,N/A,v4,172.30.0.23,224.0.0.22,N/A,N/A,N/A,N/A,N/A,N/A,,,1
1759293086,any,112,N/A,IPv6,ICMP,N/A,v6,fe80::24f1:23ff:fe29:66,ff02::179,N/A,N/A,N/A,N/A,N/A,N/A,,,1
1759293086,any,44,ARP,N/A,N/A,N/A,N/A,N/A,N/A,N/A,N/A,1,2048,172.30.0.23,172.30.0.122,,,1
1759293086,eth0,42,Ethernet,N/A,N/A,N/A,N/A,N/A,N/A,N/A,N/A,N/A,N/A,N/A,N/A,,,1
1759293086,eth0,357,Ethernet,IPv4,UDP,N/A,v4,0.0.0.0,255.255.255.255,68,67,N/A,N/A,N/A,N/A,,,1
1759293086,any,359,N/A,IPv4,UDP,N/A,v4,0.0.0.0,255.255.255.255,68,67,N/A,N/A,N/A,N/A,,,1
1759293086,any,371,N/A,IPv4,UDP,N/A,v4,0.0.0.0,255.255.255.255,68,67,N/A,N/A,N/A,N/A,,,1
1759293086,eth0,369,Ethernet,IPv4,UDP,N/A,v4,0.0.0.0,255.255.255.255,68,67,N/A,N/A,N/A,N/A,,,1
1759293086,eth0,110,Ethernet,IPv6,ICMP,N/A,v6,fe80::b0b5:44ff:feea:219,ff02::179,N/A,N/A,N/A,N/A,N/A,N/A,,,1
1759293086,eth1,110,Ethernet,IPv6,ICMP,N/A,v6,fe80::780a:a9ff:fee6:89,ff02::179,N/A,N/A,N/A,N/A,N/A,N/A,,,1
1759293086,any,112,N/A,IPv6,ICMP,N/A,v6,fe80::780a:a9ff:fee6:89,ff02::179,N/A,N/A,N/A,N/A,N/A,N/A,,,1
1759293086,any,44,ARP,N/A,N/A,N/A,N/A,N/A,N/A,N/A,N/A,1,2048,172.30.0.163,172.30.0.122,,,1
1759293086,eth0,42,Ethernet,N/A,N/A,N/A,N/A,N/A,N/A,N/A,N/A,N/A,N/A,N/A,N/A,,,1
1759293086,eth0,110,Ethernet,IPv6,ICMP,N/A,v6,fe80::b0b5:44ff:feea:219,ff02::179,N/A,N/A,N/A,N/A,N/A,N/A,,,1
1759293086,eth0,54,Ethernet,IPv4,N/A,N/A,v4,172.30.0.163,224.0.0.22,N/A,N/A,N/A,N/A,N/A,N/A,,,1
1759293086,any,112,N/A,IPv6,ICMP,N/A,v6,fe80::b0b5:44ff:feea:219,ff02::179,N/A,N/A,N/A,N/A,N/A,N/A,,,1
1759293086,any,56,N/A,IPv4,N/A,N/A,v4,172.30.0.23,224.0.0.22,N/A,N/A,N/A,N/A,N/A,N/A,,,1
1759293086,eth0,54,Ethernet,IPv4,N/A,N/A,v4,172.30.0.23,224.0.0.22,N/A,N/A,N/A,N/A,N/A,N/A,,,1
1759293086,eth0,54,Ethernet,IPv4,N/A,N/A,v4,172.30.0.163,224.0.0.22,N/A,N/A,N/A,N/A,N/A,N/A,,,1
1759293086,any,109,N/A,N/A,N/A,N/A,N/A,N/A,N/A,N/A,N/A,N/A,N/A,N/A,N/A,,,0
1759293086,eth0,107,Ethernet,N/A,N/A,N/A,N/A,N/A,N/A,N/A,N/A,N/A,N/A,N/A,N/A,,,0
1759293086,any,56,N/A,IPv4,N/A,N/A,v4,172.30.0.163,224.0.0.22,N/A,N/A,N/A,N/A,N/A,N/A,,,1
1759293087,eth0,107,Ethernet,N/A,N/A,N/A,N/A,N/A,N/A,N/A,N/A,N/A,N/A,N/A,N/A,,,0
1759293087,any,109,N/A,N/A,N/A,N/A,N/A,N/A,N/A,N/A,N/A,N/A,N/A,N/A,N/A,,,0
1759293087,any,112,N/A,IPv6,ICMP,N/A,v6,fe80::7827:e3ff:fe68:239,ff02::179,N/A,N/A,N/A,N/A,N/A,N/A,,,1
1759293087,eth1,110,Ethernet,IPv6,ICMP,N/A,v6,fe80::7827:e3ff:fe68:239,ff02::179,N/A,N/A,N/A,N/A,N/A,N/A,,,1
1759293087,eth0,90,Ethernet,IPv6,ICMP,N/A,v6,fe80::24f1:23ff:fe29:66,ff02::179,N/A,N/A,N/A,N/A,N/A,N/A,,,1
1759293087,any,92,N/A,IPv6,ICMP,N/A,v6,fe80::24f1:23ff:fe29:66,ff02::179,N/A,N/A,N/A,N/A,N/A,N/A,,,1
1759293087,any,72,N/A,IPv6,ICMP,N/A,v6,fe80::780a:a9ff:fee6:89,ff02::204,N/A,N/A,N/A,N/A,N/A,N/A,,,1
1759293087,eth1,70,Ethernet,IPv6,ICMP,N/A,v6,fe80::780a:a9ff:fee6:89,ff02::204,N/A,N/A,N/A,N/A,N/A,N/A,,,1
1759293087,eth0,70,Ethernet,IPv6,ICMP,N/A,v6,fe80::b0b5:44ff:feea:219,ff02::204,N/A,N/A,N/A,N/A,N/A,N/A,,,1
1759293087,any,113,N/A,N/A,N/A,N/A,N/A,N/A,N/A,N/A,N/A,N/A,N/A,N/A,N/A,,,1
1759293087,eth0,111,Ethernet,N/A,N/A,N/A,N/A,N/A,N/A,N/A,N/A,N/A,N/A,N/A,N/A,,,1
1759293087,eth0,90,Ethernet,IPv6,ICMP,N/A,v6,fe80::b0b5:44ff:feea:219,ff02::179,N/A,N/A,N/A,N/A,N/A,N/A,,,1
1759293087,any,92,N/A,IPv6,ICMP,N/A,v6,fe80::b0b5:44ff:feea:219,ff02::179,N/A,N/A,N/A,N/A,N/A,N/A,,,1
1759293087,any,112,N/A,IPv6,ICMP,N/A,v6,fe80::780a:a9ff:fee6:89,ff02::179,N/A,N/A,N/A,N/A,N/A,N/A,,,1
1759293087,eth1,110,Ethernet,IPv6,ICMP,N/A,v6,fe80::780a:a9ff:fee6:89,ff02::179,N/A,N/A,N/A,N/A,N/A,N/A,,,1
1759293088,any,72,N/A,IPv6,ICMP,N/A,v6,fe80::a824:52ff:fe4f:69,ff02::204,N/A,N/A,N/A,N/A,N/A,N/A,,,0
1759293088,eth1,70,Ethernet,IPv6,ICMP,N/A,v6,fe80::a824:52ff:fe4f:69,ff02::204,N/A,N/A,N/A,N/A,N/A,N/A,,,0
1759293088,eth0,90,Ethernet,IPv6,ICMP,N/A,v6,fe80::5ca9:83ff:fe87:27,ff02::179,N/A,N/A,N/A,N/A,N/A,N/A,,,0
1759293088,eth0,54,Ethernet,IPv4,N/A,N/A,v4,172.30.0.220,224.0.0.22,N/A,N/A,N/A,N/A,N/A,N/A,,,0
1759293088,any,92,N/A,IPv6,ICMP,N/A,v6,fe80::5ca9:83ff:fe87:27,ff02::179,N/A,N/A,N/A,N/A,N/A,N/A,,,0
1759293088,eth0,67,Ethernet,IPv4,UDP,N/A,v4,172.30.0.220,224.0.0.252,5355,5355,N/A,N/A,N/A,N/A,,,0
1759293088,any,69,N/A,IPv4,UDP,N/A,v4,172.30.0.220,224.0.0.252,5355,5355,N/A,N/A,N/A,N/A,,,0
1759293088,eth0,356,Ethernet,IPv4,UDP,N/A,v4,0.0.0.0,255.255.255.255,68,67,N/A,N/A,N/A,N/A,,,0
1759293088,any,358,N/A,IPv4,UDP,N/A,v4,0.0.0.0,255.255.255.255,68,67,N/A,N/A,N/A,N/A,,,0
1759293088,eth0,368,Ethernet,IPv4,UDP,N/A,v4,0.0.0.0,255.255.255.255,68,67,N/A,N/A,N/A,N/A,,,0
1759293088,any,370,N/A,IPv4,UDP,N/A,v4,0.0.0.0,255.255.255.255,68,67,N/A,N/A,N/A,N/A,,,0
1759293088,eth0,42,Ethernet,N/A,N/A,N/A,N/A,N/A,N/A,N/A,N/A,N/A,N/A,N/A,N/A,,,0
1759293088,any,112,N/A,IPv6,ICMP,N/A,v6,fe80::a824:52ff:fe4f:69,ff02::179,N/A,N/A,N/A,N/A,N/A,N/A,,,0
1759293088,eth1,110,Ethernet,IPv6,ICMP,N/A,v6,fe80::a824:52ff:fe4f:69,ff02::179,N/A,N/A,N/A,N/A,N/A,N/A,,,0
1759293088,eth0,56,Ethernet,N/A,N/A,N/A,N/A,N/A,N/A,N/A,N/A,N/A,N/A,N/A,N/A,,,0
1759293088,eth0,56,Ethernet,N/A,N/A,N/A,N/A,N/A,N/A,N/A,N/A,N/A,N/A,N/A,N/A,,,0
1759293088,any,58,ARP,N/A,N/A,N/A,N/A,N/A,N/A,N/A,N/A,2,2048,172.30.0.122,172.30.0.220,,,0
1759293088,eth0,110,Ethernet,IPv6,ICMP,N/A,v6,fe80::5ca9:83ff:fe87:27,ff02::179,N/A,N/A,N/A,N/A,N/A,N/A,,,0
1759293088,eth0,54,Ethernet,IPv4,N/A,N/A,v4,172.30.0.220,224.0.0.22,N/A,N/A,N/A,N/A,N/A,N/A,,,0
1759293088,any,112,N/A,IPv6,ICMP,N/A,v6,fe80::5ca9:83ff:fe87:27,ff02::179,N/A,N/A,N/A,N/A,N/A,N/A,,,0
1759293088,any,56,N/A,IPv4,N/A,N/A,v4,172.30.0.220,224.0.0.22,N/A,N/A,N/A,N/A,N/A,N/A,,,0
1759293088,eth0,54,Ethernet,IPv4,N/A,N/A,v4,172.30.0.220,224.0.0.22,N/A,N/A,N/A,N/A,N/A,N/A,,,0
1759293088,any,112,N/A,IPv6,ICMP,N/A,v6,fe80::a824:52ff:fe4f:69,ff02::179,N/A,N/A,N/A,N/A,N/A,N/A,,,0
1759293088,eth1,110,Ethernet,IPv6,ICMP,N/A,v6,fe80::a824:52ff:fe4f:69,ff02::179,N/A,N/A,N/A,N/A,N/A,N/A,,,0
1759293088,any,72,N/A,IPv6,ICMP,N/A,v6,fe80::24f1:23ff:fe29:66,ff02::204,N/A,N/A,N/A,N/A,N/A,N/A,,,1
1759293088,eth0,70,Ethernet,IPv6,ICMP,N/A,v6,fe80::24f1:23ff:fe29:66,ff02::204,N/A,N/A,N/A,N/A,N/A,N/A,,,1
1759293088,any,72,N/A,IPv6,ICMP,N/A,v6,fe80::7827:e3ff:fe68:239,ff02::204,N/A,N/A,N/A,N/A,N/A,N/A,,,1
1759293088,eth1,70,Ethernet,IPv6,ICMP,N/A,v6,fe80::7827:e3ff:fe68:239,ff02::204,N/A,N/A,N/A,N/A,N/A,N/A,,,1
1759293088,eth0,111,Ethernet,N/A,N/A,N/A,N/A,N/A,N/A,N/A,N/A,N/A,N/A,N/A,N/A,,,1
1759293088,any,113,N/A,N/A,N/A,N/A,N/A,N/A,N/A,N/A,N/A,N/A,N/A,N/A,N/A,,,1
1759293089,eth0,110,Ethernet,IPv6,ICMP,N/A,v6,fe80::5ca9:83ff:fe87:27,ff02::179,N/A,N/A,N/A,N/A,N/A,N/A,,,0
1759293089,any,112,N/A,IPv6,ICMP,N/A,v6,fe80::5ca9:83ff:fe87:27,ff02::179,N/A,N/A,N/A,N/A,N/A,N/A,,,0
1759293089,eth0,107,Ethernet,N/A,N/A,N/A,N/A,N/A,N/A,N/A,N/A,N/A,N/A,N/A,N/A,,,0
1759293089,eth0,70,Ethernet,IPv6,ICMP,N/A,v6,fe80::5ca9:83ff:fe87:27,ff02::204,N/A,N/A,N/A,N/A,N/A,N/A,,,0
1759293089,any,72,N/A,IPv6,ICMP,N/A,v6,fe80::a824:52ff:fe4f:69,ff02::204,N/A,N/A,N/A,N/A,N/A,N/A,,,0
1759293089,eth1,70,Ethernet,IPv6,ICMP,N/A,v6,fe80::a824:52ff:fe4f:69,ff02::204,N/A,N/A,N/A,N/A,N/A,N/A,,,0
1759293089,eth0,111,Ethernet,N/A,N/A,N/A,N/A,N/A,N/A,N/A,N/A,N/A,N/A,N/A,N/A,,,1
1759293089,any,113,N/A,N/A,N/A,N/A,N/A,N/A,N/A,N/A,N/A,N/A,N/A,N/A,N/A,,,1
1759293089,any,92,N/A,IPv6,ICMP,N/A,v6,fe80::ecf9:eff:fefb:55,ff02::179,N/A,N/A,N/A,N/A,N/A,N/A,,,1
1759293089,eth0,90,Ethernet,IPv6,ICMP,N/A,v6,fe80::ecf9:eff:fefb:55,ff02::179,N/A,N/A,N/A,N/A,N/A,N/A,,,1
1759293089,eth0,56,Ethernet,IPv4,N/A,N/A,v4,172.30.0.89,224.0.0.22,N/A,N/A,N/A,N/A,N/A,N/A,,,1
1759293089,any,89,N/A,IPv6,UDP,N/A,v6,fe80::ecf9:eff:fefb:55,ff02::1:52,5355,5355,N/A,N/A,N/A,N/A,,,1
1759293089,eth0,87,Ethernet,IPv6,UDP,N/A,v6,fe80::ecf9:eff:fefb:55,ff02::1:52,5355,5355,N/A,N/A,N/A,N/A,,,1
1759293090,eth0,67,Ethernet,IPv4,UDP,N/A,v4,172.30.0.89,224.0.0.252,5355,5355,N/A,N/A,N/A,N/A,,,1
1759293090,any,69,N/A,IPv4,UDP,N/A,v4,172.30.0.89,224.0.0.252,5355,5355,N/A,N/A,N/A,N/A,,,1
1759293090,any,358,N/A,IPv4,UDP,N/A,v4,0.0.0.0,255.255.255.255,68,67,N/A,N/A,N/A,N/A,,,1
1759293090,eth0,356,Ethernet,IPv4,UDP,N/A,v4,0.0.0.0,255.255.255.255,68,67,N/A,N/A,N/A,N/A,,,1
1759293090,eth0,368,Ethernet,IPv4,UDP,N/A,v4,0.0.0.0,255.255.255.255,68,67,N/A,N/A,N/A,N/A,,,1
1759293090,any,370,N/A,IPv4,UDP,N/A,v4,0.0.0.0,255.255.255.255,68,67,N/A,N/A,N/A,N/A,,,1
1759293090,any,112,N/A,IPv6,ICMP,N/A,v6,fe80::103b:bdff:fef0:169,ff02::179,N/A,N/A,N/A,N/A,N/A,N/A,,,1
1759293090,eth1,110,Ethernet,IPv6,ICMP,N/A,v6,fe80::103b:bdff:fef0:169,ff02::179,N/A,N/A,N/A,N/A,N/A,N/A,,,1
1759293090,eth0,110,Ethernet,IPv6,ICMP,N/A,v6,fe80::ecf9:eff:fefb:55,ff02::179,N/A,N/A,N/A,N/A,N/A,N/A,,,1
1759293090,eth0,56,Ethernet,IPv4,N/A,N/A,v4,172.30.0.89,224.0.0.22,N/A,N/A,N/A,N/A,N/A,N/A,,,1
1759293090,any,112,N/A,IPv6,ICMP,N/A,v6,fe80::ecf9:eff:fefb:55,ff02::179,N/A,N/A,N/A,N/A,N/A,N/A,,,1
1759293090,eth0,90,Ethernet,IPv6,ICMP,N/A,v6,fe80::e48e:99ff:fe5f:147,ff02::179,N/A,N/A,N/A,N/A,N/A,N/A,,,1
1759293090,eth0,54,Ethernet,IPv4,N/A,N/A,v4,172.30.0.220,224.0.0.22,N/A,N/A,N/A,N/A,N/A,N/A,,,1
1759293090,any,92,N/A,IPv6,ICMP,N/A,v6,fe80::e48e:99ff:fe5f:147,ff02::179,N/A,N/A,N/A,N/A,N/A,N/A,,,1
1759293090,eth0,56,Ethernet,N/A,N/A,N/A,N/A,N/A,N/A,N/A,N/A,N/A,N/A,N/A,N/A,,,1
1759293090,any,58,ARP,N/A,N/A,N/A,N/A,N/A,N/A,N/A,N/A,1,2048,172.30.0.89,172.30.0.122,,,1
1759293090,eth0,360,Ethernet,IPv4,UDP,N/A,v4,0.0.0.0,255.255.255.255,68,67,N/A,N/A,N/A,N/A,,,1
1759293090,any,362,N/A,IPv4,UDP,N/A,v4,0.0.0.0,255.255.255.255,68,67,N/A,N/A,N/A,N/A,,,1
1759293090,eth0,372,Ethernet,IPv4,UDP,N/A,v4,0.0.0.0,255.255.255.255,68,67,N/A,N/A,N/A,N/A,,,1
1759293090,any,374,N/A,IPv4,UDP,N/A,v4,0.0.0.0,255.255.255.255,68,67,N/A,N/A,N/A,N/A,,,1
1759293090,eth0,110,Ethernet,IPv6,ICMP,N/A,v6,fe80::ecf9:eff:fefb:55,ff02::179,N/A,N/A,N/A,N/A,N/A,N/A,,,1
1759293090,any,112,N/A,IPv6,ICMP,N/A,v6,fe80::ecf9:eff:fefb:55,ff02::179,N/A,N/A,N/A,N/A,N/A,N/A,,,1
1759293090,eth2,110,Ethernet,IPv6,ICMP,N/A,v6,fe80::dcac:f9ff:fe59:60,ff02::179,N/A,N/A,N/A,N/A,N/A,N/A,,,1
1759293090,any,112,N/A,IPv6,ICMP,N/A,v6,fe80::dcac:f9ff:fe59:60,ff02::179,N/A,N/A,N/A,N/A,N/A,N/A,,,1
1759293090,any,112,N/A,IPv6,ICMP,N/A,v6,fe80::f056:abff:fe65:143,ff02::179,N/A,N/A,N/A,N/A,N/A,N/A,,,1
1759293090,any,112,N/A,IPv6,ICMP,N/A,v6,fe80::e48e:99ff:fe5f:147,ff02::179,N/A,N/A,N/A,N/A,N/A,N/A,,,1
1759293090,any,44,ARP,N/A,N/A,N/A,N/A,N/A,N/A,N/A,N/A,1,2048,172.30.0.220,172.30.0.122,,,1
1759293090,any,58,ARP,N/A,N/A,N/A,N/A,N/A,N/A,N/A,N/A,2,2048,172.30.0.122,172.30.0.220,,,1
1759293090,any,112,N/A,IPv6,ICMP,N/A,v6,fe80::f056:abff:fe65:143,ff02::179,N/A,N/A,N/A,N/A,N/A,N/A,,,1
1759293090,any,58,N/A,IPv4,N/A,N/A,v4,172.30.0.89,224.0.0.22,N/A,N/A,N/A,N/A,N/A,N/A,,,1
1759293090,eth1,110,Ethernet,IPv6,ICMP,N/A,v6,fe80::f056:abff:fe65:143,ff02::179,N/A,N/A,N/A,N/A,N/A,N/A,,,1
1759293090,eth1,110,Ethernet,IPv6,ICMP,N/A,v6,fe80::f056:abff:fe65:143,ff02::179,N/A,N/A,N/A,N/A,N/A,N/A,,,1
1759293090,eth0,110,Ethernet,IPv6,ICMP,N/A,v6,fe80::e48e:99ff:fe5f:147,ff02::179,N/A,N/A,N/A,N/A,N/A,N/A,,,1
1759293090,eth0,54,Ethernet,IPv4,N/A,N/A,v4,172.30.0.220,224.0.0.22,N/A,N/A,N/A,N/A,N/A,N/A,,,1
1759293090,eth0,42,Ethernet,N/A,N/A,N/A,N/A,N/A,N/A,N/A,N/A,N/A,N/A,N/A,N/A,,,1
1759293090,eth0,56,Ethernet,N/A,N/A,N/A,N/A,N/A,N/A,N/A,N/A,N/A,N/A,N/A,N/A,,,1
1759293090,eth0,56,Ethernet,N/A,N/A,N/A,N/A,N/A,N/A,N/A,N/A,N/A,N/A,N/A,N/A,,,1
1759293090,eth0,56,Ethernet,IPv4,N/A,N/A,v4,172.30.0.89,224.0.0.22,N/A,N/A,N/A,N/A,N/A,N/A,,,1
1759293090,any,112,N/A,IPv6,ICMP,N/A,v6,fe80::103b:bdff:fef0:169,ff02::179,N/A,N/A,N/A,N/A,N/A,N/A,,,1
1759293090,eth1,110,Ethernet,IPv6,ICMP,N/A,v6,fe80::103b:bdff:fef0:169,ff02::179,N/A,N/A,N/A,N/A,N/A,N/A,,,1
1759293090,any,56,N/A,IPv4,N/A,N/A,v4,172.30.0.220,224.0.0.22,N/A,N/A,N/A,N/A,N/A,N/A,,,1
1759293090,eth0,54,Ethernet,IPv4,N/A,N/A,v4,172.30.0.220,224.0.0.22,N/A,N/A,N/A,N/A,N/A,N/A,,,1
1759293090,any,112,N/A,IPv6,ICMP,N/A,v6,fe80::e48e:99ff:fe5f:147,ff02::179,N/A,N/A,N/A,N/A,N/A,N/A,,,1
1759293090,eth0,110,Ethernet,IPv6,ICMP,N/A,v6,fe80::e48e:99ff:fe5f:147,ff02::179,N/A,N/A,N/A,N/A,N/A,N/A,,,1
1759293090,any,112,N/A,IPv6,ICMP,N/A,v6,fe80::dcac:f9ff:fe59:60,ff02::179,N/A,N/A,N/A,N/A,N/A,N/A,,,1
1759293090,eth2,110,Ethernet,IPv6,ICMP,N/A,v6,fe80::dcac:f9ff:fe59:60,ff02::179,N/A,N/A,N/A,N/A,N/A,N/A,,,1
1759293090,any,92,N/A,IPv6,ICMP,N/A,v6,fe80::24f1:23ff:fe29:66,ff02::179,N/A,N/A,N/A,N/A,N/A,N/A,,,1
1759293090,eth0,90,Ethernet,IPv6,ICMP,N/A,v6,fe80::24f1:23ff:fe29:66,ff02::179,N/A,N/A,N/A,N/A,N/A,N/A,,,1
1759293090,eth0,54,Ethernet,IPv4,N/A,N/A,v4,172.30.0.23,224.0.0.22,N/A,N/A,N/A,N/A,N/A,N/A,,,1
1759293090,eth1,70,Ethernet,IPv6,ICMP,N/A,v6,fe80::103b:bdff:fef0:169,ff02::204,N/A,N/A,N/A,N/A,N/A,N/A,,,1
1759293090,any,72,N/A,IPv6,ICMP,N/A,v6,fe80::ecf9:eff:fefb:55,ff02::204,N/A,N/A,N/A,N/A,N/A,N/A,,,1
1759293090,any,72,N/A,IPv6,ICMP,N/A,v6,fe80::103b:bdff:fef0:169,ff02::204,N/A,N/A,N/A,N/A,N/A,N/A,,,1
1759293090,eth0,70,Ethernet,IPv6,ICMP,N/A,v6,fe80::ecf9:eff:fefb:55,ff02::204,N/A,N/A,N/A,N/A,N/A,N/A,,,1
1759293090,eth0,356,Ethernet,IPv4,UDP,N/A,v4,0.0.0.0,255.255.255.255,68,67,N/A,N/A,N/A,N/A,,,1
1759293090,any,358,N/A,IPv4,UDP,N/A,v4,0.0.0.0,255.255.255.255,68,67,N/A,N/A,N/A,N/A,,,1
1759293090,any,370,N/A,IPv4,UDP,N/A,v4,0.0.0.0,255.255.255.255,68,67,N/A,N/A,N/A,N/A,,,1
1759293090,eth0,368,Ethernet,IPv4,UDP,N/A,v4,0.0.0.0,255.255.255.255,68,67,N/A,N/A,N/A,N/A,,,1
1759293090,any,112,N/A,IPv6,ICMP,N/A,v6,fe80::7827:e3ff:fe68:239,ff02::179,N/A,N/A,N/A,N/A,N/A,N/A,,,1
1759293090,eth1,110,Ethernet,IPv6,ICMP,N/A,v6,fe80::7827:e3ff:fe68:239,ff02::179,N/A,N/A,N/A,N/A,N/A,N/A,,,1
1759293090,eth0,110,Ethernet,IPv6,ICMP,N/A,v6,fe80::24f1:23ff:fe29:66,ff02::179,N/A,N/A,N/A,N/A,N/A,N/A,,,1
1759293090,eth0,54,Ethernet,IPv4,N/A,N/A,v4,172.30.0.23,224.0.0.22,N/A,N/A,N/A,N/A,N/A,N/A,,,1
1759293090,any,112,N/A,IPv6,ICMP,N/A,v6,fe80::24f1:23ff:fe29:66,ff02::179,N/A,N/A,N/A,N/A,N/A,N/A,,,1
1759293090,eth0,107,Ethernet,N/A,N/A,N/A,N/A,N/A,N/A,N/A,N/A,N/A,N/A,N/A,N/A,,,0
1759293090,any,109,N/A,N/A,N/A,N/A,N/A,N/A,N/A,N/A,N/A,N/A,N/A,N/A,N/A,,,0
1759293091,eth0,54,Ethernet,IPv4,N/A,N/A,v4,172.30.0.23,224.0.0.22,N/A,N/A,N/A,N/A,N/A,N/A,,,1
1759293091,any,56,N/A,IPv4,N/A,N/A,v4,172.30.0.23,224.0.0.22,N/A,N/A,N/A,N/A,N/A,N/A,,,1
1759293091,eth1,70,Ethernet,IPv6,ICMP,N/A,v6,fe80::f056:abff:fe65:143,ff02::204,N/A,N/A,N/A,N/A,N/A,N/A,,,1
1759293091,any,72,N/A,IPv6,ICMP,N/A,v6,fe80::dcac:f9ff:fe59:60,ff02::204,N/A,N/A,N/A,N/A,N/A,N/A,,,1
1759293091,any,113,N/A,N/A,N/A,N/A,N/A,N/A,N/A,N/A,N/A,N/A,N/A,N/A,N/A,,,1
1759293091,eth2,70,Ethernet,IPv6,ICMP,N/A,v6,fe80::dcac:f9ff:fe59:60,ff02::204,N/A,N/A,N/A,N/A,N/A,N/A,,,1
1759293091,eth0,111,Ethernet,N/A,N/A,N/A,N/A,N/A,N/A,N/A,N/A,N/A,N/A,N/A,N/A,,,1
1759293091,eth0,70,Ethernet,IPv6,ICMP,N/A,v6,fe80::e48e:99ff:fe5f:147,ff02::204,N/A,N/A,N/A,N/A,N/A,N/A,,,1
1759293091,eth1,110,Ethernet,IPv6,ICMP,N/A,v6,fe80::7827:e3ff:fe68:239,ff02::179,N/A,N/A,N/A,N/A,N/A,N/A,,,1
1759293091,any,112,N/A,IPv6,ICMP,N/A,v6,fe80::7827:e3ff:fe68:239,ff02::179,N/A,N/A,N/A,N/A,N/A,N/A,,,1
1759293091,eth0,42,Ethernet,N/A,N/A,N/A,N/A,N/A,N/A,N/A,N/A,N/A,N/A,N/A,N/A,,,1
1759293091,eth0,70,Ethernet,IPv6,ICMP,N/A,v6,fe80::24f1:23ff:fe29:66,ff02::204,N/A,N/A,N/A,N/A,N/A,N/A,,,1
1759293091,any,44,ARP,N/A,N/A,N/A,N/A,N/A,N/A,N/A,N/A,1,2048,172.30.0.23,172.30.0.122,,,1
1759293091,any,72,N/A,IPv6,ICMP,N/A,v6,fe80::24f1:23ff:fe29:66,ff02::204,N/A,N/A,N/A,N/A,N/A,N/A,,,1
1759293091,any,72,N/A,IPv6,ICMP,N/A,v6,fe80::7827:e3ff:fe68:239,ff02::204,N/A,N/A,N/A,N/A,N/A,N/A,,,1
1759293091,eth1,70,Ethernet,IPv6,ICMP,N/A,v6,fe80::7827:e3ff:fe68:239,ff02::204,N/A,N/A,N/A,N/A,N/A,N/A,,,1
1759293091,eth0,70,Ethernet,IPv6,ICMP,N/A,v6,fe80::b0b5:44ff:feea:219,ff02::204,N/A,N/A,N/A,N/A,N/A,N/A,,,1
1759293091,any,72,N/A,IPv6,ICMP,N/A,v6,fe80::b0b5:44ff:feea:219,ff02::204,N/A,N/A,N/A,N/A,N/A,N/A,,,1
1759293091,eth1,70,Ethernet,IPv6,ICMP,N/A,v6,fe80::780a:a9ff:fee6:89,ff02::204,N/A,N/A,N/A,N/A,N/A,N/A,,,1
1759293091,any,72,N/A,IPv6,ICMP,N/A,v6,fe80::780a:a9ff:fee6:89,ff02::204,N/A,N/A,N/A,N/A,N/A,N/A,,,1
1759293091,eth0,110,Ethernet,IPv6,ICMP,N/A,v6,fe80::24f1:23ff:fe29:66,ff02::179,N/A,N/A,N/A,N/A,N/A,N/A,,,1
1759293091,any,112,N/A,IPv6,ICMP,N/A,v6,fe80::24f1:23ff:fe29:66,ff02::179,N/A,N/A,N/A,N/A,N/A,N/A,,,1
1759293091,eth0,90,Ethernet,IPv6,ICMP,N/A,v6,fe80::b0b5:44ff:feea:219,ff02::179,N/A,N/A,N/A,N/A,N/A,N/A,,,1
1759293091,eth0,54,Ethernet,IPv4,N/A,N/A,v4,172.30.0.163,224.0.0.22,N/A,N/A,N/A,N/A,N/A,N/A,,,1
1759293091,any,92,N/A,IPv6,ICMP,N/A,v6,fe80::b0b5:44ff:feea:219,ff02::179,N/A,N/A,N/A,N/A,N/A,N/A,,,1
1759293091,eth0,88,Ethernet,IPv6,UDP,N/A,v6,fe80::b0b5:44ff:feea:219,ff02::1:52,5355,5355,N/A,N/A,N/A,N/A,,,1
1759293091,any,90,N/A,IPv6,UDP,N/A,v6,fe80::b0b5:44ff:feea:219,ff02::1:52,5355,5355,N/A,N/A,N/A,N/A,,,1
1759293091,eth0,68,Ethernet,IPv4,UDP,N/A,v4,172.30.0.163,224.0.0.252,5355,5355,N/A,N/A,N/A,N/A,,,1
1759293091,any,70,N/A,IPv4,UDP,N/A,v4,172.30.0.163,224.0.0.252,5355,5355,N/A,N/A,N/A,N/A,,,1
1759293091,eth1,110,Ethernet,IPv6,ICMP,N/A,v6,fe80::780a:a9ff:fee6:89,ff02::179,N/A,N/A,N/A,N/A,N/A,N/A,,,1
1759293091,any,112,N/A,IPv6,ICMP,N/A,v6,fe80::b0b5:44ff:feea:219,ff02::179,N/A,N/A,N/A,N/A,N/A,N/A,,,1
1759293091,any,112,N/A,IPv6,ICMP,N/A,v6,fe80::780a:a9ff:fee6:89,ff02::179,N/A,N/A,N/A,N/A,N/A,N/A,,,1
1759293091,eth0,110,Ethernet,IPv6,ICMP,N/A,v6,fe80::b0b5:44ff:feea:219,ff02::179,N/A,N/A,N/A,N/A,N/A,N/A,,,1
1759293091,eth0,357,Ethernet,IPv4,UDP,N/A,v4,0.0.0.0,255.255.255.255,68,67,N/A,N/A,N/A,N/A,,,1
1759293091,any,359,N/A,IPv4,UDP,N/A,v4,0.0.0.0,255.255.255.255,68,67,N/A,N/A,N/A,N/A,,,1
1759293091,eth0,369,Ethernet,IPv4,UDP,N/A,v4,0.0.0.0,255.255.255.255,68,67,N/A,N/A,N/A,N/A,,,1
1759293091,any,371,N/A,IPv4,UDP,N/A,v4,0.0.0.0,255.255.255.255,68,67,N/A,N/A,N/A,N/A,,,1
1759293091,eth0,110,Ethernet,IPv6,ICMP,N/A,v6,fe80::b0b5:44ff:feea:219,ff02::179,N/A,N/A,N/A,N/A,N/A,N/A,,,1
1759293091,eth0,54,Ethernet,IPv4,N/A,N/A,v4,172.30.0.163,224.0.0.22,N/A,N/A,N/A,N/A,N/A,N/A,,,1
1759293091,any,112,N/A,IPv6,ICMP,N/A,v6,fe80::b0b5:44ff:feea:219,ff02::179,N/A,N/A,N/A,N/A,N/A,N/A,,,1
1759293091,any,109,N/A,N/A,N/A,N/A,N/A,N/A,N/A,N/A,N/A,N/A,N/A,N/A,N/A,,,0
1759293091,eth0,107,Ethernet,N/A,N/A,N/A,N/A,N/A,N/A,N/A,N/A,N/A,N/A,N/A,N/A,,,0
1759293092,eth0,42,Ethernet,N/A,N/A,N/A,N/A,N/A,N/A,N/A,N/A,N/A,N/A,N/A,N/A,,,1
1759293092,any,44,ARP,N/A,N/A,N/A,N/A,N/A,N/A,N/A,N/A,1,2048,172.30.0.163,172.30.0.122,,,1
1759293092,eth0,90,Ethernet,IPv6,ICMP,N/A,v6,fe80::b0b5:44ff:feea:219,ff02::179,N/A,N/A,N/A,N/A,N/A,N/A,,,1
1759293092,any,92,N/A,IPv6,ICMP,N/A,v6,fe80::b0b5:44ff:feea:219,ff02::179,N/A,N/A,N/A,N/A,N/A,N/A,,,1
1759293092,eth1,110,Ethernet,IPv6,ICMP,N/A,v6,fe80::780a:a9ff:fee6:89,ff02::179,N/A,N/A,N/A,N/A,N/A,N/A,,,1
1759293092,any,112,N/A,IPv6,ICMP,N/A,v6,fe80::780a:a9ff:fee6:89,ff02::179,N/A,N/A,N/A,N/A,N/A,N/A,,,1
1759293092,eth0,54,Ethernet,IPv4,N/A,N/A,v4,172.30.0.163,224.0.0.22,N/A,N/A,N/A,N/A,N/A,N/A,,,1
1759293092,any,56,N/A,IPv4,N/A,N/A,v4,172.30.0.163,224.0.0.22,N/A,N/A,N/A,N/A,N/A,N/A,,,1
1759293092,eth0,111,Ethernet,N/A,N/A,N/A,N/A,N/A,N/A,N/A,N/A,N/A,N/A,N/A,N/A,,,1
1759293092,any,113,N/A,N/A,N/A,N/A,N/A,N/A,N/A,N/A,N/A,N/A,N/A,N/A,N/A,,,1
1759293092,eth0,90,Ethernet,IPv6,ICMP,N/A,v6,fe80::e48e:99ff:fe5f:147,ff02::179,N/A,N/A,N/A,N/A,N/A,N/A,,,1
1759293092,eth0,54,Ethernet,IPv4,N/A,N/A,v4,172.30.0.220,224.0.0.22,N/A,N/A,N/A,N/A,N/A,N/A,,,1
1759293092,any,92,N/A,IPv6,ICMP,N/A,v6,fe80::e48e:99ff:fe5f:147,ff02::179,N/A,N/A,N/A,N/A,N/A,N/A,,,1
1759293092,eth0,90,Ethernet,IPv6,ICMP,N/A,v6,fe80::e48e:99ff:fe5f:147,ff02::179,N/A,N/A,N/A,N/A,N/A,N/A,,,1
1759293092,any,92,N/A,IPv6,ICMP,N/A,v6,fe80::e48e:99ff:fe5f:147,ff02::179,N/A,N/A,N/A,N/A,N/A,N/A,,,1
1759293092,eth0,91,Ethernet,IPv6,UDP,N/A,v6,fe80::e48e:99ff:fe5f:147,ff02::1:52,5355,5355,N/A,N/A,N/A,N/A,,,1
1759293092,eth0,71,Ethernet,IPv4,UDP,N/A,v4,172.30.0.220,224.0.0.252,5355,5355,N/A,N/A,N/A,N/A,,,1
1759293092,any,93,N/A,IPv6,UDP,N/A,v6,fe80::e48e:99ff:fe5f:147,ff02::1:52,5355,5355,N/A,N/A,N/A,N/A,,,1
1759293092,eth0,360,Ethernet,IPv4,UDP,N/A,v4,0.0.0.0,255.255.255.255,68,67,N/A,N/A,N/A,N/A,,,1
1759293092,any,362,N/A,IPv4,UDP,N/A,v4,0.0.0.0,255.255.255.255,68,67,N/A,N/A,N/A,N/A,,,1
1759293092,eth0,372,Ethernet,IPv4,UDP,N/A,v4,0.0.0.0,255.255.255.255,68,67,N/A,N/A,N/A,N/A,,,1
1759293092,eth0,90,Ethernet,IPv6,ICMP,N/A,v6,fe80::5ca9:83ff:fe87:27,ff02::179,N/A,N/A,N/A,N/A,N/A,N/A,,,0
1759293092,eth0,54,Ethernet,IPv4,N/A,N/A,v4,172.30.0.220,224.0.0.22,N/A,N/A,N/A,N/A,N/A,N/A,,,0
1759293092,any,92,N/A,IPv6,ICMP,N/A,v6,fe80::5ca9:83ff:fe87:27,ff02::179,N/A,N/A,N/A,N/A,N/A,N/A,,,0
1759293092,eth0,87,Ethernet,IPv6,UDP,N/A,v6,fe80::5ca9:83ff:fe87:27,ff02::1:52,5355,5355,N/A,N/A,N/A,N/A,,,0
1759293092,any,89,N/A,IPv6,UDP,N/A,v6,fe80::5ca9:83ff:fe87:27,ff02::1:52,5355,5355,N/A,N/A,N/A,N/A,,,0
1759293092,eth0,356,Ethernet,IPv4,UDP,N/A,v4,0.0.0.0,255.255.255.255,68,67,N/A,N/A,N/A,N/A,,,0
1759293092,any,358,N/A,IPv4,UDP,N/A,v4,0.0.0.0,255.255.255.255,68,67,N/A,N/A,N/A,N/A,,,0
1759293092,eth0,368,Ethernet,IPv4,UDP,N/A,v4,0.0.0.0,255.255.255.255,68,67,N/A,N/A,N/A,N/A,,,0
1759293092,any,370,N/A,IPv4,UDP,N/A,v4,0.0.0.0,255.255.255.255,68,67,N/A,N/A,N/A,N/A,,,0
1759293092,eth1,110,Ethernet,IPv6,ICMP,N/A,v6,fe80::a824:52ff:fe4f:69,ff02::179,N/A,N/A,N/A,N/A,N/A,N/A,,,0
1759293092,any,112,N/A,IPv6,ICMP,N/A,v6,fe80::a824:52ff:fe4f:69,ff02::179,N/A,N/A,N/A,N/A,N/A,N/A,,,0
1759293092,eth0,110,Ethernet,IPv6,ICMP,N/A,v6,fe80::5ca9:83ff:fe87:27,ff02::179,N/A,N/A,N/A,N/A,N/A,N/A,,,0
1759293092,eth0,54,Ethernet,IPv4,N/A,N/A,v4,172.30.0.220,224.0.0.22,N/A,N/A,N/A,N/A,N/A,N/A,,,0
1759293092,any,112,N/A,IPv6,ICMP,N/A,v6,fe80::5ca9:83ff:fe87:27,ff02::179,N/A,N/A,N/A,N/A,N/A,N/A,,,0
1759293092,any,112,N/A,IPv6,ICMP,N/A,v6,fe80::a824:52ff:fe4f:69,ff02::179,N/A,N/A,N/A,N/A,N/A,N/A,,,0
1759293092,eth1,110,Ethernet,IPv6,ICMP,N/A,v6,fe80::a824:52ff:fe4f:69,ff02::179,N/A,N/A,N/A,N/A,N/A,N/A,,,0
1759293092,any,56,N/A,IPv4,N/A,N/A,v4,172.30.0.220,224.0.0.22,N/A,N/A,N/A,N/A,N/A,N/A,,,0
1759293092,eth0,54,Ethernet,IPv4,N/A,N/A,v4,172.30.0.220,224.0.0.22,N/A,N/A,N/A,N/A,N/A,N/A,,,0
1759293092,any,374,N/A,IPv4,UDP,N/A,v4,0.0.0.0,255.255.255.255,68,67,N/A,N/A,N/A,N/A,,,1
1759293092,eth2,110,Ethernet,IPv6,ICMP,N/A,v6,fe80::dcac:f9ff:fe59:60,ff02::179,N/A,N/A,N/A,N/A,N/A,N/A,,,1
1759293092,eth1,110,Ethernet,IPv6,ICMP,N/A,v6,fe80::f056:abff:fe65:143,ff02::179,N/A,N/A,N/A,N/A,N/A,N/A,,,1
1759293093,eth0,110,Ethernet,IPv6,ICMP,N/A,v6,fe80::5ca9:83ff:fe87:27,ff02::179,N/A,N/A,N/A,N/A,N/A,N/A,,,0
1759293093,any,112,N/A,IPv6,ICMP,N/A,v6,fe80::5ca9:83ff:fe87:27,ff02::179,N/A,N/A,N/A,N/A,N/A,N/A,,,0
1759293093,eth0,107,Ethernet,N/A,N/A,N/A,N/A,N/A,N/A,N/A,N/A,N/A,N/A,N/A,N/A,,,0
1759293093,eth0,110,Ethernet,IPv6,ICMP,N/A,v6,fe80::e48e:99ff:fe5f:147,ff02::179,N/A,N/A,N/A,N/A,N/A,N/A,,,1
1759293093,eth0,110,Ethernet,IPv6,ICMP,N/A,v6,fe80::e48e:99ff:fe5f:147,ff02::179,N/A,N/A,N/A,N/A,N/A,N/A,,,1
1759293093,eth0,54,Ethernet,IPv4,N/A,N/A,v4,172.30.0.220,224.0.0.22,N/A,N/A,N/A,N/A,N/A,N/A,,,1
1759293093,eth0,70,Ethernet,IPv6,ICMP,N/A,v6,fe80::b0b5:44ff:feea:219,ff02::204,N/A,N/A,N/A,N/A,N/A,N/A,,,1
1759293093,eth0,360,Ethernet,IPv4,UDP,N/A,v4,0.0.0.0,255.255.255.255,68,67,N/A,N/A,N/A,N/A,,,1
1759293093,eth0,372,Ethernet,IPv4,UDP,N/A,v4,0.0.0.0,255.255.255.255,68,67,N/A,N/A,N/A,N/A,,,1
1759293093,eth0,110,Ethernet,IPv6,ICMP,N/A,v6,fe80::e48e:99ff:fe5f:147,ff02::179,N/A,N/A,N/A,N/A,N/A,N/A,,,1
1759293093,eth0,42,Ethernet,N/A,N/A,N/A,N/A,N/A,N/A,N/A,N/A,N/A,N/A,N/A,N/A,,,1
1759293093,eth0,56,Ethernet,N/A,N/A,N/A,N/A,N/A,N/A,N/A,N/A,N/A,N/A,N/A,N/A,,,1
1759293093,eth0,56,Ethernet,N/A,N/A,N/A,N/A,N/A,N/A,N/A,N/A,N/A,N/A,N/A,N/A,,,1
1759293093,any,112,N/A,IPv6,ICMP,N/A,v6,fe80::e48e:99ff:fe5f:147,ff02::179,N/A,N/A,N/A,N/A,N/A,N/A,,,1
1759293093,any,112,N/A,IPv6,ICMP,N/A,v6,fe80::e48e:99ff:fe5f:147,ff02::179,N/A,N/A,N/A,N/A,N/A,N/A,,,1
1759293093,any,72,N/A,IPv6,ICMP,N/A,v6,fe80::b0b5:44ff:feea:219,ff02::204,N/A,N/A,N/A,N/A,N/A,N/A,,,1
1759293093,any,72,N/A,IPv6,ICMP,N/A,v6,fe80::780a:a9ff:fee6:89,ff02::204,N/A,N/A,N/A,N/A,N/A,N/A,,,1
1759293093,any,362,N/A,IPv4,UDP,N/A,v4,0.0.0.0,255.255.255.255,68,67,N/A,N/A,N/A,N/A,,,1
1759293093,any,374,N/A,IPv4,UDP,N/A,v4,0.0.0.0,255.255.255.255,68,67,N/A,N/A,N/A,N/A,,,1
1759293093,any,112,N/A,IPv6,ICMP,N/A,v6,fe80::e48e:99ff:fe5f:147,ff02::179,N/A,N/A,N/A,N/A,N/A,N/A,,,1
1759293093,any,44,ARP,N/A,N/A,N/A,N/A,N/A,N/A,N/A,N/A,1,2048,172.30.0.220,172.30.0.122,,,1
1759293093,any,58,ARP,N/A,N/A,N/A,N/A,N/A,N/A,N/A,N/A,2,2048,172.30.0.122,172.30.0.220,,,1
1759293093,eth2,110,Ethernet,IPv6,ICMP,N/A,v6,fe80::dcac:f9ff:fe59:60,ff02::179,N/A,N/A,N/A,N/A,N/A,N/A,,,1
1759293093,eth1,70,Ethernet,IPv6,ICMP,N/A,v6,fe80::780a:a9ff:fee6:89,ff02::204,N/A,N/A,N/A,N/A,N/A,N/A,,,1
1759293093,eth1,110,Ethernet,IPv6,ICMP,N/A,v6,fe80::f056:abff:fe65:143,ff02::179,N/A,N/A,N/A,N/A,N/A,N/A,,,1
1759293093,eth2,110,Ethernet,IPv6,ICMP,N/A,v6,fe80::dcac:f9ff:fe59:60,ff02::179,N/A,N/A,N/A,N/A,N/A,N/A,,,1
1759293093,any,112,N/A,IPv6,ICMP,N/A,v6,fe80::dcac:f9ff:fe59:60,ff02::179,N/A,N/A,N/A,N/A,N/A,N/A,,,1
1759293093,eth0,90,Ethernet,IPv6,ICMP,N/A,v6,fe80::e48e:99ff:fe5f:147,ff02::179,N/A,N/A,N/A,N/A,N/A,N/A,,,1
1759293093,any,92,N/A,IPv6,ICMP,N/A,v6,fe80::e48e:99ff:fe5f:147,ff02::179,N/A,N/A,N/A,N/A,N/A,N/A,,,1
1759293093,eth0,54,Ethernet,IPv4,N/A,N/A,v4,172.30.0.220,224.0.0.22,N/A,N/A,N/A,N/A,N/A,N/A,,,1
1759293093,any,56,N/A,IPv4,N/A,N/A,v4,172.30.0.220,224.0.0.22,N/A,N/A,N/A,N/A,N/A,N/A,,,1
1759293093,eth2,70,Ethernet,IPv6,ICMP,N/A,v6,fe80::dcac:f9ff:fe59:60,ff02::204,N/A,N/A,N/A,N/A,N/A,N/A,,,1
1759293093,any,72,N/A,IPv6,ICMP,N/A,v6,fe80::dcac:f9ff:fe59:60,ff02::204,N/A,N/A,N/A,N/A,N/A,N/A,,,1
1759293093,any,72,N/A,IPv6,ICMP,N/A,v6,fe80::e48e:99ff:fe5f:147,ff02::204,N/A,N/A,N/A,N/A,N/A,N/A,,,1
1759293093,eth0,70,Ethernet,IPv6,ICMP,N/A,v6,fe80::e48e:99ff:fe5f:147,ff02::204,N/A,N/A,N/A,N/A,N/A,N/A,,,1
1759293093,eth1,70,Ethernet,IPv6,ICMP,N/A,v6,fe80::f056:abff:fe65:143,ff02::204,N/A,N/A,N/A,N/A,N/A,N/A,,,1
1759293093,eth1,110,Ethernet,IPv6,ICMP,N/A,v6,fe80::f056:abff:fe65:143,ff02::179,N/A,N/A,N/A,N/A,N/A,N/A,,,1
1759293093,any,112,N/A,IPv6,ICMP,N/A,v6,fe80::f056:abff:fe65:143,ff02::179,N/A,N/A,N/A,N/A,N/A,N/A,,,1
1759293093,eth0,70,Ethernet,IPv6,ICMP,N/A,v6,fe80::5ca9:83ff:fe87:27,ff02::204,N/A,N/A,N/A,N/A,N/A,N/A,,,0
1759293093,eth0,42,Ethernet,N/A,N/A,N/A,N/A,N/A,N/A,N/A,N/A,N/A,N/A,N/A,N/A,,,0
1759293093,eth0,56,Ethernet,N/A,N/A,N/A,N/A,N/A,N/A,N/A,N/A,N/A,N/A,N/A,N/A,,,0
1759293093,eth0,56,Ethernet,N/A,N/A,N/A,N/A,N/A,N/A,N/A,N/A,N/A,N/A,N/A,N/A,,,0
1759293093,any,72,N/A,IPv6,ICMP,N/A,v6,fe80::a824:52ff:fe4f:69,ff02::204,N/A,N/A,N/A,N/A,N/A,N/A,,,0
1759293093,any,44,ARP,N/A,N/A,N/A,N/A,N/A,N/A,N/A,N/A,1,2048,172.30.0.220,172.30.0.122,,,0
1759293093,any,58,ARP,N/A,N/A,N/A,N/A,N/A,N/A,N/A,N/A,2,2048,172.30.0.122,172.30.0.220,,,0
1759293093,any,58,ARP,N/A,N/A,N/A,N/A,N/A,N/A,N/A,N/A,2,2048,172.30.0.122,172.30.0.220,,,0
1759293093,eth1,70,Ethernet,IPv6,ICMP,N/A,v6,fe80::a824:52ff:fe4f:69,ff02::204,N/A,N/A,N/A,N/A,N/A,N/A,,,0
1759293094,eth0,111,Ethernet,N/A,N/A,N/A,N/A,N/A,N/A,N/A,N/A,N/A,N/A,N/A,N/A,,,1
1759293094,any,113,N/A,N/A,N/A,N/A,N/A,N/A,N/A,N/A,N/A,N/A,N/A,N/A,N/A,,,1
1759293094,eth0,107,Ethernet,N/A,N/A,N/A,N/A,N/A,N/A,N/A,N/A,N/A,N/A,N/A,N/A,,,0
1759293094,any,109,N/A,N/A,N/A,N/A,N/A,N/A,N/A,N/A,N/A,N/A,N/A,N/A,N/A,,,0
1759293095,eth0,90,Ethernet,IPv6,ICMP,N/A,v6,fe80::ecf9:eff:fefb:55,ff02::179,N/A,N/A,N/A,N/A,N/A,N/A,,,1
1759293095,eth0,56,Ethernet,IPv4,N/A,N/A,v4,172.30.0.89,224.0.0.22,N/A,N/A,N/A,N/A,N/A,N/A,,,1
1759293095,any,92,N/A,IPv6,ICMP,N/A,v6,fe80::ecf9:eff:fefb:55,ff02::179,N/A,N/A,N/A,N/A,N/A,N/A,,,1
1759293095,eth0,67,Ethernet,IPv4,UDP,N/A,v4,172.30.0.89,224.0.0.252,5355,5355,N/A,N/A,N/A,N/A,,,1
1759293095,any,69,N/A,IPv4,UDP,N/A,v4,172.30.0.89,224.0.0.252,5355,5355,N/A,N/A,N/A,N/A,,,1
1759293095,eth0,111,Ethernet,N/A,N/A,N/A,N/A,N/A,N/A,N/A,N/A,N/A,N/A,N/A,N/A,,,1
1759293095,any,113,N/A,N/A,N/A,N/A,N/A,N/A,N/A,N/A,N/A,N/A,N/A,N/A,N/A,,,1
1759293095,eth0,56,Ethernet,IPv4,N/A,N/A,v4,172.30.0.89,224.0.0.22,N/A,N/A,N/A,N/A,N/A,N/A,,,1
1759293095,any,58,N/A,IPv4,N/A,N/A,v4,172.30.0.89,224.0.0.22,N/A,N/A,N/A,N/A,N/A,N/A,,,1
1759293095,eth0,356,Ethernet,IPv4,UDP,N/A,v4,0.0.0.0,255.255.255.255,68,67,N/A,N/A,N/A,N/A,,,1
1759293095,eth0,368,Ethernet,IPv4,UDP,N/A,v4,0.0.0.0,255.255.255.255,68,67,N/A,N/A,N/A,N/A,,,1
1759293095,any,358,N/A,IPv4,UDP,N/A,v4,0.0.0.0,255.255.255.255,68,67,N/A,N/A,N/A,N/A,,,1
1759293095,any,370,N/A,IPv4,UDP,N/A,v4,0.0.0.0,255.255.255.255,68,67,N/A,N/A,N/A,N/A,,,1
1759293095,any,112,N/A,IPv6,ICMP,N/A,v6,fe80::103b:bdff:fef0:169,ff02::179,N/A,N/A,N/A,N/A,N/A,N/A,,,1
1759293095,eth1,110,Ethernet,IPv6,ICMP,N/A,v6,fe80::103b:bdff:fef0:169,ff02::179,N/A,N/A,N/A,N/A,N/A,N/A,,,1
1759293095,eth0,110,Ethernet,IPv6,ICMP,N/A,v6,fe80::ecf9:eff:fefb:55,ff02::179,N/A,N/A,N/A,N/A,N/A,N/A,,,1
1759293095,eth0,56,Ethernet,IPv4,N/A,N/A,v4,172.30.0.89,224.0.0.22,N/A,N/A,N/A,N/A,N/A,N/A,,,1
1759293095,any,112,N/A,IPv6,ICMP,N/A,v6,fe80::ecf9:eff:fefb:55,ff02::179,N/A,N/A,N/A,N/A,N/A,N/A,,,1
1759293095,eth0,56,Ethernet,N/A,N/A,N/A,N/A,N/A,N/A,N/A,N/A,N/A,N/A,N/A,N/A,,,1
1759293095,any,58,ARP,N/A,N/A,N/A,N/A,N/A,N/A,N/A,N/A,1,2048,172.30.0.89,172.30.0.122,,,1
1759293095,eth0,70,Ethernet,IPv6,ICMP,N/A,v6,fe80::24f1:23ff:fe29:66,ff02::204,N/A,N/A,N/A,N/A,N/A,N/A,,,1
1759293095,any,72,N/A,IPv6,ICMP,N/A,v6,fe80::24f1:23ff:fe29:66,ff02::204,N/A,N/A,N/A,N/A,N/A,N/A,,,1
1759293095,eth0,56,Ethernet,IPv4,N/A,N/A,v4,172.30.0.89,224.0.0.22,N/A,N/A,N/A,N/A,N/A,N/A,,,1
1759293095,any,58,N/A,IPv4,N/A,N/A,v4,172.30.0.89,224.0.0.22,N/A,N/A,N/A,N/A,N/A,N/A,,,1
1759293095,eth1,70,Ethernet,IPv6,ICMP,N/A,v6,fe80::7827:e3ff:fe68:239,ff02::204,N/A,N/A,N/A,N/A,N/A,N/A,,,1
1759293095,any,72,N/A,IPv6,ICMP,N/A,v6,fe80::7827:e3ff:fe68:239,ff02::204,N/A,N/A,N/A,N/A,N/A,N/A,,,1
1759293095,eth0,90,Ethernet,IPv6,ICMP,N/A,v6,fe80::b0b5:44ff:feea:219,ff02::179,N/A,N/A,N/A,N/A,N/A,N/A,,,1
1759293095,eth0,54,Ethernet,IPv4,N/A,N/A,v4,172.30.0.163,224.0.0.22,N/A,N/A,N/A,N/A,N/A,N/A,,,1
1759293095,any,92,N/A,IPv6,ICMP,N/A,v6,fe80::b0b5:44ff:feea:219,ff02::179,N/A,N/A,N/A,N/A,N/A,N/A,,,1
1759293095,eth0,90,Ethernet,IPv6,ICMP,N/A,v6,fe80::24f1:23ff:fe29:66,ff02::179,N/A,N/A,N/A,N/A,N/A,N/A,,,1
1759293095,eth0,54,Ethernet,IPv4,N/A,N/A,v4,172.30.0.23,224.0.0.22,N/A,N/A,N/A,N/A,N/A,N/A,,,1
1759293095,any,92,N/A,IPv6,ICMP,N/A,v6,fe80::24f1:23ff:fe29:66,ff02::179,N/A,N/A,N/A,N/A,N/A,N/A,,,1
1759293096,eth0,67,Ethernet,IPv4,UDP,N/A,v4,172.30.0.23,224.0.0.252,5355,5355,N/A,N/A,N/A,N/A,,,1
1759293096,eth0,87,Ethernet,IPv6,UDP,N/A,v6,fe80::24f1:23ff:fe29:66,ff02::1:52,5355,5355,N/A,N/A,N/A,N/A,,,1
1759293096,any,69,N/A,IPv4,UDP,N/A,v4,172.30.0.23,224.0.0.252,5355,5355,N/A,N/A,N/A,N/A,,,1
1759293096,any,90,N/A,IPv6,UDP,N/A,v6,fe80::b0b5:44ff:feea:219,ff02::1:52,5355,5355,N/A,N/A,N/A,N/A,,,1
1759293096,any,56,N/A,IPv4,N/A,N/A,v4,172.30.0.163,224.0.0.22,N/A,N/A,N/A,N/A,N/A,N/A,,,1
1759293096,eth0,88,Ethernet,IPv6,UDP,N/A,v6,fe80::b0b5:44ff:feea:219,ff02::1:52,5355,5355,N/A,N/A,N/A,N/A,,,1
1759293096,eth0,68,Ethernet,IPv4,UDP,N/A,v4,172.30.0.163,224.0.0.252,5355,5355,N/A,N/A,N/A,N/A,,,1
1759293096,eth0,54,Ethernet,IPv4,N/A,N/A,v4,172.30.0.163,224.0.0.22,N/A,N/A,N/A,N/A,N/A,N/A,,,1
1759293096,eth0,110,Ethernet,IPv6,ICMP,N/A,v6,fe80::ecf9:eff:fefb:55,ff02::179,N/A,N/A,N/A,N/A,N/A,N/A,,,1
1759293096,any,112,N/A,IPv6,ICMP,N/A,v6,fe80::ecf9:eff:fefb:55,ff02::179,N/A,N/A,N/A,N/A,N/A,N/A,,,1
1759293096,eth0,356,Ethernet,IPv4,UDP,N/A,v4,0.0.0.0,255.255.255.255,68,67,N/A,N/A,N/A,N/A,,,1
1759293096,any,358,N/A,IPv4,UDP,N/A,v4,0.0.0.0,255.255.255.255,68,67,N/A,N/A,N/A,N/A,,,1
1759293096,eth0,368,Ethernet,IPv4,UDP,N/A,v4,0.0.0.0,255.255.255.255,68,67,N/A,N/A,N/A,N/A,,,1
1759293096,any,370,N/A,IPv4,UDP,N/A,v4,0.0.0.0,255.255.255.255,68,67,N/A,N/A,N/A,N/A,,,1
1759293096,eth1,110,Ethernet,IPv6,ICMP,N/A,v6,fe80::7827:e3ff:fe68:239,ff02::179,N/A,N/A,N/A,N/A,N/A,N/A,,,1
1759293096,any,112,N/A,IPv6,ICMP,N/A,v6,fe80::7827:e3ff:fe68:239,ff02::179,N/A,N/A,N/A,N/A,N/A,N/A,,,1
1759293096,eth0,110,Ethernet,IPv6,ICMP,N/A,v6,fe80::24f1:23ff:fe29:66,ff02::179,N/A,N/A,N/A,N/A,N/A,N/A,,,1
1759293096,eth0,54,Ethernet,IPv4,N/A,N/A,v4,172.30.0.23,224.0.0.22,N/A,N/A,N/A,N/A,N/A,N/A,,,1
1759293096,any,112,N/A,IPv6,ICMP,N/A,v6,fe80::24f1:23ff:fe29:66,ff02::179,N/A,N/A,N/A,N/A,N/A,N/A,,,1
1759293096,eth0,42,Ethernet,N/A,N/A,N/A,N/A,N/A,N/A,N/A,N/A,N/A,N/A,N/A,N/A,,,1
1759293096,any,44,ARP,N/A,N/A,N/A,N/A,N/A,N/A,N/A,N/A,1,2048,172.30.0.23,172.30.0.122,,,1
1759293096,eth1,110,Ethernet,IPv6,ICMP,N/A,v6,fe80::103b:bdff:fef0:169,ff02::179,N/A,N/A,N/A,N/A,N/A,N/A,,,1
1759293096,any,112,N/A,IPv6,ICMP,N/A,v6,fe80::103b:bdff:fef0:169,ff02::179,N/A,N/A,N/A,N/A,N/A,N/A,,,1
1759293096,eth0,68,Ethernet,IPv4,UDP,N/A,v4,172.30.0.163,224.0.0.252,5355,5355,N/A,N/A,N/A,N/A,,,1
1759293096,eth0,88,Ethernet,IPv6,UDP,N/A,v6,fe80::b0b5:44ff:feea:219,ff02::1:52,5355,5355,N/A,N/A,N/A,N/A,,,1
1759293096,any,70,N/A,IPv4,UDP,N/A,v4,172.30.0.163,224.0.0.252,5355,5355,N/A,N/A,N/A,N/A,,,1
1759293096,eth0,357,Ethernet,IPv4,UDP,N/A,v4,0.0.0.0,255.255.255.255,68,67,N/A,N/A,N/A,N/A,,,1
1759293096,any,359,N/A,IPv4,UDP,N/A,v4,0.0.0.0,255.255.255.255,68,67,N/A,N/A,N/A,N/A,,,1
1759293096,any,112,N/A,IPv6,ICMP,N/A,v6,fe80::b0b5:44ff:feea:219,ff02::179,N/A,N/A,N/A,N/A,N/A,N/A,,,1
1759293096,any,371,N/A,IPv4,UDP,N/A,v4,0.0.0.0,255.255.255.255,68,67,N/A,N/A,N/A,N/A,,,1
1759293096,eth1,110,Ethernet,IPv6,ICMP,N/A,v6,fe80::780a:a9ff:fee6:89,ff02::179,N/A,N/A,N/A,N/A,N/A,N/A,,,1
1759293096,eth0,110,Ethernet,IPv6,ICMP,N/A,v6,fe80::b0b5:44ff:feea:219,ff02::179,N/A,N/A,N/A,N/A,N/A,N/A,,,1
1759293096,eth0,369,Ethernet,IPv4,UDP,N/A,v4,0.0.0.0,255.255.255.255,68,67,N/A,N/A,N/A,N/A,,,1
1759293096,eth0,54,Ethernet,IPv4,N/A,N/A,v4,172.30.0.23,224.0.0.22,N/A,N/A,N/A,N/A,N/A,N/A,,,1
1759293096,any,56,N/A,IPv4,N/A,N/A,v4,172.30.0.23,224.0.0.22,N/A,N/A,N/A,N/A,N/A,N/A,,,1
1759293096,eth0,54,Ethernet,IPv4,N/A,N/A,v4,172.30.0.163,224.0.0.22,N/A,N/A,N/A,N/A,N/A,N/A,,,1
1759293096,any,56,N/A,IPv4,N/A,N/A,v4,172.30.0.163,224.0.0.22,N/A,N/A,N/A,N/A,N/A,N/A,,,1
1759293096,eth0,110,Ethernet,IPv6,ICMP,N/A,v6,fe80::b0b5:44ff:feea:219,ff02::179,N/A,N/A,N/A,N/A,N/A,N/A,,,1
1759293096,any,112,N/A,IPv6,ICMP,N/A,v6,fe80::b0b5:44ff:feea:219,ff02::179,N/A,N/A,N/A,N/A,N/A,N/A,,,1
1759293096,eth0,42,Ethernet,N/A,N/A,N/A,N/A,N/A,N/A,N/A,N/A,N/A,N/A,N/A,N/A,,,1
1759293096,any,44,ARP,N/A,N/A,N/A,N/A,N/A,N/A,N/A,N/A,1,2048,172.30.0.163,172.30.0.122,,,1
1759293096,eth0,54,Ethernet,IPv4,N/A,N/A,v4,172.30.0.163,224.0.0.22,N/A,N/A,N/A,N/A,N/A,N/A,,,1
1759293096,any,56,N/A,IPv4,N/A,N/A,v4,172.30.0.163,224.0.0.22,N/A,N/A,N/A,N/A,N/A,N/A,,,1
1759293096,eth0,111,Ethernet,N/A,N/A,N/A,N/A,N/A,N/A,N/A,N/A,N/A,N/A,N/A,N/A,,,1
1759293096,any,113,N/A,N/A,N/A,N/A,N/A,N/A,N/A,N/A,N/A,N/A,N/A,N/A,N/A,,,1
1759293096,eth0,70,Ethernet,IPv6,ICMP,N/A,v6,fe80::ecf9:eff:fefb:55,ff02::204,N/A,N/A,N/A,N/A,N/A,N/A,,,1
1759293096,any,72,N/A,IPv6,ICMP,N/A,v6,fe80::ecf9:eff:fefb:55,ff02::204,N/A,N/A,N/A,N/A,N/A,N/A,,,1
1759293096,eth1,70,Ethernet,IPv6,ICMP,N/A,v6,fe80::103b:bdff:fef0:169,ff02::204,N/A,N/A,N/A,N/A,N/A,N/A,,,1
1759293096,any,72,N/A,IPv6,ICMP,N/A,v6,fe80::103b:bdff:fef0:169,ff02::204,N/A,N/A,N/A,N/A,N/A,N/A,,,1
1759293096,eth0,110,Ethernet,IPv6,ICMP,N/A,v6,fe80::24f1:23ff:fe29:66,ff02::179,N/A,N/A,N/A,N/A,N/A,N/A,,,1
1759293096,any,112,N/A,IPv6,ICMP,N/A,v6,fe80::24f1:23ff:fe29:66,ff02::179,N/A,N/A,N/A,N/A,N/A,N/A,,,1
1759293096,eth1,110,Ethernet,IPv6,ICMP,N/A,v6,fe80::7827:e3ff:fe68:239,ff02::179,N/A,N/A,N/A,N/A,N/A,N/A,,,1
1759293096,any,112,N/A,IPv6,ICMP,N/A,v6,fe80::7827:e3ff:fe68:239,ff02::179,N/A,N/A,N/A,N/A,N/A,N/A,,,1
1759293096,eth0,107,Ethernet,N/A,N/A,N/A,N/A,N/A,N/A,N/A,N/A,N/A,N/A,N/A,N/A,,,0
1759293096,any,109,N/A,N/A,N/A,N/A,N/A,N/A,N/A,N/A,N/A,N/A,N/A,N/A,N/A,,,0
1759293096,eth1,110,Ethernet,IPv6,ICMP,N/A,v6,fe80::780a:a9ff:fee6:89,ff02::179,N/A,N/A,N/A,N/A,N/A,N/A,,,1
1759293096,any,112,N/A,IPv6,ICMP,N/A,v6,fe80::780a:a9ff:fee6:89,ff02::179,N/A,N/A,N/A,N/A,N/A,N/A,,,1
1759293096,eth0,90,Ethernet,IPv6,ICMP,N/A,v6,fe80::b0b5:44ff:feea:219,ff02::179,N/A,N/A,N/A,N/A,N/A,N/A,,,1
1759293096,any,92,N/A,IPv6,ICMP,N/A,v6,fe80::b0b5:44ff:feea:219,ff02::179,N/A,N/A,N/A,N/A,N/A,N/A,,,1
1759293097,eth0,107,Ethernet,N/A,N/A,N/A,N/A,N/A,N/A,N/A,N/A,N/A,N/A,N/A,N/A,,,0
1759293097,eth1,70,Ethernet,IPv6,ICMP,N/A,v6,fe80::a824:52ff:fe4f:69,ff02::204,N/A,N/A,N/A,N/A,N/A,N/A,,,0
1759293097,any,109,N/A,N/A,N/A,N/A,N/A,N/A,N/A,N/A,N/A,N/A,N/A,N/A,N/A,,,0
1759293097,eth0,90,Ethernet,IPv6,ICMP,N/A,v6,fe80::5ca9:83ff:fe87:27,ff02::179,N/A,N/A,N/A,N/A,N/A,N/A,,,0
1759293097,eth0,54,Ethernet,IPv4,N/A,N/A,v4,172.30.0.220,224.0.0.22,N/A,N/A,N/A,N/A,N/A,N/A,,,0
1759293097,any,92,N/A,IPv6,ICMP,N/A,v6,fe80::5ca9:83ff:fe87:27,ff02::179,N/A,N/A,N/A,N/A,N/A,N/A,,,0
1759293097,eth0,87,Ethernet,IPv6,UDP,N/A,v6,fe80::5ca9:83ff:fe87:27,ff02::1:52,5355,5355,N/A,N/A,N/A,N/A,,,0
1759293097,any,89,N/A,IPv6,UDP,N/A,v6,fe80::5ca9:83ff:fe87:27,ff02::1:52,5355,5355,N/A,N/A,N/A,N/A,,,0
1759293097,eth0,356,Ethernet,IPv4,UDP,N/A,v4,0.0.0.0,255.255.255.255,68,67,N/A,N/A,N/A,N/A,,,0
1759293097,any,358,N/A,IPv4,UDP,N/A,v4,0.0.0.0,255.255.255.255,68,67,N/A,N/A,N/A,N/A,,,0
1759293097,eth0,368,Ethernet,IPv4,UDP,N/A,v4,0.0.0.0,255.255.255.255,68,67,N/A,N/A,N/A,N/A,,,0
1759293097,any,370,N/A,IPv4,UDP,N/A,v4,0.0.0.0,255.255.255.255,68,67,N/A,N/A,N/A,N/A,,,0
1759293097,eth1,70,Ethernet,IPv6,ICMP,N/A,v6,fe80::7827:e3ff:fe68:239,ff02::204,N/A,N/A,N/A,N/A,N/A,N/A,,,1
1759293097,any,72,N/A,IPv6,ICMP,N/A,v6,fe80::24f1:23ff:fe29:66,ff02::204,N/A,N/A,N/A,N/A,N/A,N/A,,,1
1759293097,eth0,70,Ethernet,IPv6,ICMP,N/A,v6,fe80::24f1:23ff:fe29:66,ff02::204,N/A,N/A,N/A,N/A,N/A,N/A,,,1
1759293097,eth0,70,Ethernet,IPv6,ICMP,N/A,v6,fe80::b0b5:44ff:feea:219,ff02::204,N/A,N/A,N/A,N/A,N/A,N/A,,,1
1759293097,any,72,N/A,IPv6,ICMP,N/A,v6,fe80::b0b5:44ff:feea:219,ff02::204,N/A,N/A,N/A,N/A,N/A,N/A,,,1
1759293097,eth1,70,Ethernet,IPv6,ICMP,N/A,v6,fe80::780a:a9ff:fee6:89,ff02::204,N/A,N/A,N/A,N/A,N/A,N/A,,,1
1759293097,any,72,N/A,IPv6,ICMP,N/A,v6,fe80::780a:a9ff:fee6:89,ff02::204,N/A,N/A,N/A,N/A,N/A,N/A,,,1
1759293097,eth2,70,Ethernet,IPv6,ICMP,N/A,v6,fe80::dcac:f9ff:fe59:60,ff02::204,N/A,N/A,N/A,N/A,N/A,N/A,,,1
1759293097,any,113,N/A,N/A,N/A,N/A,N/A,N/A,N/A,N/A,N/A,N/A,N/A,N/A,N/A,,,1
1759293097,eth0,111,Ethernet,N/A,N/A,N/A,N/A,N/A,N/A,N/A,N/A,N/A,N/A,N/A,N/A,,,1
1759293097,eth0,70,Ethernet,IPv6,ICMP,N/A,v6,fe80::e48e:99ff:fe5f:147,ff02::204,N/A,N/A,N/A,N/A,N/A,N/A,,,1
1759293097,any,72,N/A,IPv6,ICMP,N/A,v6,fe80::e48e:99ff:fe5f:147,ff02::204,N/A,N/A,N/A,N/A,N/A,N/A,,,1
1759293097,eth0,90,Ethernet,IPv6,ICMP,N/A,v6,fe80::e48e:99ff:fe5f:147,ff02::179,N/A,N/A,N/A,N/A,N/A,N/A,,,1
1759293097,eth0,54,Ethernet,IPv4,N/A,N/A,v4,172.30.0.220,224.0.0.22,N/A,N/A,N/A,N/A,N/A,N/A,,,1
1759293097,any,92,N/A,IPv6,ICMP,N/A,v6,fe80::e48e:99ff:fe5f:147,ff02::179,N/A,N/A,N/A,N/A,N/A,N/A,,,1
1759293097,eth0,91,Ethernet,IPv6,UDP,N/A,v6,fe80::e48e:99ff:fe5f:147,ff02::1:52,5355,5355,N/A,N/A,N/A,N/A,,,1
1759293097,eth0,71,Ethernet,IPv4,UDP,N/A,v4,172.30.0.220,224.0.0.252,5355,5355,N/A,N/A,N/A,N/A,,,1
1759293097,any,93,N/A,IPv6,UDP,N/A,v6,fe80::e48e:99ff:fe5f:147,ff02::1:52,5355,5355,N/A,N/A,N/A,N/A,,,1
1759293097,eth2,110,Ethernet,IPv6,ICMP,N/A,v6,fe80::dcac:f9ff:fe59:60,ff02::179,N/A,N/A,N/A,N/A,N/A,N/A,,,1
1759293097,any,112,N/A,IPv6,ICMP,N/A,v6,fe80::f056:abff:fe65:143,ff02::179,N/A,N/A,N/A,N/A,N/A,N/A,,,1
1759293097,eth1,110,Ethernet,IPv6,ICMP,N/A,v6,fe80::f056:abff:fe65:143,ff02::179,N/A,N/A,N/A,N/A,N/A,N/A,,,1
1759293097,eth0,360,Ethernet,IPv4,UDP,N/A,v4,0.0.0.0,255.255.255.255,68,67,N/A,N/A,N/A,N/A,,,1
1759293097,any,362,N/A,IPv4,UDP,N/A,v4,0.0.0.0,255.255.255.255,68,67,N/A,N/A,N/A,N/A,,,1
1759293097,any,112,N/A,IPv6,ICMP,N/A,v6,fe80::a824:52ff:fe4f:69,ff02::179,N/A,N/A,N/A,N/A,N/A,N/A,,,0
1759293097,any,112,N/A,IPv6,ICMP,N/A,v6,fe80::5ca9:83ff:fe87:27,ff02::179,N/A,N/A,N/A,N/A,N/A,N/A,,,0
1759293097,any,44,ARP,N/A,N/A,N/A,N/A,N/A,N/A,N/A,N/A,1,2048,172.30.0.220,172.30.0.122,,,0
1759293097,any,58,ARP,N/A,N/A,N/A,N/A,N/A,N/A,N/A,N/A,2,2048,172.30.0.122,172.30.0.220,,,0
1759293097,eth1,110,Ethernet,IPv6,ICMP,N/A,v6,fe80::a824:52ff:fe4f:69,ff02::179,N/A,N/A,N/A,N/A,N/A,N/A,,,0
1759293097,eth0,110,Ethernet,IPv6,ICMP,N/A,v6,fe80::5ca9:83ff:fe87:27,ff02::179,N/A,N/A,N/A,N/A,N/A,N/A,,,0
1759293097,eth0,54,Ethernet,IPv4,N/A,N/A,v4,172.30.0.220,224.0.0.22,N/A,N/A,N/A,N/A,N/A,N/A,,,0
1759293097,eth0,42,Ethernet,N/A,N/A,N/A,N/A,N/A,N/A,N/A,N/A,N/A,N/A,N/A,N/A,,,0
1759293097,eth0,56,Ethernet,N/A,N/A,N/A,N/A,N/A,N/A,N/A,N/A,N/A,N/A,N/A,N/A,,,0
1759293097,eth0,56,Ethernet,N/A,N/A,N/A,N/A,N/A,N/A,N/A,N/A,N/A,N/A,N/A,N/A,,,0
1759293098,eth0,110,Ethernet,IPv6,ICMP,N/A,v6,fe80::e48e:99ff:fe5f:147,ff02::179,N/A,N/A,N/A,N/A,N/A,N/A,,,1
1759293098,eth0,372,Ethernet,IPv4,UDP,N/A,v4,0.0.0.0,255.255.255.255,68,67,N/A,N/A,N/A,N/A,,,1
1759293098,eth0,42,Ethernet,N/A,N/A,N/A,N/A,N/A,N/A,N/A,N/A,N/A,N/A,N/A,N/A,,,1
1759293098,eth0,56,Ethernet,N/A,N/A,N/A,N/A,N/A,N/A,N/A,N/A,N/A,N/A,N/A,N/A,,,1
1759293098,eth0,56,Ethernet,N/A,N/A,N/A,N/A,N/A,N/A,N/A,N/A,N/A,N/A,N/A,N/A,,,1
1759293098,eth0,110,Ethernet,IPv6,ICMP,N/A,v6,fe80::e48e:99ff:fe5f:147,ff02::179,N/A,N/A,N/A,N/A,N/A,N/A,,,1
1759293098,eth0,54,Ethernet,IPv4,N/A,N/A,v4,172.30.0.220,224.0.0.22,N/A,N/A,N/A,N/A,N/A,N/A,,,1
1759293098,any,112,N/A,IPv6,ICMP,N/A,v6,fe80::e48e:99ff:fe5f:147,ff02::179,N/A,N/A,N/A,N/A,N/A,N/A,,,1
1759293098,any,374,N/A,IPv4,UDP,N/A,v4,0.0.0.0,255.255.255.255,68,67,N/A,N/A,N/A,N/A,,,1
1759293098,any,44,ARP,N/A,N/A,N/A,N/A,N/A,N/A,N/A,N/A,1,2048,172.30.0.220,172.30.0.122,,,1
1759293098,any,58,ARP,N/A,N/A,N/A,N/A,N/A,N/A,N/A,N/A,2,2048,172.30.0.122,172.30.0.220,,,1
1759293098,any,58,ARP,N/A,N/A,N/A,N/A,N/A,N/A,N/A,N/A,2,2048,172.30.0.122,172.30.0.220,,,1
1759293098,any,112,N/A,IPv6,ICMP,N/A,v6,fe80::e48e:99ff:fe5f:147,ff02::179,N/A,N/A,N/A,N/A,N/A,N/A,,,1
1759293098,eth1,110,Ethernet,IPv6,ICMP,N/A,v6,fe80::f056:abff:fe65:143,ff02::179,N/A,N/A,N/A,N/A,N/A,N/A,,,1
1759293098,any,112,N/A,IPv6,ICMP,N/A,v6,fe80::f056:abff:fe65:143,ff02::179,N/A,N/A,N/A,N/A,N/A,N/A,,,1
1759293098,eth0,90,Ethernet,IPv6,ICMP,N/A,v6,fe80::e48e:99ff:fe5f:147,ff02::179,N/A,N/A,N/A,N/A,N/A,N/A,,,1
1759293098,any,92,N/A,IPv6,ICMP,N/A,v6,fe80::e48e:99ff:fe5f:147,ff02::179,N/A,N/A,N/A,N/A,N/A,N/A,,,1
1759293098,eth0,54,Ethernet,IPv4,N/A,N/A,v4,172.30.0.220,224.0.0.22,N/A,N/A,N/A,N/A,N/A,N/A,,,1
1759293098,any,56,N/A,IPv4,N/A,N/A,v4,172.30.0.220,224.0.0.22,N/A,N/A,N/A,N/A,N/A,N/A,,,1
1759293098,eth2,110,Ethernet,IPv6,ICMP,N/A,v6,fe80::dcac:f9ff:fe59:60,ff02::179,N/A,N/A,N/A,N/A,N/A,N/A,,,1
1759293098,any,112,N/A,IPv6,ICMP,N/A,v6,fe80::dcac:f9ff:fe59:60,ff02::179,N/A,N/A,N/A,N/A,N/A,N/A,,,1
1759293098,eth2,70,Ethernet,IPv6,ICMP,N/A,v6,fe80::dcac:f9ff:fe59:60,ff02::204,N/A,N/A,N/A,N/A,N/A,N/A,,,1
1759293098,any,72,N/A,IPv6,ICMP,N/A,v6,fe80::dcac:f9ff:fe59:60,ff02::204,N/A,N/A,N/A,N/A,N/A,N/A,,,1
1759293098,any,72,N/A,IPv6,ICMP,N/A,v6,fe80::e48e:99ff:fe5f:147,ff02::204,N/A,N/A,N/A,N/A,N/A,N/A,,,1
1759293098,eth1,70,Ethernet,IPv6,ICMP,N/A,v6,fe80::f056:abff:fe65:143,ff02::204,N/A,N/A,N/A,N/A,N/A,N/A,,,1
1759293098,eth0,70,Ethernet,IPv6,ICMP,N/A,v6,fe80::e48e:99ff:fe5f:147,ff02::204,N/A,N/A,N/A,N/A,N/A,N/A,,,1
1759293098,eth0,111,Ethernet,N/A,N/A,N/A,N/A,N/A,N/A,N/A,N/A,N/A,N/A,N/A,N/A,,,1
1759293098,any,113,N/A,N/A,N/A,N/A,N/A,N/A,N/A,N/A,N/A,N/A,N/A,N/A,N/A,,,1
1759293098,eth0,54,Ethernet,IPv4,N/A,N/A,v4,172.30.0.220,224.0.0.22,N/A,N/A,N/A,N/A,N/A,N/A,,,0
1759293098,any,56,N/A,IPv4,N/A,N/A,v4,172.30.0.220,224.0.0.22,N/A,N/A,N/A,N/A,N/A,N/A,,,0
1759293098,eth0,110,Ethernet,IPv6,ICMP,N/A,v6,fe80::5ca9:83ff:fe87:27,ff02::179,N/A,N/A,N/A,N/A,N/A,N/A,,,0
1759293098,any,112,N/A,IPv6,ICMP,N/A,v6,fe80::5ca9:83ff:fe87:27,ff02::179,N/A,N/A,N/A,N/A,N/A,N/A,,,0
1759293098,eth1,110,Ethernet,IPv6,ICMP,N/A,v6,fe80::a824:52ff:fe4f:69,ff02::179,N/A,N/A,N/A,N/A,N/A,N/A,,,0
1759293098,any,112,N/A,IPv6,ICMP,N/A,v6,fe80::a824:52ff:fe4f:69,ff02::179,N/A,N/A,N/A,N/A,N/A,N/A,,,0
1759293098,eth0,107,Ethernet,N/A,N/A,N/A,N/A,N/A,N/A,N/A,N/A,N/A,N/A,N/A,N/A,,,0
1759293098,eth0,70,Ethernet,IPv6,ICMP,N/A,v6,fe80::5ca9:83ff:fe87:27,ff02::204,N/A,N/A,N/A,N/A,N/A,N/A,,,0
1759293098,any,72,N/A,IPv6,ICMP,N/A,v6,fe80::a824:52ff:fe4f:69,ff02::204,N/A,N/A,N/A,N/A,N/A,N/A,,,0
1759293098,eth1,70,Ethernet,IPv6,ICMP,N/A,v6,fe80::a824:52ff:fe4f:69,ff02::204,N/A,N/A,N/A,N/A,N/A,N/A,,,0
1759293099,eth0,90,Ethernet,IPv6,ICMP,N/A,v6,fe80::ecf9:eff:fefb:55,ff02::179,N/A,N/A,N/A,N/A,N/A,N/A,,,1
1759293099,eth0,56,Ethernet,IPv4,N/A,N/A,v4,172.30.0.89,224.0.0.22,N/A,N/A,N/A,N/A,N/A,N/A,,,1
1759293099,any,92,N/A,IPv6,ICMP,N/A,v6,fe80::ecf9:eff:fefb:55,ff02::179,N/A,N/A,N/A,N/A,N/A,N/A,,,1
1759293099,eth0,87,Ethernet,IPv6,UDP,N/A,v6,fe80::ecf9:eff:fefb:55,ff02::1:52,5355,5355,N/A,N/A,N/A,N/A,,,1
1759293099,any,89,N/A,IPv6,UDP,N/A,v6,fe80::ecf9:eff:fefb:55,ff02::1:52,5355,5355,N/A,N/A,N/A,N/A,,,1
1759293099,eth0,356,Ethernet,IPv4,UDP,N/A,v4,0.0.0.0,255.255.255.255,68,67,N/A,N/A,N/A,N/A,,,1
1759293099,any,358,N/A,IPv4,UDP,N/A,v4,0.0.0.0,255.255.255.255,68,67,N/A,N/A,N/A,N/A,,,1
1759293099,eth0,368,Ethernet,IPv4,UDP,N/A,v4,0.0.0.0,255.255.255.255,68,67,N/A,N/A,N/A,N/A,,,1
1759293099,any,370,N/A,IPv4,UDP,N/A,v4,0.0.0.0,255.255.255.255,68,67,N/A,N/A,N/A,N/A,,,1
1759293099,eth1,110,Ethernet,IPv6,ICMP,N/A,v6,fe80::103b:bdff:fef0:169,ff02::179,N/A,N/A,N/A,N/A,N/A,N/A,,,1
1759293099,any,112,N/A,IPv6,ICMP,N/A,v6,fe80::103b:bdff:fef0:169,ff02::179,N/A,N/A,N/A,N/A,N/A,N/A,,,1
1759293099,eth0,110,Ethernet,IPv6,ICMP,N/A,v6,fe80::ecf9:eff:fefb:55,ff02::179,N/A,N/A,N/A,N/A,N/A,N/A,,,1
1759293099,any,112,N/A,IPv6,ICMP,N/A,v6,fe80::ecf9:eff:fefb:55,ff02::179,N/A,N/A,N/A,N/A,N/A,N/A,,,1
1759293099,any,58,N/A,IPv4,N/A,N/A,v4,172.30.0.89,224.0.0.22,N/A,N/A,N/A,N/A,N/A,N/A,,,1
1759293099,eth0,56,Ethernet,IPv4,N/A,N/A,v4,172.30.0.89,224.0.0.22,N/A,N/A,N/A,N/A,N/A,N/A,,,1
1759293099,eth1,110,Ethernet,IPv6,ICMP,N/A,v6,fe80::103b:bdff:fef0:169,ff02::179,N/A,N/A,N/A,N/A,N/A,N/A,,,1
1759293099,any,112,N/A,IPv6,ICMP,N/A,v6,fe80::103b:bdff:fef0:169,ff02::179,N/A,N/A,N/A,N/A,N/A,N/A,,,1
1759293099,eth0,110,Ethernet,IPv6,ICMP,N/A,v6,fe80::ecf9:eff:fefb:55,ff02::179,N/A,N/A,N/A,N/A,N/A,N/A,,,1
1759293099,any,112,N/A,IPv6,ICMP,N/A,v6,fe80::ecf9:eff:fefb:55,ff02::179,N/A,N/A,N/A,N/A,N/A,N/A,,,1
1759293099,eth0,111,Ethernet,N/A,N/A,N/A,N/A,N/A,N/A,N/A,N/A,N/A,N/A,N/A,N/A,,,1
1759293099,any,113,N/A,N/A,N/A,N/A,N/A,N/A,N/A,N/A,N/A,N/A,N/A,N/A,N/A,,,1
1759293099,eth0,56,Ethernet,IPv4,N/A,N/A,v4,172.30.0.89,224.0.0.22,N/A,N/A,N/A,N/A,N/A,N/A,,,1
1759293099,any,58,N/A,IPv4,N/A,N/A,v4,172.30.0.89,224.0.0.22,N/A,N/A,N/A,N/A,N/A,N/A,,,1
1759293099,eth0,56,Ethernet,N/A,N/A,N/A,N/A,N/A,N/A,N/A,N/A,N/A,N/A,N/A,N/A,,,1
1759293099,any,58,ARP,N/A,N/A,N/A,N/A,N/A,N/A,N/A,N/A,1,2048,172.30.0.89,172.30.0.122,,,1
1759293099,eth0,70,Ethernet,IPv6,ICMP,N/A,v6,fe80::ecf9:eff:fefb:55,ff02::204,N/A,N/A,N/A,N/A,N/A,N/A,,,1
1759293099,any,72,N/A,IPv6,ICMP,N/A,v6,fe80::ecf9:eff:fefb:55,ff02::204,N/A,N/A,N/A,N/A,N/A,N/A,,,1
1759293099,eth1,70,Ethernet,IPv6,ICMP,N/A,v6,fe80::103b:bdff:fef0:169,ff02::204,N/A,N/A,N/A,N/A,N/A,N/A,,,1
1759293099,any,72,N/A,IPv6,ICMP,N/A,v6,fe80::103b:bdff:fef0:169,ff02::204,N/A,N/A,N/A,N/A,N/A,N/A,,,1
1759293099,any,109,N/A,N/A,N/A,N/A,N/A,N/A,N/A,N/A,N/A,N/A,N/A,N/A,N/A,,,0
1759293099,eth0,107,Ethernet,N/A,N/A,N/A,N/A,N/A,N/A,N/A,N/A,N/A,N/A,N/A,N/A,,,0
1759293100,eth0,90,Ethernet,IPv6,ICMP,N/A,v6,fe80::24f1:23ff:fe29:66,ff02::179,N/A,N/A,N/A,N/A,N/A,N/A,,,1
1759293100,eth0,54,Ethernet,IPv4,N/A,N/A,v4,172.30.0.23,224.0.0.22,N/A,N/A,N/A,N/A,N/A,N/A,,,1
1759293100,any,92,N/A,IPv6,ICMP,N/A,v6,fe80::24f1:23ff:fe29:66,ff02::179,N/A,N/A,N/A,N/A,N/A,N/A,,,1
1759293100,any,56,N/A,IPv4,N/A,N/A,v4,172.30.0.23,224.0.0.22,N/A,N/A,N/A,N/A,N/A,N/A,,,1
1759293100,eth0,67,Ethernet,IPv4,UDP,N/A,v4,172.30.0.23,224.0.0.252,5355,5355,N/A,N/A,N/A,N/A,,,1
1759293100,any,69,N/A,IPv4,UDP,N/A,v4,172.30.0.23,224.0.0.252,5355,5355,N/A,N/A,N/A,N/A,,,1
1759293100,eth0,356,Ethernet,IPv4,UDP,N/A,v4,0.0.0.0,255.255.255.255,68,67,N/A,N/A,N/A,N/A,,,1
1759293100,any,358,N/A,IPv4,UDP,N/A,v4,0.0.0.0,255.255.255.255,68,67,N/A,N/A,N/A,N/A,,,1
1759293100,eth0,368,Ethernet,IPv4,UDP,N/A,v4,0.0.0.0,255.255.255.255,68,67,N/A,N/A,N/A,N/A,,,1
1759293100,any,370,N/A,IPv4,UDP,N/A,v4,0.0.0.0,255.255.255.255,68,67,N/A,N/A,N/A,N/A,,,1
1759293100,eth1,110,Ethernet,IPv6,ICMP,N/A,v6,fe80::7827:e3ff:fe68:239,ff02::179,N/A,N/A,N/A,N/A,N/A,N/A,,,1
1759293100,any,112,N/A,IPv6,ICMP,N/A,v6,fe80::7827:e3ff:fe68:239,ff02::179,N/A,N/A,N/A,N/A,N/A,N/A,,,1
1759293100,eth0,42,Ethernet,N/A,N/A,N/A,N/A,N/A,N/A,N/A,N/A,N/A,N/A,N/A,N/A,,,1
1759293100,any,44,ARP,N/A,N/A,N/A,N/A,N/A,N/A,N/A,N/A,1,2048,172.30.0.23,172.30.0.122,,,1
1759293100,eth0,110,Ethernet,IPv6,ICMP,N/A,v6,fe80::24f1:23ff:fe29:66,ff02::179,N/A,N/A,N/A,N/A,N/A,N/A,,,1
1759293100,eth0,54,Ethernet,IPv4,N/A,N/A,v4,172.30.0.23,224.0.0.22,N/A,N/A,N/A,N/A,N/A,N/A,,,1
1759293100,eth0,107,Ethernet,N/A,N/A,N/A,N/A,N/A,N/A,N/A,N/A,N/A,N/A,N/A,N/A,,,0
1759293100,any,109,N/A,N/A,N/A,N/A,N/A,N/A,N/A,N/A,N/A,N/A,N/A,N/A,N/A,,,0
1759293100,any,112,N/A,IPv6,ICMP,N/A,v6,fe80::24f1:23ff:fe29:66,ff02::179,N/A,N/A,N/A,N/A,N/A,N/A,,,1
1759293100,eth0,54,Ethernet,IPv4,N/A,N/A,v4,172.30.0.23,224.0.0.22,N/A,N/A,N/A,N/A,N/A,N/A,,,1
1759293100,any,56,N/A,IPv4,N/A,N/A,v4,172.30.0.23,224.0.0.22,N/A,N/A,N/A,N/A,N/A,N/A,,,1
1759293100,eth1,110,Ethernet,IPv6,ICMP,N/A,v6,fe80::7827:e3ff:fe68:239,ff02::179,N/A,N/A,N/A,N/A,N/A,N/A,,,1
1759293100,any,112,N/A,IPv6,ICMP,N/A,v6,fe80::7827:e3ff:fe68:239,ff02::179,N/A,N/A,N/A,N/A,N/A,N/A,,,1
1759293100,eth0,110,Ethernet,IPv6,ICMP,N/A,v6,fe80::24f1:23ff:fe29:66,ff02::179,N/A,N/A,N/A,N/A,N/A,N/A,,,1
1759293100,any,112,N/A,IPv6,ICMP,N/A,v6,fe80::24f1:23ff:fe29:66,ff02::179,N/A,N/A,N/A,N/A,N/A,N/A,,,1
1759293101,eth0,90,Ethernet,IPv6,ICMP,N/A,v6,fe80::5ca9:83ff:fe87:27,ff02::179,N/A,N/A,N/A,N/A,N/A,N/A,,,0
1759293101,eth1,70,Ethernet,IPv6,ICMP,N/A,v6,fe80::7827:e3ff:fe68:239,ff02::204,N/A,N/A,N/A,N/A,N/A,N/A,,,1
1759293101,any,72,N/A,IPv6,ICMP,N/A,v6,fe80::24f1:23ff:fe29:66,ff02::204,N/A,N/A,N/A,N/A,N/A,N/A,,,1
1759293101,any,72,N/A,IPv6,ICMP,N/A,v6,fe80::7827:e3ff:fe68:239,ff02::204,N/A,N/A,N/A,N/A,N/A,N/A,,,1
1759293101,eth0,70,Ethernet,IPv6,ICMP,N/A,v6,fe80::24f1:23ff:fe29:66,ff02::204,N/A,N/A,N/A,N/A,N/A,N/A,,,1
1759293101,eth0,111,Ethernet,N/A,N/A,N/A,N/A,N/A,N/A,N/A,N/A,N/A,N/A,N/A,N/A,,,1
1759293101,any,113,N/A,N/A,N/A,N/A,N/A,N/A,N/A,N/A,N/A,N/A,N/A,N/A,N/A,,,1
1759293101,eth0,90,Ethernet,IPv6,ICMP,N/A,v6,fe80::b0b5:44ff:feea:219,ff02::179,N/A,N/A,N/A,N/A,N/A,N/A,,,1
1759293101,eth0,54,Ethernet,IPv4,N/A,N/A,v4,172.30.0.163,224.0.0.22,N/A,N/A,N/A,N/A,N/A,N/A,,,1
1759293101,any,92,N/A,IPv6,ICMP,N/A,v6,fe80::b0b5:44ff:feea:219,ff02::179,N/A,N/A,N/A,N/A,N/A,N/A,,,1
1759293101,eth0,90,Ethernet,IPv6,ICMP,N/A,v6,fe80::b0b5:44ff:feea:219,ff02::179,N/A,N/A,N/A,N/A,N/A,N/A,,,1
1759293101,any,92,N/A,IPv6,ICMP,N/A,v6,fe80::b0b5:44ff:feea:219,ff02::179,N/A,N/A,N/A,N/A,N/A,N/A,,,1
1759293101,eth0,68,Ethernet,IPv4,UDP,N/A,v4,172.30.0.163,224.0.0.252,5355,5355,N/A,N/A,N/A,N/A,,,1
1759293101,eth0,88,Ethernet,IPv6,UDP,N/A,v6,fe80::b0b5:44ff:feea:219,ff02::1:52,5355,5355,N/A,N/A,N/A,N/A,,,1
1759293101,any,70,N/A,IPv4,UDP,N/A,v4,172.30.0.163,224.0.0.252,5355,5355,N/A,N/A,N/A,N/A,,,1
1759293101,eth1,110,Ethernet,IPv6,ICMP,N/A,v6,fe80::780a:a9ff:fee6:89,ff02::179,N/A,N/A,N/A,N/A,N/A,N/A,,,1
1759293101,any,112,N/A,IPv6,ICMP,N/A,v6,fe80::780a:a9ff:fee6:89,ff02::179,N/A,N/A,N/A,N/A,N/A,N/A,,,1
1759293101,eth0,110,Ethernet,IPv6,ICMP,N/A,v6,fe80::b0b5:44ff:feea:219,ff02::179,N/A,N/A,N/A,N/A,N/A,N/A,,,1
1759293101,any,112,N/A,IPv6,ICMP,N/A,v6,fe80::b0b5:44ff:feea:219,ff02::179,N/A,N/A,N/A,N/A,N/A,N/A,,,1
1759293101,eth0,54,Ethernet,IPv4,N/A,N/A,v4,172.30.0.220,224.0.0.22,N/A,N/A,N/A,N/A,N/A,N/A,,,0
1759293101,any,92,N/A,IPv6,ICMP,N/A,v6,fe80::5ca9:83ff:fe87:27,ff02::179,N/A,N/A,N/A,N/A,N/A,N/A,,,0
1759293101,eth0,54,Ethernet,IPv4,N/A,N/A,v4,172.30.0.220,224.0.0.22,N/A,N/A,N/A,N/A,N/A,N/A,,,0
1759293101,any,56,N/A,IPv4,N/A,N/A,v4,172.30.0.220,224.0.0.22,N/A,N/A,N/A,N/A,N/A,N/A,,,0
1759293101,eth0,67,Ethernet,IPv4,UDP,N/A,v4,172.30.0.220,224.0.0.252,5355,5355,N/A,N/A,N/A,N/A,,,0
1759293101,any,69,N/A,IPv4,UDP,N/A,v4,172.30.0.220,224.0.0.252,5355,5355,N/A,N/A,N/A,N/A,,,0
1759293101,eth0,87,Ethernet,IPv6,UDP,N/A,v6,fe80::5ca9:83ff:fe87:27,ff02::1:52,5355,5355,N/A,N/A,N/A,N/A,,,0
1759293101,any,89,N/A,IPv6,UDP,N/A,v6,fe80::5ca9:83ff:fe87:27,ff02::1:52,5355,5355,N/A,N/A,N/A,N/A,,,0
1759293101,eth0,356,Ethernet,IPv4,UDP,N/A,v4,0.0.0.0,255.255.255.255,68,67,N/A,N/A,N/A,N/A,,,0
1759293101,any,358,N/A,IPv4,UDP,N/A,v4,0.0.0.0,255.255.255.255,68,67,N/A,N/A,N/A,N/A,,,0
1759293101,eth0,368,Ethernet,IPv4,UDP,N/A,v4,0.0.0.0,255.255.255.255,68,67,N/A,N/A,N/A,N/A,,,0
1759293101,any,370,N/A,IPv4,UDP,N/A,v4,0.0.0.0,255.255.255.255,68,67,N/A,N/A,N/A,N/A,,,0
1759293101,eth1,110,Ethernet,IPv6,ICMP,N/A,v6,fe80::a824:52ff:fe4f:69,ff02::179,N/A,N/A,N/A,N/A,N/A,N/A,,,0
1759293101,any,112,N/A,IPv6,ICMP,N/A,v6,fe80::a824:52ff:fe4f:69,ff02::179,N/A,N/A,N/A,N/A,N/A,N/A,,,0
1759293101,any,112,N/A,IPv6,ICMP,N/A,v6,fe80::5ca9:83ff:fe87:27,ff02::179,N/A,N/A,N/A,N/A,N/A,N/A,,,0
1759293101,eth0,110,Ethernet,IPv6,ICMP,N/A,v6,fe80::5ca9:83ff:fe87:27,ff02::179,N/A,N/A,N/A,N/A,N/A,N/A,,,0
1759293101,eth0,54,Ethernet,IPv4,N/A,N/A,v4,172.30.0.220,224.0.0.22,N/A,N/A,N/A,N/A,N/A,N/A,,,0
1759293101,eth0,42,Ethernet,N/A,N/A,N/A,N/A,N/A,N/A,N/A,N/A,N/A,N/A,N/A,N/A,,,0
1759293101,eth0,56,Ethernet,N/A,N/A,N/A,N/A,N/A,N/A,N/A,N/A,N/A,N/A,N/A,N/A,,,0
1759293101,eth0,56,Ethernet,N/A,N/A,N/A,N/A,N/A,N/A,N/A,N/A,N/A,N/A,N/A,N/A,,,0
1759293101,any,58,ARP,N/A,N/A,N/A,N/A,N/A,N/A,N/A,N/A,2,2048,172.30.0.122,172.30.0.220,,,0
1759293101,any,58,ARP,N/A,N/A,N/A,N/A,N/A,N/A,N/A,N/A,2,2048,172.30.0.122,172.30.0.220,,,0
1759293101,any,112,N/A,IPv6,ICMP,N/A,v6,fe80::a824:52ff:fe4f:69,ff02::179,N/A,N/A,N/A,N/A,N/A,N/A,,,0
1759293101,eth1,110,Ethernet,IPv6,ICMP,N/A,v6,fe80::a824:52ff:fe4f:69,ff02::179,N/A,N/A,N/A,N/A,N/A,N/A,,,0
1759293101,any,359,N/A,IPv4,UDP,N/A,v4,0.0.0.0,255.255.255.255,68,67,N/A,N/A,N/A,N/A,,,1
1759293101,any,371,N/A,IPv4,UDP,N/A,v4,0.0.0.0,255.255.255.255,68,67,N/A,N/A,N/A,N/A,,,1
1759293101,eth0,357,Ethernet,IPv4,UDP,N/A,v4,0.0.0.0,255.255.255.255,68,67,N/A,N/A,N/A,N/A,,,1
1759293101,eth0,369,Ethernet,IPv4,UDP,N/A,v4,0.0.0.0,255.255.255.255,68,67,N/A,N/A,N/A,N/A,,,1
1759293101,eth0,54,Ethernet,IPv4,N/A,N/A,v4,172.30.0.163,224.0.0.22,N/A,N/A,N/A,N/A,N/A,N/A,,,1
1759293101,any,56,N/A,IPv4,N/A,N/A,v4,172.30.0.163,224.0.0.22,N/A,N/A,N/A,N/A,N/A,N/A,,,1
1759293101,eth0,110,Ethernet,IPv6,ICMP,N/A,v6,fe80::b0b5:44ff:feea:219,ff02::179,N/A,N/A,N/A,N/A,N/A,N/A,,,1
1759293101,any,112,N/A,IPv6,ICMP,N/A,v6,fe80::b0b5:44ff:feea:219,ff02::179,N/A,N/A,N/A,N/A,N/A,N/A,,,1
1759293101,eth0,42,Ethernet,N/A,N/A,N/A,N/A,N/A,N/A,N/A,N/A,N/A,N/A,N/A,N/A,,,1
1759293101,any,44,ARP,N/A,N/A,N/A,N/A,N/A,N/A,N/A,N/A,1,2048,172.30.0.163,172.30.0.122,,,1
1759293101,eth0,54,Ethernet,IPv4,N/A,N/A,v4,172.30.0.163,224.0.0.22,N/A,N/A,N/A,N/A,N/A,N/A,,,1
1759293101,any,56,N/A,IPv4,N/A,N/A,v4,172.30.0.163,224.0.0.22,N/A,N/A,N/A,N/A,N/A,N/A,,,1
1759293101,eth0,90,Ethernet,IPv6,ICMP,N/A,v6,fe80::e48e:99ff:fe5f:147,ff02::179,N/A,N/A,N/A,N/A,N/A,N/A,,,1
1759293101,eth0,54,Ethernet,IPv4,N/A,N/A,v4,172.30.0.220,224.0.0.22,N/A,N/A,N/A,N/A,N/A,N/A,,,1
1759293101,any,92,N/A,IPv6,ICMP,N/A,v6,fe80::e48e:99ff:fe5f:147,ff02::179,N/A,N/A,N/A,N/A,N/A,N/A,,,1
1759293102,any,56,N/A,IPv4,N/A,N/A,v4,172.30.0.220,224.0.0.22,N/A,N/A,N/A,N/A,N/A,N/A,,,0
1759293102,eth0,71,Ethernet,IPv4,UDP,N/A,v4,172.30.0.220,224.0.0.252,5355,5355,N/A,N/A,N/A,N/A,,,1
1759293102,eth0,91,Ethernet,IPv6,UDP,N/A,v6,fe80::e48e:99ff:fe5f:147,ff02::1:52,5355,5355,N/A,N/A,N/A,N/A,,,1
1759293102,any,73,N/A,IPv4,UDP,N/A,v4,172.30.0.220,224.0.0.252,5355,5355,N/A,N/A,N/A,N/A,,,1
1759293102,eth0,360,Ethernet,IPv4,UDP,N/A,v4,0.0.0.0,255.255.255.255,68,67,N/A,N/A,N/A,N/A,,,1
1759293102,any,362,N/A,IPv4,UDP,N/A,v4,0.0.0.0,255.255.255.255,68,67,N/A,N/A,N/A,N/A,,,1
1759293102,eth0,372,Ethernet,IPv4,UDP,N/A,v4,0.0.0.0,255.255.255.255,68,67,N/A,N/A,N/A,N/A,,,1
1759293102,any,374,N/A,IPv4,UDP,N/A,v4,0.0.0.0,255.255.255.255,68,67,N/A,N/A,N/A,N/A,,,1
1759293102,eth2,110,Ethernet,IPv6,ICMP,N/A,v6,fe80::dcac:f9ff:fe59:60,ff02::179,N/A,N/A,N/A,N/A,N/A,N/A,,,1
1759293102,any,112,N/A,IPv6,ICMP,N/A,v6,fe80::f056:abff:fe65:143,ff02::179,N/A,N/A,N/A,N/A,N/A,N/A,,,1
1759293102,eth1,110,Ethernet,IPv6,ICMP,N/A,v6,fe80::f056:abff:fe65:143,ff02::179,N/A,N/A,N/A,N/A,N/A,N/A,,,1
1759293102,eth0,42,Ethernet,N/A,N/A,N/A,N/A,N/A,N/A,N/A,N/A,N/A,N/A,N/A,N/A,,,1
1759293102,eth0,56,Ethernet,N/A,N/A,N/A,N/A,N/A,N/A,N/A,N/A,N/A,N/A,N/A,N/A,,,1
1759293102,eth0,110,Ethernet,IPv6,ICMP,N/A,v6,fe80::e48e:99ff:fe5f:147,ff02::179,N/A,N/A,N/A,N/A,N/A,N/A,,,1
1759293102,eth0,54,Ethernet,IPv4,N/A,N/A,v4,172.30.0.220,224.0.0.22,N/A,N/A,N/A,N/A,N/A,N/A,,,1
1759293102,any,44,ARP,N/A,N/A,N/A,N/A,N/A,N/A,N/A,N/A,1,2048,172.30.0.220,172.30.0.122,,,1
1759293102,any,58,ARP,N/A,N/A,N/A,N/A,N/A,N/A,N/A,N/A,2,2048,172.30.0.122,172.30.0.220,,,1
1759293102,any,112,N/A,IPv6,ICMP,N/A,v6,fe80::e48e:99ff:fe5f:147,ff02::179,N/A,N/A,N/A,N/A,N/A,N/A,,,1
1759293102,eth1,110,Ethernet,IPv6,ICMP,N/A,v6,fe80::780a:a9ff:fee6:89,ff02::179,N/A,N/A,N/A,N/A,N/A,N/A,,,1
1759293102,any,112,N/A,IPv6,ICMP,N/A,v6,fe80::780a:a9ff:fee6:89,ff02::179,N/A,N/A,N/A,N/A,N/A,N/A,,,1
1759293102,eth2,110,Ethernet,IPv6,ICMP,N/A,v6,fe80::dcac:f9ff:fe59:60,ff02::179,N/A,N/A,N/A,N/A,N/A,N/A,,,1
1759293102,any,112,N/A,IPv6,ICMP,N/A,v6,fe80::dcac:f9ff:fe59:60,ff02::179,N/A,N/A,N/A,N/A,N/A,N/A,,,1
1759293102,eth0,90,Ethernet,IPv6,ICMP,N/A,v6,fe80::b0b5:44ff:feea:219,ff02::179,N/A,N/A,N/A,N/A,N/A,N/A,,,1
1759293102,any,92,N/A,IPv6,ICMP,N/A,v6,fe80::b0b5:44ff:feea:219,ff02::179,N/A,N/A,N/A,N/A,N/A,N/A,,,1
1759293102,eth0,70,Ethernet,IPv6,ICMP,N/A,v6,fe80::b0b5:44ff:feea:219,ff02::204,N/A,N/A,N/A,N/A,N/A,N/A,,,1
1759293102,any,72,N/A,IPv6,ICMP,N/A,v6,fe80::780a:a9ff:fee6:89,ff02::204,N/A,N/A,N/A,N/A,N/A,N/A,,,1
1759293102,eth1,70,Ethernet,IPv6,ICMP,N/A,v6,fe80::780a:a9ff:fee6:89,ff02::204,N/A,N/A,N/A,N/A,N/A,N/A,,,1
1759293102,eth0,110,Ethernet,IPv6,ICMP,N/A,v6,fe80::e48e:99ff:fe5f:147,ff02::179,N/A,N/A,N/A,N/A,N/A,N/A,,,1
1759293102,any,112,N/A,IPv6,ICMP,N/A,v6,fe80::e48e:99ff:fe5f:147,ff02::179,N/A,N/A,N/A,N/A,N/A,N/A,,,1
1759293102,eth0,54,Ethernet,IPv4,N/A,N/A,v4,172.30.0.220,224.0.0.22,N/A,N/A,N/A,N/A,N/A,N/A,,,1
1759293102,any,56,N/A,IPv4,N/A,N/A,v4,172.30.0.220,224.0.0.22,N/A,N/A,N/A,N/A,N/A,N/A,,,1
1759293102,eth1,70,Ethernet,IPv6,ICMP,N/A,v6,fe80::f056:abff:fe65:143,ff02::204,N/A,N/A,N/A,N/A,N/A,N/A,,,1
1759293102,any,72,N/A,IPv6,ICMP,N/A,v6,fe80::dcac:f9ff:fe59:60,ff02::204,N/A,N/A,N/A,N/A,N/A,N/A,,,1
1759293102,eth2,70,Ethernet,IPv6,ICMP,N/A,v6,fe80::dcac:f9ff:fe59:60,ff02::204,N/A,N/A,N/A,N/A,N/A,N/A,,,1
1759293102,eth0,70,Ethernet,IPv6,ICMP,N/A,v6,fe80::e48e:99ff:fe5f:147,ff02::204,N/A,N/A,N/A,N/A,N/A,N/A,,,1
1759293102,eth1,110,Ethernet,IPv6,ICMP,N/A,v6,fe80::f056:abff:fe65:143,ff02::179,N/A,N/A,N/A,N/A,N/A,N/A,,,1
1759293102,any,112,N/A,IPv6,ICMP,N/A,v6,fe80::f056:abff:fe65:143,ff02::179,N/A,N/A,N/A,N/A,N/A,N/A,,,1
1759293102,eth0,54,Ethernet,IPv4,N/A,N/A,v4,172.30.0.220,224.0.0.22,N/A,N/A,N/A,N/A,N/A,N/A,,,0
1759293102,eth0,110,Ethernet,IPv6,ICMP,N/A,v6,fe80::5ca9:83ff:fe87:27,ff02::179,N/A,N/A,N/A,N/A,N/A,N/A,,,0
1759293102,any,112,N/A,IPv6,ICMP,N/A,v6,fe80::5ca9:83ff:fe87:27,ff02::179,N/A,N/A,N/A,N/A,N/A,N/A,,,0
1759293102,eth1,70,Ethernet,IPv6,ICMP,N/A,v6,fe80::a824:52ff:fe4f:69,ff02::204,N/A,N/A,N/A,N/A,N/A,N/A,,,0
1759293102,any,72,N/A,IPv6,ICMP,N/A,v6,fe80::a824:52ff:fe4f:69,ff02::204,N/A,N/A,N/A,N/A,N/A,N/A,,,0
1759293102,eth0,70,Ethernet,IPv6,ICMP,N/A,v6,fe80::5ca9:83ff:fe87:27,ff02::204,N/A,N/A,N/A,N/A,N/A,N/A,,,0
1759293102,any,72,N/A,IPv6,ICMP,N/A,v6,fe80::5ca9:83ff:fe87:27,ff02::204,N/A,N/A,N/A,N/A,N/A,N/A,,,0
1759293102,eth0,107,Ethernet,N/A,N/A,N/A,N/A,N/A,N/A,N/A,N/A,N/A,N/A,N/A,N/A,,,0
1759293102,any,109,N/A,N/A,N/A,N/A,N/A,N/A,N/A,N/A,N/A,N/A,N/A,N/A,N/A,,,0
1759293103,eth0,111,Ethernet,N/A,N/A,N/A,N/A,N/A,N/A,N/A,N/A,N/A,N/A,N/A,N/A,,,1
1759293103,any,113,N/A,N/A,N/A,N/A,N/A,N/A,N/A,N/A,N/A,N/A,N/A,N/A,N/A,,,1
1759293103,eth0,70,Ethernet,IPv6,ICMP,N/A,v6,fe80::ecf9:eff:fefb:55,ff02::204,N/A,N/A,N/A,N/A,N/A,N/A,,,1
1759293103,any,72,N/A,IPv6,ICMP,N/A,v6,fe80::ecf9:eff:fefb:55,ff02::204,N/A,N/A,N/A,N/A,N/A,N/A,,,1
1759293104,eth0,111,Ethernet,N/A,N/A,N/A,N/A,N/A,N/A,N/A,N/A,N/A,N/A,N/A,N/A,,,1
1759293104,any,113,N/A,N/A,N/A,N/A,N/A,N/A,N/A,N/A,N/A,N/A,N/A,N/A,N/A,,,1
1759293104,eth1,70,Ethernet,IPv6,ICMP,N/A,v6,fe80::103b:bdff:fef0:169,ff02::204,N/A,N/A,N/A,N/A,N/A,N/A,,,1
1759293104,any,72,N/A,IPv6,ICMP,N/A,v6,fe80::103b:bdff:fef0:169,ff02::204,N/A,N/A,N/A,N/A,N/A,N/A,,,1
1759293104,eth0,90,Ethernet,IPv6,ICMP,N/A,v6,fe80::ecf9:eff:fefb:55,ff02::179,N/A,N/A,N/A,N/A,N/A,N/A,,,1
1759293104,eth0,56,Ethernet,IPv4,N/A,N/A,v4,172.30.0.89,224.0.0.22,N/A,N/A,N/A,N/A,N/A,N/A,,,1
1759293104,any,92,N/A,IPv6,ICMP,N/A,v6,fe80::ecf9:eff:fefb:55,ff02::179,N/A,N/A,N/A,N/A,N/A,N/A,,,1
1759293104,eth0,87,Ethernet,IPv6,UDP,N/A,v6,fe80::ecf9:eff:fefb:55,ff02::1:52,5355,5355,N/A,N/A,N/A,N/A,,,1
1759293104,any,89,N/A,IPv6,UDP,N/A,v6,fe80::ecf9:eff:fefb:55,ff02::1:52,5355,5355,N/A,N/A,N/A,N/A,,,1
1759293104,eth0,356,Ethernet,IPv4,UDP,N/A,v4,0.0.0.0,255.255.255.255,68,67,N/A,N/A,N/A,N/A,,,1
1759293104,any,358,N/A,IPv4,UDP,N/A,v4,0.0.0.0,255.255.255.255,68,67,N/A,N/A,N/A,N/A,,,1
1759293104,eth0,368,Ethernet,IPv4,UDP,N/A,v4,0.0.0.0,255.255.255.255,68,67,N/A,N/A,N/A,N/A,,,1
1759293104,any,370,N/A,IPv4,UDP,N/A,v4,0.0.0.0,255.255.255.255,68,67,N/A,N/A,N/A,N/A,,,1
1759293104,eth1,110,Ethernet,IPv6,ICMP,N/A,v6,fe80::103b:bdff:fef0:169,ff02::179,N/A,N/A,N/A,N/A,N/A,N/A,,,1
1759293104,any,112,N/A,IPv6,ICMP,N/A,v6,fe80::103b:bdff:fef0:169,ff02::179,N/A,N/A,N/A,N/A,N/A,N/A,,,1
1759293104,eth0,110,Ethernet,IPv6,ICMP,N/A,v6,fe80::ecf9:eff:fefb:55,ff02::179,N/A,N/A,N/A,N/A,N/A,N/A,,,1
1759293104,eth0,56,Ethernet,IPv4,N/A,N/A,v4,172.30.0.89,224.0.0.22,N/A,N/A,N/A,N/A,N/A,N/A,,,1
1759293104,any,112,N/A,IPv6,ICMP,N/A,v6,fe80::ecf9:eff:fefb:55,ff02::179,N/A,N/A,N/A,N/A,N/A,N/A,,,1
1759293104,any,58,N/A,IPv4,N/A,N/A,v4,172.30.0.89,224.0.0.22,N/A,N/A,N/A,N/A,N/A,N/A,,,1
1759293104,eth0,56,Ethernet,N/A,N/A,N/A,N/A,N/A,N/A,N/A,N/A,N/A,N/A,N/A,N/A,,,1
1759293104,any,58,ARP,N/A,N/A,N/A,N/A,N/A,N/A,N/A,N/A,1,2048,172.30.0.89,172.30.0.122,,,1
1759293104,eth1,110,Ethernet,IPv6,ICMP,N/A,v6,fe80::103b:bdff:fef0:169,ff02::179,N/A,N/A,N/A,N/A,N/A,N/A,,,1
1759293104,any,112,N/A,IPv6,ICMP,N/A,v6,fe80::103b:bdff:fef0:169,ff02::179,N/A,N/A,N/A,N/A,N/A,N/A,,,1
1759293104,eth0,70,Ethernet,IPv6,ICMP,N/A,v6,fe80::24f1:23ff:fe29:66,ff02::204,N/A,N/A,N/A,N/A,N/A,N/A,,,1
1759293104,any,72,N/A,IPv6,ICMP,N/A,v6,fe80::24f1:23ff:fe29:66,ff02::204,N/A,N/A,N/A,N/A,N/A,N/A,,,1
1759293104,eth0,107,Ethernet,N/A,N/A,N/A,N/A,N/A,N/A,N/A,N/A,N/A,N/A,N/A,N/A,,,0
1759293104,any,109,N/A,N/A,N/A,N/A,N/A,N/A,N/A,N/A,N/A,N/A,N/A,N/A,N/A,,,0
1759293105,eth1,70,Ethernet,IPv6,ICMP,N/A,v6,fe80::7827:e3ff:fe68:239,ff02::204,N/A,N/A,N/A,N/A,N/A,N/A,,,1
1759293105,any,72,N/A,IPv6,ICMP,N/A,v6,fe80::7827:e3ff:fe68:239,ff02::204,N/A,N/A,N/A,N/A,N/A,N/A,,,1
1759293105,eth0,90,Ethernet,IPv6,ICMP,N/A,v6,fe80::b0b5:44ff:feea:219,ff02::179,N/A,N/A,N/A,N/A,N/A,N/A,,,1
1759293105,eth0,54,Ethernet,IPv4,N/A,N/A,v4,172.30.0.163,224.0.0.22,N/A,N/A,N/A,N/A,N/A,N/A,,,1
1759293105,any,92,N/A,IPv6,ICMP,N/A,v6,fe80::b0b5:44ff:feea:219,ff02::179,N/A,N/A,N/A,N/A,N/A,N/A,,,1
1759293105,eth0,68,Ethernet,IPv4,UDP,N/A,v4,172.30.0.163,224.0.0.252,5355,5355,N/A,N/A,N/A,N/A,,,1
1759293105,eth0,88,Ethernet,IPv6,UDP,N/A,v6,fe80::b0b5:44ff:feea:219,ff02::1:52,5355,5355,N/A,N/A,N/A,N/A,,,1
1759293105,any,70,N/A,IPv4,UDP,N/A,v4,172.30.0.163,224.0.0.252,5355,5355,N/A,N/A,N/A,N/A,,,1
1759293105,eth0,357,Ethernet,IPv4,UDP,N/A,v4,0.0.0.0,255.255.255.255,68,67,N/A,N/A,N/A,N/A,,,1
1759293105,any,359,N/A,IPv4,UDP,N/A,v4,0.0.0.0,255.255.255.255,68,67,N/A,N/A,N/A,N/A,,,1
1759293105,eth0,369,Ethernet,IPv4,UDP,N/A,v4,0.0.0.0,255.255.255.255,68,67,N/A,N/A,N/A,N/A,,,1
1759293105,any,371,N/A,IPv4,UDP,N/A,v4,0.0.0.0,255.255.255.255,68,67,N/A,N/A,N/A,N/A,,,1
1759293105,eth1,110,Ethernet,IPv6,ICMP,N/A,v6,fe80::780a:a9ff:fee6:89,ff02::179,N/A,N/A,N/A,N/A,N/A,N/A,,,1
1759293105,any,112,N/A,IPv6,ICMP,N/A,v6,fe80::780a:a9ff:fee6:89,ff02::179,N/A,N/A,N/A,N/A,N/A,N/A,,,1
1759293105,eth0,110,Ethernet,IPv6,ICMP,N/A,v6,fe80::b0b5:44ff:feea:219,ff02::179,N/A,N/A,N/A,N/A,N/A,N/A,,,1
1759293105,eth0,54,Ethernet,IPv4,N/A,N/A,v4,172.30.0.163,224.0.0.22,N/A,N/A,N/A,N/A,N/A,N/A,,,1
1759293105,any,112,N/A,IPv6,ICMP,N/A,v6,fe80::b0b5:44ff:feea:219,ff02::179,N/A,N/A,N/A,N/A,N/A,N/A,,,1
1759293105,eth0,90,Ethernet,IPv6,ICMP,N/A,v6,fe80::24f1:23ff:fe29:66,ff02::179,N/A,N/A,N/A,N/A,N/A,N/A,,,1
1759293105,eth0,54,Ethernet,IPv4,N/A,N/A,v4,172.30.0.23,224.0.0.22,N/A,N/A,N/A,N/A,N/A,N/A,,,1
1759293105,any,92,N/A,IPv6,ICMP,N/A,v6,fe80::24f1:23ff:fe29:66,ff02::179,N/A,N/A,N/A,N/A,N/A,N/A,,,1
1759293105,eth0,87,Ethernet,IPv6,UDP,N/A,v6,fe80::24f1:23ff:fe29:66,ff02::1:52,5355,5355,N/A,N/A,N/A,N/A,,,1
1759293105,any,89,N/A,IPv6,UDP,N/A,v6,fe80::24f1:23ff:fe29:66,ff02::1:52,5355,5355,N/A,N/A,N/A,N/A,,,1
1759293105,eth0,356,Ethernet,IPv4,UDP,N/A,v4,0.0.0.0,255.255.255.255,68,67,N/A,N/A,N/A,N/A,,,1
1759293105,any,358,N/A,IPv4,UDP,N/A,v4,0.0.0.0,255.255.255.255,68,67,N/A,N/A,N/A,N/A,,,1
1759293105,eth0,368,Ethernet,IPv4,UDP,N/A,v4,0.0.0.0,255.255.255.255,68,67,N/A,N/A,N/A,N/A,,,1
1759293105,eth0,42,Ethernet,N/A,N/A,N/A,N/A,N/A,N/A,N/A,N/A,N/A,N/A,N/A,N/A,,,1
1759293105,any,370,N/A,IPv4,UDP,N/A,v4,0.0.0.0,255.255.255.255,68,67,N/A,N/A,N/A,N/A,,,1
1759293105,eth1,110,Ethernet,IPv6,ICMP,N/A,v6,fe80::7827:e3ff:fe68:239,ff02::179,N/A,N/A,N/A,N/A,N/A,N/A,,,1
1759293105,any,112,N/A,IPv6,ICMP,N/A,v6,fe80::7827:e3ff:fe68:239,ff02::179,N/A,N/A,N/A,N/A,N/A,N/A,,,1
1759293105,eth0,54,Ethernet,IPv4,N/A,N/A,v4,172.30.0.23,224.0.0.22,N/A,N/A,N/A,N/A,N/A,N/A,,,1
1759293105,any,56,N/A,IPv4,N/A,N/A,v4,172.30.0.23,224.0.0.22,N/A,N/A,N/A,N/A,N/A,N/A,,,1
1759293105,eth0,110,Ethernet,IPv6,ICMP,N/A,v6,fe80::24f1:23ff:fe29:66,ff02::179,N/A,N/A,N/A,N/A,N/A,N/A,,,1
1759293105,any,112,N/A,IPv6,ICMP,N/A,v6,fe80::24f1:23ff:fe29:66,ff02::179,N/A,N/A,N/A,N/A,N/A,N/A,,,1
1759293105,eth0,42,Ethernet,N/A,N/A,N/A,N/A,N/A,N/A,N/A,N/A,N/A,N/A,N/A,N/A,,,1
1759293105,any,44,ARP,N/A,N/A,N/A,N/A,N/A,N/A,N/A,N/A,1,2048,172.30.0.23,172.30.0.122,,,1
1759293105,eth0,110,Ethernet,IPv6,ICMP,N/A,v6,fe80::ecf9:eff:fefb:55,ff02::179,N/A,N/A,N/A,N/A,N/A,N/A,,,1
1759293105,any,112,N/A,IPv6,ICMP,N/A,v6,fe80::ecf9:eff:fefb:55,ff02::179,N/A,N/A,N/A,N/A,N/A,N/A,,,1
1759293105,eth0,56,Ethernet,IPv4,N/A,N/A,v4,172.30.0.89,224.0.0.22,N/A,N/A,N/A,N/A,N/A,N/A,,,1
1759293105,any,58,N/A,IPv4,N/A,N/A,v4,172.30.0.89,224.0.0.22,N/A,N/A,N/A,N/A,N/A,N/A,,,1
1759293105,eth0,54,Ethernet,IPv4,N/A,N/A,v4,172.30.0.163,224.0.0.22,N/A,N/A,N/A,N/A,N/A,N/A,,,1
1759293105,any,56,N/A,IPv4,N/A,N/A,v4,172.30.0.163,224.0.0.22,N/A,N/A,N/A,N/A,N/A,N/A,,,1
1759293105,eth0,111,Ethernet,N/A,N/A,N/A,N/A,N/A,N/A,N/A,N/A,N/A,N/A,N/A,N/A,,,1
1759293105,any,113,N/A,N/A,N/A,N/A,N/A,N/A,N/A,N/A,N/A,N/A,N/A,N/A,N/A,,,1
1759293105,eth1,70,Ethernet,IPv6,ICMP,N/A,v6,fe80::103b:bdff:fef0:169,ff02::204,N/A,N/A,N/A,N/A,N/A,N/A,,,1
1759293105,any,72,N/A,IPv6,ICMP,N/A,v6,fe80::ecf9:eff:fefb:55,ff02::204,N/A,N/A,N/A,N/A,N/A,N/A,,,1
1759293105,eth0,107,Ethernet,N/A,N/A,N/A,N/A,N/A,N/A,N/A,N/A,N/A,N/A,N/A,N/A,,,0
1759293105,any,109,N/A,N/A,N/A,N/A,N/A,N/A,N/A,N/A,N/A,N/A,N/A,N/A,N/A,,,0
1759293105,any,72,N/A,IPv6,ICMP,N/A,v6,fe80::103b:bdff:fef0:169,ff02::204,N/A,N/A,N/A,N/A,N/A,N/A,,,1
1759293105,eth0,70,Ethernet,IPv6,ICMP,N/A,v6,fe80::ecf9:eff:fefb:55,ff02::204,N/A,N/A,N/A,N/A,N/A,N/A,,,1
1759293105,eth1,110,Ethernet,IPv6,ICMP,N/A,v6,fe80::7827:e3ff:fe68:239,ff02::179,N/A,N/A,N/A,N/A,N/A,N/A,,,1
1759293105,any,112,N/A,IPv6,ICMP,N/A,v6,fe80::7827:e3ff:fe68:239,ff02::179,N/A,N/A,N/A,N/A,N/A,N/A,,,1
1759293105,eth0,110,Ethernet,IPv6,ICMP,N/A,v6,fe80::b0b5:44ff:feea:219,ff02::179,N/A,N/A,N/A,N/A,N/A,N/A,,,1
1759293105,any,112,N/A,IPv6,ICMP,N/A,v6,fe80::b0b5:44ff:feea:219,ff02::179,N/A,N/A,N/A,N/A,N/A,N/A,,,1
1759293105,eth1,110,Ethernet,IPv6,ICMP,N/A,v6,fe80::780a:a9ff:fee6:89,ff02::179,N/A,N/A,N/A,N/A,N/A,N/A,,,1
1759293105,any,112,N/A,IPv6,ICMP,N/A,v6,fe80::780a:a9ff:fee6:89,ff02::179,N/A,N/A,N/A,N/A,N/A,N/A,,,1
1759293105,eth0,110,Ethernet,IPv6,ICMP,N/A,v6,fe80::24f1:23ff:fe29:66,ff02::179,N/A,N/A,N/A,N/A,N/A,N/A,,,1
1759293105,any,112,N/A,IPv6,ICMP,N/A,v6,fe80::24f1:23ff:fe29:66,ff02::179,N/A,N/A,N/A,N/A,N/A,N/A,,,1
1759293106,any,72,N/A,IPv6,ICMP,N/A,v6,fe80::a824:52ff:fe4f:69,ff02::204,N/A,N/A,N/A,N/A,N/A,N/A,,,0
1759293106,eth1,70,Ethernet,IPv6,ICMP,N/A,v6,fe80::a824:52ff:fe4f:69,ff02::204,N/A,N/A,N/A,N/A,N/A,N/A,,,0
1759293106,eth0,107,Ethernet,N/A,N/A,N/A,N/A,N/A,N/A,N/A,N/A,N/A,N/A,N/A,N/A,,,0
1759293106,any,109,N/A,N/A,N/A,N/A,N/A,N/A,N/A,N/A,N/A,N/A,N/A,N/A,N/A,,,0
1759293106,eth0,70,Ethernet,IPv6,ICMP,N/A,v6,fe80::5ca9:83ff:fe87:27,ff02::204,N/A,N/A,N/A,N/A,N/A,N/A,,,0
1759293106,any,72,N/A,IPv6,ICMP,N/A,v6,fe80::5ca9:83ff:fe87:27,ff02::204,N/A,N/A,N/A,N/A,N/A,N/A,,,0
1759293106,eth0,90,Ethernet,IPv6,ICMP,N/A,v6,fe80::5ca9:83ff:fe87:27,ff02::179,N/A,N/A,N/A,N/A,N/A,N/A,,,0
1759293106,eth0,54,Ethernet,IPv4,N/A,N/A,v4,172.30.0.220,224.0.0.22,N/A,N/A,N/A,N/A,N/A,N/A,,,0
1759293106,any,92,N/A,IPv6,ICMP,N/A,v6,fe80::5ca9:83ff:fe87:27,ff02::179,N/A,N/A,N/A,N/A,N/A,N/A,,,0
1759293106,eth0,67,Ethernet,IPv4,UDP,N/A,v4,172.30.0.220,224.0.0.252,5355,5355,N/A,N/A,N/A,N/A,,,0
1759293106,eth0,87,Ethernet,IPv6,UDP,N/A,v6,fe80::5ca9:83ff:fe87:27,ff02::1:52,5355,5355,N/A,N/A,N/A,N/A,,,0
1759293106,any,69,N/A,IPv4,UDP,N/A,v4,172.30.0.220,224.0.0.252,5355,5355,N/A,N/A,N/A,N/A,,,0
1759293106,eth0,54,Ethernet,IPv4,N/A,N/A,v4,172.30.0.23,224.0.0.22,N/A,N/A,N/A,N/A,N/A,N/A,,,1
1759293106,any,56,N/A,IPv4,N/A,N/A,v4,172.30.0.23,224.0.0.22,N/A,N/A,N/A,N/A,N/A,N/A,,,1
1759293106,eth1,70,Ethernet,IPv6,ICMP,N/A,v6,fe80::7827:e3ff:fe68:239,ff02::204,N/A,N/A,N/A,N/A,N/A,N/A,,,1
1759293106,any,72,N/A,IPv6,ICMP,N/A,v6,fe80::24f1:23ff:fe29:66,ff02::204,N/A,N/A,N/A,N/A,N/A,N/A,,,1
1759293106,any,72,N/A,IPv6,ICMP,N/A,v6,fe80::7827:e3ff:fe68:239,ff02::204,N/A,N/A,N/A,N/A,N/A,N/A,,,1
1759293106,eth0,70,Ethernet,IPv6,ICMP,N/A,v6,fe80::24f1:23ff:fe29:66,ff02::204,N/A,N/A,N/A,N/A,N/A,N/A,,,1
1759293106,eth0,70,Ethernet,IPv6,ICMP,N/A,v6,fe80::b0b5:44ff:feea:219,ff02::204,N/A,N/A,N/A,N/A,N/A,N/A,,,1
1759293106,any,72,N/A,IPv6,ICMP,N/A,v6,fe80::b0b5:44ff:feea:219,ff02::204,N/A,N/A,N/A,N/A,N/A,N/A,,,1
1759293106,any,72,N/A,IPv6,ICMP,N/A,v6,fe80::780a:a9ff:fee6:89,ff02::204,N/A,N/A,N/A,N/A,N/A,N/A,,,1
1759293106,eth1,70,Ethernet,IPv6,ICMP,N/A,v6,fe80::780a:a9ff:fee6:89,ff02::204,N/A,N/A,N/A,N/A,N/A,N/A,,,1
1759293106,eth0,111,Ethernet,N/A,N/A,N/A,N/A,N/A,N/A,N/A,N/A,N/A,N/A,N/A,N/A,,,1
1759293106,any,113,N/A,N/A,N/A,N/A,N/A,N/A,N/A,N/A,N/A,N/A,N/A,N/A,N/A,,,1
1759293106,any,72,N/A,IPv6,ICMP,N/A,v6,fe80::f056:abff:fe65:143,ff02::204,N/A,N/A,N/A,N/A,N/A,N/A,,,1
1759293106,eth1,70,Ethernet,IPv6,ICMP,N/A,v6,fe80::f056:abff:fe65:143,ff02::204,N/A,N/A,N/A,N/A,N/A,N/A,,,1
1759293106,eth0,70,Ethernet,IPv6,ICMP,N/A,v6,fe80::e48e:99ff:fe5f:147,ff02::204,N/A,N/A,N/A,N/A,N/A,N/A,,,1
1759293106,eth0,356,Ethernet,IPv4,UDP,N/A,v4,0.0.0.0,255.255.255.255,68,67,N/A,N/A,N/A,N/A,,,0
1759293106,any,358,N/A,IPv4,UDP,N/A,v4,0.0.0.0,255.255.255.255,68,67,N/A,N/A,N/A,N/A,,,0
1759293106,eth0,368,Ethernet,IPv4,UDP,N/A,v4,0.0.0.0,255.255.255.255,68,67,N/A,N/A,N/A,N/A,,,0
1759293106,any,370,N/A,IPv4,UDP,N/A,v4,0.0.0.0,255.255.255.255,68,67,N/A,N/A,N/A,N/A,,,0
1759293106,eth1,110,Ethernet,IPv6,ICMP,N/A,v6,fe80::a824:52ff:fe4f:69,ff02::179,N/A,N/A,N/A,N/A,N/A,N/A,,,0
1759293106,any,112,N/A,IPv6,ICMP,N/A,v6,fe80::a824:52ff:fe4f:69,ff02::179,N/A,N/A,N/A,N/A,N/A,N/A,,,0
1759293106,eth0,54,Ethernet,IPv4,N/A,N/A,v4,172.30.0.220,224.0.0.22,N/A,N/A,N/A,N/A,N/A,N/A,,,0
1759293106,any,56,N/A,IPv4,N/A,N/A,v4,172.30.0.220,224.0.0.22,N/A,N/A,N/A,N/A,N/A,N/A,,,0
1759293106,eth0,110,Ethernet,IPv6,ICMP,N/A,v6,fe80::5ca9:83ff:fe87:27,ff02::179,N/A,N/A,N/A,N/A,N/A,N/A,,,0
1759293106,any,112,N/A,IPv6,ICMP,N/A,v6,fe80::5ca9:83ff:fe87:27,ff02::179,N/A,N/A,N/A,N/A,N/A,N/A,,,0
1759293106,eth0,42,Ethernet,N/A,N/A,N/A,N/A,N/A,N/A,N/A,N/A,N/A,N/A,N/A,N/A,,,0
1759293106,eth0,56,Ethernet,N/A,N/A,N/A,N/A,N/A,N/A,N/A,N/A,N/A,N/A,N/A,N/A,,,0
1759293106,eth0,56,Ethernet,N/A,N/A,N/A,N/A,N/A,N/A,N/A,N/A,N/A,N/A,N/A,N/A,,,0
1759293106,any,44,ARP,N/A,N/A,N/A,N/A,N/A,N/A,N/A,N/A,1,2048,172.30.0.220,172.30.0.122,,,0
1759293106,any,58,ARP,N/A,N/A,N/A,N/A,N/A,N/A,N/A,N/A,2,2048,172.30.0.122,172.30.0.220,,,0
1759293106,any,112,N/A,IPv6,ICMP,N/A,v6,fe80::a824:52ff:fe4f:69,ff02::179,N/A,N/A,N/A,N/A,N/A,N/A,,,0
1759293106,eth1,110,Ethernet,IPv6,ICMP,N/A,v6,fe80::a824:52ff:fe4f:69,ff02::179,N/A,N/A,N/A,N/A,N/A,N/A,,,0
1759293106,any,72,N/A,IPv6,ICMP,N/A,v6,fe80::e48e:99ff:fe5f:147,ff02::204,N/A,N/A,N/A,N/A,N/A,N/A,,,1
1759293106,eth2,70,Ethernet,IPv6,ICMP,N/A,v6,fe80::dcac:f9ff:fe59:60,ff02::204,N/A,N/A,N/A,N/A,N/A,N/A,,,1
1759293106,any,72,N/A,IPv6,ICMP,N/A,v6,fe80::dcac:f9ff:fe59:60,ff02::204,N/A,N/A,N/A,N/A,N/A,N/A,,,1
1759293107,any,56,N/A,IPv4,N/A,N/A,v4,172.30.0.220,224.0.0.22,N/A,N/A,N/A,N/A,N/A,N/A,,,0
1759293107,eth0,54,Ethernet,IPv4,N/A,N/A,v4,172.30.0.220,224.0.0.22,N/A,N/A,N/A,N/A,N/A,N/A,,,0
1759293107,eth0,110,Ethernet,IPv6,ICMP,N/A,v6,fe80::5ca9:83ff:fe87:27,ff02::179,N/A,N/A,N/A,N/A,N/A,N/A,,,0
1759293107,any,112,N/A,IPv6,ICMP,N/A,v6,fe80::5ca9:83ff:fe87:27,ff02::179,N/A,N/A,N/A,N/A,N/A,N/A,,,0
1759293107,any,72,N/A,IPv6,ICMP,N/A,v6,fe80::a824:52ff:fe4f:69,ff02::204,N/A,N/A,N/A,N/A,N/A,N/A,,,0
1759293107,eth1,70,Ethernet,IPv6,ICMP,N/A,v6,fe80::a824:52ff:fe4f:69,ff02::204,N/A,N/A,N/A,N/A,N/A,N/A,,,0
1759293107,eth0,70,Ethernet,IPv6,ICMP,N/A,v6,fe80::5ca9:83ff:fe87:27,ff02::204,N/A,N/A,N/A,N/A,N/A,N/A,,,0
1759293107,eth0,107,Ethernet,N/A,N/A,N/A,N/A,N/A,N/A,N/A,N/A,N/A,N/A,N/A,N/A,,,0
1759293107,eth0,90,Ethernet,IPv6,ICMP,N/A,v6,fe80::e48e:99ff:fe5f:147,ff02::179,N/A,N/A,N/A,N/A,N/A,N/A,,,1
1759293107,eth0,54,Ethernet,IPv4,N/A,N/A,v4,172.30.0.220,224.0.0.22,N/A,N/A,N/A,N/A,N/A,N/A,,,1
1759293107,any,92,N/A,IPv6,ICMP,N/A,v6,fe80::e48e:99ff:fe5f:147,ff02::179,N/A,N/A,N/A,N/A,N/A,N/A,,,1
1759293107,eth0,71,Ethernet,IPv4,UDP,N/A,v4,172.30.0.220,224.0.0.252,5355,5355,N/A,N/A,N/A,N/A,,,1
1759293107,eth0,91,Ethernet,IPv6,UDP,N/A,v6,fe80::e48e:99ff:fe5f:147,ff02::1:52,5355,5355,N/A,N/A,N/A,N/A,,,1
1759293107,any,73,N/A,IPv4,UDP,N/A,v4,172.30.0.220,224.0.0.252,5355,5355,N/A,N/A,N/A,N/A,,,1
1759293107,eth2,110,Ethernet,IPv6,ICMP,N/A,v6,fe80::dcac:f9ff:fe59:60,ff02::179,N/A,N/A,N/A,N/A,N/A,N/A,,,1
1759293107,any,112,N/A,IPv6,ICMP,N/A,v6,fe80::dcac:f9ff:fe59:60,ff02::179,N/A,N/A,N/A,N/A,N/A,N/A,,,1
1759293107,eth0,360,Ethernet,IPv4,UDP,N/A,v4,0.0.0.0,255.255.255.255,68,67,N/A,N/A,N/A,N/A,,,1
1759293107,any,362,N/A,IPv4,UDP,N/A,v4,0.0.0.0,255.255.255.255,68,67,N/A,N/A,N/A,N/A,,,1
1759293107,eth0,372,Ethernet,IPv4,UDP,N/A,v4,0.0.0.0,255.255.255.255,68,67,N/A,N/A,N/A,N/A,,,1
1759293107,any,374,N/A,IPv4,UDP,N/A,v4,0.0.0.0,255.255.255.255,68,67,N/A,N/A,N/A,N/A,,,1
1759293107,any,112,N/A,IPv6,ICMP,N/A,v6,fe80::e48e:99ff:fe5f:147,ff02::179,N/A,N/A,N/A,N/A,N/A,N/A,,,1
1759293107,eth1,110,Ethernet,IPv6,ICMP,N/A,v6,fe80::f056:abff:fe65:143,ff02::179,N/A,N/A,N/A,N/A,N/A,N/A,,,1
1759293107,eth0,110,Ethernet,IPv6,ICMP,N/A,v6,fe80::e48e:99ff:fe5f:147,ff02::179,N/A,N/A,N/A,N/A,N/A,N/A,,,1
1759293107,eth0,110,Ethernet,IPv6,ICMP,N/A,v6,fe80::e48e:99ff:fe5f:147,ff02::179,N/A,N/A,N/A,N/A,N/A,N/A,,,1
1759293107,eth0,54,Ethernet,IPv4,N/A,N/A,v4,172.30.0.220,224.0.0.22,N/A,N/A,N/A,N/A,N/A,N/A,,,1
1759293107,any,112,N/A,IPv6,ICMP,N/A,v6,fe80::e48e:99ff:fe5f:147,ff02::179,N/A,N/A,N/A,N/A,N/A,N/A,,,1
1759293107,eth0,42,Ethernet,N/A,N/A,N/A,N/A,N/A,N/A,N/A,N/A,N/A,N/A,N/A,N/A,,,1
1759293107,eth0,56,Ethernet,N/A,N/A,N/A,N/A,N/A,N/A,N/A,N/A,N/A,N/A,N/A,N/A,,,1
1759293107,eth0,56,Ethernet,N/A,N/A,N/A,N/A,N/A,N/A,N/A,N/A,N/A,N/A,N/A,N/A,,,1
1759293107,any,44,ARP,N/A,N/A,N/A,N/A,N/A,N/A,N/A,N/A,1,2048,172.30.0.220,172.30.0.122,,,1
1759293107,any,58,ARP,N/A,N/A,N/A,N/A,N/A,N/A,N/A,N/A,2,2048,172.30.0.122,172.30.0.220,,,1
1759293107,eth1,110,Ethernet,IPv6,ICMP,N/A,v6,fe80::f056:abff:fe65:143,ff02::179,N/A,N/A,N/A,N/A,N/A,N/A,,,1
1759293107,any,112,N/A,IPv6,ICMP,N/A,v6,fe80::f056:abff:fe65:143,ff02::179,N/A,N/A,N/A,N/A,N/A,N/A,,,1
1759293107,eth0,54,Ethernet,IPv4,N/A,N/A,v4,172.30.0.220,224.0.0.22,N/A,N/A,N/A,N/A,N/A,N/A,,,1
1759293107,any,56,N/A,IPv4,N/A,N/A,v4,172.30.0.220,224.0.0.22,N/A,N/A,N/A,N/A,N/A,N/A,,,1
1759293107,eth0,90,Ethernet,IPv6,ICMP,N/A,v6,fe80::24f1:23ff:fe29:66,ff02::179,N/A,N/A,N/A,N/A,N/A,N/A,,,1
1759293107,eth0,54,Ethernet,IPv4,N/A,N/A,v4,172.30.0.23,224.0.0.22,N/A,N/A,N/A,N/A,N/A,N/A,,,1
1759293107,any,92,N/A,IPv6,ICMP,N/A,v6,fe80::24f1:23ff:fe29:66,ff02::179,N/A,N/A,N/A,N/A,N/A,N/A,,,1
1759293107,eth0,356,Ethernet,IPv4,UDP,N/A,v4,0.0.0.0,255.255.255.255,68,67,N/A,N/A,N/A,N/A,,,1
1759293107,any,358,N/A,IPv4,UDP,N/A,v4,0.0.0.0,255.255.255.255,68,67,N/A,N/A,N/A,N/A,,,1
1759293107,eth0,368,Ethernet,IPv4,UDP,N/A,v4,0.0.0.0,255.255.255.255,68,67,N/A,N/A,N/A,N/A,,,1
1759293107,any,370,N/A,IPv4,UDP,N/A,v4,0.0.0.0,255.255.255.255,68,67,N/A,N/A,N/A,N/A,,,1
1759293107,eth1,110,Ethernet,IPv6,ICMP,N/A,v6,fe80::7827:e3ff:fe68:239,ff02::179,N/A,N/A,N/A,N/A,N/A,N/A,,,1
1759293107,any,44,ARP,N/A,N/A,N/A,N/A,N/A,N/A,N/A,N/A,1,2048,172.30.0.23,172.30.0.122,,,1
1759293107,any,112,N/A,IPv6,ICMP,N/A,v6,fe80::7827:e3ff:fe68:239,ff02::179,N/A,N/A,N/A,N/A,N/A,N/A,,,1
1759293107,eth0,42,Ethernet,N/A,N/A,N/A,N/A,N/A,N/A,N/A,N/A,N/A,N/A,N/A,N/A,,,1
1759293107,eth0,110,Ethernet,IPv6,ICMP,N/A,v6,fe80::24f1:23ff:fe29:66,ff02::179,N/A,N/A,N/A,N/A,N/A,N/A,,,1
1759293107,eth0,54,Ethernet,IPv4,N/A,N/A,v4,172.30.0.23,224.0.0.22,N/A,N/A,N/A,N/A,N/A,N/A,,,1
1759293107,any,112,N/A,IPv6,ICMP,N/A,v6,fe80::24f1:23ff:fe29:66,ff02::179,N/A,N/A,N/A,N/A,N/A,N/A,,,1
1759293107,eth0,110,Ethernet,IPv6,ICMP,N/A,v6,fe80::24f1:23ff:fe29:66,ff02::179,N/A,N/A,N/A,N/A,N/A,N/A,,,1
1759293107,any,112,N/A,IPv6,ICMP,N/A,v6,fe80::24f1:23ff:fe29:66,ff02::179,N/A,N/A,N/A,N/A,N/A,N/A,,,1
1759293107,eth2,110,Ethernet,IPv6,ICMP,N/A,v6,fe80::dcac:f9ff:fe59:60,ff02::179,N/A,N/A,N/A,N/A,N/A,N/A,,,1
1759293107,any,112,N/A,IPv6,ICMP,N/A,v6,fe80::dcac:f9ff:fe59:60,ff02::179,N/A,N/A,N/A,N/A,N/A,N/A,,,1
1759293107,any,109,N/A,N/A,N/A,N/A,N/A,N/A,N/A,N/A,N/A,N/A,N/A,N/A,N/A,,,0
1759293108,eth1,70,Ethernet,IPv6,ICMP,N/A,v6,fe80::7827:e3ff:fe68:239,ff02::204,N/A,N/A,N/A,N/A,N/A,N/A,,,1
1759293108,any,72,N/A,IPv6,ICMP,N/A,v6,fe80::24f1:23ff:fe29:66,ff02::204,N/A,N/A,N/A,N/A,N/A,N/A,,,1
1759293108,any,72,N/A,IPv6,ICMP,N/A,v6,fe80::7827:e3ff:fe68:239,ff02::204,N/A,N/A,N/A,N/A,N/A,N/A,,,1
1759293108,eth0,70,Ethernet,IPv6,ICMP,N/A,v6,fe80::24f1:23ff:fe29:66,ff02::204,N/A,N/A,N/A,N/A,N/A,N/A,,,1
1759293108,eth1,110,Ethernet,IPv6,ICMP,N/A,v6,fe80::7827:e3ff:fe68:239,ff02::179,N/A,N/A,N/A,N/A,N/A,N/A,,,1
1759293108,any,112,N/A,IPv6,ICMP,N/A,v6,fe80::7827:e3ff:fe68:239,ff02::179,N/A,N/A,N/A,N/A,N/A,N/A,,,1
1759293108,eth2,70,Ethernet,IPv6,ICMP,N/A,v6,fe80::dcac:f9ff:fe59:60,ff02::204,N/A,N/A,N/A,N/A,N/A,N/A,,,1
1759293108,any,72,N/A,IPv6,ICMP,N/A,v6,fe80::dcac:f9ff:fe59:60,ff02::204,N/A,N/A,N/A,N/A,N/A,N/A,,,1
1759293108,eth1,70,Ethernet,IPv6,ICMP,N/A,v6,fe80::f056:abff:fe65:143,ff02::204,N/A,N/A,N/A,N/A,N/A,N/A,,,1
1759293108,any,113,N/A,N/A,N/A,N/A,N/A,N/A,N/A,N/A,N/A,N/A,N/A,N/A,N/A,,,1
1759293108,eth0,111,Ethernet,N/A,N/A,N/A,N/A,N/A,N/A,N/A,N/A,N/A,N/A,N/A,N/A,,,1
1759293108,eth0,70,Ethernet,IPv6,ICMP,N/A,v6,fe80::e48e:99ff:fe5f:147,ff02::204,N/A,N/A,N/A,N/A,N/A,N/A,,,1
1759293108,eth0,90,Ethernet,IPv6,ICMP,N/A,v6,fe80::e48e:99ff:fe5f:147,ff02::179,N/A,N/A,N/A,N/A,N/A,N/A,,,1
1759293108,any,92,N/A,IPv6,ICMP,N/A,v6,fe80::e48e:99ff:fe5f:147,ff02::179,N/A,N/A,N/A,N/A,N/A,N/A,,,1
1759293108,eth0,54,Ethernet,IPv4,N/A,N/A,v4,172.30.0.23,224.0.0.22,N/A,N/A,N/A,N/A,N/A,N/A,,,1
1759293108,any,56,N/A,IPv4,N/A,N/A,v4,172.30.0.23,224.0.0.22,N/A,N/A,N/A,N/A,N/A,N/A,,,1
1759293108,eth0,90,Ethernet,IPv6,ICMP,N/A,v6,fe80::ecf9:eff:fefb:55,ff02::179,N/A,N/A,N/A,N/A,N/A,N/A,,,1
1759293108,eth0,56,Ethernet,IPv4,N/A,N/A,v4,172.30.0.89,224.0.0.22,N/A,N/A,N/A,N/A,N/A,N/A,,,1
1759293108,any,92,N/A,IPv6,ICMP,N/A,v6,fe80::ecf9:eff:fefb:55,ff02::179,N/A,N/A,N/A,N/A,N/A,N/A,,,1
1759293108,eth0,356,Ethernet,IPv4,UDP,N/A,v4,0.0.0.0,255.255.255.255,68,67,N/A,N/A,N/A,N/A,,,1
1759293108,any,358,N/A,IPv4,UDP,N/A,v4,0.0.0.0,255.255.255.255,68,67,N/A,N/A,N/A,N/A,,,1
1759293108,eth0,368,Ethernet,IPv4,UDP,N/A,v4,0.0.0.0,255.255.255.255,68,67,N/A,N/A,N/A,N/A,,,1
1759293108,any,370,N/A,IPv4,UDP,N/A,v4,0.0.0.0,255.255.255.255,68,67,N/A,N/A,N/A,N/A,,,1
1759293108,eth1,110,Ethernet,IPv6,ICMP,N/A,v6,fe80::103b:bdff:fef0:169,ff02::179,N/A,N/A,N/A,N/A,N/A,N/A,,,1
1759293108,any,112,N/A,IPv6,ICMP,N/A,v6,fe80::103b:bdff:fef0:169,ff02::179,N/A,N/A,N/A,N/A,N/A,N/A,,,1
1759293108,eth0,56,Ethernet,IPv4,N/A,N/A,v4,172.30.0.89,224.0.0.22,N/A,N/A,N/A,N/A,N/A,N/A,,,1
1759293108,eth0,110,Ethernet,IPv6,ICMP,N/A,v6,fe80::ecf9:eff:fefb:55,ff02::179,N/A,N/A,N/A,N/A,N/A,N/A,,,1
1759293108,any,58,N/A,IPv4,N/A,N/A,v4,172.30.0.89,224.0.0.22,N/A,N/A,N/A,N/A,N/A,N/A,,,1
1759293108,any,112,N/A,IPv6,ICMP,N/A,v6,fe80::ecf9:eff:fefb:55,ff02::179,N/A,N/A,N/A,N/A,N/A,N/A,,,1
1759293109,eth0,56,Ethernet,N/A,N/A,N/A,N/A,N/A,N/A,N/A,N/A,N/A,N/A,N/A,N/A,,,1
1759293109,any,58,ARP,N/A,N/A,N/A,N/A,N/A,N/A,N/A,N/A,1,2048,172.30.0.89,172.30.0.122,,,1
1759293109,eth0,70,Ethernet,IPv6,ICMP,N/A,v6,fe80::ecf9:eff:fefb:55,ff02::204,N/A,N/A,N/A,N/A,N/A,N/A,,,1
1759293109,any,72,N/A,IPv6,ICMP,N/A,v6,fe80::ecf9:eff:fefb:55,ff02::204,N/A,N/A,N/A,N/A,N/A,N/A,,,1
1759293109,eth1,70,Ethernet,IPv6,ICMP,N/A,v6,fe80::103b:bdff:fef0:169,ff02::204,N/A,N/A,N/A,N/A,N/A,N/A,,,1
1759293109,any,72,N/A,IPv6,ICMP,N/A,v6,fe80::103b:bdff:fef0:169,ff02::204,N/A,N/A,N/A,N/A,N/A,N/A,,,1
1759293109,eth0,110,Ethernet,IPv6,ICMP,N/A,v6,fe80::ecf9:eff:fefb:55,ff02::179,N/A,N/A,N/A,N/A,N/A,N/A,,,1
1759293109,any,112,N/A,IPv6,ICMP,N/A,v6,fe80::ecf9:eff:fefb:55,ff02::179,N/A,N/A,N/A,N/A,N/A,N/A,,,1
1759293109,eth0,56,Ethernet,IPv4,N/A,N/A,v4,172.30.0.89,224.0.0.22,N/A,N/A,N/A,N/A,N/A,N/A,,,1
1759293109,any,58,N/A,IPv4,N/A,N/A,v4,172.30.0.89,224.0.0.22,N/A,N/A,N/A,N/A,N/A,N/A,,,1
1759293109,eth1,110,Ethernet,IPv6,ICMP,N/A,v6,fe80::103b:bdff:fef0:169,ff02::179,N/A,N/A,N/A,N/A,N/A,N/A,,,1
1759293109,any,112,N/A,IPv6,ICMP,N/A,v6,fe80::103b:bdff:fef0:169,ff02::179,N/A,N/A,N/A,N/A,N/A,N/A,,,1
1759293109,eth0,111,Ethernet,N/A,N/A,N/A,N/A,N/A,N/A,N/A,N/A,N/A,N/A,N/A,N/A,,,1
1759293109,any,113,N/A,N/A,N/A,N/A,N/A,N/A,N/A,N/A,N/A,N/A,N/A,N/A,N/A,,,1
1759293109,any,109,N/A,N/A,N/A,N/A,N/A,N/A,N/A,N/A,N/A,N/A,N/A,N/A,N/A,,,0
1759293109,eth0,107,Ethernet,N/A,N/A,N/A,N/A,N/A,N/A,N/A,N/A,N/A,N/A,N/A,N/A,,,0
1759293110,eth0,70,Ethernet,IPv6,ICMP,N/A,v6,fe80::b0b5:44ff:feea:219,ff02::204,N/A,N/A,N/A,N/A,N/A,N/A,,,1
1759293110,any,72,N/A,IPv6,ICMP,N/A,v6,fe80::b0b5:44ff:feea:219,ff02::204,N/A,N/A,N/A,N/A,N/A,N/A,,,1
1759293110,eth0,90,Ethernet,IPv6,ICMP,N/A,v6,fe80::b0b5:44ff:feea:219,ff02::179,N/A,N/A,N/A,N/A,N/A,N/A,,,1
1759293110,eth0,54,Ethernet,IPv4,N/A,N/A,v4,172.30.0.163,224.0.0.22,N/A,N/A,N/A,N/A,N/A,N/A,,,1
1759293110,any,92,N/A,IPv6,ICMP,N/A,v6,fe80::b0b5:44ff:feea:219,ff02::179,N/A,N/A,N/A,N/A,N/A,N/A,,,1
1759293110,eth0,88,Ethernet,IPv6,UDP,N/A,v6,fe80::b0b5:44ff:feea:219,ff02::1:52,5355,5355,N/A,N/A,N/A,N/A,,,1
1759293110,eth0,68,Ethernet,IPv4,UDP,N/A,v4,172.30.0.163,224.0.0.252,5355,5355,N/A,N/A,N/A,N/A,,,1
1759293110,any,90,N/A,IPv6,UDP,N/A,v6,fe80::b0b5:44ff:feea:219,ff02::1:52,5355,5355,N/A,N/A,N/A,N/A,,,1
1759293110,eth0,357,Ethernet,IPv4,UDP,N/A,v4,0.0.0.0,255.255.255.255,68,67,N/A,N/A,N/A,N/A,,,1
1759293110,eth0,107,Ethernet,N/A,N/A,N/A,N/A,N/A,N/A,N/A,N/A,N/A,N/A,N/A,N/A,,,0
1759293110,any,109,N/A,N/A,N/A,N/A,N/A,N/A,N/A,N/A,N/A,N/A,N/A,N/A,N/A,,,0
1759293110,eth0,90,Ethernet,IPv6,ICMP,N/A,v6,fe80::5ca9:83ff:fe87:27,ff02::179,N/A,N/A,N/A,N/A,N/A,N/A,,,0
1759293110,eth0,54,Ethernet,IPv4,N/A,N/A,v4,172.30.0.220,224.0.0.22,N/A,N/A,N/A,N/A,N/A,N/A,,,0
1759293110,any,92,N/A,IPv6,ICMP,N/A,v6,fe80::5ca9:83ff:fe87:27,ff02::179,N/A,N/A,N/A,N/A,N/A,N/A,,,0
1759293110,eth0,356,Ethernet,IPv4,UDP,N/A,v4,0.0.0.0,255.255.255.255,68,67,N/A,N/A,N/A,N/A,,,0
1759293110,any,358,N/A,IPv4,UDP,N/A,v4,0.0.0.0,255.255.255.255,68,67,N/A,N/A,N/A,N/A,,,0
1759293110,eth0,368,Ethernet,IPv4,UDP,N/A,v4,0.0.0.0,255.255.255.255,68,67,N/A,N/A,N/A,N/A,,,0
1759293110,any,370,N/A,IPv4,UDP,N/A,v4,0.0.0.0,255.255.255.255,68,67,N/A,N/A,N/A,N/A,,,0
1759293110,eth1,110,Ethernet,IPv6,ICMP,N/A,v6,fe80::a824:52ff:fe4f:69,ff02::179,N/A,N/A,N/A,N/A,N/A,N/A,,,0
1759293110,any,56,N/A,IPv4,N/A,N/A,v4,172.30.0.220,224.0.0.22,N/A,N/A,N/A,N/A,N/A,N/A,,,0
1759293110,eth0,54,Ethernet,IPv4,N/A,N/A,v4,172.30.0.220,224.0.0.22,N/A,N/A,N/A,N/A,N/A,N/A,,,0
1759293110,any,112,N/A,IPv6,ICMP,N/A,v6,fe80::5ca9:83ff:fe87:27,ff02::179,N/A,N/A,N/A,N/A,N/A,N/A,,,0
1759293110,eth0,110,Ethernet,IPv6,ICMP,N/A,v6,fe80::5ca9:83ff:fe87:27,ff02::179,N/A,N/A,N/A,N/A,N/A,N/A,,,0
1759293110,eth0,369,Ethernet,IPv4,UDP,N/A,v4,0.0.0.0,255.255.255.255,68,67,N/A,N/A,N/A,N/A,,,1
1759293110,any,359,N/A,IPv4,UDP,N/A,v4,0.0.0.0,255.255.255.255,68,67,N/A,N/A,N/A,N/A,,,1
1759293110,any,371,N/A,IPv4,UDP,N/A,v4,0.0.0.0,255.255.255.255,68,67,N/A,N/A,N/A,N/A,,,1
1759293110,eth1,110,Ethernet,IPv6,ICMP,N/A,v6,fe80::780a:a9ff:fee6:89,ff02::179,N/A,N/A,N/A,N/A,N/A,N/A,,,1
1759293110,any,112,N/A,IPv6,ICMP,N/A,v6,fe80::780a:a9ff:fee6:89,ff02::179,N/A,N/A,N/A,N/A,N/A,N/A,,,1
1759293110,eth0,110,Ethernet,IPv6,ICMP,N/A,v6,fe80::b0b5:44ff:feea:219,ff02::179,N/A,N/A,N/A,N/A,N/A,N/A,,,1
1759293110,eth0,54,Ethernet,IPv4,N/A,N/A,v4,172.30.0.163,224.0.0.22,N/A,N/A,N/A,N/A,N/A,N/A,,,1
1759293110,any,112,N/A,IPv6,ICMP,N/A,v6,fe80::b0b5:44ff:feea:219,ff02::179,N/A,N/A,N/A,N/A,N/A,N/A,,,1
1759293110,eth0,42,Ethernet,N/A,N/A,N/A,N/A,N/A,N/A,N/A,N/A,N/A,N/A,N/A,N/A,,,1
1759293110,any,44,ARP,N/A,N/A,N/A,N/A,N/A,N/A,N/A,N/A,1,2048,172.30.0.163,172.30.0.122,,,1
1759293110,eth1,110,Ethernet,IPv6,ICMP,N/A,v6,fe80::780a:a9ff:fee6:89,ff02::179,N/A,N/A,N/A,N/A,N/A,N/A,,,1
1759293110,any,112,N/A,IPv6,ICMP,N/A,v6,fe80::780a:a9ff:fee6:89,ff02::179,N/A,N/A,N/A,N/A,N/A,N/A,,,1
1759293110,eth0,110,Ethernet,IPv6,ICMP,N/A,v6,fe80::b0b5:44ff:feea:219,ff02::179,N/A,N/A,N/A,N/A,N/A,N/A,,,1
1759293110,any,112,N/A,IPv6,ICMP,N/A,v6,fe80::b0b5:44ff:feea:219,ff02::179,N/A,N/A,N/A,N/A,N/A,N/A,,,1
1759293110,eth0,111,Ethernet,N/A,N/A,N/A,N/A,N/A,N/A,N/A,N/A,N/A,N/A,N/A,N/A,,,1
1759293110,any,113,N/A,N/A,N/A,N/A,N/A,N/A,N/A,N/A,N/A,N/A,N/A,N/A,N/A,,,1
1759293110,eth0,54,Ethernet,IPv4,N/A,N/A,v4,172.30.0.163,224.0.0.22,N/A,N/A,N/A,N/A,N/A,N/A,,,1
1759293110,any,56,N/A,IPv4,N/A,N/A,v4,172.30.0.163,224.0.0.22,N/A,N/A,N/A,N/A,N/A,N/A,,,1
1759293111,eth0,42,Ethernet,N/A,N/A,N/A,N/A,N/A,N/A,N/A,N/A,N/A,N/A,N/A,N/A,,,0
1759293111,any,44,ARP,N/A,N/A,N/A,N/A,N/A,N/A,N/A,N/A,1,2048,172.30.0.220,172.30.0.122,,,0
1759293111,any,58,ARP,N/A,N/A,N/A,N/A,N/A,N/A,N/A,N/A,2,2048,172.30.0.122,172.30.0.220,,,0
1759293111,eth0,56,Ethernet,N/A,N/A,N/A,N/A,N/A,N/A,N/A,N/A,N/A,N/A,N/A,N/A,,,0
1759293111,eth0,56,Ethernet,N/A,N/A,N/A,N/A,N/A,N/A,N/A,N/A,N/A,N/A,N/A,N/A,,,0
1759293111,any,112,N/A,IPv6,ICMP,N/A,v6,fe80::5ca9:83ff:fe87:27,ff02::179,N/A,N/A,N/A,N/A,N/A,N/A,,,0
1759293111,eth0,110,Ethernet,IPv6,ICMP,N/A,v6,fe80::5ca9:83ff:fe87:27,ff02::179,N/A,N/A,N/A,N/A,N/A,N/A,,,0
1759293111,eth0,70,Ethernet,IPv6,ICMP,N/A,v6,fe80::5ca9:83ff:fe87:27,ff02::204,N/A,N/A,N/A,N/A,N/A,N/A,,,0
1759293111,eth0,90,Ethernet,IPv6,ICMP,N/A,v6,fe80::e48e:99ff:fe5f:147,ff02::179,N/A,N/A,N/A,N/A,N/A,N/A,,,1
1759293111,eth0,54,Ethernet,IPv4,N/A,N/A,v4,172.30.0.220,224.0.0.22,N/A,N/A,N/A,N/A,N/A,N/A,,,1
1759293111,any,92,N/A,IPv6,ICMP,N/A,v6,fe80::e48e:99ff:fe5f:147,ff02::179,N/A,N/A,N/A,N/A,N/A,N/A,,,1
1759293111,eth0,71,Ethernet,IPv4,UDP,N/A,v4,172.30.0.220,224.0.0.252,5355,5355,N/A,N/A,N/A,N/A,,,1
1759293111,eth0,91,Ethernet,IPv6,UDP,N/A,v6,fe80::e48e:99ff:fe5f:147,ff02::1:52,5355,5355,N/A,N/A,N/A,N/A,,,1
1759293111,any,73,N/A,IPv4,UDP,N/A,v4,172.30.0.220,224.0.0.252,5355,5355,N/A,N/A,N/A,N/A,,,1
1759293111,eth2,110,Ethernet,IPv6,ICMP,N/A,v6,fe80::dcac:f9ff:fe59:60,ff02::179,N/A,N/A,N/A,N/A,N/A,N/A,,,1
1759293111,eth2,110,Ethernet,IPv6,ICMP,N/A,v6,fe80::dcac:f9ff:fe59:60,ff02::179,N/A,N/A,N/A,N/A,N/A,N/A,,,1
1759293111,any,112,N/A,IPv6,ICMP,N/A,v6,fe80::e48e:99ff:fe5f:147,ff02::179,N/A,N/A,N/A,N/A,N/A,N/A,,,1
1759293111,any,362,N/A,IPv4,UDP,N/A,v4,0.0.0.0,255.255.255.255,68,67,N/A,N/A,N/A,N/A,,,1
1759293111,any,374,N/A,IPv4,UDP,N/A,v4,0.0.0.0,255.255.255.255,68,67,N/A,N/A,N/A,N/A,,,1
1759293111,any,56,N/A,IPv4,N/A,N/A,v4,172.30.0.220,224.0.0.22,N/A,N/A,N/A,N/A,N/A,N/A,,,1
1759293111,any,112,N/A,IPv6,ICMP,N/A,v6,fe80::e48e:99ff:fe5f:147,ff02::179,N/A,N/A,N/A,N/A,N/A,N/A,,,1
1759293111,any,72,N/A,IPv6,ICMP,N/A,v6,fe80::b0b5:44ff:feea:219,ff02::204,N/A,N/A,N/A,N/A,N/A,N/A,,,1
1759293111,any,72,N/A,IPv6,ICMP,N/A,v6,fe80::780a:a9ff:fee6:89,ff02::204,N/A,N/A,N/A,N/A,N/A,N/A,,,1
1759293111,any,112,N/A,IPv6,ICMP,N/A,v6,fe80::dcac:f9ff:fe59:60,ff02::179,N/A,N/A,N/A,N/A,N/A,N/A,,,1
1759293111,any,112,N/A,IPv6,ICMP,N/A,v6,fe80::f056:abff:fe65:143,ff02::179,N/A,N/A,N/A,N/A,N/A,N/A,,,1
1759293111,any,44,ARP,N/A,N/A,N/A,N/A,N/A,N/A,N/A,N/A,1,2048,172.30.0.220,172.30.0.122,,,1
1759293111,any,58,ARP,N/A,N/A,N/A,N/A,N/A,N/A,N/A,N/A,2,2048,172.30.0.122,172.30.0.220,,,1
1759293111,any,58,ARP,N/A,N/A,N/A,N/A,N/A,N/A,N/A,N/A,2,2048,172.30.0.122,172.30.0.220,,,1
1759293111,eth0,110,Ethernet,IPv6,ICMP,N/A,v6,fe80::e48e:99ff:fe5f:147,ff02::179,N/A,N/A,N/A,N/A,N/A,N/A,,,1
1759293111,eth0,360,Ethernet,IPv4,UDP,N/A,v4,0.0.0.0,255.255.255.255,68,67,N/A,N/A,N/A,N/A,,,1
1759293111,eth0,372,Ethernet,IPv4,UDP,N/A,v4,0.0.0.0,255.255.255.255,68,67,N/A,N/A,N/A,N/A,,,1
1759293111,eth0,54,Ethernet,IPv4,N/A,N/A,v4,172.30.0.220,224.0.0.22,N/A,N/A,N/A,N/A,N/A,N/A,,,1
1759293111,eth0,110,Ethernet,IPv6,ICMP,N/A,v6,fe80::e48e:99ff:fe5f:147,ff02::179,N/A,N/A,N/A,N/A,N/A,N/A,,,1
1759293111,eth0,70,Ethernet,IPv6,ICMP,N/A,v6,fe80::b0b5:44ff:feea:219,ff02::204,N/A,N/A,N/A,N/A,N/A,N/A,,,1
1759293111,eth0,42,Ethernet,N/A,N/A,N/A,N/A,N/A,N/A,N/A,N/A,N/A,N/A,N/A,N/A,,,1
1759293111,eth0,56,Ethernet,N/A,N/A,N/A,N/A,N/A,N/A,N/A,N/A,N/A,N/A,N/A,N/A,,,1
1759293111,eth0,56,Ethernet,N/A,N/A,N/A,N/A,N/A,N/A,N/A,N/A,N/A,N/A,N/A,N/A,,,1
1759293111,eth1,110,Ethernet,IPv6,ICMP,N/A,v6,fe80::f056:abff:fe65:143,ff02::179,N/A,N/A,N/A,N/A,N/A,N/A,,,1
1759293111,eth1,70,Ethernet,IPv6,ICMP,N/A,v6,fe80::780a:a9ff:fee6:89,ff02::204,N/A,N/A,N/A,N/A,N/A,N/A,,,1
1759293111,eth1,110,Ethernet,IPv6,ICMP,N/A,v6,fe80::f056:abff:fe65:143,ff02::179,N/A,N/A,N/A,N/A,N/A,N/A,,,1
1759293111,eth0,90,Ethernet,IPv6,ICMP,N/A,v6,fe80::e48e:99ff:fe5f:147,ff02::179,N/A,N/A,N/A,N/A,N/A,N/A,,,1
1759293111,any,92,N/A,IPv6,ICMP,N/A,v6,fe80::e48e:99ff:fe5f:147,ff02::179,N/A,N/A,N/A,N/A,N/A,N/A,,,1
1759293111,eth0,70,Ethernet,IPv6,ICMP,N/A,v6,fe80::24f1:23ff:fe29:66,ff02::204,N/A,N/A,N/A,N/A,N/A,N/A,,,1
1759293111,eth0,54,Ethernet,IPv4,N/A,N/A,v4,172.30.0.220,224.0.0.22,N/A,N/A,N/A,N/A,N/A,N/A,,,1
1759293111,any,72,N/A,IPv6,ICMP,N/A,v6,fe80::24f1:23ff:fe29:66,ff02::204,N/A,N/A,N/A,N/A,N/A,N/A,,,1
1759293111,eth1,70,Ethernet,IPv6,ICMP,N/A,v6,fe80::7827:e3ff:fe68:239,ff02::204,N/A,N/A,N/A,N/A,N/A,N/A,,,1
1759293111,any,72,N/A,IPv6,ICMP,N/A,v6,fe80::7827:e3ff:fe68:239,ff02::204,N/A,N/A,N/A,N/A,N/A,N/A,,,1
1759293111,eth1,70,Ethernet,IPv6,ICMP,N/A,v6,fe80::a824:52ff:fe4f:69,ff02::204,N/A,N/A,N/A,N/A,N/A,N/A,,,0
1759293111,any,72,N/A,IPv6,ICMP,N/A,v6,fe80::a824:52ff:fe4f:69,ff02::204,N/A,N/A,N/A,N/A,N/A,N/A,,,0
1759293111,any,56,N/A,IPv4,N/A,N/A,v4,172.30.0.220,224.0.0.22,N/A,N/A,N/A,N/A,N/A,N/A,,,0
1759293111,eth0,54,Ethernet,IPv4,N/A,N/A,v4,172.30.0.220,224.0.0.22,N/A,N/A,N/A,N/A,N/A,N/A,,,0
1759293111,eth0,107,Ethernet,N/A,N/A,N/A,N/A,N/A,N/A,N/A,N/A,N/A,N/A,N/A,N/A,,,0
1759293111,any,109,N/A,N/A,N/A,N/A,N/A,N/A,N/A,N/A,N/A,N/A,N/A,N/A,N/A,,,0
1759293111,eth1,110,Ethernet,IPv6,ICMP,N/A,v6,fe80::a824:52ff:fe4f:69,ff02::179,N/A,N/A,N/A,N/A,N/A,N/A,,,0
1759293111,any,112,N/A,IPv6,ICMP,N/A,v6,fe80::a824:52ff:fe4f:69,ff02::179,N/A,N/A,N/A,N/A,N/A,N/A,,,0
1759293112,eth2,70,Ethernet,IPv6,ICMP,N/A,v6,fe80::dcac:f9ff:fe59:60,ff02::204,N/A,N/A,N/A,N/A,N/A,N/A,,,1
1759293112,any,72,N/A,IPv6,ICMP,N/A,v6,fe80::dcac:f9ff:fe59:60,ff02::204,N/A,N/A,N/A,N/A,N/A,N/A,,,1
1759293112,eth1,70,Ethernet,IPv6,ICMP,N/A,v6,fe80::f056:abff:fe65:143,ff02::204,N/A,N/A,N/A,N/A,N/A,N/A,,,1
1759293112,any,113,N/A,N/A,N/A,N/A,N/A,N/A,N/A,N/A,N/A,N/A,N/A,N/A,N/A,,,1
1759293112,eth0,111,Ethernet,N/A,N/A,N/A,N/A,N/A,N/A,N/A,N/A,N/A,N/A,N/A,N/A,,,1
1759293112,eth0,70,Ethernet,IPv6,ICMP,N/A,v6,fe80::e48e:99ff:fe5f:147,ff02::204,N/A,N/A,N/A,N/A,N/A,N/A,,,1
1759293112,eth0,90,Ethernet,IPv6,ICMP,N/A,v6,fe80::24f1:23ff:fe29:66,ff02::179,N/A,N/A,N/A,N/A,N/A,N/A,,,1
1759293112,eth0,54,Ethernet,IPv4,N/A,N/A,v4,172.30.0.23,224.0.0.22,N/A,N/A,N/A,N/A,N/A,N/A,,,1
1759293112,any,92,N/A,IPv6,ICMP,N/A,v6,fe80::24f1:23ff:fe29:66,ff02::179,N/A,N/A,N/A,N/A,N/A,N/A,,,1
1759293112,eth0,67,Ethernet,IPv4,UDP,N/A,v4,172.30.0.23,224.0.0.252,5355,5355,N/A,N/A,N/A,N/A,,,1
1759293112,any,69,N/A,IPv4,UDP,N/A,v4,172.30.0.23,224.0.0.252,5355,5355,N/A,N/A,N/A,N/A,,,1
1759293112,eth0,356,Ethernet,IPv4,UDP,N/A,v4,0.0.0.0,255.255.255.255,68,67,N/A,N/A,N/A,N/A,,,1
1759293112,any,358,N/A,IPv4,UDP,N/A,v4,0.0.0.0,255.255.255.255,68,67,N/A,N/A,N/A,N/A,,,1
1759293112,eth0,368,Ethernet,IPv4,UDP,N/A,v4,0.0.0.0,255.255.255.255,68,67,N/A,N/A,N/A,N/A,,,1
1759293112,any,370,N/A,IPv4,UDP,N/A,v4,0.0.0.0,255.255.255.255,68,67,N/A,N/A,N/A,N/A,,,1
1759293112,eth1,110,Ethernet,IPv6,ICMP,N/A,v6,fe80::7827:e3ff:fe68:239,ff02::179,N/A,N/A,N/A,N/A,N/A,N/A,,,1
1759293112,any,92,N/A,IPv6,ICMP,N/A,v6,fe80::24f1:23ff:fe29:66,ff02::179,N/A,N/A,N/A,N/A,N/A,N/A,,,1
1759293112,any,112,N/A,IPv6,ICMP,N/A,v6,fe80::7827:e3ff:fe68:239,ff02::179,N/A,N/A,N/A,N/A,N/A,N/A,,,1
1759293112,eth0,90,Ethernet,IPv6,ICMP,N/A,v6,fe80::24f1:23ff:fe29:66,ff02::179,N/A,N/A,N/A,N/A,N/A,N/A,,,1
1759293112,eth0,54,Ethernet,IPv4,N/A,N/A,v4,172.30.0.23,224.0.0.22,N/A,N/A,N/A,N/A,N/A,N/A,,,1
1759293112,eth0,110,Ethernet,IPv6,ICMP,N/A,v6,fe80::24f1:23ff:fe29:66,ff02::179,N/A,N/A,N/A,N/A,N/A,N/A,,,1
1759293112,any,112,N/A,IPv6,ICMP,N/A,v6,fe80::24f1:23ff:fe29:66,ff02::179,N/A,N/A,N/A,N/A,N/A,N/A,,,1
1759293112,eth0,42,Ethernet,N/A,N/A,N/A,N/A,N/A,N/A,N/A,N/A,N/A,N/A,N/A,N/A,,,1
1759293112,any,44,ARP,N/A,N/A,N/A,N/A,N/A,N/A,N/A,N/A,1,2048,172.30.0.23,172.30.0.122,,,1
1759293112,eth0,107,Ethernet,N/A,N/A,N/A,N/A,N/A,N/A,N/A,N/A,N/A,N/A,N/A,N/A,,,0
1759293112,any,109,N/A,N/A,N/A,N/A,N/A,N/A,N/A,N/A,N/A,N/A,N/A,N/A,N/A,,,0
1759293113,eth1,110,Ethernet,IPv6,ICMP,N/A,v6,fe80::7827:e3ff:fe68:239,ff02::179,N/A,N/A,N/A,N/A,N/A,N/A,,,1
1759293113,any,112,N/A,IPv6,ICMP,N/A,v6,fe80::7827:e3ff:fe68:239,ff02::179,N/A,N/A,N/A,N/A,N/A,N/A,,,1
1759293113,eth0,90,Ethernet,IPv6,ICMP,N/A,v6,fe80::24f1:23ff:fe29:66,ff02::179,N/A,N/A,N/A,N/A,N/A,N/A,,,1
1759293113,any,92,N/A,IPv6,ICMP,N/A,v6,fe80::24f1:23ff:fe29:66,ff02::179,N/A,N/A,N/A,N/A,N/A,N/A,,,1
1759293113,eth0,54,Ethernet,IPv4,N/A,N/A,v4,172.30.0.23,224.0.0.22,N/A,N/A,N/A,N/A,N/A,N/A,,,1
1759293113,any,56,N/A,IPv4,N/A,N/A,v4,172.30.0.23,224.0.0.22,N/A,N/A,N/A,N/A,N/A,N/A,,,1
1759293113,eth0,70,Ethernet,IPv6,ICMP,N/A,v6,fe80::ecf9:eff:fefb:55,ff02::204,N/A,N/A,N/A,N/A,N/A,N/A,,,1
1759293113,any,72,N/A,IPv6,ICMP,N/A,v6,fe80::ecf9:eff:fefb:55,ff02::204,N/A,N/A,N/A,N/A,N/A,N/A,,,1
1759293113,eth1,70,Ethernet,IPv6,ICMP,N/A,v6,fe80::103b:bdff:fef0:169,ff02::204,N/A,N/A,N/A,N/A,N/A,N/A,,,1
1759293113,any,72,N/A,IPv6,ICMP,N/A,v6,fe80::103b:bdff:fef0:169,ff02::204,N/A,N/A,N/A,N/A,N/A,N/A,,,1
1759293113,eth0,90,Ethernet,IPv6,ICMP,N/A,v6,fe80::ecf9:eff:fefb:55,ff02::179,N/A,N/A,N/A,N/A,N/A,N/A,,,1
1759293113,eth0,56,Ethernet,IPv4,N/A,N/A,v4,172.30.0.89,224.0.0.22,N/A,N/A,N/A,N/A,N/A,N/A,,,1
1759293113,any,92,N/A,IPv6,ICMP,N/A,v6,fe80::ecf9:eff:fefb:55,ff02::179,N/A,N/A,N/A,N/A,N/A,N/A,,,1
1759293113,any,58,N/A,IPv4,N/A,N/A,v4,172.30.0.89,224.0.0.22,N/A,N/A,N/A,N/A,N/A,N/A,,,1
1759293113,eth0,356,Ethernet,IPv4,UDP,N/A,v4,0.0.0.0,255.255.255.255,68,67,N/A,N/A,N/A,N/A,,,1
1759293113,any,358,N/A,IPv4,UDP,N/A,v4,0.0.0.0,255.255.255.255,68,67,N/A,N/A,N/A,N/A,,,1
1759293113,eth0,368,Ethernet,IPv4,UDP,N/A,v4,0.0.0.0,255.255.255.255,68,67,N/A,N/A,N/A,N/A,,,1
1759293113,any,370,N/A,IPv4,UDP,N/A,v4,0.0.0.0,255.255.255.255,68,67,N/A,N/A,N/A,N/A,,,1
1759293113,eth1,110,Ethernet,IPv6,ICMP,N/A,v6,fe80::103b:bdff:fef0:169,ff02::179,N/A,N/A,N/A,N/A,N/A,N/A,,,1
1759293113,any,112,N/A,IPv6,ICMP,N/A,v6,fe80::103b:bdff:fef0:169,ff02::179,N/A,N/A,N/A,N/A,N/A,N/A,,,1
1759293113,any,58,N/A,IPv4,N/A,N/A,v4,172.30.0.89,224.0.0.22,N/A,N/A,N/A,N/A,N/A,N/A,,,1
1759293113,eth0,56,Ethernet,IPv4,N/A,N/A,v4,172.30.0.89,224.0.0.22,N/A,N/A,N/A,N/A,N/A,N/A,,,1
1759293113,eth0,111,Ethernet,N/A,N/A,N/A,N/A,N/A,N/A,N/A,N/A,N/A,N/A,N/A,N/A,,,1
1759293113,any,113,N/A,N/A,N/A,N/A,N/A,N/A,N/A,N/A,N/A,N/A,N/A,N/A,N/A,,,1
1759293113,eth0,110,Ethernet,IPv6,ICMP,N/A,v6,fe80::ecf9:eff:fefb:55,ff02::179,N/A,N/A,N/A,N/A,N/A,N/A,,,1
1759293113,any,112,N/A,IPv6,ICMP,N/A,v6,fe80::ecf9:eff:fefb:55,ff02::179,N/A,N/A,N/A,N/A,N/A,N/A,,,1
1759293113,eth0,56,Ethernet,N/A,N/A,N/A,N/A,N/A,N/A,N/A,N/A,N/A,N/A,N/A,N/A,,,1
1759293113,any,58,ARP,N/A,N/A,N/A,N/A,N/A,N/A,N/A,N/A,1,2048,172.30.0.89,172.30.0.122,,,1
1759293113,eth0,70,Ethernet,IPv6,ICMP,N/A,v6,fe80::24f1:23ff:fe29:66,ff02::204,N/A,N/A,N/A,N/A,N/A,N/A,,,1
1759293113,any,72,N/A,IPv6,ICMP,N/A,v6,fe80::7827:e3ff:fe68:239,ff02::204,N/A,N/A,N/A,N/A,N/A,N/A,,,1
1759293113,eth1,70,Ethernet,IPv6,ICMP,N/A,v6,fe80::7827:e3ff:fe68:239,ff02::204,N/A,N/A,N/A,N/A,N/A,N/A,,,1
1759293113,eth0,56,Ethernet,IPv4,N/A,N/A,v4,172.30.0.89,224.0.0.22,N/A,N/A,N/A,N/A,N/A,N/A,,,1
1759293113,any,58,N/A,IPv4,N/A,N/A,v4,172.30.0.89,224.0.0.22,N/A,N/A,N/A,N/A,N/A,N/A,,,1
1759293113,eth0,107,Ethernet,N/A,N/A,N/A,N/A,N/A,N/A,N/A,N/A,N/A,N/A,N/A,N/A,,,0
1759293113,any,109,N/A,N/A,N/A,N/A,N/A,N/A,N/A,N/A,N/A,N/A,N/A,N/A,N/A,,,0
1759293114,eth1,110,Ethernet,IPv6,ICMP,N/A,v6,fe80::103b:bdff:fef0:169,ff02::179,N/A,N/A,N/A,N/A,N/A,N/A,,,1
1759293114,any,112,N/A,IPv6,ICMP,N/A,v6,fe80::103b:bdff:fef0:169,ff02::179,N/A,N/A,N/A,N/A,N/A,N/A,,,1
1759293114,eth0,110,Ethernet,IPv6,ICMP,N/A,v6,fe80::ecf9:eff:fefb:55,ff02::179,N/A,N/A,N/A,N/A,N/A,N/A,,,1
1759293114,any,112,N/A,IPv6,ICMP,N/A,v6,fe80::ecf9:eff:fefb:55,ff02::179,N/A,N/A,N/A,N/A,N/A,N/A,,,1
1759293114,eth0,70,Ethernet,IPv6,ICMP,N/A,v6,fe80::ecf9:eff:fefb:55,ff02::204,N/A,N/A,N/A,N/A,N/A,N/A,,,1
1759293114,any,72,N/A,IPv6,ICMP,N/A,v6,fe80::ecf9:eff:fefb:55,ff02::204,N/A,N/A,N/A,N/A,N/A,N/A,,,1
1759293114,eth1,70,Ethernet,IPv6,ICMP,N/A,v6,fe80::103b:bdff:fef0:169,ff02::204,N/A,N/A,N/A,N/A,N/A,N/A,,,1
1759293114,any,72,N/A,IPv6,ICMP,N/A,v6,fe80::103b:bdff:fef0:169,ff02::204,N/A,N/A,N/A,N/A,N/A,N/A,,,1
1759293114,eth0,90,Ethernet,IPv6,ICMP,N/A,v6,fe80::b0b5:44ff:feea:219,ff02::179,N/A,N/A,N/A,N/A,N/A,N/A,,,1
1759293114,eth0,54,Ethernet,IPv4,N/A,N/A,v4,172.30.0.163,224.0.0.22,N/A,N/A,N/A,N/A,N/A,N/A,,,1
1759293114,any,92,N/A,IPv6,ICMP,N/A,v6,fe80::b0b5:44ff:feea:219,ff02::179,N/A,N/A,N/A,N/A,N/A,N/A,,,1
1759293114,eth0,68,Ethernet,IPv4,UDP,N/A,v4,172.30.0.163,224.0.0.252,5355,5355,N/A,N/A,N/A,N/A,,,1
1759293114,eth0,88,Ethernet,IPv6,UDP,N/A,v6,fe80::b0b5:44ff:feea:219,ff02::1:52,5355,5355,N/A,N/A,N/A,N/A,,,1
1759293114,any,70,N/A,IPv4,UDP,N/A,v4,172.30.0.163,224.0.0.252,5355,5355,N/A,N/A,N/A,N/A,,,1
1759293114,eth0,357,Ethernet,IPv4,UDP,N/A,v4,0.0.0.0,255.255.255.255,68,67,N/A,N/A,N/A,N/A,,,1
1759293114,any,359,N/A,IPv4,UDP,N/A,v4,0.0.0.0,255.255.255.255,68,67,N/A,N/A,N/A,N/A,,,1
1759293114,eth0,369,Ethernet,IPv4,UDP,N/A,v4,0.0.0.0,255.255.255.255,68,67,N/A,N/A,N/A,N/A,,,1
1759293114,any,371,N/A,IPv4,UDP,N/A,v4,0.0.0.0,255.255.255.255,68,67,N/A,N/A,N/A,N/A,,,1
1759293114,eth1,110,Ethernet,IPv6,ICMP,N/A,v6,fe80::780a:a9ff:fee6:89,ff02::179,N/A,N/A,N/A,N/A,N/A,N/A,,,1
1759293114,any,112,N/A,IPv6,ICMP,N/A,v6,fe80::780a:a9ff:fee6:89,ff02::179,N/A,N/A,N/A,N/A,N/A,N/A,,,1
1759293114,eth0,110,Ethernet,IPv6,ICMP,N/A,v6,fe80::b0b5:44ff:feea:219,ff02::179,N/A,N/A,N/A,N/A,N/A,N/A,,,1
1759293114,eth0,54,Ethernet,IPv4,N/A,N/A,v4,172.30.0.163,224.0.0.22,N/A,N/A,N/A,N/A,N/A,N/A,,,1
1759293114,any,112,N/A,IPv6,ICMP,N/A,v6,fe80::b0b5:44ff:feea:219,ff02::179,N/A,N/A,N/A,N/A,N/A,N/A,,,1
1759293114,eth0,42,Ethernet,N/A,N/A,N/A,N/A,N/A,N/A,N/A,N/A,N/A,N/A,N/A,N/A,,,1
1759293114,any,44,ARP,N/A,N/A,N/A,N/A,N/A,N/A,N/A,N/A,1,2048,172.30.0.163,172.30.0.122,,,1
1759293114,eth0,110,Ethernet,IPv6,ICMP,N/A,v6,fe80::b0b5:44ff:feea:219,ff02::179,N/A,N/A,N/A,N/A,N/A,N/A,,,1
1759293114,any,112,N/A,IPv6,ICMP,N/A,v6,fe80::b0b5:44ff:feea:219,ff02::179,N/A,N/A,N/A,N/A,N/A,N/A,,,1
1759293114,eth0,111,Ethernet,N/A,N/A,N/A,N/A,N/A,N/A,N/A,N/A,N/A,N/A,N/A,N/A,,,1
1759293114,any,113,N/A,N/A,N/A,N/A,N/A,N/A,N/A,N/A,N/A,N/A,N/A,N/A,N/A,,,1
1759293114,eth1,110,Ethernet,IPv6,ICMP,N/A,v6,fe80::780a:a9ff:fee6:89,ff02::179,N/A,N/A,N/A,N/A,N/A,N/A,,,1
1759293114,any,112,N/A,IPv6,ICMP,N/A,v6,fe80::780a:a9ff:fee6:89,ff02::179,N/A,N/A,N/A,N/A,N/A,N/A,,,1
1759293114,eth0,107,Ethernet,N/A,N/A,N/A,N/A,N/A,N/A,N/A,N/A,N/A,N/A,N/A,N/A,,,0
1759293114,any,109,N/A,N/A,N/A,N/A,N/A,N/A,N/A,N/A,N/A,N/A,N/A,N/A,N/A,,,0
1759293115,eth0,90,Ethernet,IPv6,ICMP,N/A,v6,fe80::24f1:23ff:fe29:66,ff02::179,N/A,N/A,N/A,N/A,N/A,N/A,,,1
1759293115,eth0,54,Ethernet,IPv4,N/A,N/A,v4,172.30.0.23,224.0.0.22,N/A,N/A,N/A,N/A,N/A,N/A,,,1
1759293115,any,92,N/A,IPv6,ICMP,N/A,v6,fe80::24f1:23ff:fe29:66,ff02::179,N/A,N/A,N/A,N/A,N/A,N/A,,,1
1759293115,eth0,87,Ethernet,IPv6,UDP,N/A,v6,fe80::24f1:23ff:fe29:66,ff02::1:52,5355,5355,N/A,N/A,N/A,N/A,,,1
1759293115,eth0,67,Ethernet,IPv4,UDP,N/A,v4,172.30.0.23,224.0.0.252,5355,5355,N/A,N/A,N/A,N/A,,,1
1759293115,any,89,N/A,IPv6,UDP,N/A,v6,fe80::24f1:23ff:fe29:66,ff02::1:52,5355,5355,N/A,N/A,N/A,N/A,,,1
1759293115,eth0,356,Ethernet,IPv4,UDP,N/A,v4,0.0.0.0,255.255.255.255,68,67,N/A,N/A,N/A,N/A,,,1
1759293115,any,358,N/A,IPv4,UDP,N/A,v4,0.0.0.0,255.255.255.255,68,67,N/A,N/A,N/A,N/A,,,1
1759293115,eth0,110,Ethernet,IPv6,ICMP,N/A,v6,fe80::24f1:23ff:fe29:66,ff02::179,N/A,N/A,N/A,N/A,N/A,N/A,,,1
1759293115,eth1,110,Ethernet,IPv6,ICMP,N/A,v6,fe80::7827:e3ff:fe68:239,ff02::179,N/A,N/A,N/A,N/A,N/A,N/A,,,1
1759293115,eth0,368,Ethernet,IPv4,UDP,N/A,v4,0.0.0.0,255.255.255.255,68,67,N/A,N/A,N/A,N/A,,,1
1759293115,any,370,N/A,IPv4,UDP,N/A,v4,0.0.0.0,255.255.255.255,68,67,N/A,N/A,N/A,N/A,,,1
1759293115,eth0,110,Ethernet,IPv6,ICMP,N/A,v6,fe80::24f1:23ff:fe29:66,ff02::179,N/A,N/A,N/A,N/A,N/A,N/A,,,1
1759293115,eth0,54,Ethernet,IPv4,N/A,N/A,v4,172.30.0.23,224.0.0.22,N/A,N/A,N/A,N/A,N/A,N/A,,,1
1759293115,any,112,N/A,IPv6,ICMP,N/A,v6,fe80::24f1:23ff:fe29:66,ff02::179,N/A,N/A,N/A,N/A,N/A,N/A,,,1
1759293115,eth0,42,Ethernet,N/A,N/A,N/A,N/A,N/A,N/A,N/A,N/A,N/A,N/A,N/A,N/A,,,1
1759293115,any,44,ARP,N/A,N/A,N/A,N/A,N/A,N/A,N/A,N/A,1,2048,172.30.0.23,172.30.0.122,,,1
1759293115,eth1,70,Ethernet,IPv6,ICMP,N/A,v6,fe80::780a:a9ff:fee6:89,ff02::204,N/A,N/A,N/A,N/A,N/A,N/A,,,1
1759293115,any,72,N/A,IPv6,ICMP,N/A,v6,fe80::b0b5:44ff:feea:219,ff02::204,N/A,N/A,N/A,N/A,N/A,N/A,,,1
1759293115,any,72,N/A,IPv6,ICMP,N/A,v6,fe80::780a:a9ff:fee6:89,ff02::204,N/A,N/A,N/A,N/A,N/A,N/A,,,1
1759293115,eth0,70,Ethernet,IPv6,ICMP,N/A,v6,fe80::b0b5:44ff:feea:219,ff02::204,N/A,N/A,N/A,N/A,N/A,N/A,,,1
1759293115,eth0,54,Ethernet,IPv4,N/A,N/A,v4,172.30.0.163,224.0.0.22,N/A,N/A,N/A,N/A,N/A,N/A,,,1
1759293115,any,56,N/A,IPv4,N/A,N/A,v4,172.30.0.163,224.0.0.22,N/A,N/A,N/A,N/A,N/A,N/A,,,1
1759293115,eth1,110,Ethernet,IPv6,ICMP,N/A,v6,fe80::7827:e3ff:fe68:239,ff02::179,N/A,N/A,N/A,N/A,N/A,N/A,,,1
1759293115,any,112,N/A,IPv6,ICMP,N/A,v6,fe80::7827:e3ff:fe68:239,ff02::179,N/A,N/A,N/A,N/A,N/A,N/A,,,1
1759293115,eth0,54,Ethernet,IPv4,N/A,N/A,v4,172.30.0.23,224.0.0.22,N/A,N/A,N/A,N/A,N/A,N/A,,,1
1759293115,any,56,N/A,IPv4,N/A,N/A,v4,172.30.0.23,224.0.0.22,N/A,N/A,N/A,N/A,N/A,N/A,,,1
1759293115,eth0,90,Ethernet,IPv6,ICMP,N/A,v6,fe80::24f1:23ff:fe29:66,ff02::179,N/A,N/A,N/A,N/A,N/A,N/A,,,1
1759293115,any,92,N/A,IPv6,ICMP,N/A,v6,fe80::24f1:23ff:fe29:66,ff02::179,N/A,N/A,N/A,N/A,N/A,N/A,,,1
1759293115,eth0,111,Ethernet,N/A,N/A,N/A,N/A,N/A,N/A,N/A,N/A,N/A,N/A,N/A,N/A,,,1
1759293115,eth0,70,Ethernet,IPv6,ICMP,N/A,v6,fe80::5ca9:83ff:fe87:27,ff02::204,N/A,N/A,N/A,N/A,N/A,N/A,,,0
1759293115,any,72,N/A,IPv6,ICMP,N/A,v6,fe80::5ca9:83ff:fe87:27,ff02::204,N/A,N/A,N/A,N/A,N/A,N/A,,,0
1759293115,any,72,N/A,IPv6,ICMP,N/A,v6,fe80::a824:52ff:fe4f:69,ff02::204,N/A,N/A,N/A,N/A,N/A,N/A,,,0
1759293115,eth1,70,Ethernet,IPv6,ICMP,N/A,v6,fe80::a824:52ff:fe4f:69,ff02::204,N/A,N/A,N/A,N/A,N/A,N/A,,,0
1759293115,any,113,N/A,N/A,N/A,N/A,N/A,N/A,N/A,N/A,N/A,N/A,N/A,N/A,N/A,,,1
1759293116,eth0,90,Ethernet,IPv6,ICMP,N/A,v6,fe80::5ca9:83ff:fe87:27,ff02::179,N/A,N/A,N/A,N/A,N/A,N/A,,,0
1759293116,eth0,54,Ethernet,IPv4,N/A,N/A,v4,172.30.0.220,224.0.0.22,N/A,N/A,N/A,N/A,N/A,N/A,,,0
1759293116,any,92,N/A,IPv6,ICMP,N/A,v6,fe80::5ca9:83ff:fe87:27,ff02::179,N/A,N/A,N/A,N/A,N/A,N/A,,,0
1759293116,eth0,67,Ethernet,IPv4,UDP,N/A,v4,172.30.0.220,224.0.0.252,5355,5355,N/A,N/A,N/A,N/A,,,0
1759293116,eth0,87,Ethernet,IPv6,UDP,N/A,v6,fe80::5ca9:83ff:fe87:27,ff02::1:52,5355,5355,N/A,N/A,N/A,N/A,,,0
1759293116,any,69,N/A,IPv4,UDP,N/A,v4,172.30.0.220,224.0.0.252,5355,5355,N/A,N/A,N/A,N/A,,,0
1759293116,eth0,356,Ethernet,IPv4,UDP,N/A,v4,0.0.0.0,255.255.255.255,68,67,N/A,N/A,N/A,N/A,,,0
1759293116,eth1,70,Ethernet,IPv6,ICMP,N/A,v6,fe80::7827:e3ff:fe68:239,ff02::204,N/A,N/A,N/A,N/A,N/A,N/A,,,1
1759293116,any,72,N/A,IPv6,ICMP,N/A,v6,fe80::24f1:23ff:fe29:66,ff02::204,N/A,N/A,N/A,N/A,N/A,N/A,,,1
1759293116,any,72,N/A,IPv6,ICMP,N/A,v6,fe80::7827:e3ff:fe68:239,ff02::204,N/A,N/A,N/A,N/A,N/A,N/A,,,1
1759293116,eth0,70,Ethernet,IPv6,ICMP,N/A,v6,fe80::24f1:23ff:fe29:66,ff02::204,N/A,N/A,N/A,N/A,N/A,N/A,,,1
1759293116,eth0,70,Ethernet,IPv6,ICMP,N/A,v6,fe80::e48e:99ff:fe5f:147,ff02::204,N/A,N/A,N/A,N/A,N/A,N/A,,,1
1759293116,any,72,N/A,IPv6,ICMP,N/A,v6,fe80::e48e:99ff:fe5f:147,ff02::204,N/A,N/A,N/A,N/A,N/A,N/A,,,1
1759293116,eth1,70,Ethernet,IPv6,ICMP,N/A,v6,fe80::f056:abff:fe65:143,ff02::204,N/A,N/A,N/A,N/A,N/A,N/A,,,1
1759293116,any,72,N/A,IPv6,ICMP,N/A,v6,fe80::f056:abff:fe65:143,ff02::204,N/A,N/A,N/A,N/A,N/A,N/A,,,1
1759293116,eth0,90,Ethernet,IPv6,ICMP,N/A,v6,fe80::e48e:99ff:fe5f:147,ff02::179,N/A,N/A,N/A,N/A,N/A,N/A,,,1
1759293116,eth0,54,Ethernet,IPv4,N/A,N/A,v4,172.30.0.220,224.0.0.22,N/A,N/A,N/A,N/A,N/A,N/A,,,1
1759293116,any,92,N/A,IPv6,ICMP,N/A,v6,fe80::e48e:99ff:fe5f:147,ff02::179,N/A,N/A,N/A,N/A,N/A,N/A,,,1
1759293116,eth0,91,Ethernet,IPv6,UDP,N/A,v6,fe80::e48e:99ff:fe5f:147,ff02::1:52,5355,5355,N/A,N/A,N/A,N/A,,,1
1759293116,eth0,71,Ethernet,IPv4,UDP,N/A,v4,172.30.0.220,224.0.0.252,5355,5355,N/A,N/A,N/A,N/A,,,1
1759293116,any,93,N/A,IPv6,UDP,N/A,v6,fe80::e48e:99ff:fe5f:147,ff02::1:52,5355,5355,N/A,N/A,N/A,N/A,,,1
1759293116,eth2,110,Ethernet,IPv6,ICMP,N/A,v6,fe80::dcac:f9ff:fe59:60,ff02::179,N/A,N/A,N/A,N/A,N/A,N/A,,,1
1759293116,any,112,N/A,IPv6,ICMP,N/A,v6,fe80::dcac:f9ff:fe59:60,ff02::179,N/A,N/A,N/A,N/A,N/A,N/A,,,1
1759293116,eth0,360,Ethernet,IPv4,UDP,N/A,v4,0.0.0.0,255.255.255.255,68,67,N/A,N/A,N/A,N/A,,,1
1759293116,any,362,N/A,IPv4,UDP,N/A,v4,0.0.0.0,255.255.255.255,68,67,N/A,N/A,N/A,N/A,,,1
1759293116,eth1,110,Ethernet,IPv6,ICMP,N/A,v6,fe80::f056:abff:fe65:143,ff02::179,N/A,N/A,N/A,N/A,N/A,N/A,,,1
1759293116,any,374,N/A,IPv4,UDP,N/A,v4,0.0.0.0,255.255.255.255,68,67,N/A,N/A,N/A,N/A,,,1
1759293116,any,112,N/A,IPv6,ICMP,N/A,v6,fe80::e48e:99ff:fe5f:147,ff02::179,N/A,N/A,N/A,N/A,N/A,N/A,,,1
1759293116,eth0,372,Ethernet,IPv4,UDP,N/A,v4,0.0.0.0,255.255.255.255,68,67,N/A,N/A,N/A,N/A,,,1
1759293116,eth0,110,Ethernet,IPv6,ICMP,N/A,v6,fe80::e48e:99ff:fe5f:147,ff02::179,N/A,N/A,N/A,N/A,N/A,N/A,,,1
1759293116,eth0,110,Ethernet,IPv6,ICMP,N/A,v6,fe80::e48e:99ff:fe5f:147,ff02::179,N/A,N/A,N/A,N/A,N/A,N/A,,,1
1759293116,eth0,368,Ethernet,IPv4,UDP,N/A,v4,0.0.0.0,255.255.255.255,68,67,N/A,N/A,N/A,N/A,,,0
1759293116,eth0,54,Ethernet,IPv4,N/A,N/A,v4,172.30.0.220,224.0.0.22,N/A,N/A,N/A,N/A,N/A,N/A,,,0
1759293116,eth0,110,Ethernet,IPv6,ICMP,N/A,v6,fe80::5ca9:83ff:fe87:27,ff02::179,N/A,N/A,N/A,N/A,N/A,N/A,,,0
1759293116,eth0,42,Ethernet,N/A,N/A,N/A,N/A,N/A,N/A,N/A,N/A,N/A,N/A,N/A,N/A,,,0
1759293116,eth0,56,Ethernet,N/A,N/A,N/A,N/A,N/A,N/A,N/A,N/A,N/A,N/A,N/A,N/A,,,0
1759293116,eth0,56,Ethernet,N/A,N/A,N/A,N/A,N/A,N/A,N/A,N/A,N/A,N/A,N/A,N/A,,,0
1759293116,any,358,N/A,IPv4,UDP,N/A,v4,0.0.0.0,255.255.255.255,68,67,N/A,N/A,N/A,N/A,,,0
1759293116,any,370,N/A,IPv4,UDP,N/A,v4,0.0.0.0,255.255.255.255,68,67,N/A,N/A,N/A,N/A,,,0
1759293116,any,112,N/A,IPv6,ICMP,N/A,v6,fe80::a824:52ff:fe4f:69,ff02::179,N/A,N/A,N/A,N/A,N/A,N/A,,,0
1759293116,any,56,N/A,IPv4,N/A,N/A,v4,172.30.0.220,224.0.0.22,N/A,N/A,N/A,N/A,N/A,N/A,,,0
1759293116,any,112,N/A,IPv6,ICMP,N/A,v6,fe80::5ca9:83ff:fe87:27,ff02::179,N/A,N/A,N/A,N/A,N/A,N/A,,,0
1759293116,any,44,ARP,N/A,N/A,N/A,N/A,N/A,N/A,N/A,N/A,1,2048,172.30.0.220,172.30.0.122,,,0
1759293116,any,58,ARP,N/A,N/A,N/A,N/A,N/A,N/A,N/A,N/A,2,2048,172.30.0.122,172.30.0.220,,,0
1759293116,eth1,110,Ethernet,IPv6,ICMP,N/A,v6,fe80::a824:52ff:fe4f:69,ff02::179,N/A,N/A,N/A,N/A,N/A,N/A,,,0
1759293116,any,72,N/A,IPv6,ICMP,N/A,v6,fe80::a824:52ff:fe4f:69,ff02::204,N/A,N/A,N/A,N/A,N/A,N/A,,,0
1759293116,eth1,70,Ethernet,IPv6,ICMP,N/A,v6,fe80::a824:52ff:fe4f:69,ff02::204,N/A,N/A,N/A,N/A,N/A,N/A,,,0
1759293116,eth0,70,Ethernet,IPv6,ICMP,N/A,v6,fe80::5ca9:83ff:fe87:27,ff02::204,N/A,N/A,N/A,N/A,N/A,N/A,,,0
1759293116,eth0,110,Ethernet,IPv6,ICMP,N/A,v6,fe80::5ca9:83ff:fe87:27,ff02::179,N/A,N/A,N/A,N/A,N/A,N/A,,,0
1759293116,any,112,N/A,IPv6,ICMP,N/A,v6,fe80::5ca9:83ff:fe87:27,ff02::179,N/A,N/A,N/A,N/A,N/A,N/A,,,0
1759293116,any,112,N/A,IPv6,ICMP,N/A,v6,fe80::a824:52ff:fe4f:69,ff02::179,N/A,N/A,N/A,N/A,N/A,N/A,,,0
1759293116,eth1,110,Ethernet,IPv6,ICMP,N/A,v6,fe80::a824:52ff:fe4f:69,ff02::179,N/A,N/A,N/A,N/A,N/A,N/A,,,0
1759293116,eth0,54,Ethernet,IPv4,N/A,N/A,v4,172.30.0.220,224.0.0.22,N/A,N/A,N/A,N/A,N/A,N/A,,,1
1759293116,eth0,42,Ethernet,N/A,N/A,N/A,N/A,N/A,N/A,N/A,N/A,N/A,N/A,N/A,N/A,,,1
1759293116,eth0,56,Ethernet,N/A,N/A,N/A,N/A,N/A,N/A,N/A,N/A,N/A,N/A,N/A,N/A,,,1
1759293116,eth0,56,Ethernet,N/A,N/A,N/A,N/A,N/A,N/A,N/A,N/A,N/A,N/A,N/A,N/A,,,1
1759293116,any,112,N/A,IPv6,ICMP,N/A,v6,fe80::e48e:99ff:fe5f:147,ff02::179,N/A,N/A,N/A,N/A,N/A,N/A,,,1
1759293116,any,44,ARP,N/A,N/A,N/A,N/A,N/A,N/A,N/A,N/A,1,2048,172.30.0.220,172.30.0.122,,,1
1759293116,any,58,ARP,N/A,N/A,N/A,N/A,N/A,N/A,N/A,N/A,2,2048,172.30.0.122,172.30.0.220,,,1
1759293116,eth1,110,Ethernet,IPv6,ICMP,N/A,v6,fe80::f056:abff:fe65:143,ff02::179,N/A,N/A,N/A,N/A,N/A,N/A,,,1
1759293116,any,112,N/A,IPv6,ICMP,N/A,v6,fe80::f056:abff:fe65:143,ff02::179,N/A,N/A,N/A,N/A,N/A,N/A,,,1
1759293116,eth2,110,Ethernet,IPv6,ICMP,N/A,v6,fe80::dcac:f9ff:fe59:60,ff02::179,N/A,N/A,N/A,N/A,N/A,N/A,,,1
1759293116,any,112,N/A,IPv6,ICMP,N/A,v6,fe80::dcac:f9ff:fe59:60,ff02::179,N/A,N/A,N/A,N/A,N/A,N/A,,,1
1759293116,eth0,54,Ethernet,IPv4,N/A,N/A,v4,172.30.0.220,224.0.0.22,N/A,N/A,N/A,N/A,N/A,N/A,,,1
1759293116,any,56,N/A,IPv4,N/A,N/A,v4,172.30.0.220,224.0.0.22,N/A,N/A,N/A,N/A,N/A,N/A,,,1
1759293117,eth0,54,Ethernet,IPv4,N/A,N/A,v4,172.30.0.220,224.0.0.22,N/A,N/A,N/A,N/A,N/A,N/A,,,0
1759293117,any,56,N/A,IPv4,N/A,N/A,v4,172.30.0.220,224.0.0.22,N/A,N/A,N/A,N/A,N/A,N/A,,,0
1759293117,eth0,107,Ethernet,N/A,N/A,N/A,N/A,N/A,N/A,N/A,N/A,N/A,N/A,N/A,N/A,,,0
1759293117,any,109,N/A,N/A,N/A,N/A,N/A,N/A,N/A,N/A,N/A,N/A,N/A,N/A,N/A,,,0
1759293117,eth0,90,Ethernet,IPv6,ICMP,N/A,v6,fe80::e48e:99ff:fe5f:147,ff02::179,N/A,N/A,N/A,N/A,N/A,N/A,,,1
1759293117,any,92,N/A,IPv6,ICMP,N/A,v6,fe80::e48e:99ff:fe5f:147,ff02::179,N/A,N/A,N/A,N/A,N/A,N/A,,,1
1759293117,eth1,70,Ethernet,IPv6,ICMP,N/A,v6,fe80::f056:abff:fe65:143,ff02::204,N/A,N/A,N/A,N/A,N/A,N/A,,,1
1759293117,any,72,N/A,IPv6,ICMP,N/A,v6,fe80::dcac:f9ff:fe59:60,ff02::204,N/A,N/A,N/A,N/A,N/A,N/A,,,1
1759293117,eth2,70,Ethernet,IPv6,ICMP,N/A,v6,fe80::dcac:f9ff:fe59:60,ff02::204,N/A,N/A,N/A,N/A,N/A,N/A,,,1
1759293117,eth0,111,Ethernet,N/A,N/A,N/A,N/A,N/A,N/A,N/A,N/A,N/A,N/A,N/A,N/A,,,1
1759293117,eth0,70,Ethernet,IPv6,ICMP,N/A,v6,fe80::e48e:99ff:fe5f:147,ff02::204,N/A,N/A,N/A,N/A,N/A,N/A,,,1
1759293117,eth0,90,Ethernet,IPv6,ICMP,N/A,v6,fe80::ecf9:eff:fefb:55,ff02::179,N/A,N/A,N/A,N/A,N/A,N/A,,,1
1759293117,eth0,56,Ethernet,IPv4,N/A,N/A,v4,172.30.0.89,224.0.0.22,N/A,N/A,N/A,N/A,N/A,N/A,,,1
1759293117,any,92,N/A,IPv6,ICMP,N/A,v6,fe80::ecf9:eff:fefb:55,ff02::179,N/A,N/A,N/A,N/A,N/A,N/A,,,1
1759293117,eth0,356,Ethernet,IPv4,UDP,N/A,v4,0.0.0.0,255.255.255.255,68,67,N/A,N/A,N/A,N/A,,,1
1759293117,any,358,N/A,IPv4,UDP,N/A,v4,0.0.0.0,255.255.255.255,68,67,N/A,N/A,N/A,N/A,,,1
1759293117,any,370,N/A,IPv4,UDP,N/A,v4,0.0.0.0,255.255.255.255,68,67,N/A,N/A,N/A,N/A,,,1
1759293117,eth0,368,Ethernet,IPv4,UDP,N/A,v4,0.0.0.0,255.255.255.255,68,67,N/A,N/A,N/A,N/A,,,1
1759293117,eth1,110,Ethernet,IPv6,ICMP,N/A,v6,fe80::103b:bdff:fef0:169,ff02::179,N/A,N/A,N/A,N/A,N/A,N/A,,,1
1759293117,any,112,N/A,IPv6,ICMP,N/A,v6,fe80::103b:bdff:fef0:169,ff02::179,N/A,N/A,N/A,N/A,N/A,N/A,,,1
1759293117,eth0,110,Ethernet,IPv6,ICMP,N/A,v6,fe80::ecf9:eff:fefb:55,ff02::179,N/A,N/A,N/A,N/A,N/A,N/A,,,1
1759293117,eth0,56,Ethernet,IPv4,N/A,N/A,v4,172.30.0.89,224.0.0.22,N/A,N/A,N/A,N/A,N/A,N/A,,,1
1759293117,any,112,N/A,IPv6,ICMP,N/A,v6,fe80::ecf9:eff:fefb:55,ff02::179,N/A,N/A,N/A,N/A,N/A,N/A,,,1
1759293117,eth0,56,Ethernet,IPv4,N/A,N/A,v4,172.30.0.89,224.0.0.22,N/A,N/A,N/A,N/A,N/A,N/A,,,1
1759293117,any,58,N/A,IPv4,N/A,N/A,v4,172.30.0.89,224.0.0.22,N/A,N/A,N/A,N/A,N/A,N/A,,,1
1759293117,eth1,110,Ethernet,IPv6,ICMP,N/A,v6,fe80::103b:bdff:fef0:169,ff02::179,N/A,N/A,N/A,N/A,N/A,N/A,,,1
1759293117,any,112,N/A,IPv6,ICMP,N/A,v6,fe80::103b:bdff:fef0:169,ff02::179,N/A,N/A,N/A,N/A,N/A,N/A,,,1
1759293118,eth0,110,Ethernet,IPv6,ICMP,N/A,v6,fe80::ecf9:eff:fefb:55,ff02::179,N/A,N/A,N/A,N/A,N/A,N/A,,,1
1759293118,any,112,N/A,IPv6,ICMP,N/A,v6,fe80::ecf9:eff:fefb:55,ff02::179,N/A,N/A,N/A,N/A,N/A,N/A,,,1
1759293118,eth0,56,Ethernet,N/A,N/A,N/A,N/A,N/A,N/A,N/A,N/A,N/A,N/A,N/A,N/A,,,1
1759293118,eth0,70,Ethernet,IPv6,ICMP,N/A,v6,fe80::ecf9:eff:fefb:55,ff02::204,N/A,N/A,N/A,N/A,N/A,N/A,,,1
1759293118,any,58,ARP,N/A,N/A,N/A,N/A,N/A,N/A,N/A,N/A,1,2048,172.30.0.89,172.30.0.122,,,1
1759293118,any,72,N/A,IPv6,ICMP,N/A,v6,fe80::ecf9:eff:fefb:55,ff02::204,N/A,N/A,N/A,N/A,N/A,N/A,,,1
1759293118,eth1,70,Ethernet,IPv6,ICMP,N/A,v6,fe80::103b:bdff:fef0:169,ff02::204,N/A,N/A,N/A,N/A,N/A,N/A,,,1
1759293118,any,72,N/A,IPv6,ICMP,N/A,v6,fe80::103b:bdff:fef0:169,ff02::204,N/A,N/A,N/A,N/A,N/A,N/A,,,1
1759293118,eth0,111,Ethernet,N/A,N/A,N/A,N/A,N/A,N/A,N/A,N/A,N/A,N/A,N/A,N/A,,,1
1759293118,any,113,N/A,N/A,N/A,N/A,N/A,N/A,N/A,N/A,N/A,N/A,N/A,N/A,N/A,,,1
1759293118,eth0,107,Ethernet,N/A,N/A,N/A,N/A,N/A,N/A,N/A,N/A,N/A,N/A,N/A,N/A,,,0
1759293118,any,109,N/A,N/A,N/A,N/A,N/A,N/A,N/A,N/A,N/A,N/A,N/A,N/A,N/A,,,0
1759293119,eth1,70,Ethernet,IPv6,ICMP,N/A,v6,fe80::780a:a9ff:fee6:89,ff02::204,N/A,N/A,N/A,N/A,N/A,N/A,,,1
1759293119,any,72,N/A,IPv6,ICMP,N/A,v6,fe80::780a:a9ff:fee6:89,ff02::204,N/A,N/A,N/A,N/A,N/A,N/A,,,1
1759293119,eth0,90,Ethernet,IPv6,ICMP,N/A,v6,fe80::b0b5:44ff:feea:219,ff02::179,N/A,N/A,N/A,N/A,N/A,N/A,,,1
1759293119,eth0,54,Ethernet,IPv4,N/A,N/A,v4,172.30.0.163,224.0.0.22,N/A,N/A,N/A,N/A,N/A,N/A,,,1
1759293119,any,92,N/A,IPv6,ICMP,N/A,v6,fe80::b0b5:44ff:feea:219,ff02::179,N/A,N/A,N/A,N/A,N/A,N/A,,,1
1759293119,any,56,N/A,IPv4,N/A,N/A,v4,172.30.0.163,224.0.0.22,N/A,N/A,N/A,N/A,N/A,N/A,,,1
1759293119,eth0,68,Ethernet,IPv4,UDP,N/A,v4,172.30.0.163,224.0.0.252,5355,5355,N/A,N/A,N/A,N/A,,,1
1759293119,any,70,N/A,IPv4,UDP,N/A,v4,172.30.0.163,224.0.0.252,5355,5355,N/A,N/A,N/A,N/A,,,1
1759293119,eth0,357,Ethernet,IPv4,UDP,N/A,v4,0.0.0.0,255.255.255.255,68,67,N/A,N/A,N/A,N/A,,,1
1759293119,any,359,N/A,IPv4,UDP,N/A,v4,0.0.0.0,255.255.255.255,68,67,N/A,N/A,N/A,N/A,,,1
1759293119,eth0,369,Ethernet,IPv4,UDP,N/A,v4,0.0.0.0,255.255.255.255,68,67,N/A,N/A,N/A,N/A,,,1
1759293119,any,371,N/A,IPv4,UDP,N/A,v4,0.0.0.0,255.255.255.255,68,67,N/A,N/A,N/A,N/A,,,1
1759293119,eth0,110,Ethernet,IPv6,ICMP,N/A,v6,fe80::b0b5:44ff:feea:219,ff02::179,N/A,N/A,N/A,N/A,N/A,N/A,,,1
1759293119,any,112,N/A,IPv6,ICMP,N/A,v6,fe80::b0b5:44ff:feea:219,ff02::179,N/A,N/A,N/A,N/A,N/A,N/A,,,1
1759293119,eth1,110,Ethernet,IPv6,ICMP,N/A,v6,fe80::780a:a9ff:fee6:89,ff02::179,N/A,N/A,N/A,N/A,N/A,N/A,,,1
1759293119,any,112,N/A,IPv6,ICMP,N/A,v6,fe80::780a:a9ff:fee6:89,ff02::179,N/A,N/A,N/A,N/A,N/A,N/A,,,1
1759293119,eth0,110,Ethernet,IPv6,ICMP,N/A,v6,fe80::b0b5:44ff:feea:219,ff02::179,N/A,N/A,N/A,N/A,N/A,N/A,,,1
1759293119,eth0,54,Ethernet,IPv4,N/A,N/A,v4,172.30.0.163,224.0.0.22,N/A,N/A,N/A,N/A,N/A,N/A,,,1
1759293119,any,112,N/A,IPv6,ICMP,N/A,v6,fe80::b0b5:44ff:feea:219,ff02::179,N/A,N/A,N/A,N/A,N/A,N/A,,,1
1759293119,eth0,42,Ethernet,N/A,N/A,N/A,N/A,N/A,N/A,N/A,N/A,N/A,N/A,N/A,N/A,,,1
1759293119,any,44,ARP,N/A,N/A,N/A,N/A,N/A,N/A,N/A,N/A,1,2048,172.30.0.163,172.30.0.122,,,1
1759293119,eth0,111,Ethernet,N/A,N/A,N/A,N/A,N/A,N/A,N/A,N/A,N/A,N/A,N/A,N/A,,,1
1759293119,any,113,N/A,N/A,N/A,N/A,N/A,N/A,N/A,N/A,N/A,N/A,N/A,N/A,N/A,,,1
1759293119,eth0,70,Ethernet,IPv6,ICMP,N/A,v6,fe80::24f1:23ff:fe29:66,ff02::204,N/A,N/A,N/A,N/A,N/A,N/A,,,1
1759293119,any,72,N/A,IPv6,ICMP,N/A,v6,fe80::24f1:23ff:fe29:66,ff02::204,N/A,N/A,N/A,N/A,N/A,N/A,,,1
1759293119,eth0,107,Ethernet,N/A,N/A,N/A,N/A,N/A,N/A,N/A,N/A,N/A,N/A,N/A,N/A,,,0
1759293119,any,109,N/A,N/A,N/A,N/A,N/A,N/A,N/A,N/A,N/A,N/A,N/A,N/A,N/A,,,0
1759293120,eth1,70,Ethernet,IPv6,ICMP,N/A,v6,fe80::7827:e3ff:fe68:239,ff02::204,N/A,N/A,N/A,N/A,N/A,N/A,,,1
1759293120,any,72,N/A,IPv6,ICMP,N/A,v6,fe80::7827:e3ff:fe68:239,ff02::204,N/A,N/A,N/A,N/A,N/A,N/A,,,1
1759293120,eth0,54,Ethernet,IPv4,N/A,N/A,v4,172.30.0.163,224.0.0.22,N/A,N/A,N/A,N/A,N/A,N/A,,,1
1759293120,any,56,N/A,IPv4,N/A,N/A,v4,172.30.0.163,224.0.0.22,N/A,N/A,N/A,N/A,N/A,N/A,,,1
1759293120,eth0,90,Ethernet,IPv6,ICMP,N/A,v6,fe80::24f1:23ff:fe29:66,ff02::179,N/A,N/A,N/A,N/A,N/A,N/A,,,1
1759293120,eth0,54,Ethernet,IPv4,N/A,N/A,v4,172.30.0.23,224.0.0.22,N/A,N/A,N/A,N/A,N/A,N/A,,,1
1759293120,any,92,N/A,IPv6,ICMP,N/A,v6,fe80::24f1:23ff:fe29:66,ff02::179,N/A,N/A,N/A,N/A,N/A,N/A,,,1
1759293120,eth0,67,Ethernet,IPv4,UDP,N/A,v4,172.30.0.23,224.0.0.252,5355,5355,N/A,N/A,N/A,N/A,,,1
1759293120,eth0,87,Ethernet,IPv6,UDP,N/A,v6,fe80::24f1:23ff:fe29:66,ff02::1:52,5355,5355,N/A,N/A,N/A,N/A,,,1
1759293120,any,69,N/A,IPv4,UDP,N/A,v4,172.30.0.23,224.0.0.252,5355,5355,N/A,N/A,N/A,N/A,,,1
1759293120,eth0,356,Ethernet,IPv4,UDP,N/A,v4,0.0.0.0,255.255.255.255,68,67,N/A,N/A,N/A,N/A,,,1
1759293120,any,358,N/A,IPv4,UDP,N/A,v4,0.0.0.0,255.255.255.255,68,67,N/A,N/A,N/A,N/A,,,1
1759293120,eth1,110,Ethernet,IPv6,ICMP,N/A,v6,fe80::7827:e3ff:fe68:239,ff02::179,N/A,N/A,N/A,N/A,N/A,N/A,,,1
1759293120,any,112,N/A,IPv6,ICMP,N/A,v6,fe80::7827:e3ff:fe68:239,ff02::179,N/A,N/A,N/A,N/A,N/A,N/A,,,1
1759293120,eth0,368,Ethernet,IPv4,UDP,N/A,v4,0.0.0.0,255.255.255.255,68,67,N/A,N/A,N/A,N/A,,,1
1759293120,any,370,N/A,IPv4,UDP,N/A,v4,0.0.0.0,255.255.255.255,68,67,N/A,N/A,N/A,N/A,,,1
1759293120,eth0,110,Ethernet,IPv6,ICMP,N/A,v6,fe80::24f1:23ff:fe29:66,ff02::179,N/A,N/A,N/A,N/A,N/A,N/A,,,1
1759293120,any,112,N/A,IPv6,ICMP,N/A,v6,fe80::24f1:23ff:fe29:66,ff02::179,N/A,N/A,N/A,N/A,N/A,N/A,,,1
1759293120,eth0,110,Ethernet,IPv6,ICMP,N/A,v6,fe80::24f1:23ff:fe29:66,ff02::179,N/A,N/A,N/A,N/A,N/A,N/A,,,1
1759293120,eth0,54,Ethernet,IPv4,N/A,N/A,v4,172.30.0.23,224.0.0.22,N/A,N/A,N/A,N/A,N/A,N/A,,,1
1759293120,any,112,N/A,IPv6,ICMP,N/A,v6,fe80::24f1:23ff:fe29:66,ff02::179,N/A,N/A,N/A,N/A,N/A,N/A,,,1
1759293120,eth0,42,Ethernet,N/A,N/A,N/A,N/A,N/A,N/A,N/A,N/A,N/A,N/A,N/A,N/A,,,1
1759293120,any,44,ARP,N/A,N/A,N/A,N/A,N/A,N/A,N/A,N/A,1,2048,172.30.0.23,172.30.0.122,,,1
1759293120,eth0,70,Ethernet,IPv6,ICMP,N/A,v6,fe80::b0b5:44ff:feea:219,ff02::204,N/A,N/A,N/A,N/A,N/A,N/A,,,1
1759293120,any,72,N/A,IPv6,ICMP,N/A,v6,fe80::780a:a9ff:fee6:89,ff02::204,N/A,N/A,N/A,N/A,N/A,N/A,,,1
1759293120,eth1,70,Ethernet,IPv6,ICMP,N/A,v6,fe80::780a:a9ff:fee6:89,ff02::204,N/A,N/A,N/A,N/A,N/A,N/A,,,1
1759293120,eth0,54,Ethernet,IPv4,N/A,N/A,v4,172.30.0.23,224.0.0.22,N/A,N/A,N/A,N/A,N/A,N/A,,,1
1759293120,any,56,N/A,IPv4,N/A,N/A,v4,172.30.0.23,224.0.0.22,N/A,N/A,N/A,N/A,N/A,N/A,,,1
1759293120,eth0,90,Ethernet,IPv6,ICMP,N/A,v6,fe80::b0b5:44ff:feea:219,ff02::179,N/A,N/A,N/A,N/A,N/A,N/A,,,1
1759293120,any,112,N/A,IPv6,ICMP,N/A,v6,fe80::780a:a9ff:fee6:89,ff02::179,N/A,N/A,N/A,N/A,N/A,N/A,,,1
1759293120,any,92,N/A,IPv6,ICMP,N/A,v6,fe80::b0b5:44ff:feea:219,ff02::179,N/A,N/A,N/A,N/A,N/A,N/A,,,1
1759293120,eth1,110,Ethernet,IPv6,ICMP,N/A,v6,fe80::780a:a9ff:fee6:89,ff02::179,N/A,N/A,N/A,N/A,N/A,N/A,,,1
1759293120,eth0,90,Ethernet,IPv6,ICMP,N/A,v6,fe80::e48e:99ff:fe5f:147,ff02::179,N/A,N/A,N/A,N/A,N/A,N/A,,,1
1759293120,eth0,54,Ethernet,IPv4,N/A,N/A,v4,172.30.0.220,224.0.0.22,N/A,N/A,N/A,N/A,N/A,N/A,,,1
1759293120,any,92,N/A,IPv6,ICMP,N/A,v6,fe80::e48e:99ff:fe5f:147,ff02::179,N/A,N/A,N/A,N/A,N/A,N/A,,,1
1759293120,eth0,91,Ethernet,IPv6,UDP,N/A,v6,fe80::e48e:99ff:fe5f:147,ff02::1:52,5355,5355,N/A,N/A,N/A,N/A,,,1
1759293120,eth0,71,Ethernet,IPv4,UDP,N/A,v4,172.30.0.220,224.0.0.252,5355,5355,N/A,N/A,N/A,N/A,,,1
1759293120,any,93,N/A,IPv6,UDP,N/A,v6,fe80::e48e:99ff:fe5f:147,ff02::1:52,5355,5355,N/A,N/A,N/A,N/A,,,1
1759293120,eth2,110,Ethernet,IPv6,ICMP,N/A,v6,fe80::dcac:f9ff:fe59:60,ff02::179,N/A,N/A,N/A,N/A,N/A,N/A,,,1
1759293120,any,112,N/A,IPv6,ICMP,N/A,v6,fe80::f056:abff:fe65:143,ff02::179,N/A,N/A,N/A,N/A,N/A,N/A,,,1
1759293120,eth1,110,Ethernet,IPv6,ICMP,N/A,v6,fe80::f056:abff:fe65:143,ff02::179,N/A,N/A,N/A,N/A,N/A,N/A,,,1
1759293120,eth0,360,Ethernet,IPv4,UDP,N/A,v4,0.0.0.0,255.255.255.255,68,67,N/A,N/A,N/A,N/A,,,1
1759293120,any,362,N/A,IPv4,UDP,N/A,v4,0.0.0.0,255.255.255.255,68,67,N/A,N/A,N/A,N/A,,,1
1759293120,eth0,372,Ethernet,IPv4,UDP,N/A,v4,0.0.0.0,255.255.255.255,68,67,N/A,N/A,N/A,N/A,,,1
1759293120,any,374,N/A,IPv4,UDP,N/A,v4,0.0.0.0,255.255.255.255,68,67,N/A,N/A,N/A,N/A,,,1
1759293120,eth0,110,Ethernet,IPv6,ICMP,N/A,v6,fe80::e48e:99ff:fe5f:147,ff02::179,N/A,N/A,N/A,N/A,N/A,N/A,,,1
1759293120,any,112,N/A,IPv6,ICMP,N/A,v6,fe80::e48e:99ff:fe5f:147,ff02::179,N/A,N/A,N/A,N/A,N/A,N/A,,,1
1759293120,eth0,110,Ethernet,IPv6,ICMP,N/A,v6,fe80::e48e:99ff:fe5f:147,ff02::179,N/A,N/A,N/A,N/A,N/A,N/A,,,1
1759293120,eth0,54,Ethernet,IPv4,N/A,N/A,v4,172.30.0.220,224.0.0.22,N/A,N/A,N/A,N/A,N/A,N/A,,,1
1759293120,any,112,N/A,IPv6,ICMP,N/A,v6,fe80::e48e:99ff:fe5f:147,ff02::179,N/A,N/A,N/A,N/A,N/A,N/A,,,1
1759293120,eth1,110,Ethernet,IPv6,ICMP,N/A,v6,fe80::7827:e3ff:fe68:239,ff02::179,N/A,N/A,N/A,N/A,N/A,N/A,,,1
1759293120,any,112,N/A,IPv6,ICMP,N/A,v6,fe80::7827:e3ff:fe68:239,ff02::179,N/A,N/A,N/A,N/A,N/A,N/A,,,1
1759293120,eth0,90,Ethernet,IPv6,ICMP,N/A,v6,fe80::e48e:99ff:fe5f:147,ff02::179,N/A,N/A,N/A,N/A,N/A,N/A,,,1
1759293120,any,92,N/A,IPv6,ICMP,N/A,v6,fe80::e48e:99ff:fe5f:147,ff02::179,N/A,N/A,N/A,N/A,N/A,N/A,,,1
1759293120,eth0,90,Ethernet,IPv6,ICMP,N/A,v6,fe80::5ca9:83ff:fe87:27,ff02::179,N/A,N/A,N/A,N/A,N/A,N/A,,,0
1759293120,eth0,54,Ethernet,IPv4,N/A,N/A,v4,172.30.0.220,224.0.0.22,N/A,N/A,N/A,N/A,N/A,N/A,,,0
1759293120,any,92,N/A,IPv6,ICMP,N/A,v6,fe80::5ca9:83ff:fe87:27,ff02::179,N/A,N/A,N/A,N/A,N/A,N/A,,,0
1759293120,eth0,87,Ethernet,IPv6,UDP,N/A,v6,fe80::5ca9:83ff:fe87:27,ff02::1:52,5355,5355,N/A,N/A,N/A,N/A,,,0
1759293120,any,89,N/A,IPv6,UDP,N/A,v6,fe80::5ca9:83ff:fe87:27,ff02::1:52,5355,5355,N/A,N/A,N/A,N/A,,,0
1759293120,eth0,67,Ethernet,IPv4,UDP,N/A,v4,172.30.0.220,224.0.0.252,5355,5355,N/A,N/A,N/A,N/A,,,0
1759293120,any,69,N/A,IPv4,UDP,N/A,v4,172.30.0.220,224.0.0.252,5355,5355,N/A,N/A,N/A,N/A,,,0
1759293120,eth0,356,Ethernet,IPv4,UDP,N/A,v4,0.0.0.0,255.255.255.255,68,67,N/A,N/A,N/A,N/A,,,0
1759293120,any,358,N/A,IPv4,UDP,N/A,v4,0.0.0.0,255.255.255.255,68,67,N/A,N/A,N/A,N/A,,,0
1759293120,eth0,368,Ethernet,IPv4,UDP,N/A,v4,0.0.0.0,255.255.255.255,68,67,N/A,N/A,N/A,N/A,,,0
1759293120,any,370,N/A,IPv4,UDP,N/A,v4,0.0.0.0,255.255.255.255,68,67,N/A,N/A,N/A,N/A,,,0
1759293120,eth1,110,Ethernet,IPv6,ICMP,N/A,v6,fe80::a824:52ff:fe4f:69,ff02::179,N/A,N/A,N/A,N/A,N/A,N/A,,,0
1759293120,any,56,N/A,IPv4,N/A,N/A,v4,172.30.0.220,224.0.0.22,N/A,N/A,N/A,N/A,N/A,N/A,,,0
1759293120,eth0,54,Ethernet,IPv4,N/A,N/A,v4,172.30.0.220,224.0.0.22,N/A,N/A,N/A,N/A,N/A,N/A,,,0
1759293120,any,112,N/A,IPv6,ICMP,N/A,v6,fe80::5ca9:83ff:fe87:27,ff02::179,N/A,N/A,N/A,N/A,N/A,N/A,,,0
1759293120,eth0,110,Ethernet,IPv6,ICMP,N/A,v6,fe80::5ca9:83ff:fe87:27,ff02::179,N/A,N/A,N/A,N/A,N/A,N/A,,,0
1759293120,any,112,N/A,IPv6,ICMP,N/A,v6,fe80::5ca9:83ff:fe87:27,ff02::179,N/A,N/A,N/A,N/A,N/A,N/A,,,0
1759293120,eth0,110,Ethernet,IPv6,ICMP,N/A,v6,fe80::5ca9:83ff:fe87:27,ff02::179,N/A,N/A,N/A,N/A,N/A,N/A,,,0
1759293120,any,112,N/A,IPv6,ICMP,N/A,v6,fe80::a824:52ff:fe4f:69,ff02::179,N/A,N/A,N/A,N/A,N/A,N/A,,,0
1759293120,eth1,110,Ethernet,IPv6,ICMP,N/A,v6,fe80::a824:52ff:fe4f:69,ff02::179,N/A,N/A,N/A,N/A,N/A,N/A,,,0
1759293120,any,44,ARP,N/A,N/A,N/A,N/A,N/A,N/A,N/A,N/A,1,2048,172.30.0.220,172.30.0.122,,,1
1759293120,any,58,ARP,N/A,N/A,N/A,N/A,N/A,N/A,N/A,N/A,2,2048,172.30.0.122,172.30.0.220,,,1
1759293120,any,58,ARP,N/A,N/A,N/A,N/A,N/A,N/A,N/A,N/A,2,2048,172.30.0.122,172.30.0.220,,,1
1759293120,eth0,42,Ethernet,N/A,N/A,N/A,N/A,N/A,N/A,N/A,N/A,N/A,N/A,N/A,N/A,,,1
1759293120,eth0,56,Ethernet,N/A,N/A,N/A,N/A,N/A,N/A,N/A,N/A,N/A,N/A,N/A,N/A,,,1
1759293120,eth0,56,Ethernet,N/A,N/A,N/A,N/A,N/A,N/A,N/A,N/A,N/A,N/A,N/A,N/A,,,1
1759293120,eth2,110,Ethernet,IPv6,ICMP,N/A,v6,fe80::dcac:f9ff:fe59:60,ff02::179,N/A,N/A,N/A,N/A,N/A,N/A,,,1
1759293120,any,56,N/A,IPv4,N/A,N/A,v4,172.30.0.220,224.0.0.22,N/A,N/A,N/A,N/A,N/A,N/A,,,1
1759293120,eth0,54,Ethernet,IPv4,N/A,N/A,v4,172.30.0.220,224.0.0.22,N/A,N/A,N/A,N/A,N/A,N/A,,,1
1759293121,eth0,54,Ethernet,IPv4,N/A,N/A,v4,172.30.0.220,224.0.0.22,N/A,N/A,N/A,N/A,N/A,N/A,,,0
1759293121,eth0,70,Ethernet,IPv6,ICMP,N/A,v6,fe80::24f1:23ff:fe29:66,ff02::204,N/A,N/A,N/A,N/A,N/A,N/A,,,1
1759293121,any,72,N/A,IPv6,ICMP,N/A,v6,fe80::7827:e3ff:fe68:239,ff02::204,N/A,N/A,N/A,N/A,N/A,N/A,,,1
1759293121,eth1,70,Ethernet,IPv6,ICMP,N/A,v6,fe80::7827:e3ff:fe68:239,ff02::204,N/A,N/A,N/A,N/A,N/A,N/A,,,1
1759293121,eth0,90,Ethernet,IPv6,ICMP,N/A,v6,fe80::24f1:23ff:fe29:66,ff02::179,N/A,N/A,N/A,N/A,N/A,N/A,,,1
1759293121,any,92,N/A,IPv6,ICMP,N/A,v6,fe80::24f1:23ff:fe29:66,ff02::179,N/A,N/A,N/A,N/A,N/A,N/A,,,1
1759293121,eth1,110,Ethernet,IPv6,ICMP,N/A,v6,fe80::f056:abff:fe65:143,ff02::179,N/A,N/A,N/A,N/A,N/A,N/A,,,1
1759293121,any,112,N/A,IPv6,ICMP,N/A,v6,fe80::f056:abff:fe65:143,ff02::179,N/A,N/A,N/A,N/A,N/A,N/A,,,1
1759293121,eth1,70,Ethernet,IPv6,ICMP,N/A,v6,fe80::f056:abff:fe65:143,ff02::204,N/A,N/A,N/A,N/A,N/A,N/A,,,1
1759293121,any,72,N/A,IPv6,ICMP,N/A,v6,fe80::dcac:f9ff:fe59:60,ff02::204,N/A,N/A,N/A,N/A,N/A,N/A,,,1
1759293121,eth2,70,Ethernet,IPv6,ICMP,N/A,v6,fe80::dcac:f9ff:fe59:60,ff02::204,N/A,N/A,N/A,N/A,N/A,N/A,,,1
1759293121,eth0,111,Ethernet,N/A,N/A,N/A,N/A,N/A,N/A,N/A,N/A,N/A,N/A,N/A,N/A,,,1
1759293121,eth0,70,Ethernet,IPv6,ICMP,N/A,v6,fe80::e48e:99ff:fe5f:147,ff02::204,N/A,N/A,N/A,N/A,N/A,N/A,,,1
1759293121,eth0,42,Ethernet,N/A,N/A,N/A,N/A,N/A,N/A,N/A,N/A,N/A,N/A,N/A,N/A,,,0
1759293121,eth0,56,Ethernet,N/A,N/A,N/A,N/A,N/A,N/A,N/A,N/A,N/A,N/A,N/A,N/A,,,0
1759293121,eth0,56,Ethernet,N/A,N/A,N/A,N/A,N/A,N/A,N/A,N/A,N/A,N/A,N/A,N/A,,,0
1759293121,eth0,70,Ethernet,IPv6,ICMP,N/A,v6,fe80::5ca9:83ff:fe87:27,ff02::204,N/A,N/A,N/A,N/A,N/A,N/A,,,0
1759293121,any,56,N/A,IPv4,N/A,N/A,v4,172.30.0.220,224.0.0.22,N/A,N/A,N/A,N/A,N/A,N/A,,,0
1759293121,any,44,ARP,N/A,N/A,N/A,N/A,N/A,N/A,N/A,N/A,1,2048,172.30.0.220,172.30.0.122,,,0
1759293121,any,58,ARP,N/A,N/A,N/A,N/A,N/A,N/A,N/A,N/A,2,2048,172.30.0.122,172.30.0.220,,,0
1759293121,any,58,ARP,N/A,N/A,N/A,N/A,N/A,N/A,N/A,N/A,2,2048,172.30.0.122,172.30.0.220,,,0
1759293121,any,72,N/A,IPv6,ICMP,N/A,v6,fe80::5ca9:83ff:fe87:27,ff02::204,N/A,N/A,N/A,N/A,N/A,N/A,,,0
1759293121,any,72,N/A,IPv6,ICMP,N/A,v6,fe80::a824:52ff:fe4f:69,ff02::204,N/A,N/A,N/A,N/A,N/A,N/A,,,0
1759293121,eth1,70,Ethernet,IPv6,ICMP,N/A,v6,fe80::a824:52ff:fe4f:69,ff02::204,N/A,N/A,N/A,N/A,N/A,N/A,,,0
1759293121,eth0,107,Ethernet,N/A,N/A,N/A,N/A,N/A,N/A,N/A,N/A,N/A,N/A,N/A,N/A,,,0
1759293121,any,109,N/A,N/A,N/A,N/A,N/A,N/A,N/A,N/A,N/A,N/A,N/A,N/A,N/A,,,0
1759293122,eth1,70,Ethernet,IPv6,ICMP,N/A,v6,fe80::103b:bdff:fef0:169,ff02::204,N/A,N/A,N/A,N/A,N/A,N/A,,,1
1759293122,any,72,N/A,IPv6,ICMP,N/A,v6,fe80::103b:bdff:fef0:169,ff02::204,N/A,N/A,N/A,N/A,N/A,N/A,,,1
1759293122,eth0,111,Ethernet,N/A,N/A,N/A,N/A,N/A,N/A,N/A,N/A,N/A,N/A,N/A,N/A,,,1
1759293122,any,113,N/A,N/A,N/A,N/A,N/A,N/A,N/A,N/A,N/A,N/A,N/A,N/A,N/A,,,1
1759293122,eth0,70,Ethernet,IPv6,ICMP,N/A,v6,fe80::ecf9:eff:fefb:55,ff02::204,N/A,N/A,N/A,N/A,N/A,N/A,,,1
1759293122,any,72,N/A,IPv6,ICMP,N/A,v6,fe80::ecf9:eff:fefb:55,ff02::204,N/A,N/A,N/A,N/A,N/A,N/A,,,1
1759293122,eth0,90,Ethernet,IPv6,ICMP,N/A,v6,fe80::ecf9:eff:fefb:55,ff02::179,N/A,N/A,N/A,N/A,N/A,N/A,,,1
1759293122,eth0,56,Ethernet,IPv4,N/A,N/A,v4,172.30.0.89,224.0.0.22,N/A,N/A,N/A,N/A,N/A,N/A,,,1
1759293122,any,92,N/A,IPv6,ICMP,N/A,v6,fe80::ecf9:eff:fefb:55,ff02::179,N/A,N/A,N/A,N/A,N/A,N/A,,,1
1759293122,eth0,67,Ethernet,IPv4,UDP,N/A,v4,172.30.0.89,224.0.0.252,5355,5355,N/A,N/A,N/A,N/A,,,1
1759293122,any,69,N/A,IPv4,UDP,N/A,v4,172.30.0.89,224.0.0.252,5355,5355,N/A,N/A,N/A,N/A,,,1
1759293122,eth0,356,Ethernet,IPv4,UDP,N/A,v4,0.0.0.0,255.255.255.255,68,67,N/A,N/A,N/A,N/A,,,1
1759293122,any,358,N/A,IPv4,UDP,N/A,v4,0.0.0.0,255.255.255.255,68,67,N/A,N/A,N/A,N/A,,,1
1759293122,eth0,368,Ethernet,IPv4,UDP,N/A,v4,0.0.0.0,255.255.255.255,68,67,N/A,N/A,N/A,N/A,,,1
1759293122,any,370,N/A,IPv4,UDP,N/A,v4,0.0.0.0,255.255.255.255,68,67,N/A,N/A,N/A,N/A,,,1
1759293122,eth0,110,Ethernet,IPv6,ICMP,N/A,v6,fe80::ecf9:eff:fefb:55,ff02::179,N/A,N/A,N/A,N/A,N/A,N/A,,,1
1759293122,any,112,N/A,IPv6,ICMP,N/A,v6,fe80::103b:bdff:fef0:169,ff02::179,N/A,N/A,N/A,N/A,N/A,N/A,,,1
1759293122,any,112,N/A,IPv6,ICMP,N/A,v6,fe80::ecf9:eff:fefb:55,ff02::179,N/A,N/A,N/A,N/A,N/A,N/A,,,1
1759293122,eth1,110,Ethernet,IPv6,ICMP,N/A,v6,fe80::103b:bdff:fef0:169,ff02::179,N/A,N/A,N/A,N/A,N/A,N/A,,,1
1759293122,eth0,110,Ethernet,IPv6,ICMP,N/A,v6,fe80::ecf9:eff:fefb:55,ff02::179,N/A,N/A,N/A,N/A,N/A,N/A,,,1
1759293122,eth0,56,Ethernet,IPv4,N/A,N/A,v4,172.30.0.89,224.0.0.22,N/A,N/A,N/A,N/A,N/A,N/A,,,1
1759293122,any,112,N/A,IPv6,ICMP,N/A,v6,fe80::ecf9:eff:fefb:55,ff02::179,N/A,N/A,N/A,N/A,N/A,N/A,,,1
1759293122,any,58,N/A,IPv4,N/A,N/A,v4,172.30.0.89,224.0.0.22,N/A,N/A,N/A,N/A,N/A,N/A,,,1
1759293122,eth0,56,Ethernet,N/A,N/A,N/A,N/A,N/A,N/A,N/A,N/A,N/A,N/A,N/A,N/A,,,1
1759293122,any,58,ARP,N/A,N/A,N/A,N/A,N/A,N/A,N/A,N/A,1,2048,172.30.0.89,172.30.0.122,,,1
1759293122,eth1,110,Ethernet,IPv6,ICMP,N/A,v6,fe80::103b:bdff:fef0:169,ff02::179,N/A,N/A,N/A,N/A,N/A,N/A,,,1
1759293122,any,112,N/A,IPv6,ICMP,N/A,v6,fe80::103b:bdff:fef0:169,ff02::179,N/A,N/A,N/A,N/A,N/A,N/A,,,1
1759293122,eth0,107,Ethernet,N/A,N/A,N/A,N/A,N/A,N/A,N/A,N/A,N/A,N/A,N/A,N/A,,,0
1759293122,any,109,N/A,N/A,N/A,N/A,N/A,N/A,N/A,N/A,N/A,N/A,N/A,N/A,N/A,,,0
1759293123,eth0,90,Ethernet,IPv6,ICMP,N/A,v6,fe80::ecf9:eff:fefb:55,ff02::179,N/A,N/A,N/A,N/A,N/A,N/A,,,1
1759293123,any,92,N/A,IPv6,ICMP,N/A,v6,fe80::ecf9:eff:fefb:55,ff02::179,N/A,N/A,N/A,N/A,N/A,N/A,,,1
1759293123,eth0,70,Ethernet,IPv6,ICMP,N/A,v6,fe80::ecf9:eff:fefb:55,ff02::204,N/A,N/A,N/A,N/A,N/A,N/A,,,1
1759293123,any,72,N/A,IPv6,ICMP,N/A,v6,fe80::ecf9:eff:fefb:55,ff02::204,N/A,N/A,N/A,N/A,N/A,N/A,,,1
1759293123,eth1,70,Ethernet,IPv6,ICMP,N/A,v6,fe80::103b:bdff:fef0:169,ff02::204,N/A,N/A,N/A,N/A,N/A,N/A,,,1
1759293123,any,72,N/A,IPv6,ICMP,N/A,v6,fe80::103b:bdff:fef0:169,ff02::204,N/A,N/A,N/A,N/A,N/A,N/A,,,1
1759293123,eth0,90,Ethernet,IPv6,ICMP,N/A,v6,fe80::b0b5:44ff:feea:219,ff02::179,N/A,N/A,N/A,N/A,N/A,N/A,,,1
1759293123,eth0,54,Ethernet,IPv4,N/A,N/A,v4,172.30.0.163,224.0.0.22,N/A,N/A,N/A,N/A,N/A,N/A,,,1
1759293123,any,92,N/A,IPv6,ICMP,N/A,v6,fe80::b0b5:44ff:feea:219,ff02::179,N/A,N/A,N/A,N/A,N/A,N/A,,,1
1759293123,eth0,88,Ethernet,IPv6,UDP,N/A,v6,fe80::b0b5:44ff:feea:219,ff02::1:52,5355,5355,N/A,N/A,N/A,N/A,,,1
1759293123,any,90,N/A,IPv6,UDP,N/A,v6,fe80::b0b5:44ff:feea:219,ff02::1:52,5355,5355,N/A,N/A,N/A,N/A,,,1
1759293123,eth0,357,Ethernet,IPv4,UDP,N/A,v4,0.0.0.0,255.255.255.255,68,67,N/A,N/A,N/A,N/A,,,1
1759293123,any,359,N/A,IPv4,UDP,N/A,v4,0.0.0.0,255.255.255.255,68,67,N/A,N/A,N/A,N/A,,,1
1759293123,eth0,56,Ethernet,IPv4,N/A,N/A,v4,172.30.0.89,224.0.0.22,N/A,N/A,N/A,N/A,N/A,N/A,,,1
1759293123,eth0,369,Ethernet,IPv4,UDP,N/A,v4,0.0.0.0,255.255.255.255,68,67,N/A,N/A,N/A,N/A,,,1
1759293123,any,371,N/A,IPv4,UDP,N/A,v4,0.0.0.0,255.255.255.255,68,67,N/A,N/A,N/A,N/A,,,1
1759293123,eth1,110,Ethernet,IPv6,ICMP,N/A,v6,fe80::780a:a9ff:fee6:89,ff02::179,N/A,N/A,N/A,N/A,N/A,N/A,,,1
1759293123,any,112,N/A,IPv6,ICMP,N/A,v6,fe80::780a:a9ff:fee6:89,ff02::179,N/A,N/A,N/A,N/A,N/A,N/A,,,1
1759293123,eth0,110,Ethernet,IPv6,ICMP,N/A,v6,fe80::b0b5:44ff:feea:219,ff02::179,N/A,N/A,N/A,N/A,N/A,N/A,,,1
1759293123,eth0,54,Ethernet,IPv4,N/A,N/A,v4,172.30.0.163,224.0.0.22,N/A,N/A,N/A,N/A,N/A,N/A,,,1
1759293123,eth0,42,Ethernet,N/A,N/A,N/A,N/A,N/A,N/A,N/A,N/A,N/A,N/A,N/A,N/A,,,1
1759293123,any,112,N/A,IPv6,ICMP,N/A,v6,fe80::b0b5:44ff:feea:219,ff02::179,N/A,N/A,N/A,N/A,N/A,N/A,,,1
1759293123,any,44,ARP,N/A,N/A,N/A,N/A,N/A,N/A,N/A,N/A,1,2048,172.30.0.163,172.30.0.122,,,1
1759293123,eth0,90,Ethernet,IPv6,ICMP,N/A,v6,fe80::24f1:23ff:fe29:66,ff02::179,N/A,N/A,N/A,N/A,N/A,N/A,,,1
1759293123,eth0,54,Ethernet,IPv4,N/A,N/A,v4,172.30.0.23,224.0.0.22,N/A,N/A,N/A,N/A,N/A,N/A,,,1
1759293123,any,92,N/A,IPv6,ICMP,N/A,v6,fe80::24f1:23ff:fe29:66,ff02::179,N/A,N/A,N/A,N/A,N/A,N/A,,,1
1759293123,eth0,111,Ethernet,N/A,N/A,N/A,N/A,N/A,N/A,N/A,N/A,N/A,N/A,N/A,N/A,,,1
1759293123,any,113,N/A,N/A,N/A,N/A,N/A,N/A,N/A,N/A,N/A,N/A,N/A,N/A,N/A,,,1
1759293123,eth0,67,Ethernet,IPv4,UDP,N/A,v4,172.30.0.23,224.0.0.252,5355,5355,N/A,N/A,N/A,N/A,,,1
1759293123,eth0,87,Ethernet,IPv6,UDP,N/A,v6,fe80::24f1:23ff:fe29:66,ff02::1:52,5355,5355,N/A,N/A,N/A,N/A,,,1
1759293123,any,69,N/A,IPv4,UDP,N/A,v4,172.30.0.23,224.0.0.252,5355,5355,N/A,N/A,N/A,N/A,,,1
1759293123,eth0,356,Ethernet,IPv4,UDP,N/A,v4,0.0.0.0,255.255.255.255,68,67,N/A,N/A,N/A,N/A,,,1
1759293123,any,358,N/A,IPv4,UDP,N/A,v4,0.0.0.0,255.255.255.255,68,67,N/A,N/A,N/A,N/A,,,1
1759293123,eth0,368,Ethernet,IPv4,UDP,N/A,v4,0.0.0.0,255.255.255.255,68,67,N/A,N/A,N/A,N/A,,,1
1759293123,any,370,N/A,IPv4,UDP,N/A,v4,0.0.0.0,255.255.255.255,68,67,N/A,N/A,N/A,N/A,,,1
1759293123,eth1,110,Ethernet,IPv6,ICMP,N/A,v6,fe80::7827:e3ff:fe68:239,ff02::179,N/A,N/A,N/A,N/A,N/A,N/A,,,1
1759293123,any,112,N/A,IPv6,ICMP,N/A,v6,fe80::7827:e3ff:fe68:239,ff02::179,N/A,N/A,N/A,N/A,N/A,N/A,,,1
1759293123,eth0,110,Ethernet,IPv6,ICMP,N/A,v6,fe80::24f1:23ff:fe29:66,ff02::179,N/A,N/A,N/A,N/A,N/A,N/A,,,1
1759293123,eth0,54,Ethernet,IPv4,N/A,N/A,v4,172.30.0.23,224.0.0.22,N/A,N/A,N/A,N/A,N/A,N/A,,,1
1759293123,any,112,N/A,IPv6,ICMP,N/A,v6,fe80::24f1:23ff:fe29:66,ff02::179,N/A,N/A,N/A,N/A,N/A,N/A,,,1
1759293123,eth0,107,Ethernet,N/A,N/A,N/A,N/A,N/A,N/A,N/A,N/A,N/A,N/A,N/A,N/A,,,0
1759293123,any,109,N/A,N/A,N/A,N/A,N/A,N/A,N/A,N/A,N/A,N/A,N/A,N/A,N/A,,,0
1759293124,eth1,110,Ethernet,IPv6,ICMP,N/A,v6,fe80::780a:a9ff:fee6:89,ff02::179,N/A,N/A,N/A,N/A,N/A,N/A,,,1
1759293124,any,112,N/A,IPv6,ICMP,N/A,v6,fe80::780a:a9ff:fee6:89,ff02::179,N/A,N/A,N/A,N/A,N/A,N/A,,,1
1759293124,eth0,56,Ethernet,IPv4,N/A,N/A,v4,172.30.0.89,224.0.0.22,N/A,N/A,N/A,N/A,N/A,N/A,,,1
1759293124,eth0,90,Ethernet,IPv6,ICMP,N/A,v6,fe80::ecf9:eff:fefb:55,ff02::179,N/A,N/A,N/A,N/A,N/A,N/A,,,1
1759293124,any,58,N/A,IPv4,N/A,N/A,v4,172.30.0.89,224.0.0.22,N/A,N/A,N/A,N/A,N/A,N/A,,,1
1759293124,eth0,87,Ethernet,IPv6,UDP,N/A,v6,fe80::ecf9:eff:fefb:55,ff02::1:52,5355,5355,N/A,N/A,N/A,N/A,,,1
1759293124,any,89,N/A,IPv6,UDP,N/A,v6,fe80::ecf9:eff:fefb:55,ff02::1:52,5355,5355,N/A,N/A,N/A,N/A,,,1
1759293124,eth0,356,Ethernet,IPv4,UDP,N/A,v4,0.0.0.0,255.255.255.255,68,67,N/A,N/A,N/A,N/A,,,1
1759293124,any,358,N/A,IPv4,UDP,N/A,v4,0.0.0.0,255.255.255.255,68,67,N/A,N/A,N/A,N/A,,,1
1759293124,eth0,42,Ethernet,N/A,N/A,N/A,N/A,N/A,N/A,N/A,N/A,N/A,N/A,N/A,N/A,,,1
1759293124,eth0,368,Ethernet,IPv4,UDP,N/A,v4,0.0.0.0,255.255.255.255,68,67,N/A,N/A,N/A,N/A,,,1
1759293124,any,44,ARP,N/A,N/A,N/A,N/A,N/A,N/A,N/A,N/A,1,2048,172.30.0.23,172.30.0.122,,,1
1759293124,any,112,N/A,IPv6,ICMP,N/A,v6,fe80::103b:bdff:fef0:169,ff02::179,N/A,N/A,N/A,N/A,N/A,N/A,,,1
1759293124,eth1,110,Ethernet,IPv6,ICMP,N/A,v6,fe80::103b:bdff:fef0:169,ff02::179,N/A,N/A,N/A,N/A,N/A,N/A,,,1
1759293124,eth0,110,Ethernet,IPv6,ICMP,N/A,v6,fe80::ecf9:eff:fefb:55,ff02::179,N/A,N/A,N/A,N/A,N/A,N/A,,,1
1759293124,eth0,56,Ethernet,IPv4,N/A,N/A,v4,172.30.0.89,224.0.0.22,N/A,N/A,N/A,N/A,N/A,N/A,,,1
1759293124,any,112,N/A,IPv6,ICMP,N/A,v6,fe80::ecf9:eff:fefb:55,ff02::179,N/A,N/A,N/A,N/A,N/A,N/A,,,1
1759293124,eth0,110,Ethernet,IPv6,ICMP,N/A,v6,fe80::24f1:23ff:fe29:66,ff02::179,N/A,N/A,N/A,N/A,N/A,N/A,,,1
1759293124,any,112,N/A,IPv6,ICMP,N/A,v6,fe80::24f1:23ff:fe29:66,ff02::179,N/A,N/A,N/A,N/A,N/A,N/A,,,1
1759293124,eth0,56,Ethernet,N/A,N/A,N/A,N/A,N/A,N/A,N/A,N/A,N/A,N/A,N/A,N/A,,,1
1759293124,any,58,ARP,N/A,N/A,N/A,N/A,N/A,N/A,N/A,N/A,1,2048,172.30.0.89,172.30.0.122,,,1
1759293124,eth1,70,Ethernet,IPv6,ICMP,N/A,v6,fe80::780a:a9ff:fee6:89,ff02::204,N/A,N/A,N/A,N/A,N/A,N/A,,,1
1759293124,any,72,N/A,IPv6,ICMP,N/A,v6,fe80::b0b5:44ff:feea:219,ff02::204,N/A,N/A,N/A,N/A,N/A,N/A,,,1
1759293124,eth0,70,Ethernet,IPv6,ICMP,N/A,v6,fe80::b0b5:44ff:feea:219,ff02::204,N/A,N/A,N/A,N/A,N/A,N/A,,,1
1759293124,eth0,54,Ethernet,IPv4,N/A,N/A,v4,172.30.0.23,224.0.0.22,N/A,N/A,N/A,N/A,N/A,N/A,,,1
1759293124,any,56,N/A,IPv4,N/A,N/A,v4,172.30.0.23,224.0.0.22,N/A,N/A,N/A,N/A,N/A,N/A,,,1
1759293124,eth0,110,Ethernet,IPv6,ICMP,N/A,v6,fe80::b0b5:44ff:feea:219,ff02::179,N/A,N/A,N/A,N/A,N/A,N/A,,,1
1759293124,any,112,N/A,IPv6,ICMP,N/A,v6,fe80::7827:e3ff:fe68:239,ff02::179,N/A,N/A,N/A,N/A,N/A,N/A,,,1
1759293124,eth1,110,Ethernet,IPv6,ICMP,N/A,v6,fe80::7827:e3ff:fe68:239,ff02::179,N/A,N/A,N/A,N/A,N/A,N/A,,,1
1759293124,eth0,54,Ethernet,IPv4,N/A,N/A,v4,172.30.0.163,224.0.0.22,N/A,N/A,N/A,N/A,N/A,N/A,,,1
1759293124,any,56,N/A,IPv4,N/A,N/A,v4,172.30.0.163,224.0.0.22,N/A,N/A,N/A,N/A,N/A,N/A,,,1
1759293124,eth0,56,Ethernet,IPv4,N/A,N/A,v4,172.30.0.89,224.0.0.22,N/A,N/A,N/A,N/A,N/A,N/A,,,1
1759293124,any,58,N/A,IPv4,N/A,N/A,v4,172.30.0.89,224.0.0.22,N/A,N/A,N/A,N/A,N/A,N/A,,,1
1759293124,eth0,70,Ethernet,IPv6,ICMP,N/A,v6,fe80::24f1:23ff:fe29:66,ff02::204,N/A,N/A,N/A,N/A,N/A,N/A,,,1
1759293124,any,72,N/A,IPv6,ICMP,N/A,v6,fe80::7827:e3ff:fe68:239,ff02::204,N/A,N/A,N/A,N/A,N/A,N/A,,,1
1759293124,eth1,70,Ethernet,IPv6,ICMP,N/A,v6,fe80::7827:e3ff:fe68:239,ff02::204,N/A,N/A,N/A,N/A,N/A,N/A,,,1
1759293124,eth0,110,Ethernet,IPv6,ICMP,N/A,v6,fe80::ecf9:eff:fefb:55,ff02::179,N/A,N/A,N/A,N/A,N/A,N/A,,,1
1759293124,eth0,107,Ethernet,N/A,N/A,N/A,N/A,N/A,N/A,N/A,N/A,N/A,N/A,N/A,N/A,,,0
1759293124,any,109,N/A,N/A,N/A,N/A,N/A,N/A,N/A,N/A,N/A,N/A,N/A,N/A,N/A,,,0
1759293124,any,112,N/A,IPv6,ICMP,N/A,v6,fe80::ecf9:eff:fefb:55,ff02::179,N/A,N/A,N/A,N/A,N/A,N/A,,,1
1759293124,eth0,111,Ethernet,N/A,N/A,N/A,N/A,N/A,N/A,N/A,N/A,N/A,N/A,N/A,N/A,,,1
1759293124,any,113,N/A,N/A,N/A,N/A,N/A,N/A,N/A,N/A,N/A,N/A,N/A,N/A,N/A,,,1
1759293124,eth1,110,Ethernet,IPv6,ICMP,N/A,v6,fe80::103b:bdff:fef0:169,ff02::179,N/A,N/A,N/A,N/A,N/A,N/A,,,1
1759293124,any,112,N/A,IPv6,ICMP,N/A,v6,fe80::103b:bdff:fef0:169,ff02::179,N/A,N/A,N/A,N/A,N/A,N/A,,,1
1759293125,any,72,N/A,IPv6,ICMP,N/A,v6,fe80::5ca9:83ff:fe87:27,ff02::204,N/A,N/A,N/A,N/A,N/A,N/A,,,0
1759293125,eth0,70,Ethernet,IPv6,ICMP,N/A,v6,fe80::5ca9:83ff:fe87:27,ff02::204,N/A,N/A,N/A,N/A,N/A,N/A,,,0
1759293125,any,72,N/A,IPv6,ICMP,N/A,v6,fe80::a824:52ff:fe4f:69,ff02::204,N/A,N/A,N/A,N/A,N/A,N/A,,,0
1759293125,eth1,70,Ethernet,IPv6,ICMP,N/A,v6,fe80::a824:52ff:fe4f:69,ff02::204,N/A,N/A,N/A,N/A,N/A,N/A,,,0
1759293125,eth0,90,Ethernet,IPv6,ICMP,N/A,v6,fe80::5ca9:83ff:fe87:27,ff02::179,N/A,N/A,N/A,N/A,N/A,N/A,,,0
1759293125,eth0,54,Ethernet,IPv4,N/A,N/A,v4,172.30.0.220,224.0.0.22,N/A,N/A,N/A,N/A,N/A,N/A,,,0
1759293125,eth0,70,Ethernet,IPv6,ICMP,N/A,v6,fe80::ecf9:eff:fefb:55,ff02::204,N/A,N/A,N/A,N/A,N/A,N/A,,,1
1759293125,any,72,N/A,IPv6,ICMP,N/A,v6,fe80::ecf9:eff:fefb:55,ff02::204,N/A,N/A,N/A,N/A,N/A,N/A,,,1
1759293125,eth1,70,Ethernet,IPv6,ICMP,N/A,v6,fe80::103b:bdff:fef0:169,ff02::204,N/A,N/A,N/A,N/A,N/A,N/A,,,1
1759293125,any,72,N/A,IPv6,ICMP,N/A,v6,fe80::103b:bdff:fef0:169,ff02::204,N/A,N/A,N/A,N/A,N/A,N/A,,,1
1759293125,eth1,70,Ethernet,IPv6,ICMP,N/A,v6,fe80::f056:abff:fe65:143,ff02::204,N/A,N/A,N/A,N/A,N/A,N/A,,,1
1759293125,any,72,N/A,IPv6,ICMP,N/A,v6,fe80::f056:abff:fe65:143,ff02::204,N/A,N/A,N/A,N/A,N/A,N/A,,,1
1759293125,eth0,70,Ethernet,IPv6,ICMP,N/A,v6,fe80::e48e:99ff:fe5f:147,ff02::204,N/A,N/A,N/A,N/A,N/A,N/A,,,1
1759293125,any,72,N/A,IPv6,ICMP,N/A,v6,fe80::dcac:f9ff:fe59:60,ff02::204,N/A,N/A,N/A,N/A,N/A,N/A,,,1
1759293125,eth2,70,Ethernet,IPv6,ICMP,N/A,v6,fe80::dcac:f9ff:fe59:60,ff02::204,N/A,N/A,N/A,N/A,N/A,N/A,,,1
1759293125,eth0,90,Ethernet,IPv6,ICMP,N/A,v6,fe80::e48e:99ff:fe5f:147,ff02::179,N/A,N/A,N/A,N/A,N/A,N/A,,,1
1759293125,eth0,54,Ethernet,IPv4,N/A,N/A,v4,172.30.0.220,224.0.0.22,N/A,N/A,N/A,N/A,N/A,N/A,,,1
1759293125,any,92,N/A,IPv6,ICMP,N/A,v6,fe80::e48e:99ff:fe5f:147,ff02::179,N/A,N/A,N/A,N/A,N/A,N/A,,,1
1759293125,eth0,91,Ethernet,IPv6,UDP,N/A,v6,fe80::e48e:99ff:fe5f:147,ff02::1:52,5355,5355,N/A,N/A,N/A,N/A,,,1
1759293125,eth0,71,Ethernet,IPv4,UDP,N/A,v4,172.30.0.220,224.0.0.252,5355,5355,N/A,N/A,N/A,N/A,,,1
1759293125,any,93,N/A,IPv6,UDP,N/A,v6,fe80::e48e:99ff:fe5f:147,ff02::1:52,5355,5355,N/A,N/A,N/A,N/A,,,1
1759293125,eth2,110,Ethernet,IPv6,ICMP,N/A,v6,fe80::dcac:f9ff:fe59:60,ff02::179,N/A,N/A,N/A,N/A,N/A,N/A,,,1
1759293125,any,112,N/A,IPv6,ICMP,N/A,v6,fe80::dcac:f9ff:fe59:60,ff02::179,N/A,N/A,N/A,N/A,N/A,N/A,,,1
1759293125,eth0,360,Ethernet,IPv4,UDP,N/A,v4,0.0.0.0,255.255.255.255,68,67,N/A,N/A,N/A,N/A,,,1
1759293125,any,362,N/A,IPv4,UDP,N/A,v4,0.0.0.0,255.255.255.255,68,67,N/A,N/A,N/A,N/A,,,1
1759293125,eth1,110,Ethernet,IPv6,ICMP,N/A,v6,fe80::f056:abff:fe65:143,ff02::179,N/A,N/A,N/A,N/A,N/A,N/A,,,1
1759293125,any,92,N/A,IPv6,ICMP,N/A,v6,fe80::5ca9:83ff:fe87:27,ff02::179,N/A,N/A,N/A,N/A,N/A,N/A,,,0
1759293125,eth0,67,Ethernet,IPv4,UDP,N/A,v4,172.30.0.220,224.0.0.252,5355,5355,N/A,N/A,N/A,N/A,,,0
1759293125,eth0,87,Ethernet,IPv6,UDP,N/A,v6,fe80::5ca9:83ff:fe87:27,ff02::1:52,5355,5355,N/A,N/A,N/A,N/A,,,0
1759293125,any,69,N/A,IPv4,UDP,N/A,v4,172.30.0.220,224.0.0.252,5355,5355,N/A,N/A,N/A,N/A,,,0
1759293125,eth0,356,Ethernet,IPv4,UDP,N/A,v4,0.0.0.0,255.255.255.255,68,67,N/A,N/A,N/A,N/A,,,0
1759293125,any,358,N/A,IPv4,UDP,N/A,v4,0.0.0.0,255.255.255.255,68,67,N/A,N/A,N/A,N/A,,,0
1759293125,eth0,368,Ethernet,IPv4,UDP,N/A,v4,0.0.0.0,255.255.255.255,68,67,N/A,N/A,N/A,N/A,,,0
1759293125,any,370,N/A,IPv4,UDP,N/A,v4,0.0.0.0,255.255.255.255,68,67,N/A,N/A,N/A,N/A,,,0
1759293125,eth1,110,Ethernet,IPv6,ICMP,N/A,v6,fe80::a824:52ff:fe4f:69,ff02::179,N/A,N/A,N/A,N/A,N/A,N/A,,,0
1759293125,any,112,N/A,IPv6,ICMP,N/A,v6,fe80::a824:52ff:fe4f:69,ff02::179,N/A,N/A,N/A,N/A,N/A,N/A,,,0
1759293125,eth0,110,Ethernet,IPv6,ICMP,N/A,v6,fe80::5ca9:83ff:fe87:27,ff02::179,N/A,N/A,N/A,N/A,N/A,N/A,,,0
1759293125,eth0,54,Ethernet,IPv4,N/A,N/A,v4,172.30.0.220,224.0.0.22,N/A,N/A,N/A,N/A,N/A,N/A,,,0
1759293125,any,112,N/A,IPv6,ICMP,N/A,v6,fe80::5ca9:83ff:fe87:27,ff02::179,N/A,N/A,N/A,N/A,N/A,N/A,,,0
1759293125,eth0,42,Ethernet,N/A,N/A,N/A,N/A,N/A,N/A,N/A,N/A,N/A,N/A,N/A,N/A,,,0
1759293125,eth0,56,Ethernet,N/A,N/A,N/A,N/A,N/A,N/A,N/A,N/A,N/A,N/A,N/A,N/A,,,0
1759293125,eth0,56,Ethernet,N/A,N/A,N/A,N/A,N/A,N/A,N/A,N/A,N/A,N/A,N/A,N/A,,,0
1759293125,any,44,ARP,N/A,N/A,N/A,N/A,N/A,N/A,N/A,N/A,1,2048,172.30.0.220,172.30.0.122,,,0
1759293125,any,58,ARP,N/A,N/A,N/A,N/A,N/A,N/A,N/A,N/A,2,2048,172.30.0.122,172.30.0.220,,,0
1759293125,any,112,N/A,IPv6,ICMP,N/A,v6,fe80::a824:52ff:fe4f:69,ff02::179,N/A,N/A,N/A,N/A,N/A,N/A,,,0
1759293125,eth1,110,Ethernet,IPv6,ICMP,N/A,v6,fe80::a824:52ff:fe4f:69,ff02::179,N/A,N/A,N/A,N/A,N/A,N/A,,,0
1759293125,any,112,N/A,IPv6,ICMP,N/A,v6,fe80::5ca9:83ff:fe87:27,ff02::179,N/A,N/A,N/A,N/A,N/A,N/A,,,0
1759293125,eth0,110,Ethernet,IPv6,ICMP,N/A,v6,fe80::5ca9:83ff:fe87:27,ff02::179,N/A,N/A,N/A,N/A,N/A,N/A,,,0
1759293125,any,112,N/A,IPv6,ICMP,N/A,v6,fe80::e48e:99ff:fe5f:147,ff02::179,N/A,N/A,N/A,N/A,N/A,N/A,,,1
1759293125,eth0,110,Ethernet,IPv6,ICMP,N/A,v6,fe80::e48e:99ff:fe5f:147,ff02::179,N/A,N/A,N/A,N/A,N/A,N/A,,,1
1759293126,eth0,54,Ethernet,IPv4,N/A,N/A,v4,172.30.0.220,224.0.0.22,N/A,N/A,N/A,N/A,N/A,N/A,,,0
1759293126,any,56,N/A,IPv4,N/A,N/A,v4,172.30.0.220,224.0.0.22,N/A,N/A,N/A,N/A,N/A,N/A,,,0
1759293126,eth0,107,Ethernet,N/A,N/A,N/A,N/A,N/A,N/A,N/A,N/A,N/A,N/A,N/A,N/A,,,0
1759293126,any,374,N/A,IPv4,UDP,N/A,v4,0.0.0.0,255.255.255.255,68,67,N/A,N/A,N/A,N/A,,,1
1759293126,any,112,N/A,IPv6,ICMP,N/A,v6,fe80::e48e:99ff:fe5f:147,ff02::179,N/A,N/A,N/A,N/A,N/A,N/A,,,1
1759293126,any,44,ARP,N/A,N/A,N/A,N/A,N/A,N/A,N/A,N/A,1,2048,172.30.0.220,172.30.0.122,,,1
1759293126,any,58,ARP,N/A,N/A,N/A,N/A,N/A,N/A,N/A,N/A,2,2048,172.30.0.122,172.30.0.220,,,1
1759293126,eth0,372,Ethernet,IPv4,UDP,N/A,v4,0.0.0.0,255.255.255.255,68,67,N/A,N/A,N/A,N/A,,,1
1759293126,eth0,110,Ethernet,IPv6,ICMP,N/A,v6,fe80::e48e:99ff:fe5f:147,ff02::179,N/A,N/A,N/A,N/A,N/A,N/A,,,1
1759293126,eth0,54,Ethernet,IPv4,N/A,N/A,v4,172.30.0.220,224.0.0.22,N/A,N/A,N/A,N/A,N/A,N/A,,,1
1759293126,eth0,42,Ethernet,N/A,N/A,N/A,N/A,N/A,N/A,N/A,N/A,N/A,N/A,N/A,N/A,,,1
1759293126,eth0,56,Ethernet,N/A,N/A,N/A,N/A,N/A,N/A,N/A,N/A,N/A,N/A,N/A,N/A,,,1
1759293126,eth0,56,Ethernet,N/A,N/A,N/A,N/A,N/A,N/A,N/A,N/A,N/A,N/A,N/A,N/A,,,1
1759293126,eth0,90,Ethernet,IPv6,ICMP,N/A,v6,fe80::e48e:99ff:fe5f:147,ff02::179,N/A,N/A,N/A,N/A,N/A,N/A,,,1
1759293126,any,92,N/A,IPv6,ICMP,N/A,v6,fe80::e48e:99ff:fe5f:147,ff02::179,N/A,N/A,N/A,N/A,N/A,N/A,,,1
1759293126,eth2,110,Ethernet,IPv6,ICMP,N/A,v6,fe80::dcac:f9ff:fe59:60,ff02::179,N/A,N/A,N/A,N/A,N/A,N/A,,,1
1759293126,any,112,N/A,IPv6,ICMP,N/A,v6,fe80::f056:abff:fe65:143,ff02::179,N/A,N/A,N/A,N/A,N/A,N/A,,,1
1759293126,eth1,110,Ethernet,IPv6,ICMP,N/A,v6,fe80::f056:abff:fe65:143,ff02::179,N/A,N/A,N/A,N/A,N/A,N/A,,,1
1759293126,eth0,54,Ethernet,IPv4,N/A,N/A,v4,172.30.0.220,224.0.0.22,N/A,N/A,N/A,N/A,N/A,N/A,,,1
1759293126,any,56,N/A,IPv4,N/A,N/A,v4,172.30.0.220,224.0.0.22,N/A,N/A,N/A,N/A,N/A,N/A,,,1
1759293126,eth1,70,Ethernet,IPv6,ICMP,N/A,v6,fe80::f056:abff:fe65:143,ff02::204,N/A,N/A,N/A,N/A,N/A,N/A,,,1
1759293126,any,72,N/A,IPv6,ICMP,N/A,v6,fe80::dcac:f9ff:fe59:60,ff02::204,N/A,N/A,N/A,N/A,N/A,N/A,,,1
1759293126,any,72,N/A,IPv6,ICMP,N/A,v6,fe80::e48e:99ff:fe5f:147,ff02::204,N/A,N/A,N/A,N/A,N/A,N/A,,,1
1759293126,eth2,70,Ethernet,IPv6,ICMP,N/A,v6,fe80::dcac:f9ff:fe59:60,ff02::204,N/A,N/A,N/A,N/A,N/A,N/A,,,1
1759293126,eth0,70,Ethernet,IPv6,ICMP,N/A,v6,fe80::e48e:99ff:fe5f:147,ff02::204,N/A,N/A,N/A,N/A,N/A,N/A,,,1
1759293126,eth0,111,Ethernet,N/A,N/A,N/A,N/A,N/A,N/A,N/A,N/A,N/A,N/A,N/A,N/A,,,1
1759293126,any,113,N/A,N/A,N/A,N/A,N/A,N/A,N/A,N/A,N/A,N/A,N/A,N/A,N/A,,,1
1759293126,eth0,70,Ethernet,IPv6,ICMP,N/A,v6,fe80::5ca9:83ff:fe87:27,ff02::204,N/A,N/A,N/A,N/A,N/A,N/A,,,0
1759293126,any,72,N/A,IPv6,ICMP,N/A,v6,fe80::a824:52ff:fe4f:69,ff02::204,N/A,N/A,N/A,N/A,N/A,N/A,,,0
1759293126,eth1,70,Ethernet,IPv6,ICMP,N/A,v6,fe80::a824:52ff:fe4f:69,ff02::204,N/A,N/A,N/A,N/A,N/A,N/A,,,0
1759293127,eth0,107,Ethernet,N/A,N/A,N/A,N/A,N/A,N/A,N/A,N/A,N/A,N/A,N/A,N/A,,,0
1759293127,any,109,N/A,N/A,N/A,N/A,N/A,N/A,N/A,N/A,N/A,N/A,N/A,N/A,N/A,,,0
1759293128,any,113,N/A,N/A,N/A,N/A,N/A,N/A,N/A,N/A,N/A,N/A,N/A,N/A,N/A,,,1
1759293128,eth0,111,Ethernet,N/A,N/A,N/A,N/A,N/A,N/A,N/A,N/A,N/A,N/A,N/A,N/A,,,1
1759293128,any,72,N/A,IPv6,ICMP,N/A,v6,fe80::780a:a9ff:fee6:89,ff02::204,N/A,N/A,N/A,N/A,N/A,N/A,,,1
1759293128,eth1,70,Ethernet,IPv6,ICMP,N/A,v6,fe80::780a:a9ff:fee6:89,ff02::204,N/A,N/A,N/A,N/A,N/A,N/A,,,1
1759293128,eth1,70,Ethernet,IPv6,ICMP,N/A,v6,fe80::7827:e3ff:fe68:239,ff02::204,N/A,N/A,N/A,N/A,N/A,N/A,,,1
1759293128,any,72,N/A,IPv6,ICMP,N/A,v6,fe80::7827:e3ff:fe68:239,ff02::204,N/A,N/A,N/A,N/A,N/A,N/A,,,1
1759293128,any,72,N/A,IPv6,ICMP,N/A,v6,fe80::24f1:23ff:fe29:66,ff02::204,N/A,N/A,N/A,N/A,N/A,N/A,,,1
1759293128,eth0,70,Ethernet,IPv6,ICMP,N/A,v6,fe80::24f1:23ff:fe29:66,ff02::204,N/A,N/A,N/A,N/A,N/A,N/A,,,1
1759293128,eth0,70,Ethernet,IPv6,ICMP,N/A,v6,fe80::b0b5:44ff:feea:219,ff02::204,N/A,N/A,N/A,N/A,N/A,N/A,,,1
1759293128,any,72,N/A,IPv6,ICMP,N/A,v6,fe80::b0b5:44ff:feea:219,ff02::204,N/A,N/A,N/A,N/A,N/A,N/A,,,1
1759293128,any,92,N/A,IPv6,ICMP,N/A,v6,fe80::b0b5:44ff:feea:219,ff02::179,N/A,N/A,N/A,N/A,N/A,N/A,,,1
1759293128,eth0,90,Ethernet,IPv6,ICMP,N/A,v6,fe80::b0b5:44ff:feea:219,ff02::179,N/A,N/A,N/A,N/A,N/A,N/A,,,1
1759293128,eth0,54,Ethernet,IPv4,N/A,N/A,v4,172.30.0.163,224.0.0.22,N/A,N/A,N/A,N/A,N/A,N/A,,,1
1759293128,eth0,357,Ethernet,IPv4,UDP,N/A,v4,0.0.0.0,255.255.255.255,68,67,N/A,N/A,N/A,N/A,,,1
1759293128,any,359,N/A,IPv4,UDP,N/A,v4,0.0.0.0,255.255.255.255,68,67,N/A,N/A,N/A,N/A,,,1
1759293128,any,371,N/A,IPv4,UDP,N/A,v4,0.0.0.0,255.255.255.255,68,67,N/A,N/A,N/A,N/A,,,1
1759293128,eth0,369,Ethernet,IPv4,UDP,N/A,v4,0.0.0.0,255.255.255.255,68,67,N/A,N/A,N/A,N/A,,,1
1759293128,any,112,N/A,IPv6,ICMP,N/A,v6,fe80::780a:a9ff:fee6:89,ff02::179,N/A,N/A,N/A,N/A,N/A,N/A,,,1
1759293128,eth1,110,Ethernet,IPv6,ICMP,N/A,v6,fe80::780a:a9ff:fee6:89,ff02::179,N/A,N/A,N/A,N/A,N/A,N/A,,,1
1759293128,eth0,110,Ethernet,IPv6,ICMP,N/A,v6,fe80::b0b5:44ff:feea:219,ff02::179,N/A,N/A,N/A,N/A,N/A,N/A,,,1
1759293128,eth0,54,Ethernet,IPv4,N/A,N/A,v4,172.30.0.163,224.0.0.22,N/A,N/A,N/A,N/A,N/A,N/A,,,1
1759293128,any,112,N/A,IPv6,ICMP,N/A,v6,fe80::b0b5:44ff:feea:219,ff02::179,N/A,N/A,N/A,N/A,N/A,N/A,,,1
1759293128,any,44,ARP,N/A,N/A,N/A,N/A,N/A,N/A,N/A,N/A,1,2048,172.30.0.163,172.30.0.122,,,1
1759293128,eth0,42,Ethernet,N/A,N/A,N/A,N/A,N/A,N/A,N/A,N/A,N/A,N/A,N/A,N/A,,,1
1759293128,any,72,N/A,IPv6,ICMP,N/A,v6,fe80::ecf9:eff:fefb:55,ff02::204,N/A,N/A,N/A,N/A,N/A,N/A,,,1
1759293128,eth0,70,Ethernet,IPv6,ICMP,N/A,v6,fe80::ecf9:eff:fefb:55,ff02::204,N/A,N/A,N/A,N/A,N/A,N/A,,,1
1759293128,eth0,90,Ethernet,IPv6,ICMP,N/A,v6,fe80::24f1:23ff:fe29:66,ff02::179,N/A,N/A,N/A,N/A,N/A,N/A,,,1
1759293128,eth0,54,Ethernet,IPv4,N/A,N/A,v4,172.30.0.23,224.0.0.22,N/A,N/A,N/A,N/A,N/A,N/A,,,1
1759293128,any,92,N/A,IPv6,ICMP,N/A,v6,fe80::24f1:23ff:fe29:66,ff02::179,N/A,N/A,N/A,N/A,N/A,N/A,,,1
1759293129,any,112,N/A,IPv6,ICMP,N/A,v6,fe80::b0b5:44ff:feea:219,ff02::179,N/A,N/A,N/A,N/A,N/A,N/A,,,1
1759293129,eth0,110,Ethernet,IPv6,ICMP,N/A,v6,fe80::b0b5:44ff:feea:219,ff02::179,N/A,N/A,N/A,N/A,N/A,N/A,,,1
1759293129,eth0,87,Ethernet,IPv6,UDP,N/A,v6,fe80::24f1:23ff:fe29:66,ff02::1:52,5355,5355,N/A,N/A,N/A,N/A,,,1
1759293129,eth0,67,Ethernet,IPv4,UDP,N/A,v4,172.30.0.23,224.0.0.252,5355,5355,N/A,N/A,N/A,N/A,,,1
1759293129,any,89,N/A,IPv6,UDP,N/A,v6,fe80::24f1:23ff:fe29:66,ff02::1:52,5355,5355,N/A,N/A,N/A,N/A,,,1
1759293129,any,112,N/A,IPv6,ICMP,N/A,v6,fe80::7827:e3ff:fe68:239,ff02::179,N/A,N/A,N/A,N/A,N/A,N/A,,,1
1759293129,eth1,110,Ethernet,IPv6,ICMP,N/A,v6,fe80::7827:e3ff:fe68:239,ff02::179,N/A,N/A,N/A,N/A,N/A,N/A,,,1
1759293129,eth0,356,Ethernet,IPv4,UDP,N/A,v4,0.0.0.0,255.255.255.255,68,67,N/A,N/A,N/A,N/A,,,1
1759293129,eth0,368,Ethernet,IPv4,UDP,N/A,v4,0.0.0.0,255.255.255.255,68,67,N/A,N/A,N/A,N/A,,,1
1759293129,any,358,N/A,IPv4,UDP,N/A,v4,0.0.0.0,255.255.255.255,68,67,N/A,N/A,N/A,N/A,,,1
1759293129,eth0,110,Ethernet,IPv6,ICMP,N/A,v6,fe80::24f1:23ff:fe29:66,ff02::179,N/A,N/A,N/A,N/A,N/A,N/A,,,1
1759293129,eth0,54,Ethernet,IPv4,N/A,N/A,v4,0.0.0.0,224.0.0.22,N/A,N/A,N/A,N/A,N/A,N/A,,,1
1759293129,any,112,N/A,IPv6,ICMP,N/A,v6,fe80::24f1:23ff:fe29:66,ff02::179,N/A,N/A,N/A,N/A,N/A,N/A,,,1
1759293129,any,72,N/A,IPv6,ICMP,N/A,v6,fe80::103b:bdff:fef0:169,ff02::204,N/A,N/A,N/A,N/A,N/A,N/A,,,1
1759293129,eth1,70,Ethernet,IPv6,ICMP,N/A,v6,fe80::103b:bdff:fef0:169,ff02::204,N/A,N/A,N/A,N/A,N/A,N/A,,,1
1759293129,eth0,90,Ethernet,IPv6,ICMP,N/A,v6,fe80::ecf9:eff:fefb:55,ff02::179,N/A,N/A,N/A,N/A,N/A,N/A,,,1
1759293129,eth0,56,Ethernet,IPv4,N/A,N/A,v4,172.30.0.89,224.0.0.22,N/A,N/A,N/A,N/A,N/A,N/A,,,1
1759293129,any,92,N/A,IPv6,ICMP,N/A,v6,fe80::ecf9:eff:fefb:55,ff02::179,N/A,N/A,N/A,N/A,N/A,N/A,,,1
1759293129,eth0,42,Ethernet,N/A,N/A,N/A,N/A,N/A,N/A,N/A,N/A,N/A,N/A,N/A,N/A,,,1
1759293129,any,44,ARP,N/A,N/A,N/A,N/A,N/A,N/A,N/A,N/A,1,2048,172.30.0.23,172.30.0.122,,,1
1759293129,eth0,87,Ethernet,IPv6,UDP,N/A,v6,fe80::ecf9:eff:fefb:55,ff02::1:52,5355,5355,N/A,N/A,N/A,N/A,,,1
1759293129,any,89,N/A,IPv6,UDP,N/A,v6,fe80::ecf9:eff:fefb:55,ff02::1:52,5355,5355,N/A,N/A,N/A,N/A,,,1
1759293129,any,112,N/A,IPv6,ICMP,N/A,v6,fe80::780a:a9ff:fee6:89,ff02::179,N/A,N/A,N/A,N/A,N/A,N/A,,,1
1759293129,eth1,110,Ethernet,IPv6,ICMP,N/A,v6,fe80::780a:a9ff:fee6:89,ff02::179,N/A,N/A,N/A,N/A,N/A,N/A,,,1
1759293129,eth0,356,Ethernet,IPv4,UDP,N/A,v4,0.0.0.0,255.255.255.255,68,67,N/A,N/A,N/A,N/A,,,1
1759293129,any,358,N/A,IPv4,UDP,N/A,v4,0.0.0.0,255.255.255.255,68,67,N/A,N/A,N/A,N/A,,,1
1759293129,eth0,368,Ethernet,IPv4,UDP,N/A,v4,0.0.0.0,255.255.255.255,68,67,N/A,N/A,N/A,N/A,,,1
1759293129,any,370,N/A,IPv4,UDP,N/A,v4,0.0.0.0,255.255.255.255,68,67,N/A,N/A,N/A,N/A,,,1
1759293129,any,112,N/A,IPv6,ICMP,N/A,v6,fe80::103b:bdff:fef0:169,ff02::179,N/A,N/A,N/A,N/A,N/A,N/A,,,1
1759293129,eth1,110,Ethernet,IPv6,ICMP,N/A,v6,fe80::103b:bdff:fef0:169,ff02::179,N/A,N/A,N/A,N/A,N/A,N/A,,,1
1759293129,eth0,56,Ethernet,IPv4,N/A,N/A,v4,172.30.0.89,224.0.0.22,N/A,N/A,N/A,N/A,N/A,N/A,,,1
1759293129,any,58,N/A,IPv4,N/A,N/A,v4,172.30.0.89,224.0.0.22,N/A,N/A,N/A,N/A,N/A,N/A,,,1
1759293129,eth0,110,Ethernet,IPv6,ICMP,N/A,v6,fe80::ecf9:eff:fefb:55,ff02::179,N/A,N/A,N/A,N/A,N/A,N/A,,,1
1759293129,any,112,N/A,IPv6,ICMP,N/A,v6,fe80::ecf9:eff:fefb:55,ff02::179,N/A,N/A,N/A,N/A,N/A,N/A,,,1
1759293129,eth0,56,Ethernet,N/A,N/A,N/A,N/A,N/A,N/A,N/A,N/A,N/A,N/A,N/A,N/A,,,1
1759293129,any,58,ARP,N/A,N/A,N/A,N/A,N/A,N/A,N/A,N/A,1,2048,172.30.0.89,172.30.0.122,,,1
1759293129,eth0,110,Ethernet,IPv6,ICMP,N/A,v6,fe80::ecf9:eff:fefb:55,ff02::179,N/A,N/A,N/A,N/A,N/A,N/A,,,1
1759293129,any,112,N/A,IPv6,ICMP,N/A,v6,fe80::ecf9:eff:fefb:55,ff02::179,N/A,N/A,N/A,N/A,N/A,N/A,,,1
1759293129,eth0,54,Ethernet,IPv4,N/A,N/A,v4,172.30.0.23,224.0.0.22,N/A,N/A,N/A,N/A,N/A,N/A,,,1
1759293129,any,56,N/A,IPv4,N/A,N/A,v4,172.30.0.23,224.0.0.22,N/A,N/A,N/A,N/A,N/A,N/A,,,1
1759293129,eth0,70,Ethernet,IPv6,ICMP,N/A,v6,fe80::b0b5:44ff:feea:219,ff02::204,N/A,N/A,N/A,N/A,N/A,N/A,,,1
1759293129,eth1,70,Ethernet,IPv6,ICMP,N/A,v6,fe80::780a:a9ff:fee6:89,ff02::204,N/A,N/A,N/A,N/A,N/A,N/A,,,1
1759293129,any,72,N/A,IPv6,ICMP,N/A,v6,fe80::b0b5:44ff:feea:219,ff02::204,N/A,N/A,N/A,N/A,N/A,N/A,,,1
1759293129,eth0,111,Ethernet,N/A,N/A,N/A,N/A,N/A,N/A,N/A,N/A,N/A,N/A,N/A,N/A,,,1
1759293129,any,113,N/A,N/A,N/A,N/A,N/A,N/A,N/A,N/A,N/A,N/A,N/A,N/A,N/A,,,1
1759293129,eth0,110,Ethernet,IPv6,ICMP,N/A,v6,fe80::24f1:23ff:fe29:66,ff02::179,N/A,N/A,N/A,N/A,N/A,N/A,,,1
1759293129,any,112,N/A,IPv6,ICMP,N/A,v6,fe80::24f1:23ff:fe29:66,ff02::179,N/A,N/A,N/A,N/A,N/A,N/A,,,1
1759293129,eth0,54,Ethernet,IPv4,N/A,N/A,v4,172.30.0.163,224.0.0.22,N/A,N/A,N/A,N/A,N/A,N/A,,,1
1759293129,any,56,N/A,IPv4,N/A,N/A,v4,172.30.0.163,224.0.0.22,N/A,N/A,N/A,N/A,N/A,N/A,,,1
1759293129,eth0,90,Ethernet,IPv6,ICMP,N/A,v6,fe80::e48e:99ff:fe5f:147,ff02::179,N/A,N/A,N/A,N/A,N/A,N/A,,,1
1759293129,eth0,54,Ethernet,IPv4,N/A,N/A,v4,172.30.0.220,224.0.0.22,N/A,N/A,N/A,N/A,N/A,N/A,,,1
1759293129,any,92,N/A,IPv6,ICMP,N/A,v6,fe80::e48e:99ff:fe5f:147,ff02::179,N/A,N/A,N/A,N/A,N/A,N/A,,,1
1759293129,eth0,71,Ethernet,IPv4,UDP,N/A,v4,172.30.0.220,224.0.0.252,5355,5355,N/A,N/A,N/A,N/A,,,1
1759293129,any,73,N/A,IPv4,UDP,N/A,v4,172.30.0.220,224.0.0.252,5355,5355,N/A,N/A,N/A,N/A,,,1
1759293129,eth0,360,Ethernet,IPv4,UDP,N/A,v4,0.0.0.0,255.255.255.255,68,67,N/A,N/A,N/A,N/A,,,1
1759293129,any,362,N/A,IPv4,UDP,N/A,v4,0.0.0.0,255.255.255.255,68,67,N/A,N/A,N/A,N/A,,,1
1759293129,eth0,372,Ethernet,IPv4,UDP,N/A,v4,0.0.0.0,255.255.255.255,68,67,N/A,N/A,N/A,N/A,,,1
1759293129,any,374,N/A,IPv4,UDP,N/A,v4,0.0.0.0,255.255.255.255,68,67,N/A,N/A,N/A,N/A,,,1
1759293129,eth2,110,Ethernet,IPv6,ICMP,N/A,v6,fe80::dcac:f9ff:fe59:60,ff02::179,N/A,N/A,N/A,N/A,N/A,N/A,,,1
1759293129,any,112,N/A,IPv6,ICMP,N/A,v6,fe80::f056:abff:fe65:143,ff02::179,N/A,N/A,N/A,N/A,N/A,N/A,,,1
1759293129,eth1,110,Ethernet,IPv6,ICMP,N/A,v6,fe80::f056:abff:fe65:143,ff02::179,N/A,N/A,N/A,N/A,N/A,N/A,,,1
1759293129,any,112,N/A,IPv6,ICMP,N/A,v6,fe80::e48e:99ff:fe5f:147,ff02::179,N/A,N/A,N/A,N/A,N/A,N/A,,,1
1759293129,eth0,110,Ethernet,IPv6,ICMP,N/A,v6,fe80::e48e:99ff:fe5f:147,ff02::179,N/A,N/A,N/A,N/A,N/A,N/A,,,1
1759293129,eth0,54,Ethernet,IPv4,N/A,N/A,v4,172.30.0.220,224.0.0.22,N/A,N/A,N/A,N/A,N/A,N/A,,,1
1759293129,any,58,N/A,IPv4,N/A,N/A,v4,172.30.0.89,224.0.0.22,N/A,N/A,N/A,N/A,N/A,N/A,,,1
1759293129,eth0,56,Ethernet,IPv4,N/A,N/A,v4,172.30.0.89,224.0.0.22,N/A,N/A,N/A,N/A,N/A,N/A,,,1
1759293129,any,112,N/A,IPv6,ICMP,N/A,v6,fe80::103b:bdff:fef0:169,ff02::179,N/A,N/A,N/A,N/A,N/A,N/A,,,1
1759293129,eth1,110,Ethernet,IPv6,ICMP,N/A,v6,fe80::103b:bdff:fef0:169,ff02::179,N/A,N/A,N/A,N/A,N/A,N/A,,,1
1759293129,any,112,N/A,IPv6,ICMP,N/A,v6,fe80::dcac:f9ff:fe59:60,ff02::179,N/A,N/A,N/A,N/A,N/A,N/A,,,1
1759293129,eth2,110,Ethernet,IPv6,ICMP,N/A,v6,fe80::dcac:f9ff:fe59:60,ff02::179,N/A,N/A,N/A,N/A,N/A,N/A,,,1
1759293129,any,109,N/A,N/A,N/A,N/A,N/A,N/A,N/A,N/A,N/A,N/A,N/A,N/A,N/A,,,0
1759293129,eth0,107,Ethernet,N/A,N/A,N/A,N/A,N/A,N/A,N/A,N/A,N/A,N/A,N/A,N/A,,,0
1759293129,eth0,90,Ethernet,IPv6,ICMP,N/A,v6,fe80::5ca9:83ff:fe87:27,ff02::179,N/A,N/A,N/A,N/A,N/A,N/A,,,0
1759293129,eth0,54,Ethernet,IPv4,N/A,N/A,v4,172.30.0.220,224.0.0.22,N/A,N/A,N/A,N/A,N/A,N/A,,,0
1759293129,any,92,N/A,IPv6,ICMP,N/A,v6,fe80::5ca9:83ff:fe87:27,ff02::179,N/A,N/A,N/A,N/A,N/A,N/A,,,0
1759293129,eth0,356,Ethernet,IPv4,UDP,N/A,v4,0.0.0.0,255.255.255.255,68,67,N/A,N/A,N/A,N/A,,,0
1759293129,any,358,N/A,IPv4,UDP,N/A,v4,0.0.0.0,255.255.255.255,68,67,N/A,N/A,N/A,N/A,,,0
1759293129,eth0,368,Ethernet,IPv4,UDP,N/A,v4,0.0.0.0,255.255.255.255,68,67,N/A,N/A,N/A,N/A,,,0
1759293129,any,370,N/A,IPv4,UDP,N/A,v4,0.0.0.0,255.255.255.255,68,67,N/A,N/A,N/A,N/A,,,0
1759293129,eth1,110,Ethernet,IPv6,ICMP,N/A,v6,fe80::a824:52ff:fe4f:69,ff02::179,N/A,N/A,N/A,N/A,N/A,N/A,,,0
1759293129,any,56,N/A,IPv4,N/A,N/A,v4,172.30.0.220,224.0.0.22,N/A,N/A,N/A,N/A,N/A,N/A,,,0
1759293129,eth0,54,Ethernet,IPv4,N/A,N/A,v4,172.30.0.220,224.0.0.22,N/A,N/A,N/A,N/A,N/A,N/A,,,0
1759293129,any,112,N/A,IPv6,ICMP,N/A,v6,fe80::5ca9:83ff:fe87:27,ff02::179,N/A,N/A,N/A,N/A,N/A,N/A,,,0
1759293129,eth0,110,Ethernet,IPv6,ICMP,N/A,v6,fe80::5ca9:83ff:fe87:27,ff02::179,N/A,N/A,N/A,N/A,N/A,N/A,,,0
1759293129,any,44,ARP,N/A,N/A,N/A,N/A,N/A,N/A,N/A,N/A,1,2048,172.30.0.220,172.30.0.122,,,0
1759293129,any,58,ARP,N/A,N/A,N/A,N/A,N/A,N/A,N/A,N/A,2,2048,172.30.0.122,172.30.0.220,,,0
1759293129,eth0,42,Ethernet,N/A,N/A,N/A,N/A,N/A,N/A,N/A,N/A,N/A,N/A,N/A,N/A,,,0
1759293129,eth0,56,Ethernet,N/A,N/A,N/A,N/A,N/A,N/A,N/A,N/A,N/A,N/A,N/A,N/A,,,0
1759293129,eth0,56,Ethernet,N/A,N/A,N/A,N/A,N/A,N/A,N/A,N/A,N/A,N/A,N/A,N/A,,,0
1759293129,any,44,ARP,N/A,N/A,N/A,N/A,N/A,N/A,N/A,N/A,1,2048,172.30.0.220,172.30.0.122,,,1
1759293129,eth0,42,Ethernet,N/A,N/A,N/A,N/A,N/A,N/A,N/A,N/A,N/A,N/A,N/A,N/A,,,1
1759293130,any,112,N/A,IPv6,ICMP,N/A,v6,fe80::a824:52ff:fe4f:69,ff02::179,N/A,N/A,N/A,N/A,N/A,N/A,,,0
1759293130,any,58,ARP,N/A,N/A,N/A,N/A,N/A,N/A,N/A,N/A,2,2048,172.30.0.122,172.30.0.220,,,1
1759293130,any,112,N/A,IPv6,ICMP,N/A,v6,fe80::7827:e3ff:fe68:239,ff02::179,N/A,N/A,N/A,N/A,N/A,N/A,,,1
1759293130,eth0,56,Ethernet,N/A,N/A,N/A,N/A,N/A,N/A,N/A,N/A,N/A,N/A,N/A,N/A,,,1
1759293130,eth0,56,Ethernet,N/A,N/A,N/A,N/A,N/A,N/A,N/A,N/A,N/A,N/A,N/A,N/A,,,1
1759293130,eth1,110,Ethernet,IPv6,ICMP,N/A,v6,fe80::7827:e3ff:fe68:239,ff02::179,N/A,N/A,N/A,N/A,N/A,N/A,,,1
1759293130,eth1,70,Ethernet,IPv6,ICMP,N/A,v6,fe80::7827:e3ff:fe68:239,ff02::204,N/A,N/A,N/A,N/A,N/A,N/A,,,1
1759293130,any,72,N/A,IPv6,ICMP,N/A,v6,fe80::24f1:23ff:fe29:66,ff02::204,N/A,N/A,N/A,N/A,N/A,N/A,,,1
1759293130,any,72,N/A,IPv6,ICMP,N/A,v6,fe80::7827:e3ff:fe68:239,ff02::204,N/A,N/A,N/A,N/A,N/A,N/A,,,1
1759293130,eth0,70,Ethernet,IPv6,ICMP,N/A,v6,fe80::24f1:23ff:fe29:66,ff02::204,N/A,N/A,N/A,N/A,N/A,N/A,,,1
1759293130,any,112,N/A,IPv6,ICMP,N/A,v6,fe80::f056:abff:fe65:143,ff02::179,N/A,N/A,N/A,N/A,N/A,N/A,,,1
1759293130,eth1,110,Ethernet,IPv6,ICMP,N/A,v6,fe80::f056:abff:fe65:143,ff02::179,N/A,N/A,N/A,N/A,N/A,N/A,,,1
1759293130,eth1,70,Ethernet,IPv6,ICMP,N/A,v6,fe80::103b:bdff:fef0:169,ff02::204,N/A,N/A,N/A,N/A,N/A,N/A,,,1
1759293130,eth0,70,Ethernet,IPv6,ICMP,N/A,v6,fe80::ecf9:eff:fefb:55,ff02::204,N/A,N/A,N/A,N/A,N/A,N/A,,,1
1759293130,any,72,N/A,IPv6,ICMP,N/A,v6,fe80::ecf9:eff:fefb:55,ff02::204,N/A,N/A,N/A,N/A,N/A,N/A,,,1
1759293130,any,72,N/A,IPv6,ICMP,N/A,v6,fe80::103b:bdff:fef0:169,ff02::204,N/A,N/A,N/A,N/A,N/A,N/A,,,1
1759293130,eth0,70,Ethernet,IPv6,ICMP,N/A,v6,fe80::e48e:99ff:fe5f:147,ff02::204,N/A,N/A,N/A,N/A,N/A,N/A,,,1
1759293130,any,72,N/A,IPv6,ICMP,N/A,v6,fe80::dcac:f9ff:fe59:60,ff02::204,N/A,N/A,N/A,N/A,N/A,N/A,,,1
1759293130,any,72,N/A,IPv6,ICMP,N/A,v6,fe80::e48e:99ff:fe5f:147,ff02::204,N/A,N/A,N/A,N/A,N/A,N/A,,,1
1759293130,eth2,70,Ethernet,IPv6,ICMP,N/A,v6,fe80::dcac:f9ff:fe59:60,ff02::204,N/A,N/A,N/A,N/A,N/A,N/A,,,1
1759293130,eth1,70,Ethernet,IPv6,ICMP,N/A,v6,fe80::f056:abff:fe65:143,ff02::204,N/A,N/A,N/A,N/A,N/A,N/A,,,1
1759293130,any,72,N/A,IPv6,ICMP,N/A,v6,fe80::f056:abff:fe65:143,ff02::204,N/A,N/A,N/A,N/A,N/A,N/A,,,1
1759293130,any,112,N/A,IPv6,ICMP,N/A,v6,fe80::e48e:99ff:fe5f:147,ff02::179,N/A,N/A,N/A,N/A,N/A,N/A,,,1
1759293130,eth0,110,Ethernet,IPv6,ICMP,N/A,v6,fe80::e48e:99ff:fe5f:147,ff02::179,N/A,N/A,N/A,N/A,N/A,N/A,,,1
1759293130,eth0,54,Ethernet,IPv4,N/A,N/A,v4,172.30.0.220,224.0.0.22,N/A,N/A,N/A,N/A,N/A,N/A,,,1
1759293130,any,56,N/A,IPv4,N/A,N/A,v4,172.30.0.220,224.0.0.22,N/A,N/A,N/A,N/A,N/A,N/A,,,1
1759293130,any,113,N/A,N/A,N/A,N/A,N/A,N/A,N/A,N/A,N/A,N/A,N/A,N/A,N/A,,,1
1759293130,eth0,111,Ethernet,N/A,N/A,N/A,N/A,N/A,N/A,N/A,N/A,N/A,N/A,N/A,N/A,,,1
1759293130,eth1,110,Ethernet,IPv6,ICMP,N/A,v6,fe80::a824:52ff:fe4f:69,ff02::179,N/A,N/A,N/A,N/A,N/A,N/A,,,0
1759293130,eth0,110,Ethernet,IPv6,ICMP,N/A,v6,fe80::5ca9:83ff:fe87:27,ff02::179,N/A,N/A,N/A,N/A,N/A,N/A,,,0
1759293130,any,112,N/A,IPv6,ICMP,N/A,v6,fe80::5ca9:83ff:fe87:27,ff02::179,N/A,N/A,N/A,N/A,N/A,N/A,,,0
1759293130,any,56,N/A,IPv4,N/A,N/A,v4,172.30.0.220,224.0.0.22,N/A,N/A,N/A,N/A,N/A,N/A,,,0
1759293130,eth0,54,Ethernet,IPv4,N/A,N/A,v4,172.30.0.220,224.0.0.22,N/A,N/A,N/A,N/A,N/A,N/A,,,0
1759293130,eth0,70,Ethernet,IPv6,ICMP,N/A,v6,fe80::5ca9:83ff:fe87:27,ff02::204,N/A,N/A,N/A,N/A,N/A,N/A,,,0
1759293130,any,72,N/A,IPv6,ICMP,N/A,v6,fe80::a824:52ff:fe4f:69,ff02::204,N/A,N/A,N/A,N/A,N/A,N/A,,,0
1759293130,any,72,N/A,IPv6,ICMP,N/A,v6,fe80::5ca9:83ff:fe87:27,ff02::204,N/A,N/A,N/A,N/A,N/A,N/A,,,0
1759293130,eth1,70,Ethernet,IPv6,ICMP,N/A,v6,fe80::a824:52ff:fe4f:69,ff02::204,N/A,N/A,N/A,N/A,N/A,N/A,,,0
1759293130,eth0,107,Ethernet,N/A,N/A,N/A,N/A,N/A,N/A,N/A,N/A,N/A,N/A,N/A,N/A,,,0
1759293130,any,109,N/A,N/A,N/A,N/A,N/A,N/A,N/A,N/A,N/A,N/A,N/A,N/A,N/A,,,0
1759293131,any,92,N/A,IPv6,ICMP,N/A,v6,fe80::ecf9:eff:fefb:55,ff02::179,N/A,N/A,N/A,N/A,N/A,N/A,,,1
1759293131,eth0,90,Ethernet,IPv6,ICMP,N/A,v6,fe80::ecf9:eff:fefb:55,ff02::179,N/A,N/A,N/A,N/A,N/A,N/A,,,1
1759293131,eth0,56,Ethernet,IPv4,N/A,N/A,v4,172.30.0.89,224.0.0.22,N/A,N/A,N/A,N/A,N/A,N/A,,,1
1759293131,any,89,N/A,IPv6,UDP,N/A,v6,fe80::ecf9:eff:fefb:55,ff02::1:52,5355,5355,N/A,N/A,N/A,N/A,,,1
1759293131,eth0,87,Ethernet,IPv6,UDP,N/A,v6,fe80::ecf9:eff:fefb:55,ff02::1:52,5355,5355,N/A,N/A,N/A,N/A,,,1
1759293131,eth0,67,Ethernet,IPv4,UDP,N/A,v4,172.30.0.89,224.0.0.252,5355,5355,N/A,N/A,N/A,N/A,,,1
1759293131,eth0,356,Ethernet,IPv4,UDP,N/A,v4,0.0.0.0,255.255.255.255,68,67,N/A,N/A,N/A,N/A,,,1
1759293131,any,358,N/A,IPv4,UDP,N/A,v4,0.0.0.0,255.255.255.255,68,67,N/A,N/A,N/A,N/A,,,1
1759293131,eth0,368,Ethernet,IPv4,UDP,N/A,v4,0.0.0.0,255.255.255.255,68,67,N/A,N/A,N/A,N/A,,,1
1759293131,any,370,N/A,IPv4,UDP,N/A,v4,0.0.0.0,255.255.255.255,68,67,N/A,N/A,N/A,N/A,,,1
1759293131,eth1,110,Ethernet,IPv6,ICMP,N/A,v6,fe80::103b:bdff:fef0:169,ff02::179,N/A,N/A,N/A,N/A,N/A,N/A,,,1
1759293131,any,112,N/A,IPv6,ICMP,N/A,v6,fe80::103b:bdff:fef0:169,ff02::179,N/A,N/A,N/A,N/A,N/A,N/A,,,1
1759293131,eth0,110,Ethernet,IPv6,ICMP,N/A,v6,fe80::ecf9:eff:fefb:55,ff02::179,N/A,N/A,N/A,N/A,N/A,N/A,,,1
1759293131,eth0,56,Ethernet,IPv4,N/A,N/A,v4,172.30.0.89,224.0.0.22,N/A,N/A,N/A,N/A,N/A,N/A,,,1
1759293131,any,112,N/A,IPv6,ICMP,N/A,v6,fe80::ecf9:eff:fefb:55,ff02::179,N/A,N/A,N/A,N/A,N/A,N/A,,,1
1759293131,any,58,N/A,IPv4,N/A,N/A,v4,172.30.0.89,224.0.0.22,N/A,N/A,N/A,N/A,N/A,N/A,,,1
1759293131,eth0,56,Ethernet,N/A,N/A,N/A,N/A,N/A,N/A,N/A,N/A,N/A,N/A,N/A,N/A,,,1
1759293131,any,58,ARP,N/A,N/A,N/A,N/A,N/A,N/A,N/A,N/A,1,2048,172.30.0.89,172.30.0.122,,,1
1759293131,any,113,N/A,N/A,N/A,N/A,N/A,N/A,N/A,N/A,N/A,N/A,N/A,N/A,N/A,,,1
1759293131,eth0,111,Ethernet,N/A,N/A,N/A,N/A,N/A,N/A,N/A,N/A,N/A,N/A,N/A,N/A,,,1
1759293131,eth1,110,Ethernet,IPv6,ICMP,N/A,v6,fe80::103b:bdff:fef0:169,ff02::179,N/A,N/A,N/A,N/A,N/A,N/A,,,1
1759293131,any,112,N/A,IPv6,ICMP,N/A,v6,fe80::103b:bdff:fef0:169,ff02::179,N/A,N/A,N/A,N/A,N/A,N/A,,,1
1759293131,any,109,N/A,N/A,N/A,N/A,N/A,N/A,N/A,N/A,N/A,N/A,N/A,N/A,N/A,,,0
1759293131,eth0,107,Ethernet,N/A,N/A,N/A,N/A,N/A,N/A,N/A,N/A,N/A,N/A,N/A,N/A,,,0
1759293132,any,112,N/A,IPv6,ICMP,N/A,v6,fe80::ecf9:eff:fefb:55,ff02::179,N/A,N/A,N/A,N/A,N/A,N/A,,,1
1759293132,eth0,110,Ethernet,IPv6,ICMP,N/A,v6,fe80::ecf9:eff:fefb:55,ff02::179,N/A,N/A,N/A,N/A,N/A,N/A,,,1
1759293132,eth0,70,Ethernet,IPv6,ICMP,N/A,v6,fe80::ecf9:eff:fefb:55,ff02::204,N/A,N/A,N/A,N/A,N/A,N/A,,,1
1759293132,any,72,N/A,IPv6,ICMP,N/A,v6,fe80::ecf9:eff:fefb:55,ff02::204,N/A,N/A,N/A,N/A,N/A,N/A,,,1
1759293132,any,72,N/A,IPv6,ICMP,N/A,v6,fe80::103b:bdff:fef0:169,ff02::204,N/A,N/A,N/A,N/A,N/A,N/A,,,1
1759293132,eth1,70,Ethernet,IPv6,ICMP,N/A,v6,fe80::103b:bdff:fef0:169,ff02::204,N/A,N/A,N/A,N/A,N/A,N/A,,,1
1759293132,any,58,N/A,IPv4,N/A,N/A,v4,172.30.0.89,224.0.0.22,N/A,N/A,N/A,N/A,N/A,N/A,,,1
1759293132,eth0,56,Ethernet,IPv4,N/A,N/A,v4,172.30.0.89,224.0.0.22,N/A,N/A,N/A,N/A,N/A,N/A,,,1
1759293132,eth0,90,Ethernet,IPv6,ICMP,N/A,v6,fe80::b0b5:44ff:feea:219,ff02::179,N/A,N/A,N/A,N/A,N/A,N/A,,,1
1759293132,eth0,54,Ethernet,IPv4,N/A,N/A,v4,172.30.0.163,224.0.0.22,N/A,N/A,N/A,N/A,N/A,N/A,,,1
1759293132,any,92,N/A,IPv6,ICMP,N/A,v6,fe80::b0b5:44ff:feea:219,ff02::179,N/A,N/A,N/A,N/A,N/A,N/A,,,1
1759293132,any,90,N/A,IPv6,UDP,N/A,v6,fe80::b0b5:44ff:feea:219,ff02::1:52,5355,5355,N/A,N/A,N/A,N/A,,,1
1759293132,eth0,88,Ethernet,IPv6,UDP,N/A,v6,fe80::b0b5:44ff:feea:219,ff02::1:52,5355,5355,N/A,N/A,N/A,N/A,,,1
1759293132,any,359,N/A,IPv4,UDP,N/A,v4,0.0.0.0,255.255.255.255,68,67,N/A,N/A,N/A,N/A,,,1
1759293132,eth0,357,Ethernet,IPv4,UDP,N/A,v4,0.0.0.0,255.255.255.255,68,67,N/A,N/A,N/A,N/A,,,1
1759293132,eth0,369,Ethernet,IPv4,UDP,N/A,v4,0.0.0.0,255.255.255.255,68,67,N/A,N/A,N/A,N/A,,,1
1759293132,any,371,N/A,IPv4,UDP,N/A,v4,0.0.0.0,255.255.255.255,68,67,N/A,N/A,N/A,N/A,,,1
1759293132,any,112,N/A,IPv6,ICMP,N/A,v6,fe80::780a:a9ff:fee6:89,ff02::179,N/A,N/A,N/A,N/A,N/A,N/A,,,1
1759293132,eth1,110,Ethernet,IPv6,ICMP,N/A,v6,fe80::780a:a9ff:fee6:89,ff02::179,N/A,N/A,N/A,N/A,N/A,N/A,,,1
1759293132,eth0,110,Ethernet,IPv6,ICMP,N/A,v6,fe80::b0b5:44ff:feea:219,ff02::179,N/A,N/A,N/A,N/A,N/A,N/A,,,1
1759293132,eth0,54,Ethernet,IPv4,N/A,N/A,v4,172.30.0.163,224.0.0.22,N/A,N/A,N/A,N/A,N/A,N/A,,,1
1759293132,any,112,N/A,IPv6,ICMP,N/A,v6,fe80::b0b5:44ff:feea:219,ff02::179,N/A,N/A,N/A,N/A,N/A,N/A,,,1
1759293133,any,92,N/A,IPv6,ICMP,N/A,v6,fe80::24f1:23ff:fe29:66,ff02::179,N/A,N/A,N/A,N/A,N/A,N/A,,,1
1759293133,eth0,90,Ethernet,IPv6,ICMP,N/A,v6,fe80::24f1:23ff:fe29:66,ff02::179,N/A,N/A,N/A,N/A,N/A,N/A,,,1
1759293133,eth0,54,Ethernet,IPv4,N/A,N/A,v4,172.30.0.23,224.0.0.22,N/A,N/A,N/A,N/A,N/A,N/A,,,1
1759293133,eth0,111,Ethernet,N/A,N/A,N/A,N/A,N/A,N/A,N/A,N/A,N/A,N/A,N/A,N/A,,,1
1759293133,any,113,N/A,N/A,N/A,N/A,N/A,N/A,N/A,N/A,N/A,N/A,N/A,N/A,N/A,,,1
1759293133,eth0,90,Ethernet,IPv6,ICMP,N/A,v6,fe80::24f1:23ff:fe29:66,ff02::179,N/A,N/A,N/A,N/A,N/A,N/A,,,1
1759293133,any,92,N/A,IPv6,ICMP,N/A,v6,fe80::24f1:23ff:fe29:66,ff02::179,N/A,N/A,N/A,N/A,N/A,N/A,,,1
1759293133,any,44,ARP,N/A,N/A,N/A,N/A,N/A,N/A,N/A,N/A,1,2048,172.30.0.163,172.30.0.122,,,1
1759293133,eth0,42,Ethernet,N/A,N/A,N/A,N/A,N/A,N/A,N/A,N/A,N/A,N/A,N/A,N/A,,,1
1759293133,eth0,87,Ethernet,IPv6,UDP,N/A,v6,fe80::24f1:23ff:fe29:66,ff02::1:52,5355,5355,N/A,N/A,N/A,N/A,,,1
1759293133,eth0,67,Ethernet,IPv4,UDP,N/A,v4,172.30.0.23,224.0.0.252,5355,5355,N/A,N/A,N/A,N/A,,,1
1759293133,any,89,N/A,IPv6,UDP,N/A,v6,fe80::24f1:23ff:fe29:66,ff02::1:52,5355,5355,N/A,N/A,N/A,N/A,,,1
1759293133,any,358,N/A,IPv4,UDP,N/A,v4,0.0.0.0,255.255.255.255,68,67,N/A,N/A,N/A,N/A,,,1
1759293133,eth0,356,Ethernet,IPv4,UDP,N/A,v4,0.0.0.0,255.255.255.255,68,67,N/A,N/A,N/A,N/A,,,1
1759293133,eth0,368,Ethernet,IPv4,UDP,N/A,v4,0.0.0.0,255.255.255.255,68,67,N/A,N/A,N/A,N/A,,,1
1759293133,any,370,N/A,IPv4,UDP,N/A,v4,0.0.0.0,255.255.255.255,68,67,N/A,N/A,N/A,N/A,,,1
1759293133,eth1,110,Ethernet,IPv6,ICMP,N/A,v6,fe80::7827:e3ff:fe68:239,ff02::179,N/A,N/A,N/A,N/A,N/A,N/A,,,1
1759293133,eth0,110,Ethernet,IPv6,ICMP,N/A,v6,fe80::24f1:23ff:fe29:66,ff02::179,N/A,N/A,N/A,N/A,N/A,N/A,,,1
1759293133,any,112,N/A,IPv6,ICMP,N/A,v6,fe80::24f1:23ff:fe29:66,ff02::179,N/A,N/A,N/A,N/A,N/A,N/A,,,1
1759293133,any,112,N/A,IPv6,ICMP,N/A,v6,fe80::7827:e3ff:fe68:239,ff02::179,N/A,N/A,N/A,N/A,N/A,N/A,,,1
1759293133,eth0,110,Ethernet,IPv6,ICMP,N/A,v6,fe80::24f1:23ff:fe29:66,ff02::179,N/A,N/A,N/A,N/A,N/A,N/A,,,1
1759293133,eth0,54,Ethernet,IPv4,N/A,N/A,v4,172.30.0.23,224.0.0.22,N/A,N/A,N/A,N/A,N/A,N/A,,,1
1759293133,any,112,N/A,IPv6,ICMP,N/A,v6,fe80::24f1:23ff:fe29:66,ff02::179,N/A,N/A,N/A,N/A,N/A,N/A,,,1
1759293133,any,92,N/A,IPv6,ICMP,N/A,v6,fe80::24f1:23ff:fe29:66,ff02::179,N/A,N/A,N/A,N/A,N/A,N/A,,,1
1759293133,eth0,90,Ethernet,IPv6,ICMP,N/A,v6,fe80::24f1:23ff:fe29:66,ff02::179,N/A,N/A,N/A,N/A,N/A,N/A,,,1
1759293133,any,112,N/A,IPv6,ICMP,N/A,v6,fe80::7827:e3ff:fe68:239,ff02::179,N/A,N/A,N/A,N/A,N/A,N/A,,,1
1759293133,eth1,110,Ethernet,IPv6,ICMP,N/A,v6,fe80::7827:e3ff:fe68:239,ff02::179,N/A,N/A,N/A,N/A,N/A,N/A,,,1
1759293133,eth0,107,Ethernet,N/A,N/A,N/A,N/A,N/A,N/A,N/A,N/A,N/A,N/A,N/A,N/A,,,0
1759293133,any,109,N/A,N/A,N/A,N/A,N/A,N/A,N/A,N/A,N/A,N/A,N/A,N/A,N/A,,,0
1759293133,eth0,42,Ethernet,N/A,N/A,N/A,N/A,N/A,N/A,N/A,N/A,N/A,N/A,N/A,N/A,,,1
1759293133,any,44,ARP,N/A,N/A,N/A,N/A,N/A,N/A,N/A,N/A,1,2048,172.30.0.23,172.30.0.122,,,1
1759293133,eth0,54,Ethernet,IPv4,N/A,N/A,v4,172.30.0.163,224.0.0.22,N/A,N/A,N/A,N/A,N/A,N/A,,,1
1759293133,any,56,N/A,IPv4,N/A,N/A,v4,172.30.0.163,224.0.0.22,N/A,N/A,N/A,N/A,N/A,N/A,,,1
1759293133,eth0,54,Ethernet,IPv4,N/A,N/A,v4,172.30.0.23,224.0.0.22,N/A,N/A,N/A,N/A,N/A,N/A,,,1
1759293133,any,56,N/A,IPv4,N/A,N/A,v4,172.30.0.23,224.0.0.22,N/A,N/A,N/A,N/A,N/A,N/A,,,1
1759293133,any,112,N/A,IPv6,ICMP,N/A,v6,fe80::b0b5:44ff:feea:219,ff02::179,N/A,N/A,N/A,N/A,N/A,N/A,,,1
1759293133,eth0,110,Ethernet,IPv6,ICMP,N/A,v6,fe80::b0b5:44ff:feea:219,ff02::179,N/A,N/A,N/A,N/A,N/A,N/A,,,1
1759293133,eth1,110,Ethernet,IPv6,ICMP,N/A,v6,fe80::780a:a9ff:fee6:89,ff02::179,N/A,N/A,N/A,N/A,N/A,N/A,,,1
1759293133,any,112,N/A,IPv6,ICMP,N/A,v6,fe80::780a:a9ff:fee6:89,ff02::179,N/A,N/A,N/A,N/A,N/A,N/A,,,1
1759293133,eth1,70,Ethernet,IPv6,ICMP,N/A,v6,fe80::780a:a9ff:fee6:89,ff02::204,N/A,N/A,N/A,N/A,N/A,N/A,,,1
1759293133,any,72,N/A,IPv6,ICMP,N/A,v6,fe80::b0b5:44ff:feea:219,ff02::204,N/A,N/A,N/A,N/A,N/A,N/A,,,1
1759293133,any,72,N/A,IPv6,ICMP,N/A,v6,fe80::780a:a9ff:fee6:89,ff02::204,N/A,N/A,N/A,N/A,N/A,N/A,,,1
1759293133,eth0,70,Ethernet,IPv6,ICMP,N/A,v6,fe80::b0b5:44ff:feea:219,ff02::204,N/A,N/A,N/A,N/A,N/A,N/A,,,1
1759293134,eth0,107,Ethernet,N/A,N/A,N/A,N/A,N/A,N/A,N/A,N/A,N/A,N/A,N/A,N/A,,,0
1759293134,any,109,N/A,N/A,N/A,N/A,N/A,N/A,N/A,N/A,N/A,N/A,N/A,N/A,N/A,,,0
1759293134,eth0,90,Ethernet,IPv6,ICMP,N/A,v6,fe80::5ca9:83ff:fe87:27,ff02::179,N/A,N/A,N/A,N/A,N/A,N/A,,,0
1759293134,eth0,54,Ethernet,IPv4,N/A,N/A,v4,172.30.0.220,224.0.0.22,N/A,N/A,N/A,N/A,N/A,N/A,,,0
1759293134,any,92,N/A,IPv6,ICMP,N/A,v6,fe80::5ca9:83ff:fe87:27,ff02::179,N/A,N/A,N/A,N/A,N/A,N/A,,,0
1759293134,eth0,67,Ethernet,IPv4,UDP,N/A,v4,172.30.0.220,224.0.0.252,5355,5355,N/A,N/A,N/A,N/A,,,0
1759293134,eth0,87,Ethernet,IPv6,UDP,N/A,v6,fe80::5ca9:83ff:fe87:27,ff02::1:52,5355,5355,N/A,N/A,N/A,N/A,,,0
1759293134,any,69,N/A,IPv4,UDP,N/A,v4,172.30.0.220,224.0.0.252,5355,5355,N/A,N/A,N/A,N/A,,,0
1759293134,eth0,356,Ethernet,IPv4,UDP,N/A,v4,0.0.0.0,255.255.255.255,68,67,N/A,N/A,N/A,N/A,,,0
1759293134,any,358,N/A,IPv4,UDP,N/A,v4,0.0.0.0,255.255.255.255,68,67,N/A,N/A,N/A,N/A,,,0
1759293134,any,72,N/A,IPv6,ICMP,N/A,v6,fe80::7827:e3ff:fe68:239,ff02::204,N/A,N/A,N/A,N/A,N/A,N/A,,,1
1759293134,eth1,70,Ethernet,IPv6,ICMP,N/A,v6,fe80::7827:e3ff:fe68:239,ff02::204,N/A,N/A,N/A,N/A,N/A,N/A,,,1
1759293134,eth0,70,Ethernet,IPv6,ICMP,N/A,v6,fe80::24f1:23ff:fe29:66,ff02::204,N/A,N/A,N/A,N/A,N/A,N/A,,,1
1759293134,any,113,N/A,N/A,N/A,N/A,N/A,N/A,N/A,N/A,N/A,N/A,N/A,N/A,N/A,,,1
1759293134,eth0,111,Ethernet,N/A,N/A,N/A,N/A,N/A,N/A,N/A,N/A,N/A,N/A,N/A,N/A,,,1
1759293134,any,72,N/A,IPv6,ICMP,N/A,v6,fe80::f056:abff:fe65:143,ff02::204,N/A,N/A,N/A,N/A,N/A,N/A,,,1
1759293134,eth1,70,Ethernet,IPv6,ICMP,N/A,v6,fe80::f056:abff:fe65:143,ff02::204,N/A,N/A,N/A,N/A,N/A,N/A,,,1
1759293134,any,72,N/A,IPv6,ICMP,N/A,v6,fe80::dcac:f9ff:fe59:60,ff02::204,N/A,N/A,N/A,N/A,N/A,N/A,,,1
1759293134,eth2,70,Ethernet,IPv6,ICMP,N/A,v6,fe80::dcac:f9ff:fe59:60,ff02::204,N/A,N/A,N/A,N/A,N/A,N/A,,,1
1759293134,eth0,90,Ethernet,IPv6,ICMP,N/A,v6,fe80::e48e:99ff:fe5f:147,ff02::179,N/A,N/A,N/A,N/A,N/A,N/A,,,1
1759293134,eth0,54,Ethernet,IPv4,N/A,N/A,v4,172.30.0.220,224.0.0.22,N/A,N/A,N/A,N/A,N/A,N/A,,,1
1759293134,any,92,N/A,IPv6,ICMP,N/A,v6,fe80::e48e:99ff:fe5f:147,ff02::179,N/A,N/A,N/A,N/A,N/A,N/A,,,1
1759293134,eth0,91,Ethernet,IPv6,UDP,N/A,v6,fe80::e48e:99ff:fe5f:147,ff02::1:52,5355,5355,N/A,N/A,N/A,N/A,,,1
1759293134,any,93,N/A,IPv6,UDP,N/A,v6,fe80::e48e:99ff:fe5f:147,ff02::1:52,5355,5355,N/A,N/A,N/A,N/A,,,1
1759293134,eth0,360,Ethernet,IPv4,UDP,N/A,v4,0.0.0.0,255.255.255.255,68,67,N/A,N/A,N/A,N/A,,,1
1759293134,any,362,N/A,IPv4,UDP,N/A,v4,0.0.0.0,255.255.255.255,68,67,N/A,N/A,N/A,N/A,,,1
1759293134,eth0,372,Ethernet,IPv4,UDP,N/A,v4,0.0.0.0,255.255.255.255,68,67,N/A,N/A,N/A,N/A,,,1
1759293134,any,374,N/A,IPv4,UDP,N/A,v4,0.0.0.0,255.255.255.255,68,67,N/A,N/A,N/A,N/A,,,1
1759293134,eth2,110,Ethernet,IPv6,ICMP,N/A,v6,fe80::dcac:f9ff:fe59:60,ff02::179,N/A,N/A,N/A,N/A,N/A,N/A,,,1
1759293134,any,112,N/A,IPv6,ICMP,N/A,v6,fe80::f056:abff:fe65:143,ff02::179,N/A,N/A,N/A,N/A,N/A,N/A,,,1
1759293134,eth1,110,Ethernet,IPv6,ICMP,N/A,v6,fe80::f056:abff:fe65:143,ff02::179,N/A,N/A,N/A,N/A,N/A,N/A,,,1
1759293134,eth0,54,Ethernet,IPv4,N/A,N/A,v4,172.30.0.220,224.0.0.22,N/A,N/A,N/A,N/A,N/A,N/A,,,1
1759293134,any,56,N/A,IPv4,N/A,N/A,v4,172.30.0.220,224.0.0.22,N/A,N/A,N/A,N/A,N/A,N/A,,,1
1759293134,eth0,110,Ethernet,IPv6,ICMP,N/A,v6,fe80::e48e:99ff:fe5f:147,ff02::179,N/A,N/A,N/A,N/A,N/A,N/A,,,1
1759293134,any,112,N/A,IPv6,ICMP,N/A,v6,fe80::e48e:99ff:fe5f:147,ff02::179,N/A,N/A,N/A,N/A,N/A,N/A,,,1
1759293134,eth0,42,Ethernet,N/A,N/A,N/A,N/A,N/A,N/A,N/A,N/A,N/A,N/A,N/A,N/A,,,1
1759293134,eth0,56,Ethernet,N/A,N/A,N/A,N/A,N/A,N/A,N/A,N/A,N/A,N/A,N/A,N/A,,,1
1759293134,eth0,56,Ethernet,N/A,N/A,N/A,N/A,N/A,N/A,N/A,N/A,N/A,N/A,N/A,N/A,,,1
1759293134,any,44,ARP,N/A,N/A,N/A,N/A,N/A,N/A,N/A,N/A,1,2048,172.30.0.220,172.30.0.122,,,1
1759293134,any,58,ARP,N/A,N/A,N/A,N/A,N/A,N/A,N/A,N/A,2,2048,172.30.0.122,172.30.0.220,,,1
1759293134,eth0,368,Ethernet,IPv4,UDP,N/A,v4,0.0.0.0,255.255.255.255,68,67,N/A,N/A,N/A,N/A,,,0
1759293134,eth1,110,Ethernet,IPv6,ICMP,N/A,v6,fe80::a824:52ff:fe4f:69,ff02::179,N/A,N/A,N/A,N/A,N/A,N/A,,,0
1759293135,any,112,N/A,IPv6,ICMP,N/A,v6,fe80::e48e:99ff:fe5f:147,ff02::179,N/A,N/A,N/A,N/A,N/A,N/A,,,1
1759293135,eth0,110,Ethernet,IPv6,ICMP,N/A,v6,fe80::e48e:99ff:fe5f:147,ff02::179,N/A,N/A,N/A,N/A,N/A,N/A,,,1
1759293135,any,112,N/A,IPv6,ICMP,N/A,v6,fe80::f056:abff:fe65:143,ff02::179,N/A,N/A,N/A,N/A,N/A,N/A,,,1
1759293135,eth1,110,Ethernet,IPv6,ICMP,N/A,v6,fe80::f056:abff:fe65:143,ff02::179,N/A,N/A,N/A,N/A,N/A,N/A,,,1
1759293135,eth0,70,Ethernet,IPv6,ICMP,N/A,v6,fe80::e48e:99ff:fe5f:147,ff02::204,N/A,N/A,N/A,N/A,N/A,N/A,,,1
1759293135,eth2,70,Ethernet,IPv6,ICMP,N/A,v6,fe80::dcac:f9ff:fe59:60,ff02::204,N/A,N/A,N/A,N/A,N/A,N/A,,,1
1759293135,eth1,70,Ethernet,IPv6,ICMP,N/A,v6,fe80::f056:abff:fe65:143,ff02::204,N/A,N/A,N/A,N/A,N/A,N/A,,,1
1759293135,any,72,N/A,IPv6,ICMP,N/A,v6,fe80::dcac:f9ff:fe59:60,ff02::204,N/A,N/A,N/A,N/A,N/A,N/A,,,1
1759293135,any,112,N/A,IPv6,ICMP,N/A,v6,fe80::dcac:f9ff:fe59:60,ff02::179,N/A,N/A,N/A,N/A,N/A,N/A,,,1
1759293135,eth2,110,Ethernet,IPv6,ICMP,N/A,v6,fe80::dcac:f9ff:fe59:60,ff02::179,N/A,N/A,N/A,N/A,N/A,N/A,,,1
1759293135,eth0,54,Ethernet,IPv4,N/A,N/A,v4,172.30.0.220,224.0.0.22,N/A,N/A,N/A,N/A,N/A,N/A,,,1
1759293135,any,56,N/A,IPv4,N/A,N/A,v4,172.30.0.220,224.0.0.22,N/A,N/A,N/A,N/A,N/A,N/A,,,1
1759293135,any,113,N/A,N/A,N/A,N/A,N/A,N/A,N/A,N/A,N/A,N/A,N/A,N/A,N/A,,,1
1759293135,eth0,111,Ethernet,N/A,N/A,N/A,N/A,N/A,N/A,N/A,N/A,N/A,N/A,N/A,N/A,,,1
1759293135,any,370,N/A,IPv4,UDP,N/A,v4,0.0.0.0,255.255.255.255,68,67,N/A,N/A,N/A,N/A,,,0
1759293135,any,112,N/A,IPv6,ICMP,N/A,v6,fe80::a824:52ff:fe4f:69,ff02::179,N/A,N/A,N/A,N/A,N/A,N/A,,,0
1759293135,any,112,N/A,IPv6,ICMP,N/A,v6,fe80::5ca9:83ff:fe87:27,ff02::179,N/A,N/A,N/A,N/A,N/A,N/A,,,0
1759293135,any,44,ARP,N/A,N/A,N/A,N/A,N/A,N/A,N/A,N/A,1,2048,172.30.0.220,172.30.0.122,,,0
1759293135,any,58,ARP,N/A,N/A,N/A,N/A,N/A,N/A,N/A,N/A,2,2048,172.30.0.122,172.30.0.220,,,0
1759293135,eth0,110,Ethernet,IPv6,ICMP,N/A,v6,fe80::5ca9:83ff:fe87:27,ff02::179,N/A,N/A,N/A,N/A,N/A,N/A,,,0
1759293135,eth0,54,Ethernet,IPv4,N/A,N/A,v4,172.30.0.220,224.0.0.22,N/A,N/A,N/A,N/A,N/A,N/A,,,0
1759293135,eth0,42,Ethernet,N/A,N/A,N/A,N/A,N/A,N/A,N/A,N/A,N/A,N/A,N/A,N/A,,,0
1759293135,eth0,56,Ethernet,N/A,N/A,N/A,N/A,N/A,N/A,N/A,N/A,N/A,N/A,N/A,N/A,,,0
1759293135,eth0,56,Ethernet,N/A,N/A,N/A,N/A,N/A,N/A,N/A,N/A,N/A,N/A,N/A,N/A,,,0
1759293135,eth0,70,Ethernet,IPv6,ICMP,N/A,v6,fe80::5ca9:83ff:fe87:27,ff02::204,N/A,N/A,N/A,N/A,N/A,N/A,,,0
1759293135,eth1,70,Ethernet,IPv6,ICMP,N/A,v6,fe80::a824:52ff:fe4f:69,ff02::204,N/A,N/A,N/A,N/A,N/A,N/A,,,0
1759293135,any,72,N/A,IPv6,ICMP,N/A,v6,fe80::a824:52ff:fe4f:69,ff02::204,N/A,N/A,N/A,N/A,N/A,N/A,,,0
1759293135,any,112,N/A,IPv6,ICMP,N/A,v6,fe80::a824:52ff:fe4f:69,ff02::179,N/A,N/A,N/A,N/A,N/A,N/A,,,0
1759293135,eth1,110,Ethernet,IPv6,ICMP,N/A,v6,fe80::a824:52ff:fe4f:69,ff02::179,N/A,N/A,N/A,N/A,N/A,N/A,,,0
1759293135,eth0,54,Ethernet,IPv4,N/A,N/A,v4,172.30.0.220,224.0.0.22,N/A,N/A,N/A,N/A,N/A,N/A,,,0
1759293135,eth0,110,Ethernet,IPv6,ICMP,N/A,v6,fe80::5ca9:83ff:fe87:27,ff02::179,N/A,N/A,N/A,N/A,N/A,N/A,,,0
1759293135,any,56,N/A,IPv4,N/A,N/A,v4,172.30.0.220,224.0.0.22,N/A,N/A,N/A,N/A,N/A,N/A,,,0
1759293135,eth0,107,Ethernet,N/A,N/A,N/A,N/A,N/A,N/A,N/A,N/A,N/A,N/A,N/A,N/A,,,0
1759293135,any,109,N/A,N/A,N/A,N/A,N/A,N/A,N/A,N/A,N/A,N/A,N/A,N/A,N/A,,,0
1759293136,eth0,70,Ethernet,IPv6,ICMP,N/A,v6,fe80::ecf9:eff:fefb:55,ff02::204,N/A,N/A,N/A,N/A,N/A,N/A,,,1
1759293136,any,72,N/A,IPv6,ICMP,N/A,v6,fe80::ecf9:eff:fefb:55,ff02::204,N/A,N/A,N/A,N/A,N/A,N/A,,,1
1759293136,eth1,70,Ethernet,IPv6,ICMP,N/A,v6,fe80::103b:bdff:fef0:169,ff02::204,N/A,N/A,N/A,N/A,N/A,N/A,,,1
1759293136,any,92,N/A,IPv6,ICMP,N/A,v6,fe80::ecf9:eff:fefb:55,ff02::179,N/A,N/A,N/A,N/A,N/A,N/A,,,1
1759293136,eth0,90,Ethernet,IPv6,ICMP,N/A,v6,fe80::ecf9:eff:fefb:55,ff02::179,N/A,N/A,N/A,N/A,N/A,N/A,,,1
1759293136,eth0,56,Ethernet,IPv4,N/A,N/A,v4,172.30.0.89,224.0.0.22,N/A,N/A,N/A,N/A,N/A,N/A,,,1
1759293136,any,89,N/A,IPv6,UDP,N/A,v6,fe80::ecf9:eff:fefb:55,ff02::1:52,5355,5355,N/A,N/A,N/A,N/A,,,1
1759293136,eth0,87,Ethernet,IPv6,UDP,N/A,v6,fe80::ecf9:eff:fefb:55,ff02::1:52,5355,5355,N/A,N/A,N/A,N/A,,,1
1759293136,any,358,N/A,IPv4,UDP,N/A,v4,0.0.0.0,255.255.255.255,68,67,N/A,N/A,N/A,N/A,,,1
1759293136,eth0,356,Ethernet,IPv4,UDP,N/A,v4,0.0.0.0,255.255.255.255,68,67,N/A,N/A,N/A,N/A,,,1
1759293136,eth0,368,Ethernet,IPv4,UDP,N/A,v4,0.0.0.0,255.255.255.255,68,67,N/A,N/A,N/A,N/A,,,1
1759293136,any,370,N/A,IPv4,UDP,N/A,v4,0.0.0.0,255.255.255.255,68,67,N/A,N/A,N/A,N/A,,,1
1759293136,any,112,N/A,IPv6,ICMP,N/A,v6,fe80::103b:bdff:fef0:169,ff02::179,N/A,N/A,N/A,N/A,N/A,N/A,,,1
1759293136,eth1,110,Ethernet,IPv6,ICMP,N/A,v6,fe80::103b:bdff:fef0:169,ff02::179,N/A,N/A,N/A,N/A,N/A,N/A,,,1
1759293136,any,112,N/A,IPv6,ICMP,N/A,v6,fe80::ecf9:eff:fefb:55,ff02::179,N/A,N/A,N/A,N/A,N/A,N/A,,,1
1759293136,any,58,N/A,IPv4,N/A,N/A,v4,172.30.0.89,224.0.0.22,N/A,N/A,N/A,N/A,N/A,N/A,,,1
1759293136,eth0,110,Ethernet,IPv6,ICMP,N/A,v6,fe80::ecf9:eff:fefb:55,ff02::179,N/A,N/A,N/A,N/A,N/A,N/A,,,1
1759293136,eth0,107,Ethernet,N/A,N/A,N/A,N/A,N/A,N/A,N/A,N/A,N/A,N/A,N/A,N/A,,,0
1759293136,any,109,N/A,N/A,N/A,N/A,N/A,N/A,N/A,N/A,N/A,N/A,N/A,N/A,N/A,,,0
1759293136,eth0,56,Ethernet,IPv4,N/A,N/A,v4,172.30.0.89,224.0.0.22,N/A,N/A,N/A,N/A,N/A,N/A,,,1
1759293136,eth0,56,Ethernet,N/A,N/A,N/A,N/A,N/A,N/A,N/A,N/A,N/A,N/A,N/A,N/A,,,1
1759293136,any,58,ARP,N/A,N/A,N/A,N/A,N/A,N/A,N/A,N/A,1,2048,172.30.0.89,172.30.0.122,,,1
1759293136,eth0,110,Ethernet,IPv6,ICMP,N/A,v6,fe80::ecf9:eff:fefb:55,ff02::179,N/A,N/A,N/A,N/A,N/A,N/A,,,1
1759293136,any,112,N/A,IPv6,ICMP,N/A,v6,fe80::ecf9:eff:fefb:55,ff02::179,N/A,N/A,N/A,N/A,N/A,N/A,,,1
1759293136,eth0,111,Ethernet,N/A,N/A,N/A,N/A,N/A,N/A,N/A,N/A,N/A,N/A,N/A,N/A,,,1
1759293136,any,113,N/A,N/A,N/A,N/A,N/A,N/A,N/A,N/A,N/A,N/A,N/A,N/A,N/A,,,1
1759293137,eth0,56,Ethernet,IPv4,N/A,N/A,v4,172.30.0.89,224.0.0.22,N/A,N/A,N/A,N/A,N/A,N/A,,,1
1759293137,any,112,N/A,IPv6,ICMP,N/A,v6,fe80::103b:bdff:fef0:169,ff02::179,N/A,N/A,N/A,N/A,N/A,N/A,,,1
1759293137,any,58,N/A,IPv4,N/A,N/A,v4,172.30.0.89,224.0.0.22,N/A,N/A,N/A,N/A,N/A,N/A,,,1
1759293137,eth1,110,Ethernet,IPv6,ICMP,N/A,v6,fe80::103b:bdff:fef0:169,ff02::179,N/A,N/A,N/A,N/A,N/A,N/A,,,1
1759293137,eth1,70,Ethernet,IPv6,ICMP,N/A,v6,fe80::103b:bdff:fef0:169,ff02::204,N/A,N/A,N/A,N/A,N/A,N/A,,,1
1759293137,any,72,N/A,IPv6,ICMP,N/A,v6,fe80::ecf9:eff:fefb:55,ff02::204,N/A,N/A,N/A,N/A,N/A,N/A,,,1
1759293137,any,72,N/A,IPv6,ICMP,N/A,v6,fe80::103b:bdff:fef0:169,ff02::204,N/A,N/A,N/A,N/A,N/A,N/A,,,1
1759293137,eth0,70,Ethernet,IPv6,ICMP,N/A,v6,fe80::ecf9:eff:fefb:55,ff02::204,N/A,N/A,N/A,N/A,N/A,N/A,,,1
1759293137,any,72,N/A,IPv6,ICMP,N/A,v6,fe80::b0b5:44ff:feea:219,ff02::204,N/A,N/A,N/A,N/A,N/A,N/A,,,1
1759293137,eth0,70,Ethernet,IPv6,ICMP,N/A,v6,fe80::b0b5:44ff:feea:219,ff02::204,N/A,N/A,N/A,N/A,N/A,N/A,,,1
1759293137,any,72,N/A,IPv6,ICMP,N/A,v6,fe80::780a:a9ff:fee6:89,ff02::204,N/A,N/A,N/A,N/A,N/A,N/A,,,1
1759293137,eth1,70,Ethernet,IPv6,ICMP,N/A,v6,fe80::780a:a9ff:fee6:89,ff02::204,N/A,N/A,N/A,N/A,N/A,N/A,,,1
1759293137,any,72,N/A,IPv6,ICMP,N/A,v6,fe80::7827:e3ff:fe68:239,ff02::204,N/A,N/A,N/A,N/A,N/A,N/A,,,1
1759293137,eth1,70,Ethernet,IPv6,ICMP,N/A,v6,fe80::7827:e3ff:fe68:239,ff02::204,N/A,N/A,N/A,N/A,N/A,N/A,,,1
1759293138,eth0,107,Ethernet,N/A,N/A,N/A,N/A,N/A,N/A,N/A,N/A,N/A,N/A,N/A,N/A,,,0
1759293138,any,92,N/A,IPv6,ICMP,N/A,v6,fe80::b0b5:44ff:feea:219,ff02::179,N/A,N/A,N/A,N/A,N/A,N/A,,,1
1759293138,eth0,90,Ethernet,IPv6,ICMP,N/A,v6,fe80::b0b5:44ff:feea:219,ff02::179,N/A,N/A,N/A,N/A,N/A,N/A,,,1
1759293138,eth0,54,Ethernet,IPv4,N/A,N/A,v4,172.30.0.163,224.0.0.22,N/A,N/A,N/A,N/A,N/A,N/A,,,1
1759293138,eth0,68,Ethernet,IPv4,UDP,N/A,v4,172.30.0.163,224.0.0.252,5355,5355,N/A,N/A,N/A,N/A,,,1
1759293138,any,70,N/A,IPv4,UDP,N/A,v4,172.30.0.163,224.0.0.252,5355,5355,N/A,N/A,N/A,N/A,,,1
1759293138,eth0,357,Ethernet,IPv4,UDP,N/A,v4,0.0.0.0,255.255.255.255,68,67,N/A,N/A,N/A,N/A,,,1
1759293138,any,359,N/A,IPv4,UDP,N/A,v4,0.0.0.0,255.255.255.255,68,67,N/A,N/A,N/A,N/A,,,1
1759293138,any,371,N/A,IPv4,UDP,N/A,v4,0.0.0.0,255.255.255.255,68,67,N/A,N/A,N/A,N/A,,,1
1759293138,eth0,369,Ethernet,IPv4,UDP,N/A,v4,0.0.0.0,255.255.255.255,68,67,N/A,N/A,N/A,N/A,,,1
1759293138,any,112,N/A,IPv6,ICMP,N/A,v6,fe80::780a:a9ff:fee6:89,ff02::179,N/A,N/A,N/A,N/A,N/A,N/A,,,1
1759293138,eth1,110,Ethernet,IPv6,ICMP,N/A,v6,fe80::780a:a9ff:fee6:89,ff02::179,N/A,N/A,N/A,N/A,N/A,N/A,,,1
1759293138,any,112,N/A,IPv6,ICMP,N/A,v6,fe80::b0b5:44ff:feea:219,ff02::179,N/A,N/A,N/A,N/A,N/A,N/A,,,1
1759293138,eth0,110,Ethernet,IPv6,ICMP,N/A,v6,fe80::b0b5:44ff:feea:219,ff02::179,N/A,N/A,N/A,N/A,N/A,N/A,,,1
1759293138,eth0,54,Ethernet,IPv4,N/A,N/A,v4,172.30.0.163,224.0.0.22,N/A,N/A,N/A,N/A,N/A,N/A,,,1
1759293138,eth0,42,Ethernet,N/A,N/A,N/A,N/A,N/A,N/A,N/A,N/A,N/A,N/A,N/A,N/A,,,1
1759293138,any,44,ARP,N/A,N/A,N/A,N/A,N/A,N/A,N/A,N/A,1,2048,172.30.0.163,172.30.0.122,,,1
1759293138,any,113,N/A,N/A,N/A,N/A,N/A,N/A,N/A,N/A,N/A,N/A,N/A,N/A,N/A,,,1
1759293138,eth0,111,Ethernet,N/A,N/A,N/A,N/A,N/A,N/A,N/A,N/A,N/A,N/A,N/A,N/A,,,1
1759293138,eth0,70,Ethernet,IPv6,ICMP,N/A,v6,fe80::24f1:23ff:fe29:66,ff02::204,N/A,N/A,N/A,N/A,N/A,N/A,,,1
1759293138,any,72,N/A,IPv6,ICMP,N/A,v6,fe80::24f1:23ff:fe29:66,ff02::204,N/A,N/A,N/A,N/A,N/A,N/A,,,1
1759293138,any,92,N/A,IPv6,ICMP,N/A,v6,fe80::24f1:23ff:fe29:66,ff02::179,N/A,N/A,N/A,N/A,N/A,N/A,,,1
1759293138,eth0,90,Ethernet,IPv6,ICMP,N/A,v6,fe80::24f1:23ff:fe29:66,ff02::179,N/A,N/A,N/A,N/A,N/A,N/A,,,1
1759293138,eth0,54,Ethernet,IPv4,N/A,N/A,v4,172.30.0.23,224.0.0.22,N/A,N/A,N/A,N/A,N/A,N/A,,,1
1759293138,eth0,87,Ethernet,IPv6,UDP,N/A,v6,fe80::24f1:23ff:fe29:66,ff02::1:52,5355,5355,N/A,N/A,N/A,N/A,,,1
1759293138,eth0,67,Ethernet,IPv4,UDP,N/A,v4,172.30.0.23,224.0.0.252,5355,5355,N/A,N/A,N/A,N/A,,,1
1759293138,any,89,N/A,IPv6,UDP,N/A,v6,fe80::24f1:23ff:fe29:66,ff02::1:52,5355,5355,N/A,N/A,N/A,N/A,,,1
1759293138,any,112,N/A,IPv6,ICMP,N/A,v6,fe80::7827:e3ff:fe68:239,ff02::179,N/A,N/A,N/A,N/A,N/A,N/A,,,1
1759293138,eth1,110,Ethernet,IPv6,ICMP,N/A,v6,fe80::7827:e3ff:fe68:239,ff02::179,N/A,N/A,N/A,N/A,N/A,N/A,,,1
1759293138,eth0,110,Ethernet,IPv6,ICMP,N/A,v6,fe80::24f1:23ff:fe29:66,ff02::179,N/A,N/A,N/A,N/A,N/A,N/A,,,1
1759293138,eth0,356,Ethernet,IPv4,UDP,N/A,v4,0.0.0.0,255.255.255.255,68,67,N/A,N/A,N/A,N/A,,,1
1759293138,eth0,368,Ethernet,IPv4,UDP,N/A,v4,0.0.0.0,255.255.255.255,68,67,N/A,N/A,N/A,N/A,,,1
1759293138,any,358,N/A,IPv4,UDP,N/A,v4,0.0.0.0,255.255.255.255,68,67,N/A,N/A,N/A,N/A,,,1
1759293138,any,370,N/A,IPv4,UDP,N/A,v4,0.0.0.0,255.255.255.255,68,67,N/A,N/A,N/A,N/A,,,1
1759293138,eth0,110,Ethernet,IPv6,ICMP,N/A,v6,fe80::24f1:23ff:fe29:66,ff02::179,N/A,N/A,N/A,N/A,N/A,N/A,,,1
1759293138,eth0,54,Ethernet,IPv4,N/A,N/A,v4,172.30.0.23,224.0.0.22,N/A,N/A,N/A,N/A,N/A,N/A,,,1
1759293138,any,112,N/A,IPv6,ICMP,N/A,v6,fe80::24f1:23ff:fe29:66,ff02::179,N/A,N/A,N/A,N/A,N/A,N/A,,,1
1759293138,any,112,N/A,IPv6,ICMP,N/A,v6,fe80::780a:a9ff:fee6:89,ff02::179,N/A,N/A,N/A,N/A,N/A,N/A,,,1
1759293138,eth1,110,Ethernet,IPv6,ICMP,N/A,v6,fe80::780a:a9ff:fee6:89,ff02::179,N/A,N/A,N/A,N/A,N/A,N/A,,,1
1759293138,any,44,ARP,N/A,N/A,N/A,N/A,N/A,N/A,N/A,N/A,1,2048,172.30.0.23,172.30.0.122,,,1
1759293138,eth0,42,Ethernet,N/A,N/A,N/A,N/A,N/A,N/A,N/A,N/A,N/A,N/A,N/A,N/A,,,1
1759293138,eth0,356,Ethernet,IPv4,UDP,N/A,v4,0.0.0.0,255.255.255.255,68,67,N/A,N/A,N/A,N/A,,,1
1759293138,any,358,N/A,IPv4,UDP,N/A,v4,0.0.0.0,255.255.255.255,68,67,N/A,N/A,N/A,N/A,,,1
1759293138,eth0,368,Ethernet,IPv4,UDP,N/A,v4,0.0.0.0,255.255.255.255,68,67,N/A,N/A,N/A,N/A,,,1
1759293138,any,370,N/A,IPv4,UDP,N/A,v4,0.0.0.0,255.255.255.255,68,67,N/A,N/A,N/A,N/A,,,1
1759293138,eth1,110,Ethernet,IPv6,ICMP,N/A,v6,fe80::7827:e3ff:fe68:239,ff02::179,N/A,N/A,N/A,N/A,N/A,N/A,,,1
1759293138,eth0,110,Ethernet,IPv6,ICMP,N/A,v6,fe80::24f1:23ff:fe29:66,ff02::179,N/A,N/A,N/A,N/A,N/A,N/A,,,1
1759293138,any,112,N/A,IPv6,ICMP,N/A,v6,fe80::24f1:23ff:fe29:66,ff02::179,N/A,N/A,N/A,N/A,N/A,N/A,,,1
1759293138,any,112,N/A,IPv6,ICMP,N/A,v6,fe80::7827:e3ff:fe68:239,ff02::179,N/A,N/A,N/A,N/A,N/A,N/A,,,1
1759293138,any,44,ARP,N/A,N/A,N/A,N/A,N/A,N/A,N/A,N/A,1,2048,172.30.0.23,172.30.0.122,,,1
1759293138,eth0,42,Ethernet,N/A,N/A,N/A,N/A,N/A,N/A,N/A,N/A,N/A,N/A,N/A,N/A,,,1
1759293138,eth0,110,Ethernet,IPv6,ICMP,N/A,v6,fe80::b0b5:44ff:feea:219,ff02::179,N/A,N/A,N/A,N/A,N/A,N/A,,,1
1759293138,any,112,N/A,IPv6,ICMP,N/A,v6,fe80::b0b5:44ff:feea:219,ff02::179,N/A,N/A,N/A,N/A,N/A,N/A,,,1
1759293138,eth0,54,Ethernet,IPv4,N/A,N/A,v4,172.30.0.163,224.0.0.22,N/A,N/A,N/A,N/A,N/A,N/A,,,1
1759293138,any,56,N/A,IPv4,N/A,N/A,v4,172.30.0.163,224.0.0.22,N/A,N/A,N/A,N/A,N/A,N/A,,,1
1759293138,any,109,N/A,N/A,N/A,N/A,N/A,N/A,N/A,N/A,N/A,N/A,N/A,N/A,N/A,,,0
1759293138,eth0,90,Ethernet,IPv6,ICMP,N/A,v6,fe80::5ca9:83ff:fe87:27,ff02::179,N/A,N/A,N/A,N/A,N/A,N/A,,,0
1759293138,eth0,54,Ethernet,IPv4,N/A,N/A,v4,172.30.0.220,224.0.0.22,N/A,N/A,N/A,N/A,N/A,N/A,,,0
1759293138,any,92,N/A,IPv6,ICMP,N/A,v6,fe80::5ca9:83ff:fe87:27,ff02::179,N/A,N/A,N/A,N/A,N/A,N/A,,,0
1759293138,eth0,87,Ethernet,IPv6,UDP,N/A,v6,fe80::5ca9:83ff:fe87:27,ff02::1:52,5355,5355,N/A,N/A,N/A,N/A,,,0
1759293138,any,89,N/A,IPv6,UDP,N/A,v6,fe80::5ca9:83ff:fe87:27,ff02::1:52,5355,5355,N/A,N/A,N/A,N/A,,,0
1759293138,eth0,356,Ethernet,IPv4,UDP,N/A,v4,0.0.0.0,255.255.255.255,68,67,N/A,N/A,N/A,N/A,,,0
1759293138,any,358,N/A,IPv4,UDP,N/A,v4,0.0.0.0,255.255.255.255,68,67,N/A,N/A,N/A,N/A,,,0
1759293138,eth0,368,Ethernet,IPv4,UDP,N/A,v4,0.0.0.0,255.255.255.255,68,67,N/A,N/A,N/A,N/A,,,0
1759293138,any,370,N/A,IPv4,UDP,N/A,v4,0.0.0.0,255.255.255.255,68,67,N/A,N/A,N/A,N/A,,,0
1759293138,eth1,110,Ethernet,IPv6,ICMP,N/A,v6,fe80::a824:52ff:fe4f:69,ff02::179,N/A,N/A,N/A,N/A,N/A,N/A,,,0
1759293138,any,112,N/A,IPv6,ICMP,N/A,v6,fe80::a824:52ff:fe4f:69,ff02::179,N/A,N/A,N/A,N/A,N/A,N/A,,,0
1759293138,any,112,N/A,IPv6,ICMP,N/A,v6,fe80::5ca9:83ff:fe87:27,ff02::179,N/A,N/A,N/A,N/A,N/A,N/A,,,0
1759293138,eth0,110,Ethernet,IPv6,ICMP,N/A,v6,fe80::5ca9:83ff:fe87:27,ff02::179,N/A,N/A,N/A,N/A,N/A,N/A,,,0
1759293138,eth0,54,Ethernet,IPv4,N/A,N/A,v4,172.30.0.220,224.0.0.22,N/A,N/A,N/A,N/A,N/A,N/A,,,0
1759293138,eth0,90,Ethernet,IPv6,ICMP,N/A,v6,fe80::e48e:99ff:fe5f:147,ff02::179,N/A,N/A,N/A,N/A,N/A,N/A,,,1
1759293138,eth0,54,Ethernet,IPv4,N/A,N/A,v4,172.30.0.220,224.0.0.22,N/A,N/A,N/A,N/A,N/A,N/A,,,1
1759293138,any,92,N/A,IPv6,ICMP,N/A,v6,fe80::e48e:99ff:fe5f:147,ff02::179,N/A,N/A,N/A,N/A,N/A,N/A,,,1
1759293138,eth0,71,Ethernet,IPv4,UDP,N/A,v4,172.30.0.220,224.0.0.252,5355,5355,N/A,N/A,N/A,N/A,,,1
1759293138,any,73,N/A,IPv4,UDP,N/A,v4,172.30.0.220,224.0.0.252,5355,5355,N/A,N/A,N/A,N/A,,,1
1759293139,any,56,N/A,IPv4,N/A,N/A,v4,172.30.0.220,224.0.0.22,N/A,N/A,N/A,N/A,N/A,N/A,,,0
1759293139,eth0,54,Ethernet,IPv4,N/A,N/A,v4,172.30.0.220,224.0.0.22,N/A,N/A,N/A,N/A,N/A,N/A,,,0
1759293139,eth0,70,Ethernet,IPv6,ICMP,N/A,v6,fe80::5ca9:83ff:fe87:27,ff02::204,N/A,N/A,N/A,N/A,N/A,N/A,,,0
1759293139,any,72,N/A,IPv6,ICMP,N/A,v6,fe80::a824:52ff:fe4f:69,ff02::204,N/A,N/A,N/A,N/A,N/A,N/A,,,0
1759293139,any,72,N/A,IPv6,ICMP,N/A,v6,fe80::5ca9:83ff:fe87:27,ff02::204,N/A,N/A,N/A,N/A,N/A,N/A,,,0
1759293139,eth1,70,Ethernet,IPv6,ICMP,N/A,v6,fe80::a824:52ff:fe4f:69,ff02::204,N/A,N/A,N/A,N/A,N/A,N/A,,,0
1759293139,any,112,N/A,IPv6,ICMP,N/A,v6,fe80::a824:52ff:fe4f:69,ff02::179,N/A,N/A,N/A,N/A,N/A,N/A,,,0
1759293139,eth1,110,Ethernet,IPv6,ICMP,N/A,v6,fe80::a824:52ff:fe4f:69,ff02::179,N/A,N/A,N/A,N/A,N/A,N/A,,,0
1759293139,any,112,N/A,IPv6,ICMP,N/A,v6,fe80::5ca9:83ff:fe87:27,ff02::179,N/A,N/A,N/A,N/A,N/A,N/A,,,0
1759293139,eth0,110,Ethernet,IPv6,ICMP,N/A,v6,fe80::5ca9:83ff:fe87:27,ff02::179,N/A,N/A,N/A,N/A,N/A,N/A,,,0
1759293139,eth0,360,Ethernet,IPv4,UDP,N/A,v4,0.0.0.0,255.255.255.255,68,67,N/A,N/A,N/A,N/A,,,1
1759293139,any,362,N/A,IPv4,UDP,N/A,v4,0.0.0.0,255.255.255.255,68,67,N/A,N/A,N/A,N/A,,,1
1759293139,eth0,372,Ethernet,IPv4,UDP,N/A,v4,0.0.0.0,255.255.255.255,68,67,N/A,N/A,N/A,N/A,,,1
1759293139,any,374,N/A,IPv4,UDP,N/A,v4,0.0.0.0,255.255.255.255,68,67,N/A,N/A,N/A,N/A,,,1
1759293139,eth2,110,Ethernet,IPv6,ICMP,N/A,v6,fe80::dcac:f9ff:fe59:60,ff02::179,N/A,N/A,N/A,N/A,N/A,N/A,,,1
1759293139,any,112,N/A,IPv6,ICMP,N/A,v6,fe80::f056:abff:fe65:143,ff02::179,N/A,N/A,N/A,N/A,N/A,N/A,,,1
1759293139,eth1,110,Ethernet,IPv6,ICMP,N/A,v6,fe80::f056:abff:fe65:143,ff02::179,N/A,N/A,N/A,N/A,N/A,N/A,,,1
1759293139,any,56,N/A,IPv4,N/A,N/A,v4,172.30.0.220,224.0.0.22,N/A,N/A,N/A,N/A,N/A,N/A,,,1
1759293139,eth0,54,Ethernet,IPv4,N/A,N/A,v4,172.30.0.220,224.0.0.22,N/A,N/A,N/A,N/A,N/A,N/A,,,1
1759293139,any,112,N/A,IPv6,ICMP,N/A,v6,fe80::e48e:99ff:fe5f:147,ff02::179,N/A,N/A,N/A,N/A,N/A,N/A,,,1
1759293139,eth0,110,Ethernet,IPv6,ICMP,N/A,v6,fe80::e48e:99ff:fe5f:147,ff02::179,N/A,N/A,N/A,N/A,N/A,N/A,,,1
1759293139,eth1,70,Ethernet,IPv6,ICMP,N/A,v6,fe80::7827:e3ff:fe68:239,ff02::204,N/A,N/A,N/A,N/A,N/A,N/A,,,1
1759293139,eth0,70,Ethernet,IPv6,ICMP,N/A,v6,fe80::24f1:23ff:fe29:66,ff02::204,N/A,N/A,N/A,N/A,N/A,N/A,,,1
1759293139,any,72,N/A,IPv6,ICMP,N/A,v6,fe80::24f1:23ff:fe29:66,ff02::204,N/A,N/A,N/A,N/A,N/A,N/A,,,1
1759293139,any,72,N/A,IPv6,ICMP,N/A,v6,fe80::7827:e3ff:fe68:239,ff02::204,N/A,N/A,N/A,N/A,N/A,N/A,,,1
1759293139,eth0,110,Ethernet,IPv6,ICMP,N/A,v6,fe80::e48e:99ff:fe5f:147,ff02::179,N/A,N/A,N/A,N/A,N/A,N/A,,,1
1759293139,any,112,N/A,IPv6,ICMP,N/A,v6,fe80::e48e:99ff:fe5f:147,ff02::179,N/A,N/A,N/A,N/A,N/A,N/A,,,1
1759293139,any,112,N/A,IPv6,ICMP,N/A,v6,fe80::7827:e3ff:fe68:239,ff02::179,N/A,N/A,N/A,N/A,N/A,N/A,,,1
1759293139,eth1,110,Ethernet,IPv6,ICMP,N/A,v6,fe80::7827:e3ff:fe68:239,ff02::179,N/A,N/A,N/A,N/A,N/A,N/A,,,1
1759293139,eth0,90,Ethernet,IPv6,ICMP,N/A,v6,fe80::24f1:23ff:fe29:66,ff02::179,N/A,N/A,N/A,N/A,N/A,N/A,,,1
1759293139,eth0,42,Ethernet,N/A,N/A,N/A,N/A,N/A,N/A,N/A,N/A,N/A,N/A,N/A,N/A,,,1
1759293139,eth0,56,Ethernet,N/A,N/A,N/A,N/A,N/A,N/A,N/A,N/A,N/A,N/A,N/A,N/A,,,1
1759293139,eth0,56,Ethernet,N/A,N/A,N/A,N/A,N/A,N/A,N/A,N/A,N/A,N/A,N/A,N/A,,,1
1759293139,any,44,ARP,N/A,N/A,N/A,N/A,N/A,N/A,N/A,N/A,1,2048,172.30.0.220,172.30.0.122,,,1
1759293139,any,58,ARP,N/A,N/A,N/A,N/A,N/A,N/A,N/A,N/A,2,2048,172.30.0.122,172.30.0.220,,,1
1759293139,any,58,ARP,N/A,N/A,N/A,N/A,N/A,N/A,N/A,N/A,2,2048,172.30.0.122,172.30.0.220,,,1
1759293139,any,112,N/A,IPv6,ICMP,N/A,v6,fe80::dcac:f9ff:fe59:60,ff02::179,N/A,N/A,N/A,N/A,N/A,N/A,,,1
1759293139,eth2,110,Ethernet,IPv6,ICMP,N/A,v6,fe80::dcac:f9ff:fe59:60,ff02::179,N/A,N/A,N/A,N/A,N/A,N/A,,,1
1759293139,eth0,90,Ethernet,IPv6,ICMP,N/A,v6,fe80::ecf9:eff:fefb:55,ff02::179,N/A,N/A,N/A,N/A,N/A,N/A,,,1
1759293139,eth0,56,Ethernet,IPv4,N/A,N/A,v4,172.30.0.89,224.0.0.22,N/A,N/A,N/A,N/A,N/A,N/A,,,1
1759293139,any,92,N/A,IPv6,ICMP,N/A,v6,fe80::ecf9:eff:fefb:55,ff02::179,N/A,N/A,N/A,N/A,N/A,N/A,,,1
1759293139,any,72,N/A,IPv6,ICMP,N/A,v6,fe80::b0b5:44ff:feea:219,ff02::204,N/A,N/A,N/A,N/A,N/A,N/A,,,1
1759293139,eth0,70,Ethernet,IPv6,ICMP,N/A,v6,fe80::b0b5:44ff:feea:219,ff02::204,N/A,N/A,N/A,N/A,N/A,N/A,,,1
1759293139,eth1,70,Ethernet,IPv6,ICMP,N/A,v6,fe80::780a:a9ff:fee6:89,ff02::204,N/A,N/A,N/A,N/A,N/A,N/A,,,1
1759293139,eth0,67,Ethernet,IPv4,UDP,N/A,v4,172.30.0.89,224.0.0.252,5355,5355,N/A,N/A,N/A,N/A,,,1
1759293139,eth0,87,Ethernet,IPv6,UDP,N/A,v6,fe80::ecf9:eff:fefb:55,ff02::1:52,5355,5355,N/A,N/A,N/A,N/A,,,1
1759293139,any,69,N/A,IPv4,UDP,N/A,v4,172.30.0.89,224.0.0.252,5355,5355,N/A,N/A,N/A,N/A,,,1
1759293139,any,358,N/A,IPv4,UDP,N/A,v4,0.0.0.0,255.255.255.255,68,67,N/A,N/A,N/A,N/A,,,1
1759293139,eth0,356,Ethernet,IPv4,UDP,N/A,v4,0.0.0.0,255.255.255.255,68,67,N/A,N/A,N/A,N/A,,,1
1759293139,eth1,110,Ethernet,IPv6,ICMP,N/A,v6,fe80::103b:bdff:fef0:169,ff02::179,N/A,N/A,N/A,N/A,N/A,N/A,,,1
1759293139,any,112,N/A,IPv6,ICMP,N/A,v6,fe80::ecf9:eff:fefb:55,ff02::179,N/A,N/A,N/A,N/A,N/A,N/A,,,1
1759293139,any,112,N/A,IPv6,ICMP,N/A,v6,fe80::103b:bdff:fef0:169,ff02::179,N/A,N/A,N/A,N/A,N/A,N/A,,,1
1759293139,eth0,110,Ethernet,IPv6,ICMP,N/A,v6,fe80::ecf9:eff:fefb:55,ff02::179,N/A,N/A,N/A,N/A,N/A,N/A,,,1
1759293139,any,370,N/A,IPv4,UDP,N/A,v4,0.0.0.0,255.255.255.255,68,67,N/A,N/A,N/A,N/A,,,1
1759293139,eth0,368,Ethernet,IPv4,UDP,N/A,v4,0.0.0.0,255.255.255.255,68,67,N/A,N/A,N/A,N/A,,,1
1759293139,eth0,110,Ethernet,IPv6,ICMP,N/A,v6,fe80::ecf9:eff:fefb:55,ff02::179,N/A,N/A,N/A,N/A,N/A,N/A,,,1
1759293139,eth0,56,Ethernet,IPv4,N/A,N/A,v4,172.30.0.89,224.0.0.22,N/A,N/A,N/A,N/A,N/A,N/A,,,1
1759293139,any,112,N/A,IPv6,ICMP,N/A,v6,fe80::ecf9:eff:fefb:55,ff02::179,N/A,N/A,N/A,N/A,N/A,N/A,,,1
1759293139,eth0,54,Ethernet,IPv4,N/A,N/A,v4,172.30.0.23,224.0.0.22,N/A,N/A,N/A,N/A,N/A,N/A,,,1
1759293139,any,56,N/A,IPv4,N/A,N/A,v4,172.30.0.23,224.0.0.22,N/A,N/A,N/A,N/A,N/A,N/A,,,1
1759293139,any,92,N/A,IPv6,ICMP,N/A,v6,fe80::ecf9:eff:fefb:55,ff02::179,N/A,N/A,N/A,N/A,N/A,N/A,,,1
1759293139,eth0,90,Ethernet,IPv6,ICMP,N/A,v6,fe80::ecf9:eff:fefb:55,ff02::179,N/A,N/A,N/A,N/A,N/A,N/A,,,1
1759293139,eth0,56,Ethernet,N/A,N/A,N/A,N/A,N/A,N/A,N/A,N/A,N/A,N/A,N/A,N/A,,,1
1759293139,any,58,ARP,N/A,N/A,N/A,N/A,N/A,N/A,N/A,N/A,1,2048,172.30.0.89,172.30.0.122,,,1
1759293139,any,56,N/A,IPv4,N/A,N/A,v4,172.30.0.220,224.0.0.22,N/A,N/A,N/A,N/A,N/A,N/A,,,1
1759293139,eth0,54,Ethernet,IPv4,N/A,N/A,v4,172.30.0.220,224.0.0.22,N/A,N/A,N/A,N/A,N/A,N/A,,,1
1759293139,any,112,N/A,IPv6,ICMP,N/A,v6,fe80::103b:bdff:fef0:169,ff02::179,N/A,N/A,N/A,N/A,N/A,N/A,,,1
1759293139,eth1,110,Ethernet,IPv6,ICMP,N/A,v6,fe80::103b:bdff:fef0:169,ff02::179,N/A,N/A,N/A,N/A,N/A,N/A,,,1
1759293139,eth1,70,Ethernet,IPv6,ICMP,N/A,v6,fe80::f056:abff:fe65:143,ff02::204,N/A,N/A,N/A,N/A,N/A,N/A,,,1
1759293139,eth2,70,Ethernet,IPv6,ICMP,N/A,v6,fe80::dcac:f9ff:fe59:60,ff02::204,N/A,N/A,N/A,N/A,N/A,N/A,,,1
1759293139,any,72,N/A,IPv6,ICMP,N/A,v6,fe80::dcac:f9ff:fe59:60,ff02::204,N/A,N/A,N/A,N/A,N/A,N/A,,,1
1759293139,any,72,N/A,IPv6,ICMP,N/A,v6,fe80::e48e:99ff:fe5f:147,ff02::204,N/A,N/A,N/A,N/A,N/A,N/A,,,1
1759293139,any,72,N/A,IPv6,ICMP,N/A,v6,fe80::f056:abff:fe65:143,ff02::204,N/A,N/A,N/A,N/A,N/A,N/A,,,1
1759293139,eth0,70,Ethernet,IPv6,ICMP,N/A,v6,fe80::e48e:99ff:fe5f:147,ff02::204,N/A,N/A,N/A,N/A,N/A,N/A,,,1
1759293139,any,58,N/A,IPv4,N/A,N/A,v4,172.30.0.89,224.0.0.22,N/A,N/A,N/A,N/A,N/A,N/A,,,1
1759293139,eth0,56,Ethernet,IPv4,N/A,N/A,v4,172.30.0.89,224.0.0.22,N/A,N/A,N/A,N/A,N/A,N/A,,,1
1759293139,any,112,N/A,IPv6,ICMP,N/A,v6,fe80::f056:abff:fe65:143,ff02::179,N/A,N/A,N/A,N/A,N/A,N/A,,,1
1759293139,eth1,110,Ethernet,IPv6,ICMP,N/A,v6,fe80::f056:abff:fe65:143,ff02::179,N/A,N/A,N/A,N/A,N/A,N/A,,,1
1759293139,eth0,42,Ethernet,N/A,N/A,N/A,N/A,N/A,N/A,N/A,N/A,N/A,N/A,N/A,N/A,,,0
1759293139,eth0,56,Ethernet,N/A,N/A,N/A,N/A,N/A,N/A,N/A,N/A,N/A,N/A,N/A,N/A,,,0
1759293139,eth0,56,Ethernet,N/A,N/A,N/A,N/A,N/A,N/A,N/A,N/A,N/A,N/A,N/A,N/A,,,0
1759293139,eth0,107,Ethernet,N/A,N/A,N/A,N/A,N/A,N/A,N/A,N/A,N/A,N/A,N/A,N/A,,,0
1759293139,any,44,ARP,N/A,N/A,N/A,N/A,N/A,N/A,N/A,N/A,1,2048,172.30.0.220,172.30.0.122,,,0
1759293139,any,58,ARP,N/A,N/A,N/A,N/A,N/A,N/A,N/A,N/A,2,2048,172.30.0.122,172.30.0.220,,,0
1759293139,any,109,N/A,N/A,N/A,N/A,N/A,N/A,N/A,N/A,N/A,N/A,N/A,N/A,N/A,,,0
1759293140,eth0,111,Ethernet,N/A,N/A,N/A,N/A,N/A,N/A,N/A,N/A,N/A,N/A,N/A,N/A,,,1
1759293140,any,113,N/A,N/A,N/A,N/A,N/A,N/A,N/A,N/A,N/A,N/A,N/A,N/A,N/A,,,1
1759293140,eth1,70,Ethernet,IPv6,ICMP,N/A,v6,fe80::103b:bdff:fef0:169,ff02::204,N/A,N/A,N/A,N/A,N/A,N/A,,,1
1759293140,any,72,N/A,IPv6,ICMP,N/A,v6,fe80::ecf9:eff:fefb:55,ff02::204,N/A,N/A,N/A,N/A,N/A,N/A,,,1
1759293140,any,72,N/A,IPv6,ICMP,N/A,v6,fe80::103b:bdff:fef0:169,ff02::204,N/A,N/A,N/A,N/A,N/A,N/A,,,1
1759293140,eth0,70,Ethernet,IPv6,ICMP,N/A,v6,fe80::ecf9:eff:fefb:55,ff02::204,N/A,N/A,N/A,N/A,N/A,N/A,,,1
1759293141,eth0,111,Ethernet,N/A,N/A,N/A,N/A,N/A,N/A,N/A,N/A,N/A,N/A,N/A,N/A,,,1
1759293141,any,113,N/A,N/A,N/A,N/A,N/A,N/A,N/A,N/A,N/A,N/A,N/A,N/A,N/A,,,1
1759293141,eth0,107,Ethernet,N/A,N/A,N/A,N/A,N/A,N/A,N/A,N/A,N/A,N/A,N/A,N/A,,,0
1759293141,any,109,N/A,N/A,N/A,N/A,N/A,N/A,N/A,N/A,N/A,N/A,N/A,N/A,N/A,,,0
1759293142,eth0,90,Ethernet,IPv6,ICMP,N/A,v6,fe80::b0b5:44ff:feea:219,ff02::179,N/A,N/A,N/A,N/A,N/A,N/A,,,1
1759293142,eth0,54,Ethernet,IPv4,N/A,N/A,v4,172.30.0.163,224.0.0.22,N/A,N/A,N/A,N/A,N/A,N/A,,,1
1759293142,any,92,N/A,IPv6,ICMP,N/A,v6,fe80::b0b5:44ff:feea:219,ff02::179,N/A,N/A,N/A,N/A,N/A,N/A,,,1
1759293142,any,359,N/A,IPv4,UDP,N/A,v4,0.0.0.0,255.255.255.255,68,67,N/A,N/A,N/A,N/A,,,1
1759293142,eth0,357,Ethernet,IPv4,UDP,N/A,v4,0.0.0.0,255.255.255.255,68,67,N/A,N/A,N/A,N/A,,,1
1759293142,any,371,N/A,IPv4,UDP,N/A,v4,0.0.0.0,255.255.255.255,68,67,N/A,N/A,N/A,N/A,,,1
1759293142,eth0,369,Ethernet,IPv4,UDP,N/A,v4,0.0.0.0,255.255.255.255,68,67,N/A,N/A,N/A,N/A,,,1
1759293142,any,112,N/A,IPv6,ICMP,N/A,v6,fe80::780a:a9ff:fee6:89,ff02::179,N/A,N/A,N/A,N/A,N/A,N/A,,,1
1759293142,eth1,110,Ethernet,IPv6,ICMP,N/A,v6,fe80::780a:a9ff:fee6:89,ff02::179,N/A,N/A,N/A,N/A,N/A,N/A,,,1
1759293142,any,112,N/A,IPv6,ICMP,N/A,v6,fe80::b0b5:44ff:feea:219,ff02::179,N/A,N/A,N/A,N/A,N/A,N/A,,,1
1759293142,eth0,110,Ethernet,IPv6,ICMP,N/A,v6,fe80::b0b5:44ff:feea:219,ff02::179,N/A,N/A,N/A,N/A,N/A,N/A,,,1
1759293142,eth0,54,Ethernet,IPv4,N/A,N/A,v4,172.30.0.163,224.0.0.22,N/A,N/A,N/A,N/A,N/A,N/A,,,1
1759293142,eth0,90,Ethernet,IPv6,ICMP,N/A,v6,fe80::24f1:23ff:fe29:66,ff02::179,N/A,N/A,N/A,N/A,N/A,N/A,,,1
1759293142,eth0,54,Ethernet,IPv4,N/A,N/A,v4,172.30.0.23,224.0.0.22,N/A,N/A,N/A,N/A,N/A,N/A,,,1
1759293142,any,92,N/A,IPv6,ICMP,N/A,v6,fe80::24f1:23ff:fe29:66,ff02::179,N/A,N/A,N/A,N/A,N/A,N/A,,,1
1759293142,eth0,42,Ethernet,N/A,N/A,N/A,N/A,N/A,N/A,N/A,N/A,N/A,N/A,N/A,N/A,,,1
1759293142,any,44,ARP,N/A,N/A,N/A,N/A,N/A,N/A,N/A,N/A,1,2048,172.30.0.163,172.30.0.122,,,1
1759293142,eth0,111,Ethernet,N/A,N/A,N/A,N/A,N/A,N/A,N/A,N/A,N/A,N/A,N/A,N/A,,,1
1759293142,any,113,N/A,N/A,N/A,N/A,N/A,N/A,N/A,N/A,N/A,N/A,N/A,N/A,N/A,,,1
1759293142,any,89,N/A,IPv6,UDP,N/A,v6,fe80::24f1:23ff:fe29:66,ff02::1:52,5355,5355,N/A,N/A,N/A,N/A,,,1
1759293142,eth0,87,Ethernet,IPv6,UDP,N/A,v6,fe80::24f1:23ff:fe29:66,ff02::1:52,5355,5355,N/A,N/A,N/A,N/A,,,1
1759293142,eth0,67,Ethernet,IPv4,UDP,N/A,v4,172.30.0.23,224.0.0.252,5355,5355,N/A,N/A,N/A,N/A,,,1
1759293142,eth0,356,Ethernet,IPv4,UDP,N/A,v4,0.0.0.0,255.255.255.255,68,67,N/A,N/A,N/A,N/A,,,1
1759293142,any,358,N/A,IPv4,UDP,N/A,v4,0.0.0.0,255.255.255.255,68,67,N/A,N/A,N/A,N/A,,,1
1759293142,any,370,N/A,IPv4,UDP,N/A,v4,0.0.0.0,255.255.255.255,68,67,N/A,N/A,N/A,N/A,,,1
1759293142,eth0,368,Ethernet,IPv4,UDP,N/A,v4,0.0.0.0,255.255.255.255,68,67,N/A,N/A,N/A,N/A,,,1
1759293142,any,112,N/A,IPv6,ICMP,N/A,v6,fe80::7827:e3ff:fe68:239,ff02::179,N/A,N/A,N/A,N/A,N/A,N/A,,,1
1759293142,eth1,110,Ethernet,IPv6,ICMP,N/A,v6,fe80::7827:e3ff:fe68:239,ff02::179,N/A,N/A,N/A,N/A,N/A,N/A,,,1
1759293142,any,112,N/A,IPv6,ICMP,N/A,v6,fe80::24f1:23ff:fe29:66,ff02::179,N/A,N/A,N/A,N/A,N/A,N/A,,,1
1759293142,eth0,110,Ethernet,IPv6,ICMP,N/A,v6,fe80::24f1:23ff:fe29:66,ff02::179,N/A,N/A,N/A,N/A,N/A,N/A,,,1
1759293142,eth0,54,Ethernet,IPv4,N/A,N/A,v4,172.30.0.23,224.0.0.22,N/A,N/A,N/A,N/A,N/A,N/A,,,1
1759293142,any,44,ARP,N/A,N/A,N/A,N/A,N/A,N/A,N/A,N/A,1,2048,172.30.0.23,172.30.0.122,,,1
1759293142,eth0,42,Ethernet,N/A,N/A,N/A,N/A,N/A,N/A,N/A,N/A,N/A,N/A,N/A,N/A,,,1
1759293142,eth0,110,Ethernet,IPv6,ICMP,N/A,v6,fe80::b0b5:44ff:feea:219,ff02::179,N/A,N/A,N/A,N/A,N/A,N/A,,,1
1759293142,any,112,N/A,IPv6,ICMP,N/A,v6,fe80::b0b5:44ff:feea:219,ff02::179,N/A,N/A,N/A,N/A,N/A,N/A,,,1
1759293142,any,112,N/A,IPv6,ICMP,N/A,v6,fe80::24f1:23ff:fe29:66,ff02::179,N/A,N/A,N/A,N/A,N/A,N/A,,,1
1759293142,eth0,110,Ethernet,IPv6,ICMP,N/A,v6,fe80::24f1:23ff:fe29:66,ff02::179,N/A,N/A,N/A,N/A,N/A,N/A,,,1
1759293142,eth0,107,Ethernet,N/A,N/A,N/A,N/A,N/A,N/A,N/A,N/A,N/A,N/A,N/A,N/A,,,0
1759293142,any,109,N/A,N/A,N/A,N/A,N/A,N/A,N/A,N/A,N/A,N/A,N/A,N/A,N/A,,,0
1759293143,eth0,54,Ethernet,IPv4,N/A,N/A,v4,172.30.0.23,224.0.0.22,N/A,N/A,N/A,N/A,N/A,N/A,,,1
1759293143,any,56,N/A,IPv4,N/A,N/A,v4,172.30.0.23,224.0.0.22,N/A,N/A,N/A,N/A,N/A,N/A,,,1
1759293143,any,72,N/A,IPv6,ICMP,N/A,v6,fe80::24f1:23ff:fe29:66,ff02::204,N/A,N/A,N/A,N/A,N/A,N/A,,,1
1759293143,eth1,70,Ethernet,IPv6,ICMP,N/A,v6,fe80::7827:e3ff:fe68:239,ff02::204,N/A,N/A,N/A,N/A,N/A,N/A,,,1
1759293143,eth0,70,Ethernet,IPv6,ICMP,N/A,v6,fe80::24f1:23ff:fe29:66,ff02::204,N/A,N/A,N/A,N/A,N/A,N/A,,,1
1759293143,eth1,110,Ethernet,IPv6,ICMP,N/A,v6,fe80::780a:a9ff:fee6:89,ff02::179,N/A,N/A,N/A,N/A,N/A,N/A,,,1
1759293143,any,112,N/A,IPv6,ICMP,N/A,v6,fe80::780a:a9ff:fee6:89,ff02::179,N/A,N/A,N/A,N/A,N/A,N/A,,,1
1759293143,eth1,70,Ethernet,IPv6,ICMP,N/A,v6,fe80::a824:52ff:fe4f:69,ff02::204,N/A,N/A,N/A,N/A,N/A,N/A,,,0
1759293143,any,109,N/A,N/A,N/A,N/A,N/A,N/A,N/A,N/A,N/A,N/A,N/A,N/A,N/A,,,0
1759293143,eth0,107,Ethernet,N/A,N/A,N/A,N/A,N/A,N/A,N/A,N/A,N/A,N/A,N/A,N/A,,,0
1759293143,any,72,N/A,IPv6,ICMP,N/A,v6,fe80::5ca9:83ff:fe87:27,ff02::204,N/A,N/A,N/A,N/A,N/A,N/A,,,0
1759293143,eth0,70,Ethernet,IPv6,ICMP,N/A,v6,fe80::5ca9:83ff:fe87:27,ff02::204,N/A,N/A,N/A,N/A,N/A,N/A,,,0
1759293143,eth0,54,Ethernet,IPv4,N/A,N/A,v4,172.30.0.163,224.0.0.22,N/A,N/A,N/A,N/A,N/A,N/A,,,1
1759293143,any,56,N/A,IPv4,N/A,N/A,v4,172.30.0.163,224.0.0.22,N/A,N/A,N/A,N/A,N/A,N/A,,,1
1759293143,any,112,N/A,IPv6,ICMP,N/A,v6,fe80::7827:e3ff:fe68:239,ff02::179,N/A,N/A,N/A,N/A,N/A,N/A,,,1
1759293143,eth1,110,Ethernet,IPv6,ICMP,N/A,v6,fe80::7827:e3ff:fe68:239,ff02::179,N/A,N/A,N/A,N/A,N/A,N/A,,,1
1759293143,any,72,N/A,IPv6,ICMP,N/A,v6,fe80::dcac:f9ff:fe59:60,ff02::204,N/A,N/A,N/A,N/A,N/A,N/A,,,1
1759293143,eth2,70,Ethernet,IPv6,ICMP,N/A,v6,fe80::dcac:f9ff:fe59:60,ff02::204,N/A,N/A,N/A,N/A,N/A,N/A,,,1
1759293143,any,72,N/A,IPv6,ICMP,N/A,v6,fe80::b0b5:44ff:feea:219,ff02::204,N/A,N/A,N/A,N/A,N/A,N/A,,,1
1759293143,eth0,70,Ethernet,IPv6,ICMP,N/A,v6,fe80::b0b5:44ff:feea:219,ff02::204,N/A,N/A,N/A,N/A,N/A,N/A,,,1
1759293143,eth1,70,Ethernet,IPv6,ICMP,N/A,v6,fe80::780a:a9ff:fee6:89,ff02::204,N/A,N/A,N/A,N/A,N/A,N/A,,,1
1759293143,eth0,111,Ethernet,N/A,N/A,N/A,N/A,N/A,N/A,N/A,N/A,N/A,N/A,N/A,N/A,,,1
1759293143,any,113,N/A,N/A,N/A,N/A,N/A,N/A,N/A,N/A,N/A,N/A,N/A,N/A,N/A,,,1
1759293143,any,72,N/A,IPv6,ICMP,N/A,v6,fe80::f056:abff:fe65:143,ff02::204,N/A,N/A,N/A,N/A,N/A,N/A,,,1
1759293143,eth1,70,Ethernet,IPv6,ICMP,N/A,v6,fe80::f056:abff:fe65:143,ff02::204,N/A,N/A,N/A,N/A,N/A,N/A,,,1
1759293143,any,72,N/A,IPv6,ICMP,N/A,v6,fe80::e48e:99ff:fe5f:147,ff02::204,N/A,N/A,N/A,N/A,N/A,N/A,,,1
1759293143,eth0,70,Ethernet,IPv6,ICMP,N/A,v6,fe80::e48e:99ff:fe5f:147,ff02::204,N/A,N/A,N/A,N/A,N/A,N/A,,,1
1759293144,eth0,90,Ethernet,IPv6,ICMP,N/A,v6,fe80::5ca9:83ff:fe87:27,ff02::179,N/A,N/A,N/A,N/A,N/A,N/A,,,0
1759293144,eth0,54,Ethernet,IPv4,N/A,N/A,v4,172.30.0.220,224.0.0.22,N/A,N/A,N/A,N/A,N/A,N/A,,,0
1759293144,any,92,N/A,IPv6,ICMP,N/A,v6,fe80::5ca9:83ff:fe87:27,ff02::179,N/A,N/A,N/A,N/A,N/A,N/A,,,0
1759293144,eth0,67,Ethernet,IPv4,UDP,N/A,v4,172.30.0.220,224.0.0.252,5355,5355,N/A,N/A,N/A,N/A,,,0
1759293144,eth0,87,Ethernet,IPv6,UDP,N/A,v6,fe80::5ca9:83ff:fe87:27,ff02::1:52,5355,5355,N/A,N/A,N/A,N/A,,,0
1759293144,any,69,N/A,IPv4,UDP,N/A,v4,172.30.0.220,224.0.0.252,5355,5355,N/A,N/A,N/A,N/A,,,0
1759293144,eth0,356,Ethernet,IPv4,UDP,N/A,v4,0.0.0.0,255.255.255.255,68,67,N/A,N/A,N/A,N/A,,,0
1759293144,any,358,N/A,IPv4,UDP,N/A,v4,0.0.0.0,255.255.255.255,68,67,N/A,N/A,N/A,N/A,,,0
1759293144,eth0,368,Ethernet,IPv4,UDP,N/A,v4,0.0.0.0,255.255.255.255,68,67,N/A,N/A,N/A,N/A,,,0
1759293144,eth0,90,Ethernet,IPv6,ICMP,N/A,v6,fe80::e48e:99ff:fe5f:147,ff02::179,N/A,N/A,N/A,N/A,N/A,N/A,,,1
1759293144,eth0,54,Ethernet,IPv4,N/A,N/A,v4,172.30.0.220,224.0.0.22,N/A,N/A,N/A,N/A,N/A,N/A,,,1
1759293144,any,92,N/A,IPv6,ICMP,N/A,v6,fe80::e48e:99ff:fe5f:147,ff02::179,N/A,N/A,N/A,N/A,N/A,N/A,,,1
1759293144,eth0,91,Ethernet,IPv6,UDP,N/A,v6,fe80::e48e:99ff:fe5f:147,ff02::1:52,5355,5355,N/A,N/A,N/A,N/A,,,1
1759293144,eth0,71,Ethernet,IPv4,UDP,N/A,v4,172.30.0.220,224.0.0.252,5355,5355,N/A,N/A,N/A,N/A,,,1
1759293144,any,93,N/A,IPv6,UDP,N/A,v6,fe80::e48e:99ff:fe5f:147,ff02::1:52,5355,5355,N/A,N/A,N/A,N/A,,,1
1759293144,eth0,360,Ethernet,IPv4,UDP,N/A,v4,0.0.0.0,255.255.255.255,68,67,N/A,N/A,N/A,N/A,,,1
1759293144,any,362,N/A,IPv4,UDP,N/A,v4,0.0.0.0,255.255.255.255,68,67,N/A,N/A,N/A,N/A,,,1
1759293144,eth0,372,Ethernet,IPv4,UDP,N/A,v4,0.0.0.0,255.255.255.255,68,67,N/A,N/A,N/A,N/A,,,1
1759293144,any,374,N/A,IPv4,UDP,N/A,v4,0.0.0.0,255.255.255.255,68,67,N/A,N/A,N/A,N/A,,,1
1759293144,any,112,N/A,IPv6,ICMP,N/A,v6,fe80::f056:abff:fe65:143,ff02::179,N/A,N/A,N/A,N/A,N/A,N/A,,,1
1759293144,any,112,N/A,IPv6,ICMP,N/A,v6,fe80::e48e:99ff:fe5f:147,ff02::179,N/A,N/A,N/A,N/A,N/A,N/A,,,1
1759293144,any,44,ARP,N/A,N/A,N/A,N/A,N/A,N/A,N/A,N/A,1,2048,172.30.0.220,172.30.0.122,,,1
1759293144,any,58,ARP,N/A,N/A,N/A,N/A,N/A,N/A,N/A,N/A,2,2048,172.30.0.122,172.30.0.220,,,1
1759293144,any,56,N/A,IPv4,N/A,N/A,v4,172.30.0.220,224.0.0.22,N/A,N/A,N/A,N/A,N/A,N/A,,,1
1759293144,any,112,N/A,IPv6,ICMP,N/A,v6,fe80::dcac:f9ff:fe59:60,ff02::179,N/A,N/A,N/A,N/A,N/A,N/A,,,1
1759293144,eth2,110,Ethernet,IPv6,ICMP,N/A,v6,fe80::dcac:f9ff:fe59:60,ff02::179,N/A,N/A,N/A,N/A,N/A,N/A,,,1
1759293144,eth2,110,Ethernet,IPv6,ICMP,N/A,v6,fe80::dcac:f9ff:fe59:60,ff02::179,N/A,N/A,N/A,N/A,N/A,N/A,,,1
1759293144,eth1,110,Ethernet,IPv6,ICMP,N/A,v6,fe80::f056:abff:fe65:143,ff02::179,N/A,N/A,N/A,N/A,N/A,N/A,,,1
1759293144,eth0,110,Ethernet,IPv6,ICMP,N/A,v6,fe80::e48e:99ff:fe5f:147,ff02::179,N/A,N/A,N/A,N/A,N/A,N/A,,,1
1759293144,eth0,54,Ethernet,IPv4,N/A,N/A,v4,172.30.0.220,224.0.0.22,N/A,N/A,N/A,N/A,N/A,N/A,,,1
1759293144,eth0,42,Ethernet,N/A,N/A,N/A,N/A,N/A,N/A,N/A,N/A,N/A,N/A,N/A,N/A,,,1
1759293144,eth0,56,Ethernet,N/A,N/A,N/A,N/A,N/A,N/A,N/A,N/A,N/A,N/A,N/A,N/A,,,1
1759293144,eth0,56,Ethernet,N/A,N/A,N/A,N/A,N/A,N/A,N/A,N/A,N/A,N/A,N/A,N/A,,,1
1759293144,eth0,54,Ethernet,IPv4,N/A,N/A,v4,172.30.0.220,224.0.0.22,N/A,N/A,N/A,N/A,N/A,N/A,,,1
1759293144,any,72,N/A,IPv6,ICMP,N/A,v6,fe80::103b:bdff:fef0:169,ff02::204,N/A,N/A,N/A,N/A,N/A,N/A,,,1
1759293144,eth1,70,Ethernet,IPv6,ICMP,N/A,v6,fe80::103b:bdff:fef0:169,ff02::204,N/A,N/A,N/A,N/A,N/A,N/A,,,1
1759293144,eth0,90,Ethernet,IPv6,ICMP,N/A,v6,fe80::ecf9:eff:fefb:55,ff02::179,N/A,N/A,N/A,N/A,N/A,N/A,,,1
1759293144,eth0,56,Ethernet,IPv4,N/A,N/A,v4,172.30.0.89,224.0.0.22,N/A,N/A,N/A,N/A,N/A,N/A,,,1
1759293144,any,92,N/A,IPv6,ICMP,N/A,v6,fe80::ecf9:eff:fefb:55,ff02::179,N/A,N/A,N/A,N/A,N/A,N/A,,,1
1759293144,any,89,N/A,IPv6,UDP,N/A,v6,fe80::ecf9:eff:fefb:55,ff02::1:52,5355,5355,N/A,N/A,N/A,N/A,,,1
1759293144,eth0,87,Ethernet,IPv6,UDP,N/A,v6,fe80::ecf9:eff:fefb:55,ff02::1:52,5355,5355,N/A,N/A,N/A,N/A,,,1
1759293144,eth0,67,Ethernet,IPv4,UDP,N/A,v4,172.30.0.89,224.0.0.252,5355,5355,N/A,N/A,N/A,N/A,,,1
1759293144,eth0,110,Ethernet,IPv6,ICMP,N/A,v6,fe80::e48e:99ff:fe5f:147,ff02::179,N/A,N/A,N/A,N/A,N/A,N/A,,,1
1759293144,any,112,N/A,IPv6,ICMP,N/A,v6,fe80::e48e:99ff:fe5f:147,ff02::179,N/A,N/A,N/A,N/A,N/A,N/A,,,1
1759293144,any,112,N/A,IPv6,ICMP,N/A,v6,fe80::103b:bdff:fef0:169,ff02::179,N/A,N/A,N/A,N/A,N/A,N/A,,,1
1759293144,eth1,110,Ethernet,IPv6,ICMP,N/A,v6,fe80::103b:bdff:fef0:169,ff02::179,N/A,N/A,N/A,N/A,N/A,N/A,,,1
1759293144,any,358,N/A,IPv4,UDP,N/A,v4,0.0.0.0,255.255.255.255,68,67,N/A,N/A,N/A,N/A,,,1
1759293144,eth0,356,Ethernet,IPv4,UDP,N/A,v4,0.0.0.0,255.255.255.255,68,67,N/A,N/A,N/A,N/A,,,1
1759293144,eth0,368,Ethernet,IPv4,UDP,N/A,v4,0.0.0.0,255.255.255.255,68,67,N/A,N/A,N/A,N/A,,,1
1759293144,any,370,N/A,IPv4,UDP,N/A,v4,0.0.0.0,255.255.255.255,68,67,N/A,N/A,N/A,N/A,,,1
1759293144,eth0,110,Ethernet,IPv6,ICMP,N/A,v6,fe80::ecf9:eff:fefb:55,ff02::179,N/A,N/A,N/A,N/A,N/A,N/A,,,1
1759293144,eth0,56,Ethernet,IPv4,N/A,N/A,v4,172.30.0.89,224.0.0.22,N/A,N/A,N/A,N/A,N/A,N/A,,,1
1759293144,any,112,N/A,IPv6,ICMP,N/A,v6,fe80::ecf9:eff:fefb:55,ff02::179,N/A,N/A,N/A,N/A,N/A,N/A,,,1
1759293144,any,58,ARP,N/A,N/A,N/A,N/A,N/A,N/A,N/A,N/A,1,2048,172.30.0.89,172.30.0.122,,,1
1759293144,eth0,56,Ethernet,N/A,N/A,N/A,N/A,N/A,N/A,N/A,N/A,N/A,N/A,N/A,N/A,,,1
1759293144,eth0,110,Ethernet,IPv6,ICMP,N/A,v6,fe80::ecf9:eff:fefb:55,ff02::179,N/A,N/A,N/A,N/A,N/A,N/A,,,1
1759293144,any,112,N/A,IPv6,ICMP,N/A,v6,fe80::ecf9:eff:fefb:55,ff02::179,N/A,N/A,N/A,N/A,N/A,N/A,,,1
1759293144,eth0,54,Ethernet,IPv4,N/A,N/A,v4,172.30.0.220,224.0.0.22,N/A,N/A,N/A,N/A,N/A,N/A,,,0
1759293144,eth0,110,Ethernet,IPv6,ICMP,N/A,v6,fe80::5ca9:83ff:fe87:27,ff02::179,N/A,N/A,N/A,N/A,N/A,N/A,,,0
1759293144,eth0,42,Ethernet,N/A,N/A,N/A,N/A,N/A,N/A,N/A,N/A,N/A,N/A,N/A,N/A,,,0
1759293144,eth0,56,Ethernet,N/A,N/A,N/A,N/A,N/A,N/A,N/A,N/A,N/A,N/A,N/A,N/A,,,0
1759293144,eth0,56,Ethernet,N/A,N/A,N/A,N/A,N/A,N/A,N/A,N/A,N/A,N/A,N/A,N/A,,,0
1759293144,any,370,N/A,IPv4,UDP,N/A,v4,0.0.0.0,255.255.255.255,68,67,N/A,N/A,N/A,N/A,,,0
1759293144,any,112,N/A,IPv6,ICMP,N/A,v6,fe80::a824:52ff:fe4f:69,ff02::179,N/A,N/A,N/A,N/A,N/A,N/A,,,0
1759293144,any,56,N/A,IPv4,N/A,N/A,v4,172.30.0.220,224.0.0.22,N/A,N/A,N/A,N/A,N/A,N/A,,,0
1759293144,any,112,N/A,IPv6,ICMP,N/A,v6,fe80::5ca9:83ff:fe87:27,ff02::179,N/A,N/A,N/A,N/A,N/A,N/A,,,0
1759293144,any,44,ARP,N/A,N/A,N/A,N/A,N/A,N/A,N/A,N/A,1,2048,172.30.0.220,172.30.0.122,,,0
1759293144,any,58,ARP,N/A,N/A,N/A,N/A,N/A,N/A,N/A,N/A,2,2048,172.30.0.122,172.30.0.220,,,0
1759293144,eth1,110,Ethernet,IPv6,ICMP,N/A,v6,fe80::a824:52ff:fe4f:69,ff02::179,N/A,N/A,N/A,N/A,N/A,N/A,,,0
1759293144,any,112,N/A,IPv6,ICMP,N/A,v6,fe80::5ca9:83ff:fe87:27,ff02::179,N/A,N/A,N/A,N/A,N/A,N/A,,,0
1759293144,eth0,110,Ethernet,IPv6,ICMP,N/A,v6,fe80::5ca9:83ff:fe87:27,ff02::179,N/A,N/A,N/A,N/A,N/A,N/A,,,0
1759293144,any,72,N/A,IPv6,ICMP,N/A,v6,fe80::a824:52ff:fe4f:69,ff02::204,N/A,N/A,N/A,N/A,N/A,N/A,,,0
1759293144,eth1,70,Ethernet,IPv6,ICMP,N/A,v6,fe80::a824:52ff:fe4f:69,ff02::204,N/A,N/A,N/A,N/A,N/A,N/A,,,0
1759293144,eth0,70,Ethernet,IPv6,ICMP,N/A,v6,fe80::5ca9:83ff:fe87:27,ff02::204,N/A,N/A,N/A,N/A,N/A,N/A,,,0
1759293144,any,112,N/A,IPv6,ICMP,N/A,v6,fe80::a824:52ff:fe4f:69,ff02::179,N/A,N/A,N/A,N/A,N/A,N/A,,,0
1759293144,eth1,110,Ethernet,IPv6,ICMP,N/A,v6,fe80::a824:52ff:fe4f:69,ff02::179,N/A,N/A,N/A,N/A,N/A,N/A,,,0
1759293145,eth1,70,Ethernet,IPv6,ICMP,N/A,v6,fe80::f056:abff:fe65:143,ff02::204,N/A,N/A,N/A,N/A,N/A,N/A,,,1
1759293145,any,72,N/A,IPv6,ICMP,N/A,v6,fe80::dcac:f9ff:fe59:60,ff02::204,N/A,N/A,N/A,N/A,N/A,N/A,,,1
1759293145,eth2,70,Ethernet,IPv6,ICMP,N/A,v6,fe80::dcac:f9ff:fe59:60,ff02::204,N/A,N/A,N/A,N/A,N/A,N/A,,,1
1759293145,eth0,111,Ethernet,N/A,N/A,N/A,N/A,N/A,N/A,N/A,N/A,N/A,N/A,N/A,N/A,,,1
1759293145,eth0,70,Ethernet,IPv6,ICMP,N/A,v6,fe80::e48e:99ff:fe5f:147,ff02::204,N/A,N/A,N/A,N/A,N/A,N/A,,,1
1759293145,eth0,56,Ethernet,IPv4,N/A,N/A,v4,172.30.0.89,224.0.0.22,N/A,N/A,N/A,N/A,N/A,N/A,,,1
1759293145,any,58,N/A,IPv4,N/A,N/A,v4,172.30.0.89,224.0.0.22,N/A,N/A,N/A,N/A,N/A,N/A,,,1
1759293145,eth1,110,Ethernet,IPv6,ICMP,N/A,v6,fe80::f056:abff:fe65:143,ff02::179,N/A,N/A,N/A,N/A,N/A,N/A,,,1
1759293145,any,112,N/A,IPv6,ICMP,N/A,v6,fe80::f056:abff:fe65:143,ff02::179,N/A,N/A,N/A,N/A,N/A,N/A,,,1
1759293145,eth1,110,Ethernet,IPv6,ICMP,N/A,v6,fe80::103b:bdff:fef0:169,ff02::179,N/A,N/A,N/A,N/A,N/A,N/A,,,1
1759293145,any,112,N/A,IPv6,ICMP,N/A,v6,fe80::103b:bdff:fef0:169,ff02::179,N/A,N/A,N/A,N/A,N/A,N/A,,,1
1759293145,eth1,70,Ethernet,IPv6,ICMP,N/A,v6,fe80::103b:bdff:fef0:169,ff02::204,N/A,N/A,N/A,N/A,N/A,N/A,,,1
1759293145,eth0,54,Ethernet,IPv4,N/A,N/A,v4,172.30.0.220,224.0.0.22,N/A,N/A,N/A,N/A,N/A,N/A,,,0
1759293145,any,56,N/A,IPv4,N/A,N/A,v4,172.30.0.220,224.0.0.22,N/A,N/A,N/A,N/A,N/A,N/A,,,0
1759293145,any,109,N/A,N/A,N/A,N/A,N/A,N/A,N/A,N/A,N/A,N/A,N/A,N/A,N/A,,,0
1759293145,eth0,107,Ethernet,N/A,N/A,N/A,N/A,N/A,N/A,N/A,N/A,N/A,N/A,N/A,N/A,,,0
1759293145,eth0,70,Ethernet,IPv6,ICMP,N/A,v6,fe80::ecf9:eff:fefb:55,ff02::204,N/A,N/A,N/A,N/A,N/A,N/A,,,1
1759293145,any,72,N/A,IPv6,ICMP,N/A,v6,fe80::ecf9:eff:fefb:55,ff02::204,N/A,N/A,N/A,N/A,N/A,N/A,,,1
1759293145,any,72,N/A,IPv6,ICMP,N/A,v6,fe80::103b:bdff:fef0:169,ff02::204,N/A,N/A,N/A,N/A,N/A,N/A,,,1
1759293146,any,109,N/A,N/A,N/A,N/A,N/A,N/A,N/A,N/A,N/A,N/A,N/A,N/A,N/A,,,0
1759293146,eth0,107,Ethernet,N/A,N/A,N/A,N/A,N/A,N/A,N/A,N/A,N/A,N/A,N/A,N/A,,,0
1759293146,eth0,111,Ethernet,N/A,N/A,N/A,N/A,N/A,N/A,N/A,N/A,N/A,N/A,N/A,N/A,,,1
1759293146,any,113,N/A,N/A,N/A,N/A,N/A,N/A,N/A,N/A,N/A,N/A,N/A,N/A,N/A,,,1
1759293146,eth0,70,Ethernet,IPv6,ICMP,N/A,v6,fe80::24f1:23ff:fe29:66,ff02::204,N/A,N/A,N/A,N/A,N/A,N/A,,,1
1759293146,any,72,N/A,IPv6,ICMP,N/A,v6,fe80::24f1:23ff:fe29:66,ff02::204,N/A,N/A,N/A,N/A,N/A,N/A,,,1
1759293147,any,72,N/A,IPv6,ICMP,N/A,v6,fe80::7827:e3ff:fe68:239,ff02::204,N/A,N/A,N/A,N/A,N/A,N/A,,,1
1759293147,eth1,70,Ethernet,IPv6,ICMP,N/A,v6,fe80::7827:e3ff:fe68:239,ff02::204,N/A,N/A,N/A,N/A,N/A,N/A,,,1
1759293147,any,72,N/A,IPv6,ICMP,N/A,v6,fe80::b0b5:44ff:feea:219,ff02::204,N/A,N/A,N/A,N/A,N/A,N/A,,,1
1759293147,eth0,70,Ethernet,IPv6,ICMP,N/A,v6,fe80::b0b5:44ff:feea:219,ff02::204,N/A,N/A,N/A,N/A,N/A,N/A,,,1
1759293147,any,72,N/A,IPv6,ICMP,N/A,v6,fe80::780a:a9ff:fee6:89,ff02::204,N/A,N/A,N/A,N/A,N/A,N/A,,,1
1759293147,eth1,70,Ethernet,IPv6,ICMP,N/A,v6,fe80::780a:a9ff:fee6:89,ff02::204,N/A,N/A,N/A,N/A,N/A,N/A,,,1
1759293147,eth0,90,Ethernet,IPv6,ICMP,N/A,v6,fe80::b0b5:44ff:feea:219,ff02::179,N/A,N/A,N/A,N/A,N/A,N/A,,,1
1759293147,eth0,54,Ethernet,IPv4,N/A,N/A,v4,172.30.0.163,224.0.0.22,N/A,N/A,N/A,N/A,N/A,N/A,,,1
1759293147,any,92,N/A,IPv6,ICMP,N/A,v6,fe80::b0b5:44ff:feea:219,ff02::179,N/A,N/A,N/A,N/A,N/A,N/A,,,1
1759293147,any,70,N/A,IPv4,UDP,N/A,v4,172.30.0.163,224.0.0.252,5355,5355,N/A,N/A,N/A,N/A,,,1
1759293147,eth0,68,Ethernet,IPv4,UDP,N/A,v4,172.30.0.163,224.0.0.252,5355,5355,N/A,N/A,N/A,N/A,,,1
1759293147,any,90,N/A,IPv6,UDP,N/A,v6,fe80::b0b5:44ff:feea:219,ff02::1:52,5355,5355,N/A,N/A,N/A,N/A,,,1
1759293147,eth0,88,Ethernet,IPv6,UDP,N/A,v6,fe80::b0b5:44ff:feea:219,ff02::1:52,5355,5355,N/A,N/A,N/A,N/A,,,1
1759293147,eth0,111,Ethernet,N/A,N/A,N/A,N/A,N/A,N/A,N/A,N/A,N/A,N/A,N/A,N/A,,,1
1759293147,any,113,N/A,N/A,N/A,N/A,N/A,N/A,N/A,N/A,N/A,N/A,N/A,N/A,N/A,,,1
1759293147,any,112,N/A,IPv6,ICMP,N/A,v6,fe80::780a:a9ff:fee6:89,ff02::179,N/A,N/A,N/A,N/A,N/A,N/A,,,1
1759293147,eth1,110,Ethernet,IPv6,ICMP,N/A,v6,fe80::780a:a9ff:fee6:89,ff02::179,N/A,N/A,N/A,N/A,N/A,N/A,,,1
1759293147,any,359,N/A,IPv4,UDP,N/A,v4,0.0.0.0,255.255.255.255,68,67,N/A,N/A,N/A,N/A,,,1
1759293147,any,371,N/A,IPv4,UDP,N/A,v4,0.0.0.0,255.255.255.255,68,67,N/A,N/A,N/A,N/A,,,1
1759293147,eth0,357,Ethernet,IPv4,UDP,N/A,v4,0.0.0.0,255.255.255.255,68,67,N/A,N/A,N/A,N/A,,,1
1759293147,eth0,369,Ethernet,IPv4,UDP,N/A,v4,0.0.0.0,255.255.255.255,68,67,N/A,N/A,N/A,N/A,,,1
1759293147,eth0,110,Ethernet,IPv6,ICMP,N/A,v6,fe80::b0b5:44ff:feea:219,ff02::179,N/A,N/A,N/A,N/A,N/A,N/A,,,1
1759293147,any,112,N/A,IPv6,ICMP,N/A,v6,fe80::b0b5:44ff:feea:219,ff02::179,N/A,N/A,N/A,N/A,N/A,N/A,,,1
1759293147,eth0,110,Ethernet,IPv6,ICMP,N/A,v6,fe80::b0b5:44ff:feea:219,ff02::179,N/A,N/A,N/A,N/A,N/A,N/A,,,1
1759293147,eth0,54,Ethernet,IPv4,N/A,N/A,v4,172.30.0.163,224.0.0.22,N/A,N/A,N/A,N/A,N/A,N/A,,,1
1759293147,any,112,N/A,IPv6,ICMP,N/A,v6,fe80::b0b5:44ff:feea:219,ff02::179,N/A,N/A,N/A,N/A,N/A,N/A,,,1
1759293147,any,44,ARP,N/A,N/A,N/A,N/A,N/A,N/A,N/A,N/A,1,2048,172.30.0.163,172.30.0.122,,,1
1759293147,eth0,42,Ethernet,N/A,N/A,N/A,N/A,N/A,N/A,N/A,N/A,N/A,N/A,N/A,N/A,,,1
1759293147,eth0,90,Ethernet,IPv6,ICMP,N/A,v6,fe80::24f1:23ff:fe29:66,ff02::179,N/A,N/A,N/A,N/A,N/A,N/A,,,1
1759293147,eth0,54,Ethernet,IPv4,N/A,N/A,v4,172.30.0.23,224.0.0.22,N/A,N/A,N/A,N/A,N/A,N/A,,,1
1759293147,any,92,N/A,IPv6,ICMP,N/A,v6,fe80::24f1:23ff:fe29:66,ff02::179,N/A,N/A,N/A,N/A,N/A,N/A,,,1
1759293147,eth0,67,Ethernet,IPv4,UDP,N/A,v4,172.30.0.23,224.0.0.252,5355,5355,N/A,N/A,N/A,N/A,,,1
1759293147,eth0,87,Ethernet,IPv6,UDP,N/A,v6,fe80::24f1:23ff:fe29:66,ff02::1:52,5355,5355,N/A,N/A,N/A,N/A,,,1
1759293147,any,69,N/A,IPv4,UDP,N/A,v4,172.30.0.23,224.0.0.252,5355,5355,N/A,N/A,N/A,N/A,,,1
1759293147,eth0,356,Ethernet,IPv4,UDP,N/A,v4,0.0.0.0,255.255.255.255,68,67,N/A,N/A,N/A,N/A,,,1
1759293147,any,358,N/A,IPv4,UDP,N/A,v4,0.0.0.0,255.255.255.255,68,67,N/A,N/A,N/A,N/A,,,1
1759293147,eth1,110,Ethernet,IPv6,ICMP,N/A,v6,fe80::7827:e3ff:fe68:239,ff02::179,N/A,N/A,N/A,N/A,N/A,N/A,,,1
1759293147,any,112,N/A,IPv6,ICMP,N/A,v6,fe80::24f1:23ff:fe29:66,ff02::179,N/A,N/A,N/A,N/A,N/A,N/A,,,1
1759293147,any,112,N/A,IPv6,ICMP,N/A,v6,fe80::7827:e3ff:fe68:239,ff02::179,N/A,N/A,N/A,N/A,N/A,N/A,,,1
1759293147,eth0,110,Ethernet,IPv6,ICMP,N/A,v6,fe80::24f1:23ff:fe29:66,ff02::179,N/A,N/A,N/A,N/A,N/A,N/A,,,1
1759293147,eth0,368,Ethernet,IPv4,UDP,N/A,v4,0.0.0.0,255.255.255.255,68,67,N/A,N/A,N/A,N/A,,,1
1759293147,any,370,N/A,IPv4,UDP,N/A,v4,0.0.0.0,255.255.255.255,68,67,N/A,N/A,N/A,N/A,,,1
1759293147,any,112,N/A,IPv6,ICMP,N/A,v6,fe80::24f1:23ff:fe29:66,ff02::179,N/A,N/A,N/A,N/A,N/A,N/A,,,1
1759293147,eth0,110,Ethernet,IPv6,ICMP,N/A,v6,fe80::24f1:23ff:fe29:66,ff02::179,N/A,N/A,N/A,N/A,N/A,N/A,,,1
1759293147,eth0,54,Ethernet,IPv4,N/A,N/A,v4,172.30.0.23,224.0.0.22,N/A,N/A,N/A,N/A,N/A,N/A,,,1
1759293147,eth0,42,Ethernet,N/A,N/A,N/A,N/A,N/A,N/A,N/A,N/A,N/A,N/A,N/A,N/A,,,1
1759293147,any,44,ARP,N/A,N/A,N/A,N/A,N/A,N/A,N/A,N/A,1,2048,172.30.0.23,172.30.0.122,,,1
1759293147,any,56,N/A,IPv4,N/A,N/A,v4,172.30.0.23,224.0.0.22,N/A,N/A,N/A,N/A,N/A,N/A,,,1
1759293147,eth0,54,Ethernet,IPv4,N/A,N/A,v4,172.30.0.23,224.0.0.22,N/A,N/A,N/A,N/A,N/A,N/A,,,1
1759293147,any,109,N/A,N/A,N/A,N/A,N/A,N/A,N/A,N/A,N/A,N/A,N/A,N/A,N/A,,,0
1759293147,eth0,107,Ethernet,N/A,N/A,N/A,N/A,N/A,N/A,N/A,N/A,N/A,N/A,N/A,N/A,,,0
1759293148,eth1,110,Ethernet,IPv6,ICMP,N/A,v6,fe80::7827:e3ff:fe68:239,ff02::179,N/A,N/A,N/A,N/A,N/A,N/A,,,1
1759293148,any,112,N/A,IPv6,ICMP,N/A,v6,fe80::7827:e3ff:fe68:239,ff02::179,N/A,N/A,N/A,N/A,N/A,N/A,,,1
1759293148,eth0,90,Ethernet,IPv6,ICMP,N/A,v6,fe80::e48e:99ff:fe5f:147,ff02::179,N/A,N/A,N/A,N/A,N/A,N/A,,,1
1759293148,eth0,54,Ethernet,IPv4,N/A,N/A,v4,172.30.0.220,224.0.0.22,N/A,N/A,N/A,N/A,N/A,N/A,,,1
1759293148,any,92,N/A,IPv6,ICMP,N/A,v6,fe80::e48e:99ff:fe5f:147,ff02::179,N/A,N/A,N/A,N/A,N/A,N/A,,,1
1759293148,eth0,71,Ethernet,IPv4,UDP,N/A,v4,172.30.0.220,224.0.0.252,5355,5355,N/A,N/A,N/A,N/A,,,1
1759293148,any,73,N/A,IPv4,UDP,N/A,v4,172.30.0.220,224.0.0.252,5355,5355,N/A,N/A,N/A,N/A,,,1
1759293148,eth0,91,Ethernet,IPv6,UDP,N/A,v6,fe80::e48e:99ff:fe5f:147,ff02::1:52,5355,5355,N/A,N/A,N/A,N/A,,,1
1759293148,any,93,N/A,IPv6,UDP,N/A,v6,fe80::e48e:99ff:fe5f:147,ff02::1:52,5355,5355,N/A,N/A,N/A,N/A,,,1
1759293148,eth0,360,Ethernet,IPv4,UDP,N/A,v4,0.0.0.0,255.255.255.255,68,67,N/A,N/A,N/A,N/A,,,1
1759293148,any,362,N/A,IPv4,UDP,N/A,v4,0.0.0.0,255.255.255.255,68,67,N/A,N/A,N/A,N/A,,,1
1759293148,eth0,372,Ethernet,IPv4,UDP,N/A,v4,0.0.0.0,255.255.255.255,68,67,N/A,N/A,N/A,N/A,,,1
1759293148,any,374,N/A,IPv4,UDP,N/A,v4,0.0.0.0,255.255.255.255,68,67,N/A,N/A,N/A,N/A,,,1
1759293148,eth2,110,Ethernet,IPv6,ICMP,N/A,v6,fe80::dcac:f9ff:fe59:60,ff02::179,N/A,N/A,N/A,N/A,N/A,N/A,,,1
1759293148,any,112,N/A,IPv6,ICMP,N/A,v6,fe80::f056:abff:fe65:143,ff02::179,N/A,N/A,N/A,N/A,N/A,N/A,,,1
1759293148,eth1,110,Ethernet,IPv6,ICMP,N/A,v6,fe80::f056:abff:fe65:143,ff02::179,N/A,N/A,N/A,N/A,N/A,N/A,,,1
1759293148,any,112,N/A,IPv6,ICMP,N/A,v6,fe80::e48e:99ff:fe5f:147,ff02::179,N/A,N/A,N/A,N/A,N/A,N/A,,,1
1759293148,eth0,110,Ethernet,IPv6,ICMP,N/A,v6,fe80::e48e:99ff:fe5f:147,ff02::179,N/A,N/A,N/A,N/A,N/A,N/A,,,1
1759293148,eth0,54,Ethernet,IPv4,N/A,N/A,v4,172.30.0.220,224.0.0.22,N/A,N/A,N/A,N/A,N/A,N/A,,,1
1759293148,eth0,42,Ethernet,N/A,N/A,N/A,N/A,N/A,N/A,N/A,N/A,N/A,N/A,N/A,N/A,,,1
1759293148,eth0,56,Ethernet,N/A,N/A,N/A,N/A,N/A,N/A,N/A,N/A,N/A,N/A,N/A,N/A,,,1
1759293148,eth0,56,Ethernet,N/A,N/A,N/A,N/A,N/A,N/A,N/A,N/A,N/A,N/A,N/A,N/A,,,1
1759293148,any,44,ARP,N/A,N/A,N/A,N/A,N/A,N/A,N/A,N/A,1,2048,172.30.0.220,172.30.0.122,,,1
1759293148,any,58,ARP,N/A,N/A,N/A,N/A,N/A,N/A,N/A,N/A,2,2048,172.30.0.122,172.30.0.220,,,1
1759293148,any,58,ARP,N/A,N/A,N/A,N/A,N/A,N/A,N/A,N/A,2,2048,172.30.0.122,172.30.0.220,,,1
1759293148,eth0,90,Ethernet,IPv6,ICMP,N/A,v6,fe80::b0b5:44ff:feea:219,ff02::179,N/A,N/A,N/A,N/A,N/A,N/A,,,1
1759293148,any,92,N/A,IPv6,ICMP,N/A,v6,fe80::b0b5:44ff:feea:219,ff02::179,N/A,N/A,N/A,N/A,N/A,N/A,,,1
1759293148,any,56,N/A,IPv4,N/A,N/A,v4,172.30.0.163,224.0.0.22,N/A,N/A,N/A,N/A,N/A,N/A,,,1
1759293148,eth0,54,Ethernet,IPv4,N/A,N/A,v4,172.30.0.163,224.0.0.22,N/A,N/A,N/A,N/A,N/A,N/A,,,1
1759293148,eth0,70,Ethernet,IPv6,ICMP,N/A,v6,fe80::b0b5:44ff:feea:219,ff02::204,N/A,N/A,N/A,N/A,N/A,N/A,,,1
1759293148,any,72,N/A,IPv6,ICMP,N/A,v6,fe80::b0b5:44ff:feea:219,ff02::204,N/A,N/A,N/A,N/A,N/A,N/A,,,1
1759293148,any,72,N/A,IPv6,ICMP,N/A,v6,fe80::780a:a9ff:fee6:89,ff02::204,N/A,N/A,N/A,N/A,N/A,N/A,,,1
1759293148,eth1,70,Ethernet,IPv6,ICMP,N/A,v6,fe80::780a:a9ff:fee6:89,ff02::204,N/A,N/A,N/A,N/A,N/A,N/A,,,1
1759293148,any,112,N/A,IPv6,ICMP,N/A,v6,fe80::dcac:f9ff:fe59:60,ff02::179,N/A,N/A,N/A,N/A,N/A,N/A,,,1
1759293148,eth2,110,Ethernet,IPv6,ICMP,N/A,v6,fe80::dcac:f9ff:fe59:60,ff02::179,N/A,N/A,N/A,N/A,N/A,N/A,,,1
1759293148,any,112,N/A,IPv6,ICMP,N/A,v6,fe80::780a:a9ff:fee6:89,ff02::179,N/A,N/A,N/A,N/A,N/A,N/A,,,1
1759293148,eth1,110,Ethernet,IPv6,ICMP,N/A,v6,fe80::780a:a9ff:fee6:89,ff02::179,N/A,N/A,N/A,N/A,N/A,N/A,,,1
1759293148,eth0,110,Ethernet,IPv6,ICMP,N/A,v6,fe80::e48e:99ff:fe5f:147,ff02::179,N/A,N/A,N/A,N/A,N/A,N/A,,,1
1759293148,any,112,N/A,IPv6,ICMP,N/A,v6,fe80::e48e:99ff:fe5f:147,ff02::179,N/A,N/A,N/A,N/A,N/A,N/A,,,1
1759293148,any,56,N/A,IPv4,N/A,N/A,v4,172.30.0.220,224.0.0.22,N/A,N/A,N/A,N/A,N/A,N/A,,,1
1759293148,eth0,54,Ethernet,IPv4,N/A,N/A,v4,172.30.0.220,224.0.0.22,N/A,N/A,N/A,N/A,N/A,N/A,,,1
1759293148,any,92,N/A,IPv6,ICMP,N/A,v6,fe80::24f1:23ff:fe29:66,ff02::179,N/A,N/A,N/A,N/A,N/A,N/A,,,1
1759293148,eth0,90,Ethernet,IPv6,ICMP,N/A,v6,fe80::24f1:23ff:fe29:66,ff02::179,N/A,N/A,N/A,N/A,N/A,N/A,,,1
1759293148,eth0,90,Ethernet,IPv6,ICMP,N/A,v6,fe80::ecf9:eff:fefb:55,ff02::179,N/A,N/A,N/A,N/A,N/A,N/A,,,1
1759293148,eth0,90,Ethernet,IPv6,ICMP,N/A,v6,fe80::5ca9:83ff:fe87:27,ff02::179,N/A,N/A,N/A,N/A,N/A,N/A,,,0
1759293148,eth0,54,Ethernet,IPv4,N/A,N/A,v4,172.30.0.220,224.0.0.22,N/A,N/A,N/A,N/A,N/A,N/A,,,0
1759293148,any,92,N/A,IPv6,ICMP,N/A,v6,fe80::5ca9:83ff:fe87:27,ff02::179,N/A,N/A,N/A,N/A,N/A,N/A,,,0
1759293148,eth0,87,Ethernet,IPv6,UDP,N/A,v6,fe80::5ca9:83ff:fe87:27,ff02::1:52,5355,5355,N/A,N/A,N/A,N/A,,,0
1759293148,any,89,N/A,IPv6,UDP,N/A,v6,fe80::5ca9:83ff:fe87:27,ff02::1:52,5355,5355,N/A,N/A,N/A,N/A,,,0
1759293148,eth0,356,Ethernet,IPv4,UDP,N/A,v4,0.0.0.0,255.255.255.255,68,67,N/A,N/A,N/A,N/A,,,0
1759293148,any,358,N/A,IPv4,UDP,N/A,v4,0.0.0.0,255.255.255.255,68,67,N/A,N/A,N/A,N/A,,,0
1759293148,eth0,368,Ethernet,IPv4,UDP,N/A,v4,0.0.0.0,255.255.255.255,68,67,N/A,N/A,N/A,N/A,,,0
1759293148,any,370,N/A,IPv4,UDP,N/A,v4,0.0.0.0,255.255.255.255,68,67,N/A,N/A,N/A,N/A,,,0
1759293148,eth1,110,Ethernet,IPv6,ICMP,N/A,v6,fe80::a824:52ff:fe4f:69,ff02::179,N/A,N/A,N/A,N/A,N/A,N/A,,,0
1759293148,any,112,N/A,IPv6,ICMP,N/A,v6,fe80::a824:52ff:fe4f:69,ff02::179,N/A,N/A,N/A,N/A,N/A,N/A,,,0
1759293148,any,112,N/A,IPv6,ICMP,N/A,v6,fe80::5ca9:83ff:fe87:27,ff02::179,N/A,N/A,N/A,N/A,N/A,N/A,,,0
1759293148,eth0,110,Ethernet,IPv6,ICMP,N/A,v6,fe80::5ca9:83ff:fe87:27,ff02::179,N/A,N/A,N/A,N/A,N/A,N/A,,,0
1759293148,eth0,54,Ethernet,IPv4,N/A,N/A,v4,172.30.0.220,224.0.0.22,N/A,N/A,N/A,N/A,N/A,N/A,,,0
1759293148,any,112,N/A,IPv6,ICMP,N/A,v6,fe80::5ca9:83ff:fe87:27,ff02::179,N/A,N/A,N/A,N/A,N/A,N/A,,,0
1759293148,eth0,110,Ethernet,IPv6,ICMP,N/A,v6,fe80::5ca9:83ff:fe87:27,ff02::179,N/A,N/A,N/A,N/A,N/A,N/A,,,0
1759293148,any,112,N/A,IPv6,ICMP,N/A,v6,fe80::a824:52ff:fe4f:69,ff02::179,N/A,N/A,N/A,N/A,N/A,N/A,,,0
1759293148,eth1,110,Ethernet,IPv6,ICMP,N/A,v6,fe80::a824:52ff:fe4f:69,ff02::179,N/A,N/A,N/A,N/A,N/A,N/A,,,0
1759293148,eth0,56,Ethernet,IPv4,N/A,N/A,v4,172.30.0.89,224.0.0.22,N/A,N/A,N/A,N/A,N/A,N/A,,,1
1759293148,any,92,N/A,IPv6,ICMP,N/A,v6,fe80::ecf9:eff:fefb:55,ff02::179,N/A,N/A,N/A,N/A,N/A,N/A,,,1
1759293148,eth1,70,Ethernet,IPv6,ICMP,N/A,v6,fe80::7827:e3ff:fe68:239,ff02::204,N/A,N/A,N/A,N/A,N/A,N/A,,,1
1759293148,any,72,N/A,IPv6,ICMP,N/A,v6,fe80::24f1:23ff:fe29:66,ff02::204,N/A,N/A,N/A,N/A,N/A,N/A,,,1
1759293148,any,72,N/A,IPv6,ICMP,N/A,v6,fe80::7827:e3ff:fe68:239,ff02::204,N/A,N/A,N/A,N/A,N/A,N/A,,,1
1759293148,eth0,70,Ethernet,IPv6,ICMP,N/A,v6,fe80::24f1:23ff:fe29:66,ff02::204,N/A,N/A,N/A,N/A,N/A,N/A,,,1
1759293148,any,69,N/A,IPv4,UDP,N/A,v4,172.30.0.89,224.0.0.252,5355,5355,N/A,N/A,N/A,N/A,,,1
1759293148,eth0,67,Ethernet,IPv4,UDP,N/A,v4,172.30.0.89,224.0.0.252,5355,5355,N/A,N/A,N/A,N/A,,,1
1759293148,eth0,356,Ethernet,IPv4,UDP,N/A,v4,0.0.0.0,255.255.255.255,68,67,N/A,N/A,N/A,N/A,,,1
1759293148,any,358,N/A,IPv4,UDP,N/A,v4,0.0.0.0,255.255.255.255,68,67,N/A,N/A,N/A,N/A,,,1
1759293148,any,370,N/A,IPv4,UDP,N/A,v4,0.0.0.0,255.255.255.255,68,67,N/A,N/A,N/A,N/A,,,1
1759293148,eth0,368,Ethernet,IPv4,UDP,N/A,v4,0.0.0.0,255.255.255.255,68,67,N/A,N/A,N/A,N/A,,,1
1759293148,any,112,N/A,IPv6,ICMP,N/A,v6,fe80::103b:bdff:fef0:169,ff02::179,N/A,N/A,N/A,N/A,N/A,N/A,,,1
1759293148,eth1,110,Ethernet,IPv6,ICMP,N/A,v6,fe80::103b:bdff:fef0:169,ff02::179,N/A,N/A,N/A,N/A,N/A,N/A,,,1
1759293148,any,112,N/A,IPv6,ICMP,N/A,v6,fe80::ecf9:eff:fefb:55,ff02::179,N/A,N/A,N/A,N/A,N/A,N/A,,,1
1759293148,eth0,110,Ethernet,IPv6,ICMP,N/A,v6,fe80::ecf9:eff:fefb:55,ff02::179,N/A,N/A,N/A,N/A,N/A,N/A,,,1
1759293148,eth0,56,Ethernet,IPv4,N/A,N/A,v4,172.30.0.89,224.0.0.22,N/A,N/A,N/A,N/A,N/A,N/A,,,1
1759293148,eth0,56,Ethernet,N/A,N/A,N/A,N/A,N/A,N/A,N/A,N/A,N/A,N/A,N/A,N/A,,,1
1759293148,any,58,ARP,N/A,N/A,N/A,N/A,N/A,N/A,N/A,N/A,1,2048,172.30.0.89,172.30.0.122,,,1
1759293148,eth0,110,Ethernet,IPv6,ICMP,N/A,v6,fe80::ecf9:eff:fefb:55,ff02::179,N/A,N/A,N/A,N/A,N/A,N/A,,,1
1759293148,any,112,N/A,IPv6,ICMP,N/A,v6,fe80::ecf9:eff:fefb:55,ff02::179,N/A,N/A,N/A,N/A,N/A,N/A,,,1
1759293149,eth0,54,Ethernet,IPv4,N/A,N/A,v4,172.30.0.220,224.0.0.22,N/A,N/A,N/A,N/A,N/A,N/A,,,0
1759293149,any,56,N/A,IPv4,N/A,N/A,v4,172.30.0.220,224.0.0.22,N/A,N/A,N/A,N/A,N/A,N/A,,,0
1759293149,eth0,107,Ethernet,N/A,N/A,N/A,N/A,N/A,N/A,N/A,N/A,N/A,N/A,N/A,N/A,,,0
1759293149,eth0,70,Ethernet,IPv6,ICMP,N/A,v6,fe80::5ca9:83ff:fe87:27,ff02::204,N/A,N/A,N/A,N/A,N/A,N/A,,,0
1759293149,any,72,N/A,IPv6,ICMP,N/A,v6,fe80::a824:52ff:fe4f:69,ff02::204,N/A,N/A,N/A,N/A,N/A,N/A,,,0
1759293149,eth0,56,Ethernet,IPv4,N/A,N/A,v4,172.30.0.89,224.0.0.22,N/A,N/A,N/A,N/A,N/A,N/A,,,1
1759293149,any,58,N/A,IPv4,N/A,N/A,v4,172.30.0.89,224.0.0.22,N/A,N/A,N/A,N/A,N/A,N/A,,,1
1759293149,any,112,N/A,IPv6,ICMP,N/A,v6,fe80::f056:abff:fe65:143,ff02::179,N/A,N/A,N/A,N/A,N/A,N/A,,,1
1759293149,eth1,110,Ethernet,IPv6,ICMP,N/A,v6,fe80::f056:abff:fe65:143,ff02::179,N/A,N/A,N/A,N/A,N/A,N/A,,,1
1759293149,eth0,111,Ethernet,N/A,N/A,N/A,N/A,N/A,N/A,N/A,N/A,N/A,N/A,N/A,N/A,,,1
1759293149,eth0,70,Ethernet,IPv6,ICMP,N/A,v6,fe80::e48e:99ff:fe5f:147,ff02::204,N/A,N/A,N/A,N/A,N/A,N/A,,,1
1759293149,eth2,70,Ethernet,IPv6,ICMP,N/A,v6,fe80::dcac:f9ff:fe59:60,ff02::204,N/A,N/A,N/A,N/A,N/A,N/A,,,1
1759293149,eth1,70,Ethernet,IPv6,ICMP,N/A,v6,fe80::f056:abff:fe65:143,ff02::204,N/A,N/A,N/A,N/A,N/A,N/A,,,1
1759293149,any,72,N/A,IPv6,ICMP,N/A,v6,fe80::dcac:f9ff:fe59:60,ff02::204,N/A,N/A,N/A,N/A,N/A,N/A,,,1
1759293149,eth0,70,Ethernet,IPv6,ICMP,N/A,v6,fe80::ecf9:eff:fefb:55,ff02::204,N/A,N/A,N/A,N/A,N/A,N/A,,,1
1759293149,any,72,N/A,IPv6,ICMP,N/A,v6,fe80::ecf9:eff:fefb:55,ff02::204,N/A,N/A,N/A,N/A,N/A,N/A,,,1
1759293149,any,72,N/A,IPv6,ICMP,N/A,v6,fe80::103b:bdff:fef0:169,ff02::204,N/A,N/A,N/A,N/A,N/A,N/A,,,1
1759293149,eth1,70,Ethernet,IPv6,ICMP,N/A,v6,fe80::103b:bdff:fef0:169,ff02::204,N/A,N/A,N/A,N/A,N/A,N/A,,,1
1759293149,any,112,N/A,IPv6,ICMP,N/A,v6,fe80::103b:bdff:fef0:169,ff02::179,N/A,N/A,N/A,N/A,N/A,N/A,,,1
1759293149,eth1,110,Ethernet,IPv6,ICMP,N/A,v6,fe80::103b:bdff:fef0:169,ff02::179,N/A,N/A,N/A,N/A,N/A,N/A,,,1
1759293149,any,44,ARP,N/A,N/A,N/A,N/A,N/A,N/A,N/A,N/A,1,2048,172.30.0.220,172.30.0.122,,,0
1759293149,any,58,ARP,N/A,N/A,N/A,N/A,N/A,N/A,N/A,N/A,2,2048,172.30.0.122,172.30.0.220,,,0
1759293149,eth1,70,Ethernet,IPv6,ICMP,N/A,v6,fe80::a824:52ff:fe4f:69,ff02::204,N/A,N/A,N/A,N/A,N/A,N/A,,,0
1759293149,eth0,42,Ethernet,N/A,N/A,N/A,N/A,N/A,N/A,N/A,N/A,N/A,N/A,N/A,N/A,,,0
1759293149,eth0,56,Ethernet,N/A,N/A,N/A,N/A,N/A,N/A,N/A,N/A,N/A,N/A,N/A,N/A,,,0
1759293149,eth0,56,Ethernet,N/A,N/A,N/A,N/A,N/A,N/A,N/A,N/A,N/A,N/A,N/A,N/A,,,0
1759293150,eth0,111,Ethernet,N/A,N/A,N/A,N/A,N/A,N/A,N/A,N/A,N/A,N/A,N/A,N/A,,,1
1759293150,any,113,N/A,N/A,N/A,N/A,N/A,N/A,N/A,N/A,N/A,N/A,N/A,N/A,N/A,,,1
1759293150,eth0,107,Ethernet,N/A,N/A,N/A,N/A,N/A,N/A,N/A,N/A,N/A,N/A,N/A,N/A,,,0
1759293150,any,109,N/A,N/A,N/A,N/A,N/A,N/A,N/A,N/A,N/A,N/A,N/A,N/A,N/A,,,0
1759293151,eth0,90,Ethernet,IPv6,ICMP,N/A,v6,fe80::b0b5:44ff:feea:219,ff02::179,N/A,N/A,N/A,N/A,N/A,N/A,,,1
1759293151,eth0,54,Ethernet,IPv4,N/A,N/A,v4,172.30.0.163,224.0.0.22,N/A,N/A,N/A,N/A,N/A,N/A,,,1
1759293151,any,92,N/A,IPv6,ICMP,N/A,v6,fe80::b0b5:44ff:feea:219,ff02::179,N/A,N/A,N/A,N/A,N/A,N/A,,,1
1759293151,any,70,N/A,IPv4,UDP,N/A,v4,172.30.0.163,224.0.0.252,5355,5355,N/A,N/A,N/A,N/A,,,1
1759293151,eth0,68,Ethernet,IPv4,UDP,N/A,v4,172.30.0.163,224.0.0.252,5355,5355,N/A,N/A,N/A,N/A,,,1
1759293151,eth0,88,Ethernet,IPv6,UDP,N/A,v6,fe80::b0b5:44ff:feea:219,ff02::1:52,5355,5355,N/A,N/A,N/A,N/A,,,1
1759293151,any,359,N/A,IPv4,UDP,N/A,v4,0.0.0.0,255.255.255.255,68,67,N/A,N/A,N/A,N/A,,,1
1759293151,eth0,357,Ethernet,IPv4,UDP,N/A,v4,0.0.0.0,255.255.255.255,68,67,N/A,N/A,N/A,N/A,,,1
1759293151,eth0,369,Ethernet,IPv4,UDP,N/A,v4,0.0.0.0,255.255.255.255,68,67,N/A,N/A,N/A,N/A,,,1
1759293151,any,371,N/A,IPv4,UDP,N/A,v4,0.0.0.0,255.255.255.255,68,67,N/A,N/A,N/A,N/A,,,1
1759293151,any,112,N/A,IPv6,ICMP,N/A,v6,fe80::780a:a9ff:fee6:89,ff02::179,N/A,N/A,N/A,N/A,N/A,N/A,,,1
1759293151,eth1,110,Ethernet,IPv6,ICMP,N/A,v6,fe80::780a:a9ff:fee6:89,ff02::179,N/A,N/A,N/A,N/A,N/A,N/A,,,1
1759293151,eth0,110,Ethernet,IPv6,ICMP,N/A,v6,fe80::b0b5:44ff:feea:219,ff02::179,N/A,N/A,N/A,N/A,N/A,N/A,,,1
1759293151,eth0,54,Ethernet,IPv4,N/A,N/A,v4,172.30.0.163,224.0.0.22,N/A,N/A,N/A,N/A,N/A,N/A,,,1
1759293151,any,112,N/A,IPv6,ICMP,N/A,v6,fe80::b0b5:44ff:feea:219,ff02::179,N/A,N/A,N/A,N/A,N/A,N/A,,,1
1759293151,any,44,ARP,N/A,N/A,N/A,N/A,N/A,N/A,N/A,N/A,1,2048,172.30.0.163,172.30.0.122,,,1
1759293151,eth0,42,Ethernet,N/A,N/A,N/A,N/A,N/A,N/A,N/A,N/A,N/A,N/A,N/A,N/A,,,1
1759293151,eth0,90,Ethernet,IPv6,ICMP,N/A,v6,fe80::24f1:23ff:fe29:66,ff02::179,N/A,N/A,N/A,N/A,N/A,N/A,,,1
1759293151,eth0,54,Ethernet,IPv4,N/A,N/A,v4,172.30.0.23,224.0.0.22,N/A,N/A,N/A,N/A,N/A,N/A,,,1
1759293151,any,92,N/A,IPv6,ICMP,N/A,v6,fe80::24f1:23ff:fe29:66,ff02::179,N/A,N/A,N/A,N/A,N/A,N/A,,,1
1759293151,eth0,356,Ethernet,IPv4,UDP,N/A,v4,0.0.0.0,255.255.255.255,68,67,N/A,N/A,N/A,N/A,,,1
1759293151,any,358,N/A,IPv4,UDP,N/A,v4,0.0.0.0,255.255.255.255,68,67,N/A,N/A,N/A,N/A,,,1
1759293151,any,370,N/A,IPv4,UDP,N/A,v4,0.0.0.0,255.255.255.255,68,67,N/A,N/A,N/A,N/A,,,1
1759293151,eth0,368,Ethernet,IPv4,UDP,N/A,v4,0.0.0.0,255.255.255.255,68,67,N/A,N/A,N/A,N/A,,,1
1759293151,any,112,N/A,IPv6,ICMP,N/A,v6,fe80::7827:e3ff:fe68:239,ff02::179,N/A,N/A,N/A,N/A,N/A,N/A,,,1
1759293151,eth1,110,Ethernet,IPv6,ICMP,N/A,v6,fe80::7827:e3ff:fe68:239,ff02::179,N/A,N/A,N/A,N/A,N/A,N/A,,,1
1759293151,any,112,N/A,IPv6,ICMP,N/A,v6,fe80::24f1:23ff:fe29:66,ff02::179,N/A,N/A,N/A,N/A,N/A,N/A,,,1
1759293151,eth0,110,Ethernet,IPv6,ICMP,N/A,v6,fe80::24f1:23ff:fe29:66,ff02::179,N/A,N/A,N/A,N/A,N/A,N/A,,,1
1759293151,eth0,54,Ethernet,IPv4,N/A,N/A,v4,172.30.0.23,224.0.0.22,N/A,N/A,N/A,N/A,N/A,N/A,,,1
1759293151,eth0,110,Ethernet,IPv6,ICMP,N/A,v6,fe80::b0b5:44ff:feea:219,ff02::179,N/A,N/A,N/A,N/A,N/A,N/A,,,1
1759293151,any,112,N/A,IPv6,ICMP,N/A,v6,fe80::b0b5:44ff:feea:219,ff02::179,N/A,N/A,N/A,N/A,N/A,N/A,,,1
1759293151,eth0,54,Ethernet,IPv4,N/A,N/A,v4,172.30.0.163,224.0.0.22,N/A,N/A,N/A,N/A,N/A,N/A,,,1
1759293151,any,56,N/A,IPv4,N/A,N/A,v4,172.30.0.163,224.0.0.22,N/A,N/A,N/A,N/A,N/A,N/A,,,1
1759293151,eth0,42,Ethernet,N/A,N/A,N/A,N/A,N/A,N/A,N/A,N/A,N/A,N/A,N/A,N/A,,,1
1759293151,any,44,ARP,N/A,N/A,N/A,N/A,N/A,N/A,N/A,N/A,1,2048,172.30.0.23,172.30.0.122,,,1
1759293151,any,113,N/A,N/A,N/A,N/A,N/A,N/A,N/A,N/A,N/A,N/A,N/A,N/A,N/A,,,1
1759293151,eth0,111,Ethernet,N/A,N/A,N/A,N/A,N/A,N/A,N/A,N/A,N/A,N/A,N/A,N/A,,,1
1759293151,eth0,107,Ethernet,N/A,N/A,N/A,N/A,N/A,N/A,N/A,N/A,N/A,N/A,N/A,N/A,,,0
1759293151,any,109,N/A,N/A,N/A,N/A,N/A,N/A,N/A,N/A,N/A,N/A,N/A,N/A,N/A,,,0
1759293151,any,112,N/A,IPv6,ICMP,N/A,v6,fe80::780a:a9ff:fee6:89,ff02::179,N/A,N/A,N/A,N/A,N/A,N/A,,,1
1759293151,eth1,110,Ethernet,IPv6,ICMP,N/A,v6,fe80::780a:a9ff:fee6:89,ff02::179,N/A,N/A,N/A,N/A,N/A,N/A,,,1
1759293152,any,109,N/A,N/A,N/A,N/A,N/A,N/A,N/A,N/A,N/A,N/A,N/A,N/A,N/A,,,0
1759293152,eth0,107,Ethernet,N/A,N/A,N/A,N/A,N/A,N/A,N/A,N/A,N/A,N/A,N/A,N/A,,,0
1759293152,any,112,N/A,IPv6,ICMP,N/A,v6,fe80::24f1:23ff:fe29:66,ff02::179,N/A,N/A,N/A,N/A,N/A,N/A,,,1
1759293152,eth0,110,Ethernet,IPv6,ICMP,N/A,v6,fe80::24f1:23ff:fe29:66,ff02::179,N/A,N/A,N/A,N/A,N/A,N/A,,,1
1759293152,any,112,N/A,IPv6,ICMP,N/A,v6,fe80::7827:e3ff:fe68:239,ff02::179,N/A,N/A,N/A,N/A,N/A,N/A,,,1
1759293152,eth1,110,Ethernet,IPv6,ICMP,N/A,v6,fe80::7827:e3ff:fe68:239,ff02::179,N/A,N/A,N/A,N/A,N/A,N/A,,,1
1759293152,eth0,70,Ethernet,IPv6,ICMP,N/A,v6,fe80::b0b5:44ff:feea:219,ff02::204,N/A,N/A,N/A,N/A,N/A,N/A,,,1
1759293152,any,72,N/A,IPv6,ICMP,N/A,v6,fe80::780a:a9ff:fee6:89,ff02::204,N/A,N/A,N/A,N/A,N/A,N/A,,,1
1759293152,eth1,70,Ethernet,IPv6,ICMP,N/A,v6,fe80::780a:a9ff:fee6:89,ff02::204,N/A,N/A,N/A,N/A,N/A,N/A,,,1
1759293152,any,56,N/A,IPv4,N/A,N/A,v4,172.30.0.23,224.0.0.22,N/A,N/A,N/A,N/A,N/A,N/A,,,1
1759293152,eth0,54,Ethernet,IPv4,N/A,N/A,v4,172.30.0.23,224.0.0.22,N/A,N/A,N/A,N/A,N/A,N/A,,,1
1759293152,eth1,70,Ethernet,IPv6,ICMP,N/A,v6,fe80::7827:e3ff:fe68:239,ff02::204,N/A,N/A,N/A,N/A,N/A,N/A,,,1
1759293152,any,72,N/A,IPv6,ICMP,N/A,v6,fe80::24f1:23ff:fe29:66,ff02::204,N/A,N/A,N/A,N/A,N/A,N/A,,,1
1759293152,any,72,N/A,IPv6,ICMP,N/A,v6,fe80::7827:e3ff:fe68:239,ff02::204,N/A,N/A,N/A,N/A,N/A,N/A,,,1
1759293152,eth0,70,Ethernet,IPv6,ICMP,N/A,v6,fe80::24f1:23ff:fe29:66,ff02::204,N/A,N/A,N/A,N/A,N/A,N/A,,,1
1759293152,eth0,111,Ethernet,N/A,N/A,N/A,N/A,N/A,N/A,N/A,N/A,N/A,N/A,N/A,N/A,,,1
1759293152,any,113,N/A,N/A,N/A,N/A,N/A,N/A,N/A,N/A,N/A,N/A,N/A,N/A,N/A,,,1
1759293153,eth0,90,Ethernet,IPv6,ICMP,N/A,v6,fe80::5ca9:83ff:fe87:27,ff02::179,N/A,N/A,N/A,N/A,N/A,N/A,,,0
1759293153,eth0,54,Ethernet,IPv4,N/A,N/A,v4,172.30.0.220,224.0.0.22,N/A,N/A,N/A,N/A,N/A,N/A,,,0
1759293153,any,92,N/A,IPv6,ICMP,N/A,v6,fe80::5ca9:83ff:fe87:27,ff02::179,N/A,N/A,N/A,N/A,N/A,N/A,,,0
1759293153,eth0,54,Ethernet,IPv4,N/A,N/A,v4,172.30.0.220,224.0.0.22,N/A,N/A,N/A,N/A,N/A,N/A,,,0
1759293153,any,56,N/A,IPv4,N/A,N/A,v4,172.30.0.220,224.0.0.22,N/A,N/A,N/A,N/A,N/A,N/A,,,0
1759293153,eth0,356,Ethernet,IPv4,UDP,N/A,v4,0.0.0.0,255.255.255.255,68,67,N/A,N/A,N/A,N/A,,,0
1759293153,any,358,N/A,IPv4,UDP,N/A,v4,0.0.0.0,255.255.255.255,68,67,N/A,N/A,N/A,N/A,,,0
1759293153,eth0,368,Ethernet,IPv4,UDP,N/A,v4,0.0.0.0,255.255.255.255,68,67,N/A,N/A,N/A,N/A,,,0
1759293153,any,370,N/A,IPv4,UDP,N/A,v4,0.0.0.0,255.255.255.255,68,67,N/A,N/A,N/A,N/A,,,0
1759293153,eth1,110,Ethernet,IPv6,ICMP,N/A,v6,fe80::a824:52ff:fe4f:69,ff02::179,N/A,N/A,N/A,N/A,N/A,N/A,,,0
1759293153,any,112,N/A,IPv6,ICMP,N/A,v6,fe80::a824:52ff:fe4f:69,ff02::179,N/A,N/A,N/A,N/A,N/A,N/A,,,0
1759293153,eth0,110,Ethernet,IPv6,ICMP,N/A,v6,fe80::5ca9:83ff:fe87:27,ff02::179,N/A,N/A,N/A,N/A,N/A,N/A,,,0
1759293153,eth0,54,Ethernet,IPv4,N/A,N/A,v4,172.30.0.220,224.0.0.22,N/A,N/A,N/A,N/A,N/A,N/A,,,0
1759293153,any,72,N/A,IPv6,ICMP,N/A,v6,fe80::e48e:99ff:fe5f:147,ff02::204,N/A,N/A,N/A,N/A,N/A,N/A,,,1
1759293153,eth0,70,Ethernet,IPv6,ICMP,N/A,v6,fe80::e48e:99ff:fe5f:147,ff02::204,N/A,N/A,N/A,N/A,N/A,N/A,,,1
1759293153,any,72,N/A,IPv6,ICMP,N/A,v6,fe80::dcac:f9ff:fe59:60,ff02::204,N/A,N/A,N/A,N/A,N/A,N/A,,,1
1759293153,eth2,70,Ethernet,IPv6,ICMP,N/A,v6,fe80::dcac:f9ff:fe59:60,ff02::204,N/A,N/A,N/A,N/A,N/A,N/A,,,1
1759293153,eth1,70,Ethernet,IPv6,ICMP,N/A,v6,fe80::f056:abff:fe65:143,ff02::204,N/A,N/A,N/A,N/A,N/A,N/A,,,1
1759293153,any,72,N/A,IPv6,ICMP,N/A,v6,fe80::f056:abff:fe65:143,ff02::204,N/A,N/A,N/A,N/A,N/A,N/A,,,1
1759293153,eth0,90,Ethernet,IPv6,ICMP,N/A,v6,fe80::e48e:99ff:fe5f:147,ff02::179,N/A,N/A,N/A,N/A,N/A,N/A,,,1
1759293153,eth0,54,Ethernet,IPv4,N/A,N/A,v4,172.30.0.220,224.0.0.22,N/A,N/A,N/A,N/A,N/A,N/A,,,1
1759293153,any,92,N/A,IPv6,ICMP,N/A,v6,fe80::e48e:99ff:fe5f:147,ff02::179,N/A,N/A,N/A,N/A,N/A,N/A,,,1
1759293153,eth0,71,Ethernet,IPv4,UDP,N/A,v4,172.30.0.220,224.0.0.252,5355,5355,N/A,N/A,N/A,N/A,,,1
1759293153,any,73,N/A,IPv4,UDP,N/A,v4,172.30.0.220,224.0.0.252,5355,5355,N/A,N/A,N/A,N/A,,,1
1759293153,eth0,360,Ethernet,IPv4,UDP,N/A,v4,0.0.0.0,255.255.255.255,68,67,N/A,N/A,N/A,N/A,,,1
1759293153,any,362,N/A,IPv4,UDP,N/A,v4,0.0.0.0,255.255.255.255,68,67,N/A,N/A,N/A,N/A,,,1
1759293153,eth0,372,Ethernet,IPv4,UDP,N/A,v4,0.0.0.0,255.255.255.255,68,67,N/A,N/A,N/A,N/A,,,1
1759293153,any,374,N/A,IPv4,UDP,N/A,v4,0.0.0.0,255.255.255.255,68,67,N/A,N/A,N/A,N/A,,,1
1759293153,eth2,110,Ethernet,IPv6,ICMP,N/A,v6,fe80::dcac:f9ff:fe59:60,ff02::179,N/A,N/A,N/A,N/A,N/A,N/A,,,1
1759293153,any,112,N/A,IPv6,ICMP,N/A,v6,fe80::f056:abff:fe65:143,ff02::179,N/A,N/A,N/A,N/A,N/A,N/A,,,1
1759293153,eth1,110,Ethernet,IPv6,ICMP,N/A,v6,fe80::f056:abff:fe65:143,ff02::179,N/A,N/A,N/A,N/A,N/A,N/A,,,1
1759293153,eth0,54,Ethernet,IPv4,N/A,N/A,v4,172.30.0.220,224.0.0.22,N/A,N/A,N/A,N/A,N/A,N/A,,,1
1759293153,eth0,42,Ethernet,N/A,N/A,N/A,N/A,N/A,N/A,N/A,N/A,N/A,N/A,N/A,N/A,,,1
1759293153,any,56,N/A,IPv4,N/A,N/A,v4,172.30.0.220,224.0.0.22,N/A,N/A,N/A,N/A,N/A,N/A,,,1
1759293153,eth0,56,Ethernet,N/A,N/A,N/A,N/A,N/A,N/A,N/A,N/A,N/A,N/A,N/A,N/A,,,1
1759293153,eth0,56,Ethernet,N/A,N/A,N/A,N/A,N/A,N/A,N/A,N/A,N/A,N/A,N/A,N/A,,,1
1759293153,any,58,ARP,N/A,N/A,N/A,N/A,N/A,N/A,N/A,N/A,2,2048,172.30.0.122,172.30.0.220,,,1
1759293153,any,58,ARP,N/A,N/A,N/A,N/A,N/A,N/A,N/A,N/A,2,2048,172.30.0.122,172.30.0.220,,,1
1759293153,eth0,110,Ethernet,IPv6,ICMP,N/A,v6,fe80::e48e:99ff:fe5f:147,ff02::179,N/A,N/A,N/A,N/A,N/A,N/A,,,1
1759293153,any,112,N/A,IPv6,ICMP,N/A,v6,fe80::e48e:99ff:fe5f:147,ff02::179,N/A,N/A,N/A,N/A,N/A,N/A,,,1
1759293153,any,72,N/A,IPv6,ICMP,N/A,v6,fe80::103b:bdff:fef0:169,ff02::204,N/A,N/A,N/A,N/A,N/A,N/A,,,1
1759293153,eth1,70,Ethernet,IPv6,ICMP,N/A,v6,fe80::103b:bdff:fef0:169,ff02::204,N/A,N/A,N/A,N/A,N/A,N/A,,,1
1759293153,any,56,N/A,IPv4,N/A,N/A,v4,172.30.0.220,224.0.0.22,N/A,N/A,N/A,N/A,N/A,N/A,,,1
1759293153,eth0,54,Ethernet,IPv4,N/A,N/A,v4,172.30.0.220,224.0.0.22,N/A,N/A,N/A,N/A,N/A,N/A,,,1
1759293153,eth1,110,Ethernet,IPv6,ICMP,N/A,v6,fe80::f056:abff:fe65:143,ff02::179,N/A,N/A,N/A,N/A,N/A,N/A,,,1
1759293153,any,112,N/A,IPv6,ICMP,N/A,v6,fe80::f056:abff:fe65:143,ff02::179,N/A,N/A,N/A,N/A,N/A,N/A,,,1
1759293153,any,112,N/A,IPv6,ICMP,N/A,v6,fe80::dcac:f9ff:fe59:60,ff02::179,N/A,N/A,N/A,N/A,N/A,N/A,,,1
1759293153,eth2,110,Ethernet,IPv6,ICMP,N/A,v6,fe80::dcac:f9ff:fe59:60,ff02::179,N/A,N/A,N/A,N/A,N/A,N/A,,,1
1759293153,any,72,N/A,IPv6,ICMP,N/A,v6,fe80::ecf9:eff:fefb:55,ff02::204,N/A,N/A,N/A,N/A,N/A,N/A,,,1
1759293153,eth0,70,Ethernet,IPv6,ICMP,N/A,v6,fe80::ecf9:eff:fefb:55,ff02::204,N/A,N/A,N/A,N/A,N/A,N/A,,,1
1759293153,eth0,110,Ethernet,IPv6,ICMP,N/A,v6,fe80::e48e:99ff:fe5f:147,ff02::179,N/A,N/A,N/A,N/A,N/A,N/A,,,1
1759293153,any,112,N/A,IPv6,ICMP,N/A,v6,fe80::e48e:99ff:fe5f:147,ff02::179,N/A,N/A,N/A,N/A,N/A,N/A,,,1
1759293153,eth0,90,Ethernet,IPv6,ICMP,N/A,v6,fe80::ecf9:eff:fefb:55,ff02::179,N/A,N/A,N/A,N/A,N/A,N/A,,,1
1759293153,eth0,56,Ethernet,IPv4,N/A,N/A,v4,172.30.0.89,224.0.0.22,N/A,N/A,N/A,N/A,N/A,N/A,,,1
1759293153,any,92,N/A,IPv6,ICMP,N/A,v6,fe80::ecf9:eff:fefb:55,ff02::179,N/A,N/A,N/A,N/A,N/A,N/A,,,1
1759293153,any,92,N/A,IPv6,ICMP,N/A,v6,fe80::ecf9:eff:fefb:55,ff02::179,N/A,N/A,N/A,N/A,N/A,N/A,,,1
1759293153,eth0,90,Ethernet,IPv6,ICMP,N/A,v6,fe80::ecf9:eff:fefb:55,ff02::179,N/A,N/A,N/A,N/A,N/A,N/A,,,1
1759293153,eth0,87,Ethernet,IPv6,UDP,N/A,v6,fe80::ecf9:eff:fefb:55,ff02::1:52,5355,5355,N/A,N/A,N/A,N/A,,,1
1759293153,eth0,67,Ethernet,IPv4,UDP,N/A,v4,172.30.0.89,224.0.0.252,5355,5355,N/A,N/A,N/A,N/A,,,1
1759293153,any,89,N/A,IPv6,UDP,N/A,v6,fe80::ecf9:eff:fefb:55,ff02::1:52,5355,5355,N/A,N/A,N/A,N/A,,,1
1759293153,eth0,42,Ethernet,N/A,N/A,N/A,N/A,N/A,N/A,N/A,N/A,N/A,N/A,N/A,N/A,,,0
1759293153,eth0,56,Ethernet,N/A,N/A,N/A,N/A,N/A,N/A,N/A,N/A,N/A,N/A,N/A,N/A,,,0
1759293153,any,112,N/A,IPv6,ICMP,N/A,v6,fe80::5ca9:83ff:fe87:27,ff02::179,N/A,N/A,N/A,N/A,N/A,N/A,,,0
1759293153,any,44,ARP,N/A,N/A,N/A,N/A,N/A,N/A,N/A,N/A,1,2048,172.30.0.220,172.30.0.122,,,0
1759293153,any,58,ARP,N/A,N/A,N/A,N/A,N/A,N/A,N/A,N/A,2,2048,172.30.0.122,172.30.0.220,,,0
1759293153,any,112,N/A,IPv6,ICMP,N/A,v6,fe80::a824:52ff:fe4f:69,ff02::179,N/A,N/A,N/A,N/A,N/A,N/A,,,0
1759293153,eth1,110,Ethernet,IPv6,ICMP,N/A,v6,fe80::a824:52ff:fe4f:69,ff02::179,N/A,N/A,N/A,N/A,N/A,N/A,,,0
1759293154,any,358,N/A,IPv4,UDP,N/A,v4,0.0.0.0,255.255.255.255,68,67,N/A,N/A,N/A,N/A,,,1
1759293154,eth0,356,Ethernet,IPv4,UDP,N/A,v4,0.0.0.0,255.255.255.255,68,67,N/A,N/A,N/A,N/A,,,1
1759293154,any,112,N/A,IPv6,ICMP,N/A,v6,fe80::103b:bdff:fef0:169,ff02::179,N/A,N/A,N/A,N/A,N/A,N/A,,,1
1759293154,eth1,110,Ethernet,IPv6,ICMP,N/A,v6,fe80::103b:bdff:fef0:169,ff02::179,N/A,N/A,N/A,N/A,N/A,N/A,,,1
1759293154,eth0,368,Ethernet,IPv4,UDP,N/A,v4,0.0.0.0,255.255.255.255,68,67,N/A,N/A,N/A,N/A,,,1
1759293154,any,370,N/A,IPv4,UDP,N/A,v4,0.0.0.0,255.255.255.255,68,67,N/A,N/A,N/A,N/A,,,1
1759293154,eth0,110,Ethernet,IPv6,ICMP,N/A,v6,fe80::ecf9:eff:fefb:55,ff02::179,N/A,N/A,N/A,N/A,N/A,N/A,,,1
1759293154,eth0,56,Ethernet,IPv4,N/A,N/A,v4,172.30.0.89,224.0.0.22,N/A,N/A,N/A,N/A,N/A,N/A,,,1
1759293154,any,112,N/A,IPv6,ICMP,N/A,v6,fe80::ecf9:eff:fefb:55,ff02::179,N/A,N/A,N/A,N/A,N/A,N/A,,,1
1759293154,any,58,ARP,N/A,N/A,N/A,N/A,N/A,N/A,N/A,N/A,1,2048,172.30.0.89,172.30.0.122,,,1
1759293154,eth0,56,Ethernet,N/A,N/A,N/A,N/A,N/A,N/A,N/A,N/A,N/A,N/A,N/A,N/A,,,1
1759293154,any,112,N/A,IPv6,ICMP,N/A,v6,fe80::103b:bdff:fef0:169,ff02::179,N/A,N/A,N/A,N/A,N/A,N/A,,,1
1759293154,eth1,110,Ethernet,IPv6,ICMP,N/A,v6,fe80::103b:bdff:fef0:169,ff02::179,N/A,N/A,N/A,N/A,N/A,N/A,,,1
1759293154,any,72,N/A,IPv6,ICMP,N/A,v6,fe80::dcac:f9ff:fe59:60,ff02::204,N/A,N/A,N/A,N/A,N/A,N/A,,,1
1759293154,eth2,70,Ethernet,IPv6,ICMP,N/A,v6,fe80::dcac:f9ff:fe59:60,ff02::204,N/A,N/A,N/A,N/A,N/A,N/A,,,1
1759293154,eth1,70,Ethernet,IPv6,ICMP,N/A,v6,fe80::f056:abff:fe65:143,ff02::204,N/A,N/A,N/A,N/A,N/A,N/A,,,1
1759293154,eth0,111,Ethernet,N/A,N/A,N/A,N/A,N/A,N/A,N/A,N/A,N/A,N/A,N/A,N/A,,,1
1759293154,eth0,70,Ethernet,IPv6,ICMP,N/A,v6,fe80::e48e:99ff:fe5f:147,ff02::204,N/A,N/A,N/A,N/A,N/A,N/A,,,1
1759293154,eth0,110,Ethernet,IPv6,ICMP,N/A,v6,fe80::ecf9:eff:fefb:55,ff02::179,N/A,N/A,N/A,N/A,N/A,N/A,,,1
1759293154,any,112,N/A,IPv6,ICMP,N/A,v6,fe80::ecf9:eff:fefb:55,ff02::179,N/A,N/A,N/A,N/A,N/A,N/A,,,1
1759293154,eth1,70,Ethernet,IPv6,ICMP,N/A,v6,fe80::103b:bdff:fef0:169,ff02::204,N/A,N/A,N/A,N/A,N/A,N/A,,,1
1759293154,eth0,70,Ethernet,IPv6,ICMP,N/A,v6,fe80::ecf9:eff:fefb:55,ff02::204,N/A,N/A,N/A,N/A,N/A,N/A,,,1
1759293154,any,72,N/A,IPv6,ICMP,N/A,v6,fe80::ecf9:eff:fefb:55,ff02::204,N/A,N/A,N/A,N/A,N/A,N/A,,,1
1759293154,any,72,N/A,IPv6,ICMP,N/A,v6,fe80::103b:bdff:fef0:169,ff02::204,N/A,N/A,N/A,N/A,N/A,N/A,,,1
1759293154,any,58,N/A,IPv4,N/A,N/A,v4,172.30.0.89,224.0.0.22,N/A,N/A,N/A,N/A,N/A,N/A,,,1
1759293154,eth0,56,Ethernet,IPv4,N/A,N/A,v4,172.30.0.89,224.0.0.22,N/A,N/A,N/A,N/A,N/A,N/A,,,1
1759293154,eth0,54,Ethernet,IPv4,N/A,N/A,v4,172.30.0.220,224.0.0.22,N/A,N/A,N/A,N/A,N/A,N/A,,,0
1759293154,any,56,N/A,IPv4,N/A,N/A,v4,172.30.0.220,224.0.0.22,N/A,N/A,N/A,N/A,N/A,N/A,,,0
1759293154,eth0,110,Ethernet,IPv6,ICMP,N/A,v6,fe80::5ca9:83ff:fe87:27,ff02::179,N/A,N/A,N/A,N/A,N/A,N/A,,,0
1759293154,any,112,N/A,IPv6,ICMP,N/A,v6,fe80::5ca9:83ff:fe87:27,ff02::179,N/A,N/A,N/A,N/A,N/A,N/A,,,0
1759293154,eth0,107,Ethernet,N/A,N/A,N/A,N/A,N/A,N/A,N/A,N/A,N/A,N/A,N/A,N/A,,,0
1759293154,eth0,70,Ethernet,IPv6,ICMP,N/A,v6,fe80::5ca9:83ff:fe87:27,ff02::204,N/A,N/A,N/A,N/A,N/A,N/A,,,0
1759293154,any,72,N/A,IPv6,ICMP,N/A,v6,fe80::a824:52ff:fe4f:69,ff02::204,N/A,N/A,N/A,N/A,N/A,N/A,,,0
1759293154,eth1,70,Ethernet,IPv6,ICMP,N/A,v6,fe80::a824:52ff:fe4f:69,ff02::204,N/A,N/A,N/A,N/A,N/A,N/A,,,0
1759293155,eth0,111,Ethernet,N/A,N/A,N/A,N/A,N/A,N/A,N/A,N/A,N/A,N/A,N/A,N/A,,,1
1759293155,any,113,N/A,N/A,N/A,N/A,N/A,N/A,N/A,N/A,N/A,N/A,N/A,N/A,N/A,,,1
1759293155,any,109,N/A,N/A,N/A,N/A,N/A,N/A,N/A,N/A,N/A,N/A,N/A,N/A,N/A,,,0
1759293155,eth0,107,Ethernet,N/A,N/A,N/A,N/A,N/A,N/A,N/A,N/A,N/A,N/A,N/A,N/A,,,0
1759293156,any,72,N/A,IPv6,ICMP,N/A,v6,fe80::780a:a9ff:fee6:89,ff02::204,N/A,N/A,N/A,N/A,N/A,N/A,,,1
1759293156,eth1,70,Ethernet,IPv6,ICMP,N/A,v6,fe80::780a:a9ff:fee6:89,ff02::204,N/A,N/A,N/A,N/A,N/A,N/A,,,1
1759293156,any,72,N/A,IPv6,ICMP,N/A,v6,fe80::b0b5:44ff:feea:219,ff02::204,N/A,N/A,N/A,N/A,N/A,N/A,,,1
1759293156,eth0,70,Ethernet,IPv6,ICMP,N/A,v6,fe80::b0b5:44ff:feea:219,ff02::204,N/A,N/A,N/A,N/A,N/A,N/A,,,1
1759293156,any,72,N/A,IPv6,ICMP,N/A,v6,fe80::7827:e3ff:fe68:239,ff02::204,N/A,N/A,N/A,N/A,N/A,N/A,,,1
1759293156,eth1,70,Ethernet,IPv6,ICMP,N/A,v6,fe80::7827:e3ff:fe68:239,ff02::204,N/A,N/A,N/A,N/A,N/A,N/A,,,1
1759293156,eth0,90,Ethernet,IPv6,ICMP,N/A,v6,fe80::b0b5:44ff:feea:219,ff02::179,N/A,N/A,N/A,N/A,N/A,N/A,,,1
1759293156,eth0,54,Ethernet,IPv4,N/A,N/A,v4,172.30.0.163,224.0.0.22,N/A,N/A,N/A,N/A,N/A,N/A,,,1
1759293156,any,92,N/A,IPv6,ICMP,N/A,v6,fe80::b0b5:44ff:feea:219,ff02::179,N/A,N/A,N/A,N/A,N/A,N/A,,,1
1759293156,eth0,68,Ethernet,IPv4,UDP,N/A,v4,172.30.0.163,224.0.0.252,5355,5355,N/A,N/A,N/A,N/A,,,1
1759293156,any,70,N/A,IPv4,UDP,N/A,v4,172.30.0.163,224.0.0.252,5355,5355,N/A,N/A,N/A,N/A,,,1
1759293156,any,113,N/A,N/A,N/A,N/A,N/A,N/A,N/A,N/A,N/A,N/A,N/A,N/A,N/A,,,1
1759293156,eth0,111,Ethernet,N/A,N/A,N/A,N/A,N/A,N/A,N/A,N/A,N/A,N/A,N/A,N/A,,,1
1759293156,eth0,357,Ethernet,IPv4,UDP,N/A,v4,0.0.0.0,255.255.255.255,68,67,N/A,N/A,N/A,N/A,,,1
1759293156,any,359,N/A,IPv4,UDP,N/A,v4,0.0.0.0,255.255.255.255,68,67,N/A,N/A,N/A,N/A,,,1
1759293156,any,371,N/A,IPv4,UDP,N/A,v4,0.0.0.0,255.255.255.255,68,67,N/A,N/A,N/A,N/A,,,1
1759293156,eth0,369,Ethernet,IPv4,UDP,N/A,v4,0.0.0.0,255.255.255.255,68,67,N/A,N/A,N/A,N/A,,,1
1759293156,eth0,110,Ethernet,IPv6,ICMP,N/A,v6,fe80::b0b5:44ff:feea:219,ff02::179,N/A,N/A,N/A,N/A,N/A,N/A,,,1
1759293156,eth1,110,Ethernet,IPv6,ICMP,N/A,v6,fe80::780a:a9ff:fee6:89,ff02::179,N/A,N/A,N/A,N/A,N/A,N/A,,,1
1759293156,any,112,N/A,IPv6,ICMP,N/A,v6,fe80::780a:a9ff:fee6:89,ff02::179,N/A,N/A,N/A,N/A,N/A,N/A,,,1
1759293156,any,112,N/A,IPv6,ICMP,N/A,v6,fe80::b0b5:44ff:feea:219,ff02::179,N/A,N/A,N/A,N/A,N/A,N/A,,,1
1759293156,eth0,110,Ethernet,IPv6,ICMP,N/A,v6,fe80::b0b5:44ff:feea:219,ff02::179,N/A,N/A,N/A,N/A,N/A,N/A,,,1
1759293156,eth0,54,Ethernet,IPv4,N/A,N/A,v4,172.30.0.163,224.0.0.22,N/A,N/A,N/A,N/A,N/A,N/A,,,1
1759293156,eth0,42,Ethernet,N/A,N/A,N/A,N/A,N/A,N/A,N/A,N/A,N/A,N/A,N/A,N/A,,,1
1759293156,any,44,ARP,N/A,N/A,N/A,N/A,N/A,N/A,N/A,N/A,1,2048,172.30.0.163,172.30.0.122,,,1
1759293156,eth0,90,Ethernet,IPv6,ICMP,N/A,v6,fe80::24f1:23ff:fe29:66,ff02::179,N/A,N/A,N/A,N/A,N/A,N/A,,,1
1759293156,eth0,54,Ethernet,IPv4,N/A,N/A,v4,172.30.0.23,224.0.0.22,N/A,N/A,N/A,N/A,N/A,N/A,,,1
1759293156,any,92,N/A,IPv6,ICMP,N/A,v6,fe80::24f1:23ff:fe29:66,ff02::179,N/A,N/A,N/A,N/A,N/A,N/A,,,1
1759293156,any,358,N/A,IPv4,UDP,N/A,v4,0.0.0.0,255.255.255.255,68,67,N/A,N/A,N/A,N/A,,,1
1759293156,eth0,356,Ethernet,IPv4,UDP,N/A,v4,0.0.0.0,255.255.255.255,68,67,N/A,N/A,N/A,N/A,,,1
1759293156,any,370,N/A,IPv4,UDP,N/A,v4,0.0.0.0,255.255.255.255,68,67,N/A,N/A,N/A,N/A,,,1
1759293156,eth0,368,Ethernet,IPv4,UDP,N/A,v4,0.0.0.0,255.255.255.255,68,67,N/A,N/A,N/A,N/A,,,1
1759293156,any,112,N/A,IPv6,ICMP,N/A,v6,fe80::7827:e3ff:fe68:239,ff02::179,N/A,N/A,N/A,N/A,N/A,N/A,,,1
1759293156,any,109,N/A,N/A,N/A,N/A,N/A,N/A,N/A,N/A,N/A,N/A,N/A,N/A,N/A,,,0
1759293156,eth0,107,Ethernet,N/A,N/A,N/A,N/A,N/A,N/A,N/A,N/A,N/A,N/A,N/A,N/A,,,0
1759293156,eth1,110,Ethernet,IPv6,ICMP,N/A,v6,fe80::7827:e3ff:fe68:239,ff02::179,N/A,N/A,N/A,N/A,N/A,N/A,,,1
1759293156,any,112,N/A,IPv6,ICMP,N/A,v6,fe80::24f1:23ff:fe29:66,ff02::179,N/A,N/A,N/A,N/A,N/A,N/A,,,1
1759293156,eth0,110,Ethernet,IPv6,ICMP,N/A,v6,fe80::24f1:23ff:fe29:66,ff02::179,N/A,N/A,N/A,N/A,N/A,N/A,,,1
1759293156,eth0,54,Ethernet,IPv4,N/A,N/A,v4,172.30.0.23,224.0.0.22,N/A,N/A,N/A,N/A,N/A,N/A,,,1
1759293156,eth0,42,Ethernet,N/A,N/A,N/A,N/A,N/A,N/A,N/A,N/A,N/A,N/A,N/A,N/A,,,1
1759293156,any,44,ARP,N/A,N/A,N/A,N/A,N/A,N/A,N/A,N/A,1,2048,172.30.0.23,172.30.0.122,,,1
1759293156,any,112,N/A,IPv6,ICMP,N/A,v6,fe80::780a:a9ff:fee6:89,ff02::179,N/A,N/A,N/A,N/A,N/A,N/A,,,1
1759293156,eth1,110,Ethernet,IPv6,ICMP,N/A,v6,fe80::780a:a9ff:fee6:89,ff02::179,N/A,N/A,N/A,N/A,N/A,N/A,,,1
1759293157,eth0,90,Ethernet,IPv6,ICMP,N/A,v6,fe80::5ca9:83ff:fe87:27,ff02::179,N/A,N/A,N/A,N/A,N/A,N/A,,,0
1759293157,eth0,54,Ethernet,IPv4,N/A,N/A,v4,172.30.0.220,224.0.0.22,N/A,N/A,N/A,N/A,N/A,N/A,,,0
1759293157,any,92,N/A,IPv6,ICMP,N/A,v6,fe80::5ca9:83ff:fe87:27,ff02::179,N/A,N/A,N/A,N/A,N/A,N/A,,,0
1759293157,eth0,87,Ethernet,IPv6,UDP,N/A,v6,fe80::5ca9:83ff:fe87:27,ff02::1:52,5355,5355,N/A,N/A,N/A,N/A,,,0
1759293157,eth0,67,Ethernet,IPv4,UDP,N/A,v4,172.30.0.220,224.0.0.252,5355,5355,N/A,N/A,N/A,N/A,,,0
1759293157,any,89,N/A,IPv6,UDP,N/A,v6,fe80::5ca9:83ff:fe87:27,ff02::1:52,5355,5355,N/A,N/A,N/A,N/A,,,0
1759293157,eth0,54,Ethernet,IPv4,N/A,N/A,v4,172.30.0.23,224.0.0.22,N/A,N/A,N/A,N/A,N/A,N/A,,,1
1759293157,any,56,N/A,IPv4,N/A,N/A,v4,172.30.0.23,224.0.0.22,N/A,N/A,N/A,N/A,N/A,N/A,,,1
1759293157,any,92,N/A,IPv6,ICMP,N/A,v6,fe80::b0b5:44ff:feea:219,ff02::179,N/A,N/A,N/A,N/A,N/A,N/A,,,1
1759293157,eth0,90,Ethernet,IPv6,ICMP,N/A,v6,fe80::b0b5:44ff:feea:219,ff02::179,N/A,N/A,N/A,N/A,N/A,N/A,,,1
1759293157,any,112,N/A,IPv6,ICMP,N/A,v6,fe80::7827:e3ff:fe68:239,ff02::179,N/A,N/A,N/A,N/A,N/A,N/A,,,1
1759293157,eth1,110,Ethernet,IPv6,ICMP,N/A,v6,fe80::7827:e3ff:fe68:239,ff02::179,N/A,N/A,N/A,N/A,N/A,N/A,,,1
1759293157,eth0,70,Ethernet,IPv6,ICMP,N/A,v6,fe80::b0b5:44ff:feea:219,ff02::204,N/A,N/A,N/A,N/A,N/A,N/A,,,1
1759293157,eth1,70,Ethernet,IPv6,ICMP,N/A,v6,fe80::780a:a9ff:fee6:89,ff02::204,N/A,N/A,N/A,N/A,N/A,N/A,,,1
1759293157,any,72,N/A,IPv6,ICMP,N/A,v6,fe80::780a:a9ff:fee6:89,ff02::204,N/A,N/A,N/A,N/A,N/A,N/A,,,1
1759293157,eth0,110,Ethernet,IPv6,ICMP,N/A,v6,fe80::24f1:23ff:fe29:66,ff02::179,N/A,N/A,N/A,N/A,N/A,N/A,,,1
1759293157,any,112,N/A,IPv6,ICMP,N/A,v6,fe80::24f1:23ff:fe29:66,ff02::179,N/A,N/A,N/A,N/A,N/A,N/A,,,1
1759293157,eth0,54,Ethernet,IPv4,N/A,N/A,v4,172.30.0.163,224.0.0.22,N/A,N/A,N/A,N/A,N/A,N/A,,,1
1759293157,any,56,N/A,IPv4,N/A,N/A,v4,172.30.0.163,224.0.0.22,N/A,N/A,N/A,N/A,N/A,N/A,,,1
1759293157,eth0,90,Ethernet,IPv6,ICMP,N/A,v6,fe80::e48e:99ff:fe5f:147,ff02::179,N/A,N/A,N/A,N/A,N/A,N/A,,,1
1759293157,eth0,54,Ethernet,IPv4,N/A,N/A,v4,172.30.0.220,224.0.0.22,N/A,N/A,N/A,N/A,N/A,N/A,,,1
1759293157,any,92,N/A,IPv6,ICMP,N/A,v6,fe80::e48e:99ff:fe5f:147,ff02::179,N/A,N/A,N/A,N/A,N/A,N/A,,,1
1759293157,eth0,360,Ethernet,IPv4,UDP,N/A,v4,0.0.0.0,255.255.255.255,68,67,N/A,N/A,N/A,N/A,,,1
1759293157,eth0,356,Ethernet,IPv4,UDP,N/A,v4,0.0.0.0,255.255.255.255,68,67,N/A,N/A,N/A,N/A,,,0
1759293157,any,358,N/A,IPv4,UDP,N/A,v4,0.0.0.0,255.255.255.255,68,67,N/A,N/A,N/A,N/A,,,0
1759293157,eth0,368,Ethernet,IPv4,UDP,N/A,v4,0.0.0.0,255.255.255.255,68,67,N/A,N/A,N/A,N/A,,,0
1759293157,any,370,N/A,IPv4,UDP,N/A,v4,0.0.0.0,255.255.255.255,68,67,N/A,N/A,N/A,N/A,,,0
1759293157,eth1,110,Ethernet,IPv6,ICMP,N/A,v6,fe80::a824:52ff:fe4f:69,ff02::179,N/A,N/A,N/A,N/A,N/A,N/A,,,0
1759293157,any,112,N/A,IPv6,ICMP,N/A,v6,fe80::a824:52ff:fe4f:69,ff02::179,N/A,N/A,N/A,N/A,N/A,N/A,,,0
1759293157,any,112,N/A,IPv6,ICMP,N/A,v6,fe80::5ca9:83ff:fe87:27,ff02::179,N/A,N/A,N/A,N/A,N/A,N/A,,,0
1759293157,eth0,110,Ethernet,IPv6,ICMP,N/A,v6,fe80::5ca9:83ff:fe87:27,ff02::179,N/A,N/A,N/A,N/A,N/A,N/A,,,0
1759293157,eth0,54,Ethernet,IPv4,N/A,N/A,v4,172.30.0.220,224.0.0.22,N/A,N/A,N/A,N/A,N/A,N/A,,,0
1759293157,any,44,ARP,N/A,N/A,N/A,N/A,N/A,N/A,N/A,N/A,1,2048,172.30.0.220,172.30.0.122,,,0
1759293157,eth0,42,Ethernet,N/A,N/A,N/A,N/A,N/A,N/A,N/A,N/A,N/A,N/A,N/A,N/A,,,0
1759293157,eth0,56,Ethernet,N/A,N/A,N/A,N/A,N/A,N/A,N/A,N/A,N/A,N/A,N/A,N/A,,,0
1759293157,eth0,56,Ethernet,N/A,N/A,N/A,N/A,N/A,N/A,N/A,N/A,N/A,N/A,N/A,N/A,,,0
1759293157,any,58,ARP,N/A,N/A,N/A,N/A,N/A,N/A,N/A,N/A,2,2048,172.30.0.122,172.30.0.220,,,0
1759293157,any,58,ARP,N/A,N/A,N/A,N/A,N/A,N/A,N/A,N/A,2,2048,172.30.0.122,172.30.0.220,,,0
1759293157,eth0,372,Ethernet,IPv4,UDP,N/A,v4,0.0.0.0,255.255.255.255,68,67,N/A,N/A,N/A,N/A,,,1
1759293157,eth0,110,Ethernet,IPv6,ICMP,N/A,v6,fe80::e48e:99ff:fe5f:147,ff02::179,N/A,N/A,N/A,N/A,N/A,N/A,,,1
1759293157,eth0,54,Ethernet,IPv4,N/A,N/A,v4,172.30.0.220,224.0.0.22,N/A,N/A,N/A,N/A,N/A,N/A,,,1
1759293157,eth0,42,Ethernet,N/A,N/A,N/A,N/A,N/A,N/A,N/A,N/A,N/A,N/A,N/A,N/A,,,1
1759293157,eth0,56,Ethernet,N/A,N/A,N/A,N/A,N/A,N/A,N/A,N/A,N/A,N/A,N/A,N/A,,,1
1759293157,eth0,56,Ethernet,N/A,N/A,N/A,N/A,N/A,N/A,N/A,N/A,N/A,N/A,N/A,N/A,,,1
1759293157,any,362,N/A,IPv4,UDP,N/A,v4,0.0.0.0,255.255.255.255,68,67,N/A,N/A,N/A,N/A,,,1
1759293157,any,374,N/A,IPv4,UDP,N/A,v4,0.0.0.0,255.255.255.255,68,67,N/A,N/A,N/A,N/A,,,1
1759293157,any,112,N/A,IPv6,ICMP,N/A,v6,fe80::dcac:f9ff:fe59:60,ff02::179,N/A,N/A,N/A,N/A,N/A,N/A,,,1
1759293157,any,112,N/A,IPv6,ICMP,N/A,v6,fe80::f056:abff:fe65:143,ff02::179,N/A,N/A,N/A,N/A,N/A,N/A,,,1
1759293157,any,112,N/A,IPv6,ICMP,N/A,v6,fe80::e48e:99ff:fe5f:147,ff02::179,N/A,N/A,N/A,N/A,N/A,N/A,,,1
1759293157,any,44,ARP,N/A,N/A,N/A,N/A,N/A,N/A,N/A,N/A,1,2048,172.30.0.220,172.30.0.122,,,1
1759293157,any,58,ARP,N/A,N/A,N/A,N/A,N/A,N/A,N/A,N/A,2,2048,172.30.0.122,172.30.0.220,,,1
1759293157,any,58,ARP,N/A,N/A,N/A,N/A,N/A,N/A,N/A,N/A,2,2048,172.30.0.122,172.30.0.220,,,1
1759293157,eth2,110,Ethernet,IPv6,ICMP,N/A,v6,fe80::dcac:f9ff:fe59:60,ff02::179,N/A,N/A,N/A,N/A,N/A,N/A,,,1
1759293157,eth1,110,Ethernet,IPv6,ICMP,N/A,v6,fe80::f056:abff:fe65:143,ff02::179,N/A,N/A,N/A,N/A,N/A,N/A,,,1
1759293157,eth0,110,Ethernet,IPv6,ICMP,N/A,v6,fe80::e48e:99ff:fe5f:147,ff02::179,N/A,N/A,N/A,N/A,N/A,N/A,,,1
1759293157,any,112,N/A,IPv6,ICMP,N/A,v6,fe80::e48e:99ff:fe5f:147,ff02::179,N/A,N/A,N/A,N/A,N/A,N/A,,,1
1759293157,eth0,54,Ethernet,IPv4,N/A,N/A,v4,172.30.0.220,224.0.0.22,N/A,N/A,N/A,N/A,N/A,N/A,,,1
1759293157,any,56,N/A,IPv4,N/A,N/A,v4,172.30.0.220,224.0.0.22,N/A,N/A,N/A,N/A,N/A,N/A,,,1
1759293157,eth0,90,Ethernet,IPv6,ICMP,N/A,v6,fe80::ecf9:eff:fefb:55,ff02::179,N/A,N/A,N/A,N/A,N/A,N/A,,,1
1759293157,eth0,56,Ethernet,IPv4,N/A,N/A,v4,172.30.0.89,224.0.0.22,N/A,N/A,N/A,N/A,N/A,N/A,,,1
1759293157,any,92,N/A,IPv6,ICMP,N/A,v6,fe80::ecf9:eff:fefb:55,ff02::179,N/A,N/A,N/A,N/A,N/A,N/A,,,1
1759293158,any,56,N/A,IPv4,N/A,N/A,v4,172.30.0.220,224.0.0.22,N/A,N/A,N/A,N/A,N/A,N/A,,,0
1759293158,eth0,54,Ethernet,IPv4,N/A,N/A,v4,172.30.0.220,224.0.0.22,N/A,N/A,N/A,N/A,N/A,N/A,,,0
1759293158,eth0,110,Ethernet,IPv6,ICMP,N/A,v6,fe80::5ca9:83ff:fe87:27,ff02::179,N/A,N/A,N/A,N/A,N/A,N/A,,,0
1759293158,any,112,N/A,IPv6,ICMP,N/A,v6,fe80::5ca9:83ff:fe87:27,ff02::179,N/A,N/A,N/A,N/A,N/A,N/A,,,0
1759293158,any,112,N/A,IPv6,ICMP,N/A,v6,fe80::a824:52ff:fe4f:69,ff02::179,N/A,N/A,N/A,N/A,N/A,N/A,,,0
1759293158,eth1,110,Ethernet,IPv6,ICMP,N/A,v6,fe80::a824:52ff:fe4f:69,ff02::179,N/A,N/A,N/A,N/A,N/A,N/A,,,0
1759293158,eth0,70,Ethernet,IPv6,ICMP,N/A,v6,fe80::5ca9:83ff:fe87:27,ff02::204,N/A,N/A,N/A,N/A,N/A,N/A,,,0
1759293158,any,72,N/A,IPv6,ICMP,N/A,v6,fe80::a824:52ff:fe4f:69,ff02::204,N/A,N/A,N/A,N/A,N/A,N/A,,,0
1759293158,eth1,70,Ethernet,IPv6,ICMP,N/A,v6,fe80::a824:52ff:fe4f:69,ff02::204,N/A,N/A,N/A,N/A,N/A,N/A,,,0
1759293158,any,109,N/A,N/A,N/A,N/A,N/A,N/A,N/A,N/A,N/A,N/A,N/A,N/A,N/A,,,0
1759293158,eth1,70,Ethernet,IPv6,ICMP,N/A,v6,fe80::7827:e3ff:fe68:239,ff02::204,N/A,N/A,N/A,N/A,N/A,N/A,,,1
1759293158,eth0,70,Ethernet,IPv6,ICMP,N/A,v6,fe80::24f1:23ff:fe29:66,ff02::204,N/A,N/A,N/A,N/A,N/A,N/A,,,1
1759293158,any,72,N/A,IPv6,ICMP,N/A,v6,fe80::24f1:23ff:fe29:66,ff02::204,N/A,N/A,N/A,N/A,N/A,N/A,,,1
1759293158,any,72,N/A,IPv6,ICMP,N/A,v6,fe80::7827:e3ff:fe68:239,ff02::204,N/A,N/A,N/A,N/A,N/A,N/A,,,1
1759293158,eth0,90,Ethernet,IPv6,ICMP,N/A,v6,fe80::ecf9:eff:fefb:55,ff02::179,N/A,N/A,N/A,N/A,N/A,N/A,,,1
1759293158,any,92,N/A,IPv6,ICMP,N/A,v6,fe80::ecf9:eff:fefb:55,ff02::179,N/A,N/A,N/A,N/A,N/A,N/A,,,1
1759293158,eth0,87,Ethernet,IPv6,UDP,N/A,v6,fe80::ecf9:eff:fefb:55,ff02::1:52,5355,5355,N/A,N/A,N/A,N/A,,,1
1759293158,eth0,67,Ethernet,IPv4,UDP,N/A,v4,172.30.0.89,224.0.0.252,5355,5355,N/A,N/A,N/A,N/A,,,1
1759293158,any,89,N/A,IPv6,UDP,N/A,v6,fe80::ecf9:eff:fefb:55,ff02::1:52,5355,5355,N/A,N/A,N/A,N/A,,,1
1759293158,eth0,356,Ethernet,IPv4,UDP,N/A,v4,0.0.0.0,255.255.255.255,68,67,N/A,N/A,N/A,N/A,,,1
1759293158,any,358,N/A,IPv4,UDP,N/A,v4,0.0.0.0,255.255.255.255,68,67,N/A,N/A,N/A,N/A,,,1
1759293158,eth0,110,Ethernet,IPv6,ICMP,N/A,v6,fe80::ecf9:eff:fefb:55,ff02::179,N/A,N/A,N/A,N/A,N/A,N/A,,,1
1759293158,eth1,110,Ethernet,IPv6,ICMP,N/A,v6,fe80::103b:bdff:fef0:169,ff02::179,N/A,N/A,N/A,N/A,N/A,N/A,,,1
1759293158,any,112,N/A,IPv6,ICMP,N/A,v6,fe80::103b:bdff:fef0:169,ff02::179,N/A,N/A,N/A,N/A,N/A,N/A,,,1
1759293158,eth0,368,Ethernet,IPv4,UDP,N/A,v4,0.0.0.0,255.255.255.255,68,67,N/A,N/A,N/A,N/A,,,1
1759293158,any,370,N/A,IPv4,UDP,N/A,v4,0.0.0.0,255.255.255.255,68,67,N/A,N/A,N/A,N/A,,,1
1759293158,eth0,56,Ethernet,N/A,N/A,N/A,N/A,N/A,N/A,N/A,N/A,N/A,N/A,N/A,N/A,,,1
1759293158,any,58,ARP,N/A,N/A,N/A,N/A,N/A,N/A,N/A,N/A,1,2048,172.30.0.89,172.30.0.122,,,1
1759293158,any,112,N/A,IPv6,ICMP,N/A,v6,fe80::ecf9:eff:fefb:55,ff02::179,N/A,N/A,N/A,N/A,N/A,N/A,,,1
1759293158,eth0,110,Ethernet,IPv6,ICMP,N/A,v6,fe80::ecf9:eff:fefb:55,ff02::179,N/A,N/A,N/A,N/A,N/A,N/A,,,1
1759293158,eth0,56,Ethernet,IPv4,N/A,N/A,v4,172.30.0.89,224.0.0.22,N/A,N/A,N/A,N/A,N/A,N/A,,,1
1759293158,eth0,56,Ethernet,IPv4,N/A,N/A,v4,172.30.0.89,224.0.0.22,N/A,N/A,N/A,N/A,N/A,N/A,,,1
1759293158,any,58,N/A,IPv4,N/A,N/A,v4,172.30.0.89,224.0.0.22,N/A,N/A,N/A,N/A,N/A,N/A,,,1
1759293158,any,112,N/A,IPv6,ICMP,N/A,v6,fe80::f056:abff:fe65:143,ff02::179,N/A,N/A,N/A,N/A,N/A,N/A,,,1
1759293158,eth1,110,Ethernet,IPv6,ICMP,N/A,v6,fe80::f056:abff:fe65:143,ff02::179,N/A,N/A,N/A,N/A,N/A,N/A,,,1
1759293158,any,112,N/A,IPv6,ICMP,N/A,v6,fe80::dcac:f9ff:fe59:60,ff02::179,N/A,N/A,N/A,N/A,N/A,N/A,,,1
1759293158,eth2,110,Ethernet,IPv6,ICMP,N/A,v6,fe80::dcac:f9ff:fe59:60,ff02::179,N/A,N/A,N/A,N/A,N/A,N/A,,,1
1759293158,eth1,70,Ethernet,IPv6,ICMP,N/A,v6,fe80::f056:abff:fe65:143,ff02::204,N/A,N/A,N/A,N/A,N/A,N/A,,,1
1759293158,any,72,N/A,IPv6,ICMP,N/A,v6,fe80::dcac:f9ff:fe59:60,ff02::204,N/A,N/A,N/A,N/A,N/A,N/A,,,1
1759293158,eth2,70,Ethernet,IPv6,ICMP,N/A,v6,fe80::dcac:f9ff:fe59:60,ff02::204,N/A,N/A,N/A,N/A,N/A,N/A,,,1
1759293158,eth0,111,Ethernet,N/A,N/A,N/A,N/A,N/A,N/A,N/A,N/A,N/A,N/A,N/A,N/A,,,1
1759293158,eth0,70,Ethernet,IPv6,ICMP,N/A,v6,fe80::e48e:99ff:fe5f:147,ff02::204,N/A,N/A,N/A,N/A,N/A,N/A,,,1
1759293158,any,92,N/A,IPv6,ICMP,N/A,v6,fe80::ecf9:eff:fefb:55,ff02::179,N/A,N/A,N/A,N/A,N/A,N/A,,,1
1759293158,eth0,90,Ethernet,IPv6,ICMP,N/A,v6,fe80::ecf9:eff:fefb:55,ff02::179,N/A,N/A,N/A,N/A,N/A,N/A,,,1
1759293158,any,112,N/A,IPv6,ICMP,N/A,v6,fe80::103b:bdff:fef0:169,ff02::179,N/A,N/A,N/A,N/A,N/A,N/A,,,1
1759293158,eth1,110,Ethernet,IPv6,ICMP,N/A,v6,fe80::103b:bdff:fef0:169,ff02::179,N/A,N/A,N/A,N/A,N/A,N/A,,,1
1759293158,eth0,107,Ethernet,N/A,N/A,N/A,N/A,N/A,N/A,N/A,N/A,N/A,N/A,N/A,N/A,,,0
1759293159,any,72,N/A,IPv6,ICMP,N/A,v6,fe80::103b:bdff:fef0:169,ff02::204,N/A,N/A,N/A,N/A,N/A,N/A,,,1
1759293159,eth0,70,Ethernet,IPv6,ICMP,N/A,v6,fe80::ecf9:eff:fefb:55,ff02::204,N/A,N/A,N/A,N/A,N/A,N/A,,,1
1759293159,eth1,70,Ethernet,IPv6,ICMP,N/A,v6,fe80::103b:bdff:fef0:169,ff02::204,N/A,N/A,N/A,N/A,N/A,N/A,,,1
1759293159,eth0,111,Ethernet,N/A,N/A,N/A,N/A,N/A,N/A,N/A,N/A,N/A,N/A,N/A,N/A,,,1
1759293159,any,113,N/A,N/A,N/A,N/A,N/A,N/A,N/A,N/A,N/A,N/A,N/A,N/A,N/A,,,1
1759293160,eth0,90,Ethernet,IPv6,ICMP,N/A,v6,fe80::b0b5:44ff:feea:219,ff02::179,N/A,N/A,N/A,N/A,N/A,N/A,,,1
1759293160,eth0,54,Ethernet,IPv4,N/A,N/A,v4,172.30.0.163,224.0.0.22,N/A,N/A,N/A,N/A,N/A,N/A,,,1
1759293160,any,92,N/A,IPv6,ICMP,N/A,v6,fe80::b0b5:44ff:feea:219,ff02::179,N/A,N/A,N/A,N/A,N/A,N/A,,,1
1759293160,any,92,N/A,IPv6,ICMP,N/A,v6,fe80::b0b5:44ff:feea:219,ff02::179,N/A,N/A,N/A,N/A,N/A,N/A,,,1
1759293160,eth0,90,Ethernet,IPv6,ICMP,N/A,v6,fe80::b0b5:44ff:feea:219,ff02::179,N/A,N/A,N/A,N/A,N/A,N/A,,,1
1759293160,any,70,N/A,IPv4,UDP,N/A,v4,172.30.0.163,224.0.0.252,5355,5355,N/A,N/A,N/A,N/A,,,1
1759293160,eth0,68,Ethernet,IPv4,UDP,N/A,v4,172.30.0.163,224.0.0.252,5355,5355,N/A,N/A,N/A,N/A,,,1
1759293160,eth0,357,Ethernet,IPv4,UDP,N/A,v4,0.0.0.0,255.255.255.255,68,67,N/A,N/A,N/A,N/A,,,1
1759293160,any,359,N/A,IPv4,UDP,N/A,v4,0.0.0.0,255.255.255.255,68,67,N/A,N/A,N/A,N/A,,,1
1759293160,eth0,369,Ethernet,IPv4,UDP,N/A,v4,0.0.0.0,255.255.255.255,68,67,N/A,N/A,N/A,N/A,,,1
1759293160,any,371,N/A,IPv4,UDP,N/A,v4,0.0.0.0,255.255.255.255,68,67,N/A,N/A,N/A,N/A,,,1
1759293160,any,112,N/A,IPv6,ICMP,N/A,v6,fe80::780a:a9ff:fee6:89,ff02::179,N/A,N/A,N/A,N/A,N/A,N/A,,,1
1759293160,eth1,110,Ethernet,IPv6,ICMP,N/A,v6,fe80::780a:a9ff:fee6:89,ff02::179,N/A,N/A,N/A,N/A,N/A,N/A,,,1
1759293160,any,112,N/A,IPv6,ICMP,N/A,v6,fe80::b0b5:44ff:feea:219,ff02::179,N/A,N/A,N/A,N/A,N/A,N/A,,,1
1759293160,eth0,110,Ethernet,IPv6,ICMP,N/A,v6,fe80::b0b5:44ff:feea:219,ff02::179,N/A,N/A,N/A,N/A,N/A,N/A,,,1
1759293160,eth0,54,Ethernet,IPv4,N/A,N/A,v4,172.30.0.163,224.0.0.22,N/A,N/A,N/A,N/A,N/A,N/A,,,1
1759293160,any,56,N/A,IPv4,N/A,N/A,v4,172.30.0.163,224.0.0.22,N/A,N/A,N/A,N/A,N/A,N/A,,,1
1759293160,eth0,54,Ethernet,IPv4,N/A,N/A,v4,172.30.0.163,224.0.0.22,N/A,N/A,N/A,N/A,N/A,N/A,,,1
1759293160,eth0,90,Ethernet,IPv6,ICMP,N/A,v6,fe80::24f1:23ff:fe29:66,ff02::179,N/A,N/A,N/A,N/A,N/A,N/A,,,1
1759293160,eth0,54,Ethernet,IPv4,N/A,N/A,v4,172.30.0.23,224.0.0.22,N/A,N/A,N/A,N/A,N/A,N/A,,,1
1759293160,any,92,N/A,IPv6,ICMP,N/A,v6,fe80::24f1:23ff:fe29:66,ff02::179,N/A,N/A,N/A,N/A,N/A,N/A,,,1
1759293160,any,44,ARP,N/A,N/A,N/A,N/A,N/A,N/A,N/A,N/A,1,2048,172.30.0.163,172.30.0.122,,,1
1759293160,eth0,42,Ethernet,N/A,N/A,N/A,N/A,N/A,N/A,N/A,N/A,N/A,N/A,N/A,N/A,,,1
1759293160,eth0,87,Ethernet,IPv6,UDP,N/A,v6,fe80::24f1:23ff:fe29:66,ff02::1:52,5355,5355,N/A,N/A,N/A,N/A,,,1
1759293160,any,89,N/A,IPv6,UDP,N/A,v6,fe80::24f1:23ff:fe29:66,ff02::1:52,5355,5355,N/A,N/A,N/A,N/A,,,1
1759293160,any,358,N/A,IPv4,UDP,N/A,v4,0.0.0.0,255.255.255.255,68,67,N/A,N/A,N/A,N/A,,,1
1759293160,eth0,356,Ethernet,IPv4,UDP,N/A,v4,0.0.0.0,255.255.255.255,68,67,N/A,N/A,N/A,N/A,,,1
1759293160,eth0,368,Ethernet,IPv4,UDP,N/A,v4,0.0.0.0,255.255.255.255,68,67,N/A,N/A,N/A,N/A,,,1
1759293160,any,370,N/A,IPv4,UDP,N/A,v4,0.0.0.0,255.255.255.255,68,67,N/A,N/A,N/A,N/A,,,1
1759293160,any,112,N/A,IPv6,ICMP,N/A,v6,fe80::7827:e3ff:fe68:239,ff02::179,N/A,N/A,N/A,N/A,N/A,N/A,,,1
1759293160,eth1,110,Ethernet,IPv6,ICMP,N/A,v6,fe80::7827:e3ff:fe68:239,ff02::179,N/A,N/A,N/A,N/A,N/A,N/A,,,1
1759293160,eth0,110,Ethernet,IPv6,ICMP,N/A,v6,fe80::24f1:23ff:fe29:66,ff02::179,N/A,N/A,N/A,N/A,N/A,N/A,,,1
1759293160,eth0,54,Ethernet,IPv4,N/A,N/A,v4,172.30.0.23,224.0.0.22,N/A,N/A,N/A,N/A,N/A,N/A,,,1
1759293160,eth0,42,Ethernet,N/A,N/A,N/A,N/A,N/A,N/A,N/A,N/A,N/A,N/A,N/A,N/A,,,1
1759293160,any,112,N/A,IPv6,ICMP,N/A,v6,fe80::24f1:23ff:fe29:66,ff02::179,N/A,N/A,N/A,N/A,N/A,N/A,,,1
1759293160,any,112,N/A,IPv6,ICMP,N/A,v6,fe80::780a:a9ff:fee6:89,ff02::179,N/A,N/A,N/A,N/A,N/A,N/A,,,1
1759293160,eth0,107,Ethernet,N/A,N/A,N/A,N/A,N/A,N/A,N/A,N/A,N/A,N/A,N/A,N/A,,,0
1759293160,any,109,N/A,N/A,N/A,N/A,N/A,N/A,N/A,N/A,N/A,N/A,N/A,N/A,N/A,,,0
1759293160,eth1,110,Ethernet,IPv6,ICMP,N/A,v6,fe80::780a:a9ff:fee6:89,ff02::179,N/A,N/A,N/A,N/A,N/A,N/A,,,1
1759293161,eth0,107,Ethernet,N/A,N/A,N/A,N/A,N/A,N/A,N/A,N/A,N/A,N/A,N/A,N/A,,,0
1759293161,any,109,N/A,N/A,N/A,N/A,N/A,N/A,N/A,N/A,N/A,N/A,N/A,N/A,N/A,,,0
1759293161,any,112,N/A,IPv6,ICMP,N/A,v6,fe80::24f1:23ff:fe29:66,ff02::179,N/A,N/A,N/A,N/A,N/A,N/A,,,1
1759293161,eth0,110,Ethernet,IPv6,ICMP,N/A,v6,fe80::24f1:23ff:fe29:66,ff02::179,N/A,N/A,N/A,N/A,N/A,N/A,,,1
1759293161,eth0,111,Ethernet,N/A,N/A,N/A,N/A,N/A,N/A,N/A,N/A,N/A,N/A,N/A,N/A,,,1
1759293161,any,113,N/A,N/A,N/A,N/A,N/A,N/A,N/A,N/A,N/A,N/A,N/A,N/A,N/A,,,1
1759293161,any,72,N/A,IPv6,ICMP,N/A,v6,fe80::780a:a9ff:fee6:89,ff02::204,N/A,N/A,N/A,N/A,N/A,N/A,,,1
1759293161,eth1,70,Ethernet,IPv6,ICMP,N/A,v6,fe80::780a:a9ff:fee6:89,ff02::204,N/A,N/A,N/A,N/A,N/A,N/A,,,1
1759293161,eth0,70,Ethernet,IPv6,ICMP,N/A,v6,fe80::b0b5:44ff:feea:219,ff02::204,N/A,N/A,N/A,N/A,N/A,N/A,,,1
1759293161,eth0,54,Ethernet,IPv4,N/A,N/A,v4,172.30.0.23,224.0.0.22,N/A,N/A,N/A,N/A,N/A,N/A,,,1
1759293161,any,56,N/A,IPv4,N/A,N/A,v4,172.30.0.23,224.0.0.22,N/A,N/A,N/A,N/A,N/A,N/A,,,1
1759293161,eth0,110,Ethernet,IPv6,ICMP,N/A,v6,fe80::b0b5:44ff:feea:219,ff02::179,N/A,N/A,N/A,N/A,N/A,N/A,,,1
1759293161,any,112,N/A,IPv6,ICMP,N/A,v6,fe80::b0b5:44ff:feea:219,ff02::179,N/A,N/A,N/A,N/A,N/A,N/A,,,1
1759293161,any,112,N/A,IPv6,ICMP,N/A,v6,fe80::7827:e3ff:fe68:239,ff02::179,N/A,N/A,N/A,N/A,N/A,N/A,,,1
1759293161,eth1,110,Ethernet,IPv6,ICMP,N/A,v6,fe80::7827:e3ff:fe68:239,ff02::179,N/A,N/A,N/A,N/A,N/A,N/A,,,1
1759293162,eth0,107,Ethernet,N/A,N/A,N/A,N/A,N/A,N/A,N/A,N/A,N/A,N/A,N/A,N/A,,,0
1759293162,any,109,N/A,N/A,N/A,N/A,N/A,N/A,N/A,N/A,N/A,N/A,N/A,N/A,N/A,,,0
1759293162,eth0,90,Ethernet,IPv6,ICMP,N/A,v6,fe80::5ca9:83ff:fe87:27,ff02::179,N/A,N/A,N/A,N/A,N/A,N/A,,,0
1759293162,eth0,54,Ethernet,IPv4,N/A,N/A,v4,172.30.0.220,224.0.0.22,N/A,N/A,N/A,N/A,N/A,N/A,,,0
1759293162,any,92,N/A,IPv6,ICMP,N/A,v6,fe80::5ca9:83ff:fe87:27,ff02::179,N/A,N/A,N/A,N/A,N/A,N/A,,,0
1759293162,eth0,356,Ethernet,IPv4,UDP,N/A,v4,0.0.0.0,255.255.255.255,68,67,N/A,N/A,N/A,N/A,,,0
1759293162,any,358,N/A,IPv4,UDP,N/A,v4,0.0.0.0,255.255.255.255,68,67,N/A,N/A,N/A,N/A,,,0
1759293162,eth0,368,Ethernet,IPv4,UDP,N/A,v4,0.0.0.0,255.255.255.255,68,67,N/A,N/A,N/A,N/A,,,0
1759293162,any,370,N/A,IPv4,UDP,N/A,v4,0.0.0.0,255.255.255.255,68,67,N/A,N/A,N/A,N/A,,,0
1759293162,eth1,110,Ethernet,IPv6,ICMP,N/A,v6,fe80::a824:52ff:fe4f:69,ff02::179,N/A,N/A,N/A,N/A,N/A,N/A,,,0
1759293162,any,112,N/A,IPv6,ICMP,N/A,v6,fe80::a824:52ff:fe4f:69,ff02::179,N/A,N/A,N/A,N/A,N/A,N/A,,,0
1759293162,eth0,110,Ethernet,IPv6,ICMP,N/A,v6,fe80::5ca9:83ff:fe87:27,ff02::179,N/A,N/A,N/A,N/A,N/A,N/A,,,0
1759293162,eth0,54,Ethernet,IPv4,N/A,N/A,v4,172.30.0.220,224.0.0.22,N/A,N/A,N/A,N/A,N/A,N/A,,,0
1759293162,any,112,N/A,IPv6,ICMP,N/A,v6,fe80::5ca9:83ff:fe87:27,ff02::179,N/A,N/A,N/A,N/A,N/A,N/A,,,0
1759293162,eth0,42,Ethernet,N/A,N/A,N/A,N/A,N/A,N/A,N/A,N/A,N/A,N/A,N/A,N/A,,,0
1759293162,eth0,56,Ethernet,N/A,N/A,N/A,N/A,N/A,N/A,N/A,N/A,N/A,N/A,N/A,N/A,,,0
1759293162,eth0,56,Ethernet,N/A,N/A,N/A,N/A,N/A,N/A,N/A,N/A,N/A,N/A,N/A,N/A,,,0
1759293162,any,44,ARP,N/A,N/A,N/A,N/A,N/A,N/A,N/A,N/A,1,2048,172.30.0.220,172.30.0.122,,,0
1759293162,any,58,ARP,N/A,N/A,N/A,N/A,N/A,N/A,N/A,N/A,2,2048,172.30.0.122,172.30.0.220,,,0
1759293162,eth0,110,Ethernet,IPv6,ICMP,N/A,v6,fe80::5ca9:83ff:fe87:27,ff02::179,N/A,N/A,N/A,N/A,N/A,N/A,,,0
1759293162,eth0,70,Ethernet,IPv6,ICMP,N/A,v6,fe80::24f1:23ff:fe29:66,ff02::204,N/A,N/A,N/A,N/A,N/A,N/A,,,1
1759293162,eth1,70,Ethernet,IPv6,ICMP,N/A,v6,fe80::7827:e3ff:fe68:239,ff02::204,N/A,N/A,N/A,N/A,N/A,N/A,,,1
1759293162,any,72,N/A,IPv6,ICMP,N/A,v6,fe80::7827:e3ff:fe68:239,ff02::204,N/A,N/A,N/A,N/A,N/A,N/A,,,1
1759293162,eth0,111,Ethernet,N/A,N/A,N/A,N/A,N/A,N/A,N/A,N/A,N/A,N/A,N/A,N/A,,,1
1759293162,any,113,N/A,N/A,N/A,N/A,N/A,N/A,N/A,N/A,N/A,N/A,N/A,N/A,N/A,,,1
1759293162,any,72,N/A,IPv6,ICMP,N/A,v6,fe80::e48e:99ff:fe5f:147,ff02::204,N/A,N/A,N/A,N/A,N/A,N/A,,,1
1759293162,eth0,70,Ethernet,IPv6,ICMP,N/A,v6,fe80::e48e:99ff:fe5f:147,ff02::204,N/A,N/A,N/A,N/A,N/A,N/A,,,1
1759293162,any,72,N/A,IPv6,ICMP,N/A,v6,fe80::dcac:f9ff:fe59:60,ff02::204,N/A,N/A,N/A,N/A,N/A,N/A,,,1
1759293162,eth2,70,Ethernet,IPv6,ICMP,N/A,v6,fe80::dcac:f9ff:fe59:60,ff02::204,N/A,N/A,N/A,N/A,N/A,N/A,,,1
1759293162,eth0,90,Ethernet,IPv6,ICMP,N/A,v6,fe80::e48e:99ff:fe5f:147,ff02::179,N/A,N/A,N/A,N/A,N/A,N/A,,,1
1759293162,eth0,54,Ethernet,IPv4,N/A,N/A,v4,172.30.0.220,224.0.0.22,N/A,N/A,N/A,N/A,N/A,N/A,,,1
1759293162,any,92,N/A,IPv6,ICMP,N/A,v6,fe80::e48e:99ff:fe5f:147,ff02::179,N/A,N/A,N/A,N/A,N/A,N/A,,,1
1759293162,eth0,71,Ethernet,IPv4,UDP,N/A,v4,172.30.0.220,224.0.0.252,5355,5355,N/A,N/A,N/A,N/A,,,1
1759293162,eth0,91,Ethernet,IPv6,UDP,N/A,v6,fe80::e48e:99ff:fe5f:147,ff02::1:52,5355,5355,N/A,N/A,N/A,N/A,,,1
1759293162,any,73,N/A,IPv4,UDP,N/A,v4,172.30.0.220,224.0.0.252,5355,5355,N/A,N/A,N/A,N/A,,,1
1759293162,eth0,360,Ethernet,IPv4,UDP,N/A,v4,0.0.0.0,255.255.255.255,68,67,N/A,N/A,N/A,N/A,,,1
1759293162,any,362,N/A,IPv4,UDP,N/A,v4,0.0.0.0,255.255.255.255,68,67,N/A,N/A,N/A,N/A,,,1
1759293162,eth0,372,Ethernet,IPv4,UDP,N/A,v4,0.0.0.0,255.255.255.255,68,67,N/A,N/A,N/A,N/A,,,1
1759293162,any,374,N/A,IPv4,UDP,N/A,v4,0.0.0.0,255.255.255.255,68,67,N/A,N/A,N/A,N/A,,,1
1759293162,any,112,N/A,IPv6,ICMP,N/A,v6,fe80::dcac:f9ff:fe59:60,ff02::179,N/A,N/A,N/A,N/A,N/A,N/A,,,1
1759293162,eth2,110,Ethernet,IPv6,ICMP,N/A,v6,fe80::dcac:f9ff:fe59:60,ff02::179,N/A,N/A,N/A,N/A,N/A,N/A,,,1
1759293162,eth1,110,Ethernet,IPv6,ICMP,N/A,v6,fe80::f056:abff:fe65:143,ff02::179,N/A,N/A,N/A,N/A,N/A,N/A,,,1
1759293162,any,112,N/A,IPv6,ICMP,N/A,v6,fe80::f056:abff:fe65:143,ff02::179,N/A,N/A,N/A,N/A,N/A,N/A,,,1
1759293162,eth0,110,Ethernet,IPv6,ICMP,N/A,v6,fe80::e48e:99ff:fe5f:147,ff02::179,N/A,N/A,N/A,N/A,N/A,N/A,,,1
1759293162,eth0,54,Ethernet,IPv4,N/A,N/A,v4,172.30.0.220,224.0.0.22,N/A,N/A,N/A,N/A,N/A,N/A,,,1
1759293162,any,112,N/A,IPv6,ICMP,N/A,v6,fe80::e48e:99ff:fe5f:147,ff02::179,N/A,N/A,N/A,N/A,N/A,N/A,,,1
1759293162,eth0,42,Ethernet,N/A,N/A,N/A,N/A,N/A,N/A,N/A,N/A,N/A,N/A,N/A,N/A,,,1
1759293162,eth0,56,Ethernet,N/A,N/A,N/A,N/A,N/A,N/A,N/A,N/A,N/A,N/A,N/A,N/A,,,1
1759293162,eth0,56,Ethernet,N/A,N/A,N/A,N/A,N/A,N/A,N/A,N/A,N/A,N/A,N/A,N/A,,,1
1759293162,any,44,ARP,N/A,N/A,N/A,N/A,N/A,N/A,N/A,N/A,1,2048,172.30.0.220,172.30.0.122,,,1
1759293162,any,58,ARP,N/A,N/A,N/A,N/A,N/A,N/A,N/A,N/A,2,2048,172.30.0.122,172.30.0.220,,,1
1759293162,any,112,N/A,IPv6,ICMP,N/A,v6,fe80::dcac:f9ff:fe59:60,ff02::179,N/A,N/A,N/A,N/A,N/A,N/A,,,1
1759293162,eth2,110,Ethernet,IPv6,ICMP,N/A,v6,fe80::dcac:f9ff:fe59:60,ff02::179,N/A,N/A,N/A,N/A,N/A,N/A,,,1
1759293162,any,112,N/A,IPv6,ICMP,N/A,v6,fe80::5ca9:83ff:fe87:27,ff02::179,N/A,N/A,N/A,N/A,N/A,N/A,,,0
1759293163,any,92,N/A,IPv6,ICMP,N/A,v6,fe80::ecf9:eff:fefb:55,ff02::179,N/A,N/A,N/A,N/A,N/A,N/A,,,1
1759293163,eth0,90,Ethernet,IPv6,ICMP,N/A,v6,fe80::ecf9:eff:fefb:55,ff02::179,N/A,N/A,N/A,N/A,N/A,N/A,,,1
1759293163,eth0,56,Ethernet,IPv4,N/A,N/A,v4,172.30.0.89,224.0.0.22,N/A,N/A,N/A,N/A,N/A,N/A,,,1
1759293163,any,89,N/A,IPv6,UDP,N/A,v6,fe80::ecf9:eff:fefb:55,ff02::1:52,5355,5355,N/A,N/A,N/A,N/A,,,1
1759293163,eth0,87,Ethernet,IPv6,UDP,N/A,v6,fe80::ecf9:eff:fefb:55,ff02::1:52,5355,5355,N/A,N/A,N/A,N/A,,,1
1759293163,eth0,67,Ethernet,IPv4,UDP,N/A,v4,172.30.0.89,224.0.0.252,5355,5355,N/A,N/A,N/A,N/A,,,1
1759293163,eth0,356,Ethernet,IPv4,UDP,N/A,v4,0.0.0.0,255.255.255.255,68,67,N/A,N/A,N/A,N/A,,,1
1759293163,any,358,N/A,IPv4,UDP,N/A,v4,0.0.0.0,255.255.255.255,68,67,N/A,N/A,N/A,N/A,,,1
1759293163,eth1,110,Ethernet,IPv6,ICMP,N/A,v6,fe80::103b:bdff:fef0:169,ff02::179,N/A,N/A,N/A,N/A,N/A,N/A,,,1
1759293163,eth0,110,Ethernet,IPv6,ICMP,N/A,v6,fe80::ecf9:eff:fefb:55,ff02::179,N/A,N/A,N/A,N/A,N/A,N/A,,,1
1759293163,any,112,N/A,IPv6,ICMP,N/A,v6,fe80::103b:bdff:fef0:169,ff02::179,N/A,N/A,N/A,N/A,N/A,N/A,,,1
1759293163,any,370,N/A,IPv4,UDP,N/A,v4,0.0.0.0,255.255.255.255,68,67,N/A,N/A,N/A,N/A,,,1
1759293163,eth0,368,Ethernet,IPv4,UDP,N/A,v4,0.0.0.0,255.255.255.255,68,67,N/A,N/A,N/A,N/A,,,1
1759293163,any,112,N/A,IPv6,ICMP,N/A,v6,fe80::ecf9:eff:fefb:55,ff02::179,N/A,N/A,N/A,N/A,N/A,N/A,,,1
1759293163,any,58,N/A,IPv4,N/A,N/A,v4,172.30.0.89,224.0.0.22,N/A,N/A,N/A,N/A,N/A,N/A,,,1
1759293163,eth0,110,Ethernet,IPv6,ICMP,N/A,v6,fe80::ecf9:eff:fefb:55,ff02::179,N/A,N/A,N/A,N/A,N/A,N/A,,,1
1759293163,eth0,56,Ethernet,IPv4,N/A,N/A,v4,172.30.0.89,224.0.0.22,N/A,N/A,N/A,N/A,N/A,N/A,,,1
1759293163,eth0,56,Ethernet,N/A,N/A,N/A,N/A,N/A,N/A,N/A,N/A,N/A,N/A,N/A,N/A,,,1
1759293163,any,58,ARP,N/A,N/A,N/A,N/A,N/A,N/A,N/A,N/A,1,2048,172.30.0.89,172.30.0.122,,,1
1759293163,any,358,N/A,IPv4,UDP,N/A,v4,0.0.0.0,255.255.255.255,68,67,N/A,N/A,N/A,N/A,,,1
1759293163,eth0,356,Ethernet,IPv4,UDP,N/A,v4,0.0.0.0,255.255.255.255,68,67,N/A,N/A,N/A,N/A,,,1
1759293163,eth0,368,Ethernet,IPv4,UDP,N/A,v4,0.0.0.0,255.255.255.255,68,67,N/A,N/A,N/A,N/A,,,1
1759293163,any,370,N/A,IPv4,UDP,N/A,v4,0.0.0.0,255.255.255.255,68,67,N/A,N/A,N/A,N/A,,,1
1759293163,any,112,N/A,IPv6,ICMP,N/A,v6,fe80::103b:bdff:fef0:169,ff02::179,N/A,N/A,N/A,N/A,N/A,N/A,,,1
1759293163,eth1,110,Ethernet,IPv6,ICMP,N/A,v6,fe80::103b:bdff:fef0:169,ff02::179,N/A,N/A,N/A,N/A,N/A,N/A,,,1
1759293163,eth0,110,Ethernet,IPv6,ICMP,N/A,v6,fe80::ecf9:eff:fefb:55,ff02::179,N/A,N/A,N/A,N/A,N/A,N/A,,,1
1759293163,any,56,N/A,IPv4,N/A,N/A,v4,172.30.0.220,224.0.0.22,N/A,N/A,N/A,N/A,N/A,N/A,,,1
1759293163,eth0,54,Ethernet,IPv4,N/A,N/A,v4,172.30.0.220,224.0.0.22,N/A,N/A,N/A,N/A,N/A,N/A,,,1
1759293163,eth0,110,Ethernet,IPv6,ICMP,N/A,v6,fe80::e48e:99ff:fe5f:147,ff02::179,N/A,N/A,N/A,N/A,N/A,N/A,,,1
1759293163,any,112,N/A,IPv6,ICMP,N/A,v6,fe80::e48e:99ff:fe5f:147,ff02::179,N/A,N/A,N/A,N/A,N/A,N/A,,,1
1759293163,eth1,70,Ethernet,IPv6,ICMP,N/A,v6,fe80::f056:abff:fe65:143,ff02::204,N/A,N/A,N/A,N/A,N/A,N/A,,,1
1759293163,any,72,N/A,IPv6,ICMP,N/A,v6,fe80::dcac:f9ff:fe59:60,ff02::204,N/A,N/A,N/A,N/A,N/A,N/A,,,1
1759293163,eth2,70,Ethernet,IPv6,ICMP,N/A,v6,fe80::dcac:f9ff:fe59:60,ff02::204,N/A,N/A,N/A,N/A,N/A,N/A,,,1
1759293163,eth0,111,Ethernet,N/A,N/A,N/A,N/A,N/A,N/A,N/A,N/A,N/A,N/A,N/A,N/A,,,1
1759293163,eth0,70,Ethernet,IPv6,ICMP,N/A,v6,fe80::e48e:99ff:fe5f:147,ff02::204,N/A,N/A,N/A,N/A,N/A,N/A,,,1
1759293163,eth0,56,Ethernet,N/A,N/A,N/A,N/A,N/A,N/A,N/A,N/A,N/A,N/A,N/A,N/A,,,1
1759293163,any,58,ARP,N/A,N/A,N/A,N/A,N/A,N/A,N/A,N/A,1,2048,172.30.0.89,172.30.0.122,,,1
1759293163,eth1,110,Ethernet,IPv6,ICMP,N/A,v6,fe80::f056:abff:fe65:143,ff02::179,N/A,N/A,N/A,N/A,N/A,N/A,,,1
1759293163,any,112,N/A,IPv6,ICMP,N/A,v6,fe80::f056:abff:fe65:143,ff02::179,N/A,N/A,N/A,N/A,N/A,N/A,,,1
1759293163,any,58,N/A,IPv4,N/A,N/A,v4,172.30.0.89,224.0.0.22,N/A,N/A,N/A,N/A,N/A,N/A,,,1
1759293163,eth0,56,Ethernet,IPv4,N/A,N/A,v4,172.30.0.89,224.0.0.22,N/A,N/A,N/A,N/A,N/A,N/A,,,1
1759293163,any,56,N/A,IPv4,N/A,N/A,v4,172.30.0.220,224.0.0.22,N/A,N/A,N/A,N/A,N/A,N/A,,,0
1759293163,eth0,54,Ethernet,IPv4,N/A,N/A,v4,172.30.0.220,224.0.0.22,N/A,N/A,N/A,N/A,N/A,N/A,,,0
1759293163,any,112,N/A,IPv6,ICMP,N/A,v6,fe80::a824:52ff:fe4f:69,ff02::179,N/A,N/A,N/A,N/A,N/A,N/A,,,0
1759293163,eth1,110,Ethernet,IPv6,ICMP,N/A,v6,fe80::a824:52ff:fe4f:69,ff02::179,N/A,N/A,N/A,N/A,N/A,N/A,,,0
1759293163,eth0,70,Ethernet,IPv6,ICMP,N/A,v6,fe80::5ca9:83ff:fe87:27,ff02::204,N/A,N/A,N/A,N/A,N/A,N/A,,,0
1759293163,any,72,N/A,IPv6,ICMP,N/A,v6,fe80::a824:52ff:fe4f:69,ff02::204,N/A,N/A,N/A,N/A,N/A,N/A,,,0
1759293163,eth1,70,Ethernet,IPv6,ICMP,N/A,v6,fe80::a824:52ff:fe4f:69,ff02::204,N/A,N/A,N/A,N/A,N/A,N/A,,,0
1759293163,any,109,N/A,N/A,N/A,N/A,N/A,N/A,N/A,N/A,N/A,N/A,N/A,N/A,N/A,,,0
1759293163,eth0,107,Ethernet,N/A,N/A,N/A,N/A,N/A,N/A,N/A,N/A,N/A,N/A,N/A,N/A,,,0
1759293164,any,92,N/A,IPv6,ICMP,N/A,v6,fe80::ecf9:eff:fefb:55,ff02::179,N/A,N/A,N/A,N/A,N/A,N/A,,,1
1759293164,eth0,90,Ethernet,IPv6,ICMP,N/A,v6,fe80::ecf9:eff:fefb:55,ff02::179,N/A,N/A,N/A,N/A,N/A,N/A,,,1
1759293164,eth0,70,Ethernet,IPv6,ICMP,N/A,v6,fe80::ecf9:eff:fefb:55,ff02::204,N/A,N/A,N/A,N/A,N/A,N/A,,,1
1759293164,any,72,N/A,IPv6,ICMP,N/A,v6,fe80::ecf9:eff:fefb:55,ff02::204,N/A,N/A,N/A,N/A,N/A,N/A,,,1
1759293164,eth1,70,Ethernet,IPv6,ICMP,N/A,v6,fe80::103b:bdff:fef0:169,ff02::204,N/A,N/A,N/A,N/A,N/A,N/A,,,1
1759293164,any,112,N/A,IPv6,ICMP,N/A,v6,fe80::103b:bdff:fef0:169,ff02::179,N/A,N/A,N/A,N/A,N/A,N/A,,,1
1759293164,eth1,110,Ethernet,IPv6,ICMP,N/A,v6,fe80::103b:bdff:fef0:169,ff02::179,N/A,N/A,N/A,N/A,N/A,N/A,,,1
1759293164,any,113,N/A,N/A,N/A,N/A,N/A,N/A,N/A,N/A,N/A,N/A,N/A,N/A,N/A,,,1
1759293164,eth0,111,Ethernet,N/A,N/A,N/A,N/A,N/A,N/A,N/A,N/A,N/A,N/A,N/A,N/A,,,1
1759293164,any,109,N/A,N/A,N/A,N/A,N/A,N/A,N/A,N/A,N/A,N/A,N/A,N/A,N/A,,,0
1759293164,eth0,107,Ethernet,N/A,N/A,N/A,N/A,N/A,N/A,N/A,N/A,N/A,N/A,N/A,N/A,,,0
1759293165,any,72,N/A,IPv6,ICMP,N/A,v6,fe80::780a:a9ff:fee6:89,ff02::204,N/A,N/A,N/A,N/A,N/A,N/A,,,1
1759293165,eth1,70,Ethernet,IPv6,ICMP,N/A,v6,fe80::780a:a9ff:fee6:89,ff02::204,N/A,N/A,N/A,N/A,N/A,N/A,,,1
1759293165,any,72,N/A,IPv6,ICMP,N/A,v6,fe80::b0b5:44ff:feea:219,ff02::204,N/A,N/A,N/A,N/A,N/A,N/A,,,1
1759293165,eth0,70,Ethernet,IPv6,ICMP,N/A,v6,fe80::b0b5:44ff:feea:219,ff02::204,N/A,N/A,N/A,N/A,N/A,N/A,,,1
1759293165,eth0,90,Ethernet,IPv6,ICMP,N/A,v6,fe80::b0b5:44ff:feea:219,ff02::179,N/A,N/A,N/A,N/A,N/A,N/A,,,1
1759293165,eth0,54,Ethernet,IPv4,N/A,N/A,v4,172.30.0.163,224.0.0.22,N/A,N/A,N/A,N/A,N/A,N/A,,,1
1759293165,any,92,N/A,IPv6,ICMP,N/A,v6,fe80::b0b5:44ff:feea:219,ff02::179,N/A,N/A,N/A,N/A,N/A,N/A,,,1
1759293165,any,56,N/A,IPv4,N/A,N/A,v4,172.30.0.163,224.0.0.22,N/A,N/A,N/A,N/A,N/A,N/A,,,1
1759293165,any,90,N/A,IPv6,UDP,N/A,v6,fe80::b0b5:44ff:feea:219,ff02::1:52,5355,5355,N/A,N/A,N/A,N/A,,,1
1759293165,eth0,88,Ethernet,IPv6,UDP,N/A,v6,fe80::b0b5:44ff:feea:219,ff02::1:52,5355,5355,N/A,N/A,N/A,N/A,,,1
1759293165,eth0,68,Ethernet,IPv4,UDP,N/A,v4,172.30.0.163,224.0.0.252,5355,5355,N/A,N/A,N/A,N/A,,,1
1759293165,eth0,111,Ethernet,N/A,N/A,N/A,N/A,N/A,N/A,N/A,N/A,N/A,N/A,N/A,N/A,,,1
1759293165,any,113,N/A,N/A,N/A,N/A,N/A,N/A,N/A,N/A,N/A,N/A,N/A,N/A,N/A,,,1
1759293165,any,359,N/A,IPv4,UDP,N/A,v4,0.0.0.0,255.255.255.255,68,67,N/A,N/A,N/A,N/A,,,1
1759293165,eth0,357,Ethernet,IPv4,UDP,N/A,v4,0.0.0.0,255.255.255.255,68,67,N/A,N/A,N/A,N/A,,,1
1759293165,any,112,N/A,IPv6,ICMP,N/A,v6,fe80::780a:a9ff:fee6:89,ff02::179,N/A,N/A,N/A,N/A,N/A,N/A,,,1
1759293165,eth1,110,Ethernet,IPv6,ICMP,N/A,v6,fe80::780a:a9ff:fee6:89,ff02::179,N/A,N/A,N/A,N/A,N/A,N/A,,,1
1759293165,any,371,N/A,IPv4,UDP,N/A,v4,0.0.0.0,255.255.255.255,68,67,N/A,N/A,N/A,N/A,,,1
1759293165,eth0,369,Ethernet,IPv4,UDP,N/A,v4,0.0.0.0,255.255.255.255,68,67,N/A,N/A,N/A,N/A,,,1
1759293165,eth0,110,Ethernet,IPv6,ICMP,N/A,v6,fe80::b0b5:44ff:feea:219,ff02::179,N/A,N/A,N/A,N/A,N/A,N/A,,,1
1759293165,any,112,N/A,IPv6,ICMP,N/A,v6,fe80::b0b5:44ff:feea:219,ff02::179,N/A,N/A,N/A,N/A,N/A,N/A,,,1
1759293165,any,44,ARP,N/A,N/A,N/A,N/A,N/A,N/A,N/A,N/A,1,2048,172.30.0.163,172.30.0.122,,,1
1759293165,eth0,42,Ethernet,N/A,N/A,N/A,N/A,N/A,N/A,N/A,N/A,N/A,N/A,N/A,N/A,,,1
1759293165,eth0,110,Ethernet,IPv6,ICMP,N/A,v6,fe80::b0b5:44ff:feea:219,ff02::179,N/A,N/A,N/A,N/A,N/A,N/A,,,1
1759293165,eth0,54,Ethernet,IPv4,N/A,N/A,v4,172.30.0.163,224.0.0.22,N/A,N/A,N/A,N/A,N/A,N/A,,,1
1759293165,any,112,N/A,IPv6,ICMP,N/A,v6,fe80::b0b5:44ff:feea:219,ff02::179,N/A,N/A,N/A,N/A,N/A,N/A,,,1
1759293165,any,72,N/A,IPv6,ICMP,N/A,v6,fe80::24f1:23ff:fe29:66,ff02::204,N/A,N/A,N/A,N/A,N/A,N/A,,,1
1759293165,eth0,70,Ethernet,IPv6,ICMP,N/A,v6,fe80::24f1:23ff:fe29:66,ff02::204,N/A,N/A,N/A,N/A,N/A,N/A,,,1
1759293165,eth0,107,Ethernet,N/A,N/A,N/A,N/A,N/A,N/A,N/A,N/A,N/A,N/A,N/A,N/A,,,0
1759293165,any,109,N/A,N/A,N/A,N/A,N/A,N/A,N/A,N/A,N/A,N/A,N/A,N/A,N/A,,,0
1759293165,any,92,N/A,IPv6,ICMP,N/A,v6,fe80::24f1:23ff:fe29:66,ff02::179,N/A,N/A,N/A,N/A,N/A,N/A,,,1
1759293165,eth0,90,Ethernet,IPv6,ICMP,N/A,v6,fe80::24f1:23ff:fe29:66,ff02::179,N/A,N/A,N/A,N/A,N/A,N/A,,,1
1759293165,eth0,54,Ethernet,IPv4,N/A,N/A,v4,172.30.0.23,224.0.0.22,N/A,N/A,N/A,N/A,N/A,N/A,,,1
1759293166,eth0,90,Ethernet,IPv6,ICMP,N/A,v6,fe80::5ca9:83ff:fe87:27,ff02::179,N/A,N/A,N/A,N/A,N/A,N/A,,,0
1759293166,eth0,54,Ethernet,IPv4,N/A,N/A,v4,172.30.0.220,224.0.0.22,N/A,N/A,N/A,N/A,N/A,N/A,,,0
1759293166,any,92,N/A,IPv6,ICMP,N/A,v6,fe80::5ca9:83ff:fe87:27,ff02::179,N/A,N/A,N/A,N/A,N/A,N/A,,,0
1759293166,eth0,87,Ethernet,IPv6,UDP,N/A,v6,fe80::5ca9:83ff:fe87:27,ff02::1:52,5355,5355,N/A,N/A,N/A,N/A,,,0
1759293166,any,89,N/A,IPv6,UDP,N/A,v6,fe80::5ca9:83ff:fe87:27,ff02::1:52,5355,5355,N/A,N/A,N/A,N/A,,,0
1759293166,eth0,356,Ethernet,IPv4,UDP,N/A,v4,0.0.0.0,255.255.255.255,68,67,N/A,N/A,N/A,N/A,,,0
1759293166,any,358,N/A,IPv4,UDP,N/A,v4,0.0.0.0,255.255.255.255,68,67,N/A,N/A,N/A,N/A,,,0
1759293166,eth0,368,Ethernet,IPv4,UDP,N/A,v4,0.0.0.0,255.255.255.255,68,67,N/A,N/A,N/A,N/A,,,0
1759293166,any,370,N/A,IPv4,UDP,N/A,v4,0.0.0.0,255.255.255.255,68,67,N/A,N/A,N/A,N/A,,,0
1759293166,eth1,110,Ethernet,IPv6,ICMP,N/A,v6,fe80::a824:52ff:fe4f:69,ff02::179,N/A,N/A,N/A,N/A,N/A,N/A,,,0
1759293166,any,112,N/A,IPv6,ICMP,N/A,v6,fe80::a824:52ff:fe4f:69,ff02::179,N/A,N/A,N/A,N/A,N/A,N/A,,,0
1759293166,eth0,67,Ethernet,IPv4,UDP,N/A,v4,172.30.0.23,224.0.0.252,5355,5355,N/A,N/A,N/A,N/A,,,1
1759293166,eth0,87,Ethernet,IPv6,UDP,N/A,v6,fe80::24f1:23ff:fe29:66,ff02::1:52,5355,5355,N/A,N/A,N/A,N/A,,,1
1759293166,any,69,N/A,IPv4,UDP,N/A,v4,172.30.0.23,224.0.0.252,5355,5355,N/A,N/A,N/A,N/A,,,1
1759293166,any,358,N/A,IPv4,UDP,N/A,v4,0.0.0.0,255.255.255.255,68,67,N/A,N/A,N/A,N/A,,,1
1759293166,eth0,356,Ethernet,IPv4,UDP,N/A,v4,0.0.0.0,255.255.255.255,68,67,N/A,N/A,N/A,N/A,,,1
1759293166,eth0,368,Ethernet,IPv4,UDP,N/A,v4,0.0.0.0,255.255.255.255,68,67,N/A,N/A,N/A,N/A,,,1
1759293166,any,370,N/A,IPv4,UDP,N/A,v4,0.0.0.0,255.255.255.255,68,67,N/A,N/A,N/A,N/A,,,1
1759293166,any,112,N/A,IPv6,ICMP,N/A,v6,fe80::7827:e3ff:fe68:239,ff02::179,N/A,N/A,N/A,N/A,N/A,N/A,,,1
1759293166,eth1,110,Ethernet,IPv6,ICMP,N/A,v6,fe80::7827:e3ff:fe68:239,ff02::179,N/A,N/A,N/A,N/A,N/A,N/A,,,1
1759293166,eth0,110,Ethernet,IPv6,ICMP,N/A,v6,fe80::24f1:23ff:fe29:66,ff02::179,N/A,N/A,N/A,N/A,N/A,N/A,,,1
1759293166,eth0,54,Ethernet,IPv4,N/A,N/A,v4,172.30.0.23,224.0.0.22,N/A,N/A,N/A,N/A,N/A,N/A,,,1
1759293166,any,112,N/A,IPv6,ICMP,N/A,v6,fe80::24f1:23ff:fe29:66,ff02::179,N/A,N/A,N/A,N/A,N/A,N/A,,,1
1759293166,any,44,ARP,N/A,N/A,N/A,N/A,N/A,N/A,N/A,N/A,1,2048,172.30.0.23,172.30.0.122,,,1
1759293166,eth0,42,Ethernet,N/A,N/A,N/A,N/A,N/A,N/A,N/A,N/A,N/A,N/A,N/A,N/A,,,1
1759293166,eth0,90,Ethernet,IPv6,ICMP,N/A,v6,fe80::b0b5:44ff:feea:219,ff02::179,N/A,N/A,N/A,N/A,N/A,N/A,,,1
1759293166,any,92,N/A,IPv6,ICMP,N/A,v6,fe80::b0b5:44ff:feea:219,ff02::179,N/A,N/A,N/A,N/A,N/A,N/A,,,1
1759293166,eth0,54,Ethernet,IPv4,N/A,N/A,v4,172.30.0.163,224.0.0.22,N/A,N/A,N/A,N/A,N/A,N/A,,,1
1759293166,any,56,N/A,IPv4,N/A,N/A,v4,172.30.0.163,224.0.0.22,N/A,N/A,N/A,N/A,N/A,N/A,,,1
1759293166,eth1,110,Ethernet,IPv6,ICMP,N/A,v6,fe80::780a:a9ff:fee6:89,ff02::179,N/A,N/A,N/A,N/A,N/A,N/A,,,1
1759293166,any,112,N/A,IPv6,ICMP,N/A,v6,fe80::780a:a9ff:fee6:89,ff02::179,N/A,N/A,N/A,N/A,N/A,N/A,,,1
1759293166,eth1,110,Ethernet,IPv6,ICMP,N/A,v6,fe80::7827:e3ff:fe68:239,ff02::179,N/A,N/A,N/A,N/A,N/A,N/A,,,1
1759293166,any,112,N/A,IPv6,ICMP,N/A,v6,fe80::7827:e3ff:fe68:239,ff02::179,N/A,N/A,N/A,N/A,N/A,N/A,,,1
1759293166,eth0,90,Ethernet,IPv6,ICMP,N/A,v6,fe80::e48e:99ff:fe5f:147,ff02::179,N/A,N/A,N/A,N/A,N/A,N/A,,,1
1759293166,eth0,54,Ethernet,IPv4,N/A,N/A,v4,172.30.0.220,224.0.0.22,N/A,N/A,N/A,N/A,N/A,N/A,,,1
1759293166,any,92,N/A,IPv6,ICMP,N/A,v6,fe80::e48e:99ff:fe5f:147,ff02::179,N/A,N/A,N/A,N/A,N/A,N/A,,,1
1759293166,eth0,360,Ethernet,IPv4,UDP,N/A,v4,0.0.0.0,255.255.255.255,68,67,N/A,N/A,N/A,N/A,,,1
1759293166,any,362,N/A,IPv4,UDP,N/A,v4,0.0.0.0,255.255.255.255,68,67,N/A,N/A,N/A,N/A,,,1
1759293166,eth0,372,Ethernet,IPv4,UDP,N/A,v4,0.0.0.0,255.255.255.255,68,67,N/A,N/A,N/A,N/A,,,1
1759293166,any,374,N/A,IPv4,UDP,N/A,v4,0.0.0.0,255.255.255.255,68,67,N/A,N/A,N/A,N/A,,,1
1759293166,eth2,110,Ethernet,IPv6,ICMP,N/A,v6,fe80::dcac:f9ff:fe59:60,ff02::179,N/A,N/A,N/A,N/A,N/A,N/A,,,1
1759293166,any,112,N/A,IPv6,ICMP,N/A,v6,fe80::f056:abff:fe65:143,ff02::179,N/A,N/A,N/A,N/A,N/A,N/A,,,1
1759293166,eth1,110,Ethernet,IPv6,ICMP,N/A,v6,fe80::f056:abff:fe65:143,ff02::179,N/A,N/A,N/A,N/A,N/A,N/A,,,1
1759293166,eth0,110,Ethernet,IPv6,ICMP,N/A,v6,fe80::e48e:99ff:fe5f:147,ff02::179,N/A,N/A,N/A,N/A,N/A,N/A,,,1
1759293166,eth0,54,Ethernet,IPv4,N/A,N/A,v4,172.30.0.220,224.0.0.22,N/A,N/A,N/A,N/A,N/A,N/A,,,1
1759293166,any,112,N/A,IPv6,ICMP,N/A,v6,fe80::e48e:99ff:fe5f:147,ff02::179,N/A,N/A,N/A,N/A,N/A,N/A,,,1
1759293166,any,56,N/A,IPv4,N/A,N/A,v4,172.30.0.23,224.0.0.22,N/A,N/A,N/A,N/A,N/A,N/A,,,1
1759293166,eth0,54,Ethernet,IPv4,N/A,N/A,v4,172.30.0.23,224.0.0.22,N/A,N/A,N/A,N/A,N/A,N/A,,,1
1759293166,eth0,42,Ethernet,N/A,N/A,N/A,N/A,N/A,N/A,N/A,N/A,N/A,N/A,N/A,N/A,,,1
1759293166,any,44,ARP,N/A,N/A,N/A,N/A,N/A,N/A,N/A,N/A,1,2048,172.30.0.220,172.30.0.122,,,1
1759293166,eth0,56,Ethernet,N/A,N/A,N/A,N/A,N/A,N/A,N/A,N/A,N/A,N/A,N/A,N/A,,,1
1759293166,eth0,56,Ethernet,N/A,N/A,N/A,N/A,N/A,N/A,N/A,N/A,N/A,N/A,N/A,N/A,,,1
1759293166,any,58,ARP,N/A,N/A,N/A,N/A,N/A,N/A,N/A,N/A,2,2048,172.30.0.122,172.30.0.220,,,1
1759293166,eth1,70,Ethernet,IPv6,ICMP,N/A,v6,fe80::780a:a9ff:fee6:89,ff02::204,N/A,N/A,N/A,N/A,N/A,N/A,,,1
1759293166,any,72,N/A,IPv6,ICMP,N/A,v6,fe80::b0b5:44ff:feea:219,ff02::204,N/A,N/A,N/A,N/A,N/A,N/A,,,1
1759293166,eth0,70,Ethernet,IPv6,ICMP,N/A,v6,fe80::b0b5:44ff:feea:219,ff02::204,N/A,N/A,N/A,N/A,N/A,N/A,,,1
1759293166,any,112,N/A,IPv6,ICMP,N/A,v6,fe80::24f1:23ff:fe29:66,ff02::179,N/A,N/A,N/A,N/A,N/A,N/A,,,1
1759293166,eth0,110,Ethernet,IPv6,ICMP,N/A,v6,fe80::24f1:23ff:fe29:66,ff02::179,N/A,N/A,N/A,N/A,N/A,N/A,,,1
1759293166,any,112,N/A,IPv6,ICMP,N/A,v6,fe80::dcac:f9ff:fe59:60,ff02::179,N/A,N/A,N/A,N/A,N/A,N/A,,,1
1759293166,eth2,110,Ethernet,IPv6,ICMP,N/A,v6,fe80::dcac:f9ff:fe59:60,ff02::179,N/A,N/A,N/A,N/A,N/A,N/A,,,1
1759293166,any,44,ARP,N/A,N/A,N/A,N/A,N/A,N/A,N/A,N/A,1,2048,172.30.0.220,172.30.0.122,,,0
1759293166,any,58,ARP,N/A,N/A,N/A,N/A,N/A,N/A,N/A,N/A,2,2048,172.30.0.122,172.30.0.220,,,0
1759293166,any,112,N/A,IPv6,ICMP,N/A,v6,fe80::5ca9:83ff:fe87:27,ff02::179,N/A,N/A,N/A,N/A,N/A,N/A,,,0
1759293166,eth0,42,Ethernet,N/A,N/A,N/A,N/A,N/A,N/A,N/A,N/A,N/A,N/A,N/A,N/A,,,0
1759293166,eth0,56,Ethernet,N/A,N/A,N/A,N/A,N/A,N/A,N/A,N/A,N/A,N/A,N/A,N/A,,,0
1759293166,eth0,56,Ethernet,N/A,N/A,N/A,N/A,N/A,N/A,N/A,N/A,N/A,N/A,N/A,N/A,,,0
1759293166,eth0,110,Ethernet,IPv6,ICMP,N/A,v6,fe80::5ca9:83ff:fe87:27,ff02::179,N/A,N/A,N/A,N/A,N/A,N/A,,,0
1759293166,eth0,54,Ethernet,IPv4,N/A,N/A,v4,172.30.0.220,224.0.0.22,N/A,N/A,N/A,N/A,N/A,N/A,,,0
1759293167,eth1,70,Ethernet,IPv6,ICMP,N/A,v6,fe80::7827:e3ff:fe68:239,ff02::204,N/A,N/A,N/A,N/A,N/A,N/A,,,1
1759293167,eth0,70,Ethernet,IPv6,ICMP,N/A,v6,fe80::24f1:23ff:fe29:66,ff02::204,N/A,N/A,N/A,N/A,N/A,N/A,,,1
1759293167,any,72,N/A,IPv6,ICMP,N/A,v6,fe80::24f1:23ff:fe29:66,ff02::204,N/A,N/A,N/A,N/A,N/A,N/A,,,1
1759293167,any,72,N/A,IPv6,ICMP,N/A,v6,fe80::7827:e3ff:fe68:239,ff02::204,N/A,N/A,N/A,N/A,N/A,N/A,,,1
1759293167,any,92,N/A,IPv6,ICMP,N/A,v6,fe80::ecf9:eff:fefb:55,ff02::179,N/A,N/A,N/A,N/A,N/A,N/A,,,1
1759293167,eth0,90,Ethernet,IPv6,ICMP,N/A,v6,fe80::ecf9:eff:fefb:55,ff02::179,N/A,N/A,N/A,N/A,N/A,N/A,,,1
1759293167,eth0,56,Ethernet,IPv4,N/A,N/A,v4,172.30.0.89,224.0.0.22,N/A,N/A,N/A,N/A,N/A,N/A,,,1
1759293167,eth0,54,Ethernet,IPv4,N/A,N/A,v4,172.30.0.220,224.0.0.22,N/A,N/A,N/A,N/A,N/A,N/A,,,1
1759293167,any,56,N/A,IPv4,N/A,N/A,v4,172.30.0.220,224.0.0.22,N/A,N/A,N/A,N/A,N/A,N/A,,,1
1759293167,any,89,N/A,IPv6,UDP,N/A,v6,fe80::ecf9:eff:fefb:55,ff02::1:52,5355,5355,N/A,N/A,N/A,N/A,,,1
1759293167,eth0,87,Ethernet,IPv6,UDP,N/A,v6,fe80::ecf9:eff:fefb:55,ff02::1:52,5355,5355,N/A,N/A,N/A,N/A,,,1
1759293167,eth0,67,Ethernet,IPv4,UDP,N/A,v4,172.30.0.89,224.0.0.252,5355,5355,N/A,N/A,N/A,N/A,,,1
1759293167,eth0,356,Ethernet,IPv4,UDP,N/A,v4,0.0.0.0,255.255.255.255,68,67,N/A,N/A,N/A,N/A,,,1
1759293167,any,358,N/A,IPv4,UDP,N/A,v4,0.0.0.0,255.255.255.255,68,67,N/A,N/A,N/A,N/A,,,1
1759293167,any,370,N/A,IPv4,UDP,N/A,v4,0.0.0.0,255.255.255.255,68,67,N/A,N/A,N/A,N/A,,,1
1759293167,eth0,368,Ethernet,IPv4,UDP,N/A,v4,0.0.0.0,255.255.255.255,68,67,N/A,N/A,N/A,N/A,,,1
1759293167,any,112,N/A,IPv6,ICMP,N/A,v6,fe80::103b:bdff:fef0:169,ff02::179,N/A,N/A,N/A,N/A,N/A,N/A,,,1
1759293167,eth1,110,Ethernet,IPv6,ICMP,N/A,v6,fe80::103b:bdff:fef0:169,ff02::179,N/A,N/A,N/A,N/A,N/A,N/A,,,1
1759293167,eth0,110,Ethernet,IPv6,ICMP,N/A,v6,fe80::ecf9:eff:fefb:55,ff02::179,N/A,N/A,N/A,N/A,N/A,N/A,,,1
1759293167,any,112,N/A,IPv6,ICMP,N/A,v6,fe80::ecf9:eff:fefb:55,ff02::179,N/A,N/A,N/A,N/A,N/A,N/A,,,1
1759293167,eth0,110,Ethernet,IPv6,ICMP,N/A,v6,fe80::ecf9:eff:fefb:55,ff02::179,N/A,N/A,N/A,N/A,N/A,N/A,,,1
1759293167,eth0,56,Ethernet,IPv4,N/A,N/A,v4,172.30.0.89,224.0.0.22,N/A,N/A,N/A,N/A,N/A,N/A,,,1
1759293167,eth0,56,Ethernet,N/A,N/A,N/A,N/A,N/A,N/A,N/A,N/A,N/A,N/A,N/A,N/A,,,1
1759293167,any,58,ARP,N/A,N/A,N/A,N/A,N/A,N/A,N/A,N/A,1,2048,172.30.0.89,172.30.0.122,,,1
1759293167,any,112,N/A,IPv6,ICMP,N/A,v6,fe80::e48e:99ff:fe5f:147,ff02::179,N/A,N/A,N/A,N/A,N/A,N/A,,,1
1759293167,eth1,110,Ethernet,IPv6,ICMP,N/A,v6,fe80::f056:abff:fe65:143,ff02::179,N/A,N/A,N/A,N/A,N/A,N/A,,,1
1759293167,eth0,110,Ethernet,IPv6,ICMP,N/A,v6,fe80::e48e:99ff:fe5f:147,ff02::179,N/A,N/A,N/A,N/A,N/A,N/A,,,1
1759293167,any,72,N/A,IPv6,ICMP,N/A,v6,fe80::dcac:f9ff:fe59:60,ff02::204,N/A,N/A,N/A,N/A,N/A,N/A,,,1
1759293167,eth2,70,Ethernet,IPv6,ICMP,N/A,v6,fe80::dcac:f9ff:fe59:60,ff02::204,N/A,N/A,N/A,N/A,N/A,N/A,,,1
1759293167,eth1,70,Ethernet,IPv6,ICMP,N/A,v6,fe80::f056:abff:fe65:143,ff02::204,N/A,N/A,N/A,N/A,N/A,N/A,,,1
1759293167,eth0,70,Ethernet,IPv6,ICMP,N/A,v6,fe80::e48e:99ff:fe5f:147,ff02::204,N/A,N/A,N/A,N/A,N/A,N/A,,,1
1759293167,eth0,56,Ethernet,IPv4,N/A,N/A,v4,172.30.0.89,224.0.0.22,N/A,N/A,N/A,N/A,N/A,N/A,,,1
1759293167,any,58,N/A,IPv4,N/A,N/A,v4,172.30.0.89,224.0.0.22,N/A,N/A,N/A,N/A,N/A,N/A,,,1
1759293167,any,92,N/A,IPv6,ICMP,N/A,v6,fe80::ecf9:eff:fefb:55,ff02::179,N/A,N/A,N/A,N/A,N/A,N/A,,,1
1759293167,eth0,90,Ethernet,IPv6,ICMP,N/A,v6,fe80::ecf9:eff:fefb:55,ff02::179,N/A,N/A,N/A,N/A,N/A,N/A,,,1
1759293167,any,112,N/A,IPv6,ICMP,N/A,v6,fe80::103b:bdff:fef0:169,ff02::179,N/A,N/A,N/A,N/A,N/A,N/A,,,1
1759293167,eth1,110,Ethernet,IPv6,ICMP,N/A,v6,fe80::103b:bdff:fef0:169,ff02::179,N/A,N/A,N/A,N/A,N/A,N/A,,,1
1759293167,eth0,54,Ethernet,IPv4,N/A,N/A,v4,172.30.0.220,224.0.0.22,N/A,N/A,N/A,N/A,N/A,N/A,,,0
1759293167,any,56,N/A,IPv4,N/A,N/A,v4,172.30.0.220,224.0.0.22,N/A,N/A,N/A,N/A,N/A,N/A,,,0
1759293167,any,112,N/A,IPv6,ICMP,N/A,v6,fe80::5ca9:83ff:fe87:27,ff02::179,N/A,N/A,N/A,N/A,N/A,N/A,,,0
1759293167,eth0,110,Ethernet,IPv6,ICMP,N/A,v6,fe80::5ca9:83ff:fe87:27,ff02::179,N/A,N/A,N/A,N/A,N/A,N/A,,,0
1759293167,any,112,N/A,IPv6,ICMP,N/A,v6,fe80::a824:52ff:fe4f:69,ff02::179,N/A,N/A,N/A,N/A,N/A,N/A,,,0
1759293167,eth1,110,Ethernet,IPv6,ICMP,N/A,v6,fe80::a824:52ff:fe4f:69,ff02::179,N/A,N/A,N/A,N/A,N/A,N/A,,,0
1759293167,eth0,70,Ethernet,IPv6,ICMP,N/A,v6,fe80::5ca9:83ff:fe87:27,ff02::204,N/A,N/A,N/A,N/A,N/A,N/A,,,0
1759293167,eth1,70,Ethernet,IPv6,ICMP,N/A,v6,fe80::a824:52ff:fe4f:69,ff02::204,N/A,N/A,N/A,N/A,N/A,N/A,,,0
1759293167,any,72,N/A,IPv6,ICMP,N/A,v6,fe80::a824:52ff:fe4f:69,ff02::204,N/A,N/A,N/A,N/A,N/A,N/A,,,0
1759293167,eth0,107,Ethernet,N/A,N/A,N/A,N/A,N/A,N/A,N/A,N/A,N/A,N/A,N/A,N/A,,,0
1759293167,any,109,N/A,N/A,N/A,N/A,N/A,N/A,N/A,N/A,N/A,N/A,N/A,N/A,N/A,,,0
1759293168,eth0,111,Ethernet,N/A,N/A,N/A,N/A,N/A,N/A,N/A,N/A,N/A,N/A,N/A,N/A,,,1
1759293168,any,113,N/A,N/A,N/A,N/A,N/A,N/A,N/A,N/A,N/A,N/A,N/A,N/A,N/A,,,1
1759293168,eth1,70,Ethernet,IPv6,ICMP,N/A,v6,fe80::103b:bdff:fef0:169,ff02::204,N/A,N/A,N/A,N/A,N/A,N/A,,,1
1759293168,eth0,70,Ethernet,IPv6,ICMP,N/A,v6,fe80::ecf9:eff:fefb:55,ff02::204,N/A,N/A,N/A,N/A,N/A,N/A,,,1
1759293168,any,72,N/A,IPv6,ICMP,N/A,v6,fe80::ecf9:eff:fefb:55,ff02::204,N/A,N/A,N/A,N/A,N/A,N/A,,,1
1759293168,any,72,N/A,IPv6,ICMP,N/A,v6,fe80::103b:bdff:fef0:169,ff02::204,N/A,N/A,N/A,N/A,N/A,N/A,,,1
1759293168,eth0,107,Ethernet,N/A,N/A,N/A,N/A,N/A,N/A,N/A,N/A,N/A,N/A,N/A,N/A,,,0
1759293168,any,109,N/A,N/A,N/A,N/A,N/A,N/A,N/A,N/A,N/A,N/A,N/A,N/A,N/A,,,0
1759293169,eth0,111,Ethernet,N/A,N/A,N/A,N/A,N/A,N/A,N/A,N/A,N/A,N/A,N/A,N/A,,,1
1759293169,any,113,N/A,N/A,N/A,N/A,N/A,N/A,N/A,N/A,N/A,N/A,N/A,N/A,N/A,,,1
1759293169,eth0,90,Ethernet,IPv6,ICMP,N/A,v6,fe80::b0b5:44ff:feea:219,ff02::179,N/A,N/A,N/A,N/A,N/A,N/A,,,1
1759293169,eth0,54,Ethernet,IPv4,N/A,N/A,v4,172.30.0.163,224.0.0.22,N/A,N/A,N/A,N/A,N/A,N/A,,,1
1759293169,any,92,N/A,IPv6,ICMP,N/A,v6,fe80::b0b5:44ff:feea:219,ff02::179,N/A,N/A,N/A,N/A,N/A,N/A,,,1
1759293169,any,56,N/A,IPv4,N/A,N/A,v4,172.30.0.163,224.0.0.22,N/A,N/A,N/A,N/A,N/A,N/A,,,1
1759293169,any,70,N/A,IPv4,UDP,N/A,v4,172.30.0.163,224.0.0.252,5355,5355,N/A,N/A,N/A,N/A,,,1
1759293169,eth0,68,Ethernet,IPv4,UDP,N/A,v4,172.30.0.163,224.0.0.252,5355,5355,N/A,N/A,N/A,N/A,,,1
1759293169,eth0,88,Ethernet,IPv6,UDP,N/A,v6,fe80::b0b5:44ff:feea:219,ff02::1:52,5355,5355,N/A,N/A,N/A,N/A,,,1
1759293169,eth0,357,Ethernet,IPv4,UDP,N/A,v4,0.0.0.0,255.255.255.255,68,67,N/A,N/A,N/A,N/A,,,1
1759293169,any,359,N/A,IPv4,UDP,N/A,v4,0.0.0.0,255.255.255.255,68,67,N/A,N/A,N/A,N/A,,,1
1759293169,any,371,N/A,IPv4,UDP,N/A,v4,0.0.0.0,255.255.255.255,68,67,N/A,N/A,N/A,N/A,,,1
1759293169,eth0,369,Ethernet,IPv4,UDP,N/A,v4,0.0.0.0,255.255.255.255,68,67,N/A,N/A,N/A,N/A,,,1
1759293169,any,112,N/A,IPv6,ICMP,N/A,v6,fe80::780a:a9ff:fee6:89,ff02::179,N/A,N/A,N/A,N/A,N/A,N/A,,,1
1759293169,eth1,110,Ethernet,IPv6,ICMP,N/A,v6,fe80::780a:a9ff:fee6:89,ff02::179,N/A,N/A,N/A,N/A,N/A,N/A,,,1
1759293169,any,112,N/A,IPv6,ICMP,N/A,v6,fe80::b0b5:44ff:feea:219,ff02::179,N/A,N/A,N/A,N/A,N/A,N/A,,,1
1759293169,eth0,110,Ethernet,IPv6,ICMP,N/A,v6,fe80::b0b5:44ff:feea:219,ff02::179,N/A,N/A,N/A,N/A,N/A,N/A,,,1
1759293169,eth0,54,Ethernet,IPv4,N/A,N/A,v4,172.30.0.163,224.0.0.22,N/A,N/A,N/A,N/A,N/A,N/A,,,1
1759293170,eth0,42,Ethernet,N/A,N/A,N/A,N/A,N/A,N/A,N/A,N/A,N/A,N/A,N/A,N/A,,,1
1759293170,any,44,ARP,N/A,N/A,N/A,N/A,N/A,N/A,N/A,N/A,1,2048,172.30.0.163,172.30.0.122,,,1
1759293170,any,112,N/A,IPv6,ICMP,N/A,v6,fe80::780a:a9ff:fee6:89,ff02::179,N/A,N/A,N/A,N/A,N/A,N/A,,,1
1759293170,eth1,110,Ethernet,IPv6,ICMP,N/A,v6,fe80::780a:a9ff:fee6:89,ff02::179,N/A,N/A,N/A,N/A,N/A,N/A,,,1
1759293170,any,92,N/A,IPv6,ICMP,N/A,v6,fe80::24f1:23ff:fe29:66,ff02::179,N/A,N/A,N/A,N/A,N/A,N/A,,,1
1759293170,eth0,90,Ethernet,IPv6,ICMP,N/A,v6,fe80::24f1:23ff:fe29:66,ff02::179,N/A,N/A,N/A,N/A,N/A,N/A,,,1
1759293170,eth0,54,Ethernet,IPv4,N/A,N/A,v4,172.30.0.23,224.0.0.22,N/A,N/A,N/A,N/A,N/A,N/A,,,1
1759293170,eth0,54,Ethernet,IPv4,N/A,N/A,v4,172.30.0.23,224.0.0.22,N/A,N/A,N/A,N/A,N/A,N/A,,,1
1759293170,any,56,N/A,IPv4,N/A,N/A,v4,172.30.0.23,224.0.0.22,N/A,N/A,N/A,N/A,N/A,N/A,,,1
1759293170,any,89,N/A,IPv6,UDP,N/A,v6,fe80::24f1:23ff:fe29:66,ff02::1:52,5355,5355,N/A,N/A,N/A,N/A,,,1
1759293170,eth0,87,Ethernet,IPv6,UDP,N/A,v6,fe80::24f1:23ff:fe29:66,ff02::1:52,5355,5355,N/A,N/A,N/A,N/A,,,1
1759293170,eth0,356,Ethernet,IPv4,UDP,N/A,v4,0.0.0.0,255.255.255.255,68,67,N/A,N/A,N/A,N/A,,,1
1759293170,eth0,107,Ethernet,N/A,N/A,N/A,N/A,N/A,N/A,N/A,N/A,N/A,N/A,N/A,N/A,,,0
1759293170,any,109,N/A,N/A,N/A,N/A,N/A,N/A,N/A,N/A,N/A,N/A,N/A,N/A,N/A,,,0
1759293170,eth0,368,Ethernet,IPv4,UDP,N/A,v4,0.0.0.0,255.255.255.255,68,67,N/A,N/A,N/A,N/A,,,1
1759293170,any,358,N/A,IPv4,UDP,N/A,v4,0.0.0.0,255.255.255.255,68,67,N/A,N/A,N/A,N/A,,,1
1759293170,any,370,N/A,IPv4,UDP,N/A,v4,0.0.0.0,255.255.255.255,68,67,N/A,N/A,N/A,N/A,,,1
1759293170,any,112,N/A,IPv6,ICMP,N/A,v6,fe80::7827:e3ff:fe68:239,ff02::179,N/A,N/A,N/A,N/A,N/A,N/A,,,1
1759293170,eth1,110,Ethernet,IPv6,ICMP,N/A,v6,fe80::7827:e3ff:fe68:239,ff02::179,N/A,N/A,N/A,N/A,N/A,N/A,,,1
1759293170,any,112,N/A,IPv6,ICMP,N/A,v6,fe80::24f1:23ff:fe29:66,ff02::179,N/A,N/A,N/A,N/A,N/A,N/A,,,1
1759293170,eth0,110,Ethernet,IPv6,ICMP,N/A,v6,fe80::24f1:23ff:fe29:66,ff02::179,N/A,N/A,N/A,N/A,N/A,N/A,,,1
1759293170,eth0,54,Ethernet,IPv4,N/A,N/A,v4,172.30.0.23,224.0.0.22,N/A,N/A,N/A,N/A,N/A,N/A,,,1
1759293170,any,113,N/A,N/A,N/A,N/A,N/A,N/A,N/A,N/A,N/A,N/A,N/A,N/A,N/A,,,1
1759293170,eth0,111,Ethernet,N/A,N/A,N/A,N/A,N/A,N/A,N/A,N/A,N/A,N/A,N/A,N/A,,,1
1759293170,eth0,54,Ethernet,IPv4,N/A,N/A,v4,172.30.0.23,224.0.0.22,N/A,N/A,N/A,N/A,N/A,N/A,,,1
1759293170,any,56,N/A,IPv4,N/A,N/A,v4,172.30.0.23,224.0.0.22,N/A,N/A,N/A,N/A,N/A,N/A,,,1
1759293170,eth0,54,Ethernet,IPv4,N/A,N/A,v4,172.30.0.163,224.0.0.22,N/A,N/A,N/A,N/A,N/A,N/A,,,1
1759293170,any,56,N/A,IPv4,N/A,N/A,v4,172.30.0.163,224.0.0.22,N/A,N/A,N/A,N/A,N/A,N/A,,,1
1759293170,any,112,N/A,IPv6,ICMP,N/A,v6,fe80::b0b5:44ff:feea:219,ff02::179,N/A,N/A,N/A,N/A,N/A,N/A,,,1
1759293170,eth0,110,Ethernet,IPv6,ICMP,N/A,v6,fe80::b0b5:44ff:feea:219,ff02::179,N/A,N/A,N/A,N/A,N/A,N/A,,,1
1759293170,eth0,110,Ethernet,IPv6,ICMP,N/A,v6,fe80::24f1:23ff:fe29:66,ff02::179,N/A,N/A,N/A,N/A,N/A,N/A,,,1
1759293170,any,112,N/A,IPv6,ICMP,N/A,v6,fe80::24f1:23ff:fe29:66,ff02::179,N/A,N/A,N/A,N/A,N/A,N/A,,,1
1759293170,any,44,ARP,N/A,N/A,N/A,N/A,N/A,N/A,N/A,N/A,1,2048,172.30.0.23,172.30.0.122,,,1
1759293170,eth0,42,Ethernet,N/A,N/A,N/A,N/A,N/A,N/A,N/A,N/A,N/A,N/A,N/A,N/A,,,1
1759293170,eth1,70,Ethernet,IPv6,ICMP,N/A,v6,fe80::7827:e3ff:fe68:239,ff02::204,N/A,N/A,N/A,N/A,N/A,N/A,,,1
1759293170,eth0,70,Ethernet,IPv6,ICMP,N/A,v6,fe80::24f1:23ff:fe29:66,ff02::204,N/A,N/A,N/A,N/A,N/A,N/A,,,1
1759293170,any,72,N/A,IPv6,ICMP,N/A,v6,fe80::24f1:23ff:fe29:66,ff02::204,N/A,N/A,N/A,N/A,N/A,N/A,,,1
1759293170,any,72,N/A,IPv6,ICMP,N/A,v6,fe80::7827:e3ff:fe68:239,ff02::204,N/A,N/A,N/A,N/A,N/A,N/A,,,1
1759293171,eth0,107,Ethernet,N/A,N/A,N/A,N/A,N/A,N/A,N/A,N/A,N/A,N/A,N/A,N/A,,,0
1759293171,any,109,N/A,N/A,N/A,N/A,N/A,N/A,N/A,N/A,N/A,N/A,N/A,N/A,N/A,,,0
1759293171,any,112,N/A,IPv6,ICMP,N/A,v6,fe80::7827:e3ff:fe68:239,ff02::179,N/A,N/A,N/A,N/A,N/A,N/A,,,1
1759293171,eth1,110,Ethernet,IPv6,ICMP,N/A,v6,fe80::7827:e3ff:fe68:239,ff02::179,N/A,N/A,N/A,N/A,N/A,N/A,,,1
1759293171,any,72,N/A,IPv6,ICMP,N/A,v6,fe80::780a:a9ff:fee6:89,ff02::204,N/A,N/A,N/A,N/A,N/A,N/A,,,1
1759293171,eth1,70,Ethernet,IPv6,ICMP,N/A,v6,fe80::780a:a9ff:fee6:89,ff02::204,N/A,N/A,N/A,N/A,N/A,N/A,,,1
1759293171,eth0,70,Ethernet,IPv6,ICMP,N/A,v6,fe80::b0b5:44ff:feea:219,ff02::204,N/A,N/A,N/A,N/A,N/A,N/A,,,1
1759293171,eth0,111,Ethernet,N/A,N/A,N/A,N/A,N/A,N/A,N/A,N/A,N/A,N/A,N/A,N/A,,,1
1759293171,eth1,70,Ethernet,IPv6,ICMP,N/A,v6,fe80::f056:abff:fe65:143,ff02::204,N/A,N/A,N/A,N/A,N/A,N/A,,,1
1759293171,any,113,N/A,N/A,N/A,N/A,N/A,N/A,N/A,N/A,N/A,N/A,N/A,N/A,N/A,,,1
1759293171,any,72,N/A,IPv6,ICMP,N/A,v6,fe80::dcac:f9ff:fe59:60,ff02::204,N/A,N/A,N/A,N/A,N/A,N/A,,,1
1759293171,eth2,70,Ethernet,IPv6,ICMP,N/A,v6,fe80::dcac:f9ff:fe59:60,ff02::204,N/A,N/A,N/A,N/A,N/A,N/A,,,1
1759293171,eth0,90,Ethernet,IPv6,ICMP,N/A,v6,fe80::e48e:99ff:fe5f:147,ff02::179,N/A,N/A,N/A,N/A,N/A,N/A,,,1
1759293171,eth0,54,Ethernet,IPv4,N/A,N/A,v4,172.30.0.220,224.0.0.22,N/A,N/A,N/A,N/A,N/A,N/A,,,1
1759293171,any,92,N/A,IPv6,ICMP,N/A,v6,fe80::e48e:99ff:fe5f:147,ff02::179,N/A,N/A,N/A,N/A,N/A,N/A,,,1
1759293171,eth0,91,Ethernet,IPv6,UDP,N/A,v6,fe80::e48e:99ff:fe5f:147,ff02::1:52,5355,5355,N/A,N/A,N/A,N/A,,,1
1759293171,any,93,N/A,IPv6,UDP,N/A,v6,fe80::e48e:99ff:fe5f:147,ff02::1:52,5355,5355,N/A,N/A,N/A,N/A,,,1
1759293171,eth0,360,Ethernet,IPv4,UDP,N/A,v4,0.0.0.0,255.255.255.255,68,67,N/A,N/A,N/A,N/A,,,1
1759293171,any,362,N/A,IPv4,UDP,N/A,v4,0.0.0.0,255.255.255.255,68,67,N/A,N/A,N/A,N/A,,,1
1759293171,eth0,372,Ethernet,IPv4,UDP,N/A,v4,0.0.0.0,255.255.255.255,68,67,N/A,N/A,N/A,N/A,,,1
1759293171,any,374,N/A,IPv4,UDP,N/A,v4,0.0.0.0,255.255.255.255,68,67,N/A,N/A,N/A,N/A,,,1
1759293171,any,112,N/A,IPv6,ICMP,N/A,v6,fe80::dcac:f9ff:fe59:60,ff02::179,N/A,N/A,N/A,N/A,N/A,N/A,,,1
1759293171,eth2,110,Ethernet,IPv6,ICMP,N/A,v6,fe80::dcac:f9ff:fe59:60,ff02::179,N/A,N/A,N/A,N/A,N/A,N/A,,,1
1759293171,eth1,110,Ethernet,IPv6,ICMP,N/A,v6,fe80::f056:abff:fe65:143,ff02::179,N/A,N/A,N/A,N/A,N/A,N/A,,,1
1759293171,any,112,N/A,IPv6,ICMP,N/A,v6,fe80::f056:abff:fe65:143,ff02::179,N/A,N/A,N/A,N/A,N/A,N/A,,,1
1759293171,eth0,54,Ethernet,IPv4,N/A,N/A,v4,172.30.0.220,224.0.0.22,N/A,N/A,N/A,N/A,N/A,N/A,,,1
1759293171,eth0,42,Ethernet,N/A,N/A,N/A,N/A,N/A,N/A,N/A,N/A,N/A,N/A,N/A,N/A,,,1
1759293171,any,56,N/A,IPv4,N/A,N/A,v4,172.30.0.220,224.0.0.22,N/A,N/A,N/A,N/A,N/A,N/A,,,1
1759293171,any,72,N/A,IPv6,ICMP,N/A,v6,fe80::a824:52ff:fe4f:69,ff02::204,N/A,N/A,N/A,N/A,N/A,N/A,,,0
1759293171,eth1,70,Ethernet,IPv6,ICMP,N/A,v6,fe80::a824:52ff:fe4f:69,ff02::204,N/A,N/A,N/A,N/A,N/A,N/A,,,0
1759293171,any,72,N/A,IPv6,ICMP,N/A,v6,fe80::5ca9:83ff:fe87:27,ff02::204,N/A,N/A,N/A,N/A,N/A,N/A,,,0
1759293171,eth0,70,Ethernet,IPv6,ICMP,N/A,v6,fe80::5ca9:83ff:fe87:27,ff02::204,N/A,N/A,N/A,N/A,N/A,N/A,,,0
1759293171,eth0,90,Ethernet,IPv6,ICMP,N/A,v6,fe80::5ca9:83ff:fe87:27,ff02::179,N/A,N/A,N/A,N/A,N/A,N/A,,,0
1759293171,eth0,54,Ethernet,IPv4,N/A,N/A,v4,172.30.0.220,224.0.0.22,N/A,N/A,N/A,N/A,N/A,N/A,,,0
1759293171,any,92,N/A,IPv6,ICMP,N/A,v6,fe80::5ca9:83ff:fe87:27,ff02::179,N/A,N/A,N/A,N/A,N/A,N/A,,,0
1759293171,eth0,67,Ethernet,IPv4,UDP,N/A,v4,172.30.0.220,224.0.0.252,5355,5355,N/A,N/A,N/A,N/A,,,0
1759293171,any,69,N/A,IPv4,UDP,N/A,v4,172.30.0.220,224.0.0.252,5355,5355,N/A,N/A,N/A,N/A,,,0
1759293171,eth0,356,Ethernet,IPv4,UDP,N/A,v4,0.0.0.0,255.255.255.255,68,67,N/A,N/A,N/A,N/A,,,0
1759293171,any,358,N/A,IPv4,UDP,N/A,v4,0.0.0.0,255.255.255.255,68,67,N/A,N/A,N/A,N/A,,,0
1759293171,eth0,368,Ethernet,IPv4,UDP,N/A,v4,0.0.0.0,255.255.255.255,68,67,N/A,N/A,N/A,N/A,,,0
1759293171,any,370,N/A,IPv4,UDP,N/A,v4,0.0.0.0,255.255.255.255,68,67,N/A,N/A,N/A,N/A,,,0
1759293171,eth1,110,Ethernet,IPv6,ICMP,N/A,v6,fe80::a824:52ff:fe4f:69,ff02::179,N/A,N/A,N/A,N/A,N/A,N/A,,,0
1759293171,any,112,N/A,IPv6,ICMP,N/A,v6,fe80::a824:52ff:fe4f:69,ff02::179,N/A,N/A,N/A,N/A,N/A,N/A,,,0
1759293171,eth0,54,Ethernet,IPv4,N/A,N/A,v4,172.30.0.220,224.0.0.22,N/A,N/A,N/A,N/A,N/A,N/A,,,0
1759293171,any,56,N/A,IPv4,N/A,N/A,v4,172.30.0.220,224.0.0.22,N/A,N/A,N/A,N/A,N/A,N/A,,,0
1759293171,eth0,110,Ethernet,IPv6,ICMP,N/A,v6,fe80::5ca9:83ff:fe87:27,ff02::179,N/A,N/A,N/A,N/A,N/A,N/A,,,0
1759293171,any,112,N/A,IPv6,ICMP,N/A,v6,fe80::5ca9:83ff:fe87:27,ff02::179,N/A,N/A,N/A,N/A,N/A,N/A,,,0
1759293171,eth0,42,Ethernet,N/A,N/A,N/A,N/A,N/A,N/A,N/A,N/A,N/A,N/A,N/A,N/A,,,0
1759293171,any,44,ARP,N/A,N/A,N/A,N/A,N/A,N/A,N/A,N/A,1,2048,172.30.0.220,172.30.0.122,,,0
1759293171,eth0,56,Ethernet,N/A,N/A,N/A,N/A,N/A,N/A,N/A,N/A,N/A,N/A,N/A,N/A,,,0
1759293171,eth0,56,Ethernet,N/A,N/A,N/A,N/A,N/A,N/A,N/A,N/A,N/A,N/A,N/A,N/A,,,0
1759293171,any,58,ARP,N/A,N/A,N/A,N/A,N/A,N/A,N/A,N/A,2,2048,172.30.0.122,172.30.0.220,,,0
1759293171,any,44,ARP,N/A,N/A,N/A,N/A,N/A,N/A,N/A,N/A,1,2048,172.30.0.220,172.30.0.122,,,1
1759293171,any,58,ARP,N/A,N/A,N/A,N/A,N/A,N/A,N/A,N/A,2,2048,172.30.0.122,172.30.0.220,,,1
1759293171,any,112,N/A,IPv6,ICMP,N/A,v6,fe80::e48e:99ff:fe5f:147,ff02::179,N/A,N/A,N/A,N/A,N/A,N/A,,,1
1759293171,eth0,56,Ethernet,N/A,N/A,N/A,N/A,N/A,N/A,N/A,N/A,N/A,N/A,N/A,N/A,,,1
1759293171,eth0,56,Ethernet,N/A,N/A,N/A,N/A,N/A,N/A,N/A,N/A,N/A,N/A,N/A,N/A,,,1
1759293171,eth0,110,Ethernet,IPv6,ICMP,N/A,v6,fe80::e48e:99ff:fe5f:147,ff02::179,N/A,N/A,N/A,N/A,N/A,N/A,,,1
1759293172,eth0,110,Ethernet,IPv6,ICMP,N/A,v6,fe80::5ca9:83ff:fe87:27,ff02::179,N/A,N/A,N/A,N/A,N/A,N/A,,,0
1759293172,any,112,N/A,IPv6,ICMP,N/A,v6,fe80::dcac:f9ff:fe59:60,ff02::179,N/A,N/A,N/A,N/A,N/A,N/A,,,1
1759293172,eth2,110,Ethernet,IPv6,ICMP,N/A,v6,fe80::dcac:f9ff:fe59:60,ff02::179,N/A,N/A,N/A,N/A,N/A,N/A,,,1
1759293172,any,72,N/A,IPv6,ICMP,N/A,v6,fe80::103b:bdff:fef0:169,ff02::204,N/A,N/A,N/A,N/A,N/A,N/A,,,1
1759293172,eth1,70,Ethernet,IPv6,ICMP,N/A,v6,fe80::103b:bdff:fef0:169,ff02::204,N/A,N/A,N/A,N/A,N/A,N/A,,,1
1759293172,eth0,90,Ethernet,IPv6,ICMP,N/A,v6,fe80::ecf9:eff:fefb:55,ff02::179,N/A,N/A,N/A,N/A,N/A,N/A,,,1
1759293172,eth0,56,Ethernet,IPv4,N/A,N/A,v4,172.30.0.89,224.0.0.22,N/A,N/A,N/A,N/A,N/A,N/A,,,1
1759293172,any,92,N/A,IPv6,ICMP,N/A,v6,fe80::ecf9:eff:fefb:55,ff02::179,N/A,N/A,N/A,N/A,N/A,N/A,,,1
1759293172,any,112,N/A,IPv6,ICMP,N/A,v6,fe80::f056:abff:fe65:143,ff02::179,N/A,N/A,N/A,N/A,N/A,N/A,,,1
1759293172,eth1,110,Ethernet,IPv6,ICMP,N/A,v6,fe80::f056:abff:fe65:143,ff02::179,N/A,N/A,N/A,N/A,N/A,N/A,,,1
1759293172,eth0,110,Ethernet,IPv6,ICMP,N/A,v6,fe80::e48e:99ff:fe5f:147,ff02::179,N/A,N/A,N/A,N/A,N/A,N/A,,,1
1759293172,any,112,N/A,IPv6,ICMP,N/A,v6,fe80::e48e:99ff:fe5f:147,ff02::179,N/A,N/A,N/A,N/A,N/A,N/A,,,1
1759293172,any,89,N/A,IPv6,UDP,N/A,v6,fe80::ecf9:eff:fefb:55,ff02::1:52,5355,5355,N/A,N/A,N/A,N/A,,,1
1759293172,eth0,87,Ethernet,IPv6,UDP,N/A,v6,fe80::ecf9:eff:fefb:55,ff02::1:52,5355,5355,N/A,N/A,N/A,N/A,,,1
1759293172,eth0,67,Ethernet,IPv4,UDP,N/A,v4,172.30.0.89,224.0.0.252,5355,5355,N/A,N/A,N/A,N/A,,,1
1759293172,eth0,56,Ethernet,IPv4,N/A,N/A,v4,172.30.0.89,224.0.0.22,N/A,N/A,N/A,N/A,N/A,N/A,,,1
1759293172,any,58,N/A,IPv4,N/A,N/A,v4,172.30.0.89,224.0.0.22,N/A,N/A,N/A,N/A,N/A,N/A,,,1
1759293172,any,358,N/A,IPv4,UDP,N/A,v4,0.0.0.0,255.255.255.255,68,67,N/A,N/A,N/A,N/A,,,1
1759293172,eth0,356,Ethernet,IPv4,UDP,N/A,v4,0.0.0.0,255.255.255.255,68,67,N/A,N/A,N/A,N/A,,,1
1759293172,any,112,N/A,IPv6,ICMP,N/A,v6,fe80::103b:bdff:fef0:169,ff02::179,N/A,N/A,N/A,N/A,N/A,N/A,,,1
1759293172,any,370,N/A,IPv4,UDP,N/A,v4,0.0.0.0,255.255.255.255,68,67,N/A,N/A,N/A,N/A,,,1
1759293172,eth1,110,Ethernet,IPv6,ICMP,N/A,v6,fe80::103b:bdff:fef0:169,ff02::179,N/A,N/A,N/A,N/A,N/A,N/A,,,1
1759293172,eth0,368,Ethernet,IPv4,UDP,N/A,v4,0.0.0.0,255.255.255.255,68,67,N/A,N/A,N/A,N/A,,,1
1759293172,any,112,N/A,IPv6,ICMP,N/A,v6,fe80::ecf9:eff:fefb:55,ff02::179,N/A,N/A,N/A,N/A,N/A,N/A,,,1
1759293172,eth0,110,Ethernet,IPv6,ICMP,N/A,v6,fe80::ecf9:eff:fefb:55,ff02::179,N/A,N/A,N/A,N/A,N/A,N/A,,,1
1759293172,eth0,56,Ethernet,IPv4,N/A,N/A,v4,172.30.0.89,224.0.0.22,N/A,N/A,N/A,N/A,N/A,N/A,,,1
1759293172,any,72,N/A,IPv6,ICMP,N/A,v6,fe80::dcac:f9ff:fe59:60,ff02::204,N/A,N/A,N/A,N/A,N/A,N/A,,,1
1759293172,eth2,70,Ethernet,IPv6,ICMP,N/A,v6,fe80::dcac:f9ff:fe59:60,ff02::204,N/A,N/A,N/A,N/A,N/A,N/A,,,1
1759293172,eth1,70,Ethernet,IPv6,ICMP,N/A,v6,fe80::f056:abff:fe65:143,ff02::204,N/A,N/A,N/A,N/A,N/A,N/A,,,1
1759293172,eth0,70,Ethernet,IPv6,ICMP,N/A,v6,fe80::e48e:99ff:fe5f:147,ff02::204,N/A,N/A,N/A,N/A,N/A,N/A,,,1
1759293172,any,58,ARP,N/A,N/A,N/A,N/A,N/A,N/A,N/A,N/A,1,2048,172.30.0.89,172.30.0.122,,,1
1759293172,eth0,56,Ethernet,N/A,N/A,N/A,N/A,N/A,N/A,N/A,N/A,N/A,N/A,N/A,N/A,,,1
1759293172,eth1,110,Ethernet,IPv6,ICMP,N/A,v6,fe80::103b:bdff:fef0:169,ff02::179,N/A,N/A,N/A,N/A,N/A,N/A,,,1
1759293172,any,112,N/A,IPv6,ICMP,N/A,v6,fe80::103b:bdff:fef0:169,ff02::179,N/A,N/A,N/A,N/A,N/A,N/A,,,1
1759293172,eth0,54,Ethernet,IPv4,N/A,N/A,v4,172.30.0.220,224.0.0.22,N/A,N/A,N/A,N/A,N/A,N/A,,,1
1759293172,any,56,N/A,IPv4,N/A,N/A,v4,172.30.0.220,224.0.0.22,N/A,N/A,N/A,N/A,N/A,N/A,,,1
1759293172,eth0,110,Ethernet,IPv6,ICMP,N/A,v6,fe80::ecf9:eff:fefb:55,ff02::179,N/A,N/A,N/A,N/A,N/A,N/A,,,1
1759293172,any,112,N/A,IPv6,ICMP,N/A,v6,fe80::ecf9:eff:fefb:55,ff02::179,N/A,N/A,N/A,N/A,N/A,N/A,,,1
1759293172,any,112,N/A,IPv6,ICMP,N/A,v6,fe80::5ca9:83ff:fe87:27,ff02::179,N/A,N/A,N/A,N/A,N/A,N/A,,,0
1759293172,eth0,70,Ethernet,IPv6,ICMP,N/A,v6,fe80::6c89:4fff:fec2:77,ff02::204,N/A,N/A,N/A,N/A,N/A,N/A,,,0
1759293172,any,72,N/A,IPv6,ICMP,N/A,v6,fe80::6c89:4fff:fec2:77,ff02::204,N/A,N/A,N/A,N/A,N/A,N/A,,,0
1759293172,eth0,54,Ethernet,IPv4,N/A,N/A,v4,172.30.0.220,224.0.0.22,N/A,N/A,N/A,N/A,N/A,N/A,,,0
1759293172,any,56,N/A,IPv4,N/A,N/A,v4,172.30.0.220,224.0.0.22,N/A,N/A,N/A,N/A,N/A,N/A,,,0
1759293172,any,112,N/A,IPv6,ICMP,N/A,v6,fe80::a824:52ff:fe4f:69,ff02::179,N/A,N/A,N/A,N/A,N/A,N/A,,,0
1759293172,eth1,110,Ethernet,IPv6,ICMP,N/A,v6,fe80::a824:52ff:fe4f:69,ff02::179,N/A,N/A,N/A,N/A,N/A,N/A,,,0
1759293172,eth1,70,Ethernet,IPv6,ICMP,N/A,v6,fe80::a824:52ff:fe4f:69,ff02::204,N/A,N/A,N/A,N/A,N/A,N/A,,,0
1759293172,any,72,N/A,IPv6,ICMP,N/A,v6,fe80::a824:52ff:fe4f:69,ff02::204,N/A,N/A,N/A,N/A,N/A,N/A,,,0
1759293172,eth0,70,Ethernet,IPv6,ICMP,N/A,v6,fe80::5ca9:83ff:fe87:27,ff02::204,N/A,N/A,N/A,N/A,N/A,N/A,,,0
1759293172,eth0,107,Ethernet,N/A,N/A,N/A,N/A,N/A,N/A,N/A,N/A,N/A,N/A,N/A,N/A,,,0
1759293172,any,109,N/A,N/A,N/A,N/A,N/A,N/A,N/A,N/A,N/A,N/A,N/A,N/A,N/A,,,0
1759293173,any,113,N/A,N/A,N/A,N/A,N/A,N/A,N/A,N/A,N/A,N/A,N/A,N/A,N/A,,,1
1759293173,eth0,111,Ethernet,N/A,N/A,N/A,N/A,N/A,N/A,N/A,N/A,N/A,N/A,N/A,N/A,,,1
1759293173,eth1,70,Ethernet,IPv6,ICMP,N/A,v6,fe80::103b:bdff:fef0:169,ff02::204,N/A,N/A,N/A,N/A,N/A,N/A,,,1
1759293173,any,72,N/A,IPv6,ICMP,N/A,v6,fe80::ecf9:eff:fefb:55,ff02::204,N/A,N/A,N/A,N/A,N/A,N/A,,,1
1759293173,any,72,N/A,IPv6,ICMP,N/A,v6,fe80::103b:bdff:fef0:169,ff02::204,N/A,N/A,N/A,N/A,N/A,N/A,,,1
1759293173,eth0,70,Ethernet,IPv6,ICMP,N/A,v6,fe80::ecf9:eff:fefb:55,ff02::204,N/A,N/A,N/A,N/A,N/A,N/A,,,1
1759293173,eth0,56,Ethernet,IPv4,N/A,N/A,v4,172.30.0.89,224.0.0.22,N/A,N/A,N/A,N/A,N/A,N/A,,,1
1759293173,eth0,107,Ethernet,N/A,N/A,N/A,N/A,N/A,N/A,N/A,N/A,N/A,N/A,N/A,N/A,,,0
1759293173,any,109,N/A,N/A,N/A,N/A,N/A,N/A,N/A,N/A,N/A,N/A,N/A,N/A,N/A,,,0
1759293173,any,58,N/A,IPv4,N/A,N/A,v4,172.30.0.89,224.0.0.22,N/A,N/A,N/A,N/A,N/A,N/A,,,1
1759293174,any,109,N/A,N/A,N/A,N/A,N/A,N/A,N/A,N/A,N/A,N/A,N/A,N/A,N/A,,,0
1759293174,eth0,107,Ethernet,N/A,N/A,N/A,N/A,N/A,N/A,N/A,N/A,N/A,N/A,N/A,N/A,,,0
1759293174,eth0,111,Ethernet,N/A,N/A,N/A,N/A,N/A,N/A,N/A,N/A,N/A,N/A,N/A,N/A,,,1
1759293174,any,113,N/A,N/A,N/A,N/A,N/A,N/A,N/A,N/A,N/A,N/A,N/A,N/A,N/A,,,1
1759293174,any,72,N/A,IPv6,ICMP,N/A,v6,fe80::24f1:23ff:fe29:66,ff02::204,N/A,N/A,N/A,N/A,N/A,N/A,,,1
1759293174,eth0,70,Ethernet,IPv6,ICMP,N/A,v6,fe80::24f1:23ff:fe29:66,ff02::204,N/A,N/A,N/A,N/A,N/A,N/A,,,1
1759293174,any,72,N/A,IPv6,ICMP,N/A,v6,fe80::780a:a9ff:fee6:89,ff02::204,N/A,N/A,N/A,N/A,N/A,N/A,,,1
1759293174,eth1,70,Ethernet,IPv6,ICMP,N/A,v6,fe80::780a:a9ff:fee6:89,ff02::204,N/A,N/A,N/A,N/A,N/A,N/A,,,1
1759293174,any,72,N/A,IPv6,ICMP,N/A,v6,fe80::7827:e3ff:fe68:239,ff02::204,N/A,N/A,N/A,N/A,N/A,N/A,,,1
1759293174,eth1,70,Ethernet,IPv6,ICMP,N/A,v6,fe80::7827:e3ff:fe68:239,ff02::204,N/A,N/A,N/A,N/A,N/A,N/A,,,1
1759293175,any,109,N/A,N/A,N/A,N/A,N/A,N/A,N/A,N/A,N/A,N/A,N/A,N/A,N/A,,,0
1759293175,eth0,107,Ethernet,N/A,N/A,N/A,N/A,N/A,N/A,N/A,N/A,N/A,N/A,N/A,N/A,,,0
1759293175,eth0,90,Ethernet,IPv6,ICMP,N/A,v6,fe80::5ca9:83ff:fe87:27,ff02::179,N/A,N/A,N/A,N/A,N/A,N/A,,,0
1759293175,eth0,54,Ethernet,IPv4,N/A,N/A,v4,172.30.0.220,224.0.0.22,N/A,N/A,N/A,N/A,N/A,N/A,,,0
1759293175,any,92,N/A,IPv6,ICMP,N/A,v6,fe80::5ca9:83ff:fe87:27,ff02::179,N/A,N/A,N/A,N/A,N/A,N/A,,,0
1759293175,eth0,67,Ethernet,IPv4,UDP,N/A,v4,172.30.0.220,224.0.0.252,5355,5355,N/A,N/A,N/A,N/A,,,0
1759293175,any,69,N/A,IPv4,UDP,N/A,v4,172.30.0.220,224.0.0.252,5355,5355,N/A,N/A,N/A,N/A,,,0
1759293175,eth0,356,Ethernet,IPv4,UDP,N/A,v4,0.0.0.0,255.255.255.255,68,67,N/A,N/A,N/A,N/A,,,0
1759293175,any,358,N/A,IPv4,UDP,N/A,v4,0.0.0.0,255.255.255.255,68,67,N/A,N/A,N/A,N/A,,,0
1759293175,eth0,90,Ethernet,IPv6,ICMP,N/A,v6,fe80::b0b5:44ff:feea:219,ff02::179,N/A,N/A,N/A,N/A,N/A,N/A,,,1
1759293175,eth0,54,Ethernet,IPv4,N/A,N/A,v4,172.30.0.163,224.0.0.22,N/A,N/A,N/A,N/A,N/A,N/A,,,1
1759293175,any,92,N/A,IPv6,ICMP,N/A,v6,fe80::b0b5:44ff:feea:219,ff02::179,N/A,N/A,N/A,N/A,N/A,N/A,,,1
1759293175,any,56,N/A,IPv4,N/A,N/A,v4,172.30.0.163,224.0.0.22,N/A,N/A,N/A,N/A,N/A,N/A,,,1
1759293175,any,90,N/A,IPv6,UDP,N/A,v6,fe80::b0b5:44ff:feea:219,ff02::1:52,5355,5355,N/A,N/A,N/A,N/A,,,1
1759293175,eth0,88,Ethernet,IPv6,UDP,N/A,v6,fe80::b0b5:44ff:feea:219,ff02::1:52,5355,5355,N/A,N/A,N/A,N/A,,,1
1759293175,any,359,N/A,IPv4,UDP,N/A,v4,0.0.0.0,255.255.255.255,68,67,N/A,N/A,N/A,N/A,,,1
1759293175,eth0,357,Ethernet,IPv4,UDP,N/A,v4,0.0.0.0,255.255.255.255,68,67,N/A,N/A,N/A,N/A,,,1
1759293175,any,371,N/A,IPv4,UDP,N/A,v4,0.0.0.0,255.255.255.255,68,67,N/A,N/A,N/A,N/A,,,1
1759293175,eth0,369,Ethernet,IPv4,UDP,N/A,v4,0.0.0.0,255.255.255.255,68,67,N/A,N/A,N/A,N/A,,,1
1759293175,any,112,N/A,IPv6,ICMP,N/A,v6,fe80::780a:a9ff:fee6:89,ff02::179,N/A,N/A,N/A,N/A,N/A,N/A,,,1
1759293175,eth1,110,Ethernet,IPv6,ICMP,N/A,v6,fe80::780a:a9ff:fee6:89,ff02::179,N/A,N/A,N/A,N/A,N/A,N/A,,,1
1759293175,eth0,110,Ethernet,IPv6,ICMP,N/A,v6,fe80::b0b5:44ff:feea:219,ff02::179,N/A,N/A,N/A,N/A,N/A,N/A,,,1
1759293175,any,112,N/A,IPv6,ICMP,N/A,v6,fe80::b0b5:44ff:feea:219,ff02::179,N/A,N/A,N/A,N/A,N/A,N/A,,,1
1759293175,eth0,110,Ethernet,IPv6,ICMP,N/A,v6,fe80::b0b5:44ff:feea:219,ff02::179,N/A,N/A,N/A,N/A,N/A,N/A,,,1
1759293175,eth0,54,Ethernet,IPv4,N/A,N/A,v4,172.30.0.163,224.0.0.22,N/A,N/A,N/A,N/A,N/A,N/A,,,1
1759293175,eth0,42,Ethernet,N/A,N/A,N/A,N/A,N/A,N/A,N/A,N/A,N/A,N/A,N/A,N/A,,,1
1759293175,any,44,ARP,N/A,N/A,N/A,N/A,N/A,N/A,N/A,N/A,1,2048,172.30.0.163,172.30.0.122,,,1
1759293175,eth0,90,Ethernet,IPv6,ICMP,N/A,v6,fe80::24f1:23ff:fe29:66,ff02::179,N/A,N/A,N/A,N/A,N/A,N/A,,,1
1759293175,eth0,54,Ethernet,IPv4,N/A,N/A,v4,172.30.0.23,224.0.0.22,N/A,N/A,N/A,N/A,N/A,N/A,,,1
1759293175,any,92,N/A,IPv6,ICMP,N/A,v6,fe80::24f1:23ff:fe29:66,ff02::179,N/A,N/A,N/A,N/A,N/A,N/A,,,1
1759293175,any,89,N/A,IPv6,UDP,N/A,v6,fe80::24f1:23ff:fe29:66,ff02::1:52,5355,5355,N/A,N/A,N/A,N/A,,,1
1759293175,eth0,87,Ethernet,IPv6,UDP,N/A,v6,fe80::24f1:23ff:fe29:66,ff02::1:52,5355,5355,N/A,N/A,N/A,N/A,,,1
1759293175,eth0,356,Ethernet,IPv4,UDP,N/A,v4,0.0.0.0,255.255.255.255,68,67,N/A,N/A,N/A,N/A,,,1
1759293175,any,358,N/A,IPv4,UDP,N/A,v4,0.0.0.0,255.255.255.255,68,67,N/A,N/A,N/A,N/A,,,1
1759293175,any,370,N/A,IPv4,UDP,N/A,v4,0.0.0.0,255.255.255.255,68,67,N/A,N/A,N/A,N/A,,,1
1759293175,eth0,368,Ethernet,IPv4,UDP,N/A,v4,0.0.0.0,255.255.255.255,68,67,N/A,N/A,N/A,N/A,,,1
1759293175,any,112,N/A,IPv6,ICMP,N/A,v6,fe80::7827:e3ff:fe68:239,ff02::179,N/A,N/A,N/A,N/A,N/A,N/A,,,1
1759293175,eth1,110,Ethernet,IPv6,ICMP,N/A,v6,fe80::7827:e3ff:fe68:239,ff02::179,N/A,N/A,N/A,N/A,N/A,N/A,,,1
1759293175,any,112,N/A,IPv6,ICMP,N/A,v6,fe80::24f1:23ff:fe29:66,ff02::179,N/A,N/A,N/A,N/A,N/A,N/A,,,1
1759293175,eth0,110,Ethernet,IPv6,ICMP,N/A,v6,fe80::24f1:23ff:fe29:66,ff02::179,N/A,N/A,N/A,N/A,N/A,N/A,,,1
1759293175,eth0,54,Ethernet,IPv4,N/A,N/A,v4,172.30.0.23,224.0.0.22,N/A,N/A,N/A,N/A,N/A,N/A,,,1
1759293175,eth0,42,Ethernet,N/A,N/A,N/A,N/A,N/A,N/A,N/A,N/A,N/A,N/A,N/A,N/A,,,1
1759293175,any,44,ARP,N/A,N/A,N/A,N/A,N/A,N/A,N/A,N/A,1,2048,172.30.0.23,172.30.0.122,,,1
1759293175,any,113,N/A,N/A,N/A,N/A,N/A,N/A,N/A,N/A,N/A,N/A,N/A,N/A,N/A,,,1
1759293175,eth0,111,Ethernet,N/A,N/A,N/A,N/A,N/A,N/A,N/A,N/A,N/A,N/A,N/A,N/A,,,1
1759293175,any,112,N/A,IPv6,ICMP,N/A,v6,fe80::780a:a9ff:fee6:89,ff02::179,N/A,N/A,N/A,N/A,N/A,N/A,,,1
1759293175,eth1,110,Ethernet,IPv6,ICMP,N/A,v6,fe80::780a:a9ff:fee6:89,ff02::179,N/A,N/A,N/A,N/A,N/A,N/A,,,1
1759293175,eth0,110,Ethernet,IPv6,ICMP,N/A,v6,fe80::24f1:23ff:fe29:66,ff02::179,N/A,N/A,N/A,N/A,N/A,N/A,,,1
1759293175,any,112,N/A,IPv6,ICMP,N/A,v6,fe80::24f1:23ff:fe29:66,ff02::179,N/A,N/A,N/A,N/A,N/A,N/A,,,1
1759293175,any,112,N/A,IPv6,ICMP,N/A,v6,fe80::7827:e3ff:fe68:239,ff02::179,N/A,N/A,N/A,N/A,N/A,N/A,,,1
1759293175,eth1,110,Ethernet,IPv6,ICMP,N/A,v6,fe80::7827:e3ff:fe68:239,ff02::179,N/A,N/A,N/A,N/A,N/A,N/A,,,1
1759293175,any,92,N/A,IPv6,ICMP,N/A,v6,fe80::b0b5:44ff:feea:219,ff02::179,N/A,N/A,N/A,N/A,N/A,N/A,,,1
1759293175,eth0,90,Ethernet,IPv6,ICMP,N/A,v6,fe80::b0b5:44ff:feea:219,ff02::179,N/A,N/A,N/A,N/A,N/A,N/A,,,1
1759293175,any,56,N/A,IPv4,N/A,N/A,v4,172.30.0.163,224.0.0.22,N/A,N/A,N/A,N/A,N/A,N/A,,,1
1759293175,eth0,54,Ethernet,IPv4,N/A,N/A,v4,172.30.0.163,224.0.0.22,N/A,N/A,N/A,N/A,N/A,N/A,,,1
1759293175,eth0,90,Ethernet,IPv6,ICMP,N/A,v6,fe80::e48e:99ff:fe5f:147,ff02::179,N/A,N/A,N/A,N/A,N/A,N/A,,,1
1759293175,eth0,54,Ethernet,IPv4,N/A,N/A,v4,172.30.0.220,224.0.0.22,N/A,N/A,N/A,N/A,N/A,N/A,,,1
1759293175,any,92,N/A,IPv6,ICMP,N/A,v6,fe80::e48e:99ff:fe5f:147,ff02::179,N/A,N/A,N/A,N/A,N/A,N/A,,,1
1759293175,eth0,71,Ethernet,IPv4,UDP,N/A,v4,172.30.0.220,224.0.0.252,5355,5355,N/A,N/A,N/A,N/A,,,1
1759293175,any,73,N/A,IPv4,UDP,N/A,v4,172.30.0.220,224.0.0.252,5355,5355,N/A,N/A,N/A,N/A,,,1
1759293175,eth0,360,Ethernet,IPv4,UDP,N/A,v4,0.0.0.0,255.255.255.255,68,67,N/A,N/A,N/A,N/A,,,1
1759293175,any,362,N/A,IPv4,UDP,N/A,v4,0.0.0.0,255.255.255.255,68,67,N/A,N/A,N/A,N/A,,,1
1759293175,eth0,368,Ethernet,IPv4,UDP,N/A,v4,0.0.0.0,255.255.255.255,68,67,N/A,N/A,N/A,N/A,,,0
1759293175,eth1,110,Ethernet,IPv6,ICMP,N/A,v6,fe80::a824:52ff:fe4f:69,ff02::179,N/A,N/A,N/A,N/A,N/A,N/A,,,0
1759293176,eth0,372,Ethernet,IPv4,UDP,N/A,v4,0.0.0.0,255.255.255.255,68,67,N/A,N/A,N/A,N/A,,,1
1759293176,any,374,N/A,IPv4,UDP,N/A,v4,0.0.0.0,255.255.255.255,68,67,N/A,N/A,N/A,N/A,,,1
1759293176,eth2,110,Ethernet,IPv6,ICMP,N/A,v6,fe80::dcac:f9ff:fe59:60,ff02::179,N/A,N/A,N/A,N/A,N/A,N/A,,,1
1759293176,any,112,N/A,IPv6,ICMP,N/A,v6,fe80::f056:abff:fe65:143,ff02::179,N/A,N/A,N/A,N/A,N/A,N/A,,,1
1759293176,eth1,110,Ethernet,IPv6,ICMP,N/A,v6,fe80::f056:abff:fe65:143,ff02::179,N/A,N/A,N/A,N/A,N/A,N/A,,,1
1759293176,eth0,54,Ethernet,IPv4,N/A,N/A,v4,172.30.0.220,224.0.0.22,N/A,N/A,N/A,N/A,N/A,N/A,,,1
1759293176,eth0,110,Ethernet,IPv6,ICMP,N/A,v6,fe80::e48e:99ff:fe5f:147,ff02::179,N/A,N/A,N/A,N/A,N/A,N/A,,,1
1759293176,any,56,N/A,IPv4,N/A,N/A,v4,172.30.0.220,224.0.0.22,N/A,N/A,N/A,N/A,N/A,N/A,,,1
1759293176,any,56,N/A,IPv4,N/A,N/A,v4,172.30.0.23,224.0.0.22,N/A,N/A,N/A,N/A,N/A,N/A,,,1
1759293176,eth0,54,Ethernet,IPv4,N/A,N/A,v4,172.30.0.23,224.0.0.22,N/A,N/A,N/A,N/A,N/A,N/A,,,1
1759293176,eth1,70,Ethernet,IPv6,ICMP,N/A,v6,fe80::7827:e3ff:fe68:239,ff02::204,N/A,N/A,N/A,N/A,N/A,N/A,,,1
1759293176,eth0,70,Ethernet,IPv6,ICMP,N/A,v6,fe80::24f1:23ff:fe29:66,ff02::204,N/A,N/A,N/A,N/A,N/A,N/A,,,1
1759293176,any,72,N/A,IPv6,ICMP,N/A,v6,fe80::24f1:23ff:fe29:66,ff02::204,N/A,N/A,N/A,N/A,N/A,N/A,,,1
1759293176,any,72,N/A,IPv6,ICMP,N/A,v6,fe80::7827:e3ff:fe68:239,ff02::204,N/A,N/A,N/A,N/A,N/A,N/A,,,1
1759293176,any,44,ARP,N/A,N/A,N/A,N/A,N/A,N/A,N/A,N/A,1,2048,172.30.0.220,172.30.0.122,,,1
1759293176,any,58,ARP,N/A,N/A,N/A,N/A,N/A,N/A,N/A,N/A,2,2048,172.30.0.122,172.30.0.220,,,1
1759293176,any,58,ARP,N/A,N/A,N/A,N/A,N/A,N/A,N/A,N/A,2,2048,172.30.0.122,172.30.0.220,,,1
1759293176,eth0,42,Ethernet,N/A,N/A,N/A,N/A,N/A,N/A,N/A,N/A,N/A,N/A,N/A,N/A,,,1
1759293176,eth0,56,Ethernet,N/A,N/A,N/A,N/A,N/A,N/A,N/A,N/A,N/A,N/A,N/A,N/A,,,1
1759293176,eth0,56,Ethernet,N/A,N/A,N/A,N/A,N/A,N/A,N/A,N/A,N/A,N/A,N/A,N/A,,,1
1759293176,any,56,N/A,IPv4,N/A,N/A,v4,172.30.0.220,224.0.0.22,N/A,N/A,N/A,N/A,N/A,N/A,,,1
1759293176,eth0,54,Ethernet,IPv4,N/A,N/A,v4,172.30.0.220,224.0.0.22,N/A,N/A,N/A,N/A,N/A,N/A,,,1
1759293176,eth0,70,Ethernet,IPv6,ICMP,N/A,v6,fe80::b0b5:44ff:feea:219,ff02::204,N/A,N/A,N/A,N/A,N/A,N/A,,,1
1759293176,eth1,70,Ethernet,IPv6,ICMP,N/A,v6,fe80::780a:a9ff:fee6:89,ff02::204,N/A,N/A,N/A,N/A,N/A,N/A,,,1
1759293176,any,72,N/A,IPv6,ICMP,N/A,v6,fe80::b0b5:44ff:feea:219,ff02::204,N/A,N/A,N/A,N/A,N/A,N/A,,,1
1759293176,eth0,90,Ethernet,IPv6,ICMP,N/A,v6,fe80::ecf9:eff:fefb:55,ff02::179,N/A,N/A,N/A,N/A,N/A,N/A,,,1
1759293176,eth0,56,Ethernet,IPv4,N/A,N/A,v4,172.30.0.89,224.0.0.22,N/A,N/A,N/A,N/A,N/A,N/A,,,1
1759293176,any,92,N/A,IPv6,ICMP,N/A,v6,fe80::ecf9:eff:fefb:55,ff02::179,N/A,N/A,N/A,N/A,N/A,N/A,,,1
1759293176,any,112,N/A,IPv6,ICMP,N/A,v6,fe80::e48e:99ff:fe5f:147,ff02::179,N/A,N/A,N/A,N/A,N/A,N/A,,,1
1759293176,eth0,110,Ethernet,IPv6,ICMP,N/A,v6,fe80::e48e:99ff:fe5f:147,ff02::179,N/A,N/A,N/A,N/A,N/A,N/A,,,1
1759293176,eth0,67,Ethernet,IPv4,UDP,N/A,v4,172.30.0.89,224.0.0.252,5355,5355,N/A,N/A,N/A,N/A,,,1
1759293176,eth0,87,Ethernet,IPv6,UDP,N/A,v6,fe80::ecf9:eff:fefb:55,ff02::1:52,5355,5355,N/A,N/A,N/A,N/A,,,1
1759293176,any,69,N/A,IPv4,UDP,N/A,v4,172.30.0.89,224.0.0.252,5355,5355,N/A,N/A,N/A,N/A,,,1
1759293176,any,358,N/A,IPv4,UDP,N/A,v4,0.0.0.0,255.255.255.255,68,67,N/A,N/A,N/A,N/A,,,1
1759293176,eth0,356,Ethernet,IPv4,UDP,N/A,v4,0.0.0.0,255.255.255.255,68,67,N/A,N/A,N/A,N/A,,,1
1759293176,eth0,368,Ethernet,IPv4,UDP,N/A,v4,0.0.0.0,255.255.255.255,68,67,N/A,N/A,N/A,N/A,,,1
1759293176,any,370,N/A,IPv4,UDP,N/A,v4,0.0.0.0,255.255.255.255,68,67,N/A,N/A,N/A,N/A,,,1
1759293176,any,112,N/A,IPv6,ICMP,N/A,v6,fe80::103b:bdff:fef0:169,ff02::179,N/A,N/A,N/A,N/A,N/A,N/A,,,1
1759293176,eth1,110,Ethernet,IPv6,ICMP,N/A,v6,fe80::103b:bdff:fef0:169,ff02::179,N/A,N/A,N/A,N/A,N/A,N/A,,,1
1759293176,any,112,N/A,IPv6,ICMP,N/A,v6,fe80::ecf9:eff:fefb:55,ff02::179,N/A,N/A,N/A,N/A,N/A,N/A,,,1
1759293176,eth0,110,Ethernet,IPv6,ICMP,N/A,v6,fe80::ecf9:eff:fefb:55,ff02::179,N/A,N/A,N/A,N/A,N/A,N/A,,,1
1759293176,eth0,56,Ethernet,IPv4,N/A,N/A,v4,172.30.0.89,224.0.0.22,N/A,N/A,N/A,N/A,N/A,N/A,,,1
1759293176,eth0,56,Ethernet,N/A,N/A,N/A,N/A,N/A,N/A,N/A,N/A,N/A,N/A,N/A,N/A,,,1
1759293176,any,58,ARP,N/A,N/A,N/A,N/A,N/A,N/A,N/A,N/A,1,2048,172.30.0.89,172.30.0.122,,,1
1759293176,any,112,N/A,IPv6,ICMP,N/A,v6,fe80::103b:bdff:fef0:169,ff02::179,N/A,N/A,N/A,N/A,N/A,N/A,,,1
1759293176,eth1,110,Ethernet,IPv6,ICMP,N/A,v6,fe80::103b:bdff:fef0:169,ff02::179,N/A,N/A,N/A,N/A,N/A,N/A,,,1
1759293176,eth0,70,Ethernet,IPv6,ICMP,N/A,v6,fe80::e48e:99ff:fe5f:147,ff02::204,N/A,N/A,N/A,N/A,N/A,N/A,,,1
1759293176,eth2,70,Ethernet,IPv6,ICMP,N/A,v6,fe80::dcac:f9ff:fe59:60,ff02::204,N/A,N/A,N/A,N/A,N/A,N/A,,,1
1759293176,any,72,N/A,IPv6,ICMP,N/A,v6,fe80::dcac:f9ff:fe59:60,ff02::204,N/A,N/A,N/A,N/A,N/A,N/A,,,1
1759293176,any,72,N/A,IPv6,ICMP,N/A,v6,fe80::e48e:99ff:fe5f:147,ff02::204,N/A,N/A,N/A,N/A,N/A,N/A,,,1
1759293176,eth1,70,Ethernet,IPv6,ICMP,N/A,v6,fe80::f056:abff:fe65:143,ff02::204,N/A,N/A,N/A,N/A,N/A,N/A,,,1
1759293176,any,112,N/A,IPv6,ICMP,N/A,v6,fe80::f056:abff:fe65:143,ff02::179,N/A,N/A,N/A,N/A,N/A,N/A,,,1
1759293176,eth1,110,Ethernet,IPv6,ICMP,N/A,v6,fe80::f056:abff:fe65:143,ff02::179,N/A,N/A,N/A,N/A,N/A,N/A,,,1
1759293176,any,58,N/A,IPv4,N/A,N/A,v4,172.30.0.89,224.0.0.22,N/A,N/A,N/A,N/A,N/A,N/A,,,1
1759293176,eth0,56,Ethernet,IPv4,N/A,N/A,v4,172.30.0.89,224.0.0.22,N/A,N/A,N/A,N/A,N/A,N/A,,,1
1759293176,any,112,N/A,IPv6,ICMP,N/A,v6,fe80::dcac:f9ff:fe59:60,ff02::179,N/A,N/A,N/A,N/A,N/A,N/A,,,1
1759293176,eth2,110,Ethernet,IPv6,ICMP,N/A,v6,fe80::dcac:f9ff:fe59:60,ff02::179,N/A,N/A,N/A,N/A,N/A,N/A,,,1
1759293176,eth0,111,Ethernet,N/A,N/A,N/A,N/A,N/A,N/A,N/A,N/A,N/A,N/A,N/A,N/A,,,1
1759293176,any,113,N/A,N/A,N/A,N/A,N/A,N/A,N/A,N/A,N/A,N/A,N/A,N/A,N/A,,,1
1759293176,any,370,N/A,IPv4,UDP,N/A,v4,0.0.0.0,255.255.255.255,68,67,N/A,N/A,N/A,N/A,,,0
1759293176,any,112,N/A,IPv6,ICMP,N/A,v6,fe80::a824:52ff:fe4f:69,ff02::179,N/A,N/A,N/A,N/A,N/A,N/A,,,0
1759293176,any,112,N/A,IPv6,ICMP,N/A,v6,fe80::5ca9:83ff:fe87:27,ff02::179,N/A,N/A,N/A,N/A,N/A,N/A,,,0
1759293176,any,56,N/A,IPv4,N/A,N/A,v4,172.30.0.220,224.0.0.22,N/A,N/A,N/A,N/A,N/A,N/A,,,0
1759293176,any,44,ARP,N/A,N/A,N/A,N/A,N/A,N/A,N/A,N/A,1,2048,172.30.0.220,172.30.0.122,,,0
1759293176,any,58,ARP,N/A,N/A,N/A,N/A,N/A,N/A,N/A,N/A,2,2048,172.30.0.122,172.30.0.220,,,0
1759293176,eth0,110,Ethernet,IPv6,ICMP,N/A,v6,fe80::5ca9:83ff:fe87:27,ff02::179,N/A,N/A,N/A,N/A,N/A,N/A,,,0
1759293176,eth0,54,Ethernet,IPv4,N/A,N/A,v4,172.30.0.220,224.0.0.22,N/A,N/A,N/A,N/A,N/A,N/A,,,0
1759293176,eth0,54,Ethernet,IPv4,N/A,N/A,v4,172.30.0.220,224.0.0.22,N/A,N/A,N/A,N/A,N/A,N/A,,,0
1759293176,eth0,42,Ethernet,N/A,N/A,N/A,N/A,N/A,N/A,N/A,N/A,N/A,N/A,N/A,N/A,,,0
1759293176,eth0,56,Ethernet,N/A,N/A,N/A,N/A,N/A,N/A,N/A,N/A,N/A,N/A,N/A,N/A,,,0
1759293176,eth0,56,Ethernet,N/A,N/A,N/A,N/A,N/A,N/A,N/A,N/A,N/A,N/A,N/A,N/A,,,0
1759293176,any,112,N/A,IPv6,ICMP,N/A,v6,fe80::5ca9:83ff:fe87:27,ff02::179,N/A,N/A,N/A,N/A,N/A,N/A,,,0
1759293176,eth0,110,Ethernet,IPv6,ICMP,N/A,v6,fe80::5ca9:83ff:fe87:27,ff02::179,N/A,N/A,N/A,N/A,N/A,N/A,,,0
1759293176,any,112,N/A,IPv6,ICMP,N/A,v6,fe80::a824:52ff:fe4f:69,ff02::179,N/A,N/A,N/A,N/A,N/A,N/A,,,0
1759293176,eth1,110,Ethernet,IPv6,ICMP,N/A,v6,fe80::a824:52ff:fe4f:69,ff02::179,N/A,N/A,N/A,N/A,N/A,N/A,,,0
1759293176,eth1,70,Ethernet,IPv6,ICMP,N/A,v6,fe80::a824:52ff:fe4f:69,ff02::204,N/A,N/A,N/A,N/A,N/A,N/A,,,0
1759293176,any,72,N/A,IPv6,ICMP,N/A,v6,fe80::a824:52ff:fe4f:69,ff02::204,N/A,N/A,N/A,N/A,N/A,N/A,,,0
1759293176,eth0,70,Ethernet,IPv6,ICMP,N/A,v6,fe80::5ca9:83ff:fe87:27,ff02::204,N/A,N/A,N/A,N/A,N/A,N/A,,,0
1759293176,any,72,N/A,IPv6,ICMP,N/A,v6,fe80::5ca9:83ff:fe87:27,ff02::204,N/A,N/A,N/A,N/A,N/A,N/A,,,0
1759293177,any,112,N/A,IPv6,ICMP,N/A,v6,fe80::ecf9:eff:fefb:55,ff02::179,N/A,N/A,N/A,N/A,N/A,N/A,,,1
1759293177,eth0,110,Ethernet,IPv6,ICMP,N/A,v6,fe80::ecf9:eff:fefb:55,ff02::179,N/A,N/A,N/A,N/A,N/A,N/A,,,1
1759293177,eth0,70,Ethernet,IPv6,ICMP,N/A,v6,fe80::ecf9:eff:fefb:55,ff02::204,N/A,N/A,N/A,N/A,N/A,N/A,,,1
1759293177,any,72,N/A,IPv6,ICMP,N/A,v6,fe80::ecf9:eff:fefb:55,ff02::204,N/A,N/A,N/A,N/A,N/A,N/A,,,1
1759293177,eth0,107,Ethernet,N/A,N/A,N/A,N/A,N/A,N/A,N/A,N/A,N/A,N/A,N/A,N/A,,,0
1759293177,any,109,N/A,N/A,N/A,N/A,N/A,N/A,N/A,N/A,N/A,N/A,N/A,N/A,N/A,,,0
1759293177,any,72,N/A,IPv6,ICMP,N/A,v6,fe80::103b:bdff:fef0:169,ff02::204,N/A,N/A,N/A,N/A,N/A,N/A,,,1
1759293177,eth1,70,Ethernet,IPv6,ICMP,N/A,v6,fe80::103b:bdff:fef0:169,ff02::204,N/A,N/A,N/A,N/A,N/A,N/A,,,1
1759293177,eth0,111,Ethernet,N/A,N/A,N/A,N/A,N/A,N/A,N/A,N/A,N/A,N/A,N/A,N/A,,,1
1759293177,any,113,N/A,N/A,N/A,N/A,N/A,N/A,N/A,N/A,N/A,N/A,N/A,N/A,N/A,,,1
1759293178,eth0,107,Ethernet,N/A,N/A,N/A,N/A,N/A,N/A,N/A,N/A,N/A,N/A,N/A,N/A,,,0
1759293178,any,109,N/A,N/A,N/A,N/A,N/A,N/A,N/A,N/A,N/A,N/A,N/A,N/A,N/A,,,0
1759293179,eth0,111,Ethernet,N/A,N/A,N/A,N/A,N/A,N/A,N/A,N/A,N/A,N/A,N/A,N/A,,,1
1759293179,any,113,N/A,N/A,N/A,N/A,N/A,N/A,N/A,N/A,N/A,N/A,N/A,N/A,N/A,,,1
1759293179,any,92,N/A,IPv6,ICMP,N/A,v6,fe80::b0b5:44ff:feea:219,ff02::179,N/A,N/A,N/A,N/A,N/A,N/A,,,1
1759293179,eth0,90,Ethernet,IPv6,ICMP,N/A,v6,fe80::b0b5:44ff:feea:219,ff02::179,N/A,N/A,N/A,N/A,N/A,N/A,,,1
1759293179,eth0,54,Ethernet,IPv4,N/A,N/A,v4,172.30.0.163,224.0.0.22,N/A,N/A,N/A,N/A,N/A,N/A,,,1
1759293179,eth0,88,Ethernet,IPv6,UDP,N/A,v6,fe80::b0b5:44ff:feea:219,ff02::1:52,5355,5355,N/A,N/A,N/A,N/A,,,1
1759293179,eth0,68,Ethernet,IPv4,UDP,N/A,v4,172.30.0.163,224.0.0.252,5355,5355,N/A,N/A,N/A,N/A,,,1
1759293179,any,90,N/A,IPv6,UDP,N/A,v6,fe80::b0b5:44ff:feea:219,ff02::1:52,5355,5355,N/A,N/A,N/A,N/A,,,1
1759293179,any,359,N/A,IPv4,UDP,N/A,v4,0.0.0.0,255.255.255.255,68,67,N/A,N/A,N/A,N/A,,,1
1759293179,eth0,357,Ethernet,IPv4,UDP,N/A,v4,0.0.0.0,255.255.255.255,68,67,N/A,N/A,N/A,N/A,,,1
1759293179,eth0,369,Ethernet,IPv4,UDP,N/A,v4,0.0.0.0,255.255.255.255,68,67,N/A,N/A,N/A,N/A,,,1
1759293179,any,371,N/A,IPv4,UDP,N/A,v4,0.0.0.0,255.255.255.255,68,67,N/A,N/A,N/A,N/A,,,1
1759293179,eth0,110,Ethernet,IPv6,ICMP,N/A,v6,fe80::b0b5:44ff:feea:219,ff02::179,N/A,N/A,N/A,N/A,N/A,N/A,,,1
1759293179,eth1,110,Ethernet,IPv6,ICMP,N/A,v6,fe80::780a:a9ff:fee6:89,ff02::179,N/A,N/A,N/A,N/A,N/A,N/A,,,1
1759293179,any,112,N/A,IPv6,ICMP,N/A,v6,fe80::780a:a9ff:fee6:89,ff02::179,N/A,N/A,N/A,N/A,N/A,N/A,,,1
1759293179,eth0,110,Ethernet,IPv6,ICMP,N/A,v6,fe80::b0b5:44ff:feea:219,ff02::179,N/A,N/A,N/A,N/A,N/A,N/A,,,1
1759293179,eth0,54,Ethernet,IPv4,N/A,N/A,v4,172.30.0.163,224.0.0.22,N/A,N/A,N/A,N/A,N/A,N/A,,,1
1759293179,any,112,N/A,IPv6,ICMP,N/A,v6,fe80::b0b5:44ff:feea:219,ff02::179,N/A,N/A,N/A,N/A,N/A,N/A,,,1
1759293179,any,92,N/A,IPv6,ICMP,N/A,v6,fe80::24f1:23ff:fe29:66,ff02::179,N/A,N/A,N/A,N/A,N/A,N/A,,,1
1759293179,eth0,90,Ethernet,IPv6,ICMP,N/A,v6,fe80::24f1:23ff:fe29:66,ff02::179,N/A,N/A,N/A,N/A,N/A,N/A,,,1
1759293179,eth0,54,Ethernet,IPv4,N/A,N/A,v4,172.30.0.23,224.0.0.22,N/A,N/A,N/A,N/A,N/A,N/A,,,1
1759293179,eth0,90,Ethernet,IPv6,ICMP,N/A,v6,fe80::24f1:23ff:fe29:66,ff02::179,N/A,N/A,N/A,N/A,N/A,N/A,,,1
1759293179,any,92,N/A,IPv6,ICMP,N/A,v6,fe80::24f1:23ff:fe29:66,ff02::179,N/A,N/A,N/A,N/A,N/A,N/A,,,1
1759293179,any,89,N/A,IPv6,UDP,N/A,v6,fe80::24f1:23ff:fe29:66,ff02::1:52,5355,5355,N/A,N/A,N/A,N/A,,,1
1759293179,eth0,87,Ethernet,IPv6,UDP,N/A,v6,fe80::24f1:23ff:fe29:66,ff02::1:52,5355,5355,N/A,N/A,N/A,N/A,,,1
1759293179,eth0,67,Ethernet,IPv4,UDP,N/A,v4,172.30.0.23,224.0.0.252,5355,5355,N/A,N/A,N/A,N/A,,,1
1759293179,eth0,42,Ethernet,N/A,N/A,N/A,N/A,N/A,N/A,N/A,N/A,N/A,N/A,N/A,N/A,,,1
1759293179,any,44,ARP,N/A,N/A,N/A,N/A,N/A,N/A,N/A,N/A,1,2048,172.30.0.163,172.30.0.122,,,1
1759293179,any,358,N/A,IPv4,UDP,N/A,v4,0.0.0.0,255.255.255.255,68,67,N/A,N/A,N/A,N/A,,,1
1759293179,eth0,356,Ethernet,IPv4,UDP,N/A,v4,0.0.0.0,255.255.255.255,68,67,N/A,N/A,N/A,N/A,,,1
1759293179,any,370,N/A,IPv4,UDP,N/A,v4,0.0.0.0,255.255.255.255,68,67,N/A,N/A,N/A,N/A,,,1
1759293179,eth0,368,Ethernet,IPv4,UDP,N/A,v4,0.0.0.0,255.255.255.255,68,67,N/A,N/A,N/A,N/A,,,1
1759293179,any,112,N/A,IPv6,ICMP,N/A,v6,fe80::7827:e3ff:fe68:239,ff02::179,N/A,N/A,N/A,N/A,N/A,N/A,,,1
1759293179,eth1,110,Ethernet,IPv6,ICMP,N/A,v6,fe80::7827:e3ff:fe68:239,ff02::179,N/A,N/A,N/A,N/A,N/A,N/A,,,1
1759293179,any,44,ARP,N/A,N/A,N/A,N/A,N/A,N/A,N/A,N/A,1,2048,172.30.0.23,172.30.0.122,,,1
1759293179,eth0,42,Ethernet,N/A,N/A,N/A,N/A,N/A,N/A,N/A,N/A,N/A,N/A,N/A,N/A,,,1
1759293179,any,112,N/A,IPv6,ICMP,N/A,v6,fe80::24f1:23ff:fe29:66,ff02::179,N/A,N/A,N/A,N/A,N/A,N/A,,,1
1759293179,eth0,110,Ethernet,IPv6,ICMP,N/A,v6,fe80::24f1:23ff:fe29:66,ff02::179,N/A,N/A,N/A,N/A,N/A,N/A,,,1
1759293179,eth0,54,Ethernet,IPv4,N/A,N/A,v4,172.30.0.23,224.0.0.22,N/A,N/A,N/A,N/A,N/A,N/A,,,1
1759293179,eth0,90,Ethernet,IPv6,ICMP,N/A,v6,fe80::b0b5:44ff:feea:219,ff02::179,N/A,N/A,N/A,N/A,N/A,N/A,,,1
1759293179,any,92,N/A,IPv6,ICMP,N/A,v6,fe80::b0b5:44ff:feea:219,ff02::179,N/A,N/A,N/A,N/A,N/A,N/A,,,1
1759293179,any,112,N/A,IPv6,ICMP,N/A,v6,fe80::780a:a9ff:fee6:89,ff02::179,N/A,N/A,N/A,N/A,N/A,N/A,,,1
1759293179,eth1,110,Ethernet,IPv6,ICMP,N/A,v6,fe80::780a:a9ff:fee6:89,ff02::179,N/A,N/A,N/A,N/A,N/A,N/A,,,1
1759293179,any,56,N/A,IPv4,N/A,N/A,v4,172.30.0.163,224.0.0.22,N/A,N/A,N/A,N/A,N/A,N/A,,,1
1759293179,eth0,54,Ethernet,IPv4,N/A,N/A,v4,172.30.0.163,224.0.0.22,N/A,N/A,N/A,N/A,N/A,N/A,,,1
1759293179,any,112,N/A,IPv6,ICMP,N/A,v6,fe80::7827:e3ff:fe68:239,ff02::179,N/A,N/A,N/A,N/A,N/A,N/A,,,1
1759293179,eth0,107,Ethernet,N/A,N/A,N/A,N/A,N/A,N/A,N/A,N/A,N/A,N/A,N/A,N/A,,,0
1759293179,any,109,N/A,N/A,N/A,N/A,N/A,N/A,N/A,N/A,N/A,N/A,N/A,N/A,N/A,,,0
1759293179,eth1,110,Ethernet,IPv6,ICMP,N/A,v6,fe80::7827:e3ff:fe68:239,ff02::179,N/A,N/A,N/A,N/A,N/A,N/A,,,1
1759293179,eth0,54,Ethernet,IPv4,N/A,N/A,v4,172.30.0.23,224.0.0.22,N/A,N/A,N/A,N/A,N/A,N/A,,,1
1759293179,any,56,N/A,IPv4,N/A,N/A,v4,172.30.0.23,224.0.0.22,N/A,N/A,N/A,N/A,N/A,N/A,,,1
1759293180,eth0,107,Ethernet,N/A,N/A,N/A,N/A,N/A,N/A,N/A,N/A,N/A,N/A,N/A,N/A,,,0
1759293180,any,109,N/A,N/A,N/A,N/A,N/A,N/A,N/A,N/A,N/A,N/A,N/A,N/A,N/A,,,0
1759293180,any,72,N/A,IPv6,ICMP,N/A,v6,fe80::a824:52ff:fe4f:69,ff02::204,N/A,N/A,N/A,N/A,N/A,N/A,,,0
1759293180,eth1,70,Ethernet,IPv6,ICMP,N/A,v6,fe80::a824:52ff:fe4f:69,ff02::204,N/A,N/A,N/A,N/A,N/A,N/A,,,0
1759293180,any,72,N/A,IPv6,ICMP,N/A,v6,fe80::5ca9:83ff:fe87:27,ff02::204,N/A,N/A,N/A,N/A,N/A,N/A,,,0
1759293180,eth0,70,Ethernet,IPv6,ICMP,N/A,v6,fe80::5ca9:83ff:fe87:27,ff02::204,N/A,N/A,N/A,N/A,N/A,N/A,,,0
1759293180,eth0,70,Ethernet,IPv6,ICMP,N/A,v6,fe80::24f1:23ff:fe29:66,ff02::204,N/A,N/A,N/A,N/A,N/A,N/A,,,1
1759293180,any,72,N/A,IPv6,ICMP,N/A,v6,fe80::24f1:23ff:fe29:66,ff02::204,N/A,N/A,N/A,N/A,N/A,N/A,,,1
1759293180,eth1,70,Ethernet,IPv6,ICMP,N/A,v6,fe80::7827:e3ff:fe68:239,ff02::204,N/A,N/A,N/A,N/A,N/A,N/A,,,1
1759293180,any,72,N/A,IPv6,ICMP,N/A,v6,fe80::7827:e3ff:fe68:239,ff02::204,N/A,N/A,N/A,N/A,N/A,N/A,,,1
1759293180,eth0,110,Ethernet,IPv6,ICMP,N/A,v6,fe80::24f1:23ff:fe29:66,ff02::179,N/A,N/A,N/A,N/A,N/A,N/A,,,1
1759293180,any,112,N/A,IPv6,ICMP,N/A,v6,fe80::24f1:23ff:fe29:66,ff02::179,N/A,N/A,N/A,N/A,N/A,N/A,,,1
1759293180,any,113,N/A,N/A,N/A,N/A,N/A,N/A,N/A,N/A,N/A,N/A,N/A,N/A,N/A,,,1
1759293180,eth0,111,Ethernet,N/A,N/A,N/A,N/A,N/A,N/A,N/A,N/A,N/A,N/A,N/A,N/A,,,1
1759293180,any,72,N/A,IPv6,ICMP,N/A,v6,fe80::780a:a9ff:fee6:89,ff02::204,N/A,N/A,N/A,N/A,N/A,N/A,,,1
1759293180,eth1,70,Ethernet,IPv6,ICMP,N/A,v6,fe80::780a:a9ff:fee6:89,ff02::204,N/A,N/A,N/A,N/A,N/A,N/A,,,1
1759293180,eth0,70,Ethernet,IPv6,ICMP,N/A,v6,fe80::b0b5:44ff:feea:219,ff02::204,N/A,N/A,N/A,N/A,N/A,N/A,,,1
1759293180,any,72,N/A,IPv6,ICMP,N/A,v6,fe80::f056:abff:fe65:143,ff02::204,N/A,N/A,N/A,N/A,N/A,N/A,,,1
1759293180,eth1,70,Ethernet,IPv6,ICMP,N/A,v6,fe80::f056:abff:fe65:143,ff02::204,N/A,N/A,N/A,N/A,N/A,N/A,,,1
1759293180,any,72,N/A,IPv6,ICMP,N/A,v6,fe80::e48e:99ff:fe5f:147,ff02::204,N/A,N/A,N/A,N/A,N/A,N/A,,,1
1759293180,eth0,70,Ethernet,IPv6,ICMP,N/A,v6,fe80::e48e:99ff:fe5f:147,ff02::204,N/A,N/A,N/A,N/A,N/A,N/A,,,1
1759293180,eth2,70,Ethernet,IPv6,ICMP,N/A,v6,fe80::dcac:f9ff:fe59:60,ff02::204,N/A,N/A,N/A,N/A,N/A,N/A,,,1
1759293180,any,72,N/A,IPv6,ICMP,N/A,v6,fe80::dcac:f9ff:fe59:60,ff02::204,N/A,N/A,N/A,N/A,N/A,N/A,,,1
1759293181,eth0,90,Ethernet,IPv6,ICMP,N/A,v6,fe80::5ca9:83ff:fe87:27,ff02::179,N/A,N/A,N/A,N/A,N/A,N/A,,,0
1759293181,eth0,54,Ethernet,IPv4,N/A,N/A,v4,172.30.0.220,224.0.0.22,N/A,N/A,N/A,N/A,N/A,N/A,,,0
1759293181,any,92,N/A,IPv6,ICMP,N/A,v6,fe80::5ca9:83ff:fe87:27,ff02::179,N/A,N/A,N/A,N/A,N/A,N/A,,,0
1759293181,eth0,87,Ethernet,IPv6,UDP,N/A,v6,fe80::5ca9:83ff:fe87:27,ff02::1:52,5355,5355,N/A,N/A,N/A,N/A,,,0
1759293181,any,89,N/A,IPv6,UDP,N/A,v6,fe80::5ca9:83ff:fe87:27,ff02::1:52,5355,5355,N/A,N/A,N/A,N/A,,,0
1759293181,eth0,356,Ethernet,IPv4,UDP,N/A,v4,0.0.0.0,255.255.255.255,68,67,N/A,N/A,N/A,N/A,,,0
1759293181,any,358,N/A,IPv4,UDP,N/A,v4,0.0.0.0,255.255.255.255,68,67,N/A,N/A,N/A,N/A,,,0
1759293181,eth0,368,Ethernet,IPv4,UDP,N/A,v4,0.0.0.0,255.255.255.255,68,67,N/A,N/A,N/A,N/A,,,0
1759293181,any,370,N/A,IPv4,UDP,N/A,v4,0.0.0.0,255.255.255.255,68,67,N/A,N/A,N/A,N/A,,,0
1759293181,eth1,110,Ethernet,IPv6,ICMP,N/A,v6,fe80::a824:52ff:fe4f:69,ff02::179,N/A,N/A,N/A,N/A,N/A,N/A,,,0
1759293181,any,112,N/A,IPv6,ICMP,N/A,v6,fe80::a824:52ff:fe4f:69,ff02::179,N/A,N/A,N/A,N/A,N/A,N/A,,,0
1759293181,eth0,54,Ethernet,IPv4,N/A,N/A,v4,172.30.0.220,224.0.0.22,N/A,N/A,N/A,N/A,N/A,N/A,,,0
1759293181,any,56,N/A,IPv4,N/A,N/A,v4,172.30.0.220,224.0.0.22,N/A,N/A,N/A,N/A,N/A,N/A,,,0
1759293181,eth0,110,Ethernet,IPv6,ICMP,N/A,v6,fe80::5ca9:83ff:fe87:27,ff02::179,N/A,N/A,N/A,N/A,N/A,N/A,,,0
1759293181,any,112,N/A,IPv6,ICMP,N/A,v6,fe80::5ca9:83ff:fe87:27,ff02::179,N/A,N/A,N/A,N/A,N/A,N/A,,,0
1759293181,eth0,42,Ethernet,N/A,N/A,N/A,N/A,N/A,N/A,N/A,N/A,N/A,N/A,N/A,N/A,,,0
1759293181,eth0,90,Ethernet,IPv6,ICMP,N/A,v6,fe80::e48e:99ff:fe5f:147,ff02::179,N/A,N/A,N/A,N/A,N/A,N/A,,,1
1759293181,eth0,54,Ethernet,IPv4,N/A,N/A,v4,172.30.0.220,224.0.0.22,N/A,N/A,N/A,N/A,N/A,N/A,,,1
1759293181,any,92,N/A,IPv6,ICMP,N/A,v6,fe80::e48e:99ff:fe5f:147,ff02::179,N/A,N/A,N/A,N/A,N/A,N/A,,,1
1759293181,eth0,91,Ethernet,IPv6,UDP,N/A,v6,fe80::e48e:99ff:fe5f:147,ff02::1:52,5355,5355,N/A,N/A,N/A,N/A,,,1
1759293181,any,93,N/A,IPv6,UDP,N/A,v6,fe80::e48e:99ff:fe5f:147,ff02::1:52,5355,5355,N/A,N/A,N/A,N/A,,,1
1759293181,eth0,360,Ethernet,IPv4,UDP,N/A,v4,0.0.0.0,255.255.255.255,68,67,N/A,N/A,N/A,N/A,,,1
1759293181,any,362,N/A,IPv4,UDP,N/A,v4,0.0.0.0,255.255.255.255,68,67,N/A,N/A,N/A,N/A,,,1
1759293181,eth0,372,Ethernet,IPv4,UDP,N/A,v4,0.0.0.0,255.255.255.255,68,67,N/A,N/A,N/A,N/A,,,1
1759293181,any,374,N/A,IPv4,UDP,N/A,v4,0.0.0.0,255.255.255.255,68,67,N/A,N/A,N/A,N/A,,,1
1759293181,eth2,110,Ethernet,IPv6,ICMP,N/A,v6,fe80::dcac:f9ff:fe59:60,ff02::179,N/A,N/A,N/A,N/A,N/A,N/A,,,1
1759293181,any,112,N/A,IPv6,ICMP,N/A,v6,fe80::f056:abff:fe65:143,ff02::179,N/A,N/A,N/A,N/A,N/A,N/A,,,1
1759293181,eth1,110,Ethernet,IPv6,ICMP,N/A,v6,fe80::f056:abff:fe65:143,ff02::179,N/A,N/A,N/A,N/A,N/A,N/A,,,1
1759293181,eth0,110,Ethernet,IPv6,ICMP,N/A,v6,fe80::e48e:99ff:fe5f:147,ff02::179,N/A,N/A,N/A,N/A,N/A,N/A,,,1
1759293181,eth0,54,Ethernet,IPv4,N/A,N/A,v4,172.30.0.220,224.0.0.22,N/A,N/A,N/A,N/A,N/A,N/A,,,1
1759293181,any,112,N/A,IPv6,ICMP,N/A,v6,fe80::e48e:99ff:fe5f:147,ff02::179,N/A,N/A,N/A,N/A,N/A,N/A,,,1
1759293181,eth0,42,Ethernet,N/A,N/A,N/A,N/A,N/A,N/A,N/A,N/A,N/A,N/A,N/A,N/A,,,1
1759293181,eth0,56,Ethernet,N/A,N/A,N/A,N/A,N/A,N/A,N/A,N/A,N/A,N/A,N/A,N/A,,,1
1759293181,eth0,56,Ethernet,N/A,N/A,N/A,N/A,N/A,N/A,N/A,N/A,N/A,N/A,N/A,N/A,,,1
1759293181,any,44,ARP,N/A,N/A,N/A,N/A,N/A,N/A,N/A,N/A,1,2048,172.30.0.220,172.30.0.122,,,1
1759293181,any,58,ARP,N/A,N/A,N/A,N/A,N/A,N/A,N/A,N/A,2,2048,172.30.0.122,172.30.0.220,,,1
1759293181,any,112,N/A,IPv6,ICMP,N/A,v6,fe80::dcac:f9ff:fe59:60,ff02::179,N/A,N/A,N/A,N/A,N/A,N/A,,,1
1759293181,eth2,110,Ethernet,IPv6,ICMP,N/A,v6,fe80::dcac:f9ff:fe59:60,ff02::179,N/A,N/A,N/A,N/A,N/A,N/A,,,1
1759293181,eth0,70,Ethernet,IPv6,ICMP,N/A,v6,fe80::ecf9:eff:fefb:55,ff02::204,N/A,N/A,N/A,N/A,N/A,N/A,,,1
1759293181,any,72,N/A,IPv6,ICMP,N/A,v6,fe80::ecf9:eff:fefb:55,ff02::204,N/A,N/A,N/A,N/A,N/A,N/A,,,1
1759293181,any,112,N/A,IPv6,ICMP,N/A,v6,fe80::f056:abff:fe65:143,ff02::179,N/A,N/A,N/A,N/A,N/A,N/A,,,1
1759293181,eth1,110,Ethernet,IPv6,ICMP,N/A,v6,fe80::f056:abff:fe65:143,ff02::179,N/A,N/A,N/A,N/A,N/A,N/A,,,1
1759293181,any,72,N/A,IPv6,ICMP,N/A,v6,fe80::dcac:f9ff:fe59:60,ff02::204,N/A,N/A,N/A,N/A,N/A,N/A,,,1
1759293181,eth2,70,Ethernet,IPv6,ICMP,N/A,v6,fe80::dcac:f9ff:fe59:60,ff02::204,N/A,N/A,N/A,N/A,N/A,N/A,,,1
1759293181,eth0,70,Ethernet,IPv6,ICMP,N/A,v6,fe80::e48e:99ff:fe5f:147,ff02::204,N/A,N/A,N/A,N/A,N/A,N/A,,,1
1759293181,eth1,70,Ethernet,IPv6,ICMP,N/A,v6,fe80::f056:abff:fe65:143,ff02::204,N/A,N/A,N/A,N/A,N/A,N/A,,,1
1759293181,any,92,N/A,IPv6,ICMP,N/A,v6,fe80::ecf9:eff:fefb:55,ff02::179,N/A,N/A,N/A,N/A,N/A,N/A,,,1
1759293181,any,58,N/A,IPv4,N/A,N/A,v4,172.30.0.89,224.0.0.22,N/A,N/A,N/A,N/A,N/A,N/A,,,1
1759293181,eth0,90,Ethernet,IPv6,ICMP,N/A,v6,fe80::ecf9:eff:fefb:55,ff02::179,N/A,N/A,N/A,N/A,N/A,N/A,,,1
1759293181,eth0,56,Ethernet,IPv4,N/A,N/A,v4,172.30.0.89,224.0.0.22,N/A,N/A,N/A,N/A,N/A,N/A,,,1
1759293181,eth0,67,Ethernet,IPv4,UDP,N/A,v4,172.30.0.89,224.0.0.252,5355,5355,N/A,N/A,N/A,N/A,,,1
1759293181,any,69,N/A,IPv4,UDP,N/A,v4,172.30.0.89,224.0.0.252,5355,5355,N/A,N/A,N/A,N/A,,,1
1759293181,eth0,356,Ethernet,IPv4,UDP,N/A,v4,0.0.0.0,255.255.255.255,68,67,N/A,N/A,N/A,N/A,,,1
1759293181,any,358,N/A,IPv4,UDP,N/A,v4,0.0.0.0,255.255.255.255,68,67,N/A,N/A,N/A,N/A,,,1
1759293181,eth0,368,Ethernet,IPv4,UDP,N/A,v4,0.0.0.0,255.255.255.255,68,67,N/A,N/A,N/A,N/A,,,1
1759293181,any,370,N/A,IPv4,UDP,N/A,v4,0.0.0.0,255.255.255.255,68,67,N/A,N/A,N/A,N/A,,,1
1759293181,any,112,N/A,IPv6,ICMP,N/A,v6,fe80::103b:bdff:fef0:169,ff02::179,N/A,N/A,N/A,N/A,N/A,N/A,,,1
1759293181,eth1,110,Ethernet,IPv6,ICMP,N/A,v6,fe80::103b:bdff:fef0:169,ff02::179,N/A,N/A,N/A,N/A,N/A,N/A,,,1
1759293181,eth0,110,Ethernet,IPv6,ICMP,N/A,v6,fe80::ecf9:eff:fefb:55,ff02::179,N/A,N/A,N/A,N/A,N/A,N/A,,,1
1759293181,eth0,56,Ethernet,IPv4,N/A,N/A,v4,172.30.0.89,224.0.0.22,N/A,N/A,N/A,N/A,N/A,N/A,,,1
1759293181,any,112,N/A,IPv6,ICMP,N/A,v6,fe80::ecf9:eff:fefb:55,ff02::179,N/A,N/A,N/A,N/A,N/A,N/A,,,1
1759293181,eth0,56,Ethernet,N/A,N/A,N/A,N/A,N/A,N/A,N/A,N/A,N/A,N/A,N/A,N/A,,,1
1759293181,any,58,ARP,N/A,N/A,N/A,N/A,N/A,N/A,N/A,N/A,1,2048,172.30.0.89,172.30.0.122,,,1
1759293181,eth0,356,Ethernet,IPv4,UDP,N/A,v4,0.0.0.0,255.255.255.255,68,67,N/A,N/A,N/A,N/A,,,1
1759293181,any,358,N/A,IPv4,UDP,N/A,v4,0.0.0.0,255.255.255.255,68,67,N/A,N/A,N/A,N/A,,,1
1759293181,eth0,368,Ethernet,IPv4,UDP,N/A,v4,0.0.0.0,255.255.255.255,68,67,N/A,N/A,N/A,N/A,,,1
1759293181,any,370,N/A,IPv4,UDP,N/A,v4,0.0.0.0,255.255.255.255,68,67,N/A,N/A,N/A,N/A,,,1
1759293181,eth0,110,Ethernet,IPv6,ICMP,N/A,v6,fe80::ecf9:eff:fefb:55,ff02::179,N/A,N/A,N/A,N/A,N/A,N/A,,,1
1759293181,eth1,110,Ethernet,IPv6,ICMP,N/A,v6,fe80::103b:bdff:fef0:169,ff02::179,N/A,N/A,N/A,N/A,N/A,N/A,,,1
1759293181,any,112,N/A,IPv6,ICMP,N/A,v6,fe80::103b:bdff:fef0:169,ff02::179,N/A,N/A,N/A,N/A,N/A,N/A,,,1
1759293181,eth0,56,Ethernet,N/A,N/A,N/A,N/A,N/A,N/A,N/A,N/A,N/A,N/A,N/A,N/A,,,1
1759293181,any,58,ARP,N/A,N/A,N/A,N/A,N/A,N/A,N/A,N/A,1,2048,172.30.0.89,172.30.0.122,,,1
1759293181,eth0,110,Ethernet,IPv6,ICMP,N/A,v6,fe80::e48e:99ff:fe5f:147,ff02::179,N/A,N/A,N/A,N/A,N/A,N/A,,,1
1759293181,any,112,N/A,IPv6,ICMP,N/A,v6,fe80::e48e:99ff:fe5f:147,ff02::179,N/A,N/A,N/A,N/A,N/A,N/A,,,1
1759293181,eth0,90,Ethernet,IPv6,ICMP,N/A,v6,fe80::ecf9:eff:fefb:55,ff02::179,N/A,N/A,N/A,N/A,N/A,N/A,,,1
1759293181,any,92,N/A,IPv6,ICMP,N/A,v6,fe80::ecf9:eff:fefb:55,ff02::179,N/A,N/A,N/A,N/A,N/A,N/A,,,1
1759293181,eth0,54,Ethernet,IPv4,N/A,N/A,v4,172.30.0.220,224.0.0.22,N/A,N/A,N/A,N/A,N/A,N/A,,,1
1759293181,any,56,N/A,IPv4,N/A,N/A,v4,172.30.0.220,224.0.0.22,N/A,N/A,N/A,N/A,N/A,N/A,,,1
1759293181,eth0,56,Ethernet,N/A,N/A,N/A,N/A,N/A,N/A,N/A,N/A,N/A,N/A,N/A,N/A,,,0
1759293181,eth0,56,Ethernet,N/A,N/A,N/A,N/A,N/A,N/A,N/A,N/A,N/A,N/A,N/A,N/A,,,0
1759293181,any,44,ARP,N/A,N/A,N/A,N/A,N/A,N/A,N/A,N/A,1,2048,172.30.0.220,172.30.0.122,,,0
1759293181,any,58,ARP,N/A,N/A,N/A,N/A,N/A,N/A,N/A,N/A,2,2048,172.30.0.122,172.30.0.220,,,0
1759293181,any,112,N/A,IPv6,ICMP,N/A,v6,fe80::a824:52ff:fe4f:69,ff02::179,N/A,N/A,N/A,N/A,N/A,N/A,,,0
1759293181,eth1,110,Ethernet,IPv6,ICMP,N/A,v6,fe80::a824:52ff:fe4f:69,ff02::179,N/A,N/A,N/A,N/A,N/A,N/A,,,0
1759293181,any,72,N/A,IPv6,ICMP,N/A,v6,fe80::a824:52ff:fe4f:69,ff02::204,N/A,N/A,N/A,N/A,N/A,N/A,,,0
1759293181,eth1,70,Ethernet,IPv6,ICMP,N/A,v6,fe80::a824:52ff:fe4f:69,ff02::204,N/A,N/A,N/A,N/A,N/A,N/A,,,0
1759293181,eth0,70,Ethernet,IPv6,ICMP,N/A,v6,fe80::5ca9:83ff:fe87:27,ff02::204,N/A,N/A,N/A,N/A,N/A,N/A,,,0
1759293181,any,56,N/A,IPv4,N/A,N/A,v4,172.30.0.220,224.0.0.22,N/A,N/A,N/A,N/A,N/A,N/A,,,0
1759293181,eth0,54,Ethernet,IPv4,N/A,N/A,v4,172.30.0.220,224.0.0.22,N/A,N/A,N/A,N/A,N/A,N/A,,,0
1759293182,eth0,56,Ethernet,IPv4,N/A,N/A,v4,172.30.0.89,224.0.0.22,N/A,N/A,N/A,N/A,N/A,N/A,,,1
1759293182,any,58,N/A,IPv4,N/A,N/A,v4,172.30.0.89,224.0.0.22,N/A,N/A,N/A,N/A,N/A,N/A,,,1
1759293182,eth0,111,Ethernet,N/A,N/A,N/A,N/A,N/A,N/A,N/A,N/A,N/A,N/A,N/A,N/A,,,1
1759293182,any,113,N/A,N/A,N/A,N/A,N/A,N/A,N/A,N/A,N/A,N/A,N/A,N/A,N/A,,,1
1759293182,any,112,N/A,IPv6,ICMP,N/A,v6,fe80::103b:bdff:fef0:169,ff02::179,N/A,N/A,N/A,N/A,N/A,N/A,,,1
1759293182,eth1,110,Ethernet,IPv6,ICMP,N/A,v6,fe80::103b:bdff:fef0:169,ff02::179,N/A,N/A,N/A,N/A,N/A,N/A,,,1
1759293182,eth1,70,Ethernet,IPv6,ICMP,N/A,v6,fe80::103b:bdff:fef0:169,ff02::204,N/A,N/A,N/A,N/A,N/A,N/A,,,1
1759293182,eth0,70,Ethernet,IPv6,ICMP,N/A,v6,fe80::ecf9:eff:fefb:55,ff02::204,N/A,N/A,N/A,N/A,N/A,N/A,,,1
1759293182,any,72,N/A,IPv6,ICMP,N/A,v6,fe80::ecf9:eff:fefb:55,ff02::204,N/A,N/A,N/A,N/A,N/A,N/A,,,1
1759293182,any,72,N/A,IPv6,ICMP,N/A,v6,fe80::103b:bdff:fef0:169,ff02::204,N/A,N/A,N/A,N/A,N/A,N/A,,,1
1759293182,eth0,110,Ethernet,IPv6,ICMP,N/A,v6,fe80::5ca9:83ff:fe87:27,ff02::179,N/A,N/A,N/A,N/A,N/A,N/A,,,0
1759293182,any,112,N/A,IPv6,ICMP,N/A,v6,fe80::5ca9:83ff:fe87:27,ff02::179,N/A,N/A,N/A,N/A,N/A,N/A,,,0
1759293182,any,109,N/A,N/A,N/A,N/A,N/A,N/A,N/A,N/A,N/A,N/A,N/A,N/A,N/A,,,0
1759293182,eth0,107,Ethernet,N/A,N/A,N/A,N/A,N/A,N/A,N/A,N/A,N/A,N/A,N/A,N/A,,,0
1759293183,any,113,N/A,N/A,N/A,N/A,N/A,N/A,N/A,N/A,N/A,N/A,N/A,N/A,N/A,,,1
1759293183,eth0,111,Ethernet,N/A,N/A,N/A,N/A,N/A,N/A,N/A,N/A,N/A,N/A,N/A,N/A,,,1
1759293183,eth1,70,Ethernet,IPv6,ICMP,N/A,v6,fe80::7827:e3ff:fe68:239,ff02::204,N/A,N/A,N/A,N/A,N/A,N/A,,,1
1759293183,any,72,N/A,IPv6,ICMP,N/A,v6,fe80::7827:e3ff:fe68:239,ff02::204,N/A,N/A,N/A,N/A,N/A,N/A,,,1
1759293183,any,109,N/A,N/A,N/A,N/A,N/A,N/A,N/A,N/A,N/A,N/A,N/A,N/A,N/A,,,0
1759293183,eth0,107,Ethernet,N/A,N/A,N/A,N/A,N/A,N/A,N/A,N/A,N/A,N/A,N/A,N/A,,,0
1759293184,eth0,70,Ethernet,IPv6,ICMP,N/A,v6,fe80::24f1:23ff:fe29:66,ff02::204,N/A,N/A,N/A,N/A,N/A,N/A,,,1
1759293184,any,72,N/A,IPv6,ICMP,N/A,v6,fe80::24f1:23ff:fe29:66,ff02::204,N/A,N/A,N/A,N/A,N/A,N/A,,,1
1759293184,any,113,N/A,N/A,N/A,N/A,N/A,N/A,N/A,N/A,N/A,N/A,N/A,N/A,N/A,,,1
1759293184,eth0,111,Ethernet,N/A,N/A,N/A,N/A,N/A,N/A,N/A,N/A,N/A,N/A,N/A,N/A,,,1
1759293184,eth0,90,Ethernet,IPv6,ICMP,N/A,v6,fe80::b0b5:44ff:feea:219,ff02::179,N/A,N/A,N/A,N/A,N/A,N/A,,,1
1759293184,eth0,54,Ethernet,IPv4,N/A,N/A,v4,172.30.0.163,224.0.0.22,N/A,N/A,N/A,N/A,N/A,N/A,,,1
1759293184,any,92,N/A,IPv6,ICMP,N/A,v6,fe80::b0b5:44ff:feea:219,ff02::179,N/A,N/A,N/A,N/A,N/A,N/A,,,1
1759293184,any,90,N/A,IPv6,UDP,N/A,v6,fe80::b0b5:44ff:feea:219,ff02::1:52,5355,5355,N/A,N/A,N/A,N/A,,,1
1759293184,eth0,88,Ethernet,IPv6,UDP,N/A,v6,fe80::b0b5:44ff:feea:219,ff02::1:52,5355,5355,N/A,N/A,N/A,N/A,,,1
1759293184,eth0,90,Ethernet,IPv6,ICMP,N/A,v6,fe80::24f1:23ff:fe29:66,ff02::179,N/A,N/A,N/A,N/A,N/A,N/A,,,1
1759293184,eth0,54,Ethernet,IPv4,N/A,N/A,v4,172.30.0.23,224.0.0.22,N/A,N/A,N/A,N/A,N/A,N/A,,,1
1759293184,any,92,N/A,IPv6,ICMP,N/A,v6,fe80::24f1:23ff:fe29:66,ff02::179,N/A,N/A,N/A,N/A,N/A,N/A,,,1
1759293184,any,359,N/A,IPv4,UDP,N/A,v4,0.0.0.0,255.255.255.255,68,67,N/A,N/A,N/A,N/A,,,1
1759293184,eth0,357,Ethernet,IPv4,UDP,N/A,v4,0.0.0.0,255.255.255.255,68,67,N/A,N/A,N/A,N/A,,,1
1759293184,eth0,369,Ethernet,IPv4,UDP,N/A,v4,0.0.0.0,255.255.255.255,68,67,N/A,N/A,N/A,N/A,,,1
1759293184,any,371,N/A,IPv4,UDP,N/A,v4,0.0.0.0,255.255.255.255,68,67,N/A,N/A,N/A,N/A,,,1
1759293184,eth0,110,Ethernet,IPv6,ICMP,N/A,v6,fe80::b0b5:44ff:feea:219,ff02::179,N/A,N/A,N/A,N/A,N/A,N/A,,,1
1759293184,eth1,110,Ethernet,IPv6,ICMP,N/A,v6,fe80::780a:a9ff:fee6:89,ff02::179,N/A,N/A,N/A,N/A,N/A,N/A,,,1
1759293184,any,112,N/A,IPv6,ICMP,N/A,v6,fe80::780a:a9ff:fee6:89,ff02::179,N/A,N/A,N/A,N/A,N/A,N/A,,,1
1759293184,eth0,110,Ethernet,IPv6,ICMP,N/A,v6,fe80::b0b5:44ff:feea:219,ff02::179,N/A,N/A,N/A,N/A,N/A,N/A,,,1
1759293184,eth0,54,Ethernet,IPv4,N/A,N/A,v4,172.30.0.163,224.0.0.22,N/A,N/A,N/A,N/A,N/A,N/A,,,1
1759293184,any,112,N/A,IPv6,ICMP,N/A,v6,fe80::b0b5:44ff:feea:219,ff02::179,N/A,N/A,N/A,N/A,N/A,N/A,,,1
1759293184,any,69,N/A,IPv4,UDP,N/A,v4,172.30.0.23,224.0.0.252,5355,5355,N/A,N/A,N/A,N/A,,,1
1759293184,eth0,67,Ethernet,IPv4,UDP,N/A,v4,172.30.0.23,224.0.0.252,5355,5355,N/A,N/A,N/A,N/A,,,1
1759293184,eth0,87,Ethernet,IPv6,UDP,N/A,v6,fe80::24f1:23ff:fe29:66,ff02::1:52,5355,5355,N/A,N/A,N/A,N/A,,,1
1759293184,eth0,42,Ethernet,N/A,N/A,N/A,N/A,N/A,N/A,N/A,N/A,N/A,N/A,N/A,N/A,,,1
1759293184,any,44,ARP,N/A,N/A,N/A,N/A,N/A,N/A,N/A,N/A,1,2048,172.30.0.163,172.30.0.122,,,1
1759293184,eth0,356,Ethernet,IPv4,UDP,N/A,v4,0.0.0.0,255.255.255.255,68,67,N/A,N/A,N/A,N/A,,,1
1759293184,any,358,N/A,IPv4,UDP,N/A,v4,0.0.0.0,255.255.255.255,68,67,N/A,N/A,N/A,N/A,,,1
1759293184,any,109,N/A,N/A,N/A,N/A,N/A,N/A,N/A,N/A,N/A,N/A,N/A,N/A,N/A,,,0
1759293184,eth0,107,Ethernet,N/A,N/A,N/A,N/A,N/A,N/A,N/A,N/A,N/A,N/A,N/A,N/A,,,0
1759293184,any,370,N/A,IPv4,UDP,N/A,v4,0.0.0.0,255.255.255.255,68,67,N/A,N/A,N/A,N/A,,,1
1759293184,eth0,368,Ethernet,IPv4,UDP,N/A,v4,0.0.0.0,255.255.255.255,68,67,N/A,N/A,N/A,N/A,,,1
1759293184,any,112,N/A,IPv6,ICMP,N/A,v6,fe80::7827:e3ff:fe68:239,ff02::179,N/A,N/A,N/A,N/A,N/A,N/A,,,1
1759293184,eth1,110,Ethernet,IPv6,ICMP,N/A,v6,fe80::7827:e3ff:fe68:239,ff02::179,N/A,N/A,N/A,N/A,N/A,N/A,,,1
1759293184,eth0,110,Ethernet,IPv6,ICMP,N/A,v6,fe80::24f1:23ff:fe29:66,ff02::179,N/A,N/A,N/A,N/A,N/A,N/A,,,1
1759293184,eth0,54,Ethernet,IPv4,N/A,N/A,v4,172.30.0.23,224.0.0.22,N/A,N/A,N/A,N/A,N/A,N/A,,,1
1759293184,any,112,N/A,IPv6,ICMP,N/A,v6,fe80::24f1:23ff:fe29:66,ff02::179,N/A,N/A,N/A,N/A,N/A,N/A,,,1
1759293184,any,44,ARP,N/A,N/A,N/A,N/A,N/A,N/A,N/A,N/A,1,2048,172.30.0.23,172.30.0.122,,,1
1759293184,eth0,42,Ethernet,N/A,N/A,N/A,N/A,N/A,N/A,N/A,N/A,N/A,N/A,N/A,N/A,,,1
1759293184,any,56,N/A,IPv4,N/A,N/A,v4,172.30.0.23,224.0.0.22,N/A,N/A,N/A,N/A,N/A,N/A,,,1
1759293184,eth0,54,Ethernet,IPv4,N/A,N/A,v4,172.30.0.23,224.0.0.22,N/A,N/A,N/A,N/A,N/A,N/A,,,1
1759293184,eth0,110,Ethernet,IPv6,ICMP,N/A,v6,fe80::24f1:23ff:fe29:66,ff02::179,N/A,N/A,N/A,N/A,N/A,N/A,,,1
1759293184,any,112,N/A,IPv6,ICMP,N/A,v6,fe80::24f1:23ff:fe29:66,ff02::179,N/A,N/A,N/A,N/A,N/A,N/A,,,1
1759293184,any,56,N/A,IPv4,N/A,N/A,v4,172.30.0.163,224.0.0.22,N/A,N/A,N/A,N/A,N/A,N/A,,,1
1759293184,eth0,54,Ethernet,IPv4,N/A,N/A,v4,172.30.0.163,224.0.0.22,N/A,N/A,N/A,N/A,N/A,N/A,,,1
1759293184,any,112,N/A,IPv6,ICMP,N/A,v6,fe80::7827:e3ff:fe68:239,ff02::179,N/A,N/A,N/A,N/A,N/A,N/A,,,1
1759293184,eth1,110,Ethernet,IPv6,ICMP,N/A,v6,fe80::7827:e3ff:fe68:239,ff02::179,N/A,N/A,N/A,N/A,N/A,N/A,,,1
1759293185,eth0,90,Ethernet,IPv6,ICMP,N/A,v6,fe80::5ca9:83ff:fe87:27,ff02::179,N/A,N/A,N/A,N/A,N/A,N/A,,,0
1759293185,eth0,54,Ethernet,IPv4,N/A,N/A,v4,172.30.0.220,224.0.0.22,N/A,N/A,N/A,N/A,N/A,N/A,,,0
1759293185,any,92,N/A,IPv6,ICMP,N/A,v6,fe80::5ca9:83ff:fe87:27,ff02::179,N/A,N/A,N/A,N/A,N/A,N/A,,,0
1759293185,eth0,356,Ethernet,IPv4,UDP,N/A,v4,0.0.0.0,255.255.255.255,68,67,N/A,N/A,N/A,N/A,,,0
1759293185,any,358,N/A,IPv4,UDP,N/A,v4,0.0.0.0,255.255.255.255,68,67,N/A,N/A,N/A,N/A,,,0
1759293185,eth0,368,Ethernet,IPv4,UDP,N/A,v4,0.0.0.0,255.255.255.255,68,67,N/A,N/A,N/A,N/A,,,0
1759293185,any,72,N/A,IPv6,ICMP,N/A,v6,fe80::7827:e3ff:fe68:239,ff02::204,N/A,N/A,N/A,N/A,N/A,N/A,,,1
1759293185,eth1,70,Ethernet,IPv6,ICMP,N/A,v6,fe80::7827:e3ff:fe68:239,ff02::204,N/A,N/A,N/A,N/A,N/A,N/A,,,1
1759293185,eth0,70,Ethernet,IPv6,ICMP,N/A,v6,fe80::24f1:23ff:fe29:66,ff02::204,N/A,N/A,N/A,N/A,N/A,N/A,,,1
1759293185,eth0,90,Ethernet,IPv6,ICMP,N/A,v6,fe80::b0b5:44ff:feea:219,ff02::179,N/A,N/A,N/A,N/A,N/A,N/A,,,1
1759293185,any,92,N/A,IPv6,ICMP,N/A,v6,fe80::b0b5:44ff:feea:219,ff02::179,N/A,N/A,N/A,N/A,N/A,N/A,,,1
1759293185,eth0,90,Ethernet,IPv6,ICMP,N/A,v6,fe80::e48e:99ff:fe5f:147,ff02::179,N/A,N/A,N/A,N/A,N/A,N/A,,,1
1759293185,eth0,54,Ethernet,IPv4,N/A,N/A,v4,172.30.0.220,224.0.0.22,N/A,N/A,N/A,N/A,N/A,N/A,,,1
1759293185,any,92,N/A,IPv6,ICMP,N/A,v6,fe80::e48e:99ff:fe5f:147,ff02::179,N/A,N/A,N/A,N/A,N/A,N/A,,,1
1759293185,eth0,91,Ethernet,IPv6,UDP,N/A,v6,fe80::e48e:99ff:fe5f:147,ff02::1:52,5355,5355,N/A,N/A,N/A,N/A,,,1
1759293185,any,93,N/A,IPv6,UDP,N/A,v6,fe80::e48e:99ff:fe5f:147,ff02::1:52,5355,5355,N/A,N/A,N/A,N/A,,,1
1759293185,eth0,360,Ethernet,IPv4,UDP,N/A,v4,0.0.0.0,255.255.255.255,68,67,N/A,N/A,N/A,N/A,,,1
1759293185,any,362,N/A,IPv4,UDP,N/A,v4,0.0.0.0,255.255.255.255,68,67,N/A,N/A,N/A,N/A,,,1
1759293185,eth0,372,Ethernet,IPv4,UDP,N/A,v4,0.0.0.0,255.255.255.255,68,67,N/A,N/A,N/A,N/A,,,1
1759293185,any,374,N/A,IPv4,UDP,N/A,v4,0.0.0.0,255.255.255.255,68,67,N/A,N/A,N/A,N/A,,,1
1759293185,eth2,110,Ethernet,IPv6,ICMP,N/A,v6,fe80::dcac:f9ff:fe59:60,ff02::179,N/A,N/A,N/A,N/A,N/A,N/A,,,1
1759293185,any,112,N/A,IPv6,ICMP,N/A,v6,fe80::f056:abff:fe65:143,ff02::179,N/A,N/A,N/A,N/A,N/A,N/A,,,1
1759293185,eth1,110,Ethernet,IPv6,ICMP,N/A,v6,fe80::f056:abff:fe65:143,ff02::179,N/A,N/A,N/A,N/A,N/A,N/A,,,1
1759293185,any,56,N/A,IPv4,N/A,N/A,v4,172.30.0.220,224.0.0.22,N/A,N/A,N/A,N/A,N/A,N/A,,,1
1759293185,eth0,54,Ethernet,IPv4,N/A,N/A,v4,172.30.0.220,224.0.0.22,N/A,N/A,N/A,N/A,N/A,N/A,,,1
1759293185,eth0,42,Ethernet,N/A,N/A,N/A,N/A,N/A,N/A,N/A,N/A,N/A,N/A,N/A,N/A,,,1
1759293185,any,58,ARP,N/A,N/A,N/A,N/A,N/A,N/A,N/A,N/A,2,2048,172.30.0.122,172.30.0.220,,,1
1759293185,eth0,56,Ethernet,N/A,N/A,N/A,N/A,N/A,N/A,N/A,N/A,N/A,N/A,N/A,N/A,,,1
1759293185,any,58,ARP,N/A,N/A,N/A,N/A,N/A,N/A,N/A,N/A,2,2048,172.30.0.122,172.30.0.220,,,1
1759293185,eth0,56,Ethernet,N/A,N/A,N/A,N/A,N/A,N/A,N/A,N/A,N/A,N/A,N/A,N/A,,,1
1759293185,eth0,110,Ethernet,IPv6,ICMP,N/A,v6,fe80::e48e:99ff:fe5f:147,ff02::179,N/A,N/A,N/A,N/A,N/A,N/A,,,1
1759293185,any,112,N/A,IPv6,ICMP,N/A,v6,fe80::e48e:99ff:fe5f:147,ff02::179,N/A,N/A,N/A,N/A,N/A,N/A,,,1
1759293185,any,112,N/A,IPv6,ICMP,N/A,v6,fe80::780a:a9ff:fee6:89,ff02::179,N/A,N/A,N/A,N/A,N/A,N/A,,,1
1759293185,eth1,110,Ethernet,IPv6,ICMP,N/A,v6,fe80::780a:a9ff:fee6:89,ff02::179,N/A,N/A,N/A,N/A,N/A,N/A,,,1
1759293185,any,72,N/A,IPv6,ICMP,N/A,v6,fe80::780a:a9ff:fee6:89,ff02::204,N/A,N/A,N/A,N/A,N/A,N/A,,,1
1759293185,eth1,70,Ethernet,IPv6,ICMP,N/A,v6,fe80::780a:a9ff:fee6:89,ff02::204,N/A,N/A,N/A,N/A,N/A,N/A,,,1
1759293185,eth0,70,Ethernet,IPv6,ICMP,N/A,v6,fe80::b0b5:44ff:feea:219,ff02::204,N/A,N/A,N/A,N/A,N/A,N/A,,,1
1759293185,any,112,N/A,IPv6,ICMP,N/A,v6,fe80::dcac:f9ff:fe59:60,ff02::179,N/A,N/A,N/A,N/A,N/A,N/A,,,1
1759293185,eth2,110,Ethernet,IPv6,ICMP,N/A,v6,fe80::dcac:f9ff:fe59:60,ff02::179,N/A,N/A,N/A,N/A,N/A,N/A,,,1
1759293185,any,112,N/A,IPv6,ICMP,N/A,v6,fe80::f056:abff:fe65:143,ff02::179,N/A,N/A,N/A,N/A,N/A,N/A,,,1
1759293185,eth1,110,Ethernet,IPv6,ICMP,N/A,v6,fe80::f056:abff:fe65:143,ff02::179,N/A,N/A,N/A,N/A,N/A,N/A,,,1
1759293185,any,92,N/A,IPv6,ICMP,N/A,v6,fe80::ecf9:eff:fefb:55,ff02::179,N/A,N/A,N/A,N/A,N/A,N/A,,,1
1759293185,eth0,90,Ethernet,IPv6,ICMP,N/A,v6,fe80::ecf9:eff:fefb:55,ff02::179,N/A,N/A,N/A,N/A,N/A,N/A,,,1
1759293185,eth0,56,Ethernet,IPv4,N/A,N/A,v4,172.30.0.89,224.0.0.22,N/A,N/A,N/A,N/A,N/A,N/A,,,1
1759293185,eth0,56,Ethernet,IPv4,N/A,N/A,v4,172.30.0.89,224.0.0.22,N/A,N/A,N/A,N/A,N/A,N/A,,,1
1759293185,any,58,N/A,IPv4,N/A,N/A,v4,172.30.0.89,224.0.0.22,N/A,N/A,N/A,N/A,N/A,N/A,,,1
1759293185,any,69,N/A,IPv4,UDP,N/A,v4,172.30.0.89,224.0.0.252,5355,5355,N/A,N/A,N/A,N/A,,,1
1759293185,eth0,67,Ethernet,IPv4,UDP,N/A,v4,172.30.0.89,224.0.0.252,5355,5355,N/A,N/A,N/A,N/A,,,1
1759293185,eth0,87,Ethernet,IPv6,UDP,N/A,v6,fe80::ecf9:eff:fefb:55,ff02::1:52,5355,5355,N/A,N/A,N/A,N/A,,,1
1759293185,any,89,N/A,IPv6,UDP,N/A,v6,fe80::ecf9:eff:fefb:55,ff02::1:52,5355,5355,N/A,N/A,N/A,N/A,,,1
1759293185,any,358,N/A,IPv4,UDP,N/A,v4,0.0.0.0,255.255.255.255,68,67,N/A,N/A,N/A,N/A,,,1
1759293185,eth0,356,Ethernet,IPv4,UDP,N/A,v4,0.0.0.0,255.255.255.255,68,67,N/A,N/A,N/A,N/A,,,1
1759293185,any,370,N/A,IPv4,UDP,N/A,v4,0.0.0.0,255.255.255.255,68,67,N/A,N/A,N/A,N/A,,,1
1759293185,eth0,368,Ethernet,IPv4,UDP,N/A,v4,0.0.0.0,255.255.255.255,68,67,N/A,N/A,N/A,N/A,,,1
1759293185,any,112,N/A,IPv6,ICMP,N/A,v6,fe80::103b:bdff:fef0:169,ff02::179,N/A,N/A,N/A,N/A,N/A,N/A,,,1
1759293185,eth1,110,Ethernet,IPv6,ICMP,N/A,v6,fe80::103b:bdff:fef0:169,ff02::179,N/A,N/A,N/A,N/A,N/A,N/A,,,1
1759293185,any,112,N/A,IPv6,ICMP,N/A,v6,fe80::ecf9:eff:fefb:55,ff02::179,N/A,N/A,N/A,N/A,N/A,N/A,,,1
1759293185,eth0,110,Ethernet,IPv6,ICMP,N/A,v6,fe80::ecf9:eff:fefb:55,ff02::179,N/A,N/A,N/A,N/A,N/A,N/A,,,1
1759293185,eth0,56,Ethernet,IPv4,N/A,N/A,v4,172.30.0.89,224.0.0.22,N/A,N/A,N/A,N/A,N/A,N/A,,,1
1759293185,eth0,56,Ethernet,N/A,N/A,N/A,N/A,N/A,N/A,N/A,N/A,N/A,N/A,N/A,N/A,,,1
1759293185,any,58,ARP,N/A,N/A,N/A,N/A,N/A,N/A,N/A,N/A,1,2048,172.30.0.89,172.30.0.122,,,1
1759293185,any,56,N/A,IPv4,N/A,N/A,v4,172.30.0.220,224.0.0.22,N/A,N/A,N/A,N/A,N/A,N/A,,,1
1759293185,eth0,54,Ethernet,IPv4,N/A,N/A,v4,172.30.0.220,224.0.0.22,N/A,N/A,N/A,N/A,N/A,N/A,,,1
1759293185,eth0,110,Ethernet,IPv6,ICMP,N/A,v6,fe80::5ca9:83ff:fe87:27,ff02::179,N/A,N/A,N/A,N/A,N/A,N/A,,,0
1759293185,eth0,54,Ethernet,IPv4,N/A,N/A,v4,172.30.0.220,224.0.0.22,N/A,N/A,N/A,N/A,N/A,N/A,,,0
1759293185,eth0,42,Ethernet,N/A,N/A,N/A,N/A,N/A,N/A,N/A,N/A,N/A,N/A,N/A,N/A,,,0
1759293185,eth0,56,Ethernet,N/A,N/A,N/A,N/A,N/A,N/A,N/A,N/A,N/A,N/A,N/A,N/A,,,0
1759293185,eth0,56,Ethernet,N/A,N/A,N/A,N/A,N/A,N/A,N/A,N/A,N/A,N/A,N/A,N/A,,,0
1759293185,any,370,N/A,IPv4,UDP,N/A,v4,0.0.0.0,255.255.255.255,68,67,N/A,N/A,N/A,N/A,,,0
1759293185,any,112,N/A,IPv6,ICMP,N/A,v6,fe80::a824:52ff:fe4f:69,ff02::179,N/A,N/A,N/A,N/A,N/A,N/A,,,0
1759293185,any,112,N/A,IPv6,ICMP,N/A,v6,fe80::5ca9:83ff:fe87:27,ff02::179,N/A,N/A,N/A,N/A,N/A,N/A,,,0
1759293185,any,44,ARP,N/A,N/A,N/A,N/A,N/A,N/A,N/A,N/A,1,2048,172.30.0.220,172.30.0.122,,,0
1759293185,any,58,ARP,N/A,N/A,N/A,N/A,N/A,N/A,N/A,N/A,2,2048,172.30.0.122,172.30.0.220,,,0
1759293185,any,58,ARP,N/A,N/A,N/A,N/A,N/A,N/A,N/A,N/A,2,2048,172.30.0.122,172.30.0.220,,,0
1759293185,eth1,110,Ethernet,IPv6,ICMP,N/A,v6,fe80::a824:52ff:fe4f:69,ff02::179,N/A,N/A,N/A,N/A,N/A,N/A,,,0
1759293185,eth0,54,Ethernet,IPv4,N/A,N/A,v4,172.30.0.220,224.0.0.22,N/A,N/A,N/A,N/A,N/A,N/A,,,0
1759293185,any,56,N/A,IPv4,N/A,N/A,v4,172.30.0.220,224.0.0.22,N/A,N/A,N/A,N/A,N/A,N/A,,,0
1759293185,any,112,N/A,IPv6,ICMP,N/A,v6,fe80::5ca9:83ff:fe87:27,ff02::179,N/A,N/A,N/A,N/A,N/A,N/A,,,0
1759293185,eth0,110,Ethernet,IPv6,ICMP,N/A,v6,fe80::5ca9:83ff:fe87:27,ff02::179,N/A,N/A,N/A,N/A,N/A,N/A,,,0
1759293186,eth0,110,Ethernet,IPv6,ICMP,N/A,v6,fe80::e48e:99ff:fe5f:147,ff02::179,N/A,N/A,N/A,N/A,N/A,N/A,,,1
1759293186,any,112,N/A,IPv6,ICMP,N/A,v6,fe80::a824:52ff:fe4f:69,ff02::179,N/A,N/A,N/A,N/A,N/A,N/A,,,0
1759293186,eth1,110,Ethernet,IPv6,ICMP,N/A,v6,fe80::a824:52ff:fe4f:69,ff02::179,N/A,N/A,N/A,N/A,N/A,N/A,,,0
1759293186,eth0,107,Ethernet,N/A,N/A,N/A,N/A,N/A,N/A,N/A,N/A,N/A,N/A,N/A,N/A,,,0
1759293186,eth0,70,Ethernet,IPv6,ICMP,N/A,v6,fe80::5ca9:83ff:fe87:27,ff02::204,N/A,N/A,N/A,N/A,N/A,N/A,,,0
1759293186,any,72,N/A,IPv6,ICMP,N/A,v6,fe80::a824:52ff:fe4f:69,ff02::204,N/A,N/A,N/A,N/A,N/A,N/A,,,0
1759293186,eth1,70,Ethernet,IPv6,ICMP,N/A,v6,fe80::a824:52ff:fe4f:69,ff02::204,N/A,N/A,N/A,N/A,N/A,N/A,,,0
1759293186,any,112,N/A,IPv6,ICMP,N/A,v6,fe80::e48e:99ff:fe5f:147,ff02::179,N/A,N/A,N/A,N/A,N/A,N/A,,,1
1759293186,any,112,N/A,IPv6,ICMP,N/A,v6,fe80::103b:bdff:fef0:169,ff02::179,N/A,N/A,N/A,N/A,N/A,N/A,,,1
1759293186,eth1,110,Ethernet,IPv6,ICMP,N/A,v6,fe80::103b:bdff:fef0:169,ff02::179,N/A,N/A,N/A,N/A,N/A,N/A,,,1
1759293186,any,72,N/A,IPv6,ICMP,N/A,v6,fe80::dcac:f9ff:fe59:60,ff02::204,N/A,N/A,N/A,N/A,N/A,N/A,,,1
1759293186,eth2,70,Ethernet,IPv6,ICMP,N/A,v6,fe80::dcac:f9ff:fe59:60,ff02::204,N/A,N/A,N/A,N/A,N/A,N/A,,,1
1759293186,eth1,70,Ethernet,IPv6,ICMP,N/A,v6,fe80::f056:abff:fe65:143,ff02::204,N/A,N/A,N/A,N/A,N/A,N/A,,,1
1759293186,eth0,111,Ethernet,N/A,N/A,N/A,N/A,N/A,N/A,N/A,N/A,N/A,N/A,N/A,N/A,,,1
1759293186,eth0,70,Ethernet,IPv6,ICMP,N/A,v6,fe80::e48e:99ff:fe5f:147,ff02::204,N/A,N/A,N/A,N/A,N/A,N/A,,,1
1759293186,any,72,N/A,IPv6,ICMP,N/A,v6,fe80::ecf9:eff:fefb:55,ff02::204,N/A,N/A,N/A,N/A,N/A,N/A,,,1
1759293186,eth0,70,Ethernet,IPv6,ICMP,N/A,v6,fe80::ecf9:eff:fefb:55,ff02::204,N/A,N/A,N/A,N/A,N/A,N/A,,,1
1759293186,any,72,N/A,IPv6,ICMP,N/A,v6,fe80::103b:bdff:fef0:169,ff02::204,N/A,N/A,N/A,N/A,N/A,N/A,,,1
1759293186,eth1,70,Ethernet,IPv6,ICMP,N/A,v6,fe80::103b:bdff:fef0:169,ff02::204,N/A,N/A,N/A,N/A,N/A,N/A,,,1
1759293186,eth0,56,Ethernet,IPv4,N/A,N/A,v4,172.30.0.89,224.0.0.22,N/A,N/A,N/A,N/A,N/A,N/A,,,1
1759293186,any,58,N/A,IPv4,N/A,N/A,v4,172.30.0.89,224.0.0.22,N/A,N/A,N/A,N/A,N/A,N/A,,,1
1759293186,any,112,N/A,IPv6,ICMP,N/A,v6,fe80::ecf9:eff:fefb:55,ff02::179,N/A,N/A,N/A,N/A,N/A,N/A,,,1
1759293186,eth0,110,Ethernet,IPv6,ICMP,N/A,v6,fe80::ecf9:eff:fefb:55,ff02::179,N/A,N/A,N/A,N/A,N/A,N/A,,,1
1759293187,eth0,107,Ethernet,N/A,N/A,N/A,N/A,N/A,N/A,N/A,N/A,N/A,N/A,N/A,N/A,,,0
1759293187,any,109,N/A,N/A,N/A,N/A,N/A,N/A,N/A,N/A,N/A,N/A,N/A,N/A,N/A,,,0
1759293187,eth0,111,Ethernet,N/A,N/A,N/A,N/A,N/A,N/A,N/A,N/A,N/A,N/A,N/A,N/A,,,1
1759293187,any,113,N/A,N/A,N/A,N/A,N/A,N/A,N/A,N/A,N/A,N/A,N/A,N/A,N/A,,,1
1759293188,eth0,107,Ethernet,N/A,N/A,N/A,N/A,N/A,N/A,N/A,N/A,N/A,N/A,N/A,N/A,,,0
1759293188,eth0,90,Ethernet,IPv6,ICMP,N/A,v6,fe80::b0b5:44ff:feea:219,ff02::179,N/A,N/A,N/A,N/A,N/A,N/A,,,1
1759293188,eth0,54,Ethernet,IPv4,N/A,N/A,v4,172.30.0.163,224.0.0.22,N/A,N/A,N/A,N/A,N/A,N/A,,,1
1759293188,any,92,N/A,IPv6,ICMP,N/A,v6,fe80::b0b5:44ff:feea:219,ff02::179,N/A,N/A,N/A,N/A,N/A,N/A,,,1
1759293188,any,90,N/A,IPv6,UDP,N/A,v6,fe80::b0b5:44ff:feea:219,ff02::1:52,5355,5355,N/A,N/A,N/A,N/A,,,1
1759293188,eth0,88,Ethernet,IPv6,UDP,N/A,v6,fe80::b0b5:44ff:feea:219,ff02::1:52,5355,5355,N/A,N/A,N/A,N/A,,,1
1759293188,any,359,N/A,IPv4,UDP,N/A,v4,0.0.0.0,255.255.255.255,68,67,N/A,N/A,N/A,N/A,,,1
1759293188,eth0,357,Ethernet,IPv4,UDP,N/A,v4,0.0.0.0,255.255.255.255,68,67,N/A,N/A,N/A,N/A,,,1
1759293188,eth0,369,Ethernet,IPv4,UDP,N/A,v4,0.0.0.0,255.255.255.255,68,67,N/A,N/A,N/A,N/A,,,1
1759293188,any,112,N/A,IPv6,ICMP,N/A,v6,fe80::780a:a9ff:fee6:89,ff02::179,N/A,N/A,N/A,N/A,N/A,N/A,,,1
1759293188,eth1,110,Ethernet,IPv6,ICMP,N/A,v6,fe80::780a:a9ff:fee6:89,ff02::179,N/A,N/A,N/A,N/A,N/A,N/A,,,1
1759293188,eth0,110,Ethernet,IPv6,ICMP,N/A,v6,fe80::b0b5:44ff:feea:219,ff02::179,N/A,N/A,N/A,N/A,N/A,N/A,,,1
1759293188,eth0,54,Ethernet,IPv4,N/A,N/A,v4,172.30.0.163,224.0.0.22,N/A,N/A,N/A,N/A,N/A,N/A,,,1
1759293188,any,112,N/A,IPv6,ICMP,N/A,v6,fe80::b0b5:44ff:feea:219,ff02::179,N/A,N/A,N/A,N/A,N/A,N/A,,,1
1759293188,eth0,90,Ethernet,IPv6,ICMP,N/A,v6,fe80::24f1:23ff:fe29:66,ff02::179,N/A,N/A,N/A,N/A,N/A,N/A,,,1
1759293188,eth0,54,Ethernet,IPv4,N/A,N/A,v4,172.30.0.23,224.0.0.22,N/A,N/A,N/A,N/A,N/A,N/A,,,1
1759293188,any,92,N/A,IPv6,ICMP,N/A,v6,fe80::24f1:23ff:fe29:66,ff02::179,N/A,N/A,N/A,N/A,N/A,N/A,,,1
1759293188,eth0,111,Ethernet,N/A,N/A,N/A,N/A,N/A,N/A,N/A,N/A,N/A,N/A,N/A,N/A,,,1
1759293188,any,113,N/A,N/A,N/A,N/A,N/A,N/A,N/A,N/A,N/A,N/A,N/A,N/A,N/A,,,1
1759293188,any,69,N/A,IPv4,UDP,N/A,v4,172.30.0.23,224.0.0.252,5355,5355,N/A,N/A,N/A,N/A,,,1
1759293188,eth0,67,Ethernet,IPv4,UDP,N/A,v4,172.30.0.23,224.0.0.252,5355,5355,N/A,N/A,N/A,N/A,,,1
1759293188,any,358,N/A,IPv4,UDP,N/A,v4,0.0.0.0,255.255.255.255,68,67,N/A,N/A,N/A,N/A,,,1
1759293188,eth0,356,Ethernet,IPv4,UDP,N/A,v4,0.0.0.0,255.255.255.255,68,67,N/A,N/A,N/A,N/A,,,1
1759293188,any,370,N/A,IPv4,UDP,N/A,v4,0.0.0.0,255.255.255.255,68,67,N/A,N/A,N/A,N/A,,,1
1759293188,eth0,368,Ethernet,IPv4,UDP,N/A,v4,0.0.0.0,255.255.255.255,68,67,N/A,N/A,N/A,N/A,,,1
1759293188,any,112,N/A,IPv6,ICMP,N/A,v6,fe80::7827:e3ff:fe68:239,ff02::179,N/A,N/A,N/A,N/A,N/A,N/A,,,1
1759293188,eth1,110,Ethernet,IPv6,ICMP,N/A,v6,fe80::7827:e3ff:fe68:239,ff02::179,N/A,N/A,N/A,N/A,N/A,N/A,,,1
1759293188,any,112,N/A,IPv6,ICMP,N/A,v6,fe80::24f1:23ff:fe29:66,ff02::179,N/A,N/A,N/A,N/A,N/A,N/A,,,1
1759293188,eth0,110,Ethernet,IPv6,ICMP,N/A,v6,fe80::24f1:23ff:fe29:66,ff02::179,N/A,N/A,N/A,N/A,N/A,N/A,,,1
1759293188,eth0,54,Ethernet,IPv4,N/A,N/A,v4,172.30.0.23,224.0.0.22,N/A,N/A,N/A,N/A,N/A,N/A,,,1
1759293188,eth0,42,Ethernet,N/A,N/A,N/A,N/A,N/A,N/A,N/A,N/A,N/A,N/A,N/A,N/A,,,1
1759293188,eth0,42,Ethernet,N/A,N/A,N/A,N/A,N/A,N/A,N/A,N/A,N/A,N/A,N/A,N/A,,,1
1759293188,any,44,ARP,N/A,N/A,N/A,N/A,N/A,N/A,N/A,N/A,1,2048,172.30.0.23,172.30.0.122,,,1
1759293188,any,109,N/A,N/A,N/A,N/A,N/A,N/A,N/A,N/A,N/A,N/A,N/A,N/A,N/A,,,0
1759293188,any,112,N/A,IPv6,ICMP,N/A,v6,fe80::7827:e3ff:fe68:239,ff02::179,N/A,N/A,N/A,N/A,N/A,N/A,,,1
1759293188,eth1,110,Ethernet,IPv6,ICMP,N/A,v6,fe80::7827:e3ff:fe68:239,ff02::179,N/A,N/A,N/A,N/A,N/A,N/A,,,1
1759293188,any,112,N/A,IPv6,ICMP,N/A,v6,fe80::780a:a9ff:fee6:89,ff02::179,N/A,N/A,N/A,N/A,N/A,N/A,,,1
1759293188,eth1,110,Ethernet,IPv6,ICMP,N/A,v6,fe80::780a:a9ff:fee6:89,ff02::179,N/A,N/A,N/A,N/A,N/A,N/A,,,1
1759293189,eth0,107,Ethernet,N/A,N/A,N/A,N/A,N/A,N/A,N/A,N/A,N/A,N/A,N/A,N/A,,,0
1759293189,any,109,N/A,N/A,N/A,N/A,N/A,N/A,N/A,N/A,N/A,N/A,N/A,N/A,N/A,,,0
1759293189,any,112,N/A,IPv6,ICMP,N/A,v6,fe80::24f1:23ff:fe29:66,ff02::179,N/A,N/A,N/A,N/A,N/A,N/A,,,1
1759293189,eth0,110,Ethernet,IPv6,ICMP,N/A,v6,fe80::24f1:23ff:fe29:66,ff02::179,N/A,N/A,N/A,N/A,N/A,N/A,,,1
1759293189,eth0,54,Ethernet,IPv4,N/A,N/A,v4,172.30.0.163,224.0.0.22,N/A,N/A,N/A,N/A,N/A,N/A,,,1
1759293189,any,56,N/A,IPv4,N/A,N/A,v4,172.30.0.163,224.0.0.22,N/A,N/A,N/A,N/A,N/A,N/A,,,1
1759293189,eth0,110,Ethernet,IPv6,ICMP,N/A,v6,fe80::b0b5:44ff:feea:219,ff02::179,N/A,N/A,N/A,N/A,N/A,N/A,,,1
1759293189,any,112,N/A,IPv6,ICMP,N/A,v6,fe80::b0b5:44ff:feea:219,ff02::179,N/A,N/A,N/A,N/A,N/A,N/A,,,1
1759293189,eth1,70,Ethernet,IPv6,ICMP,N/A,v6,fe80::780a:a9ff:fee6:89,ff02::204,N/A,N/A,N/A,N/A,N/A,N/A,,,1
1759293189,any,72,N/A,IPv6,ICMP,N/A,v6,fe80::b0b5:44ff:feea:219,ff02::204,N/A,N/A,N/A,N/A,N/A,N/A,,,1
1759293189,any,72,N/A,IPv6,ICMP,N/A,v6,fe80::780a:a9ff:fee6:89,ff02::204,N/A,N/A,N/A,N/A,N/A,N/A,,,1
1759293189,eth0,70,Ethernet,IPv6,ICMP,N/A,v6,fe80::b0b5:44ff:feea:219,ff02::204,N/A,N/A,N/A,N/A,N/A,N/A,,,1
1759293189,any,113,N/A,N/A,N/A,N/A,N/A,N/A,N/A,N/A,N/A,N/A,N/A,N/A,N/A,,,1
1759293189,eth0,111,Ethernet,N/A,N/A,N/A,N/A,N/A,N/A,N/A,N/A,N/A,N/A,N/A,N/A,,,1
1759293189,eth0,54,Ethernet,IPv4,N/A,N/A,v4,172.30.0.23,224.0.0.22,N/A,N/A,N/A,N/A,N/A,N/A,,,1
1759293189,any,56,N/A,IPv4,N/A,N/A,v4,172.30.0.23,224.0.0.22,N/A,N/A,N/A,N/A,N/A,N/A,,,1
1759293189,any,72,N/A,IPv6,ICMP,N/A,v6,fe80::24f1:23ff:fe29:66,ff02::204,N/A,N/A,N/A,N/A,N/A,N/A,,,1
1759293189,eth0,70,Ethernet,IPv6,ICMP,N/A,v6,fe80::24f1:23ff:fe29:66,ff02::204,N/A,N/A,N/A,N/A,N/A,N/A,,,1
1759293189,any,72,N/A,IPv6,ICMP,N/A,v6,fe80::7827:e3ff:fe68:239,ff02::204,N/A,N/A,N/A,N/A,N/A,N/A,,,1
1759293189,eth1,70,Ethernet,IPv6,ICMP,N/A,v6,fe80::7827:e3ff:fe68:239,ff02::204,N/A,N/A,N/A,N/A,N/A,N/A,,,1
1759293190,eth0,70,Ethernet,IPv6,ICMP,N/A,v6,fe80::5ca9:83ff:fe87:27,ff02::204,N/A,N/A,N/A,N/A,N/A,N/A,,,0
1759293190,any,72,N/A,IPv6,ICMP,N/A,v6,fe80::5ca9:83ff:fe87:27,ff02::204,N/A,N/A,N/A,N/A,N/A,N/A,,,0
1759293190,eth0,90,Ethernet,IPv6,ICMP,N/A,v6,fe80::5ca9:83ff:fe87:27,ff02::179,N/A,N/A,N/A,N/A,N/A,N/A,,,0
1759293190,eth0,54,Ethernet,IPv4,N/A,N/A,v4,172.30.0.220,224.0.0.22,N/A,N/A,N/A,N/A,N/A,N/A,,,0
1759293190,any,92,N/A,IPv6,ICMP,N/A,v6,fe80::5ca9:83ff:fe87:27,ff02::179,N/A,N/A,N/A,N/A,N/A,N/A,,,0
1759293190,eth0,87,Ethernet,IPv6,UDP,N/A,v6,fe80::5ca9:83ff:fe87:27,ff02::1:52,5355,5355,N/A,N/A,N/A,N/A,,,0
1759293190,any,89,N/A,IPv6,UDP,N/A,v6,fe80::5ca9:83ff:fe87:27,ff02::1:52,5355,5355,N/A,N/A,N/A,N/A,,,0
1759293190,eth0,356,Ethernet,IPv4,UDP,N/A,v4,0.0.0.0,255.255.255.255,68,67,N/A,N/A,N/A,N/A,,,0
1759293190,any,358,N/A,IPv4,UDP,N/A,v4,0.0.0.0,255.255.255.255,68,67,N/A,N/A,N/A,N/A,,,0
1759293190,eth0,368,Ethernet,IPv4,UDP,N/A,v4,0.0.0.0,255.255.255.255,68,67,N/A,N/A,N/A,N/A,,,0
1759293190,any,370,N/A,IPv4,UDP,N/A,v4,0.0.0.0,255.255.255.255,68,67,N/A,N/A,N/A,N/A,,,0
1759293190,eth1,110,Ethernet,IPv6,ICMP,N/A,v6,fe80::a824:52ff:fe4f:69,ff02::179,N/A,N/A,N/A,N/A,N/A,N/A,,,0
1759293190,any,112,N/A,IPv6,ICMP,N/A,v6,fe80::a824:52ff:fe4f:69,ff02::179,N/A,N/A,N/A,N/A,N/A,N/A,,,0
1759293190,eth0,54,Ethernet,IPv4,N/A,N/A,v4,172.30.0.220,224.0.0.22,N/A,N/A,N/A,N/A,N/A,N/A,,,0
1759293190,any,56,N/A,IPv4,N/A,N/A,v4,172.30.0.220,224.0.0.22,N/A,N/A,N/A,N/A,N/A,N/A,,,0
1759293190,eth0,110,Ethernet,IPv6,ICMP,N/A,v6,fe80::5ca9:83ff:fe87:27,ff02::179,N/A,N/A,N/A,N/A,N/A,N/A,,,0
1759293190,any,112,N/A,IPv6,ICMP,N/A,v6,fe80::5ca9:83ff:fe87:27,ff02::179,N/A,N/A,N/A,N/A,N/A,N/A,,,0
1759293190,eth0,42,Ethernet,N/A,N/A,N/A,N/A,N/A,N/A,N/A,N/A,N/A,N/A,N/A,N/A,,,0
1759293190,eth0,56,Ethernet,N/A,N/A,N/A,N/A,N/A,N/A,N/A,N/A,N/A,N/A,N/A,N/A,,,0
1759293190,eth0,56,Ethernet,N/A,N/A,N/A,N/A,N/A,N/A,N/A,N/A,N/A,N/A,N/A,N/A,,,0
1759293190,any,44,ARP,N/A,N/A,N/A,N/A,N/A,N/A,N/A,N/A,1,2048,172.30.0.220,172.30.0.122,,,0
1759293190,any,58,ARP,N/A,N/A,N/A,N/A,N/A,N/A,N/A,N/A,2,2048,172.30.0.122,172.30.0.220,,,0
1759293190,any,72,N/A,IPv6,ICMP,N/A,v6,fe80::103b:bdff:fef0:169,ff02::204,N/A,N/A,N/A,N/A,N/A,N/A,,,1
1759293190,eth1,70,Ethernet,IPv6,ICMP,N/A,v6,fe80::103b:bdff:fef0:169,ff02::204,N/A,N/A,N/A,N/A,N/A,N/A,,,1
1759293190,eth0,90,Ethernet,IPv6,ICMP,N/A,v6,fe80::e48e:99ff:fe5f:147,ff02::179,N/A,N/A,N/A,N/A,N/A,N/A,,,1
1759293190,eth0,54,Ethernet,IPv4,N/A,N/A,v4,172.30.0.220,224.0.0.22,N/A,N/A,N/A,N/A,N/A,N/A,,,1
1759293190,any,92,N/A,IPv6,ICMP,N/A,v6,fe80::e48e:99ff:fe5f:147,ff02::179,N/A,N/A,N/A,N/A,N/A,N/A,,,1
1759293190,eth0,71,Ethernet,IPv4,UDP,N/A,v4,172.30.0.220,224.0.0.252,5355,5355,N/A,N/A,N/A,N/A,,,1
1759293190,any,73,N/A,IPv4,UDP,N/A,v4,172.30.0.220,224.0.0.252,5355,5355,N/A,N/A,N/A,N/A,,,1
1759293190,eth0,91,Ethernet,IPv6,UDP,N/A,v6,fe80::e48e:99ff:fe5f:147,ff02::1:52,5355,5355,N/A,N/A,N/A,N/A,,,1
1759293190,any,93,N/A,IPv6,UDP,N/A,v6,fe80::e48e:99ff:fe5f:147,ff02::1:52,5355,5355,N/A,N/A,N/A,N/A,,,1
1759293190,eth0,360,Ethernet,IPv4,UDP,N/A,v4,0.0.0.0,255.255.255.255,68,67,N/A,N/A,N/A,N/A,,,1
1759293190,any,362,N/A,IPv4,UDP,N/A,v4,0.0.0.0,255.255.255.255,68,67,N/A,N/A,N/A,N/A,,,1
1759293190,eth0,372,Ethernet,IPv4,UDP,N/A,v4,0.0.0.0,255.255.255.255,68,67,N/A,N/A,N/A,N/A,,,1
1759293190,any,374,N/A,IPv4,UDP,N/A,v4,0.0.0.0,255.255.255.255,68,67,N/A,N/A,N/A,N/A,,,1
1759293190,eth2,110,Ethernet,IPv6,ICMP,N/A,v6,fe80::dcac:f9ff:fe59:60,ff02::179,N/A,N/A,N/A,N/A,N/A,N/A,,,1
1759293190,any,112,N/A,IPv6,ICMP,N/A,v6,fe80::f056:abff:fe65:143,ff02::179,N/A,N/A,N/A,N/A,N/A,N/A,,,1
1759293190,eth1,110,Ethernet,IPv6,ICMP,N/A,v6,fe80::f056:abff:fe65:143,ff02::179,N/A,N/A,N/A,N/A,N/A,N/A,,,1
1759293190,eth0,42,Ethernet,N/A,N/A,N/A,N/A,N/A,N/A,N/A,N/A,N/A,N/A,N/A,N/A,,,1
1759293190,any,44,ARP,N/A,N/A,N/A,N/A,N/A,N/A,N/A,N/A,1,2048,172.30.0.220,172.30.0.122,,,1
1759293190,eth0,56,Ethernet,N/A,N/A,N/A,N/A,N/A,N/A,N/A,N/A,N/A,N/A,N/A,N/A,,,1
1759293190,eth0,56,Ethernet,N/A,N/A,N/A,N/A,N/A,N/A,N/A,N/A,N/A,N/A,N/A,N/A,,,1
1759293190,any,58,ARP,N/A,N/A,N/A,N/A,N/A,N/A,N/A,N/A,2,2048,172.30.0.122,172.30.0.220,,,1
1759293190,eth0,110,Ethernet,IPv6,ICMP,N/A,v6,fe80::e48e:99ff:fe5f:147,ff02::179,N/A,N/A,N/A,N/A,N/A,N/A,,,1
1759293190,eth0,54,Ethernet,IPv4,N/A,N/A,v4,172.30.0.220,224.0.0.22,N/A,N/A,N/A,N/A,N/A,N/A,,,1
1759293190,any,112,N/A,IPv6,ICMP,N/A,v6,fe80::e48e:99ff:fe5f:147,ff02::179,N/A,N/A,N/A,N/A,N/A,N/A,,,1
1759293190,eth0,70,Ethernet,IPv6,ICMP,N/A,v6,fe80::ecf9:eff:fefb:55,ff02::204,N/A,N/A,N/A,N/A,N/A,N/A,,,1
1759293190,any,72,N/A,IPv6,ICMP,N/A,v6,fe80::ecf9:eff:fefb:55,ff02::204,N/A,N/A,N/A,N/A,N/A,N/A,,,1
1759293190,any,112,N/A,IPv6,ICMP,N/A,v6,fe80::dcac:f9ff:fe59:60,ff02::179,N/A,N/A,N/A,N/A,N/A,N/A,,,1
1759293190,eth2,110,Ethernet,IPv6,ICMP,N/A,v6,fe80::dcac:f9ff:fe59:60,ff02::179,N/A,N/A,N/A,N/A,N/A,N/A,,,1
1759293190,any,56,N/A,IPv4,N/A,N/A,v4,172.30.0.220,224.0.0.22,N/A,N/A,N/A,N/A,N/A,N/A,,,1
1759293190,eth0,54,Ethernet,IPv4,N/A,N/A,v4,172.30.0.220,224.0.0.22,N/A,N/A,N/A,N/A,N/A,N/A,,,1
1759293190,eth0,90,Ethernet,IPv6,ICMP,N/A,v6,fe80::ecf9:eff:fefb:55,ff02::179,N/A,N/A,N/A,N/A,N/A,N/A,,,1
1759293190,eth0,56,Ethernet,IPv4,N/A,N/A,v4,172.30.0.89,224.0.0.22,N/A,N/A,N/A,N/A,N/A,N/A,,,1
1759293190,any,92,N/A,IPv6,ICMP,N/A,v6,fe80::ecf9:eff:fefb:55,ff02::179,N/A,N/A,N/A,N/A,N/A,N/A,,,1
1759293190,any,69,N/A,IPv4,UDP,N/A,v4,172.30.0.89,224.0.0.252,5355,5355,N/A,N/A,N/A,N/A,,,1
1759293190,eth0,67,Ethernet,IPv4,UDP,N/A,v4,172.30.0.89,224.0.0.252,5355,5355,N/A,N/A,N/A,N/A,,,1
1759293190,eth0,356,Ethernet,IPv4,UDP,N/A,v4,0.0.0.0,255.255.255.255,68,67,N/A,N/A,N/A,N/A,,,1
1759293190,any,358,N/A,IPv4,UDP,N/A,v4,0.0.0.0,255.255.255.255,68,67,N/A,N/A,N/A,N/A,,,1
1759293190,any,370,N/A,IPv4,UDP,N/A,v4,0.0.0.0,255.255.255.255,68,67,N/A,N/A,N/A,N/A,,,1
1759293190,eth0,368,Ethernet,IPv4,UDP,N/A,v4,0.0.0.0,255.255.255.255,68,67,N/A,N/A,N/A,N/A,,,1
1759293190,any,112,N/A,IPv6,ICMP,N/A,v6,fe80::103b:bdff:fef0:169,ff02::179,N/A,N/A,N/A,N/A,N/A,N/A,,,1
1759293190,eth1,110,Ethernet,IPv6,ICMP,N/A,v6,fe80::103b:bdff:fef0:169,ff02::179,N/A,N/A,N/A,N/A,N/A,N/A,,,1
1759293190,any,112,N/A,IPv6,ICMP,N/A,v6,fe80::ecf9:eff:fefb:55,ff02::179,N/A,N/A,N/A,N/A,N/A,N/A,,,1
1759293190,eth0,110,Ethernet,IPv6,ICMP,N/A,v6,fe80::ecf9:eff:fefb:55,ff02::179,N/A,N/A,N/A,N/A,N/A,N/A,,,1
1759293190,eth0,56,Ethernet,IPv4,N/A,N/A,v4,172.30.0.89,224.0.0.22,N/A,N/A,N/A,N/A,N/A,N/A,,,1
1759293190,eth0,56,Ethernet,N/A,N/A,N/A,N/A,N/A,N/A,N/A,N/A,N/A,N/A,N/A,N/A,,,1
1759293190,any,58,ARP,N/A,N/A,N/A,N/A,N/A,N/A,N/A,N/A,1,2048,172.30.0.89,172.30.0.122,,,1
1759293190,any,112,N/A,IPv6,ICMP,N/A,v6,fe80::103b:bdff:fef0:169,ff02::179,N/A,N/A,N/A,N/A,N/A,N/A,,,1
1759293190,eth1,110,Ethernet,IPv6,ICMP,N/A,v6,fe80::103b:bdff:fef0:169,ff02::179,N/A,N/A,N/A,N/A,N/A,N/A,,,1
1759293190,any,112,N/A,IPv6,ICMP,N/A,v6,fe80::e48e:99ff:fe5f:147,ff02::179,N/A,N/A,N/A,N/A,N/A,N/A,,,1
1759293190,eth0,110,Ethernet,IPv6,ICMP,N/A,v6,fe80::e48e:99ff:fe5f:147,ff02::179,N/A,N/A,N/A,N/A,N/A,N/A,,,1
1759293190,any,112,N/A,IPv6,ICMP,N/A,v6,fe80::a824:52ff:fe4f:69,ff02::179,N/A,N/A,N/A,N/A,N/A,N/A,,,0
1759293190,eth1,110,Ethernet,IPv6,ICMP,N/A,v6,fe80::a824:52ff:fe4f:69,ff02::179,N/A,N/A,N/A,N/A,N/A,N/A,,,0
1759293190,any,56,N/A,IPv4,N/A,N/A,v4,172.30.0.220,224.0.0.22,N/A,N/A,N/A,N/A,N/A,N/A,,,0
1759293190,eth0,54,Ethernet,IPv4,N/A,N/A,v4,172.30.0.220,224.0.0.22,N/A,N/A,N/A,N/A,N/A,N/A,,,0
1759293191,any,112,N/A,IPv6,ICMP,N/A,v6,fe80::f056:abff:fe65:143,ff02::179,N/A,N/A,N/A,N/A,N/A,N/A,,,1
1759293191,eth1,110,Ethernet,IPv6,ICMP,N/A,v6,fe80::f056:abff:fe65:143,ff02::179,N/A,N/A,N/A,N/A,N/A,N/A,,,1
1759293191,eth1,70,Ethernet,IPv6,ICMP,N/A,v6,fe80::f056:abff:fe65:143,ff02::204,N/A,N/A,N/A,N/A,N/A,N/A,,,1
1759293191,any,72,N/A,IPv6,ICMP,N/A,v6,fe80::dcac:f9ff:fe59:60,ff02::204,N/A,N/A,N/A,N/A,N/A,N/A,,,1
1759293191,eth2,70,Ethernet,IPv6,ICMP,N/A,v6,fe80::dcac:f9ff:fe59:60,ff02::204,N/A,N/A,N/A,N/A,N/A,N/A,,,1
1759293191,eth0,111,Ethernet,N/A,N/A,N/A,N/A,N/A,N/A,N/A,N/A,N/A,N/A,N/A,N/A,,,1
1759293191,eth0,70,Ethernet,IPv6,ICMP,N/A,v6,fe80::e48e:99ff:fe5f:147,ff02::204,N/A,N/A,N/A,N/A,N/A,N/A,,,1
1759293191,any,112,N/A,IPv6,ICMP,N/A,v6,fe80::ecf9:eff:fefb:55,ff02::179,N/A,N/A,N/A,N/A,N/A,N/A,,,1
1759293191,eth0,110,Ethernet,IPv6,ICMP,N/A,v6,fe80::ecf9:eff:fefb:55,ff02::179,N/A,N/A,N/A,N/A,N/A,N/A,,,1
1759293191,eth0,56,Ethernet,IPv4,N/A,N/A,v4,172.30.0.89,224.0.0.22,N/A,N/A,N/A,N/A,N/A,N/A,,,1
1759293191,any,58,N/A,IPv4,N/A,N/A,v4,172.30.0.89,224.0.0.22,N/A,N/A,N/A,N/A,N/A,N/A,,,1
1759293191,eth0,110,Ethernet,IPv6,ICMP,N/A,v6,fe80::5ca9:83ff:fe87:27,ff02::179,N/A,N/A,N/A,N/A,N/A,N/A,,,0
1759293191,any,112,N/A,IPv6,ICMP,N/A,v6,fe80::5ca9:83ff:fe87:27,ff02::179,N/A,N/A,N/A,N/A,N/A,N/A,,,0
1759293191,eth0,107,Ethernet,N/A,N/A,N/A,N/A,N/A,N/A,N/A,N/A,N/A,N/A,N/A,N/A,,,0
1759293191,eth0,70,Ethernet,IPv6,ICMP,N/A,v6,fe80::5ca9:83ff:fe87:27,ff02::204,N/A,N/A,N/A,N/A,N/A,N/A,,,0
1759293191,any,72,N/A,IPv6,ICMP,N/A,v6,fe80::a824:52ff:fe4f:69,ff02::204,N/A,N/A,N/A,N/A,N/A,N/A,,,0
1759293191,eth1,70,Ethernet,IPv6,ICMP,N/A,v6,fe80::a824:52ff:fe4f:69,ff02::204,N/A,N/A,N/A,N/A,N/A,N/A,,,0
1759293192,eth1,70,Ethernet,IPv6,ICMP,N/A,v6,fe80::103b:bdff:fef0:169,ff02::204,N/A,N/A,N/A,N/A,N/A,N/A,,,1
1759293192,any,72,N/A,IPv6,ICMP,N/A,v6,fe80::ecf9:eff:fefb:55,ff02::204,N/A,N/A,N/A,N/A,N/A,N/A,,,1
1759293192,any,72,N/A,IPv6,ICMP,N/A,v6,fe80::103b:bdff:fef0:169,ff02::204,N/A,N/A,N/A,N/A,N/A,N/A,,,1
1759293192,eth0,70,Ethernet,IPv6,ICMP,N/A,v6,fe80::ecf9:eff:fefb:55,ff02::204,N/A,N/A,N/A,N/A,N/A,N/A,,,1
1759293192,any,113,N/A,N/A,N/A,N/A,N/A,N/A,N/A,N/A,N/A,N/A,N/A,N/A,N/A,,,1
1759293192,eth0,111,Ethernet,N/A,N/A,N/A,N/A,N/A,N/A,N/A,N/A,N/A,N/A,N/A,N/A,,,1
1759293192,any,109,N/A,N/A,N/A,N/A,N/A,N/A,N/A,N/A,N/A,N/A,N/A,N/A,N/A,,,0
1759293192,eth0,107,Ethernet,N/A,N/A,N/A,N/A,N/A,N/A,N/A,N/A,N/A,N/A,N/A,N/A,,,0
1759293193,eth0,70,Ethernet,IPv6,ICMP,N/A,v6,fe80::b0b5:44ff:feea:219,ff02::204,N/A,N/A,N/A,N/A,N/A,N/A,,,1
1759293193,any,72,N/A,IPv6,ICMP,N/A,v6,fe80::b0b5:44ff:feea:219,ff02::204,N/A,N/A,N/A,N/A,N/A,N/A,,,1
1759293193,any,92,N/A,IPv6,ICMP,N/A,v6,fe80::b0b5:44ff:feea:219,ff02::179,N/A,N/A,N/A,N/A,N/A,N/A,,,1
1759293193,eth0,90,Ethernet,IPv6,ICMP,N/A,v6,fe80::b0b5:44ff:feea:219,ff02::179,N/A,N/A,N/A,N/A,N/A,N/A,,,1
1759293193,eth0,54,Ethernet,IPv4,N/A,N/A,v4,172.30.0.163,224.0.0.22,N/A,N/A,N/A,N/A,N/A,N/A,,,1
1759293193,eth0,68,Ethernet,IPv4,UDP,N/A,v4,172.30.0.163,224.0.0.252,5355,5355,N/A,N/A,N/A,N/A,,,1
1759293193,eth0,88,Ethernet,IPv6,UDP,N/A,v6,fe80::b0b5:44ff:feea:219,ff02::1:52,5355,5355,N/A,N/A,N/A,N/A,,,1
1759293193,any,70,N/A,IPv4,UDP,N/A,v4,172.30.0.163,224.0.0.252,5355,5355,N/A,N/A,N/A,N/A,,,1
1759293193,any,113,N/A,N/A,N/A,N/A,N/A,N/A,N/A,N/A,N/A,N/A,N/A,N/A,N/A,,,1
1759293193,eth0,111,Ethernet,N/A,N/A,N/A,N/A,N/A,N/A,N/A,N/A,N/A,N/A,N/A,N/A,,,1
1759293193,eth0,110,Ethernet,IPv6,ICMP,N/A,v6,fe80::b0b5:44ff:feea:219,ff02::179,N/A,N/A,N/A,N/A,N/A,N/A,,,1
1759293193,eth0,357,Ethernet,IPv4,UDP,N/A,v4,0.0.0.0,255.255.255.255,68,67,N/A,N/A,N/A,N/A,,,1
1759293193,eth0,369,Ethernet,IPv4,UDP,N/A,v4,0.0.0.0,255.255.255.255,68,67,N/A,N/A,N/A,N/A,,,1
1759293193,eth1,110,Ethernet,IPv6,ICMP,N/A,v6,fe80::780a:a9ff:fee6:89,ff02::179,N/A,N/A,N/A,N/A,N/A,N/A,,,1
1759293193,any,112,N/A,IPv6,ICMP,N/A,v6,fe80::780a:a9ff:fee6:89,ff02::179,N/A,N/A,N/A,N/A,N/A,N/A,,,1
1759293193,any,371,N/A,IPv4,UDP,N/A,v4,0.0.0.0,255.255.255.255,68,67,N/A,N/A,N/A,N/A,,,1
1759293193,eth0,54,Ethernet,IPv4,N/A,N/A,v4,172.30.0.163,224.0.0.22,N/A,N/A,N/A,N/A,N/A,N/A,,,1
1759293193,any,56,N/A,IPv4,N/A,N/A,v4,172.30.0.163,224.0.0.22,N/A,N/A,N/A,N/A,N/A,N/A,,,1
1759293193,any,112,N/A,IPv6,ICMP,N/A,v6,fe80::b0b5:44ff:feea:219,ff02::179,N/A,N/A,N/A,N/A,N/A,N/A,,,1
1759293193,eth0,110,Ethernet,IPv6,ICMP,N/A,v6,fe80::b0b5:44ff:feea:219,ff02::179,N/A,N/A,N/A,N/A,N/A,N/A,,,1
1759293193,eth0,42,Ethernet,N/A,N/A,N/A,N/A,N/A,N/A,N/A,N/A,N/A,N/A,N/A,N/A,,,1
1759293193,any,44,ARP,N/A,N/A,N/A,N/A,N/A,N/A,N/A,N/A,1,2048,172.30.0.163,172.30.0.122,,,1
1759293193,any,92,N/A,IPv6,ICMP,N/A,v6,fe80::24f1:23ff:fe29:66,ff02::179,N/A,N/A,N/A,N/A,N/A,N/A,,,1
1759293193,eth0,90,Ethernet,IPv6,ICMP,N/A,v6,fe80::24f1:23ff:fe29:66,ff02::179,N/A,N/A,N/A,N/A,N/A,N/A,,,1
1759293193,eth0,54,Ethernet,IPv4,N/A,N/A,v4,172.30.0.23,224.0.0.22,N/A,N/A,N/A,N/A,N/A,N/A,,,1
1759293193,eth0,356,Ethernet,IPv4,UDP,N/A,v4,0.0.0.0,255.255.255.255,68,67,N/A,N/A,N/A,N/A,,,1
1759293193,any,358,N/A,IPv4,UDP,N/A,v4,0.0.0.0,255.255.255.255,68,67,N/A,N/A,N/A,N/A,,,1
1759293193,any,370,N/A,IPv4,UDP,N/A,v4,0.0.0.0,255.255.255.255,68,67,N/A,N/A,N/A,N/A,,,1
1759293193,eth0,368,Ethernet,IPv4,UDP,N/A,v4,0.0.0.0,255.255.255.255,68,67,N/A,N/A,N/A,N/A,,,1
1759293193,any,112,N/A,IPv6,ICMP,N/A,v6,fe80::7827:e3ff:fe68:239,ff02::179,N/A,N/A,N/A,N/A,N/A,N/A,,,1
1759293193,eth1,110,Ethernet,IPv6,ICMP,N/A,v6,fe80::7827:e3ff:fe68:239,ff02::179,N/A,N/A,N/A,N/A,N/A,N/A,,,1
1759293193,any,112,N/A,IPv6,ICMP,N/A,v6,fe80::24f1:23ff:fe29:66,ff02::179,N/A,N/A,N/A,N/A,N/A,N/A,,,1
1759293193,eth0,110,Ethernet,IPv6,ICMP,N/A,v6,fe80::24f1:23ff:fe29:66,ff02::179,N/A,N/A,N/A,N/A,N/A,N/A,,,1
1759293193,eth0,54,Ethernet,IPv4,N/A,N/A,v4,172.30.0.23,224.0.0.22,N/A,N/A,N/A,N/A,N/A,N/A,,,1
1759293193,eth0,42,Ethernet,N/A,N/A,N/A,N/A,N/A,N/A,N/A,N/A,N/A,N/A,N/A,N/A,,,1
1759293193,any,44,ARP,N/A,N/A,N/A,N/A,N/A,N/A,N/A,N/A,1,2048,172.30.0.23,172.30.0.122,,,1
1759293193,eth0,107,Ethernet,N/A,N/A,N/A,N/A,N/A,N/A,N/A,N/A,N/A,N/A,N/A,N/A,,,0
1759293193,any,109,N/A,N/A,N/A,N/A,N/A,N/A,N/A,N/A,N/A,N/A,N/A,N/A,N/A,,,0
1759293193,any,112,N/A,IPv6,ICMP,N/A,v6,fe80::780a:a9ff:fee6:89,ff02::179,N/A,N/A,N/A,N/A,N/A,N/A,,,1
1759293193,eth1,110,Ethernet,IPv6,ICMP,N/A,v6,fe80::780a:a9ff:fee6:89,ff02::179,N/A,N/A,N/A,N/A,N/A,N/A,,,1
1759293194,any,109,N/A,N/A,N/A,N/A,N/A,N/A,N/A,N/A,N/A,N/A,N/A,N/A,N/A,,,0
1759293194,eth0,107,Ethernet,N/A,N/A,N/A,N/A,N/A,N/A,N/A,N/A,N/A,N/A,N/A,N/A,,,0
1759293194,eth0,90,Ethernet,IPv6,ICMP,N/A,v6,fe80::5ca9:83ff:fe87:27,ff02::179,N/A,N/A,N/A,N/A,N/A,N/A,,,0
1759293194,eth0,54,Ethernet,IPv4,N/A,N/A,v4,172.30.0.220,224.0.0.22,N/A,N/A,N/A,N/A,N/A,N/A,,,0
1759293194,any,92,N/A,IPv6,ICMP,N/A,v6,fe80::5ca9:83ff:fe87:27,ff02::179,N/A,N/A,N/A,N/A,N/A,N/A,,,0
1759293194,eth0,87,Ethernet,IPv6,UDP,N/A,v6,fe80::5ca9:83ff:fe87:27,ff02::1:52,5355,5355,N/A,N/A,N/A,N/A,,,0
1759293194,any,89,N/A,IPv6,UDP,N/A,v6,fe80::5ca9:83ff:fe87:27,ff02::1:52,5355,5355,N/A,N/A,N/A,N/A,,,0
1759293194,eth0,356,Ethernet,IPv4,UDP,N/A,v4,0.0.0.0,255.255.255.255,68,67,N/A,N/A,N/A,N/A,,,0
1759293194,any,358,N/A,IPv4,UDP,N/A,v4,0.0.0.0,255.255.255.255,68,67,N/A,N/A,N/A,N/A,,,0
1759293194,eth0,368,Ethernet,IPv4,UDP,N/A,v4,0.0.0.0,255.255.255.255,68,67,N/A,N/A,N/A,N/A,,,0
1759293194,any,370,N/A,IPv4,UDP,N/A,v4,0.0.0.0,255.255.255.255,68,67,N/A,N/A,N/A,N/A,,,0
1759293194,eth0,110,Ethernet,IPv6,ICMP,N/A,v6,fe80::24f1:23ff:fe29:66,ff02::179,N/A,N/A,N/A,N/A,N/A,N/A,,,1
1759293194,any,112,N/A,IPv6,ICMP,N/A,v6,fe80::24f1:23ff:fe29:66,ff02::179,N/A,N/A,N/A,N/A,N/A,N/A,,,1
1759293194,any,92,N/A,IPv6,ICMP,N/A,v6,fe80::b0b5:44ff:feea:219,ff02::179,N/A,N/A,N/A,N/A,N/A,N/A,,,1
1759293194,eth0,90,Ethernet,IPv6,ICMP,N/A,v6,fe80::b0b5:44ff:feea:219,ff02::179,N/A,N/A,N/A,N/A,N/A,N/A,,,1
1759293194,eth0,54,Ethernet,IPv4,N/A,N/A,v4,172.30.0.23,224.0.0.22,N/A,N/A,N/A,N/A,N/A,N/A,,,1
1759293194,any,56,N/A,IPv4,N/A,N/A,v4,172.30.0.23,224.0.0.22,N/A,N/A,N/A,N/A,N/A,N/A,,,1
1759293194,any,72,N/A,IPv6,ICMP,N/A,v6,fe80::b0b5:44ff:feea:219,ff02::204,N/A,N/A,N/A,N/A,N/A,N/A,,,1
1759293194,eth1,70,Ethernet,IPv6,ICMP,N/A,v6,fe80::780a:a9ff:fee6:89,ff02::204,N/A,N/A,N/A,N/A,N/A,N/A,,,1
1759293194,eth0,70,Ethernet,IPv6,ICMP,N/A,v6,fe80::b0b5:44ff:feea:219,ff02::204,N/A,N/A,N/A,N/A,N/A,N/A,,,1
1759293194,any,56,N/A,IPv4,N/A,N/A,v4,172.30.0.163,224.0.0.22,N/A,N/A,N/A,N/A,N/A,N/A,,,1
1759293194,eth0,54,Ethernet,IPv4,N/A,N/A,v4,172.30.0.163,224.0.0.22,N/A,N/A,N/A,N/A,N/A,N/A,,,1
1759293194,eth0,90,Ethernet,IPv6,ICMP,N/A,v6,fe80::e48e:99ff:fe5f:147,ff02::179,N/A,N/A,N/A,N/A,N/A,N/A,,,1
1759293194,eth0,54,Ethernet,IPv4,N/A,N/A,v4,172.30.0.220,224.0.0.22,N/A,N/A,N/A,N/A,N/A,N/A,,,1
1759293194,any,92,N/A,IPv6,ICMP,N/A,v6,fe80::e48e:99ff:fe5f:147,ff02::179,N/A,N/A,N/A,N/A,N/A,N/A,,,1
1759293194,eth0,91,Ethernet,IPv6,UDP,N/A,v6,fe80::e48e:99ff:fe5f:147,ff02::1:52,5355,5355,N/A,N/A,N/A,N/A,,,1
1759293194,any,93,N/A,IPv6,UDP,N/A,v6,fe80::e48e:99ff:fe5f:147,ff02::1:52,5355,5355,N/A,N/A,N/A,N/A,,,1
1759293194,eth0,360,Ethernet,IPv4,UDP,N/A,v4,0.0.0.0,255.255.255.255,68,67,N/A,N/A,N/A,N/A,,,1
1759293194,any,362,N/A,IPv4,UDP,N/A,v4,0.0.0.0,255.255.255.255,68,67,N/A,N/A,N/A,N/A,,,1
1759293194,eth0,372,Ethernet,IPv4,UDP,N/A,v4,0.0.0.0,255.255.255.255,68,67,N/A,N/A,N/A,N/A,,,1
1759293194,any,374,N/A,IPv4,UDP,N/A,v4,0.0.0.0,255.255.255.255,68,67,N/A,N/A,N/A,N/A,,,1
1759293194,eth2,110,Ethernet,IPv6,ICMP,N/A,v6,fe80::dcac:f9ff:fe59:60,ff02::179,N/A,N/A,N/A,N/A,N/A,N/A,,,1
1759293194,any,112,N/A,IPv6,ICMP,N/A,v6,fe80::dcac:f9ff:fe59:60,ff02::179,N/A,N/A,N/A,N/A,N/A,N/A,,,1
1759293194,eth1,110,Ethernet,IPv6,ICMP,N/A,v6,fe80::f056:abff:fe65:143,ff02::179,N/A,N/A,N/A,N/A,N/A,N/A,,,1
1759293194,any,56,N/A,IPv4,N/A,N/A,v4,172.30.0.220,224.0.0.22,N/A,N/A,N/A,N/A,N/A,N/A,,,1
1759293194,any,44,ARP,N/A,N/A,N/A,N/A,N/A,N/A,N/A,N/A,1,2048,172.30.0.220,172.30.0.122,,,1
1759293194,any,58,ARP,N/A,N/A,N/A,N/A,N/A,N/A,N/A,N/A,2,2048,172.30.0.122,172.30.0.220,,,1
1759293194,any,58,ARP,N/A,N/A,N/A,N/A,N/A,N/A,N/A,N/A,2,2048,172.30.0.122,172.30.0.220,,,1
1759293194,eth0,54,Ethernet,IPv4,N/A,N/A,v4,172.30.0.220,224.0.0.22,N/A,N/A,N/A,N/A,N/A,N/A,,,1
1759293194,eth0,110,Ethernet,IPv6,ICMP,N/A,v6,fe80::e48e:99ff:fe5f:147,ff02::179,N/A,N/A,N/A,N/A,N/A,N/A,,,1
1759293194,eth0,42,Ethernet,N/A,N/A,N/A,N/A,N/A,N/A,N/A,N/A,N/A,N/A,N/A,N/A,,,1
1759293194,eth0,56,Ethernet,N/A,N/A,N/A,N/A,N/A,N/A,N/A,N/A,N/A,N/A,N/A,N/A,,,1
1759293194,eth0,56,Ethernet,N/A,N/A,N/A,N/A,N/A,N/A,N/A,N/A,N/A,N/A,N/A,N/A,,,1
1759293194,any,112,N/A,IPv6,ICMP,N/A,v6,fe80::7827:e3ff:fe68:239,ff02::179,N/A,N/A,N/A,N/A,N/A,N/A,,,1
1759293194,eth1,110,Ethernet,IPv6,ICMP,N/A,v6,fe80::7827:e3ff:fe68:239,ff02::179,N/A,N/A,N/A,N/A,N/A,N/A,,,1
1759293194,eth0,70,Ethernet,IPv6,ICMP,N/A,v6,fe80::24f1:23ff:fe29:66,ff02::204,N/A,N/A,N/A,N/A,N/A,N/A,,,1
1759293194,eth1,70,Ethernet,IPv6,ICMP,N/A,v6,fe80::7827:e3ff:fe68:239,ff02::204,N/A,N/A,N/A,N/A,N/A,N/A,,,1
1759293194,any,72,N/A,IPv6,ICMP,N/A,v6,fe80::24f1:23ff:fe29:66,ff02::204,N/A,N/A,N/A,N/A,N/A,N/A,,,1
1759293194,eth0,110,Ethernet,IPv6,ICMP,N/A,v6,fe80::e48e:99ff:fe5f:147,ff02::179,N/A,N/A,N/A,N/A,N/A,N/A,,,1
1759293194,any,112,N/A,IPv6,ICMP,N/A,v6,fe80::e48e:99ff:fe5f:147,ff02::179,N/A,N/A,N/A,N/A,N/A,N/A,,,1
1759293194,any,92,N/A,IPv6,ICMP,N/A,v6,fe80::ecf9:eff:fefb:55,ff02::179,N/A,N/A,N/A,N/A,N/A,N/A,,,1
1759293194,eth0,90,Ethernet,IPv6,ICMP,N/A,v6,fe80::ecf9:eff:fefb:55,ff02::179,N/A,N/A,N/A,N/A,N/A,N/A,,,1
1759293194,eth0,56,Ethernet,IPv4,N/A,N/A,v4,172.30.0.89,224.0.0.22,N/A,N/A,N/A,N/A,N/A,N/A,,,1
1759293194,any,112,N/A,IPv6,ICMP,N/A,v6,fe80::a824:52ff:fe4f:69,ff02::179,N/A,N/A,N/A,N/A,N/A,N/A,,,0
1759293194,any,112,N/A,IPv6,ICMP,N/A,v6,fe80::5ca9:83ff:fe87:27,ff02::179,N/A,N/A,N/A,N/A,N/A,N/A,,,0
1759293194,any,112,N/A,IPv6,ICMP,N/A,v6,fe80::5ca9:83ff:fe87:27,ff02::179,N/A,N/A,N/A,N/A,N/A,N/A,,,0
1759293194,any,112,N/A,IPv6,ICMP,N/A,v6,fe80::a824:52ff:fe4f:69,ff02::179,N/A,N/A,N/A,N/A,N/A,N/A,,,0
1759293194,any,44,ARP,N/A,N/A,N/A,N/A,N/A,N/A,N/A,N/A,1,2048,172.30.0.220,172.30.0.122,,,0
1759293194,any,58,ARP,N/A,N/A,N/A,N/A,N/A,N/A,N/A,N/A,2,2048,172.30.0.122,172.30.0.220,,,0
1759293194,eth1,110,Ethernet,IPv6,ICMP,N/A,v6,fe80::a824:52ff:fe4f:69,ff02::179,N/A,N/A,N/A,N/A,N/A,N/A,,,0
1759293194,eth1,110,Ethernet,IPv6,ICMP,N/A,v6,fe80::a824:52ff:fe4f:69,ff02::179,N/A,N/A,N/A,N/A,N/A,N/A,,,0
1759293194,eth0,110,Ethernet,IPv6,ICMP,N/A,v6,fe80::5ca9:83ff:fe87:27,ff02::179,N/A,N/A,N/A,N/A,N/A,N/A,,,0
1759293194,eth0,54,Ethernet,IPv4,N/A,N/A,v4,172.30.0.220,224.0.0.22,N/A,N/A,N/A,N/A,N/A,N/A,,,0
1759293194,eth0,110,Ethernet,IPv6,ICMP,N/A,v6,fe80::5ca9:83ff:fe87:27,ff02::179,N/A,N/A,N/A,N/A,N/A,N/A,,,0
1759293194,eth0,42,Ethernet,N/A,N/A,N/A,N/A,N/A,N/A,N/A,N/A,N/A,N/A,N/A,N/A,,,0
1759293194,eth0,56,Ethernet,N/A,N/A,N/A,N/A,N/A,N/A,N/A,N/A,N/A,N/A,N/A,N/A,,,0
1759293194,eth0,56,Ethernet,N/A,N/A,N/A,N/A,N/A,N/A,N/A,N/A,N/A,N/A,N/A,N/A,,,0
1759293195,eth0,87,Ethernet,IPv6,UDP,N/A,v6,fe80::ecf9:eff:fefb:55,ff02::1:52,5355,5355,N/A,N/A,N/A,N/A,,,1
1759293195,any,89,N/A,IPv6,UDP,N/A,v6,fe80::ecf9:eff:fefb:55,ff02::1:52,5355,5355,N/A,N/A,N/A,N/A,,,1
1759293195,any,358,N/A,IPv4,UDP,N/A,v4,0.0.0.0,255.255.255.255,68,67,N/A,N/A,N/A,N/A,,,1
1759293195,eth0,356,Ethernet,IPv4,UDP,N/A,v4,0.0.0.0,255.255.255.255,68,67,N/A,N/A,N/A,N/A,,,1
1759293195,eth0,368,Ethernet,IPv4,UDP,N/A,v4,0.0.0.0,255.255.255.255,68,67,N/A,N/A,N/A,N/A,,,1
1759293195,any,370,N/A,IPv4,UDP,N/A,v4,0.0.0.0,255.255.255.255,68,67,N/A,N/A,N/A,N/A,,,1
1759293195,eth1,110,Ethernet,IPv6,ICMP,N/A,v6,fe80::103b:bdff:fef0:169,ff02::179,N/A,N/A,N/A,N/A,N/A,N/A,,,1
1759293195,eth0,56,Ethernet,IPv4,N/A,N/A,v4,172.30.0.89,224.0.0.22,N/A,N/A,N/A,N/A,N/A,N/A,,,1
1759293195,any,58,N/A,IPv4,N/A,N/A,v4,172.30.0.89,224.0.0.22,N/A,N/A,N/A,N/A,N/A,N/A,,,1
1759293195,any,112,N/A,IPv6,ICMP,N/A,v6,fe80::103b:bdff:fef0:169,ff02::179,N/A,N/A,N/A,N/A,N/A,N/A,,,1
1759293195,any,112,N/A,IPv6,ICMP,N/A,v6,fe80::ecf9:eff:fefb:55,ff02::179,N/A,N/A,N/A,N/A,N/A,N/A,,,1
1759293195,eth0,110,Ethernet,IPv6,ICMP,N/A,v6,fe80::ecf9:eff:fefb:55,ff02::179,N/A,N/A,N/A,N/A,N/A,N/A,,,1
1759293195,any,112,N/A,IPv6,ICMP,N/A,v6,fe80::f056:abff:fe65:143,ff02::179,N/A,N/A,N/A,N/A,N/A,N/A,,,1
1759293195,eth1,110,Ethernet,IPv6,ICMP,N/A,v6,fe80::f056:abff:fe65:143,ff02::179,N/A,N/A,N/A,N/A,N/A,N/A,,,1
1759293195,any,112,N/A,IPv6,ICMP,N/A,v6,fe80::dcac:f9ff:fe59:60,ff02::179,N/A,N/A,N/A,N/A,N/A,N/A,,,1
1759293195,eth2,110,Ethernet,IPv6,ICMP,N/A,v6,fe80::dcac:f9ff:fe59:60,ff02::179,N/A,N/A,N/A,N/A,N/A,N/A,,,1
1759293195,any,112,N/A,IPv6,ICMP,N/A,v6,fe80::ecf9:eff:fefb:55,ff02::179,N/A,N/A,N/A,N/A,N/A,N/A,,,1
1759293195,eth0,110,Ethernet,IPv6,ICMP,N/A,v6,fe80::ecf9:eff:fefb:55,ff02::179,N/A,N/A,N/A,N/A,N/A,N/A,,,1
1759293195,any,56,N/A,IPv4,N/A,N/A,v4,172.30.0.220,224.0.0.22,N/A,N/A,N/A,N/A,N/A,N/A,,,1
1759293195,eth0,54,Ethernet,IPv4,N/A,N/A,v4,172.30.0.220,224.0.0.22,N/A,N/A,N/A,N/A,N/A,N/A,,,1
1759293195,eth1,70,Ethernet,IPv6,ICMP,N/A,v6,fe80::f056:abff:fe65:143,ff02::204,N/A,N/A,N/A,N/A,N/A,N/A,,,1
1759293195,any,72,N/A,IPv6,ICMP,N/A,v6,fe80::dcac:f9ff:fe59:60,ff02::204,N/A,N/A,N/A,N/A,N/A,N/A,,,1
1759293195,eth2,70,Ethernet,IPv6,ICMP,N/A,v6,fe80::dcac:f9ff:fe59:60,ff02::204,N/A,N/A,N/A,N/A,N/A,N/A,,,1
1759293195,eth0,111,Ethernet,N/A,N/A,N/A,N/A,N/A,N/A,N/A,N/A,N/A,N/A,N/A,N/A,,,1
1759293195,eth0,70,Ethernet,IPv6,ICMP,N/A,v6,fe80::e48e:99ff:fe5f:147,ff02::204,N/A,N/A,N/A,N/A,N/A,N/A,,,1
1759293195,any,58,ARP,N/A,N/A,N/A,N/A,N/A,N/A,N/A,N/A,1,2048,172.30.0.89,172.30.0.122,,,1
1759293195,eth0,56,Ethernet,N/A,N/A,N/A,N/A,N/A,N/A,N/A,N/A,N/A,N/A,N/A,N/A,,,1
1759293195,eth0,70,Ethernet,IPv6,ICMP,N/A,v6,fe80::ecf9:eff:fefb:55,ff02::204,N/A,N/A,N/A,N/A,N/A,N/A,,,1
1759293195,any,72,N/A,IPv6,ICMP,N/A,v6,fe80::ecf9:eff:fefb:55,ff02::204,N/A,N/A,N/A,N/A,N/A,N/A,,,1
1759293195,any,72,N/A,IPv6,ICMP,N/A,v6,fe80::103b:bdff:fef0:169,ff02::204,N/A,N/A,N/A,N/A,N/A,N/A,,,1
1759293195,eth1,70,Ethernet,IPv6,ICMP,N/A,v6,fe80::103b:bdff:fef0:169,ff02::204,N/A,N/A,N/A,N/A,N/A,N/A,,,1
1759293195,eth1,110,Ethernet,IPv6,ICMP,N/A,v6,fe80::103b:bdff:fef0:169,ff02::179,N/A,N/A,N/A,N/A,N/A,N/A,,,1
1759293195,any,112,N/A,IPv6,ICMP,N/A,v6,fe80::103b:bdff:fef0:169,ff02::179,N/A,N/A,N/A,N/A,N/A,N/A,,,1
1759293195,any,58,N/A,IPv4,N/A,N/A,v4,172.30.0.89,224.0.0.22,N/A,N/A,N/A,N/A,N/A,N/A,,,1
1759293195,eth0,56,Ethernet,IPv4,N/A,N/A,v4,172.30.0.89,224.0.0.22,N/A,N/A,N/A,N/A,N/A,N/A,,,1
1759293195,eth0,54,Ethernet,IPv4,N/A,N/A,v4,172.30.0.220,224.0.0.22,N/A,N/A,N/A,N/A,N/A,N/A,,,0
1759293195,any,56,N/A,IPv4,N/A,N/A,v4,172.30.0.220,224.0.0.22,N/A,N/A,N/A,N/A,N/A,N/A,,,0
1759293195,eth0,107,Ethernet,N/A,N/A,N/A,N/A,N/A,N/A,N/A,N/A,N/A,N/A,N/A,N/A,,,0
1759293195,eth0,70,Ethernet,IPv6,ICMP,N/A,v6,fe80::5ca9:83ff:fe87:27,ff02::204,N/A,N/A,N/A,N/A,N/A,N/A,,,0
1759293195,any,72,N/A,IPv6,ICMP,N/A,v6,fe80::a824:52ff:fe4f:69,ff02::204,N/A,N/A,N/A,N/A,N/A,N/A,,,0
1759293195,eth1,70,Ethernet,IPv6,ICMP,N/A,v6,fe80::a824:52ff:fe4f:69,ff02::204,N/A,N/A,N/A,N/A,N/A,N/A,,,0
1759293196,eth0,111,Ethernet,N/A,N/A,N/A,N/A,N/A,N/A,N/A,N/A,N/A,N/A,N/A,N/A,,,1
1759293196,any,113,N/A,N/A,N/A,N/A,N/A,N/A,N/A,N/A,N/A,N/A,N/A,N/A,N/A,,,1
1759293196,eth0,107,Ethernet,N/A,N/A,N/A,N/A,N/A,N/A,N/A,N/A,N/A,N/A,N/A,N/A,,,0
1759293196,any,109,N/A,N/A,N/A,N/A,N/A,N/A,N/A,N/A,N/A,N/A,N/A,N/A,N/A,,,0
1759293197,eth0,90,Ethernet,IPv6,ICMP,N/A,v6,fe80::b0b5:44ff:feea:219,ff02::179,N/A,N/A,N/A,N/A,N/A,N/A,,,1
1759293197,eth0,54,Ethernet,IPv4,N/A,N/A,v4,172.30.0.163,224.0.0.22,N/A,N/A,N/A,N/A,N/A,N/A,,,1
1759293197,any,92,N/A,IPv6,ICMP,N/A,v6,fe80::b0b5:44ff:feea:219,ff02::179,N/A,N/A,N/A,N/A,N/A,N/A,,,1
1759293197,any,90,N/A,IPv6,UDP,N/A,v6,fe80::b0b5:44ff:feea:219,ff02::1:52,5355,5355,N/A,N/A,N/A,N/A,,,1
1759293197,eth0,88,Ethernet,IPv6,UDP,N/A,v6,fe80::b0b5:44ff:feea:219,ff02::1:52,5355,5355,N/A,N/A,N/A,N/A,,,1
1759293197,any,359,N/A,IPv4,UDP,N/A,v4,0.0.0.0,255.255.255.255,68,67,N/A,N/A,N/A,N/A,,,1
1759293197,eth1,110,Ethernet,IPv6,ICMP,N/A,v6,fe80::780a:a9ff:fee6:89,ff02::179,N/A,N/A,N/A,N/A,N/A,N/A,,,1
1759293197,eth0,357,Ethernet,IPv4,UDP,N/A,v4,0.0.0.0,255.255.255.255,68,67,N/A,N/A,N/A,N/A,,,1
1759293197,any,371,N/A,IPv4,UDP,N/A,v4,0.0.0.0,255.255.255.255,68,67,N/A,N/A,N/A,N/A,,,1
1759293197,eth0,369,Ethernet,IPv4,UDP,N/A,v4,0.0.0.0,255.255.255.255,68,67,N/A,N/A,N/A,N/A,,,1
1759293197,any,56,N/A,IPv4,N/A,N/A,v4,172.30.0.163,224.0.0.22,N/A,N/A,N/A,N/A,N/A,N/A,,,1
1759293197,eth0,54,Ethernet,IPv4,N/A,N/A,v4,172.30.0.163,224.0.0.22,N/A,N/A,N/A,N/A,N/A,N/A,,,1
1759293197,eth0,110,Ethernet,IPv6,ICMP,N/A,v6,fe80::b0b5:44ff:feea:219,ff02::179,N/A,N/A,N/A,N/A,N/A,N/A,,,1
1759293197,eth0,90,Ethernet,IPv6,ICMP,N/A,v6,fe80::24f1:23ff:fe29:66,ff02::179,N/A,N/A,N/A,N/A,N/A,N/A,,,1
1759293197,eth0,54,Ethernet,IPv4,N/A,N/A,v4,172.30.0.23,224.0.0.22,N/A,N/A,N/A,N/A,N/A,N/A,,,1
1759293197,any,92,N/A,IPv6,ICMP,N/A,v6,fe80::24f1:23ff:fe29:66,ff02::179,N/A,N/A,N/A,N/A,N/A,N/A,,,1
1759293197,any,112,N/A,IPv6,ICMP,N/A,v6,fe80::780a:a9ff:fee6:89,ff02::179,N/A,N/A,N/A,N/A,N/A,N/A,,,1
1759293197,eth1,110,Ethernet,IPv6,ICMP,N/A,v6,fe80::780a:a9ff:fee6:89,ff02::179,N/A,N/A,N/A,N/A,N/A,N/A,,,1
1759293197,any,113,N/A,N/A,N/A,N/A,N/A,N/A,N/A,N/A,N/A,N/A,N/A,N/A,N/A,,,1
1759293197,any,109,N/A,N/A,N/A,N/A,N/A,N/A,N/A,N/A,N/A,N/A,N/A,N/A,N/A,,,0
1759293197,eth0,107,Ethernet,N/A,N/A,N/A,N/A,N/A,N/A,N/A,N/A,N/A,N/A,N/A,N/A,,,0
1759293197,eth0,111,Ethernet,N/A,N/A,N/A,N/A,N/A,N/A,N/A,N/A,N/A,N/A,N/A,N/A,,,1
1759293197,any,89,N/A,IPv6,UDP,N/A,v6,fe80::24f1:23ff:fe29:66,ff02::1:52,5355,5355,N/A,N/A,N/A,N/A,,,1
1759293197,eth0,87,Ethernet,IPv6,UDP,N/A,v6,fe80::24f1:23ff:fe29:66,ff02::1:52,5355,5355,N/A,N/A,N/A,N/A,,,1
1759293197,eth0,67,Ethernet,IPv4,UDP,N/A,v4,172.30.0.23,224.0.0.252,5355,5355,N/A,N/A,N/A,N/A,,,1
1759293197,any,69,N/A,IPv4,UDP,N/A,v4,172.30.0.23,224.0.0.252,5355,5355,N/A,N/A,N/A,N/A,,,1
1759293197,any,358,N/A,IPv4,UDP,N/A,v4,0.0.0.0,255.255.255.255,68,67,N/A,N/A,N/A,N/A,,,1
1759293197,eth0,356,Ethernet,IPv4,UDP,N/A,v4,0.0.0.0,255.255.255.255,68,67,N/A,N/A,N/A,N/A,,,1
1759293197,eth0,368,Ethernet,IPv4,UDP,N/A,v4,0.0.0.0,255.255.255.255,68,67,N/A,N/A,N/A,N/A,,,1
1759293197,any,370,N/A,IPv4,UDP,N/A,v4,0.0.0.0,255.255.255.255,68,67,N/A,N/A,N/A,N/A,,,1
1759293197,any,112,N/A,IPv6,ICMP,N/A,v6,fe80::7827:e3ff:fe68:239,ff02::179,N/A,N/A,N/A,N/A,N/A,N/A,,,1
1759293197,eth1,110,Ethernet,IPv6,ICMP,N/A,v6,fe80::7827:e3ff:fe68:239,ff02::179,N/A,N/A,N/A,N/A,N/A,N/A,,,1
1759293197,eth0,110,Ethernet,IPv6,ICMP,N/A,v6,fe80::24f1:23ff:fe29:66,ff02::179,N/A,N/A,N/A,N/A,N/A,N/A,,,1
1759293197,eth0,54,Ethernet,IPv4,N/A,N/A,v4,172.30.0.23,224.0.0.22,N/A,N/A,N/A,N/A,N/A,N/A,,,1
1759293197,eth0,42,Ethernet,N/A,N/A,N/A,N/A,N/A,N/A,N/A,N/A,N/A,N/A,N/A,N/A,,,1
1759293197,any,112,N/A,IPv6,ICMP,N/A,v6,fe80::24f1:23ff:fe29:66,ff02::179,N/A,N/A,N/A,N/A,N/A,N/A,,,1
1759293197,eth0,42,Ethernet,N/A,N/A,N/A,N/A,N/A,N/A,N/A,N/A,N/A,N/A,N/A,N/A,,,1
1759293197,any,44,ARP,N/A,N/A,N/A,N/A,N/A,N/A,N/A,N/A,1,2048,172.30.0.163,172.30.0.122,,,1
1759293198,eth0,107,Ethernet,N/A,N/A,N/A,N/A,N/A,N/A,N/A,N/A,N/A,N/A,N/A,N/A,,,0
1759293198,any,112,N/A,IPv6,ICMP,N/A,v6,fe80::b0b5:44ff:feea:219,ff02::179,N/A,N/A,N/A,N/A,N/A,N/A,,,1
1759293198,eth0,110,Ethernet,IPv6,ICMP,N/A,v6,fe80::b0b5:44ff:feea:219,ff02::179,N/A,N/A,N/A,N/A,N/A,N/A,,,1
1759293198,any,112,N/A,IPv6,ICMP,N/A,v6,fe80::7827:e3ff:fe68:239,ff02::179,N/A,N/A,N/A,N/A,N/A,N/A,,,1
1759293198,eth1,110,Ethernet,IPv6,ICMP,N/A,v6,fe80::7827:e3ff:fe68:239,ff02::179,N/A,N/A,N/A,N/A,N/A,N/A,,,1
1759293198,eth0,110,Ethernet,IPv6,ICMP,N/A,v6,fe80::24f1:23ff:fe29:66,ff02::179,N/A,N/A,N/A,N/A,N/A,N/A,,,1
1759293198,any,112,N/A,IPv6,ICMP,N/A,v6,fe80::24f1:23ff:fe29:66,ff02::179,N/A,N/A,N/A,N/A,N/A,N/A,,,1
1759293198,any,72,N/A,IPv6,ICMP,N/A,v6,fe80::780a:a9ff:fee6:89,ff02::204,N/A,N/A,N/A,N/A,N/A,N/A,,,1
1759293198,eth1,70,Ethernet,IPv6,ICMP,N/A,v6,fe80::780a:a9ff:fee6:89,ff02::204,N/A,N/A,N/A,N/A,N/A,N/A,,,1
1759293198,any,109,N/A,N/A,N/A,N/A,N/A,N/A,N/A,N/A,N/A,N/A,N/A,N/A,N/A,,,0
1759293198,eth1,70,Ethernet,IPv6,ICMP,N/A,v6,fe80::84f5:7eff:fe2e:182,ff02::204,N/A,N/A,N/A,N/A,N/A,N/A,,,0
1759293198,any,72,N/A,IPv6,ICMP,N/A,v6,fe80::84f5:7eff:fe2e:182,ff02::204,N/A,N/A,N/A,N/A,N/A,N/A,,,0
1759293198,eth0,70,Ethernet,IPv6,ICMP,N/A,v6,fe80::b0b5:44ff:feea:219,ff02::204,N/A,N/A,N/A,N/A,N/A,N/A,,,1
1759293198,eth0,54,Ethernet,IPv4,N/A,N/A,v4,172.30.0.163,224.0.0.22,N/A,N/A,N/A,N/A,N/A,N/A,,,1
1759293198,any,56,N/A,IPv4,N/A,N/A,v4,172.30.0.163,224.0.0.22,N/A,N/A,N/A,N/A,N/A,N/A,,,1
1759293198,eth0,54,Ethernet,IPv4,N/A,N/A,v4,172.30.0.23,224.0.0.22,N/A,N/A,N/A,N/A,N/A,N/A,,,1
1759293198,any,56,N/A,IPv4,N/A,N/A,v4,172.30.0.23,224.0.0.22,N/A,N/A,N/A,N/A,N/A,N/A,,,1
1759293198,any,113,N/A,N/A,N/A,N/A,N/A,N/A,N/A,N/A,N/A,N/A,N/A,N/A,N/A,,,1
1759293198,eth0,111,Ethernet,N/A,N/A,N/A,N/A,N/A,N/A,N/A,N/A,N/A,N/A,N/A,N/A,,,1
1759293199,eth0,90,Ethernet,IPv6,ICMP,N/A,v6,fe80::5ca9:83ff:fe87:27,ff02::179,N/A,N/A,N/A,N/A,N/A,N/A,,,0
1759293199,eth0,54,Ethernet,IPv4,N/A,N/A,v4,172.30.0.220,224.0.0.22,N/A,N/A,N/A,N/A,N/A,N/A,,,0
1759293199,any,92,N/A,IPv6,ICMP,N/A,v6,fe80::5ca9:83ff:fe87:27,ff02::179,N/A,N/A,N/A,N/A,N/A,N/A,,,0
1759293199,eth0,87,Ethernet,IPv6,UDP,N/A,v6,fe80::5ca9:83ff:fe87:27,ff02::1:52,5355,5355,N/A,N/A,N/A,N/A,,,0
1759293199,any,89,N/A,IPv6,UDP,N/A,v6,fe80::5ca9:83ff:fe87:27,ff02::1:52,5355,5355,N/A,N/A,N/A,N/A,,,0
1759293199,eth0,67,Ethernet,IPv4,UDP,N/A,v4,172.30.0.220,224.0.0.252,5355,5355,N/A,N/A,N/A,N/A,,,0
1759293199,any,69,N/A,IPv4,UDP,N/A,v4,172.30.0.220,224.0.0.252,5355,5355,N/A,N/A,N/A,N/A,,,0
1759293199,eth0,356,Ethernet,IPv4,UDP,N/A,v4,0.0.0.0,255.255.255.255,68,67,N/A,N/A,N/A,N/A,,,0
1759293199,any,358,N/A,IPv4,UDP,N/A,v4,0.0.0.0,255.255.255.255,68,67,N/A,N/A,N/A,N/A,,,0
1759293199,eth0,368,Ethernet,IPv4,UDP,N/A,v4,0.0.0.0,255.255.255.255,68,67,N/A,N/A,N/A,N/A,,,0
1759293199,any,370,N/A,IPv4,UDP,N/A,v4,0.0.0.0,255.255.255.255,68,67,N/A,N/A,N/A,N/A,,,0
1759293199,eth1,110,Ethernet,IPv6,ICMP,N/A,v6,fe80::a824:52ff:fe4f:69,ff02::179,N/A,N/A,N/A,N/A,N/A,N/A,,,0
1759293199,any,112,N/A,IPv6,ICMP,N/A,v6,fe80::a824:52ff:fe4f:69,ff02::179,N/A,N/A,N/A,N/A,N/A,N/A,,,0
1759293199,eth0,110,Ethernet,IPv6,ICMP,N/A,v6,fe80::5ca9:83ff:fe87:27,ff02::179,N/A,N/A,N/A,N/A,N/A,N/A,,,0
1759293199,eth0,54,Ethernet,IPv4,N/A,N/A,v4,172.30.0.220,224.0.0.22,N/A,N/A,N/A,N/A,N/A,N/A,,,0
1759293199,any,112,N/A,IPv6,ICMP,N/A,v6,fe80::5ca9:83ff:fe87:27,ff02::179,N/A,N/A,N/A,N/A,N/A,N/A,,,0
1759293199,eth0,42,Ethernet,N/A,N/A,N/A,N/A,N/A,N/A,N/A,N/A,N/A,N/A,N/A,N/A,,,0
1759293199,eth0,56,Ethernet,N/A,N/A,N/A,N/A,N/A,N/A,N/A,N/A,N/A,N/A,N/A,N/A,,,0
1759293199,eth0,56,Ethernet,N/A,N/A,N/A,N/A,N/A,N/A,N/A,N/A,N/A,N/A,N/A,N/A,,,0
1759293199,any,44,ARP,N/A,N/A,N/A,N/A,N/A,N/A,N/A,N/A,1,2048,172.30.0.220,172.30.0.122,,,0
1759293199,any,58,ARP,N/A,N/A,N/A,N/A,N/A,N/A,N/A,N/A,2,2048,172.30.0.122,172.30.0.220,,,0
1759293199,any,112,N/A,IPv6,ICMP,N/A,v6,fe80::5ca9:83ff:fe87:27,ff02::179,N/A,N/A,N/A,N/A,N/A,N/A,,,0
1759293199,eth0,70,Ethernet,IPv6,ICMP,N/A,v6,fe80::24f1:23ff:fe29:66,ff02::204,N/A,N/A,N/A,N/A,N/A,N/A,,,1
1759293199,eth1,70,Ethernet,IPv6,ICMP,N/A,v6,fe80::7827:e3ff:fe68:239,ff02::204,N/A,N/A,N/A,N/A,N/A,N/A,,,1
1759293199,any,72,N/A,IPv6,ICMP,N/A,v6,fe80::24f1:23ff:fe29:66,ff02::204,N/A,N/A,N/A,N/A,N/A,N/A,,,1
1759293199,any,72,N/A,IPv6,ICMP,N/A,v6,fe80::ecf9:eff:fefb:55,ff02::204,N/A,N/A,N/A,N/A,N/A,N/A,,,1
1759293199,eth0,70,Ethernet,IPv6,ICMP,N/A,v6,fe80::ecf9:eff:fefb:55,ff02::204,N/A,N/A,N/A,N/A,N/A,N/A,,,1
1759293199,eth0,90,Ethernet,IPv6,ICMP,N/A,v6,fe80::e48e:99ff:fe5f:147,ff02::179,N/A,N/A,N/A,N/A,N/A,N/A,,,1
1759293199,eth0,54,Ethernet,IPv4,N/A,N/A,v4,172.30.0.220,224.0.0.22,N/A,N/A,N/A,N/A,N/A,N/A,,,1
1759293199,any,92,N/A,IPv6,ICMP,N/A,v6,fe80::e48e:99ff:fe5f:147,ff02::179,N/A,N/A,N/A,N/A,N/A,N/A,,,1
1759293199,eth0,91,Ethernet,IPv6,UDP,N/A,v6,fe80::e48e:99ff:fe5f:147,ff02::1:52,5355,5355,N/A,N/A,N/A,N/A,,,1
1759293199,eth0,71,Ethernet,IPv4,UDP,N/A,v4,172.30.0.220,224.0.0.252,5355,5355,N/A,N/A,N/A,N/A,,,1
1759293199,any,93,N/A,IPv6,UDP,N/A,v6,fe80::e48e:99ff:fe5f:147,ff02::1:52,5355,5355,N/A,N/A,N/A,N/A,,,1
1759293199,eth0,360,Ethernet,IPv4,UDP,N/A,v4,0.0.0.0,255.255.255.255,68,67,N/A,N/A,N/A,N/A,,,1
1759293199,any,362,N/A,IPv4,UDP,N/A,v4,0.0.0.0,255.255.255.255,68,67,N/A,N/A,N/A,N/A,,,1
1759293199,eth0,372,Ethernet,IPv4,UDP,N/A,v4,0.0.0.0,255.255.255.255,68,67,N/A,N/A,N/A,N/A,,,1
1759293199,any,374,N/A,IPv4,UDP,N/A,v4,0.0.0.0,255.255.255.255,68,67,N/A,N/A,N/A,N/A,,,1
1759293199,any,112,N/A,IPv6,ICMP,N/A,v6,fe80::dcac:f9ff:fe59:60,ff02::179,N/A,N/A,N/A,N/A,N/A,N/A,,,1
1759293199,eth2,110,Ethernet,IPv6,ICMP,N/A,v6,fe80::dcac:f9ff:fe59:60,ff02::179,N/A,N/A,N/A,N/A,N/A,N/A,,,1
1759293199,eth1,110,Ethernet,IPv6,ICMP,N/A,v6,fe80::f056:abff:fe65:143,ff02::179,N/A,N/A,N/A,N/A,N/A,N/A,,,1
1759293199,any,112,N/A,IPv6,ICMP,N/A,v6,fe80::f056:abff:fe65:143,ff02::179,N/A,N/A,N/A,N/A,N/A,N/A,,,1
1759293199,any,44,ARP,N/A,N/A,N/A,N/A,N/A,N/A,N/A,N/A,1,2048,172.30.0.220,172.30.0.122,,,1
1759293199,any,58,ARP,N/A,N/A,N/A,N/A,N/A,N/A,N/A,N/A,2,2048,172.30.0.122,172.30.0.220,,,1
1759293199,any,58,ARP,N/A,N/A,N/A,N/A,N/A,N/A,N/A,N/A,2,2048,172.30.0.122,172.30.0.220,,,1
1759293199,eth0,42,Ethernet,N/A,N/A,N/A,N/A,N/A,N/A,N/A,N/A,N/A,N/A,N/A,N/A,,,1
1759293199,eth0,56,Ethernet,N/A,N/A,N/A,N/A,N/A,N/A,N/A,N/A,N/A,N/A,N/A,N/A,,,1
1759293199,eth0,110,Ethernet,IPv6,ICMP,N/A,v6,fe80::e48e:99ff:fe5f:147,ff02::179,N/A,N/A,N/A,N/A,N/A,N/A,,,1
1759293199,eth0,54,Ethernet,IPv4,N/A,N/A,v4,172.30.0.220,224.0.0.22,N/A,N/A,N/A,N/A,N/A,N/A,,,1
1759293199,any,112,N/A,IPv6,ICMP,N/A,v6,fe80::e48e:99ff:fe5f:147,ff02::179,N/A,N/A,N/A,N/A,N/A,N/A,,,1
1759293199,any,112,N/A,IPv6,ICMP,N/A,v6,fe80::e48e:99ff:fe5f:147,ff02::179,N/A,N/A,N/A,N/A,N/A,N/A,,,1
1759293199,eth0,110,Ethernet,IPv6,ICMP,N/A,v6,fe80::e48e:99ff:fe5f:147,ff02::179,N/A,N/A,N/A,N/A,N/A,N/A,,,1
1759293199,eth0,54,Ethernet,IPv4,N/A,N/A,v4,172.30.0.220,224.0.0.22,N/A,N/A,N/A,N/A,N/A,N/A,,,1
1759293199,any,56,N/A,IPv4,N/A,N/A,v4,172.30.0.220,224.0.0.22,N/A,N/A,N/A,N/A,N/A,N/A,,,1
1759293199,any,72,N/A,IPv6,ICMP,N/A,v6,fe80::103b:bdff:fef0:169,ff02::204,N/A,N/A,N/A,N/A,N/A,N/A,,,1
1759293199,eth1,70,Ethernet,IPv6,ICMP,N/A,v6,fe80::103b:bdff:fef0:169,ff02::204,N/A,N/A,N/A,N/A,N/A,N/A,,,1
1759293199,eth0,110,Ethernet,IPv6,ICMP,N/A,v6,fe80::5ca9:83ff:fe87:27,ff02::179,N/A,N/A,N/A,N/A,N/A,N/A,,,0
1759293200,any,112,N/A,IPv6,ICMP,N/A,v6,fe80::dcac:f9ff:fe59:60,ff02::179,N/A,N/A,N/A,N/A,N/A,N/A,,,1
1759293200,eth2,110,Ethernet,IPv6,ICMP,N/A,v6,fe80::dcac:f9ff:fe59:60,ff02::179,N/A,N/A,N/A,N/A,N/A,N/A,,,1
1759293200,any,92,N/A,IPv6,ICMP,N/A,v6,fe80::ecf9:eff:fefb:55,ff02::179,N/A,N/A,N/A,N/A,N/A,N/A,,,1
1759293200,eth0,90,Ethernet,IPv6,ICMP,N/A,v6,fe80::ecf9:eff:fefb:55,ff02::179,N/A,N/A,N/A,N/A,N/A,N/A,,,1
1759293200,eth0,56,Ethernet,IPv4,N/A,N/A,v4,172.30.0.89,224.0.0.22,N/A,N/A,N/A,N/A,N/A,N/A,,,1
1759293200,eth0,87,Ethernet,IPv6,UDP,N/A,v6,fe80::ecf9:eff:fefb:55,ff02::1:52,5355,5355,N/A,N/A,N/A,N/A,,,1
1759293200,eth0,67,Ethernet,IPv4,UDP,N/A,v4,172.30.0.89,224.0.0.252,5355,5355,N/A,N/A,N/A,N/A,,,1
1759293200,any,89,N/A,IPv6,UDP,N/A,v6,fe80::ecf9:eff:fefb:55,ff02::1:52,5355,5355,N/A,N/A,N/A,N/A,,,1
1759293200,any,358,N/A,IPv4,UDP,N/A,v4,0.0.0.0,255.255.255.255,68,67,N/A,N/A,N/A,N/A,,,1
1759293200,eth0,356,Ethernet,IPv4,UDP,N/A,v4,0.0.0.0,255.255.255.255,68,67,N/A,N/A,N/A,N/A,,,1
1759293200,eth0,368,Ethernet,IPv4,UDP,N/A,v4,0.0.0.0,255.255.255.255,68,67,N/A,N/A,N/A,N/A,,,1
1759293200,any,370,N/A,IPv4,UDP,N/A,v4,0.0.0.0,255.255.255.255,68,67,N/A,N/A,N/A,N/A,,,1
1759293200,any,112,N/A,IPv6,ICMP,N/A,v6,fe80::103b:bdff:fef0:169,ff02::179,N/A,N/A,N/A,N/A,N/A,N/A,,,1
1759293200,eth1,110,Ethernet,IPv6,ICMP,N/A,v6,fe80::103b:bdff:fef0:169,ff02::179,N/A,N/A,N/A,N/A,N/A,N/A,,,1
1759293200,any,112,N/A,IPv6,ICMP,N/A,v6,fe80::f056:abff:fe65:143,ff02::179,N/A,N/A,N/A,N/A,N/A,N/A,,,1
1759293200,eth1,110,Ethernet,IPv6,ICMP,N/A,v6,fe80::f056:abff:fe65:143,ff02::179,N/A,N/A,N/A,N/A,N/A,N/A,,,1
1759293200,any,58,ARP,N/A,N/A,N/A,N/A,N/A,N/A,N/A,N/A,1,2048,172.30.0.89,172.30.0.122,,,1
1759293200,eth0,56,Ethernet,N/A,N/A,N/A,N/A,N/A,N/A,N/A,N/A,N/A,N/A,N/A,N/A,,,1
1759293200,eth0,110,Ethernet,IPv6,ICMP,N/A,v6,fe80::ecf9:eff:fefb:55,ff02::179,N/A,N/A,N/A,N/A,N/A,N/A,,,1
1759293200,eth0,56,Ethernet,IPv4,N/A,N/A,v4,172.30.0.89,224.0.0.22,N/A,N/A,N/A,N/A,N/A,N/A,,,1
1759293200,any,112,N/A,IPv6,ICMP,N/A,v6,fe80::ecf9:eff:fefb:55,ff02::179,N/A,N/A,N/A,N/A,N/A,N/A,,,1
1759293200,any,58,N/A,IPv4,N/A,N/A,v4,172.30.0.89,224.0.0.22,N/A,N/A,N/A,N/A,N/A,N/A,,,1
1759293200,any,112,N/A,IPv6,ICMP,N/A,v6,fe80::ecf9:eff:fefb:55,ff02::179,N/A,N/A,N/A,N/A,N/A,N/A,,,1
1759293200,eth0,110,Ethernet,IPv6,ICMP,N/A,v6,fe80::ecf9:eff:fefb:55,ff02::179,N/A,N/A,N/A,N/A,N/A,N/A,,,1
1759293200,eth1,70,Ethernet,IPv6,ICMP,N/A,v6,fe80::f056:abff:fe65:143,ff02::204,N/A,N/A,N/A,N/A,N/A,N/A,,,1
1759293200,any,72,N/A,IPv6,ICMP,N/A,v6,fe80::dcac:f9ff:fe59:60,ff02::204,N/A,N/A,N/A,N/A,N/A,N/A,,,1
1759293200,eth2,70,Ethernet,IPv6,ICMP,N/A,v6,fe80::dcac:f9ff:fe59:60,ff02::204,N/A,N/A,N/A,N/A,N/A,N/A,,,1
1759293200,eth0,111,Ethernet,N/A,N/A,N/A,N/A,N/A,N/A,N/A,N/A,N/A,N/A,N/A,N/A,,,1
1759293200,eth0,70,Ethernet,IPv6,ICMP,N/A,v6,fe80::e48e:99ff:fe5f:147,ff02::204,N/A,N/A,N/A,N/A,N/A,N/A,,,1
1759293200,any,112,N/A,IPv6,ICMP,N/A,v6,fe80::103b:bdff:fef0:169,ff02::179,N/A,N/A,N/A,N/A,N/A,N/A,,,1
1759293200,eth1,110,Ethernet,IPv6,ICMP,N/A,v6,fe80::103b:bdff:fef0:169,ff02::179,N/A,N/A,N/A,N/A,N/A,N/A,,,1
1759293200,any,112,N/A,IPv6,ICMP,N/A,v6,fe80::a824:52ff:fe4f:69,ff02::179,N/A,N/A,N/A,N/A,N/A,N/A,,,0
1759293200,eth1,110,Ethernet,IPv6,ICMP,N/A,v6,fe80::a824:52ff:fe4f:69,ff02::179,N/A,N/A,N/A,N/A,N/A,N/A,,,0
1759293200,eth0,54,Ethernet,IPv4,N/A,N/A,v4,172.30.0.220,224.0.0.22,N/A,N/A,N/A,N/A,N/A,N/A,,,0
1759293200,any,56,N/A,IPv4,N/A,N/A,v4,172.30.0.220,224.0.0.22,N/A,N/A,N/A,N/A,N/A,N/A,,,0
1759293200,eth0,107,Ethernet,N/A,N/A,N/A,N/A,N/A,N/A,N/A,N/A,N/A,N/A,N/A,N/A,,,0
1759293200,eth0,70,Ethernet,IPv6,ICMP,N/A,v6,fe80::5ca9:83ff:fe87:27,ff02::204,N/A,N/A,N/A,N/A,N/A,N/A,,,0
1759293200,any,72,N/A,IPv6,ICMP,N/A,v6,fe80::a824:52ff:fe4f:69,ff02::204,N/A,N/A,N/A,N/A,N/A,N/A,,,0
1759293200,any,109,N/A,N/A,N/A,N/A,N/A,N/A,N/A,N/A,N/A,N/A,N/A,N/A,N/A,,,0
1759293200,eth1,70,Ethernet,IPv6,ICMP,N/A,v6,fe80::a824:52ff:fe4f:69,ff02::204,N/A,N/A,N/A,N/A,N/A,N/A,,,0
1759293201,any,58,N/A,IPv4,N/A,N/A,v4,172.30.0.89,224.0.0.22,N/A,N/A,N/A,N/A,N/A,N/A,,,1
1759293201,eth0,56,Ethernet,IPv4,N/A,N/A,v4,172.30.0.89,224.0.0.22,N/A,N/A,N/A,N/A,N/A,N/A,,,1
1759293201,eth1,70,Ethernet,IPv6,ICMP,N/A,v6,fe80::103b:bdff:fef0:169,ff02::204,N/A,N/A,N/A,N/A,N/A,N/A,,,1
1759293201,eth0,70,Ethernet,IPv6,ICMP,N/A,v6,fe80::ecf9:eff:fefb:55,ff02::204,N/A,N/A,N/A,N/A,N/A,N/A,,,1
1759293201,any,72,N/A,IPv6,ICMP,N/A,v6,fe80::ecf9:eff:fefb:55,ff02::204,N/A,N/A,N/A,N/A,N/A,N/A,,,1
1759293201,any,72,N/A,IPv6,ICMP,N/A,v6,fe80::103b:bdff:fef0:169,ff02::204,N/A,N/A,N/A,N/A,N/A,N/A,,,1
1759293201,eth0,111,Ethernet,N/A,N/A,N/A,N/A,N/A,N/A,N/A,N/A,N/A,N/A,N/A,N/A,,,1
1759293201,any,113,N/A,N/A,N/A,N/A,N/A,N/A,N/A,N/A,N/A,N/A,N/A,N/A,N/A,,,1
1759293201,any,109,N/A,N/A,N/A,N/A,N/A,N/A,N/A,N/A,N/A,N/A,N/A,N/A,N/A,,,0
1759293201,eth0,107,Ethernet,N/A,N/A,N/A,N/A,N/A,N/A,N/A,N/A,N/A,N/A,N/A,N/A,,,0
1759293202,any,72,N/A,IPv6,ICMP,N/A,v6,fe80::780a:a9ff:fee6:89,ff02::204,N/A,N/A,N/A,N/A,N/A,N/A,,,1
1759293202,eth1,70,Ethernet,IPv6,ICMP,N/A,v6,fe80::780a:a9ff:fee6:89,ff02::204,N/A,N/A,N/A,N/A,N/A,N/A,,,1
1759293202,any,72,N/A,IPv6,ICMP,N/A,v6,fe80::7827:e3ff:fe68:239,ff02::204,N/A,N/A,N/A,N/A,N/A,N/A,,,1
1759293202,eth1,70,Ethernet,IPv6,ICMP,N/A,v6,fe80::7827:e3ff:fe68:239,ff02::204,N/A,N/A,N/A,N/A,N/A,N/A,,,1
1759293202,eth0,70,Ethernet,IPv6,ICMP,N/A,v6,fe80::b0b5:44ff:feea:219,ff02::204,N/A,N/A,N/A,N/A,N/A,N/A,,,1
1759293202,any,72,N/A,IPv6,ICMP,N/A,v6,fe80::b0b5:44ff:feea:219,ff02::204,N/A,N/A,N/A,N/A,N/A,N/A,,,1
1759293202,any,92,N/A,IPv6,ICMP,N/A,v6,fe80::b0b5:44ff:feea:219,ff02::179,N/A,N/A,N/A,N/A,N/A,N/A,,,1
1759293202,eth0,90,Ethernet,IPv6,ICMP,N/A,v6,fe80::b0b5:44ff:feea:219,ff02::179,N/A,N/A,N/A,N/A,N/A,N/A,,,1
1759293202,eth0,54,Ethernet,IPv4,N/A,N/A,v4,172.30.0.163,224.0.0.22,N/A,N/A,N/A,N/A,N/A,N/A,,,1
1759293202,eth0,68,Ethernet,IPv4,UDP,N/A,v4,172.30.0.163,224.0.0.252,5355,5355,N/A,N/A,N/A,N/A,,,1
1759293202,any,70,N/A,IPv4,UDP,N/A,v4,172.30.0.163,224.0.0.252,5355,5355,N/A,N/A,N/A,N/A,,,1
1759293202,any,90,N/A,IPv6,UDP,N/A,v6,fe80::b0b5:44ff:feea:219,ff02::1:52,5355,5355,N/A,N/A,N/A,N/A,,,1
1759293202,eth0,88,Ethernet,IPv6,UDP,N/A,v6,fe80::b0b5:44ff:feea:219,ff02::1:52,5355,5355,N/A,N/A,N/A,N/A,,,1
1759293202,eth0,357,Ethernet,IPv4,UDP,N/A,v4,0.0.0.0,255.255.255.255,68,67,N/A,N/A,N/A,N/A,,,1
1759293202,any,359,N/A,IPv4,UDP,N/A,v4,0.0.0.0,255.255.255.255,68,67,N/A,N/A,N/A,N/A,,,1
1759293202,eth0,369,Ethernet,IPv4,UDP,N/A,v4,0.0.0.0,255.255.255.255,68,67,N/A,N/A,N/A,N/A,,,1
1759293202,any,371,N/A,IPv4,UDP,N/A,v4,0.0.0.0,255.255.255.255,68,67,N/A,N/A,N/A,N/A,,,1
1759293202,eth0,110,Ethernet,IPv6,ICMP,N/A,v6,fe80::b0b5:44ff:feea:219,ff02::179,N/A,N/A,N/A,N/A,N/A,N/A,,,1
1759293202,any,112,N/A,IPv6,ICMP,N/A,v6,fe80::b0b5:44ff:feea:219,ff02::179,N/A,N/A,N/A,N/A,N/A,N/A,,,1
1759293202,any,112,N/A,IPv6,ICMP,N/A,v6,fe80::780a:a9ff:fee6:89,ff02::179,N/A,N/A,N/A,N/A,N/A,N/A,,,1
1759293202,eth1,110,Ethernet,IPv6,ICMP,N/A,v6,fe80::780a:a9ff:fee6:89,ff02::179,N/A,N/A,N/A,N/A,N/A,N/A,,,1
1759293202,any,109,N/A,N/A,N/A,N/A,N/A,N/A,N/A,N/A,N/A,N/A,N/A,N/A,N/A,,,0
1759293202,eth0,107,Ethernet,N/A,N/A,N/A,N/A,N/A,N/A,N/A,N/A,N/A,N/A,N/A,N/A,,,0
1759293202,eth0,110,Ethernet,IPv6,ICMP,N/A,v6,fe80::b0b5:44ff:feea:219,ff02::179,N/A,N/A,N/A,N/A,N/A,N/A,,,1
1759293202,eth0,54,Ethernet,IPv4,N/A,N/A,v4,172.30.0.163,224.0.0.22,N/A,N/A,N/A,N/A,N/A,N/A,,,1
1759293202,any,112,N/A,IPv6,ICMP,N/A,v6,fe80::b0b5:44ff:feea:219,ff02::179,N/A,N/A,N/A,N/A,N/A,N/A,,,1
1759293202,any,44,ARP,N/A,N/A,N/A,N/A,N/A,N/A,N/A,N/A,1,2048,172.30.0.163,172.30.0.122,,,1
1759293202,eth0,42,Ethernet,N/A,N/A,N/A,N/A,N/A,N/A,N/A,N/A,N/A,N/A,N/A,N/A,,,1
1759293203,eth0,90,Ethernet,IPv6,ICMP,N/A,v6,fe80::5ca9:83ff:fe87:27,ff02::179,N/A,N/A,N/A,N/A,N/A,N/A,,,0
1759293203,eth0,54,Ethernet,IPv4,N/A,N/A,v4,172.30.0.220,224.0.0.22,N/A,N/A,N/A,N/A,N/A,N/A,,,0
1759293203,any,92,N/A,IPv6,ICMP,N/A,v6,fe80::5ca9:83ff:fe87:27,ff02::179,N/A,N/A,N/A,N/A,N/A,N/A,,,0
1759293203,eth0,67,Ethernet,IPv4,UDP,N/A,v4,172.30.0.220,224.0.0.252,5355,5355,N/A,N/A,N/A,N/A,,,0
1759293203,eth0,87,Ethernet,IPv6,UDP,N/A,v6,fe80::5ca9:83ff:fe87:27,ff02::1:52,5355,5355,N/A,N/A,N/A,N/A,,,0
1759293203,any,69,N/A,IPv4,UDP,N/A,v4,172.30.0.220,224.0.0.252,5355,5355,N/A,N/A,N/A,N/A,,,0
1759293203,eth0,356,Ethernet,IPv4,UDP,N/A,v4,0.0.0.0,255.255.255.255,68,67,N/A,N/A,N/A,N/A,,,0
1759293203,any,358,N/A,IPv4,UDP,N/A,v4,0.0.0.0,255.255.255.255,68,67,N/A,N/A,N/A,N/A,,,0
1759293203,eth0,368,Ethernet,IPv4,UDP,N/A,v4,0.0.0.0,255.255.255.255,68,67,N/A,N/A,N/A,N/A,,,0
1759293203,any,370,N/A,IPv4,UDP,N/A,v4,0.0.0.0,255.255.255.255,68,67,N/A,N/A,N/A,N/A,,,0
1759293203,eth1,110,Ethernet,IPv6,ICMP,N/A,v6,fe80::a824:52ff:fe4f:69,ff02::179,N/A,N/A,N/A,N/A,N/A,N/A,,,0
1759293203,any,92,N/A,IPv6,ICMP,N/A,v6,fe80::24f1:23ff:fe29:66,ff02::179,N/A,N/A,N/A,N/A,N/A,N/A,,,1
1759293203,eth0,90,Ethernet,IPv6,ICMP,N/A,v6,fe80::24f1:23ff:fe29:66,ff02::179,N/A,N/A,N/A,N/A,N/A,N/A,,,1
1759293203,eth0,54,Ethernet,IPv4,N/A,N/A,v4,172.30.0.23,224.0.0.22,N/A,N/A,N/A,N/A,N/A,N/A,,,1
1759293203,any,358,N/A,IPv4,UDP,N/A,v4,0.0.0.0,255.255.255.255,68,67,N/A,N/A,N/A,N/A,,,1
1759293203,eth0,356,Ethernet,IPv4,UDP,N/A,v4,0.0.0.0,255.255.255.255,68,67,N/A,N/A,N/A,N/A,,,1
1759293203,eth0,368,Ethernet,IPv4,UDP,N/A,v4,0.0.0.0,255.255.255.255,68,67,N/A,N/A,N/A,N/A,,,1
1759293203,any,370,N/A,IPv4,UDP,N/A,v4,0.0.0.0,255.255.255.255,68,67,N/A,N/A,N/A,N/A,,,1
1759293203,any,112,N/A,IPv6,ICMP,N/A,v6,fe80::7827:e3ff:fe68:239,ff02::179,N/A,N/A,N/A,N/A,N/A,N/A,,,1
1759293203,eth1,110,Ethernet,IPv6,ICMP,N/A,v6,fe80::7827:e3ff:fe68:239,ff02::179,N/A,N/A,N/A,N/A,N/A,N/A,,,1
1759293203,eth0,110,Ethernet,IPv6,ICMP,N/A,v6,fe80::24f1:23ff:fe29:66,ff02::179,N/A,N/A,N/A,N/A,N/A,N/A,,,1
1759293203,eth0,54,Ethernet,IPv4,N/A,N/A,v4,172.30.0.23,224.0.0.22,N/A,N/A,N/A,N/A,N/A,N/A,,,1
1759293203,any,112,N/A,IPv6,ICMP,N/A,v6,fe80::24f1:23ff:fe29:66,ff02::179,N/A,N/A,N/A,N/A,N/A,N/A,,,1
1759293203,any,44,ARP,N/A,N/A,N/A,N/A,N/A,N/A,N/A,N/A,1,2048,172.30.0.23,172.30.0.122,,,1
1759293203,eth0,42,Ethernet,N/A,N/A,N/A,N/A,N/A,N/A,N/A,N/A,N/A,N/A,N/A,N/A,,,1
1759293203,any,113,N/A,N/A,N/A,N/A,N/A,N/A,N/A,N/A,N/A,N/A,N/A,N/A,N/A,,,1
1759293203,eth0,111,Ethernet,N/A,N/A,N/A,N/A,N/A,N/A,N/A,N/A,N/A,N/A,N/A,N/A,,,1
1759293203,eth0,54,Ethernet,IPv4,N/A,N/A,v4,172.30.0.163,224.0.0.22,N/A,N/A,N/A,N/A,N/A,N/A,,,1
1759293203,any,56,N/A,IPv4,N/A,N/A,v4,172.30.0.163,224.0.0.22,N/A,N/A,N/A,N/A,N/A,N/A,,,1
1759293203,any,112,N/A,IPv6,ICMP,N/A,v6,fe80::780a:a9ff:fee6:89,ff02::179,N/A,N/A,N/A,N/A,N/A,N/A,,,1
1759293203,eth1,110,Ethernet,IPv6,ICMP,N/A,v6,fe80::780a:a9ff:fee6:89,ff02::179,N/A,N/A,N/A,N/A,N/A,N/A,,,1
1759293203,any,56,N/A,IPv4,N/A,N/A,v4,172.30.0.23,224.0.0.22,N/A,N/A,N/A,N/A,N/A,N/A,,,1
1759293203,eth0,54,Ethernet,IPv4,N/A,N/A,v4,172.30.0.23,224.0.0.22,N/A,N/A,N/A,N/A,N/A,N/A,,,1
1759293203,eth1,110,Ethernet,IPv6,ICMP,N/A,v6,fe80::7827:e3ff:fe68:239,ff02::179,N/A,N/A,N/A,N/A,N/A,N/A,,,1
1759293203,any,112,N/A,IPv6,ICMP,N/A,v6,fe80::7827:e3ff:fe68:239,ff02::179,N/A,N/A,N/A,N/A,N/A,N/A,,,1
1759293203,eth0,90,Ethernet,IPv6,ICMP,N/A,v6,fe80::e48e:99ff:fe5f:147,ff02::179,N/A,N/A,N/A,N/A,N/A,N/A,,,1
1759293203,eth0,54,Ethernet,IPv4,N/A,N/A,v4,172.30.0.220,224.0.0.22,N/A,N/A,N/A,N/A,N/A,N/A,,,1
1759293203,any,92,N/A,IPv6,ICMP,N/A,v6,fe80::e48e:99ff:fe5f:147,ff02::179,N/A,N/A,N/A,N/A,N/A,N/A,,,1
1759293203,eth0,360,Ethernet,IPv4,UDP,N/A,v4,0.0.0.0,255.255.255.255,68,67,N/A,N/A,N/A,N/A,,,1
1759293203,any,362,N/A,IPv4,UDP,N/A,v4,0.0.0.0,255.255.255.255,68,67,N/A,N/A,N/A,N/A,,,1
1759293203,eth0,372,Ethernet,IPv4,UDP,N/A,v4,0.0.0.0,255.255.255.255,68,67,N/A,N/A,N/A,N/A,,,1
1759293203,any,374,N/A,IPv4,UDP,N/A,v4,0.0.0.0,255.255.255.255,68,67,N/A,N/A,N/A,N/A,,,1
1759293203,eth2,110,Ethernet,IPv6,ICMP,N/A,v6,fe80::dcac:f9ff:fe59:60,ff02::179,N/A,N/A,N/A,N/A,N/A,N/A,,,1
1759293203,any,112,N/A,IPv6,ICMP,N/A,v6,fe80::f056:abff:fe65:143,ff02::179,N/A,N/A,N/A,N/A,N/A,N/A,,,1
1759293203,eth1,110,Ethernet,IPv6,ICMP,N/A,v6,fe80::f056:abff:fe65:143,ff02::179,N/A,N/A,N/A,N/A,N/A,N/A,,,1
1759293203,any,112,N/A,IPv6,ICMP,N/A,v6,fe80::e48e:99ff:fe5f:147,ff02::179,N/A,N/A,N/A,N/A,N/A,N/A,,,1
1759293203,eth0,110,Ethernet,IPv6,ICMP,N/A,v6,fe80::e48e:99ff:fe5f:147,ff02::179,N/A,N/A,N/A,N/A,N/A,N/A,,,1
1759293203,eth0,54,Ethernet,IPv4,N/A,N/A,v4,172.30.0.220,224.0.0.22,N/A,N/A,N/A,N/A,N/A,N/A,,,1
1759293203,any,92,N/A,IPv6,ICMP,N/A,v6,fe80::b0b5:44ff:feea:219,ff02::179,N/A,N/A,N/A,N/A,N/A,N/A,,,1
1759293203,eth0,90,Ethernet,IPv6,ICMP,N/A,v6,fe80::b0b5:44ff:feea:219,ff02::179,N/A,N/A,N/A,N/A,N/A,N/A,,,1
1759293203,any,112,N/A,IPv6,ICMP,N/A,v6,fe80::f056:abff:fe65:143,ff02::179,N/A,N/A,N/A,N/A,N/A,N/A,,,1
1759293203,eth1,110,Ethernet,IPv6,ICMP,N/A,v6,fe80::f056:abff:fe65:143,ff02::179,N/A,N/A,N/A,N/A,N/A,N/A,,,1
1759293203,eth0,110,Ethernet,IPv6,ICMP,N/A,v6,fe80::24f1:23ff:fe29:66,ff02::179,N/A,N/A,N/A,N/A,N/A,N/A,,,1
1759293203,any,112,N/A,IPv6,ICMP,N/A,v6,fe80::24f1:23ff:fe29:66,ff02::179,N/A,N/A,N/A,N/A,N/A,N/A,,,1
1759293203,any,112,N/A,IPv6,ICMP,N/A,v6,fe80::a824:52ff:fe4f:69,ff02::179,N/A,N/A,N/A,N/A,N/A,N/A,,,0
1759293203,any,44,ARP,N/A,N/A,N/A,N/A,N/A,N/A,N/A,N/A,1,2048,172.30.0.220,172.30.0.122,,,0
1759293203,any,58,ARP,N/A,N/A,N/A,N/A,N/A,N/A,N/A,N/A,2,2048,172.30.0.122,172.30.0.220,,,0
1759293203,any,58,ARP,N/A,N/A,N/A,N/A,N/A,N/A,N/A,N/A,2,2048,172.30.0.122,172.30.0.220,,,0
1759293203,any,112,N/A,IPv6,ICMP,N/A,v6,fe80::5ca9:83ff:fe87:27,ff02::179,N/A,N/A,N/A,N/A,N/A,N/A,,,0
1759293203,eth0,42,Ethernet,N/A,N/A,N/A,N/A,N/A,N/A,N/A,N/A,N/A,N/A,N/A,N/A,,,0
1759293203,eth0,56,Ethernet,N/A,N/A,N/A,N/A,N/A,N/A,N/A,N/A,N/A,N/A,N/A,N/A,,,0
1759293203,eth0,56,Ethernet,N/A,N/A,N/A,N/A,N/A,N/A,N/A,N/A,N/A,N/A,N/A,N/A,,,0
1759293203,eth0,110,Ethernet,IPv6,ICMP,N/A,v6,fe80::5ca9:83ff:fe87:27,ff02::179,N/A,N/A,N/A,N/A,N/A,N/A,,,0
1759293203,eth0,54,Ethernet,IPv4,N/A,N/A,v4,172.30.0.220,224.0.0.22,N/A,N/A,N/A,N/A,N/A,N/A,,,0
1759293204,any,72,N/A,IPv6,ICMP,N/A,v6,fe80::7827:e3ff:fe68:239,ff02::204,N/A,N/A,N/A,N/A,N/A,N/A,,,1
1759293204,eth1,70,Ethernet,IPv6,ICMP,N/A,v6,fe80::7827:e3ff:fe68:239,ff02::204,N/A,N/A,N/A,N/A,N/A,N/A,,,1
1759293204,eth0,70,Ethernet,IPv6,ICMP,N/A,v6,fe80::24f1:23ff:fe29:66,ff02::204,N/A,N/A,N/A,N/A,N/A,N/A,,,1
1759293204,eth0,42,Ethernet,N/A,N/A,N/A,N/A,N/A,N/A,N/A,N/A,N/A,N/A,N/A,N/A,,,1
1759293204,eth0,56,Ethernet,N/A,N/A,N/A,N/A,N/A,N/A,N/A,N/A,N/A,N/A,N/A,N/A,,,1
1759293204,any,44,ARP,N/A,N/A,N/A,N/A,N/A,N/A,N/A,N/A,1,2048,172.30.0.220,172.30.0.122,,,1
1759293204,any,58,ARP,N/A,N/A,N/A,N/A,N/A,N/A,N/A,N/A,2,2048,172.30.0.122,172.30.0.220,,,1
1759293204,eth0,110,Ethernet,IPv6,ICMP,N/A,v6,fe80::e48e:99ff:fe5f:147,ff02::179,N/A,N/A,N/A,N/A,N/A,N/A,,,1
1759293204,any,112,N/A,IPv6,ICMP,N/A,v6,fe80::e48e:99ff:fe5f:147,ff02::179,N/A,N/A,N/A,N/A,N/A,N/A,,,1
1759293204,any,72,N/A,IPv6,ICMP,N/A,v6,fe80::b0b5:44ff:feea:219,ff02::204,N/A,N/A,N/A,N/A,N/A,N/A,,,1
1759293204,eth0,70,Ethernet,IPv6,ICMP,N/A,v6,fe80::b0b5:44ff:feea:219,ff02::204,N/A,N/A,N/A,N/A,N/A,N/A,,,1
1759293204,any,72,N/A,IPv6,ICMP,N/A,v6,fe80::780a:a9ff:fee6:89,ff02::204,N/A,N/A,N/A,N/A,N/A,N/A,,,1
1759293204,eth1,70,Ethernet,IPv6,ICMP,N/A,v6,fe80::780a:a9ff:fee6:89,ff02::204,N/A,N/A,N/A,N/A,N/A,N/A,,,1
1759293204,eth2,110,Ethernet,IPv6,ICMP,N/A,v6,fe80::dcac:f9ff:fe59:60,ff02::179,N/A,N/A,N/A,N/A,N/A,N/A,,,1
1759293204,any,112,N/A,IPv6,ICMP,N/A,v6,fe80::dcac:f9ff:fe59:60,ff02::179,N/A,N/A,N/A,N/A,N/A,N/A,,,1
1759293204,any,92,N/A,IPv6,ICMP,N/A,v6,fe80::ecf9:eff:fefb:55,ff02::179,N/A,N/A,N/A,N/A,N/A,N/A,,,1
1759293204,eth0,90,Ethernet,IPv6,ICMP,N/A,v6,fe80::ecf9:eff:fefb:55,ff02::179,N/A,N/A,N/A,N/A,N/A,N/A,,,1
1759293204,eth0,56,Ethernet,IPv4,N/A,N/A,v4,172.30.0.89,224.0.0.22,N/A,N/A,N/A,N/A,N/A,N/A,,,1
1759293204,eth0,87,Ethernet,IPv6,UDP,N/A,v6,fe80::ecf9:eff:fefb:55,ff02::1:52,5355,5355,N/A,N/A,N/A,N/A,,,1
1759293204,eth0,67,Ethernet,IPv4,UDP,N/A,v4,172.30.0.89,224.0.0.252,5355,5355,N/A,N/A,N/A,N/A,,,1
1759293204,any,89,N/A,IPv6,UDP,N/A,v6,fe80::ecf9:eff:fefb:55,ff02::1:52,5355,5355,N/A,N/A,N/A,N/A,,,1
1759293204,eth0,356,Ethernet,IPv4,UDP,N/A,v4,0.0.0.0,255.255.255.255,68,67,N/A,N/A,N/A,N/A,,,1
1759293204,any,358,N/A,IPv4,UDP,N/A,v4,0.0.0.0,255.255.255.255,68,67,N/A,N/A,N/A,N/A,,,1
1759293204,eth0,368,Ethernet,IPv4,UDP,N/A,v4,0.0.0.0,255.255.255.255,68,67,N/A,N/A,N/A,N/A,,,1
1759293204,any,370,N/A,IPv4,UDP,N/A,v4,0.0.0.0,255.255.255.255,68,67,N/A,N/A,N/A,N/A,,,1
1759293204,eth1,110,Ethernet,IPv6,ICMP,N/A,v6,fe80::103b:bdff:fef0:169,ff02::179,N/A,N/A,N/A,N/A,N/A,N/A,,,1
1759293204,any,112,N/A,IPv6,ICMP,N/A,v6,fe80::103b:bdff:fef0:169,ff02::179,N/A,N/A,N/A,N/A,N/A,N/A,,,1
1759293204,eth0,110,Ethernet,IPv6,ICMP,N/A,v6,fe80::ecf9:eff:fefb:55,ff02::179,N/A,N/A,N/A,N/A,N/A,N/A,,,1
1759293204,any,112,N/A,IPv6,ICMP,N/A,v6,fe80::ecf9:eff:fefb:55,ff02::179,N/A,N/A,N/A,N/A,N/A,N/A,,,1
1759293204,eth0,56,Ethernet,IPv4,N/A,N/A,v4,172.30.0.89,224.0.0.22,N/A,N/A,N/A,N/A,N/A,N/A,,,1
1759293204,any,58,N/A,IPv4,N/A,N/A,v4,172.30.0.89,224.0.0.22,N/A,N/A,N/A,N/A,N/A,N/A,,,1
1759293204,eth1,110,Ethernet,IPv6,ICMP,N/A,v6,fe80::103b:bdff:fef0:169,ff02::179,N/A,N/A,N/A,N/A,N/A,N/A,,,1
1759293204,any,112,N/A,IPv6,ICMP,N/A,v6,fe80::103b:bdff:fef0:169,ff02::179,N/A,N/A,N/A,N/A,N/A,N/A,,,1
1759293204,any,58,ARP,N/A,N/A,N/A,N/A,N/A,N/A,N/A,N/A,1,2048,172.30.0.89,172.30.0.122,,,1
1759293204,eth0,56,Ethernet,N/A,N/A,N/A,N/A,N/A,N/A,N/A,N/A,N/A,N/A,N/A,N/A,,,1
1759293204,eth0,56,Ethernet,IPv4,N/A,N/A,v4,172.30.0.89,224.0.0.22,N/A,N/A,N/A,N/A,N/A,N/A,,,1
1759293204,any,58,N/A,IPv4,N/A,N/A,v4,172.30.0.89,224.0.0.22,N/A,N/A,N/A,N/A,N/A,N/A,,,1
1759293204,any,72,N/A,IPv6,ICMP,N/A,v6,fe80::dcac:f9ff:fe59:60,ff02::204,N/A,N/A,N/A,N/A,N/A,N/A,,,1
1759293204,eth2,70,Ethernet,IPv6,ICMP,N/A,v6,fe80::dcac:f9ff:fe59:60,ff02::204,N/A,N/A,N/A,N/A,N/A,N/A,,,1
1759293204,eth1,70,Ethernet,IPv6,ICMP,N/A,v6,fe80::f056:abff:fe65:143,ff02::204,N/A,N/A,N/A,N/A,N/A,N/A,,,1
1759293204,eth0,70,Ethernet,IPv6,ICMP,N/A,v6,fe80::e48e:99ff:fe5f:147,ff02::204,N/A,N/A,N/A,N/A,N/A,N/A,,,1
1759293204,eth0,54,Ethernet,IPv4,N/A,N/A,v4,172.30.0.220,224.0.0.22,N/A,N/A,N/A,N/A,N/A,N/A,,,1
1759293204,any,56,N/A,IPv4,N/A,N/A,v4,172.30.0.220,224.0.0.22,N/A,N/A,N/A,N/A,N/A,N/A,,,1
1759293204,any,56,N/A,IPv4,N/A,N/A,v4,172.30.0.220,224.0.0.22,N/A,N/A,N/A,N/A,N/A,N/A,,,0
1759293204,eth0,54,Ethernet,IPv4,N/A,N/A,v4,172.30.0.220,224.0.0.22,N/A,N/A,N/A,N/A,N/A,N/A,,,0
1759293204,eth0,110,Ethernet,IPv6,ICMP,N/A,v6,fe80::5ca9:83ff:fe87:27,ff02::179,N/A,N/A,N/A,N/A,N/A,N/A,,,0
1759293204,eth0,70,Ethernet,IPv6,ICMP,N/A,v6,fe80::5ca9:83ff:fe87:27,ff02::204,N/A,N/A,N/A,N/A,N/A,N/A,,,0
1759293204,eth1,70,Ethernet,IPv6,ICMP,N/A,v6,fe80::a824:52ff:fe4f:69,ff02::204,N/A,N/A,N/A,N/A,N/A,N/A,,,0
1759293204,any,72,N/A,IPv6,ICMP,N/A,v6,fe80::a824:52ff:fe4f:69,ff02::204,N/A,N/A,N/A,N/A,N/A,N/A,,,0
1759293204,eth1,110,Ethernet,IPv6,ICMP,N/A,v6,fe80::a824:52ff:fe4f:69,ff02::179,N/A,N/A,N/A,N/A,N/A,N/A,,,0
1759293204,any,112,N/A,IPv6,ICMP,N/A,v6,fe80::a824:52ff:fe4f:69,ff02::179,N/A,N/A,N/A,N/A,N/A,N/A,,,0
1759293205,eth0,111,Ethernet,N/A,N/A,N/A,N/A,N/A,N/A,N/A,N/A,N/A,N/A,N/A,N/A,,,1
1759293205,any,113,N/A,N/A,N/A,N/A,N/A,N/A,N/A,N/A,N/A,N/A,N/A,N/A,N/A,,,1
1759293205,any,112,N/A,IPv6,ICMP,N/A,v6,fe80::ecf9:eff:fefb:55,ff02::179,N/A,N/A,N/A,N/A,N/A,N/A,,,1
1759293205,eth0,110,Ethernet,IPv6,ICMP,N/A,v6,fe80::ecf9:eff:fefb:55,ff02::179,N/A,N/A,N/A,N/A,N/A,N/A,,,1
1759293205,eth1,70,Ethernet,IPv6,ICMP,N/A,v6,fe80::103b:bdff:fef0:169,ff02::204,N/A,N/A,N/A,N/A,N/A,N/A,,,1
1759293205,any,72,N/A,IPv6,ICMP,N/A,v6,fe80::ecf9:eff:fefb:55,ff02::204,N/A,N/A,N/A,N/A,N/A,N/A,,,1
1759293205,any,72,N/A,IPv6,ICMP,N/A,v6,fe80::103b:bdff:fef0:169,ff02::204,N/A,N/A,N/A,N/A,N/A,N/A,,,1
1759293205,eth0,70,Ethernet,IPv6,ICMP,N/A,v6,fe80::ecf9:eff:fefb:55,ff02::204,N/A,N/A,N/A,N/A,N/A,N/A,,,1
1759293205,any,109,N/A,N/A,N/A,N/A,N/A,N/A,N/A,N/A,N/A,N/A,N/A,N/A,N/A,,,0
1759293205,eth0,107,Ethernet,N/A,N/A,N/A,N/A,N/A,N/A,N/A,N/A,N/A,N/A,N/A,N/A,,,0
1759293206,eth0,111,Ethernet,N/A,N/A,N/A,N/A,N/A,N/A,N/A,N/A,N/A,N/A,N/A,N/A,,,1
1759293206,any,113,N/A,N/A,N/A,N/A,N/A,N/A,N/A,N/A,N/A,N/A,N/A,N/A,N/A,,,1
1759293206,eth0,90,Ethernet,IPv6,ICMP,N/A,v6,fe80::b0b5:44ff:feea:219,ff02::179,N/A,N/A,N/A,N/A,N/A,N/A,,,1
1759293206,eth0,54,Ethernet,IPv4,N/A,N/A,v4,172.30.0.163,224.0.0.22,N/A,N/A,N/A,N/A,N/A,N/A,,,1
1759293206,any,92,N/A,IPv6,ICMP,N/A,v6,fe80::b0b5:44ff:feea:219,ff02::179,N/A,N/A,N/A,N/A,N/A,N/A,,,1
1759293206,any,56,N/A,IPv4,N/A,N/A,v4,172.30.0.163,224.0.0.22,N/A,N/A,N/A,N/A,N/A,N/A,,,1
1759293206,eth0,90,Ethernet,IPv6,ICMP,N/A,v6,fe80::b0b5:44ff:feea:219,ff02::179,N/A,N/A,N/A,N/A,N/A,N/A,,,1
1759293206,any,92,N/A,IPv6,ICMP,N/A,v6,fe80::b0b5:44ff:feea:219,ff02::179,N/A,N/A,N/A,N/A,N/A,N/A,,,1
1759293206,eth0,54,Ethernet,IPv4,N/A,N/A,v4,172.30.0.163,224.0.0.22,N/A,N/A,N/A,N/A,N/A,N/A,,,1
1759293206,any,56,N/A,IPv4,N/A,N/A,v4,172.30.0.163,224.0.0.22,N/A,N/A,N/A,N/A,N/A,N/A,,,1
1759293206,eth0,68,Ethernet,IPv4,UDP,N/A,v4,172.30.0.163,224.0.0.252,5355,5355,N/A,N/A,N/A,N/A,,,1
1759293206,any,70,N/A,IPv4,UDP,N/A,v4,172.30.0.163,224.0.0.252,5355,5355,N/A,N/A,N/A,N/A,,,1
1759293206,eth0,357,Ethernet,IPv4,UDP,N/A,v4,0.0.0.0,255.255.255.255,68,67,N/A,N/A,N/A,N/A,,,1
1759293206,any,359,N/A,IPv4,UDP,N/A,v4,0.0.0.0,255.255.255.255,68,67,N/A,N/A,N/A,N/A,,,1
1759293206,eth0,369,Ethernet,IPv4,UDP,N/A,v4,0.0.0.0,255.255.255.255,68,67,N/A,N/A,N/A,N/A,,,1
1759293206,any,371,N/A,IPv4,UDP,N/A,v4,0.0.0.0,255.255.255.255,68,67,N/A,N/A,N/A,N/A,,,1
1759293206,eth1,110,Ethernet,IPv6,ICMP,N/A,v6,fe80::780a:a9ff:fee6:89,ff02::179,N/A,N/A,N/A,N/A,N/A,N/A,,,1
1759293206,any,112,N/A,IPv6,ICMP,N/A,v6,fe80::780a:a9ff:fee6:89,ff02::179,N/A,N/A,N/A,N/A,N/A,N/A,,,1
1759293206,eth0,107,Ethernet,N/A,N/A,N/A,N/A,N/A,N/A,N/A,N/A,N/A,N/A,N/A,N/A,,,0
1759293206,any,109,N/A,N/A,N/A,N/A,N/A,N/A,N/A,N/A,N/A,N/A,N/A,N/A,N/A,,,0
1759293207,eth0,110,Ethernet,IPv6,ICMP,N/A,v6,fe80::b0b5:44ff:feea:219,ff02::179,N/A,N/A,N/A,N/A,N/A,N/A,,,1
1759293207,eth0,54,Ethernet,IPv4,N/A,N/A,v4,172.30.0.163,224.0.0.22,N/A,N/A,N/A,N/A,N/A,N/A,,,1
1759293207,any,112,N/A,IPv6,ICMP,N/A,v6,fe80::b0b5:44ff:feea:219,ff02::179,N/A,N/A,N/A,N/A,N/A,N/A,,,1
1759293207,eth1,74,Ethernet,IPv4,TCP,N/A,v4,10.10.10.68,10.10.10.109,56338,1338,N/A,N/A,N/A,N/A,,,1
1759293207,any,76,N/A,IPv4,TCP,N/A,v4,10.10.10.68,10.10.10.109,56338,1338,N/A,N/A,N/A,N/A,,,1
1759293207,eth1,74,Ethernet,IPv4,TCP,N/A,v4,10.10.10.109,10.10.10.68,1338,56338,N/A,N/A,N/A,N/A,,,1
1759293207,eth1,66,Ethernet,IPv4,TCP,N/A,v4,10.10.10.68,10.10.10.109,56338,1338,N/A,N/A,N/A,N/A,,,1
1759293207,eth1,206,Ethernet,IPv4,TCP,N/A,v4,10.10.10.68,10.10.10.109,56338,1338,N/A,N/A,N/A,N/A,,,1
1759293207,eth1,66,Ethernet,IPv4,TCP,N/A,v4,10.10.10.109,10.10.10.68,1338,56338,N/A,N/A,N/A,N/A,,,1
1759293207,any,76,N/A,IPv4,TCP,N/A,v4,10.10.10.109,10.10.10.68,1338,56338,N/A,N/A,N/A,N/A,,,1
1759293207,any,208,N/A,IPv4,TCP,N/A,v4,10.10.10.68,10.10.10.109,56338,1338,N/A,N/A,N/A,N/A,,,1
1759293207,eth0,42,Ethernet,N/A,N/A,N/A,N/A,N/A,N/A,N/A,N/A,N/A,N/A,N/A,N/A,,,1
1759293207,eth1,256,Ethernet,IPv4,TCP,N/A,v4,10.10.10.109,10.10.10.68,1338,56338,N/A,N/A,N/A,N/A,,,1
1759293207,eth1,66,Ethernet,IPv4,TCP,N/A,v4,10.10.10.68,10.10.10.109,56338,1338,N/A,N/A,N/A,N/A,,,1
1759293207,any,258,N/A,IPv4,TCP,N/A,v4,10.10.10.109,10.10.10.68,1338,56338,N/A,N/A,N/A,N/A,,,1
1759293207,any,44,ARP,N/A,N/A,N/A,N/A,N/A,N/A,N/A,N/A,1,2048,172.30.0.163,172.30.0.122,,,1
1759293207,any,2356,N/A,IPv4,TCP,N/A,v4,10.10.10.109,10.10.10.68,1338,56338,N/A,N/A,N/A,N/A,,,1
1759293207,any,68,N/A,IPv4,TCP,N/A,v4,10.10.10.68,10.10.10.109,56338,1338,N/A,N/A,N/A,N/A,,,1
1759293207,any,68,N/A,IPv4,TCP,N/A,v4,10.10.10.109,10.10.10.68,1338,56338,N/A,N/A,N/A,N/A,,,1
1759293207,eth1,2354,Ethernet,IPv4,TCP,N/A,v4,10.10.10.109,10.10.10.68,1338,56338,N/A,N/A,N/A,N/A,,,1
1759293207,eth1,66,Ethernet,IPv4,TCP,N/A,v4,10.10.10.109,10.10.10.68,1338,56338,N/A,N/A,N/A,N/A,,,1
1759293207,eth1,66,Ethernet,IPv4,TCP,N/A,v4,10.10.10.68,10.10.10.109,56338,1338,N/A,N/A,N/A,N/A,,,1
1759293207,eth1,66,Ethernet,IPv4,TCP,N/A,v4,10.10.10.68,10.10.10.109,56338,1338,N/A,N/A,N/A,N/A,,,1
1759293207,eth1,66,Ethernet,IPv4,TCP,N/A,v4,10.10.10.109,10.10.10.68,1338,56338,N/A,N/A,N/A,N/A,,,1
1759293207,eth1,74,Ethernet,IPv4,TCP,N/A,v4,10.10.10.68,10.10.10.109,56344,1338,N/A,N/A,N/A,N/A,,,1
1759293207,any,76,N/A,IPv4,TCP,N/A,v4,10.10.10.68,10.10.10.109,56344,1338,N/A,N/A,N/A,N/A,,,1
1759293207,any,76,N/A,IPv4,TCP,N/A,v4,10.10.10.109,10.10.10.68,1338,56344,N/A,N/A,N/A,N/A,,,1
1759293207,any,209,N/A,IPv4,TCP,N/A,v4,10.10.10.68,10.10.10.109,56344,1338,N/A,N/A,N/A,N/A,,,1
1759293207,any,68,N/A,IPv4,TCP,N/A,v4,10.10.10.109,10.10.10.68,1338,56344,N/A,N/A,N/A,N/A,,,1
1759293207,eth1,74,Ethernet,IPv4,TCP,N/A,v4,10.10.10.109,10.10.10.68,1338,56344,N/A,N/A,N/A,N/A,,,1
1759293207,eth1,66,Ethernet,IPv4,TCP,N/A,v4,10.10.10.68,10.10.10.109,56344,1338,N/A,N/A,N/A,N/A,,,1
1759293207,eth1,207,Ethernet,IPv4,TCP,N/A,v4,10.10.10.68,10.10.10.109,56344,1338,N/A,N/A,N/A,N/A,,,1
1759293207,eth1,66,Ethernet,IPv4,TCP,N/A,v4,10.10.10.109,10.10.10.68,1338,56344,N/A,N/A,N/A,N/A,,,1
1759293207,any,260,N/A,IPv4,TCP,N/A,v4,10.10.10.109,10.10.10.68,1338,56344,N/A,N/A,N/A,N/A,,,1
1759293207,eth1,258,Ethernet,IPv4,TCP,N/A,v4,10.10.10.109,10.10.10.68,1338,56344,N/A,N/A,N/A,N/A,,,1
1759293207,eth1,66,Ethernet,IPv4,TCP,N/A,v4,10.10.10.68,10.10.10.109,56344,1338,N/A,N/A,N/A,N/A,,,1
1759293207,any,7308,N/A,IPv4,TCP,N/A,v4,10.10.10.109,10.10.10.68,1338,56344,N/A,N/A,N/A,N/A,,,1
1759293207,any,10204,N/A,IPv4,TCP,N/A,v4,10.10.10.109,10.10.10.68,1338,56344,N/A,N/A,N/A,N/A,,,1
1759293207,eth1,7306,Ethernet,IPv4,TCP,N/A,v4,10.10.10.109,10.10.10.68,1338,56344,N/A,N/A,N/A,N/A,,,1
1759293207,eth1,7306,Ethernet,IPv4,TCP,N/A,v4,10.10.10.109,10.10.10.68,1338,56344,N/A,N/A,N/A,N/A,,,1
1759293207,eth1,66,Ethernet,IPv4,TCP,N/A,v4,10.10.10.68,10.10.10.109,56344,1338,N/A,N/A,N/A,N/A,,,1
1759293207,eth1,10202,Ethernet,IPv4,TCP,N/A,v4,10.10.10.109,10.10.10.68,1338,56344,N/A,N/A,N/A,N/A,,,1
1759293207,eth1,14546,Ethernet,IPv4,TCP,N/A,v4,10.10.10.109,10.10.10.68,1338,56344,N/A,N/A,N/A,N/A,,,1
1759293207,eth1,4410,Ethernet,IPv4,TCP,N/A,v4,10.10.10.109,10.10.10.68,1338,56344,N/A,N/A,N/A,N/A,,,1
1759293207,eth1,2962,Ethernet,IPv4,TCP,N/A,v4,10.10.10.109,10.10.10.68,1338,56344,N/A,N/A,N/A,N/A,,,1
1759293207,eth1,17442,Ethernet,IPv4,TCP,N/A,v4,10.10.10.109,10.10.10.68,1338,56344,N/A,N/A,N/A,N/A,,,1
1759293207,eth1,14546,Ethernet,IPv4,TCP,N/A,v4,10.10.10.109,10.10.10.68,1338,56344,N/A,N/A,N/A,N/A,,,1
1759293207,any,2964,N/A,IPv4,TCP,N/A,v4,10.10.10.109,10.10.10.68,1338,56344,N/A,N/A,N/A,N/A,,,1
1759293207,any,15996,N/A,IPv4,TCP,N/A,v4,10.10.10.109,10.10.10.68,1338,56344,N/A,N/A,N/A,N/A,,,1
1759293207,eth1,15994,Ethernet,IPv4,TCP,N/A,v4,10.10.10.109,10.10.10.68,1338,56344,N/A,N/A,N/A,N/A,,,1
1759293207,eth1,1210,Ethernet,IPv4,TCP,N/A,v4,10.10.10.109,10.10.10.68,1338,56344,N/A,N/A,N/A,N/A,,,1
1759293207,eth1,20338,Ethernet,IPv4,TCP,N/A,v4,10.10.10.109,10.10.10.68,1338,56344,N/A,N/A,N/A,N/A,,,1
1759293207,eth1,7306,Ethernet,IPv4,TCP,N/A,v4,10.10.10.109,10.10.10.68,1338,56344,N/A,N/A,N/A,N/A,,,1
1759293207,eth1,296,Ethernet,IPv4,TCP,N/A,v4,10.10.10.109,10.10.10.68,1338,56344,N/A,N/A,N/A,N/A,,,1
1759293207,eth1,66,Ethernet,IPv4,TCP,N/A,v4,10.10.10.68,10.10.10.109,56344,1338,N/A,N/A,N/A,N/A,,,1
1759293207,eth1,66,Ethernet,IPv4,TCP,N/A,v4,10.10.10.68,10.10.10.109,56344,1338,N/A,N/A,N/A,N/A,,,1
1759293207,eth1,66,Ethernet,IPv4,TCP,N/A,v4,10.10.10.109,10.10.10.68,1338,56344,N/A,N/A,N/A,N/A,,,1
1759293207,any,7308,N/A,IPv4,TCP,N/A,v4,10.10.10.109,10.10.10.68,1338,56344,N/A,N/A,N/A,N/A,,,1
1759293207,any,68,N/A,IPv4,TCP,N/A,v4,10.10.10.68,10.10.10.109,56344,1338,N/A,N/A,N/A,N/A,,,1
1759293207,any,68,N/A,IPv4,TCP,N/A,v4,10.10.10.109,10.10.10.68,1338,56344,N/A,N/A,N/A,N/A,,,1
1759293207,eth0,110,Ethernet,IPv6,ICMP,N/A,v6,fe80::b0b5:44ff:feea:219,ff02::179,N/A,N/A,N/A,N/A,N/A,N/A,,,1
1759293207,any,112,N/A,IPv6,ICMP,N/A,v6,fe80::b0b5:44ff:feea:219,ff02::179,N/A,N/A,N/A,N/A,N/A,N/A,,,1
1759293207,eth1,110,Ethernet,IPv6,ICMP,N/A,v6,fe80::780a:a9ff:fee6:89,ff02::179,N/A,N/A,N/A,N/A,N/A,N/A,,,1
1759293207,any,112,N/A,IPv6,ICMP,N/A,v6,fe80::780a:a9ff:fee6:89,ff02::179,N/A,N/A,N/A,N/A,N/A,N/A,,,1
1759293207,eth1,74,Ethernet,IPv4,TCP,N/A,v4,10.10.10.68,10.10.10.109,55078,1337,N/A,N/A,N/A,N/A,,,1
1759293207,any,76,N/A,IPv4,TCP,N/A,v4,10.10.10.68,10.10.10.109,55078,1337,N/A,N/A,N/A,N/A,,,1
1759293207,any,76,N/A,IPv4,TCP,N/A,v4,10.10.10.109,10.10.10.68,1337,55078,N/A,N/A,N/A,N/A,,,1
1759293207,eth1,74,Ethernet,IPv4,TCP,N/A,v4,10.10.10.109,10.10.10.68,1337,55078,N/A,N/A,N/A,N/A,,,1
1759293207,eth1,66,Ethernet,IPv4,TCP,N/A,v4,10.10.10.68,10.10.10.109,55078,1337,N/A,N/A,N/A,N/A,,,1
1759293207,eth1,322,Ethernet,IPv4,TCP,N/A,v4,10.10.10.68,10.10.10.109,55078,1337,N/A,N/A,N/A,N/A,,,1
1759293207,any,324,N/A,IPv4,TCP,N/A,v4,10.10.10.68,10.10.10.109,55078,1337,N/A,N/A,N/A,N/A,,,1
1759293207,any,68,N/A,IPv4,TCP,N/A,v4,10.10.10.109,10.10.10.68,1337,55078,N/A,N/A,N/A,N/A,,,1
1759293207,eth1,66,Ethernet,IPv4,TCP,N/A,v4,10.10.10.109,10.10.10.68,1337,55078,N/A,N/A,N/A,N/A,,,1
1759293207,any,324,N/A,IPv4,TCP,N/A,v4,10.10.10.109,10.10.10.68,1337,55078,N/A,N/A,N/A,N/A,,,1
1759293207,eth1,322,Ethernet,IPv4,TCP,N/A,v4,10.10.10.109,10.10.10.68,1337,55078,N/A,N/A,N/A,N/A,,,1
1759293207,eth1,66,Ethernet,IPv4,TCP,N/A,v4,10.10.10.68,10.10.10.109,55078,1337,N/A,N/A,N/A,N/A,,,1
1759293207,eth0,54,Ethernet,IPv4,N/A,N/A,v4,172.30.0.163,224.0.0.22,N/A,N/A,N/A,N/A,N/A,N/A,,,1
1759293207,any,56,N/A,IPv4,N/A,N/A,v4,172.30.0.163,224.0.0.22,N/A,N/A,N/A,N/A,N/A,N/A,,,1
1759293207,eth0,74,Ethernet,IPv4,TCP,N/A,v4,172.30.0.220,172.67.74.253,40098,80,N/A,N/A,N/A,N/A,,,1
1759293207,any,76,N/A,IPv4,TCP,N/A,v4,172.30.0.220,172.67.74.253,40098,80,N/A,N/A,N/A,N/A,,,1
1759293207,any,76,N/A,IPv4,TCP,N/A,v4,172.67.74.253,172.30.0.220,80,40098,N/A,N/A,N/A,N/A,,,1
1759293207,any,184,N/A,IPv4,TCP,N/A,v4,172.30.0.220,172.67.74.253,40098,80,N/A,N/A,N/A,N/A,,,1
1759293207,eth0,74,Ethernet,IPv4,TCP,N/A,v4,172.67.74.253,172.30.0.220,80,40098,N/A,N/A,N/A,N/A,,,1
1759293207,eth0,66,Ethernet,IPv4,TCP,N/A,v4,172.30.0.220,172.67.74.253,40098,80,N/A,N/A,N/A,N/A,,,1
1759293207,eth0,182,Ethernet,IPv4,TCP,N/A,v4,172.30.0.220,172.67.74.253,40098,80,N/A,N/A,N/A,N/A,,,1
1759293207,eth0,66,Ethernet,IPv4,TCP,N/A,v4,172.67.74.253,172.30.0.220,80,40098,N/A,N/A,N/A,N/A,,,1
1759293207,any,68,N/A,IPv4,TCP,N/A,v4,172.67.74.253,172.30.0.220,80,40098,N/A,N/A,N/A,N/A,,,1
1759293207,eth0,289,Ethernet,IPv4,TCP,N/A,v4,172.67.74.253,172.30.0.220,80,40098,N/A,N/A,N/A,N/A,,,1
1759293207,eth0,66,Ethernet,IPv4,TCP,N/A,v4,172.30.0.220,172.67.74.253,40098,80,N/A,N/A,N/A,N/A,,,1
1759293207,any,291,N/A,IPv4,TCP,N/A,v4,172.67.74.253,172.30.0.220,80,40098,N/A,N/A,N/A,N/A,,,1
1759293207,eth0,66,Ethernet,IPv4,TCP,N/A,v4,172.30.0.220,172.67.74.253,40098,80,N/A,N/A,N/A,N/A,,,1
1759293207,any,68,N/A,IPv4,TCP,N/A,v4,172.30.0.220,172.67.74.253,40098,80,N/A,N/A,N/A,N/A,,,1
1759293207,any,68,N/A,IPv4,TCP,N/A,v4,172.67.74.253,172.30.0.220,80,40098,N/A,N/A,N/A,N/A,,,1
1759293207,eth0,66,Ethernet,IPv4,TCP,N/A,v4,172.67.74.253,172.30.0.220,80,40098,N/A,N/A,N/A,N/A,,,1
1759293207,eth0,66,Ethernet,IPv4,TCP,N/A,v4,172.30.0.220,172.67.74.253,40098,80,N/A,N/A,N/A,N/A,,,1
1759293207,any,68,N/A,IPv4,TCP,N/A,v4,172.67.74.253,172.30.0.220,80,40098,N/A,N/A,N/A,N/A,,,1
1759293207,eth0,66,Ethernet,IPv4,TCP,N/A,v4,172.67.74.253,172.30.0.220,80,40098,N/A,N/A,N/A,N/A,,,1
1759293207,any,76,N/A,IPv4,TCP,N/A,v4,172.30.0.220,34.117.59.139,50664,80,N/A,N/A,N/A,N/A,,,1
1759293207,eth0,74,Ethernet,IPv4,TCP,N/A,v4,172.30.0.220,34.117.59.139,50664,80,N/A,N/A,N/A,N/A,,,1
1759293207,any,76,N/A,IPv4,TCP,N/A,v4,34.117.59.139,172.30.0.220,80,50664,N/A,N/A,N/A,N/A,,,1
1759293207,any,180,N/A,IPv4,TCP,N/A,v4,172.30.0.220,34.117.59.139,50664,80,N/A,N/A,N/A,N/A,,,1
1759293207,eth0,74,Ethernet,IPv4,TCP,N/A,v4,34.117.59.139,172.30.0.220,80,50664,N/A,N/A,N/A,N/A,,,1
1759293207,eth0,66,Ethernet,IPv4,TCP,N/A,v4,172.30.0.220,34.117.59.139,50664,80,N/A,N/A,N/A,N/A,,,1
1759293207,eth0,178,Ethernet,IPv4,TCP,N/A,v4,172.30.0.220,34.117.59.139,50664,80,N/A,N/A,N/A,N/A,,,1
1759293207,eth0,66,Ethernet,IPv4,TCP,N/A,v4,34.117.59.139,172.30.0.220,80,50664,N/A,N/A,N/A,N/A,,,1
1759293207,any,68,N/A,IPv4,TCP,N/A,v4,34.117.59.139,172.30.0.220,80,50664,N/A,N/A,N/A,N/A,,,1
1759293207,any,809,N/A,IPv4,TCP,N/A,v4,34.117.59.139,172.30.0.220,80,50664,N/A,N/A,N/A,N/A,,,1
1759293207,eth0,807,Ethernet,IPv4,TCP,N/A,v4,34.117.59.139,172.30.0.220,80,50664,N/A,N/A,N/A,N/A,,,1
1759293207,eth0,66,Ethernet,IPv4,TCP,N/A,v4,34.117.59.139,172.30.0.220,80,50664,N/A,N/A,N/A,N/A,,,1
1759293207,eth0,66,Ethernet,IPv4,TCP,N/A,v4,172.30.0.220,34.117.59.139,50664,80,N/A,N/A,N/A,N/A,,,1
1759293207,eth0,66,Ethernet,IPv4,TCP,N/A,v4,172.30.0.220,34.117.59.139,50664,80,N/A,N/A,N/A,N/A,,,1
1759293207,eth0,66,Ethernet,IPv4,TCP,N/A,v4,34.117.59.139,172.30.0.220,80,50664,N/A,N/A,N/A,N/A,,,1
1759293207,any,68,N/A,IPv4,TCP,N/A,v4,172.30.0.220,34.117.59.139,50664,80,N/A,N/A,N/A,N/A,,,1
1759293207,any,68,N/A,IPv4,TCP,N/A,v4,34.117.59.139,172.30.0.220,80,50664,N/A,N/A,N/A,N/A,,,1
1759293207,eth1,562,Ethernet,IPv4,TCP,N/A,v4,10.10.10.68,10.10.10.109,55078,1337,N/A,N/A,N/A,N/A,,,1
1759293207,any,564,N/A,IPv4,TCP,N/A,v4,10.10.10.68,10.10.10.109,55078,1337,N/A,N/A,N/A,N/A,,,1
1759293207,eth1,74,Ethernet,IPv4,TCP,N/A,v4,10.10.10.68,10.10.10.109,56354,1338,N/A,N/A,N/A,N/A,,,1
1759293207,any,76,N/A,IPv4,TCP,N/A,v4,10.10.10.68,10.10.10.109,56354,1338,N/A,N/A,N/A,N/A,,,1
1759293207,eth1,74,Ethernet,IPv4,TCP,N/A,v4,10.10.10.109,10.10.10.68,1338,56354,N/A,N/A,N/A,N/A,,,1
1759293207,eth1,66,Ethernet,IPv4,TCP,N/A,v4,10.10.10.68,10.10.10.109,56354,1338,N/A,N/A,N/A,N/A,,,1
1759293207,any,76,N/A,IPv4,TCP,N/A,v4,10.10.10.109,10.10.10.68,1338,56354,N/A,N/A,N/A,N/A,,,1
1759293207,eth1,184,Ethernet,IPv4,TCP,N/A,v4,10.10.10.68,10.10.10.109,56354,1338,N/A,N/A,N/A,N/A,,,1
1759293207,eth1,74,Ethernet,IPv4,TCP,N/A,v4,10.10.10.68,10.10.10.109,49092,1339,N/A,N/A,N/A,N/A,,,1
1759293207,eth1,66,Ethernet,IPv4,TCP,N/A,v4,10.10.10.109,10.10.10.68,1338,56354,N/A,N/A,N/A,N/A,,,1
1759293207,any,186,N/A,IPv4,TCP,N/A,v4,10.10.10.68,10.10.10.109,56354,1338,N/A,N/A,N/A,N/A,,,1
1759293207,any,76,N/A,IPv4,TCP,N/A,v4,10.10.10.68,10.10.10.109,49092,1339,N/A,N/A,N/A,N/A,,,1
1759293207,eth1,74,Ethernet,IPv4,TCP,N/A,v4,10.10.10.109,10.10.10.68,1339,49092,N/A,N/A,N/A,N/A,,,1
1759293207,eth1,66,Ethernet,IPv4,TCP,N/A,v4,10.10.10.68,10.10.10.109,49092,1339,N/A,N/A,N/A,N/A,,,1
1759293207,any,76,N/A,IPv4,TCP,N/A,v4,10.10.10.109,10.10.10.68,1339,49092,N/A,N/A,N/A,N/A,,,1
1759293207,eth1,184,Ethernet,IPv4,TCP,N/A,v4,10.10.10.68,10.10.10.109,49092,1339,N/A,N/A,N/A,N/A,,,1
1759293207,any,186,N/A,IPv4,TCP,N/A,v4,10.10.10.68,10.10.10.109,49092,1339,N/A,N/A,N/A,N/A,,,1
1759293207,eth1,66,Ethernet,IPv4,TCP,N/A,v4,10.10.10.109,10.10.10.68,1339,49092,N/A,N/A,N/A,N/A,,,1
1759293207,any,68,N/A,IPv4,TCP,N/A,v4,10.10.10.109,10.10.10.68,1339,49092,N/A,N/A,N/A,N/A,,,1
1759293207,any,223,N/A,IPv4,TCP,N/A,v4,10.10.10.109,10.10.10.68,1338,56354,N/A,N/A,N/A,N/A,,,1
1759293207,any,1109,N/A,IPv4,TCP,N/A,v4,10.10.10.109,10.10.10.68,1338,56354,N/A,N/A,N/A,N/A,,,1
1759293207,any,68,N/A,IPv4,TCP,N/A,v4,10.10.10.68,10.10.10.109,56354,1338,N/A,N/A,N/A,N/A,,,1
1759293207,eth1,221,Ethernet,IPv4,TCP,N/A,v4,10.10.10.109,10.10.10.68,1338,56354,N/A,N/A,N/A,N/A,,,1
1759293207,eth1,66,Ethernet,IPv4,TCP,N/A,v4,10.10.10.68,10.10.10.109,56354,1338,N/A,N/A,N/A,N/A,,,1
1759293207,eth1,1107,Ethernet,IPv4,TCP,N/A,v4,10.10.10.109,10.10.10.68,1338,56354,N/A,N/A,N/A,N/A,,,1
1759293207,eth1,66,Ethernet,IPv4,TCP,N/A,v4,10.10.10.109,10.10.10.68,1338,56354,N/A,N/A,N/A,N/A,,,1
1759293207,eth1,66,Ethernet,IPv4,TCP,N/A,v4,10.10.10.68,10.10.10.109,56354,1338,N/A,N/A,N/A,N/A,,,1
1759293207,eth1,66,Ethernet,IPv4,TCP,N/A,v4,10.10.10.68,10.10.10.109,56354,1338,N/A,N/A,N/A,N/A,,,1
1759293207,eth1,66,Ethernet,IPv4,TCP,N/A,v4,10.10.10.109,10.10.10.68,1338,56354,N/A,N/A,N/A,N/A,,,1
1759293207,eth1,74,Ethernet,IPv4,TCP,N/A,v4,10.10.10.68,10.10.10.109,56362,1338,N/A,N/A,N/A,N/A,,,1
1759293207,any,76,N/A,IPv4,TCP,N/A,v4,10.10.10.68,10.10.10.109,56362,1338,N/A,N/A,N/A,N/A,,,1
1759293207,eth1,74,Ethernet,IPv4,TCP,N/A,v4,10.10.10.109,10.10.10.68,1338,56362,N/A,N/A,N/A,N/A,,,1
1759293207,eth1,66,Ethernet,IPv4,TCP,N/A,v4,10.10.10.68,10.10.10.109,56362,1338,N/A,N/A,N/A,N/A,,,1
1759293207,eth1,220,Ethernet,IPv4,TCP,N/A,v4,10.10.10.109,10.10.10.68,1339,49092,N/A,N/A,N/A,N/A,,,1
1759293207,eth1,66,Ethernet,IPv4,TCP,N/A,v4,10.10.10.68,10.10.10.109,49092,1339,N/A,N/A,N/A,N/A,,,1
1759293207,eth1,758,Ethernet,IPv4,TCP,N/A,v4,10.10.10.109,10.10.10.68,1339,49092,N/A,N/A,N/A,N/A,,,1
1759293207,eth1,191,Ethernet,IPv4,TCP,N/A,v4,10.10.10.68,10.10.10.109,56362,1338,N/A,N/A,N/A,N/A,,,1
1759293207,eth1,66,Ethernet,IPv4,TCP,N/A,v4,10.10.10.109,10.10.10.68,1338,56362,N/A,N/A,N/A,N/A,,,1
1759293207,any,76,N/A,IPv4,TCP,N/A,v4,10.10.10.109,10.10.10.68,1338,56362,N/A,N/A,N/A,N/A,,,1
1759293207,any,222,N/A,IPv4,TCP,N/A,v4,10.10.10.109,10.10.10.68,1339,49092,N/A,N/A,N/A,N/A,,,1
1759293207,any,760,N/A,IPv4,TCP,N/A,v4,10.10.10.109,10.10.10.68,1339,49092,N/A,N/A,N/A,N/A,,,1
1759293207,any,193,N/A,IPv4,TCP,N/A,v4,10.10.10.68,10.10.10.109,56362,1338,N/A,N/A,N/A,N/A,,,1
1759293207,any,68,N/A,IPv4,TCP,N/A,v4,10.10.10.109,10.10.10.68,1338,56362,N/A,N/A,N/A,N/A,,,1
1759293207,eth1,74,Ethernet,IPv4,TCP,N/A,v4,10.10.10.68,10.10.10.109,49094,1339,N/A,N/A,N/A,N/A,,,1
1759293207,eth1,74,Ethernet,IPv4,TCP,N/A,v4,10.10.10.68,10.10.10.109,49098,1339,N/A,N/A,N/A,N/A,,,1
1759293207,eth1,195,Ethernet,IPv4,TCP,N/A,v4,10.10.10.109,10.10.10.68,1338,56362,N/A,N/A,N/A,N/A,,,1
1759293207,eth1,66,Ethernet,IPv4,TCP,N/A,v4,10.10.10.109,10.10.10.68,1338,56362,N/A,N/A,N/A,N/A,,,1
1759293207,eth1,74,Ethernet,IPv4,TCP,N/A,v4,10.10.10.109,10.10.10.68,1339,49094,N/A,N/A,N/A,N/A,,,1
1759293207,eth1,66,Ethernet,IPv4,TCP,N/A,v4,10.10.10.68,10.10.10.109,56362,1338,N/A,N/A,N/A,N/A,,,1
1759293207,eth1,66,Ethernet,IPv4,TCP,N/A,v4,10.10.10.109,10.10.10.68,1338,56362,N/A,N/A,N/A,N/A,,,1
1759293207,eth1,74,Ethernet,IPv4,TCP,N/A,v4,10.10.10.68,10.10.10.109,56372,1338,N/A,N/A,N/A,N/A,,,1
1759293207,eth1,192,Ethernet,IPv4,TCP,N/A,v4,10.10.10.68,10.10.10.109,49094,1339,N/A,N/A,N/A,N/A,,,1
1759293207,eth1,74,Ethernet,IPv4,TCP,N/A,v4,10.10.10.109,10.10.10.68,1338,56372,N/A,N/A,N/A,N/A,,,1
1759293207,eth1,66,Ethernet,IPv4,TCP,N/A,v4,10.10.10.68,10.10.10.109,56372,1338,N/A,N/A,N/A,N/A,,,1
1759293207,eth1,192,Ethernet,IPv4,TCP,N/A,v4,10.10.10.68,10.10.10.109,56372,1338,N/A,N/A,N/A,N/A,,,1
1759293207,eth1,66,Ethernet,IPv4,TCP,N/A,v4,10.10.10.109,10.10.10.68,1339,49094,N/A,N/A,N/A,N/A,,,1
1759293207,eth1,190,Ethernet,IPv4,TCP,N/A,v4,10.10.10.68,10.10.10.109,49098,1339,N/A,N/A,N/A,N/A,,,1
1759293207,eth1,66,Ethernet,IPv4,TCP,N/A,v4,10.10.10.109,10.10.10.68,1338,56372,N/A,N/A,N/A,N/A,,,1
1759293207,eth1,66,Ethernet,IPv4,TCP,N/A,v4,10.10.10.109,10.10.10.68,1339,49098,N/A,N/A,N/A,N/A,,,1
1759293207,eth1,74,Ethernet,IPv4,TCP,N/A,v4,10.10.10.68,10.10.10.109,49102,1339,N/A,N/A,N/A,N/A,,,1
1759293207,eth1,74,Ethernet,IPv4,TCP,N/A,v4,10.10.10.109,10.10.10.68,1339,49102,N/A,N/A,N/A,N/A,,,1
1759293207,eth1,66,Ethernet,IPv4,TCP,N/A,v4,10.10.10.68,10.10.10.109,49102,1339,N/A,N/A,N/A,N/A,,,1
1759293207,eth1,189,Ethernet,IPv4,TCP,N/A,v4,10.10.10.68,10.10.10.109,49102,1339,N/A,N/A,N/A,N/A,,,1
1759293207,eth1,66,Ethernet,IPv4,TCP,N/A,v4,10.10.10.109,10.10.10.68,1339,49102,N/A,N/A,N/A,N/A,,,1
1759293207,eth1,196,Ethernet,IPv4,TCP,N/A,v4,10.10.10.109,10.10.10.68,1339,49094,N/A,N/A,N/A,N/A,,,1
1759293207,eth1,66,Ethernet,IPv4,TCP,N/A,v4,10.10.10.68,10.10.10.109,49094,1339,N/A,N/A,N/A,N/A,,,1
1759293207,eth1,66,Ethernet,IPv4,TCP,N/A,v4,10.10.10.109,10.10.10.68,1339,49094,N/A,N/A,N/A,N/A,,,1
1759293207,eth1,220,Ethernet,IPv4,TCP,N/A,v4,10.10.10.109,10.10.10.68,1338,56372,N/A,N/A,N/A,N/A,,,1
1759293207,eth1,66,Ethernet,IPv4,TCP,N/A,v4,10.10.10.68,10.10.10.109,56372,1338,N/A,N/A,N/A,N/A,,,1
1759293207,any,76,N/A,IPv4,TCP,N/A,v4,10.10.10.68,10.10.10.109,49094,1339,N/A,N/A,N/A,N/A,,,1
1759293207,eth0,90,Ethernet,IPv6,ICMP,N/A,v6,fe80::24f1:23ff:fe29:66,ff02::179,N/A,N/A,N/A,N/A,N/A,N/A,,,1
1759293207,eth0,54,Ethernet,IPv4,N/A,N/A,v4,172.30.0.23,224.0.0.22,N/A,N/A,N/A,N/A,N/A,N/A,,,1
1759293207,eth1,506,Ethernet,IPv4,TCP,N/A,v4,10.10.10.109,10.10.10.68,1338,56372,N/A,N/A,N/A,N/A,,,1
1759293207,eth1,66,Ethernet,IPv4,TCP,N/A,v4,10.10.10.109,10.10.10.68,1338,56372,N/A,N/A,N/A,N/A,,,1
1759293207,eth1,66,Ethernet,IPv4,TCP,N/A,v4,10.10.10.68,10.10.10.109,56372,1338,N/A,N/A,N/A,N/A,,,1
1759293207,eth1,66,Ethernet,IPv4,TCP,N/A,v4,10.10.10.68,10.10.10.109,49094,1339,N/A,N/A,N/A,N/A,,,1
1759293207,eth1,66,Ethernet,IPv4,TCP,N/A,v4,10.10.10.109,10.10.10.68,1339,49094,N/A,N/A,N/A,N/A,,,1
1759293207,eth1,194,Ethernet,IPv4,TCP,N/A,v4,10.10.10.109,10.10.10.68,1339,49098,N/A,N/A,N/A,N/A,,,1
1759293207,eth1,66,Ethernet,IPv4,TCP,N/A,v4,10.10.10.68,10.10.10.109,49098,1339,N/A,N/A,N/A,N/A,,,1
1759293207,eth1,66,Ethernet,IPv4,TCP,N/A,v4,10.10.10.109,10.10.10.68,1339,49098,N/A,N/A,N/A,N/A,,,1
1759293207,eth1,66,Ethernet,IPv4,TCP,N/A,v4,10.10.10.68,10.10.10.109,49098,1339,N/A,N/A,N/A,N/A,,,1
1759293207,eth1,66,Ethernet,IPv4,TCP,N/A,v4,10.10.10.109,10.10.10.68,1339,49098,N/A,N/A,N/A,N/A,,,1
1759293207,eth1,74,Ethernet,IPv4,TCP,N/A,v4,10.10.10.68,10.10.10.109,49104,1339,N/A,N/A,N/A,N/A,,,1
1759293207,eth1,74,Ethernet,IPv4,TCP,N/A,v4,10.10.10.68,10.10.10.109,49118,1339,N/A,N/A,N/A,N/A,,,1
1759293207,eth1,74,Ethernet,IPv4,TCP,N/A,v4,10.10.10.109,10.10.10.68,1339,49104,N/A,N/A,N/A,N/A,,,1
1759293207,eth1,66,Ethernet,IPv4,TCP,N/A,v4,10.10.10.68,10.10.10.109,49104,1339,N/A,N/A,N/A,N/A,,,1
1759293207,eth1,74,Ethernet,IPv4,TCP,N/A,v4,10.10.10.109,10.10.10.68,1339,49118,N/A,N/A,N/A,N/A,,,1
1759293207,eth1,66,Ethernet,IPv4,TCP,N/A,v4,10.10.10.68,10.10.10.109,49118,1339,N/A,N/A,N/A,N/A,,,1
1759293207,eth1,193,Ethernet,IPv4,TCP,N/A,v4,10.10.10.68,10.10.10.109,49104,1339,N/A,N/A,N/A,N/A,,,1
1759293207,eth1,191,Ethernet,IPv4,TCP,N/A,v4,10.10.10.68,10.10.10.109,49118,1339,N/A,N/A,N/A,N/A,,,1
1759293207,eth1,66,Ethernet,IPv4,TCP,N/A,v4,10.10.10.109,10.10.10.68,1339,49104,N/A,N/A,N/A,N/A,,,1
1759293207,eth1,66,Ethernet,IPv4,TCP,N/A,v4,10.10.10.109,10.10.10.68,1339,49118,N/A,N/A,N/A,N/A,,,1
1759293207,eth1,193,Ethernet,IPv4,TCP,N/A,v4,10.10.10.109,10.10.10.68,1339,49102,N/A,N/A,N/A,N/A,,,1
1759293207,eth1,66,Ethernet,IPv4,TCP,N/A,v4,10.10.10.109,10.10.10.68,1339,49102,N/A,N/A,N/A,N/A,,,1
1759293207,eth1,66,Ethernet,IPv4,TCP,N/A,v4,10.10.10.68,10.10.10.109,49102,1339,N/A,N/A,N/A,N/A,,,1
1759293207,eth1,66,Ethernet,IPv4,TCP,N/A,v4,10.10.10.68,10.10.10.109,49102,1339,N/A,N/A,N/A,N/A,,,1
1759293207,eth1,74,Ethernet,IPv4,TCP,N/A,v4,10.10.10.68,10.10.10.109,49124,1339,N/A,N/A,N/A,N/A,,,1
1759293207,eth1,66,Ethernet,IPv4,TCP,N/A,v4,10.10.10.109,10.10.10.68,1339,49102,N/A,N/A,N/A,N/A,,,1
1759293207,eth1,74,Ethernet,IPv4,TCP,N/A,v4,10.10.10.109,10.10.10.68,1339,49124,N/A,N/A,N/A,N/A,,,1
1759293207,eth1,66,Ethernet,IPv4,TCP,N/A,v4,10.10.10.68,10.10.10.109,49124,1339,N/A,N/A,N/A,N/A,,,1
1759293207,eth1,190,Ethernet,IPv4,TCP,N/A,v4,10.10.10.68,10.10.10.109,49124,1339,N/A,N/A,N/A,N/A,,,1
1759293207,eth1,220,Ethernet,IPv4,TCP,N/A,v4,10.10.10.109,10.10.10.68,1339,49104,N/A,N/A,N/A,N/A,,,1
1759293207,eth1,66,Ethernet,IPv4,TCP,N/A,v4,10.10.10.68,10.10.10.109,49104,1339,N/A,N/A,N/A,N/A,,,1
1759293207,eth1,66,Ethernet,IPv4,TCP,N/A,v4,10.10.10.109,10.10.10.68,1339,49124,N/A,N/A,N/A,N/A,,,1
1759293207,eth1,66,Ethernet,IPv4,TCP,N/A,v4,10.10.10.68,10.10.10.109,49104,1339,N/A,N/A,N/A,N/A,,,1
1759293207,eth1,66,Ethernet,IPv4,TCP,N/A,v4,10.10.10.109,10.10.10.68,1339,49104,N/A,N/A,N/A,N/A,,,1
1759293207,eth1,74,Ethernet,IPv4,TCP,N/A,v4,10.10.10.68,10.10.10.109,56376,1338,N/A,N/A,N/A,N/A,,,1
1759293207,eth1,74,Ethernet,IPv4,TCP,N/A,v4,10.10.10.109,10.10.10.68,1338,56376,N/A,N/A,N/A,N/A,,,1
1759293207,eth1,66,Ethernet,IPv4,TCP,N/A,v4,10.10.10.68,10.10.10.109,56376,1338,N/A,N/A,N/A,N/A,,,1
1759293207,eth1,200,Ethernet,IPv4,TCP,N/A,v4,10.10.10.68,10.10.10.109,56376,1338,N/A,N/A,N/A,N/A,,,1
1759293207,eth1,66,Ethernet,IPv4,TCP,N/A,v4,10.10.10.109,10.10.10.68,1338,56376,N/A,N/A,N/A,N/A,,,1
1759293207,eth1,262,Ethernet,IPv4,TCP,N/A,v4,10.10.10.109,10.10.10.68,1337,55078,N/A,N/A,N/A,N/A,,,1
1759293207,eth1,198,Ethernet,IPv4,TCP,N/A,v4,10.10.10.68,10.10.10.109,55078,1337,N/A,N/A,N/A,N/A,,,1
1759293207,any,76,N/A,IPv4,TCP,N/A,v4,10.10.10.68,10.10.10.109,49098,1339,N/A,N/A,N/A,N/A,,,1
1759293207,any,197,N/A,IPv4,TCP,N/A,v4,10.10.10.109,10.10.10.68,1338,56362,N/A,N/A,N/A,N/A,,,1
1759293207,any,68,N/A,IPv4,TCP,N/A,v4,10.10.10.68,10.10.10.109,56362,1338,N/A,N/A,N/A,N/A,,,1
1759293207,any,194,N/A,IPv4,TCP,N/A,v4,10.10.10.68,10.10.10.109,49094,1339,N/A,N/A,N/A,N/A,,,1
1759293207,any,76,N/A,IPv4,TCP,N/A,v4,10.10.10.109,10.10.10.68,1338,56372,N/A,N/A,N/A,N/A,,,1
1759293207,any,194,N/A,IPv4,TCP,N/A,v4,10.10.10.68,10.10.10.109,56372,1338,N/A,N/A,N/A,N/A,,,1
1759293207,any,198,N/A,IPv4,TCP,N/A,v4,10.10.10.109,10.10.10.68,1339,49094,N/A,N/A,N/A,N/A,,,1
1759293207,any,68,N/A,IPv4,TCP,N/A,v4,10.10.10.109,10.10.10.68,1339,49094,N/A,N/A,N/A,N/A,,,1
1759293207,any,92,N/A,IPv6,ICMP,N/A,v6,fe80::24f1:23ff:fe29:66,ff02::179,N/A,N/A,N/A,N/A,N/A,N/A,,,1
1759293207,any,222,N/A,IPv4,TCP,N/A,v4,10.10.10.109,10.10.10.68,1338,56372,N/A,N/A,N/A,N/A,,,1
1759293207,any,508,N/A,IPv4,TCP,N/A,v4,10.10.10.109,10.10.10.68,1338,56372,N/A,N/A,N/A,N/A,,,1
1759293207,any,68,N/A,IPv4,TCP,N/A,v4,10.10.10.109,10.10.10.68,1338,56372,N/A,N/A,N/A,N/A,,,1
1759293207,any,68,N/A,IPv4,TCP,N/A,v4,10.10.10.68,10.10.10.109,49094,1339,N/A,N/A,N/A,N/A,,,1
1759293207,any,196,N/A,IPv4,TCP,N/A,v4,10.10.10.109,10.10.10.68,1339,49098,N/A,N/A,N/A,N/A,,,1
1759293207,any,68,N/A,IPv4,TCP,N/A,v4,10.10.10.109,10.10.10.68,1339,49098,N/A,N/A,N/A,N/A,,,1
1759293207,any,68,N/A,IPv4,TCP,N/A,v4,10.10.10.68,10.10.10.109,49098,1339,N/A,N/A,N/A,N/A,,,1
1759293207,any,68,N/A,IPv4,TCP,N/A,v4,10.10.10.109,10.10.10.68,1339,49098,N/A,N/A,N/A,N/A,,,1
1759293207,any,76,N/A,IPv4,TCP,N/A,v4,10.10.10.68,10.10.10.109,49104,1339,N/A,N/A,N/A,N/A,,,1
1759293207,any,76,N/A,IPv4,TCP,N/A,v4,10.10.10.68,10.10.10.109,49118,1339,N/A,N/A,N/A,N/A,,,1
1759293207,any,76,N/A,IPv4,TCP,N/A,v4,10.10.10.109,10.10.10.68,1339,49104,N/A,N/A,N/A,N/A,,,1
1759293207,any,76,N/A,IPv4,TCP,N/A,v4,10.10.10.109,10.10.10.68,1339,49118,N/A,N/A,N/A,N/A,,,1
1759293207,any,195,N/A,IPv4,TCP,N/A,v4,10.10.10.68,10.10.10.109,49104,1339,N/A,N/A,N/A,N/A,,,1
1759293207,any,193,N/A,IPv4,TCP,N/A,v4,10.10.10.68,10.10.10.109,49118,1339,N/A,N/A,N/A,N/A,,,1
1759293207,any,68,N/A,IPv4,TCP,N/A,v4,10.10.10.109,10.10.10.68,1339,49104,N/A,N/A,N/A,N/A,,,1
1759293207,any,68,N/A,IPv4,TCP,N/A,v4,10.10.10.109,10.10.10.68,1339,49118,N/A,N/A,N/A,N/A,,,1
1759293207,any,195,N/A,IPv4,TCP,N/A,v4,10.10.10.109,10.10.10.68,1339,49102,N/A,N/A,N/A,N/A,,,1
1759293207,any,68,N/A,IPv4,TCP,N/A,v4,10.10.10.68,10.10.10.109,49102,1339,N/A,N/A,N/A,N/A,,,1
1759293207,any,76,N/A,IPv4,TCP,N/A,v4,10.10.10.109,10.10.10.68,1339,49124,N/A,N/A,N/A,N/A,,,1
1759293207,any,192,N/A,IPv4,TCP,N/A,v4,10.10.10.68,10.10.10.109,49124,1339,N/A,N/A,N/A,N/A,,,1
1759293207,any,222,N/A,IPv4,TCP,N/A,v4,10.10.10.109,10.10.10.68,1339,49104,N/A,N/A,N/A,N/A,,,1
1759293207,any,68,N/A,IPv4,TCP,N/A,v4,10.10.10.109,10.10.10.68,1339,49124,N/A,N/A,N/A,N/A,,,1
1759293207,eth0,111,Ethernet,N/A,N/A,N/A,N/A,N/A,N/A,N/A,N/A,N/A,N/A,N/A,N/A,,,1
1759293207,eth1,204,Ethernet,IPv4,TCP,N/A,v4,10.10.10.109,10.10.10.68,1338,56376,N/A,N/A,N/A,N/A,,,1
1759293207,eth1,66,Ethernet,IPv4,TCP,N/A,v4,10.10.10.68,10.10.10.109,56376,1338,N/A,N/A,N/A,N/A,,,1
1759293207,eth1,220,Ethernet,IPv4,TCP,N/A,v4,10.10.10.109,10.10.10.68,1339,49118,N/A,N/A,N/A,N/A,,,1
1759293207,eth1,66,Ethernet,IPv4,TCP,N/A,v4,10.10.10.109,10.10.10.68,1338,56376,N/A,N/A,N/A,N/A,,,1
1759293207,eth1,66,Ethernet,IPv4,TCP,N/A,v4,10.10.10.68,10.10.10.109,49118,1339,N/A,N/A,N/A,N/A,,,1
1759293207,eth1,66,Ethernet,IPv4,TCP,N/A,v4,10.10.10.109,10.10.10.68,1339,49118,N/A,N/A,N/A,N/A,,,1
1759293207,eth1,74,Ethernet,IPv4,TCP,N/A,v4,10.10.10.68,10.10.10.109,56390,1338,N/A,N/A,N/A,N/A,,,1
1759293207,eth1,221,Ethernet,IPv4,TCP,N/A,v4,10.10.10.109,10.10.10.68,1339,49124,N/A,N/A,N/A,N/A,,,1
1759293207,eth1,1514,Ethernet,IPv4,TCP,N/A,v4,10.10.10.109,10.10.10.68,1339,49124,N/A,N/A,N/A,N/A,,,1
1759293207,eth1,952,Ethernet,IPv4,TCP,N/A,v4,10.10.10.109,10.10.10.68,1339,49124,N/A,N/A,N/A,N/A,,,1
1759293207,eth1,200,Ethernet,IPv4,TCP,N/A,v4,10.10.10.68,10.10.10.109,56390,1338,N/A,N/A,N/A,N/A,,,1
1759293207,eth1,66,Ethernet,IPv4,TCP,N/A,v4,10.10.10.109,10.10.10.68,1338,56390,N/A,N/A,N/A,N/A,,,1
1759293207,eth1,204,Ethernet,IPv4,TCP,N/A,v4,10.10.10.109,10.10.10.68,1338,56390,N/A,N/A,N/A,N/A,,,1
1759293207,eth1,66,Ethernet,IPv4,TCP,N/A,v4,10.10.10.68,10.10.10.109,56390,1338,N/A,N/A,N/A,N/A,,,1
1759293207,eth1,66,Ethernet,IPv4,TCP,N/A,v4,10.10.10.109,10.10.10.68,1338,56390,N/A,N/A,N/A,N/A,,,1
1759293207,eth1,66,Ethernet,IPv4,TCP,N/A,v4,10.10.10.68,10.10.10.109,56376,1338,N/A,N/A,N/A,N/A,,,1
1759293207,eth1,66,Ethernet,IPv4,TCP,N/A,v4,10.10.10.109,10.10.10.68,1338,56376,N/A,N/A,N/A,N/A,,,1
1759293207,eth1,74,Ethernet,IPv4,TCP,N/A,v4,10.10.10.68,10.10.10.109,56404,1338,N/A,N/A,N/A,N/A,,,1
1759293207,eth1,74,Ethernet,IPv4,TCP,N/A,v4,10.10.10.109,10.10.10.68,1338,56404,N/A,N/A,N/A,N/A,,,1
1759293207,eth1,66,Ethernet,IPv4,TCP,N/A,v4,10.10.10.68,10.10.10.109,56404,1338,N/A,N/A,N/A,N/A,,,1
1759293207,eth1,66,Ethernet,IPv4,TCP,N/A,v4,10.10.10.68,10.10.10.109,56390,1338,N/A,N/A,N/A,N/A,,,1
1759293207,eth1,66,Ethernet,IPv4,TCP,N/A,v4,10.10.10.109,10.10.10.68,1338,56390,N/A,N/A,N/A,N/A,,,1
1759293207,eth1,74,Ethernet,IPv4,TCP,N/A,v4,10.10.10.68,10.10.10.109,56410,1338,N/A,N/A,N/A,N/A,,,1
1759293207,eth1,74,Ethernet,IPv4,TCP,N/A,v4,10.10.10.68,10.10.10.109,56420,1338,N/A,N/A,N/A,N/A,,,1
1759293207,eth1,74,Ethernet,IPv4,TCP,N/A,v4,10.10.10.109,10.10.10.68,1338,56410,N/A,N/A,N/A,N/A,,,1
1759293207,eth1,66,Ethernet,IPv4,TCP,N/A,v4,10.10.10.68,10.10.10.109,56410,1338,N/A,N/A,N/A,N/A,,,1
1759293207,eth1,74,Ethernet,IPv4,TCP,N/A,v4,10.10.10.109,10.10.10.68,1338,56420,N/A,N/A,N/A,N/A,,,1
1759293207,eth1,199,Ethernet,IPv4,TCP,N/A,v4,10.10.10.68,10.10.10.109,56420,1338,N/A,N/A,N/A,N/A,,,1
1759293207,eth1,66,Ethernet,IPv4,TCP,N/A,v4,10.10.10.109,10.10.10.68,1338,56420,N/A,N/A,N/A,N/A,,,1
1759293207,eth1,201,Ethernet,IPv4,TCP,N/A,v4,10.10.10.68,10.10.10.109,56410,1338,N/A,N/A,N/A,N/A,,,1
1759293207,eth1,201,Ethernet,IPv4,TCP,N/A,v4,10.10.10.68,10.10.10.109,56404,1338,N/A,N/A,N/A,N/A,,,1
1759293207,eth1,66,Ethernet,IPv4,TCP,N/A,v4,10.10.10.109,10.10.10.68,1338,56410,N/A,N/A,N/A,N/A,,,1
1759293207,eth1,66,Ethernet,IPv4,TCP,N/A,v4,10.10.10.109,10.10.10.68,1338,56404,N/A,N/A,N/A,N/A,,,1
1759293207,eth1,220,Ethernet,IPv4,TCP,N/A,v4,10.10.10.109,10.10.10.68,1338,56410,N/A,N/A,N/A,N/A,,,1
1759293207,eth1,66,Ethernet,IPv4,TCP,N/A,v4,10.10.10.68,10.10.10.109,56410,1338,N/A,N/A,N/A,N/A,,,1
1759293207,eth1,220,Ethernet,IPv4,TCP,N/A,v4,10.10.10.109,10.10.10.68,1338,56404,N/A,N/A,N/A,N/A,,,1
1759293207,eth1,66,Ethernet,IPv4,TCP,N/A,v4,10.10.10.68,10.10.10.109,56404,1338,N/A,N/A,N/A,N/A,,,1
1759293207,eth1,444,Ethernet,IPv4,TCP,N/A,v4,10.10.10.109,10.10.10.68,1338,56404,N/A,N/A,N/A,N/A,,,1
1759293207,eth1,434,Ethernet,IPv4,TCP,N/A,v4,10.10.10.109,10.10.10.68,1338,56410,N/A,N/A,N/A,N/A,,,1
1759293207,eth1,66,Ethernet,IPv4,TCP,N/A,v4,10.10.10.109,10.10.10.68,1338,56410,N/A,N/A,N/A,N/A,,,1
1759293207,eth1,66,Ethernet,IPv4,TCP,N/A,v4,10.10.10.68,10.10.10.109,56410,1338,N/A,N/A,N/A,N/A,,,1
1759293207,eth1,66,Ethernet,IPv4,TCP,N/A,v4,10.10.10.109,10.10.10.68,1338,56410,N/A,N/A,N/A,N/A,,,1
1759293207,eth1,66,Ethernet,IPv4,TCP,N/A,v4,10.10.10.68,10.10.10.109,56404,1338,N/A,N/A,N/A,N/A,,,1
1759293207,eth1,203,Ethernet,IPv4,TCP,N/A,v4,10.10.10.109,10.10.10.68,1338,56420,N/A,N/A,N/A,N/A,,,1
1759293207,eth1,66,Ethernet,IPv4,TCP,N/A,v4,10.10.10.68,10.10.10.109,56420,1338,N/A,N/A,N/A,N/A,,,1
1759293207,eth1,66,Ethernet,IPv4,TCP,N/A,v4,10.10.10.109,10.10.10.68,1338,56404,N/A,N/A,N/A,N/A,,,1
1759293207,eth1,66,Ethernet,IPv4,TCP,N/A,v4,10.10.10.109,10.10.10.68,1338,56420,N/A,N/A,N/A,N/A,,,1
1759293207,eth1,66,Ethernet,IPv4,TCP,N/A,v4,10.10.10.68,10.10.10.109,56420,1338,N/A,N/A,N/A,N/A,,,1
1759293207,any,68,N/A,IPv4,TCP,N/A,v4,10.10.10.68,10.10.10.109,49104,1339,N/A,N/A,N/A,N/A,,,1
1759293207,any,76,N/A,IPv4,TCP,N/A,v4,10.10.10.68,10.10.10.109,56376,1338,N/A,N/A,N/A,N/A,,,1
1759293207,any,76,N/A,IPv4,TCP,N/A,v4,10.10.10.109,10.10.10.68,1338,56376,N/A,N/A,N/A,N/A,,,1
1759293207,any,202,N/A,IPv4,TCP,N/A,v4,10.10.10.68,10.10.10.109,56376,1338,N/A,N/A,N/A,N/A,,,1
1759293207,any,113,N/A,N/A,N/A,N/A,N/A,N/A,N/A,N/A,N/A,N/A,N/A,N/A,N/A,,,1
1759293207,any,264,N/A,IPv4,TCP,N/A,v4,10.10.10.109,10.10.10.68,1337,55078,N/A,N/A,N/A,N/A,,,1
1759293207,any,68,N/A,IPv4,TCP,N/A,v4,10.10.10.109,10.10.10.68,1338,56376,N/A,N/A,N/A,N/A,,,1
1759293207,any,68,N/A,IPv4,TCP,N/A,v4,10.10.10.68,10.10.10.109,49118,1339,N/A,N/A,N/A,N/A,,,1
1759293207,any,68,N/A,IPv4,TCP,N/A,v4,10.10.10.109,10.10.10.68,1339,49118,N/A,N/A,N/A,N/A,,,1
1759293207,any,76,N/A,IPv4,TCP,N/A,v4,10.10.10.68,10.10.10.109,56390,1338,N/A,N/A,N/A,N/A,,,1
1759293207,any,223,N/A,IPv4,TCP,N/A,v4,10.10.10.109,10.10.10.68,1339,49124,N/A,N/A,N/A,N/A,,,1
1759293207,any,68,N/A,IPv4,TCP,N/A,v4,10.10.10.68,10.10.10.109,49124,1339,N/A,N/A,N/A,N/A,,,1
1759293207,any,202,N/A,IPv4,TCP,N/A,v4,10.10.10.68,10.10.10.109,56390,1338,N/A,N/A,N/A,N/A,,,1
1759293207,any,206,N/A,IPv4,TCP,N/A,v4,10.10.10.109,10.10.10.68,1338,56390,N/A,N/A,N/A,N/A,,,1
1759293207,any,76,N/A,IPv4,TCP,N/A,v4,10.10.10.68,10.10.10.109,56404,1338,N/A,N/A,N/A,N/A,,,1
1759293207,any,76,N/A,IPv4,TCP,N/A,v4,10.10.10.109,10.10.10.68,1338,56404,N/A,N/A,N/A,N/A,,,1
1759293207,any,68,N/A,IPv4,TCP,N/A,v4,10.10.10.68,10.10.10.109,56390,1338,N/A,N/A,N/A,N/A,,,1
1759293207,any,68,N/A,IPv4,TCP,N/A,v4,10.10.10.109,10.10.10.68,1338,56390,N/A,N/A,N/A,N/A,,,1
1759293207,any,76,N/A,IPv4,TCP,N/A,v4,10.10.10.68,10.10.10.109,56410,1338,N/A,N/A,N/A,N/A,,,1
1759293207,any,76,N/A,IPv4,TCP,N/A,v4,10.10.10.68,10.10.10.109,56420,1338,N/A,N/A,N/A,N/A,,,1
1759293207,any,76,N/A,IPv4,TCP,N/A,v4,10.10.10.109,10.10.10.68,1338,56410,N/A,N/A,N/A,N/A,,,1
1759293207,any,201,N/A,IPv4,TCP,N/A,v4,10.10.10.68,10.10.10.109,56420,1338,N/A,N/A,N/A,N/A,,,1
1759293207,any,68,N/A,IPv4,TCP,N/A,v4,10.10.10.109,10.10.10.68,1338,56420,N/A,N/A,N/A,N/A,,,1
1759293207,any,203,N/A,IPv4,TCP,N/A,v4,10.10.10.68,10.10.10.109,56410,1338,N/A,N/A,N/A,N/A,,,1
1759293207,any,203,N/A,IPv4,TCP,N/A,v4,10.10.10.68,10.10.10.109,56404,1338,N/A,N/A,N/A,N/A,,,1
1759293207,any,68,N/A,IPv4,TCP,N/A,v4,10.10.10.109,10.10.10.68,1338,56410,N/A,N/A,N/A,N/A,,,1
1759293207,eth0,67,Ethernet,IPv4,UDP,N/A,v4,172.30.0.23,224.0.0.252,5355,5355,N/A,N/A,N/A,N/A,,,1
1759293207,eth1,66,Ethernet,IPv4,TCP,N/A,v4,10.10.10.109,10.10.10.68,1338,56420,N/A,N/A,N/A,N/A,,,1
1759293207,eth1,74,Ethernet,IPv4,TCP,N/A,v4,10.10.10.68,10.10.10.109,56426,1338,N/A,N/A,N/A,N/A,,,1
1759293207,eth1,74,Ethernet,IPv4,TCP,N/A,v4,10.10.10.109,10.10.10.68,1338,56426,N/A,N/A,N/A,N/A,,,1
1759293207,eth1,66,Ethernet,IPv4,TCP,N/A,v4,10.10.10.68,10.10.10.109,56426,1338,N/A,N/A,N/A,N/A,,,1
1759293207,eth1,200,Ethernet,IPv4,TCP,N/A,v4,10.10.10.68,10.10.10.109,56426,1338,N/A,N/A,N/A,N/A,,,1
1759293207,eth1,66,Ethernet,IPv4,TCP,N/A,v4,10.10.10.109,10.10.10.68,1338,56426,N/A,N/A,N/A,N/A,,,1
1759293207,eth1,74,Ethernet,IPv4,TCP,N/A,v4,10.10.10.68,10.10.10.109,49132,1339,N/A,N/A,N/A,N/A,,,1
1759293207,eth1,74,Ethernet,IPv4,TCP,N/A,v4,10.10.10.109,10.10.10.68,1339,49132,N/A,N/A,N/A,N/A,,,1
1759293207,eth1,66,Ethernet,IPv4,TCP,N/A,v4,10.10.10.68,10.10.10.109,49132,1339,N/A,N/A,N/A,N/A,,,1
1759293207,eth1,204,Ethernet,IPv4,TCP,N/A,v4,10.10.10.68,10.10.10.109,49132,1339,N/A,N/A,N/A,N/A,,,1
1759293207,eth1,66,Ethernet,IPv4,TCP,N/A,v4,10.10.10.109,10.10.10.68,1339,49132,N/A,N/A,N/A,N/A,,,1
1759293207,eth1,74,Ethernet,IPv4,TCP,N/A,v4,10.10.10.68,10.10.10.109,49148,1339,N/A,N/A,N/A,N/A,,,1
1759293207,eth1,74,Ethernet,IPv4,TCP,N/A,v4,10.10.10.109,10.10.10.68,1339,49148,N/A,N/A,N/A,N/A,,,1
1759293207,eth1,66,Ethernet,IPv4,TCP,N/A,v4,10.10.10.68,10.10.10.109,49148,1339,N/A,N/A,N/A,N/A,,,1
1759293207,eth1,74,Ethernet,IPv4,TCP,N/A,v4,10.10.10.68,10.10.10.109,49164,1339,N/A,N/A,N/A,N/A,,,1
1759293207,eth1,198,Ethernet,IPv4,TCP,N/A,v4,10.10.10.68,10.10.10.109,49148,1339,N/A,N/A,N/A,N/A,,,1
1759293207,eth1,74,Ethernet,IPv4,TCP,N/A,v4,10.10.10.109,10.10.10.68,1339,49164,N/A,N/A,N/A,N/A,,,1
1759293207,eth1,66,Ethernet,IPv4,TCP,N/A,v4,10.10.10.68,10.10.10.109,49164,1339,N/A,N/A,N/A,N/A,,,1
1759293207,eth1,66,Ethernet,IPv4,TCP,N/A,v4,10.10.10.109,10.10.10.68,1339,49148,N/A,N/A,N/A,N/A,,,1
1759293207,eth1,208,Ethernet,IPv4,TCP,N/A,v4,10.10.10.109,10.10.10.68,1339,49132,N/A,N/A,N/A,N/A,,,1
1759293207,eth1,66,Ethernet,IPv4,TCP,N/A,v4,10.10.10.68,10.10.10.109,49132,1339,N/A,N/A,N/A,N/A,,,1
1759293207,eth1,220,Ethernet,IPv4,TCP,N/A,v4,10.10.10.109,10.10.10.68,1338,56426,N/A,N/A,N/A,N/A,,,1
1759293207,eth1,66,Ethernet,IPv4,TCP,N/A,v4,10.10.10.68,10.10.10.109,56426,1338,N/A,N/A,N/A,N/A,,,1
1759293207,eth1,66,Ethernet,IPv4,TCP,N/A,v4,10.10.10.109,10.10.10.68,1338,56426,N/A,N/A,N/A,N/A,,,1
1759293207,eth1,66,Ethernet,IPv4,TCP,N/A,v4,10.10.10.68,10.10.10.109,49132,1339,N/A,N/A,N/A,N/A,,,1
1759293207,eth1,66,Ethernet,IPv4,TCP,N/A,v4,10.10.10.109,10.10.10.68,1339,49132,N/A,N/A,N/A,N/A,,,1
1759293207,eth1,74,Ethernet,IPv4,TCP,N/A,v4,10.10.10.68,10.10.10.109,49176,1339,N/A,N/A,N/A,N/A,,,1
1759293207,eth1,201,Ethernet,IPv4,TCP,N/A,v4,10.10.10.68,10.10.10.109,49164,1339,N/A,N/A,N/A,N/A,,,1
1759293207,eth1,202,Ethernet,IPv4,TCP,N/A,v4,10.10.10.109,10.10.10.68,1339,49148,N/A,N/A,N/A,N/A,,,1
1759293207,eth1,66,Ethernet,IPv4,TCP,N/A,v4,10.10.10.109,10.10.10.68,1339,49148,N/A,N/A,N/A,N/A,,,1
1759293207,eth1,66,Ethernet,IPv4,TCP,N/A,v4,10.10.10.68,10.10.10.109,49148,1339,N/A,N/A,N/A,N/A,,,1
1759293207,eth1,74,Ethernet,IPv4,TCP,N/A,v4,10.10.10.109,10.10.10.68,1339,49176,N/A,N/A,N/A,N/A,,,1
1759293207,eth1,66,Ethernet,IPv4,TCP,N/A,v4,10.10.10.109,10.10.10.68,1339,49164,N/A,N/A,N/A,N/A,,,1
1759293207,eth1,66,Ethernet,IPv4,TCP,N/A,v4,10.10.10.68,10.10.10.109,49176,1339,N/A,N/A,N/A,N/A,,,1
1759293207,eth1,66,Ethernet,IPv4,TCP,N/A,v4,10.10.10.68,10.10.10.109,49148,1339,N/A,N/A,N/A,N/A,,,1
1759293207,eth1,66,Ethernet,IPv4,TCP,N/A,v4,10.10.10.109,10.10.10.68,1339,49148,N/A,N/A,N/A,N/A,,,1
1759293207,eth1,74,Ethernet,IPv4,TCP,N/A,v4,10.10.10.68,10.10.10.109,49178,1339,N/A,N/A,N/A,N/A,,,1
1759293207,eth1,205,Ethernet,IPv4,TCP,N/A,v4,10.10.10.68,10.10.10.109,49176,1339,N/A,N/A,N/A,N/A,,,1
1759293207,eth1,74,Ethernet,IPv4,TCP,N/A,v4,10.10.10.109,10.10.10.68,1339,49178,N/A,N/A,N/A,N/A,,,1
1759293207,eth1,66,Ethernet,IPv4,TCP,N/A,v4,10.10.10.109,10.10.10.68,1339,49176,N/A,N/A,N/A,N/A,,,1
1759293207,eth1,66,Ethernet,IPv4,TCP,N/A,v4,10.10.10.68,10.10.10.109,49178,1339,N/A,N/A,N/A,N/A,,,1
1759293207,eth1,205,Ethernet,IPv4,TCP,N/A,v4,10.10.10.109,10.10.10.68,1339,49164,N/A,N/A,N/A,N/A,,,1
1759293207,eth1,66,Ethernet,IPv4,TCP,N/A,v4,10.10.10.68,10.10.10.109,49164,1339,N/A,N/A,N/A,N/A,,,1
1759293207,eth1,66,Ethernet,IPv4,TCP,N/A,v4,10.10.10.109,10.10.10.68,1339,49164,N/A,N/A,N/A,N/A,,,1
1759293207,eth1,66,Ethernet,IPv4,TCP,N/A,v4,10.10.10.68,10.10.10.109,49164,1339,N/A,N/A,N/A,N/A,,,1
1759293207,eth1,66,Ethernet,IPv4,TCP,N/A,v4,10.10.10.109,10.10.10.68,1339,49164,N/A,N/A,N/A,N/A,,,1
1759293207,eth1,74,Ethernet,IPv4,TCP,N/A,v4,10.10.10.68,10.10.10.109,49186,1339,N/A,N/A,N/A,N/A,,,1
1759293207,eth1,74,Ethernet,IPv4,TCP,N/A,v4,10.10.10.68,10.10.10.109,49200,1339,N/A,N/A,N/A,N/A,,,1
1759293207,eth1,74,Ethernet,IPv4,TCP,N/A,v4,10.10.10.68,10.10.10.109,49214,1339,N/A,N/A,N/A,N/A,,,1
1759293207,any,68,N/A,IPv4,TCP,N/A,v4,10.10.10.109,10.10.10.68,1338,56404,N/A,N/A,N/A,N/A,,,1
1759293207,eth0,356,Ethernet,IPv4,UDP,N/A,v4,0.0.0.0,255.255.255.255,68,67,N/A,N/A,N/A,N/A,,,1
1759293207,eth0,368,Ethernet,IPv4,UDP,N/A,v4,0.0.0.0,255.255.255.255,68,67,N/A,N/A,N/A,N/A,,,1
1759293207,eth1,74,Ethernet,IPv4,TCP,N/A,v4,10.10.10.109,10.10.10.68,1339,49186,N/A,N/A,N/A,N/A,,,1
1759293207,eth1,66,Ethernet,IPv4,TCP,N/A,v4,10.10.10.68,10.10.10.109,49186,1339,N/A,N/A,N/A,N/A,,,1
1759293207,eth1,74,Ethernet,IPv4,TCP,N/A,v4,10.10.10.109,10.10.10.68,1339,49214,N/A,N/A,N/A,N/A,,,1
1759293207,eth1,66,Ethernet,IPv4,TCP,N/A,v4,10.10.10.68,10.10.10.109,49214,1339,N/A,N/A,N/A,N/A,,,1
1759293207,eth1,202,Ethernet,IPv4,TCP,N/A,v4,10.10.10.68,10.10.10.109,49200,1339,N/A,N/A,N/A,N/A,,,1
1759293207,eth1,66,Ethernet,IPv4,TCP,N/A,v4,10.10.10.109,10.10.10.68,1339,49200,N/A,N/A,N/A,N/A,,,1
1759293207,eth1,195,Ethernet,IPv4,TCP,N/A,v4,10.10.10.68,10.10.10.109,49214,1339,N/A,N/A,N/A,N/A,,,1
1759293207,eth1,66,Ethernet,IPv4,TCP,N/A,v4,10.10.10.109,10.10.10.68,1339,49214,N/A,N/A,N/A,N/A,,,1
1759293207,eth1,199,Ethernet,IPv4,TCP,N/A,v4,10.10.10.68,10.10.10.109,49178,1339,N/A,N/A,N/A,N/A,,,1
1759293207,eth1,66,Ethernet,IPv4,TCP,N/A,v4,10.10.10.109,10.10.10.68,1339,49178,N/A,N/A,N/A,N/A,,,1
1759293207,eth1,202,Ethernet,IPv4,TCP,N/A,v4,10.10.10.68,10.10.10.109,49186,1339,N/A,N/A,N/A,N/A,,,1
1759293207,eth1,66,Ethernet,IPv4,TCP,N/A,v4,10.10.10.109,10.10.10.68,1339,49186,N/A,N/A,N/A,N/A,,,1
1759293207,eth1,74,Ethernet,IPv4,TCP,N/A,v4,10.10.10.68,10.10.10.109,49218,1339,N/A,N/A,N/A,N/A,,,1
1759293207,eth1,74,Ethernet,IPv4,TCP,N/A,v4,10.10.10.109,10.10.10.68,1339,49218,N/A,N/A,N/A,N/A,,,1
1759293207,eth1,66,Ethernet,IPv4,TCP,N/A,v4,10.10.10.68,10.10.10.109,49218,1339,N/A,N/A,N/A,N/A,,,1
1759293207,eth1,220,Ethernet,IPv4,TCP,N/A,v4,10.10.10.109,10.10.10.68,1339,49176,N/A,N/A,N/A,N/A,,,1
1759293207,eth1,66,Ethernet,IPv4,TCP,N/A,v4,10.10.10.68,10.10.10.109,49176,1339,N/A,N/A,N/A,N/A,,,1
1759293207,eth1,825,Ethernet,IPv4,TCP,N/A,v4,10.10.10.109,10.10.10.68,1339,49176,N/A,N/A,N/A,N/A,,,1
1759293207,eth1,66,Ethernet,IPv4,TCP,N/A,v4,10.10.10.68,10.10.10.109,49176,1339,N/A,N/A,N/A,N/A,,,1
1759293207,eth1,66,Ethernet,IPv4,TCP,N/A,v4,10.10.10.109,10.10.10.68,1339,49176,N/A,N/A,N/A,N/A,,,1
1759293207,eth1,197,Ethernet,IPv4,TCP,N/A,v4,10.10.10.68,10.10.10.109,49218,1339,N/A,N/A,N/A,N/A,,,1
1759293207,eth1,66,Ethernet,IPv4,TCP,N/A,v4,10.10.10.109,10.10.10.68,1339,49218,N/A,N/A,N/A,N/A,,,1
1759293207,eth1,66,Ethernet,IPv4,TCP,N/A,v4,10.10.10.68,10.10.10.109,49176,1339,N/A,N/A,N/A,N/A,,,1
1759293207,eth1,66,Ethernet,IPv4,TCP,N/A,v4,10.10.10.109,10.10.10.68,1339,49176,N/A,N/A,N/A,N/A,,,1
1759293207,eth1,220,Ethernet,IPv4,TCP,N/A,v4,10.10.10.109,10.10.10.68,1339,49178,N/A,N/A,N/A,N/A,,,1
1759293207,eth1,811,Ethernet,IPv4,TCP,N/A,v4,10.10.10.109,10.10.10.68,1339,49178,N/A,N/A,N/A,N/A,,,1
1759293207,eth1,66,Ethernet,IPv4,TCP,N/A,v4,10.10.10.68,10.10.10.109,49178,1339,N/A,N/A,N/A,N/A,,,1
1759293207,eth1,66,Ethernet,IPv4,TCP,N/A,v4,10.10.10.68,10.10.10.109,49178,1339,N/A,N/A,N/A,N/A,,,1
1759293207,eth1,66,Ethernet,IPv4,TCP,N/A,v4,10.10.10.68,10.10.10.109,49178,1339,N/A,N/A,N/A,N/A,,,1
1759293207,eth1,66,Ethernet,IPv4,TCP,N/A,v4,10.10.10.109,10.10.10.68,1339,49178,N/A,N/A,N/A,N/A,,,1
1759293207,eth1,74,Ethernet,IPv4,TCP,N/A,v4,10.10.10.68,10.10.10.109,49234,1339,N/A,N/A,N/A,N/A,,,1
1759293207,eth1,110,Ethernet,IPv6,ICMP,N/A,v6,fe80::7827:e3ff:fe68:239,ff02::179,N/A,N/A,N/A,N/A,N/A,N/A,,,1
1759293207,eth1,74,Ethernet,IPv4,TCP,N/A,v4,10.10.10.109,10.10.10.68,1339,49234,N/A,N/A,N/A,N/A,,,1
1759293207,eth1,66,Ethernet,IPv4,TCP,N/A,v4,10.10.10.68,10.10.10.109,49234,1339,N/A,N/A,N/A,N/A,,,1
1759293207,eth1,74,Ethernet,IPv4,TCP,N/A,v4,10.10.10.68,10.10.10.109,49238,1339,N/A,N/A,N/A,N/A,,,1
1759293207,eth1,195,Ethernet,IPv4,TCP,N/A,v4,10.10.10.68,10.10.10.109,49234,1339,N/A,N/A,N/A,N/A,,,1
1759293207,eth1,74,Ethernet,IPv4,TCP,N/A,v4,10.10.10.109,10.10.10.68,1339,49238,N/A,N/A,N/A,N/A,,,1
1759293207,eth1,66,Ethernet,IPv4,TCP,N/A,v4,10.10.10.109,10.10.10.68,1339,49234,N/A,N/A,N/A,N/A,,,1
1759293207,eth1,66,Ethernet,IPv4,TCP,N/A,v4,10.10.10.68,10.10.10.109,49238,1339,N/A,N/A,N/A,N/A,,,1
1759293207,eth1,202,Ethernet,IPv4,TCP,N/A,v4,10.10.10.68,10.10.10.109,49238,1339,N/A,N/A,N/A,N/A,,,1
1759293207,eth1,221,Ethernet,IPv4,TCP,N/A,v4,10.10.10.109,10.10.10.68,1339,49186,N/A,N/A,N/A,N/A,,,1
1759293207,eth1,66,Ethernet,IPv4,TCP,N/A,v4,10.10.10.109,10.10.10.68,1339,49238,N/A,N/A,N/A,N/A,,,1
1759293207,eth1,66,Ethernet,IPv4,TCP,N/A,v4,10.10.10.68,10.10.10.109,49186,1339,N/A,N/A,N/A,N/A,,,1
1759293207,eth1,66,Ethernet,IPv4,TCP,N/A,v4,10.10.10.68,10.10.10.109,49186,1339,N/A,N/A,N/A,N/A,,,1
1759293207,eth1,66,Ethernet,IPv4,TCP,N/A,v4,10.10.10.68,10.10.10.109,49186,1339,N/A,N/A,N/A,N/A,,,1
1759293207,eth1,66,Ethernet,IPv4,TCP,N/A,v4,10.10.10.109,10.10.10.68,1339,49186,N/A,N/A,N/A,N/A,,,1
1759293207,eth1,206,Ethernet,IPv4,TCP,N/A,v4,10.10.10.109,10.10.10.68,1339,49200,N/A,N/A,N/A,N/A,,,1
1759293207,any,222,N/A,IPv4,TCP,N/A,v4,10.10.10.109,10.10.10.68,1338,56410,N/A,N/A,N/A,N/A,,,1
1759293207,eth0,110,Ethernet,IPv6,ICMP,N/A,v6,fe80::24f1:23ff:fe29:66,ff02::179,N/A,N/A,N/A,N/A,N/A,N/A,,,1
1759293207,eth0,54,Ethernet,IPv4,N/A,N/A,v4,172.30.0.23,224.0.0.22,N/A,N/A,N/A,N/A,N/A,N/A,,,1
1759293207,eth1,66,Ethernet,IPv4,TCP,N/A,v4,10.10.10.68,10.10.10.109,49200,1339,N/A,N/A,N/A,N/A,,,1
1759293207,eth1,66,Ethernet,IPv4,TCP,N/A,v4,10.10.10.109,10.10.10.68,1339,49200,N/A,N/A,N/A,N/A,,,1
1759293207,eth1,66,Ethernet,IPv4,TCP,N/A,v4,10.10.10.68,10.10.10.109,49200,1339,N/A,N/A,N/A,N/A,,,1
1759293207,eth1,66,Ethernet,IPv4,TCP,N/A,v4,10.10.10.109,10.10.10.68,1339,49200,N/A,N/A,N/A,N/A,,,1
1759293207,eth1,74,Ethernet,IPv4,TCP,N/A,v4,10.10.10.68,10.10.10.109,49242,1339,N/A,N/A,N/A,N/A,,,1
1759293207,eth1,74,Ethernet,IPv4,TCP,N/A,v4,10.10.10.109,10.10.10.68,1339,49242,N/A,N/A,N/A,N/A,,,1
1759293207,eth1,203,Ethernet,IPv4,TCP,N/A,v4,10.10.10.68,10.10.10.109,49242,1339,N/A,N/A,N/A,N/A,,,1
1759293207,eth1,66,Ethernet,IPv4,TCP,N/A,v4,10.10.10.109,10.10.10.68,1339,49242,N/A,N/A,N/A,N/A,,,1
1759293207,eth1,199,Ethernet,IPv4,TCP,N/A,v4,10.10.10.109,10.10.10.68,1339,49214,N/A,N/A,N/A,N/A,,,1
1759293207,eth1,66,Ethernet,IPv4,TCP,N/A,v4,10.10.10.109,10.10.10.68,1339,49214,N/A,N/A,N/A,N/A,,,1
1759293207,eth1,66,Ethernet,IPv4,TCP,N/A,v4,10.10.10.68,10.10.10.109,49214,1339,N/A,N/A,N/A,N/A,,,1
1759293207,eth1,66,Ethernet,IPv4,TCP,N/A,v4,10.10.10.68,10.10.10.109,49214,1339,N/A,N/A,N/A,N/A,,,1
1759293207,eth1,66,Ethernet,IPv4,TCP,N/A,v4,10.10.10.109,10.10.10.68,1339,49214,N/A,N/A,N/A,N/A,,,1
1759293207,eth1,74,Ethernet,IPv4,TCP,N/A,v4,10.10.10.68,10.10.10.109,49256,1339,N/A,N/A,N/A,N/A,,,1
1759293207,eth1,74,Ethernet,IPv4,TCP,N/A,v4,10.10.10.68,10.10.10.109,49270,1339,N/A,N/A,N/A,N/A,,,1
1759293207,eth1,74,Ethernet,IPv4,TCP,N/A,v4,10.10.10.109,10.10.10.68,1339,49256,N/A,N/A,N/A,N/A,,,1
1759293207,eth1,66,Ethernet,IPv4,TCP,N/A,v4,10.10.10.68,10.10.10.109,49256,1339,N/A,N/A,N/A,N/A,,,1
1759293207,eth1,74,Ethernet,IPv4,TCP,N/A,v4,10.10.10.109,10.10.10.68,1339,49270,N/A,N/A,N/A,N/A,,,1
1759293207,eth1,66,Ethernet,IPv4,TCP,N/A,v4,10.10.10.68,10.10.10.109,49270,1339,N/A,N/A,N/A,N/A,,,1
1759293207,eth1,196,Ethernet,IPv4,TCP,N/A,v4,10.10.10.68,10.10.10.109,49256,1339,N/A,N/A,N/A,N/A,,,1
1759293207,eth1,193,Ethernet,IPv4,TCP,N/A,v4,10.10.10.68,10.10.10.109,49270,1339,N/A,N/A,N/A,N/A,,,1
1759293207,eth1,66,Ethernet,IPv4,TCP,N/A,v4,10.10.10.109,10.10.10.68,1339,49256,N/A,N/A,N/A,N/A,,,1
1759293207,eth1,66,Ethernet,IPv4,TCP,N/A,v4,10.10.10.109,10.10.10.68,1339,49270,N/A,N/A,N/A,N/A,,,1
1759293207,eth1,74,Ethernet,IPv4,TCP,N/A,v4,10.10.10.68,10.10.10.109,49278,1339,N/A,N/A,N/A,N/A,,,1
1759293207,eth1,74,Ethernet,IPv4,TCP,N/A,v4,10.10.10.109,10.10.10.68,1339,49278,N/A,N/A,N/A,N/A,,,1
1759293207,eth1,66,Ethernet,IPv4,TCP,N/A,v4,10.10.10.68,10.10.10.109,49278,1339,N/A,N/A,N/A,N/A,,,1
1759293207,eth1,210,Ethernet,IPv4,TCP,N/A,v4,10.10.10.68,10.10.10.109,49278,1339,N/A,N/A,N/A,N/A,,,1
1759293207,eth1,66,Ethernet,IPv4,TCP,N/A,v4,10.10.10.109,10.10.10.68,1339,49278,N/A,N/A,N/A,N/A,,,1
1759293207,eth1,66,Ethernet,IPv4,TCP,N/A,v4,10.10.10.109,10.10.10.68,1337,55078,N/A,N/A,N/A,N/A,,,1
1759293207,eth1,482,Ethernet,IPv4,TCP,N/A,v4,10.10.10.68,10.10.10.109,55078,1337,N/A,N/A,N/A,N/A,,,1
1759293207,eth1,66,Ethernet,IPv4,TCP,N/A,v4,10.10.10.109,10.10.10.68,1337,55078,N/A,N/A,N/A,N/A,,,1
1759293207,eth1,74,Ethernet,IPv4,TCP,N/A,v4,10.10.10.68,10.10.10.109,49290,1339,N/A,N/A,N/A,N/A,,,1
1759293207,eth1,74,Ethernet,IPv4,TCP,N/A,v4,10.10.10.109,10.10.10.68,1339,49290,N/A,N/A,N/A,N/A,,,1
1759293207,eth1,66,Ethernet,IPv4,TCP,N/A,v4,10.10.10.68,10.10.10.109,49290,1339,N/A,N/A,N/A,N/A,,,1
1759293207,eth1,74,Ethernet,IPv4,TCP,N/A,v4,10.10.10.68,10.10.10.109,49296,1339,N/A,N/A,N/A,N/A,,,1
1759293207,eth1,201,Ethernet,IPv4,TCP,N/A,v4,10.10.10.109,10.10.10.68,1339,49218,N/A,N/A,N/A,N/A,,,1
1759293207,eth1,66,Ethernet,IPv4,TCP,N/A,v4,10.10.10.68,10.10.10.109,49218,1339,N/A,N/A,N/A,N/A,,,1
1759293207,eth1,66,Ethernet,IPv4,TCP,N/A,v4,10.10.10.109,10.10.10.68,1339,49218,N/A,N/A,N/A,N/A,,,1
1759293207,eth1,66,Ethernet,IPv4,TCP,N/A,v4,10.10.10.68,10.10.10.109,49218,1339,N/A,N/A,N/A,N/A,,,1
1759293207,eth1,66,Ethernet,IPv4,TCP,N/A,v4,10.10.10.109,10.10.10.68,1339,49218,N/A,N/A,N/A,N/A,,,1
1759293207,eth1,197,Ethernet,IPv4,TCP,N/A,v4,10.10.10.68,10.10.10.109,49290,1339,N/A,N/A,N/A,N/A,,,1
1759293207,eth1,66,Ethernet,IPv4,TCP,N/A,v4,10.10.10.109,10.10.10.68,1339,49290,N/A,N/A,N/A,N/A,,,1
1759293207,eth1,74,Ethernet,IPv4,TCP,N/A,v4,10.10.10.68,10.10.10.109,49316,1339,N/A,N/A,N/A,N/A,,,1
1759293207,eth1,74,Ethernet,IPv4,TCP,N/A,v4,10.10.10.68,10.10.10.109,49330,1339,N/A,N/A,N/A,N/A,,,1
1759293207,eth1,74,Ethernet,IPv4,TCP,N/A,v4,10.10.10.68,10.10.10.109,49340,1339,N/A,N/A,N/A,N/A,,,1
1759293207,eth1,199,Ethernet,IPv4,TCP,N/A,v4,10.10.10.109,10.10.10.68,1339,49234,N/A,N/A,N/A,N/A,,,1
1759293207,eth1,66,Ethernet,IPv4,TCP,N/A,v4,10.10.10.68,10.10.10.109,49234,1339,N/A,N/A,N/A,N/A,,,1
1759293207,any,222,N/A,IPv4,TCP,N/A,v4,10.10.10.109,10.10.10.68,1338,56404,N/A,N/A,N/A,N/A,,,1
1759293207,any,68,N/A,IPv4,TCP,N/A,v4,10.10.10.109,10.10.10.68,1338,56410,N/A,N/A,N/A,N/A,,,1
1759293207,any,68,N/A,IPv4,TCP,N/A,v4,10.10.10.68,10.10.10.109,56410,1338,N/A,N/A,N/A,N/A,,,1
1759293207,any,68,N/A,IPv4,TCP,N/A,v4,10.10.10.109,10.10.10.68,1338,56410,N/A,N/A,N/A,N/A,,,1
1759293207,any,68,N/A,IPv4,TCP,N/A,v4,10.10.10.68,10.10.10.109,56404,1338,N/A,N/A,N/A,N/A,,,1
1759293207,any,205,N/A,IPv4,TCP,N/A,v4,10.10.10.109,10.10.10.68,1338,56420,N/A,N/A,N/A,N/A,,,1
1759293207,any,68,N/A,IPv4,TCP,N/A,v4,10.10.10.109,10.10.10.68,1338,56404,N/A,N/A,N/A,N/A,,,1
1759293207,any,68,N/A,IPv4,TCP,N/A,v4,10.10.10.109,10.10.10.68,1338,56420,N/A,N/A,N/A,N/A,,,1
1759293207,any,68,N/A,IPv4,TCP,N/A,v4,10.10.10.109,10.10.10.68,1338,56420,N/A,N/A,N/A,N/A,,,1
1759293207,any,76,N/A,IPv4,TCP,N/A,v4,10.10.10.68,10.10.10.109,56426,1338,N/A,N/A,N/A,N/A,,,1
1759293207,any,76,N/A,IPv4,TCP,N/A,v4,10.10.10.109,10.10.10.68,1338,56426,N/A,N/A,N/A,N/A,,,1
1759293207,any,202,N/A,IPv4,TCP,N/A,v4,10.10.10.68,10.10.10.109,56426,1338,N/A,N/A,N/A,N/A,,,1
1759293207,any,68,N/A,IPv4,TCP,N/A,v4,10.10.10.109,10.10.10.68,1338,56426,N/A,N/A,N/A,N/A,,,1
1759293207,any,76,N/A,IPv4,TCP,N/A,v4,10.10.10.68,10.10.10.109,49132,1339,N/A,N/A,N/A,N/A,,,1
1759293207,any,76,N/A,IPv4,TCP,N/A,v4,10.10.10.109,10.10.10.68,1339,49132,N/A,N/A,N/A,N/A,,,1
1759293207,any,206,N/A,IPv4,TCP,N/A,v4,10.10.10.68,10.10.10.109,49132,1339,N/A,N/A,N/A,N/A,,,1
1759293207,any,76,N/A,IPv4,TCP,N/A,v4,10.10.10.68,10.10.10.109,49148,1339,N/A,N/A,N/A,N/A,,,1
1759293207,any,76,N/A,IPv4,TCP,N/A,v4,10.10.10.109,10.10.10.68,1339,49148,N/A,N/A,N/A,N/A,,,1
1759293207,any,76,N/A,IPv4,TCP,N/A,v4,10.10.10.68,10.10.10.109,49164,1339,N/A,N/A,N/A,N/A,,,1
1759293207,any,200,N/A,IPv4,TCP,N/A,v4,10.10.10.68,10.10.10.109,49148,1339,N/A,N/A,N/A,N/A,,,1
1759293207,any,68,N/A,IPv4,TCP,N/A,v4,10.10.10.109,10.10.10.68,1339,49148,N/A,N/A,N/A,N/A,,,1
1759293207,any,68,N/A,IPv4,TCP,N/A,v4,10.10.10.109,10.10.10.68,1339,49132,N/A,N/A,N/A,N/A,,,1
1759293207,any,68,N/A,IPv4,TCP,N/A,v4,10.10.10.68,10.10.10.109,56426,1338,N/A,N/A,N/A,N/A,,,1
1759293207,any,68,N/A,IPv4,TCP,N/A,v4,10.10.10.109,10.10.10.68,1338,56426,N/A,N/A,N/A,N/A,,,1
1759293207,any,68,N/A,IPv4,TCP,N/A,v4,10.10.10.68,10.10.10.109,49132,1339,N/A,N/A,N/A,N/A,,,1
1759293207,any,68,N/A,IPv4,TCP,N/A,v4,10.10.10.109,10.10.10.68,1339,49132,N/A,N/A,N/A,N/A,,,1
1759293207,any,76,N/A,IPv4,TCP,N/A,v4,10.10.10.68,10.10.10.109,49176,1339,N/A,N/A,N/A,N/A,,,1
1759293207,any,203,N/A,IPv4,TCP,N/A,v4,10.10.10.68,10.10.10.109,49164,1339,N/A,N/A,N/A,N/A,,,1
1759293207,any,204,N/A,IPv4,TCP,N/A,v4,10.10.10.109,10.10.10.68,1339,49148,N/A,N/A,N/A,N/A,,,1
1759293207,any,76,N/A,IPv4,TCP,N/A,v4,10.10.10.109,10.10.10.68,1339,49176,N/A,N/A,N/A,N/A,,,1
1759293207,any,68,N/A,IPv4,TCP,N/A,v4,10.10.10.68,10.10.10.109,49148,1339,N/A,N/A,N/A,N/A,,,1
1759293207,any,68,N/A,IPv4,TCP,N/A,v4,10.10.10.109,10.10.10.68,1339,49148,N/A,N/A,N/A,N/A,,,1
1759293207,any,76,N/A,IPv4,TCP,N/A,v4,10.10.10.68,10.10.10.109,49178,1339,N/A,N/A,N/A,N/A,,,1
1759293207,any,207,N/A,IPv4,TCP,N/A,v4,10.10.10.68,10.10.10.109,49176,1339,N/A,N/A,N/A,N/A,,,1
1759293207,any,76,N/A,IPv4,TCP,N/A,v4,10.10.10.109,10.10.10.68,1339,49178,N/A,N/A,N/A,N/A,,,1
1759293207,any,68,N/A,IPv4,TCP,N/A,v4,10.10.10.68,10.10.10.109,49164,1339,N/A,N/A,N/A,N/A,,,1
1759293207,any,370,N/A,IPv4,UDP,N/A,v4,0.0.0.0,255.255.255.255,68,67,N/A,N/A,N/A,N/A,,,1
1759293207,any,68,N/A,IPv4,TCP,N/A,v4,10.10.10.109,10.10.10.68,1339,49164,N/A,N/A,N/A,N/A,,,1
1759293207,any,76,N/A,IPv4,TCP,N/A,v4,10.10.10.68,10.10.10.109,49186,1339,N/A,N/A,N/A,N/A,,,1
1759293207,any,76,N/A,IPv4,TCP,N/A,v4,10.10.10.68,10.10.10.109,49200,1339,N/A,N/A,N/A,N/A,,,1
1759293207,any,204,N/A,IPv4,TCP,N/A,v4,10.10.10.68,10.10.10.109,49186,1339,N/A,N/A,N/A,N/A,,,1
1759293207,any,68,N/A,IPv4,TCP,N/A,v4,10.10.10.109,10.10.10.68,1339,49186,N/A,N/A,N/A,N/A,,,1
1759293207,any,76,N/A,IPv4,TCP,N/A,v4,10.10.10.68,10.10.10.109,49218,1339,N/A,N/A,N/A,N/A,,,1
1759293207,any,76,N/A,IPv4,TCP,N/A,v4,10.10.10.109,10.10.10.68,1339,49218,N/A,N/A,N/A,N/A,,,1
1759293207,any,222,N/A,IPv4,TCP,N/A,v4,10.10.10.109,10.10.10.68,1339,49176,N/A,N/A,N/A,N/A,,,1
1759293207,any,827,N/A,IPv4,TCP,N/A,v4,10.10.10.109,10.10.10.68,1339,49176,N/A,N/A,N/A,N/A,,,1
1759293207,any,68,N/A,IPv4,TCP,N/A,v4,10.10.10.109,10.10.10.68,1339,49176,N/A,N/A,N/A,N/A,,,1
1759293207,any,199,N/A,IPv4,TCP,N/A,v4,10.10.10.68,10.10.10.109,49218,1339,N/A,N/A,N/A,N/A,,,1
1759293207,any,68,N/A,IPv4,TCP,N/A,v4,10.10.10.109,10.10.10.68,1339,49218,N/A,N/A,N/A,N/A,,,1
1759293207,any,68,N/A,IPv4,TCP,N/A,v4,10.10.10.68,10.10.10.109,49176,1339,N/A,N/A,N/A,N/A,,,1
1759293207,eth1,74,Ethernet,IPv4,TCP,N/A,v4,10.10.10.68,10.10.10.109,49350,1339,N/A,N/A,N/A,N/A,,,1
1759293207,eth1,74,Ethernet,IPv4,TCP,N/A,v4,10.10.10.109,10.10.10.68,1339,49350,N/A,N/A,N/A,N/A,,,1
1759293207,eth1,66,Ethernet,IPv4,TCP,N/A,v4,10.10.10.68,10.10.10.109,49350,1339,N/A,N/A,N/A,N/A,,,1
1759293207,eth1,66,Ethernet,IPv4,TCP,N/A,v4,10.10.10.109,10.10.10.68,1339,49234,N/A,N/A,N/A,N/A,,,1
1759293207,eth1,74,Ethernet,IPv4,TCP,N/A,v4,10.10.10.68,10.10.10.109,49366,1339,N/A,N/A,N/A,N/A,,,1
1759293207,eth1,196,Ethernet,IPv4,TCP,N/A,v4,10.10.10.68,10.10.10.109,49350,1339,N/A,N/A,N/A,N/A,,,1
1759293207,eth1,66,Ethernet,IPv4,TCP,N/A,v4,10.10.10.109,10.10.10.68,1339,49350,N/A,N/A,N/A,N/A,,,1
1759293207,eth1,74,Ethernet,IPv4,TCP,N/A,v4,10.10.10.68,10.10.10.109,49374,1339,N/A,N/A,N/A,N/A,,,1
1759293207,eth1,74,Ethernet,IPv4,TCP,N/A,v4,10.10.10.68,10.10.10.109,49390,1339,N/A,N/A,N/A,N/A,,,1
1759293207,eth1,74,Ethernet,IPv4,TCP,N/A,v4,10.10.10.109,10.10.10.68,1339,49390,N/A,N/A,N/A,N/A,,,1
1759293207,eth1,66,Ethernet,IPv4,TCP,N/A,v4,10.10.10.68,10.10.10.109,49390,1339,N/A,N/A,N/A,N/A,,,1
1759293207,eth1,197,Ethernet,IPv4,TCP,N/A,v4,10.10.10.68,10.10.10.109,49390,1339,N/A,N/A,N/A,N/A,,,1
1759293207,eth1,66,Ethernet,IPv4,TCP,N/A,v4,10.10.10.109,10.10.10.68,1339,49390,N/A,N/A,N/A,N/A,,,1
1759293207,eth1,206,Ethernet,IPv4,TCP,N/A,v4,10.10.10.109,10.10.10.68,1339,49238,N/A,N/A,N/A,N/A,,,1
1759293207,eth1,66,Ethernet,IPv4,TCP,N/A,v4,10.10.10.68,10.10.10.109,49238,1339,N/A,N/A,N/A,N/A,,,1
1759293207,eth1,66,Ethernet,IPv4,TCP,N/A,v4,10.10.10.109,10.10.10.68,1339,49238,N/A,N/A,N/A,N/A,,,1
1759293207,eth1,66,Ethernet,IPv4,TCP,N/A,v4,10.10.10.68,10.10.10.109,49238,1339,N/A,N/A,N/A,N/A,,,1
1759293207,eth1,66,Ethernet,IPv4,TCP,N/A,v4,10.10.10.109,10.10.10.68,1339,49238,N/A,N/A,N/A,N/A,,,1
1759293207,eth1,74,Ethernet,IPv4,TCP,N/A,v4,10.10.10.68,10.10.10.109,49394,1339,N/A,N/A,N/A,N/A,,,1
1759293207,eth1,74,Ethernet,IPv4,TCP,N/A,v4,10.10.10.68,10.10.10.109,49396,1339,N/A,N/A,N/A,N/A,,,1
1759293207,eth1,74,Ethernet,IPv4,TCP,N/A,v4,10.10.10.68,10.10.10.109,49400,1339,N/A,N/A,N/A,N/A,,,1
1759293207,eth1,74,Ethernet,IPv4,TCP,N/A,v4,10.10.10.68,10.10.10.109,49410,1339,N/A,N/A,N/A,N/A,,,1
1759293207,eth1,74,Ethernet,IPv4,TCP,N/A,v4,10.10.10.68,10.10.10.109,49418,1339,N/A,N/A,N/A,N/A,,,1
1759293207,eth1,74,Ethernet,IPv4,TCP,N/A,v4,10.10.10.68,10.10.10.109,49420,1339,N/A,N/A,N/A,N/A,,,1
1759293207,eth1,74,Ethernet,IPv4,TCP,N/A,v4,10.10.10.68,10.10.10.109,49428,1339,N/A,N/A,N/A,N/A,,,1
1759293207,eth1,74,Ethernet,IPv4,TCP,N/A,v4,10.10.10.68,10.10.10.109,49442,1339,N/A,N/A,N/A,N/A,,,1
1759293207,eth1,74,Ethernet,IPv4,TCP,N/A,v4,10.10.10.68,10.10.10.109,49450,1339,N/A,N/A,N/A,N/A,,,1
1759293207,eth1,74,Ethernet,IPv4,TCP,N/A,v4,10.10.10.68,10.10.10.109,49456,1339,N/A,N/A,N/A,N/A,,,1
1759293207,eth1,74,Ethernet,IPv4,TCP,N/A,v4,10.10.10.68,10.10.10.109,49460,1339,N/A,N/A,N/A,N/A,,,1
1759293207,eth1,74,Ethernet,IPv4,TCP,N/A,v4,10.10.10.109,10.10.10.68,1339,49460,N/A,N/A,N/A,N/A,,,1
1759293207,eth1,66,Ethernet,IPv4,TCP,N/A,v4,10.10.10.68,10.10.10.109,49460,1339,N/A,N/A,N/A,N/A,,,1
1759293207,eth1,192,Ethernet,IPv4,TCP,N/A,v4,10.10.10.68,10.10.10.109,49460,1339,N/A,N/A,N/A,N/A,,,1
1759293207,eth1,66,Ethernet,IPv4,TCP,N/A,v4,10.10.10.109,10.10.10.68,1339,49460,N/A,N/A,N/A,N/A,,,1
1759293207,eth1,74,Ethernet,IPv4,TCP,N/A,v4,10.10.10.68,10.10.10.109,49474,1339,N/A,N/A,N/A,N/A,,,1
1759293207,eth1,220,Ethernet,IPv4,TCP,N/A,v4,10.10.10.109,10.10.10.68,1339,49242,N/A,N/A,N/A,N/A,,,1
1759293207,eth1,66,Ethernet,IPv4,TCP,N/A,v4,10.10.10.68,10.10.10.109,49242,1339,N/A,N/A,N/A,N/A,,,1
1759293207,eth1,472,Ethernet,IPv4,TCP,N/A,v4,10.10.10.109,10.10.10.68,1339,49242,N/A,N/A,N/A,N/A,,,1
1759293207,eth1,66,Ethernet,IPv4,TCP,N/A,v4,10.10.10.68,10.10.10.109,49242,1339,N/A,N/A,N/A,N/A,,,1
1759293207,eth1,66,Ethernet,IPv4,TCP,N/A,v4,10.10.10.109,10.10.10.68,1339,49242,N/A,N/A,N/A,N/A,,,1
1759293207,eth1,66,Ethernet,IPv4,TCP,N/A,v4,10.10.10.68,10.10.10.109,49242,1339,N/A,N/A,N/A,N/A,,,1
1759293207,eth1,66,Ethernet,IPv4,TCP,N/A,v4,10.10.10.109,10.10.10.68,1339,49242,N/A,N/A,N/A,N/A,,,1
1759293207,eth1,74,Ethernet,IPv4,TCP,N/A,v4,10.10.10.68,10.10.10.109,49476,1339,N/A,N/A,N/A,N/A,,,1
1759293207,eth1,74,Ethernet,IPv4,TCP,N/A,v4,10.10.10.68,10.10.10.109,49492,1339,N/A,N/A,N/A,N/A,,,1
1759293207,eth1,74,Ethernet,IPv4,TCP,N/A,v4,10.10.10.68,10.10.10.109,49504,1339,N/A,N/A,N/A,N/A,,,1
1759293207,eth1,74,Ethernet,IPv4,TCP,N/A,v4,10.10.10.68,10.10.10.109,49508,1339,N/A,N/A,N/A,N/A,,,1
1759293207,eth1,74,Ethernet,IPv4,TCP,N/A,v4,10.10.10.68,10.10.10.109,49524,1339,N/A,N/A,N/A,N/A,,,1
1759293207,eth1,74,Ethernet,IPv4,TCP,N/A,v4,10.10.10.109,10.10.10.68,1339,49524,N/A,N/A,N/A,N/A,,,1
1759293207,eth1,66,Ethernet,IPv4,TCP,N/A,v4,10.10.10.68,10.10.10.109,49524,1339,N/A,N/A,N/A,N/A,,,1
1759293207,eth1,197,Ethernet,IPv4,TCP,N/A,v4,10.10.10.68,10.10.10.109,49524,1339,N/A,N/A,N/A,N/A,,,1
1759293207,eth1,74,Ethernet,IPv4,TCP,N/A,v4,10.10.10.68,10.10.10.109,49536,1339,N/A,N/A,N/A,N/A,,,1
1759293207,any,68,N/A,IPv4,TCP,N/A,v4,10.10.10.109,10.10.10.68,1339,49176,N/A,N/A,N/A,N/A,,,1
1759293207,any,222,N/A,IPv4,TCP,N/A,v4,10.10.10.109,10.10.10.68,1339,49178,N/A,N/A,N/A,N/A,,,1
1759293207,any,68,N/A,IPv4,TCP,N/A,v4,10.10.10.68,10.10.10.109,49178,1339,N/A,N/A,N/A,N/A,,,1
1759293207,any,68,N/A,IPv4,TCP,N/A,v4,10.10.10.68,10.10.10.109,49178,1339,N/A,N/A,N/A,N/A,,,1
1759293207,any,68,N/A,IPv4,TCP,N/A,v4,10.10.10.109,10.10.10.68,1339,49178,N/A,N/A,N/A,N/A,,,1
1759293207,any,76,N/A,IPv4,TCP,N/A,v4,10.10.10.68,10.10.10.109,49234,1339,N/A,N/A,N/A,N/A,,,1
1759293207,any,112,N/A,IPv6,ICMP,N/A,v6,fe80::7827:e3ff:fe68:239,ff02::179,N/A,N/A,N/A,N/A,N/A,N/A,,,1
1759293207,any,76,N/A,IPv4,TCP,N/A,v4,10.10.10.68,10.10.10.109,49238,1339,N/A,N/A,N/A,N/A,,,1
1759293207,any,197,N/A,IPv4,TCP,N/A,v4,10.10.10.68,10.10.10.109,49234,1339,N/A,N/A,N/A,N/A,,,1
1759293207,any,76,N/A,IPv4,TCP,N/A,v4,10.10.10.109,10.10.10.68,1339,49238,N/A,N/A,N/A,N/A,,,1
1759293207,any,204,N/A,IPv4,TCP,N/A,v4,10.10.10.68,10.10.10.109,49238,1339,N/A,N/A,N/A,N/A,,,1
1759293207,any,223,N/A,IPv4,TCP,N/A,v4,10.10.10.109,10.10.10.68,1339,49186,N/A,N/A,N/A,N/A,,,1
1759293207,any,1378,N/A,IPv4,TCP,N/A,v4,10.10.10.109,10.10.10.68,1339,49186,N/A,N/A,N/A,N/A,,,1
1759293207,any,68,N/A,IPv4,TCP,N/A,v4,10.10.10.68,10.10.10.109,49186,1339,N/A,N/A,N/A,N/A,,,1
1759293207,any,68,N/A,IPv4,TCP,N/A,v4,10.10.10.68,10.10.10.109,49186,1339,N/A,N/A,N/A,N/A,,,1
1759293207,any,68,N/A,IPv4,TCP,N/A,v4,10.10.10.109,10.10.10.68,1339,49186,N/A,N/A,N/A,N/A,,,1
1759293207,any,68,N/A,IPv4,TCP,N/A,v4,10.10.10.68,10.10.10.109,49200,1339,N/A,N/A,N/A,N/A,,,1
1759293207,any,76,N/A,IPv4,TCP,N/A,v4,10.10.10.68,10.10.10.109,49242,1339,N/A,N/A,N/A,N/A,,,1
1759293207,any,76,N/A,IPv4,TCP,N/A,v4,10.10.10.109,10.10.10.68,1339,49242,N/A,N/A,N/A,N/A,,,1
1759293207,any,205,N/A,IPv4,TCP,N/A,v4,10.10.10.68,10.10.10.109,49242,1339,N/A,N/A,N/A,N/A,,,1
1759293207,any,68,N/A,IPv4,TCP,N/A,v4,10.10.10.109,10.10.10.68,1339,49242,N/A,N/A,N/A,N/A,,,1
1759293207,any,201,N/A,IPv4,TCP,N/A,v4,10.10.10.109,10.10.10.68,1339,49214,N/A,N/A,N/A,N/A,,,1
1759293207,any,68,N/A,IPv4,TCP,N/A,v4,10.10.10.68,10.10.10.109,49214,1339,N/A,N/A,N/A,N/A,,,1
1759293207,any,76,N/A,IPv4,TCP,N/A,v4,10.10.10.68,10.10.10.109,49270,1339,N/A,N/A,N/A,N/A,,,1
1759293207,any,76,N/A,IPv4,TCP,N/A,v4,10.10.10.109,10.10.10.68,1339,49256,N/A,N/A,N/A,N/A,,,1
1759293207,any,76,N/A,IPv4,TCP,N/A,v4,10.10.10.109,10.10.10.68,1339,49270,N/A,N/A,N/A,N/A,,,1
1759293207,any,195,N/A,IPv4,TCP,N/A,v4,10.10.10.68,10.10.10.109,49270,1339,N/A,N/A,N/A,N/A,,,1
1759293207,any,68,N/A,IPv4,TCP,N/A,v4,10.10.10.109,10.10.10.68,1339,49256,N/A,N/A,N/A,N/A,,,1
1759293207,any,68,N/A,IPv4,TCP,N/A,v4,10.10.10.109,10.10.10.68,1339,49270,N/A,N/A,N/A,N/A,,,1
1759293207,any,76,N/A,IPv4,TCP,N/A,v4,10.10.10.68,10.10.10.109,49278,1339,N/A,N/A,N/A,N/A,,,1
1759293207,any,76,N/A,IPv4,TCP,N/A,v4,10.10.10.109,10.10.10.68,1339,49278,N/A,N/A,N/A,N/A,,,1
1759293207,any,212,N/A,IPv4,TCP,N/A,v4,10.10.10.68,10.10.10.109,49278,1339,N/A,N/A,N/A,N/A,,,1
1759293207,any,68,N/A,IPv4,TCP,N/A,v4,10.10.10.109,10.10.10.68,1339,49278,N/A,N/A,N/A,N/A,,,1
1759293207,any,68,N/A,IPv4,TCP,N/A,v4,10.10.10.109,10.10.10.68,1337,55078,N/A,N/A,N/A,N/A,,,1
1759293207,any,68,N/A,IPv4,TCP,N/A,v4,10.10.10.109,10.10.10.68,1337,55078,N/A,N/A,N/A,N/A,,,1
1759293207,any,76,N/A,IPv4,TCP,N/A,v4,10.10.10.68,10.10.10.109,49290,1339,N/A,N/A,N/A,N/A,,,1
1759293207,any,76,N/A,IPv4,TCP,N/A,v4,10.10.10.109,10.10.10.68,1339,49290,N/A,N/A,N/A,N/A,,,1
1759293207,any,76,N/A,IPv4,TCP,N/A,v4,10.10.10.68,10.10.10.109,49296,1339,N/A,N/A,N/A,N/A,,,1
1759293207,any,203,N/A,IPv4,TCP,N/A,v4,10.10.10.109,10.10.10.68,1339,49218,N/A,N/A,N/A,N/A,,,1
1759293207,any,68,N/A,IPv4,TCP,N/A,v4,10.10.10.109,10.10.10.68,1339,49218,N/A,N/A,N/A,N/A,,,1
1759293207,any,199,N/A,IPv4,TCP,N/A,v4,10.10.10.68,10.10.10.109,49290,1339,N/A,N/A,N/A,N/A,,,1
1759293207,any,68,N/A,IPv4,TCP,N/A,v4,10.10.10.109,10.10.10.68,1339,49290,N/A,N/A,N/A,N/A,,,1
1759293207,any,76,N/A,IPv4,TCP,N/A,v4,10.10.10.68,10.10.10.109,49316,1339,N/A,N/A,N/A,N/A,,,1
1759293207,any,76,N/A,IPv4,TCP,N/A,v4,10.10.10.68,10.10.10.109,49330,1339,N/A,N/A,N/A,N/A,,,1
1759293207,any,76,N/A,IPv4,TCP,N/A,v4,10.10.10.68,10.10.10.109,49340,1339,N/A,N/A,N/A,N/A,,,1
1759293207,any,201,N/A,IPv4,TCP,N/A,v4,10.10.10.109,10.10.10.68,1339,49234,N/A,N/A,N/A,N/A,,,1
1759293207,any,76,N/A,IPv4,TCP,N/A,v4,10.10.10.109,10.10.10.68,1339,49350,N/A,N/A,N/A,N/A,,,1
1759293207,any,76,N/A,IPv4,TCP,N/A,v4,10.10.10.68,10.10.10.109,49366,1339,N/A,N/A,N/A,N/A,,,1
1759293207,any,198,N/A,IPv4,TCP,N/A,v4,10.10.10.68,10.10.10.109,49350,1339,N/A,N/A,N/A,N/A,,,1
1759293207,any,68,N/A,IPv4,TCP,N/A,v4,10.10.10.109,10.10.10.68,1339,49350,N/A,N/A,N/A,N/A,,,1
1759293207,eth1,66,Ethernet,IPv4,TCP,N/A,v4,10.10.10.109,10.10.10.68,1339,49524,N/A,N/A,N/A,N/A,,,1
1759293207,eth1,74,Ethernet,IPv4,TCP,N/A,v4,10.10.10.68,10.10.10.109,49538,1339,N/A,N/A,N/A,N/A,,,1
1759293207,eth1,221,Ethernet,IPv4,TCP,N/A,v4,10.10.10.109,10.10.10.68,1339,49256,N/A,N/A,N/A,N/A,,,1
1759293207,eth1,66,Ethernet,IPv4,TCP,N/A,v4,10.10.10.68,10.10.10.109,49256,1339,N/A,N/A,N/A,N/A,,,1
1759293207,eth1,3787,Ethernet,IPv4,TCP,N/A,v4,10.10.10.109,10.10.10.68,1339,49256,N/A,N/A,N/A,N/A,,,1
1759293207,eth1,66,Ethernet,IPv4,TCP,N/A,v4,10.10.10.68,10.10.10.109,49256,1339,N/A,N/A,N/A,N/A,,,1
1759293207,eth1,66,Ethernet,IPv4,TCP,N/A,v4,10.10.10.109,10.10.10.68,1339,49256,N/A,N/A,N/A,N/A,,,1
1759293207,eth1,66,Ethernet,IPv4,TCP,N/A,v4,10.10.10.68,10.10.10.109,49256,1339,N/A,N/A,N/A,N/A,,,1
1759293207,eth1,66,Ethernet,IPv4,TCP,N/A,v4,10.10.10.109,10.10.10.68,1339,49256,N/A,N/A,N/A,N/A,,,1
1759293207,eth1,197,Ethernet,IPv4,TCP,N/A,v4,10.10.10.109,10.10.10.68,1339,49270,N/A,N/A,N/A,N/A,,,1
1759293207,eth1,66,Ethernet,IPv4,TCP,N/A,v4,10.10.10.68,10.10.10.109,49270,1339,N/A,N/A,N/A,N/A,,,1
1759293207,eth1,66,Ethernet,IPv4,TCP,N/A,v4,10.10.10.109,10.10.10.68,1339,49270,N/A,N/A,N/A,N/A,,,1
1759293207,eth1,66,Ethernet,IPv4,TCP,N/A,v4,10.10.10.68,10.10.10.109,49270,1339,N/A,N/A,N/A,N/A,,,1
1759293207,eth1,66,Ethernet,IPv4,TCP,N/A,v4,10.10.10.109,10.10.10.68,1339,49270,N/A,N/A,N/A,N/A,,,1
1759293207,eth1,74,Ethernet,IPv4,TCP,N/A,v4,10.10.10.109,10.10.10.68,1339,49554,N/A,N/A,N/A,N/A,,,1
1759293207,eth1,194,Ethernet,IPv4,TCP,N/A,v4,10.10.10.68,10.10.10.109,49554,1339,N/A,N/A,N/A,N/A,,,1
1759293207,eth1,66,Ethernet,IPv4,TCP,N/A,v4,10.10.10.109,10.10.10.68,1339,49554,N/A,N/A,N/A,N/A,,,1
1759293207,eth1,74,Ethernet,IPv4,TCP,N/A,v4,10.10.10.68,10.10.10.109,49564,1339,N/A,N/A,N/A,N/A,,,1
1759293207,eth1,74,Ethernet,IPv4,TCP,N/A,v4,10.10.10.68,10.10.10.109,49572,1339,N/A,N/A,N/A,N/A,,,1
1759293207,eth1,74,Ethernet,IPv4,TCP,N/A,v4,10.10.10.68,10.10.10.109,49588,1339,N/A,N/A,N/A,N/A,,,1
1759293207,eth1,74,Ethernet,IPv4,TCP,N/A,v4,10.10.10.68,10.10.10.109,49602,1339,N/A,N/A,N/A,N/A,,,1
1759293207,eth1,214,Ethernet,IPv4,TCP,N/A,v4,10.10.10.109,10.10.10.68,1339,49278,N/A,N/A,N/A,N/A,,,1
1759293207,eth1,66,Ethernet,IPv4,TCP,N/A,v4,10.10.10.68,10.10.10.109,49278,1339,N/A,N/A,N/A,N/A,,,1
1759293207,eth1,66,Ethernet,IPv4,TCP,N/A,v4,10.10.10.109,10.10.10.68,1339,49278,N/A,N/A,N/A,N/A,,,1
1759293207,eth1,74,Ethernet,IPv4,TCP,N/A,v4,10.10.10.109,10.10.10.68,1339,49614,N/A,N/A,N/A,N/A,,,1
1759293207,eth1,66,Ethernet,IPv4,TCP,N/A,v4,10.10.10.68,10.10.10.109,49614,1339,N/A,N/A,N/A,N/A,,,1
1759293207,eth1,211,Ethernet,IPv4,TCP,N/A,v4,10.10.10.68,10.10.10.109,49614,1339,N/A,N/A,N/A,N/A,,,1
1759293207,eth1,66,Ethernet,IPv4,TCP,N/A,v4,10.10.10.109,10.10.10.68,1339,49614,N/A,N/A,N/A,N/A,,,1
1759293207,eth1,201,Ethernet,IPv4,TCP,N/A,v4,10.10.10.109,10.10.10.68,1339,49290,N/A,N/A,N/A,N/A,,,1
1759293207,eth1,66,Ethernet,IPv4,TCP,N/A,v4,10.10.10.68,10.10.10.109,49290,1339,N/A,N/A,N/A,N/A,,,1
1759293207,eth1,66,Ethernet,IPv4,TCP,N/A,v4,10.10.10.109,10.10.10.68,1339,49290,N/A,N/A,N/A,N/A,,,1
1759293207,eth1,74,Ethernet,IPv4,TCP,N/A,v4,10.10.10.109,10.10.10.68,1339,49630,N/A,N/A,N/A,N/A,,,1
1759293207,eth1,66,Ethernet,IPv4,TCP,N/A,v4,10.10.10.68,10.10.10.109,49630,1339,N/A,N/A,N/A,N/A,,,1
1759293207,eth1,198,Ethernet,IPv4,TCP,N/A,v4,10.10.10.68,10.10.10.109,49630,1339,N/A,N/A,N/A,N/A,,,1
1759293207,eth1,66,Ethernet,IPv4,TCP,N/A,v4,10.10.10.109,10.10.10.68,1339,49630,N/A,N/A,N/A,N/A,,,1
1759293207,eth1,200,Ethernet,IPv4,TCP,N/A,v4,10.10.10.109,10.10.10.68,1339,49350,N/A,N/A,N/A,N/A,,,1
1759293207,eth1,66,Ethernet,IPv4,TCP,N/A,v4,10.10.10.68,10.10.10.109,49350,1339,N/A,N/A,N/A,N/A,,,1
1759293207,eth1,66,Ethernet,IPv4,TCP,N/A,v4,10.10.10.109,10.10.10.68,1339,49350,N/A,N/A,N/A,N/A,,,1
1759293207,eth1,66,Ethernet,IPv4,TCP,N/A,v4,10.10.10.109,10.10.10.68,1339,49350,N/A,N/A,N/A,N/A,,,1
1759293207,eth1,74,Ethernet,IPv4,TCP,N/A,v4,10.10.10.109,10.10.10.68,1339,49640,N/A,N/A,N/A,N/A,,,1
1759293207,eth1,66,Ethernet,IPv4,TCP,N/A,v4,10.10.10.68,10.10.10.109,49640,1339,N/A,N/A,N/A,N/A,,,1
1759293207,eth1,197,Ethernet,IPv4,TCP,N/A,v4,10.10.10.68,10.10.10.109,49640,1339,N/A,N/A,N/A,N/A,,,1
1759293207,eth1,66,Ethernet,IPv4,TCP,N/A,v4,10.10.10.109,10.10.10.68,1339,49640,N/A,N/A,N/A,N/A,,,1
1759293207,eth1,201,Ethernet,IPv4,TCP,N/A,v4,10.10.10.109,10.10.10.68,1339,49390,N/A,N/A,N/A,N/A,,,1
1759293207,eth1,66,Ethernet,IPv4,TCP,N/A,v4,10.10.10.68,10.10.10.109,49390,1339,N/A,N/A,N/A,N/A,,,1
1759293207,eth1,66,Ethernet,IPv4,TCP,N/A,v4,10.10.10.109,10.10.10.68,1339,49390,N/A,N/A,N/A,N/A,,,1
1759293207,eth1,66,Ethernet,IPv4,TCP,N/A,v4,10.10.10.68,10.10.10.109,49390,1339,N/A,N/A,N/A,N/A,,,1
1759293207,eth1,66,Ethernet,IPv4,TCP,N/A,v4,10.10.10.109,10.10.10.68,1339,49390,N/A,N/A,N/A,N/A,,,1
1759293207,eth1,74,Ethernet,IPv4,TCP,N/A,v4,10.10.10.68,10.10.10.109,49652,1339,N/A,N/A,N/A,N/A,,,1
1759293207,eth1,74,Ethernet,IPv4,TCP,N/A,v4,10.10.10.109,10.10.10.68,1339,49652,N/A,N/A,N/A,N/A,,,1
1759293207,any,76,N/A,IPv4,TCP,N/A,v4,10.10.10.68,10.10.10.109,49374,1339,N/A,N/A,N/A,N/A,,,1
1759293207,any,76,N/A,IPv4,TCP,N/A,v4,10.10.10.68,10.10.10.109,49390,1339,N/A,N/A,N/A,N/A,,,1
1759293207,any,76,N/A,IPv4,TCP,N/A,v4,10.10.10.109,10.10.10.68,1339,49390,N/A,N/A,N/A,N/A,,,1
1759293207,any,199,N/A,IPv4,TCP,N/A,v4,10.10.10.68,10.10.10.109,49390,1339,N/A,N/A,N/A,N/A,,,1
1759293207,any,68,N/A,IPv4,TCP,N/A,v4,10.10.10.109,10.10.10.68,1339,49390,N/A,N/A,N/A,N/A,,,1
1759293207,any,208,N/A,IPv4,TCP,N/A,v4,10.10.10.109,10.10.10.68,1339,49238,N/A,N/A,N/A,N/A,,,1
1759293207,any,68,N/A,IPv4,TCP,N/A,v4,10.10.10.109,10.10.10.68,1339,49238,N/A,N/A,N/A,N/A,,,1
1759293207,any,68,N/A,IPv4,TCP,N/A,v4,10.10.10.68,10.10.10.109,49238,1339,N/A,N/A,N/A,N/A,,,1
1759293207,any,76,N/A,IPv4,TCP,N/A,v4,10.10.10.68,10.10.10.109,49396,1339,N/A,N/A,N/A,N/A,,,1
1759293207,any,76,N/A,IPv4,TCP,N/A,v4,10.10.10.68,10.10.10.109,49400,1339,N/A,N/A,N/A,N/A,,,1
1759293207,any,76,N/A,IPv4,TCP,N/A,v4,10.10.10.68,10.10.10.109,49410,1339,N/A,N/A,N/A,N/A,,,1
1759293207,any,76,N/A,IPv4,TCP,N/A,v4,10.10.10.68,10.10.10.109,49418,1339,N/A,N/A,N/A,N/A,,,1
1759293207,any,76,N/A,IPv4,TCP,N/A,v4,10.10.10.68,10.10.10.109,49420,1339,N/A,N/A,N/A,N/A,,,1
1759293207,any,76,N/A,IPv4,TCP,N/A,v4,10.10.10.68,10.10.10.109,49428,1339,N/A,N/A,N/A,N/A,,,1
1759293207,any,76,N/A,IPv4,TCP,N/A,v4,10.10.10.68,10.10.10.109,49442,1339,N/A,N/A,N/A,N/A,,,1
1759293207,any,76,N/A,IPv4,TCP,N/A,v4,10.10.10.68,10.10.10.109,49450,1339,N/A,N/A,N/A,N/A,,,1
1759293207,any,76,N/A,IPv4,TCP,N/A,v4,10.10.10.68,10.10.10.109,49456,1339,N/A,N/A,N/A,N/A,,,1
1759293207,any,76,N/A,IPv4,TCP,N/A,v4,10.10.10.68,10.10.10.109,49460,1339,N/A,N/A,N/A,N/A,,,1
1759293207,any,76,N/A,IPv4,TCP,N/A,v4,10.10.10.109,10.10.10.68,1339,49460,N/A,N/A,N/A,N/A,,,1
1759293207,any,194,N/A,IPv4,TCP,N/A,v4,10.10.10.68,10.10.10.109,49460,1339,N/A,N/A,N/A,N/A,,,1
1759293207,any,68,N/A,IPv4,TCP,N/A,v4,10.10.10.109,10.10.10.68,1339,49460,N/A,N/A,N/A,N/A,,,1
1759293207,any,76,N/A,IPv4,TCP,N/A,v4,10.10.10.68,10.10.10.109,49474,1339,N/A,N/A,N/A,N/A,,,1
1759293207,any,222,N/A,IPv4,TCP,N/A,v4,10.10.10.109,10.10.10.68,1339,49242,N/A,N/A,N/A,N/A,,,1
1759293207,any,474,N/A,IPv4,TCP,N/A,v4,10.10.10.109,10.10.10.68,1339,49242,N/A,N/A,N/A,N/A,,,1
1759293207,any,68,N/A,IPv4,TCP,N/A,v4,10.10.10.109,10.10.10.68,1339,49242,N/A,N/A,N/A,N/A,,,1
1759293207,any,76,N/A,IPv4,TCP,N/A,v4,10.10.10.68,10.10.10.109,49476,1339,N/A,N/A,N/A,N/A,,,1
1759293207,any,76,N/A,IPv4,TCP,N/A,v4,10.10.10.68,10.10.10.109,49492,1339,N/A,N/A,N/A,N/A,,,1
1759293207,any,76,N/A,IPv4,TCP,N/A,v4,10.10.10.68,10.10.10.109,49504,1339,N/A,N/A,N/A,N/A,,,1
1759293207,any,76,N/A,IPv4,TCP,N/A,v4,10.10.10.68,10.10.10.109,49508,1339,N/A,N/A,N/A,N/A,,,1
1759293207,any,76,N/A,IPv4,TCP,N/A,v4,10.10.10.68,10.10.10.109,49524,1339,N/A,N/A,N/A,N/A,,,1
1759293207,any,76,N/A,IPv4,TCP,N/A,v4,10.10.10.109,10.10.10.68,1339,49524,N/A,N/A,N/A,N/A,,,1
1759293207,any,199,N/A,IPv4,TCP,N/A,v4,10.10.10.68,10.10.10.109,49524,1339,N/A,N/A,N/A,N/A,,,1
1759293207,any,76,N/A,IPv4,TCP,N/A,v4,10.10.10.68,10.10.10.109,49536,1339,N/A,N/A,N/A,N/A,,,1
1759293207,any,76,N/A,IPv4,TCP,N/A,v4,10.10.10.68,10.10.10.109,49538,1339,N/A,N/A,N/A,N/A,,,1
1759293207,any,223,N/A,IPv4,TCP,N/A,v4,10.10.10.109,10.10.10.68,1339,49256,N/A,N/A,N/A,N/A,,,1
1759293207,any,68,N/A,IPv4,TCP,N/A,v4,10.10.10.68,10.10.10.109,49256,1339,N/A,N/A,N/A,N/A,,,1
1759293207,any,199,N/A,IPv4,TCP,N/A,v4,10.10.10.109,10.10.10.68,1339,49270,N/A,N/A,N/A,N/A,,,1
1759293207,any,68,N/A,IPv4,TCP,N/A,v4,10.10.10.109,10.10.10.68,1339,49270,N/A,N/A,N/A,N/A,,,1
1759293207,any,76,N/A,IPv4,TCP,N/A,v4,10.10.10.109,10.10.10.68,1339,49554,N/A,N/A,N/A,N/A,,,1
1759293207,any,196,N/A,IPv4,TCP,N/A,v4,10.10.10.68,10.10.10.109,49554,1339,N/A,N/A,N/A,N/A,,,1
1759293207,any,68,N/A,IPv4,TCP,N/A,v4,10.10.10.109,10.10.10.68,1339,49554,N/A,N/A,N/A,N/A,,,1
1759293207,any,76,N/A,IPv4,TCP,N/A,v4,10.10.10.68,10.10.10.109,49564,1339,N/A,N/A,N/A,N/A,,,1
1759293207,any,76,N/A,IPv4,TCP,N/A,v4,10.10.10.68,10.10.10.109,49572,1339,N/A,N/A,N/A,N/A,,,1
1759293207,any,76,N/A,IPv4,TCP,N/A,v4,10.10.10.68,10.10.10.109,49588,1339,N/A,N/A,N/A,N/A,,,1
1759293207,any,76,N/A,IPv4,TCP,N/A,v4,10.10.10.68,10.10.10.109,49602,1339,N/A,N/A,N/A,N/A,,,1
1759293207,any,216,N/A,IPv4,TCP,N/A,v4,10.10.10.109,10.10.10.68,1339,49278,N/A,N/A,N/A,N/A,,,1
1759293207,any,76,N/A,IPv4,TCP,N/A,v4,10.10.10.109,10.10.10.68,1339,49614,N/A,N/A,N/A,N/A,,,1
1759293207,any,213,N/A,IPv4,TCP,N/A,v4,10.10.10.68,10.10.10.109,49614,1339,N/A,N/A,N/A,N/A,,,1
1759293207,any,68,N/A,IPv4,TCP,N/A,v4,10.10.10.109,10.10.10.68,1339,49614,N/A,N/A,N/A,N/A,,,1
1759293207,any,203,N/A,IPv4,TCP,N/A,v4,10.10.10.109,10.10.10.68,1339,49290,N/A,N/A,N/A,N/A,,,1
1759293207,eth1,66,Ethernet,IPv4,TCP,N/A,v4,10.10.10.68,10.10.10.109,49652,1339,N/A,N/A,N/A,N/A,,,1
1759293207,eth1,198,Ethernet,IPv4,TCP,N/A,v4,10.10.10.68,10.10.10.109,49652,1339,N/A,N/A,N/A,N/A,,,1
1759293207,eth1,66,Ethernet,IPv4,TCP,N/A,v4,10.10.10.109,10.10.10.68,1339,49652,N/A,N/A,N/A,N/A,,,1
1759293207,eth1,196,Ethernet,IPv4,TCP,N/A,v4,10.10.10.109,10.10.10.68,1339,49460,N/A,N/A,N/A,N/A,,,1
1759293207,eth1,66,Ethernet,IPv4,TCP,N/A,v4,10.10.10.68,10.10.10.109,49460,1339,N/A,N/A,N/A,N/A,,,1
1759293207,eth1,66,Ethernet,IPv4,TCP,N/A,v4,10.10.10.109,10.10.10.68,1339,49460,N/A,N/A,N/A,N/A,,,1
1759293207,eth1,74,Ethernet,IPv4,TCP,N/A,v4,10.10.10.109,10.10.10.68,1339,49656,N/A,N/A,N/A,N/A,,,1
1759293207,eth1,66,Ethernet,IPv4,TCP,N/A,v4,10.10.10.68,10.10.10.109,49656,1339,N/A,N/A,N/A,N/A,,,1
1759293207,eth1,193,Ethernet,IPv4,TCP,N/A,v4,10.10.10.68,10.10.10.109,49656,1339,N/A,N/A,N/A,N/A,,,1
1759293207,eth1,66,Ethernet,IPv4,TCP,N/A,v4,10.10.10.109,10.10.10.68,1339,49656,N/A,N/A,N/A,N/A,,,1
1759293207,eth1,201,Ethernet,IPv4,TCP,N/A,v4,10.10.10.109,10.10.10.68,1339,49524,N/A,N/A,N/A,N/A,,,1
1759293207,eth1,66,Ethernet,IPv4,TCP,N/A,v4,10.10.10.68,10.10.10.109,49524,1339,N/A,N/A,N/A,N/A,,,1
1759293207,eth1,66,Ethernet,IPv4,TCP,N/A,v4,10.10.10.109,10.10.10.68,1339,49524,N/A,N/A,N/A,N/A,,,1
1759293207,eth1,74,Ethernet,IPv4,TCP,N/A,v4,10.10.10.109,10.10.10.68,1339,49662,N/A,N/A,N/A,N/A,,,1
1759293207,eth1,66,Ethernet,IPv4,TCP,N/A,v4,10.10.10.68,10.10.10.109,49662,1339,N/A,N/A,N/A,N/A,,,1
1759293207,eth1,198,Ethernet,IPv4,TCP,N/A,v4,10.10.10.68,10.10.10.109,49662,1339,N/A,N/A,N/A,N/A,,,1
1759293207,eth1,66,Ethernet,IPv4,TCP,N/A,v4,10.10.10.109,10.10.10.68,1339,49662,N/A,N/A,N/A,N/A,,,1
1759293207,eth1,220,Ethernet,IPv4,TCP,N/A,v4,10.10.10.109,10.10.10.68,1339,49554,N/A,N/A,N/A,N/A,,,1
1759293207,eth1,66,Ethernet,IPv4,TCP,N/A,v4,10.10.10.68,10.10.10.109,49554,1339,N/A,N/A,N/A,N/A,,,1
1759293207,eth1,723,Ethernet,IPv4,TCP,N/A,v4,10.10.10.109,10.10.10.68,1339,49554,N/A,N/A,N/A,N/A,,,1
1759293207,eth1,74,Ethernet,IPv4,TCP,N/A,v4,10.10.10.68,10.10.10.109,49676,1339,N/A,N/A,N/A,N/A,,,1
1759293207,eth1,74,Ethernet,IPv4,TCP,N/A,v4,10.10.10.109,10.10.10.68,1339,49676,N/A,N/A,N/A,N/A,,,1
1759293207,eth1,66,Ethernet,IPv4,TCP,N/A,v4,10.10.10.68,10.10.10.109,49676,1339,N/A,N/A,N/A,N/A,,,1
1759293207,eth1,205,Ethernet,IPv4,TCP,N/A,v4,10.10.10.68,10.10.10.109,49676,1339,N/A,N/A,N/A,N/A,,,1
1759293207,eth1,66,Ethernet,IPv4,TCP,N/A,v4,10.10.10.109,10.10.10.68,1339,49676,N/A,N/A,N/A,N/A,,,1
1759293207,eth1,220,Ethernet,IPv4,TCP,N/A,v4,10.10.10.109,10.10.10.68,1339,49614,N/A,N/A,N/A,N/A,,,1
1759293207,eth1,66,Ethernet,IPv4,TCP,N/A,v4,10.10.10.68,10.10.10.109,49614,1339,N/A,N/A,N/A,N/A,,,1
1759293207,eth1,954,Ethernet,IPv4,TCP,N/A,v4,10.10.10.109,10.10.10.68,1339,49614,N/A,N/A,N/A,N/A,,,1
1759293207,eth1,66,Ethernet,IPv4,TCP,N/A,v4,10.10.10.68,10.10.10.109,49614,1339,N/A,N/A,N/A,N/A,,,1
1759293207,eth1,66,Ethernet,IPv4,TCP,N/A,v4,10.10.10.109,10.10.10.68,1339,49614,N/A,N/A,N/A,N/A,,,1
1759293207,eth1,220,Ethernet,IPv4,TCP,N/A,v4,10.10.10.109,10.10.10.68,1339,49630,N/A,N/A,N/A,N/A,,,1
1759293207,eth1,66,Ethernet,IPv4,TCP,N/A,v4,10.10.10.68,10.10.10.109,49630,1339,N/A,N/A,N/A,N/A,,,1
1759293207,eth1,1064,Ethernet,IPv4,TCP,N/A,v4,10.10.10.109,10.10.10.68,1339,49630,N/A,N/A,N/A,N/A,,,1
1759293207,eth1,220,Ethernet,IPv4,TCP,N/A,v4,10.10.10.109,10.10.10.68,1339,49640,N/A,N/A,N/A,N/A,,,1
1759293207,eth1,66,Ethernet,IPv4,TCP,N/A,v4,10.10.10.68,10.10.10.109,49640,1339,N/A,N/A,N/A,N/A,,,1
1759293207,eth1,561,Ethernet,IPv4,TCP,N/A,v4,10.10.10.109,10.10.10.68,1339,49640,N/A,N/A,N/A,N/A,,,1
1759293207,eth1,66,Ethernet,IPv4,TCP,N/A,v4,10.10.10.68,10.10.10.109,49640,1339,N/A,N/A,N/A,N/A,,,1
1759293207,eth1,66,Ethernet,IPv4,TCP,N/A,v4,10.10.10.109,10.10.10.68,1339,49640,N/A,N/A,N/A,N/A,,,1
1759293207,eth1,74,Ethernet,IPv4,TCP,N/A,v4,10.10.10.68,10.10.10.109,49692,1339,N/A,N/A,N/A,N/A,,,1
1759293207,eth1,74,Ethernet,IPv4,TCP,N/A,v4,10.10.10.109,10.10.10.68,1339,49692,N/A,N/A,N/A,N/A,,,1
1759293207,eth1,66,Ethernet,IPv4,TCP,N/A,v4,10.10.10.68,10.10.10.109,49692,1339,N/A,N/A,N/A,N/A,,,1
1759293207,eth1,209,Ethernet,IPv4,TCP,N/A,v4,10.10.10.68,10.10.10.109,49692,1339,N/A,N/A,N/A,N/A,,,1
1759293207,eth1,66,Ethernet,IPv4,TCP,N/A,v4,10.10.10.109,10.10.10.68,1339,49692,N/A,N/A,N/A,N/A,,,1
1759293207,eth1,220,Ethernet,IPv4,TCP,N/A,v4,10.10.10.109,10.10.10.68,1339,49652,N/A,N/A,N/A,N/A,,,1
1759293207,eth1,66,Ethernet,IPv4,TCP,N/A,v4,10.10.10.68,10.10.10.109,49652,1339,N/A,N/A,N/A,N/A,,,1
1759293207,eth1,624,Ethernet,IPv4,TCP,N/A,v4,10.10.10.109,10.10.10.68,1339,49652,N/A,N/A,N/A,N/A,,,1
1759293207,eth1,66,Ethernet,IPv4,TCP,N/A,v4,10.10.10.68,10.10.10.109,49652,1339,N/A,N/A,N/A,N/A,,,1
1759293207,eth1,66,Ethernet,IPv4,TCP,N/A,v4,10.10.10.68,10.10.10.109,49652,1339,N/A,N/A,N/A,N/A,,,1
1759293207,eth1,66,Ethernet,IPv4,TCP,N/A,v4,10.10.10.109,10.10.10.68,1339,49652,N/A,N/A,N/A,N/A,,,1
1759293207,eth1,74,Ethernet,IPv4,TCP,N/A,v4,10.10.10.68,10.10.10.109,49708,1339,N/A,N/A,N/A,N/A,,,1
1759293207,any,76,N/A,IPv4,TCP,N/A,v4,10.10.10.109,10.10.10.68,1339,49630,N/A,N/A,N/A,N/A,,,1
1759293207,any,200,N/A,IPv4,TCP,N/A,v4,10.10.10.68,10.10.10.109,49630,1339,N/A,N/A,N/A,N/A,,,1
1759293207,any,68,N/A,IPv4,TCP,N/A,v4,10.10.10.109,10.10.10.68,1339,49630,N/A,N/A,N/A,N/A,,,1
1759293207,any,202,N/A,IPv4,TCP,N/A,v4,10.10.10.109,10.10.10.68,1339,49350,N/A,N/A,N/A,N/A,,,1
1759293207,any,76,N/A,IPv4,TCP,N/A,v4,10.10.10.109,10.10.10.68,1339,49640,N/A,N/A,N/A,N/A,,,1
1759293207,any,199,N/A,IPv4,TCP,N/A,v4,10.10.10.68,10.10.10.109,49640,1339,N/A,N/A,N/A,N/A,,,1
1759293207,any,68,N/A,IPv4,TCP,N/A,v4,10.10.10.109,10.10.10.68,1339,49640,N/A,N/A,N/A,N/A,,,1
1759293207,any,203,N/A,IPv4,TCP,N/A,v4,10.10.10.109,10.10.10.68,1339,49390,N/A,N/A,N/A,N/A,,,1
1759293207,any,76,N/A,IPv4,TCP,N/A,v4,10.10.10.109,10.10.10.68,1339,49652,N/A,N/A,N/A,N/A,,,1
1759293207,any,200,N/A,IPv4,TCP,N/A,v4,10.10.10.68,10.10.10.109,49652,1339,N/A,N/A,N/A,N/A,,,1
1759293207,any,68,N/A,IPv4,TCP,N/A,v4,10.10.10.109,10.10.10.68,1339,49652,N/A,N/A,N/A,N/A,,,1
1759293207,any,198,N/A,IPv4,TCP,N/A,v4,10.10.10.109,10.10.10.68,1339,49460,N/A,N/A,N/A,N/A,,,1
1759293207,any,76,N/A,IPv4,TCP,N/A,v4,10.10.10.109,10.10.10.68,1339,49656,N/A,N/A,N/A,N/A,,,1
1759293207,any,195,N/A,IPv4,TCP,N/A,v4,10.10.10.68,10.10.10.109,49656,1339,N/A,N/A,N/A,N/A,,,1
1759293207,any,68,N/A,IPv4,TCP,N/A,v4,10.10.10.109,10.10.10.68,1339,49656,N/A,N/A,N/A,N/A,,,1
1759293207,any,203,N/A,IPv4,TCP,N/A,v4,10.10.10.109,10.10.10.68,1339,49524,N/A,N/A,N/A,N/A,,,1
1759293207,any,76,N/A,IPv4,TCP,N/A,v4,10.10.10.109,10.10.10.68,1339,49662,N/A,N/A,N/A,N/A,,,1
1759293207,any,200,N/A,IPv4,TCP,N/A,v4,10.10.10.68,10.10.10.109,49662,1339,N/A,N/A,N/A,N/A,,,1
1759293207,any,68,N/A,IPv4,TCP,N/A,v4,10.10.10.109,10.10.10.68,1339,49662,N/A,N/A,N/A,N/A,,,1
1759293207,any,222,N/A,IPv4,TCP,N/A,v4,10.10.10.109,10.10.10.68,1339,49554,N/A,N/A,N/A,N/A,,,1
1759293207,any,76,N/A,IPv4,TCP,N/A,v4,10.10.10.68,10.10.10.109,49676,1339,N/A,N/A,N/A,N/A,,,1
1759293207,any,76,N/A,IPv4,TCP,N/A,v4,10.10.10.109,10.10.10.68,1339,49676,N/A,N/A,N/A,N/A,,,1
1759293207,any,207,N/A,IPv4,TCP,N/A,v4,10.10.10.68,10.10.10.109,49676,1339,N/A,N/A,N/A,N/A,,,1
1759293207,any,68,N/A,IPv4,TCP,N/A,v4,10.10.10.109,10.10.10.68,1339,49676,N/A,N/A,N/A,N/A,,,1
1759293207,any,222,N/A,IPv4,TCP,N/A,v4,10.10.10.109,10.10.10.68,1339,49614,N/A,N/A,N/A,N/A,,,1
1759293207,any,956,N/A,IPv4,TCP,N/A,v4,10.10.10.109,10.10.10.68,1339,49614,N/A,N/A,N/A,N/A,,,1
1759293207,any,222,N/A,IPv4,TCP,N/A,v4,10.10.10.109,10.10.10.68,1339,49630,N/A,N/A,N/A,N/A,,,1
1759293207,any,222,N/A,IPv4,TCP,N/A,v4,10.10.10.109,10.10.10.68,1339,49640,N/A,N/A,N/A,N/A,,,1
1759293207,any,68,N/A,IPv4,TCP,N/A,v4,10.10.10.68,10.10.10.109,49640,1339,N/A,N/A,N/A,N/A,,,1
1759293207,any,76,N/A,IPv4,TCP,N/A,v4,10.10.10.68,10.10.10.109,49692,1339,N/A,N/A,N/A,N/A,,,1
1759293207,any,76,N/A,IPv4,TCP,N/A,v4,10.10.10.109,10.10.10.68,1339,49692,N/A,N/A,N/A,N/A,,,1
1759293207,any,211,N/A,IPv4,TCP,N/A,v4,10.10.10.68,10.10.10.109,49692,1339,N/A,N/A,N/A,N/A,,,1
1759293207,any,68,N/A,IPv4,TCP,N/A,v4,10.10.10.109,10.10.10.68,1339,49692,N/A,N/A,N/A,N/A,,,1
1759293207,any,222,N/A,IPv4,TCP,N/A,v4,10.10.10.109,10.10.10.68,1339,49652,N/A,N/A,N/A,N/A,,,1
1759293207,any,68,N/A,IPv4,TCP,N/A,v4,10.10.10.68,10.10.10.109,49652,1339,N/A,N/A,N/A,N/A,,,1
1759293207,any,76,N/A,IPv4,TCP,N/A,v4,10.10.10.68,10.10.10.109,49708,1339,N/A,N/A,N/A,N/A,,,1
1759293207,any,76,N/A,IPv4,TCP,N/A,v4,10.10.10.109,10.10.10.68,1339,49708,N/A,N/A,N/A,N/A,,,1
1759293207,any,210,N/A,IPv4,TCP,N/A,v4,10.10.10.68,10.10.10.109,49708,1339,N/A,N/A,N/A,N/A,,,1
1759293207,any,68,N/A,IPv4,TCP,N/A,v4,10.10.10.109,10.10.10.68,1339,49708,N/A,N/A,N/A,N/A,,,1
1759293207,any,76,N/A,IPv4,TCP,N/A,v4,10.10.10.68,10.10.10.109,49716,1339,N/A,N/A,N/A,N/A,,,1
1759293207,any,76,N/A,IPv4,TCP,N/A,v4,10.10.10.109,10.10.10.68,1339,49716,N/A,N/A,N/A,N/A,,,1
1759293207,any,223,N/A,IPv4,TCP,N/A,v4,10.10.10.109,10.10.10.68,1339,49656,N/A,N/A,N/A,N/A,,,1
1759293207,any,1080,N/A,IPv4,TCP,N/A,v4,10.10.10.109,10.10.10.68,1339,49656,N/A,N/A,N/A,N/A,,,1
1759293207,any,68,N/A,IPv4,TCP,N/A,v4,10.10.10.68,10.10.10.109,49656,1339,N/A,N/A,N/A,N/A,,,1
1759293207,any,204,N/A,IPv4,TCP,N/A,v4,10.10.10.68,10.10.10.109,49716,1339,N/A,N/A,N/A,N/A,,,1
1759293207,any,68,N/A,IPv4,TCP,N/A,v4,10.10.10.109,10.10.10.68,1339,49716,N/A,N/A,N/A,N/A,,,1
1759293207,any,76,N/A,IPv4,TCP,N/A,v4,10.10.10.68,10.10.10.109,49722,1339,N/A,N/A,N/A,N/A,,,1
1759293207,any,76,N/A,IPv4,TCP,N/A,v4,10.10.10.109,10.10.10.68,1339,49722,N/A,N/A,N/A,N/A,,,1
1759293207,any,222,N/A,IPv4,TCP,N/A,v4,10.10.10.109,10.10.10.68,1339,49662,N/A,N/A,N/A,N/A,,,1
1759293207,any,68,N/A,IPv4,TCP,N/A,v4,10.10.10.68,10.10.10.109,49662,1339,N/A,N/A,N/A,N/A,,,1
1759293207,eth1,74,Ethernet,IPv4,TCP,N/A,v4,10.10.10.109,10.10.10.68,1339,49708,N/A,N/A,N/A,N/A,,,1
1759293207,eth1,66,Ethernet,IPv4,TCP,N/A,v4,10.10.10.68,10.10.10.109,49708,1339,N/A,N/A,N/A,N/A,,,1
1759293207,eth1,208,Ethernet,IPv4,TCP,N/A,v4,10.10.10.68,10.10.10.109,49708,1339,N/A,N/A,N/A,N/A,,,1
1759293207,eth1,66,Ethernet,IPv4,TCP,N/A,v4,10.10.10.109,10.10.10.68,1339,49708,N/A,N/A,N/A,N/A,,,1
1759293207,eth1,74,Ethernet,IPv4,TCP,N/A,v4,10.10.10.68,10.10.10.109,49716,1339,N/A,N/A,N/A,N/A,,,1
1759293207,eth1,74,Ethernet,IPv4,TCP,N/A,v4,10.10.10.109,10.10.10.68,1339,49716,N/A,N/A,N/A,N/A,,,1
1759293207,eth1,66,Ethernet,IPv4,TCP,N/A,v4,10.10.10.68,10.10.10.109,49716,1339,N/A,N/A,N/A,N/A,,,1
1759293207,eth1,221,Ethernet,IPv4,TCP,N/A,v4,10.10.10.109,10.10.10.68,1339,49656,N/A,N/A,N/A,N/A,,,1
1759293207,eth1,66,Ethernet,IPv4,TCP,N/A,v4,10.10.10.68,10.10.10.109,49656,1339,N/A,N/A,N/A,N/A,,,1
1759293207,eth1,1078,Ethernet,IPv4,TCP,N/A,v4,10.10.10.109,10.10.10.68,1339,49656,N/A,N/A,N/A,N/A,,,1
1759293207,eth1,66,Ethernet,IPv4,TCP,N/A,v4,10.10.10.68,10.10.10.109,49656,1339,N/A,N/A,N/A,N/A,,,1
1759293207,eth1,66,Ethernet,IPv4,TCP,N/A,v4,10.10.10.109,10.10.10.68,1339,49656,N/A,N/A,N/A,N/A,,,1
1759293207,eth1,66,Ethernet,IPv4,TCP,N/A,v4,10.10.10.68,10.10.10.109,49656,1339,N/A,N/A,N/A,N/A,,,1
1759293207,eth1,66,Ethernet,IPv4,TCP,N/A,v4,10.10.10.109,10.10.10.68,1339,49656,N/A,N/A,N/A,N/A,,,1
1759293207,eth1,202,Ethernet,IPv4,TCP,N/A,v4,10.10.10.68,10.10.10.109,49716,1339,N/A,N/A,N/A,N/A,,,1
1759293207,eth1,66,Ethernet,IPv4,TCP,N/A,v4,10.10.10.109,10.10.10.68,1339,49716,N/A,N/A,N/A,N/A,,,1
1759293207,eth1,74,Ethernet,IPv4,TCP,N/A,v4,10.10.10.68,10.10.10.109,49722,1339,N/A,N/A,N/A,N/A,,,1
1759293207,eth1,74,Ethernet,IPv4,TCP,N/A,v4,10.10.10.109,10.10.10.68,1339,49722,N/A,N/A,N/A,N/A,,,1
1759293207,eth1,66,Ethernet,IPv4,TCP,N/A,v4,10.10.10.68,10.10.10.109,49722,1339,N/A,N/A,N/A,N/A,,,1
1759293207,eth1,220,Ethernet,IPv4,TCP,N/A,v4,10.10.10.109,10.10.10.68,1339,49662,N/A,N/A,N/A,N/A,,,1
1759293207,eth1,66,Ethernet,IPv4,TCP,N/A,v4,10.10.10.68,10.10.10.109,49662,1339,N/A,N/A,N/A,N/A,,,1
1759293207,eth1,738,Ethernet,IPv4,TCP,N/A,v4,10.10.10.109,10.10.10.68,1339,49662,N/A,N/A,N/A,N/A,,,1
1759293207,eth1,66,Ethernet,IPv4,TCP,N/A,v4,10.10.10.68,10.10.10.109,49662,1339,N/A,N/A,N/A,N/A,,,1
1759293207,eth1,66,Ethernet,IPv4,TCP,N/A,v4,10.10.10.68,10.10.10.109,49662,1339,N/A,N/A,N/A,N/A,,,1
1759293207,eth1,66,Ethernet,IPv4,TCP,N/A,v4,10.10.10.109,10.10.10.68,1339,49662,N/A,N/A,N/A,N/A,,,1
1759293207,eth1,209,Ethernet,IPv4,TCP,N/A,v4,10.10.10.68,10.10.10.109,49722,1339,N/A,N/A,N/A,N/A,,,1
1759293207,eth1,66,Ethernet,IPv4,TCP,N/A,v4,10.10.10.109,10.10.10.68,1339,49722,N/A,N/A,N/A,N/A,,,1
1759293207,eth1,209,Ethernet,IPv4,TCP,N/A,v4,10.10.10.109,10.10.10.68,1339,49676,N/A,N/A,N/A,N/A,,,1
1759293207,eth1,66,Ethernet,IPv4,TCP,N/A,v4,10.10.10.68,10.10.10.109,49676,1339,N/A,N/A,N/A,N/A,,,1
1759293207,eth1,66,Ethernet,IPv4,TCP,N/A,v4,10.10.10.109,10.10.10.68,1339,49676,N/A,N/A,N/A,N/A,,,1
1759293207,eth1,66,Ethernet,IPv4,TCP,N/A,v4,10.10.10.68,10.10.10.109,49676,1339,N/A,N/A,N/A,N/A,,,1
1759293207,eth1,66,Ethernet,IPv4,TCP,N/A,v4,10.10.10.109,10.10.10.68,1339,49676,N/A,N/A,N/A,N/A,,,1
1759293207,eth1,74,Ethernet,IPv4,TCP,N/A,v4,10.10.10.68,10.10.10.109,49738,1339,N/A,N/A,N/A,N/A,,,1
1759293207,eth1,74,Ethernet,IPv4,TCP,N/A,v4,10.10.10.109,10.10.10.68,1339,49738,N/A,N/A,N/A,N/A,,,1
1759293207,eth1,66,Ethernet,IPv4,TCP,N/A,v4,10.10.10.68,10.10.10.109,49738,1339,N/A,N/A,N/A,N/A,,,1
1759293207,eth1,206,Ethernet,IPv4,TCP,N/A,v4,10.10.10.68,10.10.10.109,49738,1339,N/A,N/A,N/A,N/A,,,1
1759293207,eth1,66,Ethernet,IPv4,TCP,N/A,v4,10.10.10.109,10.10.10.68,1339,49738,N/A,N/A,N/A,N/A,,,1
1759293207,eth1,74,Ethernet,IPv4,TCP,N/A,v4,10.10.10.68,10.10.10.109,49742,1339,N/A,N/A,N/A,N/A,,,1
1759293207,eth1,74,Ethernet,IPv4,TCP,N/A,v4,10.10.10.109,10.10.10.68,1339,49742,N/A,N/A,N/A,N/A,,,1
1759293207,eth1,66,Ethernet,IPv4,TCP,N/A,v4,10.10.10.68,10.10.10.109,49742,1339,N/A,N/A,N/A,N/A,,,1
1759293207,eth1,213,Ethernet,IPv4,TCP,N/A,v4,10.10.10.109,10.10.10.68,1339,49692,N/A,N/A,N/A,N/A,,,1
1759293207,eth1,66,Ethernet,IPv4,TCP,N/A,v4,10.10.10.68,10.10.10.109,49692,1339,N/A,N/A,N/A,N/A,,,1
1759293207,eth1,66,Ethernet,IPv4,TCP,N/A,v4,10.10.10.109,10.10.10.68,1339,49692,N/A,N/A,N/A,N/A,,,1
1759293207,eth1,66,Ethernet,IPv4,TCP,N/A,v4,10.10.10.68,10.10.10.109,49692,1339,N/A,N/A,N/A,N/A,,,1
1759293207,eth1,66,Ethernet,IPv4,TCP,N/A,v4,10.10.10.109,10.10.10.68,1339,49692,N/A,N/A,N/A,N/A,,,1
1759293207,eth1,74,Ethernet,IPv4,TCP,N/A,v4,10.10.10.68,10.10.10.109,49750,1339,N/A,N/A,N/A,N/A,,,1
1759293207,eth1,209,Ethernet,IPv4,TCP,N/A,v4,10.10.10.68,10.10.10.109,49742,1339,N/A,N/A,N/A,N/A,,,1
1759293207,eth1,74,Ethernet,IPv4,TCP,N/A,v4,10.10.10.109,10.10.10.68,1339,49750,N/A,N/A,N/A,N/A,,,1
1759293207,eth1,66,Ethernet,IPv4,TCP,N/A,v4,10.10.10.68,10.10.10.109,49750,1339,N/A,N/A,N/A,N/A,,,1
1759293207,eth1,66,Ethernet,IPv4,TCP,N/A,v4,10.10.10.109,10.10.10.68,1339,49742,N/A,N/A,N/A,N/A,,,1
1759293207,any,211,N/A,IPv4,TCP,N/A,v4,10.10.10.68,10.10.10.109,49722,1339,N/A,N/A,N/A,N/A,,,1
1759293207,any,68,N/A,IPv4,TCP,N/A,v4,10.10.10.109,10.10.10.68,1339,49722,N/A,N/A,N/A,N/A,,,1
1759293207,any,68,N/A,IPv4,TCP,N/A,v4,10.10.10.68,10.10.10.109,49676,1339,N/A,N/A,N/A,N/A,,,1
1759293207,any,76,N/A,IPv4,TCP,N/A,v4,10.10.10.109,10.10.10.68,1339,49738,N/A,N/A,N/A,N/A,,,1
1759293207,any,208,N/A,IPv4,TCP,N/A,v4,10.10.10.68,10.10.10.109,49738,1339,N/A,N/A,N/A,N/A,,,1
1759293207,any,68,N/A,IPv4,TCP,N/A,v4,10.10.10.109,10.10.10.68,1339,49738,N/A,N/A,N/A,N/A,,,1
1759293207,any,76,N/A,IPv4,TCP,N/A,v4,10.10.10.68,10.10.10.109,49742,1339,N/A,N/A,N/A,N/A,,,1
1759293207,any,76,N/A,IPv4,TCP,N/A,v4,10.10.10.109,10.10.10.68,1339,49742,N/A,N/A,N/A,N/A,,,1
1759293207,any,215,N/A,IPv4,TCP,N/A,v4,10.10.10.109,10.10.10.68,1339,49692,N/A,N/A,N/A,N/A,,,1
1759293207,any,68,N/A,IPv4,TCP,N/A,v4,10.10.10.68,10.10.10.109,49692,1339,N/A,N/A,N/A,N/A,,,1
1759293207,any,211,N/A,IPv4,TCP,N/A,v4,10.10.10.68,10.10.10.109,49742,1339,N/A,N/A,N/A,N/A,,,1
1759293207,any,76,N/A,IPv4,TCP,N/A,v4,10.10.10.109,10.10.10.68,1339,49750,N/A,N/A,N/A,N/A,,,1
1759293207,any,68,N/A,IPv4,TCP,N/A,v4,10.10.10.109,10.10.10.68,1339,49742,N/A,N/A,N/A,N/A,,,1
1759293207,any,212,N/A,IPv4,TCP,N/A,v4,10.10.10.68,10.10.10.109,49750,1339,N/A,N/A,N/A,N/A,,,1
1759293207,any,68,N/A,IPv4,TCP,N/A,v4,10.10.10.109,10.10.10.68,1339,49750,N/A,N/A,N/A,N/A,,,1
1759293207,any,76,N/A,IPv4,TCP,N/A,v4,10.10.10.68,10.10.10.109,49764,1339,N/A,N/A,N/A,N/A,,,1
1759293207,any,76,N/A,IPv4,TCP,N/A,v4,10.10.10.109,10.10.10.68,1339,49764,N/A,N/A,N/A,N/A,,,1
1759293207,any,208,N/A,IPv4,TCP,N/A,v4,10.10.10.68,10.10.10.109,49764,1339,N/A,N/A,N/A,N/A,,,1
1759293207,any,68,N/A,IPv4,TCP,N/A,v4,10.10.10.109,10.10.10.68,1339,49764,N/A,N/A,N/A,N/A,,,1
1759293207,any,76,N/A,IPv4,TCP,N/A,v4,10.10.10.68,10.10.10.109,49768,1339,N/A,N/A,N/A,N/A,,,1
1759293207,any,76,N/A,IPv4,TCP,N/A,v4,10.10.10.68,10.10.10.109,49770,1339,N/A,N/A,N/A,N/A,,,1
1759293207,any,76,N/A,IPv4,TCP,N/A,v4,10.10.10.109,10.10.10.68,1339,49768,N/A,N/A,N/A,N/A,,,1
1759293207,any,76,N/A,IPv4,TCP,N/A,v4,10.10.10.109,10.10.10.68,1339,49770,N/A,N/A,N/A,N/A,,,1
1759293207,any,202,N/A,IPv4,TCP,N/A,v4,10.10.10.68,10.10.10.109,49768,1339,N/A,N/A,N/A,N/A,,,1
1759293207,any,200,N/A,IPv4,TCP,N/A,v4,10.10.10.68,10.10.10.109,49770,1339,N/A,N/A,N/A,N/A,,,1
1759293207,any,76,N/A,IPv4,TCP,N/A,v4,10.10.10.68,10.10.10.109,49786,1339,N/A,N/A,N/A,N/A,,,1
1759293207,any,76,N/A,IPv4,TCP,N/A,v4,10.10.10.68,10.10.10.109,49796,1339,N/A,N/A,N/A,N/A,,,1
1759293207,any,214,N/A,IPv4,TCP,N/A,v4,10.10.10.109,10.10.10.68,1339,49708,N/A,N/A,N/A,N/A,,,1
1759293207,any,208,N/A,IPv4,TCP,N/A,v4,10.10.10.109,10.10.10.68,1339,49716,N/A,N/A,N/A,N/A,,,1
1759293207,any,76,N/A,IPv4,TCP,N/A,v4,10.10.10.109,10.10.10.68,1339,49818,N/A,N/A,N/A,N/A,,,1
1759293207,any,205,N/A,IPv4,TCP,N/A,v4,10.10.10.68,10.10.10.109,49818,1339,N/A,N/A,N/A,N/A,,,1
1759293207,any,68,N/A,IPv4,TCP,N/A,v4,10.10.10.109,10.10.10.68,1339,49818,N/A,N/A,N/A,N/A,,,1
1759293207,any,215,N/A,IPv4,TCP,N/A,v4,10.10.10.109,10.10.10.68,1339,49722,N/A,N/A,N/A,N/A,,,1
1759293207,any,68,N/A,IPv4,TCP,N/A,v4,10.10.10.68,10.10.10.109,49722,1339,N/A,N/A,N/A,N/A,,,1
1759293207,any,76,N/A,IPv4,TCP,N/A,v4,10.10.10.109,10.10.10.68,1339,49826,N/A,N/A,N/A,N/A,,,1
1759293207,any,212,N/A,IPv4,TCP,N/A,v4,10.10.10.68,10.10.10.109,49826,1339,N/A,N/A,N/A,N/A,,,1
1759293207,any,68,N/A,IPv4,TCP,N/A,v4,10.10.10.109,10.10.10.68,1339,49826,N/A,N/A,N/A,N/A,,,1
1759293207,any,222,N/A,IPv4,TCP,N/A,v4,10.10.10.109,10.10.10.68,1339,49738,N/A,N/A,N/A,N/A,,,1
1759293207,any,215,N/A,IPv4,TCP,N/A,v4,10.10.10.109,10.10.10.68,1339,49742,N/A,N/A,N/A,N/A,,,1
1759293207,any,68,N/A,IPv4,TCP,N/A,v4,10.10.10.109,10.10.10.68,1339,49742,N/A,N/A,N/A,N/A,,,1
1759293207,any,68,N/A,IPv4,TCP,N/A,v4,10.10.10.68,10.10.10.109,49742,1339,N/A,N/A,N/A,N/A,,,1
1759293207,any,68,N/A,IPv4,TCP,N/A,v4,10.10.10.109,10.10.10.68,1339,49742,N/A,N/A,N/A,N/A,,,1
1759293207,any,76,N/A,IPv4,TCP,N/A,v4,10.10.10.68,10.10.10.109,49828,1339,N/A,N/A,N/A,N/A,,,1
1759293207,any,76,N/A,IPv4,TCP,N/A,v4,10.10.10.109,10.10.10.68,1339,49828,N/A,N/A,N/A,N/A,,,1
1759293207,any,212,N/A,IPv4,TCP,N/A,v4,10.10.10.68,10.10.10.109,49828,1339,N/A,N/A,N/A,N/A,,,1
1759293207,any,68,N/A,IPv4,TCP,N/A,v4,10.10.10.109,10.10.10.68,1339,49828,N/A,N/A,N/A,N/A,,,1
1759293207,any,223,N/A,IPv4,TCP,N/A,v4,10.10.10.109,10.10.10.68,1339,49750,N/A,N/A,N/A,N/A,,,1
1759293207,any,212,N/A,IPv4,TCP,N/A,v4,10.10.10.109,10.10.10.68,1339,49764,N/A,N/A,N/A,N/A,,,1
1759293207,any,68,N/A,IPv4,TCP,N/A,v4,10.10.10.109,10.10.10.68,1339,49764,N/A,N/A,N/A,N/A,,,1
1759293207,any,68,N/A,IPv4,TCP,N/A,v4,10.10.10.68,10.10.10.109,49764,1339,N/A,N/A,N/A,N/A,,,1
1759293207,eth1,210,Ethernet,IPv4,TCP,N/A,v4,10.10.10.68,10.10.10.109,49750,1339,N/A,N/A,N/A,N/A,,,1
1759293207,eth1,66,Ethernet,IPv4,TCP,N/A,v4,10.10.10.109,10.10.10.68,1339,49750,N/A,N/A,N/A,N/A,,,1
1759293207,eth1,74,Ethernet,IPv4,TCP,N/A,v4,10.10.10.68,10.10.10.109,49764,1339,N/A,N/A,N/A,N/A,,,1
1759293207,eth1,74,Ethernet,IPv4,TCP,N/A,v4,10.10.10.109,10.10.10.68,1339,49764,N/A,N/A,N/A,N/A,,,1
1759293207,eth1,66,Ethernet,IPv4,TCP,N/A,v4,10.10.10.68,10.10.10.109,49764,1339,N/A,N/A,N/A,N/A,,,1
1759293207,eth1,206,Ethernet,IPv4,TCP,N/A,v4,10.10.10.68,10.10.10.109,49764,1339,N/A,N/A,N/A,N/A,,,1
1759293207,eth1,66,Ethernet,IPv4,TCP,N/A,v4,10.10.10.109,10.10.10.68,1339,49764,N/A,N/A,N/A,N/A,,,1
1759293207,eth1,74,Ethernet,IPv4,TCP,N/A,v4,10.10.10.68,10.10.10.109,49768,1339,N/A,N/A,N/A,N/A,,,1
1759293207,eth1,74,Ethernet,IPv4,TCP,N/A,v4,10.10.10.68,10.10.10.109,49770,1339,N/A,N/A,N/A,N/A,,,1
1759293207,eth1,74,Ethernet,IPv4,TCP,N/A,v4,10.10.10.109,10.10.10.68,1339,49768,N/A,N/A,N/A,N/A,,,1
1759293207,eth1,66,Ethernet,IPv4,TCP,N/A,v4,10.10.10.68,10.10.10.109,49768,1339,N/A,N/A,N/A,N/A,,,1
1759293207,eth1,74,Ethernet,IPv4,TCP,N/A,v4,10.10.10.109,10.10.10.68,1339,49770,N/A,N/A,N/A,N/A,,,1
1759293207,eth1,66,Ethernet,IPv4,TCP,N/A,v4,10.10.10.68,10.10.10.109,49770,1339,N/A,N/A,N/A,N/A,,,1
1759293207,eth1,200,Ethernet,IPv4,TCP,N/A,v4,10.10.10.68,10.10.10.109,49768,1339,N/A,N/A,N/A,N/A,,,1
1759293207,eth1,198,Ethernet,IPv4,TCP,N/A,v4,10.10.10.68,10.10.10.109,49770,1339,N/A,N/A,N/A,N/A,,,1
1759293207,eth1,66,Ethernet,IPv4,TCP,N/A,v4,10.10.10.109,10.10.10.68,1339,49768,N/A,N/A,N/A,N/A,,,1
1759293207,eth1,74,Ethernet,IPv4,TCP,N/A,v4,10.10.10.68,10.10.10.109,49786,1339,N/A,N/A,N/A,N/A,,,1
1759293207,eth1,74,Ethernet,IPv4,TCP,N/A,v4,10.10.10.68,10.10.10.109,49796,1339,N/A,N/A,N/A,N/A,,,1
1759293207,eth1,212,Ethernet,IPv4,TCP,N/A,v4,10.10.10.109,10.10.10.68,1339,49708,N/A,N/A,N/A,N/A,,,1
1759293207,eth1,66,Ethernet,IPv4,TCP,N/A,v4,10.10.10.68,10.10.10.109,49708,1339,N/A,N/A,N/A,N/A,,,1
1759293207,eth1,66,Ethernet,IPv4,TCP,N/A,v4,10.10.10.109,10.10.10.68,1339,49708,N/A,N/A,N/A,N/A,,,1
1759293207,eth1,66,Ethernet,IPv4,TCP,N/A,v4,10.10.10.109,10.10.10.68,1339,49708,N/A,N/A,N/A,N/A,,,1
1759293207,eth1,206,Ethernet,IPv4,TCP,N/A,v4,10.10.10.109,10.10.10.68,1339,49716,N/A,N/A,N/A,N/A,,,1
1759293207,eth1,66,Ethernet,IPv4,TCP,N/A,v4,10.10.10.68,10.10.10.109,49716,1339,N/A,N/A,N/A,N/A,,,1
1759293207,eth1,66,Ethernet,IPv4,TCP,N/A,v4,10.10.10.109,10.10.10.68,1339,49716,N/A,N/A,N/A,N/A,,,1
1759293207,eth1,74,Ethernet,IPv4,TCP,N/A,v4,10.10.10.109,10.10.10.68,1339,49818,N/A,N/A,N/A,N/A,,,1
1759293207,eth1,66,Ethernet,IPv4,TCP,N/A,v4,10.10.10.68,10.10.10.109,49818,1339,N/A,N/A,N/A,N/A,,,1
1759293207,eth1,203,Ethernet,IPv4,TCP,N/A,v4,10.10.10.68,10.10.10.109,49818,1339,N/A,N/A,N/A,N/A,,,1
1759293207,eth1,66,Ethernet,IPv4,TCP,N/A,v4,10.10.10.109,10.10.10.68,1339,49818,N/A,N/A,N/A,N/A,,,1
1759293207,eth1,213,Ethernet,IPv4,TCP,N/A,v4,10.10.10.109,10.10.10.68,1339,49722,N/A,N/A,N/A,N/A,,,1
1759293207,eth1,66,Ethernet,IPv4,TCP,N/A,v4,10.10.10.68,10.10.10.109,49722,1339,N/A,N/A,N/A,N/A,,,1
1759293207,eth1,66,Ethernet,IPv4,TCP,N/A,v4,10.10.10.109,10.10.10.68,1339,49722,N/A,N/A,N/A,N/A,,,1
1759293207,eth1,66,Ethernet,IPv4,TCP,N/A,v4,10.10.10.68,10.10.10.109,49722,1339,N/A,N/A,N/A,N/A,,,1
1759293207,eth1,66,Ethernet,IPv4,TCP,N/A,v4,10.10.10.109,10.10.10.68,1339,49722,N/A,N/A,N/A,N/A,,,1
1759293207,eth1,74,Ethernet,IPv4,TCP,N/A,v4,10.10.10.68,10.10.10.109,49826,1339,N/A,N/A,N/A,N/A,,,1
1759293207,eth1,74,Ethernet,IPv4,TCP,N/A,v4,10.10.10.109,10.10.10.68,1339,49826,N/A,N/A,N/A,N/A,,,1
1759293207,eth1,66,Ethernet,IPv4,TCP,N/A,v4,10.10.10.68,10.10.10.109,49826,1339,N/A,N/A,N/A,N/A,,,1
1759293207,eth1,210,Ethernet,IPv4,TCP,N/A,v4,10.10.10.68,10.10.10.109,49826,1339,N/A,N/A,N/A,N/A,,,1
1759293207,eth1,66,Ethernet,IPv4,TCP,N/A,v4,10.10.10.109,10.10.10.68,1339,49826,N/A,N/A,N/A,N/A,,,1
1759293207,eth1,220,Ethernet,IPv4,TCP,N/A,v4,10.10.10.109,10.10.10.68,1339,49738,N/A,N/A,N/A,N/A,,,1
1759293207,eth1,66,Ethernet,IPv4,TCP,N/A,v4,10.10.10.68,10.10.10.109,49738,1339,N/A,N/A,N/A,N/A,,,1
1759293207,eth1,669,Ethernet,IPv4,TCP,N/A,v4,10.10.10.109,10.10.10.68,1339,49738,N/A,N/A,N/A,N/A,,,1
1759293207,eth1,213,Ethernet,IPv4,TCP,N/A,v4,10.10.10.109,10.10.10.68,1339,49742,N/A,N/A,N/A,N/A,,,1
1759293207,eth1,66,Ethernet,IPv4,TCP,N/A,v4,10.10.10.68,10.10.10.109,49742,1339,N/A,N/A,N/A,N/A,,,1
1759293207,eth1,66,Ethernet,IPv4,TCP,N/A,v4,10.10.10.109,10.10.10.68,1339,49742,N/A,N/A,N/A,N/A,,,1
1759293207,eth1,66,Ethernet,IPv4,TCP,N/A,v4,10.10.10.68,10.10.10.109,49742,1339,N/A,N/A,N/A,N/A,,,1
1759293207,eth1,66,Ethernet,IPv4,TCP,N/A,v4,10.10.10.109,10.10.10.68,1339,49742,N/A,N/A,N/A,N/A,,,1
1759293207,eth1,74,Ethernet,IPv4,TCP,N/A,v4,10.10.10.68,10.10.10.109,49828,1339,N/A,N/A,N/A,N/A,,,1
1759293207,eth1,74,Ethernet,IPv4,TCP,N/A,v4,10.10.10.109,10.10.10.68,1339,49828,N/A,N/A,N/A,N/A,,,1
1759293207,eth1,66,Ethernet,IPv4,TCP,N/A,v4,10.10.10.68,10.10.10.109,49828,1339,N/A,N/A,N/A,N/A,,,1
1759293207,any,68,N/A,IPv4,TCP,N/A,v4,10.10.10.109,10.10.10.68,1339,49764,N/A,N/A,N/A,N/A,,,1
1759293207,any,76,N/A,IPv4,TCP,N/A,v4,10.10.10.68,10.10.10.109,49842,1339,N/A,N/A,N/A,N/A,,,1
1759293207,any,76,N/A,IPv4,TCP,N/A,v4,10.10.10.109,10.10.10.68,1339,49842,N/A,N/A,N/A,N/A,,,1
1759293207,any,209,N/A,IPv4,TCP,N/A,v4,10.10.10.68,10.10.10.109,49842,1339,N/A,N/A,N/A,N/A,,,1
1759293207,any,68,N/A,IPv4,TCP,N/A,v4,10.10.10.109,10.10.10.68,1339,49842,N/A,N/A,N/A,N/A,,,1
1759293207,any,222,N/A,IPv4,TCP,N/A,v4,10.10.10.109,10.10.10.68,1339,49818,N/A,N/A,N/A,N/A,,,1
1759293207,any,76,N/A,IPv4,TCP,N/A,v4,10.10.10.68,10.10.10.109,49858,1339,N/A,N/A,N/A,N/A,,,1
1759293207,any,76,N/A,IPv4,TCP,N/A,v4,10.10.10.109,10.10.10.68,1339,49858,N/A,N/A,N/A,N/A,,,1
1759293207,any,216,N/A,IPv4,TCP,N/A,v4,10.10.10.68,10.10.10.109,49858,1339,N/A,N/A,N/A,N/A,,,1
1759293207,any,68,N/A,IPv4,TCP,N/A,v4,10.10.10.109,10.10.10.68,1339,49858,N/A,N/A,N/A,N/A,,,1
1759293207,any,269,N/A,IPv4,TCP,N/A,v4,10.10.10.109,10.10.10.68,1339,49768,N/A,N/A,N/A,N/A,,,1
1759293207,any,1661,N/A,IPv4,TCP,N/A,v4,10.10.10.109,10.10.10.68,1339,49768,N/A,N/A,N/A,N/A,,,1
1759293207,any,68,N/A,IPv4,TCP,N/A,v4,10.10.10.109,10.10.10.68,1339,49768,N/A,N/A,N/A,N/A,,,1
1759293207,any,222,N/A,IPv4,TCP,N/A,v4,10.10.10.109,10.10.10.68,1339,49826,N/A,N/A,N/A,N/A,,,1
1759293207,any,222,N/A,IPv4,TCP,N/A,v4,10.10.10.109,10.10.10.68,1339,49842,N/A,N/A,N/A,N/A,,,1
1759293207,any,76,N/A,IPv4,TCP,N/A,v4,10.10.10.68,10.10.10.109,49862,1339,N/A,N/A,N/A,N/A,,,1
1759293207,any,76,N/A,IPv4,TCP,N/A,v4,10.10.10.109,10.10.10.68,1339,49862,N/A,N/A,N/A,N/A,,,1
1759293207,any,220,N/A,IPv4,TCP,N/A,v4,10.10.10.68,10.10.10.109,49862,1339,N/A,N/A,N/A,N/A,,,1
1759293207,any,68,N/A,IPv4,TCP,N/A,v4,10.10.10.109,10.10.10.68,1339,49862,N/A,N/A,N/A,N/A,,,1
1759293207,any,217,N/A,IPv4,TCP,N/A,v4,10.10.10.68,10.10.10.109,49872,1339,N/A,N/A,N/A,N/A,,,1
1759293207,any,224,N/A,IPv4,TCP,N/A,v4,10.10.10.109,10.10.10.68,1339,49862,N/A,N/A,N/A,N/A,,,1
1759293207,any,68,N/A,IPv4,TCP,N/A,v4,10.10.10.68,10.10.10.109,49862,1339,N/A,N/A,N/A,N/A,,,1
1759293207,any,68,N/A,IPv4,TCP,N/A,v4,10.10.10.109,10.10.10.68,1339,49862,N/A,N/A,N/A,N/A,,,1
1759293207,any,76,N/A,IPv4,TCP,N/A,v4,10.10.10.68,10.10.10.109,49882,1339,N/A,N/A,N/A,N/A,,,1
1759293207,any,76,N/A,IPv4,TCP,N/A,v4,10.10.10.109,10.10.10.68,1339,49882,N/A,N/A,N/A,N/A,,,1
1759293207,any,221,N/A,IPv4,TCP,N/A,v4,10.10.10.68,10.10.10.109,49882,1339,N/A,N/A,N/A,N/A,,,1
1759293207,any,68,N/A,IPv4,TCP,N/A,v4,10.10.10.109,10.10.10.68,1339,49882,N/A,N/A,N/A,N/A,,,1
1759293207,any,222,N/A,IPv4,TCP,N/A,v4,10.10.10.109,10.10.10.68,1339,49882,N/A,N/A,N/A,N/A,,,1
1759293207,any,68,N/A,IPv4,TCP,N/A,v4,10.10.10.68,10.10.10.109,49882,1339,N/A,N/A,N/A,N/A,,,1
1759293207,any,68,N/A,IPv4,TCP,N/A,v4,10.10.10.68,10.10.10.109,49882,1339,N/A,N/A,N/A,N/A,,,1
1759293207,any,68,N/A,IPv4,TCP,N/A,v4,10.10.10.109,10.10.10.68,1339,49882,N/A,N/A,N/A,N/A,,,1
1759293207,eth1,210,Ethernet,IPv4,TCP,N/A,v4,10.10.10.68,10.10.10.109,49828,1339,N/A,N/A,N/A,N/A,,,1
1759293207,eth1,66,Ethernet,IPv4,TCP,N/A,v4,10.10.10.109,10.10.10.68,1339,49828,N/A,N/A,N/A,N/A,,,1
1759293207,eth1,221,Ethernet,IPv4,TCP,N/A,v4,10.10.10.109,10.10.10.68,1339,49750,N/A,N/A,N/A,N/A,,,1
1759293207,eth1,66,Ethernet,IPv4,TCP,N/A,v4,10.10.10.68,10.10.10.109,49750,1339,N/A,N/A,N/A,N/A,,,1
1759293207,eth1,1183,Ethernet,IPv4,TCP,N/A,v4,10.10.10.109,10.10.10.68,1339,49750,N/A,N/A,N/A,N/A,,,1
1759293207,eth1,210,Ethernet,IPv4,TCP,N/A,v4,10.10.10.109,10.10.10.68,1339,49764,N/A,N/A,N/A,N/A,,,1
1759293207,eth1,66,Ethernet,IPv4,TCP,N/A,v4,10.10.10.68,10.10.10.109,49764,1339,N/A,N/A,N/A,N/A,,,1
1759293207,eth1,66,Ethernet,IPv4,TCP,N/A,v4,10.10.10.109,10.10.10.68,1339,49764,N/A,N/A,N/A,N/A,,,1
1759293207,eth1,66,Ethernet,IPv4,TCP,N/A,v4,10.10.10.68,10.10.10.109,49764,1339,N/A,N/A,N/A,N/A,,,1
1759293207,eth1,66,Ethernet,IPv4,TCP,N/A,v4,10.10.10.109,10.10.10.68,1339,49764,N/A,N/A,N/A,N/A,,,1
1759293207,eth1,74,Ethernet,IPv4,TCP,N/A,v4,10.10.10.68,10.10.10.109,49842,1339,N/A,N/A,N/A,N/A,,,1
1759293207,eth1,74,Ethernet,IPv4,TCP,N/A,v4,10.10.10.109,10.10.10.68,1339,49842,N/A,N/A,N/A,N/A,,,1
1759293207,eth1,66,Ethernet,IPv4,TCP,N/A,v4,10.10.10.68,10.10.10.109,49842,1339,N/A,N/A,N/A,N/A,,,1
1759293207,eth1,207,Ethernet,IPv4,TCP,N/A,v4,10.10.10.68,10.10.10.109,49842,1339,N/A,N/A,N/A,N/A,,,1
1759293207,eth1,66,Ethernet,IPv4,TCP,N/A,v4,10.10.10.109,10.10.10.68,1339,49842,N/A,N/A,N/A,N/A,,,1
1759293207,eth1,220,Ethernet,IPv4,TCP,N/A,v4,10.10.10.109,10.10.10.68,1339,49818,N/A,N/A,N/A,N/A,,,1
1759293207,eth1,66,Ethernet,IPv4,TCP,N/A,v4,10.10.10.68,10.10.10.109,49818,1339,N/A,N/A,N/A,N/A,,,1
1759293207,eth1,497,Ethernet,IPv4,TCP,N/A,v4,10.10.10.109,10.10.10.68,1339,49818,N/A,N/A,N/A,N/A,,,1
1759293207,eth1,66,Ethernet,IPv4,TCP,N/A,v4,10.10.10.68,10.10.10.109,49818,1339,N/A,N/A,N/A,N/A,,,1
1759293207,eth1,66,Ethernet,IPv4,TCP,N/A,v4,10.10.10.109,10.10.10.68,1339,49818,N/A,N/A,N/A,N/A,,,1
1759293207,eth1,74,Ethernet,IPv4,TCP,N/A,v4,10.10.10.68,10.10.10.109,49858,1339,N/A,N/A,N/A,N/A,,,1
1759293207,eth1,74,Ethernet,IPv4,TCP,N/A,v4,10.10.10.109,10.10.10.68,1339,49858,N/A,N/A,N/A,N/A,,,1
1759293207,eth1,66,Ethernet,IPv4,TCP,N/A,v4,10.10.10.68,10.10.10.109,49858,1339,N/A,N/A,N/A,N/A,,,1
1759293207,eth1,214,Ethernet,IPv4,TCP,N/A,v4,10.10.10.68,10.10.10.109,49858,1339,N/A,N/A,N/A,N/A,,,1
1759293207,eth1,66,Ethernet,IPv4,TCP,N/A,v4,10.10.10.109,10.10.10.68,1339,49858,N/A,N/A,N/A,N/A,,,1
1759293207,eth1,267,Ethernet,IPv4,TCP,N/A,v4,10.10.10.109,10.10.10.68,1339,49768,N/A,N/A,N/A,N/A,,,1
1759293207,eth1,66,Ethernet,IPv4,TCP,N/A,v4,10.10.10.68,10.10.10.109,49768,1339,N/A,N/A,N/A,N/A,,,1
1759293207,eth1,1659,Ethernet,IPv4,TCP,N/A,v4,10.10.10.109,10.10.10.68,1339,49768,N/A,N/A,N/A,N/A,,,1
1759293207,eth1,66,Ethernet,IPv4,TCP,N/A,v4,10.10.10.68,10.10.10.109,49768,1339,N/A,N/A,N/A,N/A,,,1
1759293207,eth1,66,Ethernet,IPv4,TCP,N/A,v4,10.10.10.109,10.10.10.68,1339,49768,N/A,N/A,N/A,N/A,,,1
1759293207,eth1,66,Ethernet,IPv4,TCP,N/A,v4,10.10.10.68,10.10.10.109,49768,1339,N/A,N/A,N/A,N/A,,,1
1759293207,eth1,66,Ethernet,IPv4,TCP,N/A,v4,10.10.10.109,10.10.10.68,1339,49768,N/A,N/A,N/A,N/A,,,1
1759293207,eth1,220,Ethernet,IPv4,TCP,N/A,v4,10.10.10.109,10.10.10.68,1339,49826,N/A,N/A,N/A,N/A,,,1
1759293207,eth1,66,Ethernet,IPv4,TCP,N/A,v4,10.10.10.68,10.10.10.109,49826,1339,N/A,N/A,N/A,N/A,,,1
1759293207,eth1,553,Ethernet,IPv4,TCP,N/A,v4,10.10.10.109,10.10.10.68,1339,49826,N/A,N/A,N/A,N/A,,,1
1759293207,eth1,220,Ethernet,IPv4,TCP,N/A,v4,10.10.10.109,10.10.10.68,1339,49828,N/A,N/A,N/A,N/A,,,1
1759293207,eth1,66,Ethernet,IPv4,TCP,N/A,v4,10.10.10.68,10.10.10.109,49828,1339,N/A,N/A,N/A,N/A,,,1
1759293207,eth1,656,Ethernet,IPv4,TCP,N/A,v4,10.10.10.109,10.10.10.68,1339,49828,N/A,N/A,N/A,N/A,,,1
1759293207,eth1,66,Ethernet,IPv4,TCP,N/A,v4,10.10.10.68,10.10.10.109,49828,1339,N/A,N/A,N/A,N/A,,,1
1759293207,eth1,220,Ethernet,IPv4,TCP,N/A,v4,10.10.10.109,10.10.10.68,1339,49842,N/A,N/A,N/A,N/A,,,1
1759293207,eth1,66,Ethernet,IPv4,TCP,N/A,v4,10.10.10.68,10.10.10.109,49842,1339,N/A,N/A,N/A,N/A,,,1
1759293207,eth1,636,Ethernet,IPv4,TCP,N/A,v4,10.10.10.109,10.10.10.68,1339,49842,N/A,N/A,N/A,N/A,,,1
1759293207,eth1,74,Ethernet,IPv4,TCP,N/A,v4,10.10.10.68,10.10.10.109,49862,1339,N/A,N/A,N/A,N/A,,,1
1759293207,eth1,74,Ethernet,IPv4,TCP,N/A,v4,10.10.10.109,10.10.10.68,1339,49862,N/A,N/A,N/A,N/A,,,1
1759293207,eth1,66,Ethernet,IPv4,TCP,N/A,v4,10.10.10.68,10.10.10.109,49862,1339,N/A,N/A,N/A,N/A,,,1
1759293207,eth1,218,Ethernet,IPv4,TCP,N/A,v4,10.10.10.68,10.10.10.109,49862,1339,N/A,N/A,N/A,N/A,,,1
1759293207,eth1,66,Ethernet,IPv4,TCP,N/A,v4,10.10.10.109,10.10.10.68,1339,49862,N/A,N/A,N/A,N/A,,,1
1759293207,eth1,218,Ethernet,IPv4,TCP,N/A,v4,10.10.10.109,10.10.10.68,1339,49858,N/A,N/A,N/A,N/A,,,1
1759293207,eth1,66,Ethernet,IPv4,TCP,N/A,v4,10.10.10.68,10.10.10.109,49858,1339,N/A,N/A,N/A,N/A,,,1
1759293207,eth1,66,Ethernet,IPv4,TCP,N/A,v4,10.10.10.109,10.10.10.68,1339,49858,N/A,N/A,N/A,N/A,,,1
1759293207,eth1,66,Ethernet,IPv4,TCP,N/A,v4,10.10.10.68,10.10.10.109,49858,1339,N/A,N/A,N/A,N/A,,,1
1759293207,eth1,74,Ethernet,IPv4,TCP,N/A,v4,10.10.10.68,10.10.10.109,49872,1339,N/A,N/A,N/A,N/A,,,1
1759293207,eth1,215,Ethernet,IPv4,TCP,N/A,v4,10.10.10.68,10.10.10.109,49872,1339,N/A,N/A,N/A,N/A,,,1
1759293207,eth1,66,Ethernet,IPv4,TCP,N/A,v4,10.10.10.109,10.10.10.68,1339,49872,N/A,N/A,N/A,N/A,,,1
1759293207,eth1,222,Ethernet,IPv4,TCP,N/A,v4,10.10.10.109,10.10.10.68,1339,49862,N/A,N/A,N/A,N/A,,,1
1759293207,eth1,66,Ethernet,IPv4,TCP,N/A,v4,10.10.10.68,10.10.10.109,49862,1339,N/A,N/A,N/A,N/A,,,1
1759293207,eth1,66,Ethernet,IPv4,TCP,N/A,v4,10.10.10.109,10.10.10.68,1339,49862,N/A,N/A,N/A,N/A,,,1
1759293207,eth1,66,Ethernet,IPv4,TCP,N/A,v4,10.10.10.68,10.10.10.109,49862,1339,N/A,N/A,N/A,N/A,,,1
1759293207,eth1,66,Ethernet,IPv4,TCP,N/A,v4,10.10.10.109,10.10.10.68,1339,49862,N/A,N/A,N/A,N/A,,,1
1759293207,eth1,74,Ethernet,IPv4,TCP,N/A,v4,10.10.10.68,10.10.10.109,49882,1339,N/A,N/A,N/A,N/A,,,1
1759293207,eth1,74,Ethernet,IPv4,TCP,N/A,v4,10.10.10.109,10.10.10.68,1339,49882,N/A,N/A,N/A,N/A,,,1
1759293207,eth1,66,Ethernet,IPv4,TCP,N/A,v4,10.10.10.68,10.10.10.109,49882,1339,N/A,N/A,N/A,N/A,,,1
1759293207,eth1,219,Ethernet,IPv4,TCP,N/A,v4,10.10.10.68,10.10.10.109,49882,1339,N/A,N/A,N/A,N/A,,,1
1759293207,eth1,66,Ethernet,IPv4,TCP,N/A,v4,10.10.10.109,10.10.10.68,1339,49882,N/A,N/A,N/A,N/A,,,1
1759293207,eth1,220,Ethernet,IPv4,TCP,N/A,v4,10.10.10.109,10.10.10.68,1339,49872,N/A,N/A,N/A,N/A,,,1
1759293207,eth1,66,Ethernet,IPv4,TCP,N/A,v4,10.10.10.68,10.10.10.109,49872,1339,N/A,N/A,N/A,N/A,,,1
1759293207,eth1,496,Ethernet,IPv4,TCP,N/A,v4,10.10.10.109,10.10.10.68,1339,49872,N/A,N/A,N/A,N/A,,,1
1759293207,eth1,66,Ethernet,IPv4,TCP,N/A,v4,10.10.10.68,10.10.10.109,49872,1339,N/A,N/A,N/A,N/A,,,1
1759293207,eth1,66,Ethernet,IPv4,TCP,N/A,v4,10.10.10.109,10.10.10.68,1339,49872,N/A,N/A,N/A,N/A,,,1
1759293207,eth1,220,Ethernet,IPv4,TCP,N/A,v4,10.10.10.109,10.10.10.68,1339,49882,N/A,N/A,N/A,N/A,,,1
1759293207,eth1,66,Ethernet,IPv4,TCP,N/A,v4,10.10.10.68,10.10.10.109,49882,1339,N/A,N/A,N/A,N/A,,,1
1759293207,eth1,640,Ethernet,IPv4,TCP,N/A,v4,10.10.10.109,10.10.10.68,1339,49882,N/A,N/A,N/A,N/A,,,1
1759293207,eth1,66,Ethernet,IPv4,TCP,N/A,v4,10.10.10.68,10.10.10.109,49882,1339,N/A,N/A,N/A,N/A,,,1
1759293207,eth1,66,Ethernet,IPv4,TCP,N/A,v4,10.10.10.68,10.10.10.109,49882,1339,N/A,N/A,N/A,N/A,,,1
1759293207,eth1,66,Ethernet,IPv4,TCP,N/A,v4,10.10.10.109,10.10.10.68,1339,49882,N/A,N/A,N/A,N/A,,,1
1759293207,any,200,N/A,IPv4,TCP,N/A,v4,10.10.10.68,10.10.10.109,49770,1339,N/A,N/A,N/A,N/A,,,1
1759293207,any,68,N/A,IPv4,TCP,N/A,v4,10.10.10.109,10.10.10.68,1339,49770,N/A,N/A,N/A,N/A,,,1
1759293207,eth1,198,Ethernet,IPv4,TCP,N/A,v4,10.10.10.68,10.10.10.109,49770,1339,N/A,N/A,N/A,N/A,,,1
1759293207,eth1,66,Ethernet,IPv4,TCP,N/A,v4,10.10.10.109,10.10.10.68,1339,49770,N/A,N/A,N/A,N/A,,,1
1759293207,any,204,N/A,IPv4,TCP,N/A,v4,10.10.10.109,10.10.10.68,1339,49770,N/A,N/A,N/A,N/A,,,1
1759293207,any,76,N/A,IPv4,TCP,N/A,v4,10.10.10.109,10.10.10.68,1339,49894,N/A,N/A,N/A,N/A,,,1
1759293207,eth1,202,Ethernet,IPv4,TCP,N/A,v4,10.10.10.109,10.10.10.68,1339,49770,N/A,N/A,N/A,N/A,,,1
1759293207,eth1,66,Ethernet,IPv4,TCP,N/A,v4,10.10.10.109,10.10.10.68,1339,49770,N/A,N/A,N/A,N/A,,,1
1759293207,eth1,66,Ethernet,IPv4,TCP,N/A,v4,10.10.10.68,10.10.10.109,49770,1339,N/A,N/A,N/A,N/A,,,1
1759293207,eth1,74,Ethernet,IPv4,TCP,N/A,v4,10.10.10.109,10.10.10.68,1339,49894,N/A,N/A,N/A,N/A,,,1
1759293207,eth1,66,Ethernet,IPv4,TCP,N/A,v4,10.10.10.68,10.10.10.109,49894,1339,N/A,N/A,N/A,N/A,,,1
1759293207,eth1,199,Ethernet,IPv4,TCP,N/A,v4,10.10.10.68,10.10.10.109,49894,1339,N/A,N/A,N/A,N/A,,,1
1759293207,eth1,66,Ethernet,IPv4,TCP,N/A,v4,10.10.10.109,10.10.10.68,1339,49894,N/A,N/A,N/A,N/A,,,1
1759293207,any,222,N/A,IPv4,TCP,N/A,v4,10.10.10.109,10.10.10.68,1339,49894,N/A,N/A,N/A,N/A,,,1
1759293207,eth1,220,Ethernet,IPv4,TCP,N/A,v4,10.10.10.109,10.10.10.68,1339,49894,N/A,N/A,N/A,N/A,,,1
1759293207,eth1,953,Ethernet,IPv4,TCP,N/A,v4,10.10.10.109,10.10.10.68,1339,49894,N/A,N/A,N/A,N/A,,,1
1759293207,eth1,66,Ethernet,IPv4,TCP,N/A,v4,10.10.10.68,10.10.10.109,49894,1339,N/A,N/A,N/A,N/A,,,1
1759293207,eth1,66,Ethernet,IPv4,TCP,N/A,v4,10.10.10.68,10.10.10.109,49894,1339,N/A,N/A,N/A,N/A,,,1
1759293207,eth1,66,Ethernet,IPv4,TCP,N/A,v4,10.10.10.68,10.10.10.109,49894,1339,N/A,N/A,N/A,N/A,,,1
1759293207,eth1,66,Ethernet,IPv4,TCP,N/A,v4,10.10.10.109,10.10.10.68,1339,49894,N/A,N/A,N/A,N/A,,,1
1759293207,eth1,74,Ethernet,IPv4,TCP,N/A,v4,10.10.10.68,10.10.10.109,49896,1339,N/A,N/A,N/A,N/A,,,1
1759293207,eth1,74,Ethernet,IPv4,TCP,N/A,v4,10.10.10.109,10.10.10.68,1339,49896,N/A,N/A,N/A,N/A,,,1
1759293207,eth1,66,Ethernet,IPv4,TCP,N/A,v4,10.10.10.68,10.10.10.109,49896,1339,N/A,N/A,N/A,N/A,,,1
1759293207,eth1,210,Ethernet,IPv4,TCP,N/A,v4,10.10.10.68,10.10.10.109,49896,1339,N/A,N/A,N/A,N/A,,,1
1759293207,eth1,66,Ethernet,IPv4,TCP,N/A,v4,10.10.10.109,10.10.10.68,1339,49896,N/A,N/A,N/A,N/A,,,1
1759293207,eth1,214,Ethernet,IPv4,TCP,N/A,v4,10.10.10.109,10.10.10.68,1339,49896,N/A,N/A,N/A,N/A,,,1
1759293207,eth1,66,Ethernet,IPv4,TCP,N/A,v4,10.10.10.109,10.10.10.68,1339,49896,N/A,N/A,N/A,N/A,,,1
1759293207,eth1,66,Ethernet,IPv4,TCP,N/A,v4,10.10.10.68,10.10.10.109,49896,1339,N/A,N/A,N/A,N/A,,,1
1759293207,any,76,N/A,IPv4,TCP,N/A,v4,10.10.10.68,10.10.10.109,49896,1339,N/A,N/A,N/A,N/A,,,1
1759293207,any,76,N/A,IPv4,TCP,N/A,v4,10.10.10.109,10.10.10.68,1339,49896,N/A,N/A,N/A,N/A,,,1
1759293207,any,212,N/A,IPv4,TCP,N/A,v4,10.10.10.68,10.10.10.109,49896,1339,N/A,N/A,N/A,N/A,,,1
1759293207,any,68,N/A,IPv4,TCP,N/A,v4,10.10.10.109,10.10.10.68,1339,49896,N/A,N/A,N/A,N/A,,,1
1759293207,any,216,N/A,IPv4,TCP,N/A,v4,10.10.10.109,10.10.10.68,1339,49896,N/A,N/A,N/A,N/A,,,1
1759293207,eth1,66,Ethernet,IPv4,TCP,N/A,v4,10.10.10.68,10.10.10.109,49896,1339,N/A,N/A,N/A,N/A,,,1
1759293207,any,68,N/A,IPv4,TCP,N/A,v4,10.10.10.68,10.10.10.109,49896,1339,N/A,N/A,N/A,N/A,,,1
1759293207,eth1,66,Ethernet,IPv4,TCP,N/A,v4,10.10.10.109,10.10.10.68,1339,49896,N/A,N/A,N/A,N/A,,,1
1759293207,any,68,N/A,IPv4,TCP,N/A,v4,10.10.10.109,10.10.10.68,1339,49896,N/A,N/A,N/A,N/A,,,1
1759293207,any,76,N/A,IPv4,TCP,N/A,v4,10.10.10.68,10.10.10.109,49904,1339,N/A,N/A,N/A,N/A,,,1
1759293207,any,76,N/A,IPv4,TCP,N/A,v4,10.10.10.109,10.10.10.68,1339,49904,N/A,N/A,N/A,N/A,,,1
1759293207,any,213,N/A,IPv4,TCP,N/A,v4,10.10.10.68,10.10.10.109,49904,1339,N/A,N/A,N/A,N/A,,,1
1759293207,any,68,N/A,IPv4,TCP,N/A,v4,10.10.10.109,10.10.10.68,1339,49904,N/A,N/A,N/A,N/A,,,1
1759293207,eth1,74,Ethernet,IPv4,TCP,N/A,v4,10.10.10.68,10.10.10.109,49904,1339,N/A,N/A,N/A,N/A,,,1
1759293207,eth1,74,Ethernet,IPv4,TCP,N/A,v4,10.10.10.109,10.10.10.68,1339,49904,N/A,N/A,N/A,N/A,,,1
1759293207,eth1,66,Ethernet,IPv4,TCP,N/A,v4,10.10.10.68,10.10.10.109,49904,1339,N/A,N/A,N/A,N/A,,,1
1759293207,eth0,107,Ethernet,N/A,N/A,N/A,N/A,N/A,N/A,N/A,N/A,N/A,N/A,N/A,N/A,,,0
1759293207,any,109,N/A,N/A,N/A,N/A,N/A,N/A,N/A,N/A,N/A,N/A,N/A,N/A,N/A,,,0
1759293207,eth1,211,Ethernet,IPv4,TCP,N/A,v4,10.10.10.68,10.10.10.109,49904,1339,N/A,N/A,N/A,N/A,,,1
1759293207,eth1,66,Ethernet,IPv4,TCP,N/A,v4,10.10.10.109,10.10.10.68,1339,49904,N/A,N/A,N/A,N/A,,,1
1759293207,eth1,221,Ethernet,IPv4,TCP,N/A,v4,10.10.10.109,10.10.10.68,1339,49904,N/A,N/A,N/A,N/A,,,1
1759293207,eth1,1144,Ethernet,IPv4,TCP,N/A,v4,10.10.10.109,10.10.10.68,1339,49904,N/A,N/A,N/A,N/A,,,1
1759293207,eth1,66,Ethernet,IPv4,TCP,N/A,v4,10.10.10.68,10.10.10.109,49904,1339,N/A,N/A,N/A,N/A,,,1
1759293207,eth1,66,Ethernet,IPv4,TCP,N/A,v4,10.10.10.68,10.10.10.109,49904,1339,N/A,N/A,N/A,N/A,,,1
1759293207,eth1,66,Ethernet,IPv4,TCP,N/A,v4,10.10.10.68,10.10.10.109,49904,1339,N/A,N/A,N/A,N/A,,,1
1759293207,eth1,66,Ethernet,IPv4,TCP,N/A,v4,10.10.10.109,10.10.10.68,1339,49904,N/A,N/A,N/A,N/A,,,1
1759293207,any,223,N/A,IPv4,TCP,N/A,v4,10.10.10.109,10.10.10.68,1339,49904,N/A,N/A,N/A,N/A,,,1
1759293207,any,68,N/A,IPv4,TCP,N/A,v4,10.10.10.68,10.10.10.109,49904,1339,N/A,N/A,N/A,N/A,,,1
1759293207,any,68,N/A,IPv4,TCP,N/A,v4,10.10.10.68,10.10.10.109,49904,1339,N/A,N/A,N/A,N/A,,,1
1759293207,any,68,N/A,IPv4,TCP,N/A,v4,10.10.10.109,10.10.10.68,1339,49904,N/A,N/A,N/A,N/A,,,1
1759293208,any,72,N/A,IPv6,ICMP,N/A,v6,fe80::a824:52ff:fe4f:69,ff02::204,N/A,N/A,N/A,N/A,N/A,N/A,,,0
1759293208,eth1,70,Ethernet,IPv6,ICMP,N/A,v6,fe80::a824:52ff:fe4f:69,ff02::204,N/A,N/A,N/A,N/A,N/A,N/A,,,0
1759293208,eth0,107,Ethernet,N/A,N/A,N/A,N/A,N/A,N/A,N/A,N/A,N/A,N/A,N/A,N/A,,,0
1759293208,eth0,70,Ethernet,IPv6,ICMP,N/A,v6,fe80::5ca9:83ff:fe87:27,ff02::204,N/A,N/A,N/A,N/A,N/A,N/A,,,0
1759293208,any,109,N/A,N/A,N/A,N/A,N/A,N/A,N/A,N/A,N/A,N/A,N/A,N/A,N/A,,,0
1759293208,eth0,90,Ethernet,IPv6,ICMP,N/A,v6,fe80::5ca9:83ff:fe87:27,ff02::179,N/A,N/A,N/A,N/A,N/A,N/A,,,0
1759293208,eth0,54,Ethernet,IPv4,N/A,N/A,v4,172.30.0.220,224.0.0.22,N/A,N/A,N/A,N/A,N/A,N/A,,,0
1759293208,any,92,N/A,IPv6,ICMP,N/A,v6,fe80::5ca9:83ff:fe87:27,ff02::179,N/A,N/A,N/A,N/A,N/A,N/A,,,0
1759293208,eth0,90,Ethernet,IPv6,ICMP,N/A,v6,fe80::5ca9:83ff:fe87:27,ff02::179,N/A,N/A,N/A,N/A,N/A,N/A,,,0
1759293208,any,92,N/A,IPv6,ICMP,N/A,v6,fe80::5ca9:83ff:fe87:27,ff02::179,N/A,N/A,N/A,N/A,N/A,N/A,,,0
1759293208,eth0,87,Ethernet,IPv6,UDP,N/A,v6,fe80::5ca9:83ff:fe87:27,ff02::1:52,5355,5355,N/A,N/A,N/A,N/A,,,0
1759293208,eth0,67,Ethernet,IPv4,UDP,N/A,v4,172.30.0.220,224.0.0.252,5355,5355,N/A,N/A,N/A,N/A,,,0
1759293208,any,89,N/A,IPv6,UDP,N/A,v6,fe80::5ca9:83ff:fe87:27,ff02::1:52,5355,5355,N/A,N/A,N/A,N/A,,,0
1759293208,eth0,356,Ethernet,IPv4,UDP,N/A,v4,0.0.0.0,255.255.255.255,68,67,N/A,N/A,N/A,N/A,,,0
1759293208,any,358,N/A,IPv4,UDP,N/A,v4,0.0.0.0,255.255.255.255,68,67,N/A,N/A,N/A,N/A,,,0
1759293208,eth0,368,Ethernet,IPv4,UDP,N/A,v4,0.0.0.0,255.255.255.255,68,67,N/A,N/A,N/A,N/A,,,0
1759293208,any,370,N/A,IPv4,UDP,N/A,v4,0.0.0.0,255.255.255.255,68,67,N/A,N/A,N/A,N/A,,,0
1759293208,eth1,110,Ethernet,IPv6,ICMP,N/A,v6,fe80::a824:52ff:fe4f:69,ff02::179,N/A,N/A,N/A,N/A,N/A,N/A,,,0
1759293208,any,112,N/A,IPv6,ICMP,N/A,v6,fe80::a824:52ff:fe4f:69,ff02::179,N/A,N/A,N/A,N/A,N/A,N/A,,,0
1759293208,eth0,54,Ethernet,IPv4,N/A,N/A,v4,172.30.0.220,224.0.0.22,N/A,N/A,N/A,N/A,N/A,N/A,,,0
1759293208,any,56,N/A,IPv4,N/A,N/A,v4,172.30.0.220,224.0.0.22,N/A,N/A,N/A,N/A,N/A,N/A,,,0
1759293208,eth0,110,Ethernet,IPv6,ICMP,N/A,v6,fe80::5ca9:83ff:fe87:27,ff02::179,N/A,N/A,N/A,N/A,N/A,N/A,,,0
1759293208,any,112,N/A,IPv6,ICMP,N/A,v6,fe80::5ca9:83ff:fe87:27,ff02::179,N/A,N/A,N/A,N/A,N/A,N/A,,,0
1759293208,eth0,42,Ethernet,N/A,N/A,N/A,N/A,N/A,N/A,N/A,N/A,N/A,N/A,N/A,N/A,,,0
1759293208,eth0,56,Ethernet,N/A,N/A,N/A,N/A,N/A,N/A,N/A,N/A,N/A,N/A,N/A,N/A,,,0
1759293208,eth0,56,Ethernet,N/A,N/A,N/A,N/A,N/A,N/A,N/A,N/A,N/A,N/A,N/A,N/A,,,0
1759293208,eth1,70,Ethernet,IPv6,ICMP,N/A,v6,fe80::7827:e3ff:fe68:239,ff02::204,N/A,N/A,N/A,N/A,N/A,N/A,,,1
1759293208,any,72,N/A,IPv6,ICMP,N/A,v6,fe80::24f1:23ff:fe29:66,ff02::204,N/A,N/A,N/A,N/A,N/A,N/A,,,1
1759293208,any,72,N/A,IPv6,ICMP,N/A,v6,fe80::7827:e3ff:fe68:239,ff02::204,N/A,N/A,N/A,N/A,N/A,N/A,,,1
1759293208,eth0,70,Ethernet,IPv6,ICMP,N/A,v6,fe80::24f1:23ff:fe29:66,ff02::204,N/A,N/A,N/A,N/A,N/A,N/A,,,1
1759293208,any,44,ARP,N/A,N/A,N/A,N/A,N/A,N/A,N/A,N/A,1,2048,172.30.0.23,172.30.0.122,,,1
1759293208,eth0,42,Ethernet,N/A,N/A,N/A,N/A,N/A,N/A,N/A,N/A,N/A,N/A,N/A,N/A,,,1
1759293208,any,72,N/A,IPv6,ICMP,N/A,v6,fe80::b0b5:44ff:feea:219,ff02::204,N/A,N/A,N/A,N/A,N/A,N/A,,,1
1759293208,eth1,70,Ethernet,IPv6,ICMP,N/A,v6,fe80::780a:a9ff:fee6:89,ff02::204,N/A,N/A,N/A,N/A,N/A,N/A,,,1
1759293208,eth0,70,Ethernet,IPv6,ICMP,N/A,v6,fe80::b0b5:44ff:feea:219,ff02::204,N/A,N/A,N/A,N/A,N/A,N/A,,,1
1759293208,any,56,N/A,IPv4,N/A,N/A,v4,172.30.0.23,224.0.0.22,N/A,N/A,N/A,N/A,N/A,N/A,,,1
1759293208,eth0,54,Ethernet,IPv4,N/A,N/A,v4,172.30.0.23,224.0.0.22,N/A,N/A,N/A,N/A,N/A,N/A,,,1
1759293208,any,112,N/A,IPv6,ICMP,N/A,v6,fe80::7827:e3ff:fe68:239,ff02::179,N/A,N/A,N/A,N/A,N/A,N/A,,,1
1759293208,eth1,110,Ethernet,IPv6,ICMP,N/A,v6,fe80::7827:e3ff:fe68:239,ff02::179,N/A,N/A,N/A,N/A,N/A,N/A,,,1
1759293208,eth0,111,Ethernet,N/A,N/A,N/A,N/A,N/A,N/A,N/A,N/A,N/A,N/A,N/A,N/A,,,1
1759293208,eth0,70,Ethernet,IPv6,ICMP,N/A,v6,fe80::e48e:99ff:fe5f:147,ff02::204,N/A,N/A,N/A,N/A,N/A,N/A,,,1
1759293208,any,113,N/A,N/A,N/A,N/A,N/A,N/A,N/A,N/A,N/A,N/A,N/A,N/A,N/A,,,1
1759293208,eth0,110,Ethernet,IPv6,ICMP,N/A,v6,fe80::24f1:23ff:fe29:66,ff02::179,N/A,N/A,N/A,N/A,N/A,N/A,,,1
1759293208,any,112,N/A,IPv6,ICMP,N/A,v6,fe80::24f1:23ff:fe29:66,ff02::179,N/A,N/A,N/A,N/A,N/A,N/A,,,1
1759293208,any,76,N/A,IPv4,TCP,N/A,v4,10.10.10.68,10.10.10.109,49602,1339,N/A,N/A,N/A,N/A,,,1
1759293208,any,76,N/A,IPv4,TCP,N/A,v4,10.10.10.109,10.10.10.68,1339,49602,N/A,N/A,N/A,N/A,,,1
1759293208,eth1,74,Ethernet,IPv4,TCP,N/A,v4,10.10.10.68,10.10.10.109,49602,1339,N/A,N/A,N/A,N/A,,,1
1759293208,eth1,74,Ethernet,IPv4,TCP,N/A,v4,10.10.10.68,10.10.10.109,49588,1339,N/A,N/A,N/A,N/A,,,1
1759293208,eth1,74,Ethernet,IPv4,TCP,N/A,v4,10.10.10.68,10.10.10.109,49572,1339,N/A,N/A,N/A,N/A,,,1
1759293208,eth1,74,Ethernet,IPv4,TCP,N/A,v4,10.10.10.109,10.10.10.68,1339,49602,N/A,N/A,N/A,N/A,,,1
1759293208,eth1,74,Ethernet,IPv4,TCP,N/A,v4,10.10.10.109,10.10.10.68,1339,49588,N/A,N/A,N/A,N/A,,,1
1759293208,eth1,74,Ethernet,IPv4,TCP,N/A,v4,10.10.10.109,10.10.10.68,1339,49572,N/A,N/A,N/A,N/A,,,1
1759293208,eth1,74,Ethernet,IPv4,TCP,N/A,v4,10.10.10.109,10.10.10.68,1339,49536,N/A,N/A,N/A,N/A,,,1
1759293208,eth1,74,Ethernet,IPv4,TCP,N/A,v4,10.10.10.109,10.10.10.68,1339,49508,N/A,N/A,N/A,N/A,,,1
1759293208,eth1,74,Ethernet,IPv4,TCP,N/A,v4,10.10.10.109,10.10.10.68,1339,49504,N/A,N/A,N/A,N/A,,,1
1759293208,any,76,N/A,IPv4,TCP,N/A,v4,10.10.10.109,10.10.10.68,1339,49536,N/A,N/A,N/A,N/A,,,1
1759293208,any,68,N/A,IPv4,TCP,N/A,v4,10.10.10.109,10.10.10.68,1339,49536,N/A,N/A,N/A,N/A,,,1
1759293208,eth1,66,Ethernet,IPv4,TCP,N/A,v4,10.10.10.109,10.10.10.68,1339,49536,N/A,N/A,N/A,N/A,,,1
1759293208,eth1,66,Ethernet,IPv4,TCP,N/A,v4,10.10.10.109,10.10.10.68,1339,49508,N/A,N/A,N/A,N/A,,,1
1759293208,eth1,205,Ethernet,IPv4,TCP,N/A,v4,10.10.10.109,10.10.10.68,1339,49602,N/A,N/A,N/A,N/A,,,1
1759293208,eth1,66,Ethernet,IPv4,TCP,N/A,v4,10.10.10.68,10.10.10.109,49602,1339,N/A,N/A,N/A,N/A,,,1
1759293208,eth1,66,Ethernet,IPv4,TCP,N/A,v4,10.10.10.109,10.10.10.68,1339,49602,N/A,N/A,N/A,N/A,,,1
1759293208,eth1,66,Ethernet,IPv4,TCP,N/A,v4,10.10.10.68,10.10.10.109,49602,1339,N/A,N/A,N/A,N/A,,,1
1759293208,eth1,66,Ethernet,IPv4,TCP,N/A,v4,10.10.10.109,10.10.10.68,1339,49602,N/A,N/A,N/A,N/A,,,1
1759293208,eth1,74,Ethernet,IPv4,TCP,N/A,v4,10.10.10.68,10.10.10.109,49912,1339,N/A,N/A,N/A,N/A,,,1
1759293208,eth1,74,Ethernet,IPv4,TCP,N/A,v4,10.10.10.109,10.10.10.68,1339,49912,N/A,N/A,N/A,N/A,,,1
1759293208,eth1,66,Ethernet,IPv4,TCP,N/A,v4,10.10.10.68,10.10.10.109,49912,1339,N/A,N/A,N/A,N/A,,,1
1759293208,eth1,202,Ethernet,IPv4,TCP,N/A,v4,10.10.10.68,10.10.10.109,49912,1339,N/A,N/A,N/A,N/A,,,1
1759293208,eth1,66,Ethernet,IPv4,TCP,N/A,v4,10.10.10.109,10.10.10.68,1339,49912,N/A,N/A,N/A,N/A,,,1
1759293208,eth1,203,Ethernet,IPv4,TCP,N/A,v4,10.10.10.109,10.10.10.68,1339,49588,N/A,N/A,N/A,N/A,,,1
1759293208,eth1,66,Ethernet,IPv4,TCP,N/A,v4,10.10.10.109,10.10.10.68,1339,49588,N/A,N/A,N/A,N/A,,,1
1759293208,eth1,66,Ethernet,IPv4,TCP,N/A,v4,10.10.10.68,10.10.10.109,49588,1339,N/A,N/A,N/A,N/A,,,1
1759293208,eth1,66,Ethernet,IPv4,TCP,N/A,v4,10.10.10.109,10.10.10.68,1339,49588,N/A,N/A,N/A,N/A,,,1
1759293208,eth1,74,Ethernet,IPv4,TCP,N/A,v4,10.10.10.109,10.10.10.68,1339,49920,N/A,N/A,N/A,N/A,,,1
1759293208,eth1,66,Ethernet,IPv4,TCP,N/A,v4,10.10.10.68,10.10.10.109,49920,1339,N/A,N/A,N/A,N/A,,,1
1759293208,eth1,200,Ethernet,IPv4,TCP,N/A,v4,10.10.10.68,10.10.10.109,49920,1339,N/A,N/A,N/A,N/A,,,1
1759293208,eth1,66,Ethernet,IPv4,TCP,N/A,v4,10.10.10.109,10.10.10.68,1339,49920,N/A,N/A,N/A,N/A,,,1
1759293208,eth1,211,Ethernet,IPv4,TCP,N/A,v4,10.10.10.109,10.10.10.68,1339,49572,N/A,N/A,N/A,N/A,,,1
1759293208,eth1,66,Ethernet,IPv4,TCP,N/A,v4,10.10.10.68,10.10.10.109,49572,1339,N/A,N/A,N/A,N/A,,,1
1759293208,eth1,66,Ethernet,IPv4,TCP,N/A,v4,10.10.10.109,10.10.10.68,1339,49572,N/A,N/A,N/A,N/A,,,1
1759293208,eth1,74,Ethernet,IPv4,TCP,N/A,v4,10.10.10.109,10.10.10.68,1339,49930,N/A,N/A,N/A,N/A,,,1
1759293208,eth1,66,Ethernet,IPv4,TCP,N/A,v4,10.10.10.68,10.10.10.109,49930,1339,N/A,N/A,N/A,N/A,,,1
1759293208,eth1,208,Ethernet,IPv4,TCP,N/A,v4,10.10.10.68,10.10.10.109,49930,1339,N/A,N/A,N/A,N/A,,,1
1759293208,eth1,66,Ethernet,IPv4,TCP,N/A,v4,10.10.10.109,10.10.10.68,1339,49930,N/A,N/A,N/A,N/A,,,1
1759293208,any,207,N/A,IPv4,TCP,N/A,v4,10.10.10.109,10.10.10.68,1339,49602,N/A,N/A,N/A,N/A,,,1
1759293208,any,68,N/A,IPv4,TCP,N/A,v4,10.10.10.109,10.10.10.68,1339,49602,N/A,N/A,N/A,N/A,,,1
1759293208,any,68,N/A,IPv4,TCP,N/A,v4,10.10.10.68,10.10.10.109,49602,1339,N/A,N/A,N/A,N/A,,,1
1759293208,any,76,N/A,IPv4,TCP,N/A,v4,10.10.10.109,10.10.10.68,1339,49912,N/A,N/A,N/A,N/A,,,1
1759293208,any,204,N/A,IPv4,TCP,N/A,v4,10.10.10.68,10.10.10.109,49912,1339,N/A,N/A,N/A,N/A,,,1
1759293208,any,68,N/A,IPv4,TCP,N/A,v4,10.10.10.109,10.10.10.68,1339,49912,N/A,N/A,N/A,N/A,,,1
1759293208,any,205,N/A,IPv4,TCP,N/A,v4,10.10.10.109,10.10.10.68,1339,49588,N/A,N/A,N/A,N/A,,,1
1759293208,any,76,N/A,IPv4,TCP,N/A,v4,10.10.10.109,10.10.10.68,1339,49920,N/A,N/A,N/A,N/A,,,1
1759293208,any,202,N/A,IPv4,TCP,N/A,v4,10.10.10.68,10.10.10.109,49920,1339,N/A,N/A,N/A,N/A,,,1
1759293208,any,68,N/A,IPv4,TCP,N/A,v4,10.10.10.109,10.10.10.68,1339,49920,N/A,N/A,N/A,N/A,,,1
1759293208,any,213,N/A,IPv4,TCP,N/A,v4,10.10.10.109,10.10.10.68,1339,49572,N/A,N/A,N/A,N/A,,,1
1759293208,any,210,N/A,IPv4,TCP,N/A,v4,10.10.10.68,10.10.10.109,49930,1339,N/A,N/A,N/A,N/A,,,1
1759293208,any,68,N/A,IPv4,TCP,N/A,v4,10.10.10.109,10.10.10.68,1339,49930,N/A,N/A,N/A,N/A,,,1
1759293208,any,209,N/A,IPv4,TCP,N/A,v4,10.10.10.109,10.10.10.68,1339,49564,N/A,N/A,N/A,N/A,,,1
1759293208,any,76,N/A,IPv4,TCP,N/A,v4,10.10.10.109,10.10.10.68,1339,49942,N/A,N/A,N/A,N/A,,,1
1759293208,any,206,N/A,IPv4,TCP,N/A,v4,10.10.10.68,10.10.10.109,49942,1339,N/A,N/A,N/A,N/A,,,1
1759293208,any,68,N/A,IPv4,TCP,N/A,v4,10.10.10.109,10.10.10.68,1339,49942,N/A,N/A,N/A,N/A,,,1
1759293208,any,202,N/A,IPv4,TCP,N/A,v4,10.10.10.109,10.10.10.68,1339,49538,N/A,N/A,N/A,N/A,,,1
1759293208,any,76,N/A,IPv4,TCP,N/A,v4,10.10.10.109,10.10.10.68,1339,49948,N/A,N/A,N/A,N/A,,,1
1759293208,any,199,N/A,IPv4,TCP,N/A,v4,10.10.10.68,10.10.10.109,49948,1339,N/A,N/A,N/A,N/A,,,1
1759293208,any,68,N/A,IPv4,TCP,N/A,v4,10.10.10.109,10.10.10.68,1339,49948,N/A,N/A,N/A,N/A,,,1
1759293208,eth1,207,Ethernet,IPv4,TCP,N/A,v4,10.10.10.109,10.10.10.68,1339,49564,N/A,N/A,N/A,N/A,,,1
1759293208,eth1,66,Ethernet,IPv4,TCP,N/A,v4,10.10.10.68,10.10.10.109,49564,1339,N/A,N/A,N/A,N/A,,,1
1759293208,eth1,66,Ethernet,IPv4,TCP,N/A,v4,10.10.10.109,10.10.10.68,1339,49564,N/A,N/A,N/A,N/A,,,1
1759293208,eth1,74,Ethernet,IPv4,TCP,N/A,v4,10.10.10.109,10.10.10.68,1339,49942,N/A,N/A,N/A,N/A,,,1
1759293208,eth1,66,Ethernet,IPv4,TCP,N/A,v4,10.10.10.68,10.10.10.109,49942,1339,N/A,N/A,N/A,N/A,,,1
1759293208,eth1,204,Ethernet,IPv4,TCP,N/A,v4,10.10.10.68,10.10.10.109,49942,1339,N/A,N/A,N/A,N/A,,,1
1759293208,eth1,66,Ethernet,IPv4,TCP,N/A,v4,10.10.10.109,10.10.10.68,1339,49942,N/A,N/A,N/A,N/A,,,1
1759293208,eth1,200,Ethernet,IPv4,TCP,N/A,v4,10.10.10.109,10.10.10.68,1339,49538,N/A,N/A,N/A,N/A,,,1
1759293208,eth1,66,Ethernet,IPv4,TCP,N/A,v4,10.10.10.109,10.10.10.68,1339,49538,N/A,N/A,N/A,N/A,,,1
1759293208,eth1,66,Ethernet,IPv4,TCP,N/A,v4,10.10.10.68,10.10.10.109,49538,1339,N/A,N/A,N/A,N/A,,,1
1759293208,eth1,74,Ethernet,IPv4,TCP,N/A,v4,10.10.10.109,10.10.10.68,1339,49948,N/A,N/A,N/A,N/A,,,1
1759293208,eth1,66,Ethernet,IPv4,TCP,N/A,v4,10.10.10.68,10.10.10.109,49948,1339,N/A,N/A,N/A,N/A,,,1
1759293208,eth1,197,Ethernet,IPv4,TCP,N/A,v4,10.10.10.68,10.10.10.109,49948,1339,N/A,N/A,N/A,N/A,,,1
1759293208,eth1,66,Ethernet,IPv4,TCP,N/A,v4,10.10.10.109,10.10.10.68,1339,49948,N/A,N/A,N/A,N/A,,,1
1759293208,eth1,199,Ethernet,IPv4,TCP,N/A,v4,10.10.10.109,10.10.10.68,1339,49536,N/A,N/A,N/A,N/A,,,1
1759293208,eth1,66,Ethernet,IPv4,TCP,N/A,v4,10.10.10.109,10.10.10.68,1339,49536,N/A,N/A,N/A,N/A,,,1
1759293208,eth1,66,Ethernet,IPv4,TCP,N/A,v4,10.10.10.68,10.10.10.109,49536,1339,N/A,N/A,N/A,N/A,,,1
1759293208,eth1,74,Ethernet,IPv4,TCP,N/A,v4,10.10.10.109,10.10.10.68,1339,49954,N/A,N/A,N/A,N/A,,,1
1759293208,eth1,66,Ethernet,IPv4,TCP,N/A,v4,10.10.10.68,10.10.10.109,49954,1339,N/A,N/A,N/A,N/A,,,1
1759293208,eth1,196,Ethernet,IPv4,TCP,N/A,v4,10.10.10.68,10.10.10.109,49954,1339,N/A,N/A,N/A,N/A,,,1
1759293208,eth1,66,Ethernet,IPv4,TCP,N/A,v4,10.10.10.109,10.10.10.68,1339,49954,N/A,N/A,N/A,N/A,,,1
1759293208,eth1,201,Ethernet,IPv4,TCP,N/A,v4,10.10.10.109,10.10.10.68,1339,49508,N/A,N/A,N/A,N/A,,,1
1759293208,eth1,66,Ethernet,IPv4,TCP,N/A,v4,10.10.10.68,10.10.10.109,49508,1339,N/A,N/A,N/A,N/A,,,1
1759293208,eth1,66,Ethernet,IPv4,TCP,N/A,v4,10.10.10.109,10.10.10.68,1339,49508,N/A,N/A,N/A,N/A,,,1
1759293208,eth1,74,Ethernet,IPv4,TCP,N/A,v4,10.10.10.109,10.10.10.68,1339,49960,N/A,N/A,N/A,N/A,,,1
1759293208,any,201,N/A,IPv4,TCP,N/A,v4,10.10.10.109,10.10.10.68,1339,49536,N/A,N/A,N/A,N/A,,,1
1759293208,any,76,N/A,IPv4,TCP,N/A,v4,10.10.10.109,10.10.10.68,1339,49954,N/A,N/A,N/A,N/A,,,1
1759293208,any,198,N/A,IPv4,TCP,N/A,v4,10.10.10.68,10.10.10.109,49954,1339,N/A,N/A,N/A,N/A,,,1
1759293208,any,68,N/A,IPv4,TCP,N/A,v4,10.10.10.109,10.10.10.68,1339,49954,N/A,N/A,N/A,N/A,,,1
1759293208,any,203,N/A,IPv4,TCP,N/A,v4,10.10.10.109,10.10.10.68,1339,49508,N/A,N/A,N/A,N/A,,,1
1759293208,any,223,N/A,IPv4,TCP,N/A,v4,10.10.10.109,10.10.10.68,1339,49912,N/A,N/A,N/A,N/A,,,1
1759293208,any,4510,N/A,IPv4,TCP,N/A,v4,10.10.10.109,10.10.10.68,1339,49912,N/A,N/A,N/A,N/A,,,1
1759293208,eth1,221,Ethernet,IPv4,TCP,N/A,v4,10.10.10.109,10.10.10.68,1339,49912,N/A,N/A,N/A,N/A,,,1
1759293208,eth1,66,Ethernet,IPv4,TCP,N/A,v4,10.10.10.68,10.10.10.109,49912,1339,N/A,N/A,N/A,N/A,,,1
1759293208,eth1,4508,Ethernet,IPv4,TCP,N/A,v4,10.10.10.109,10.10.10.68,1339,49912,N/A,N/A,N/A,N/A,,,1
1759293208,eth1,66,Ethernet,IPv4,TCP,N/A,v4,10.10.10.109,10.10.10.68,1339,49912,N/A,N/A,N/A,N/A,,,1
1759293208,eth1,66,Ethernet,IPv4,TCP,N/A,v4,10.10.10.68,10.10.10.109,49912,1339,N/A,N/A,N/A,N/A,,,1
1759293208,eth1,220,Ethernet,IPv4,TCP,N/A,v4,10.10.10.109,10.10.10.68,1339,49920,N/A,N/A,N/A,N/A,,,1
1759293208,eth1,544,Ethernet,IPv4,TCP,N/A,v4,10.10.10.109,10.10.10.68,1339,49920,N/A,N/A,N/A,N/A,,,1
1759293208,eth1,66,Ethernet,IPv4,TCP,N/A,v4,10.10.10.68,10.10.10.109,49920,1339,N/A,N/A,N/A,N/A,,,1
1759293208,eth1,66,Ethernet,IPv4,TCP,N/A,v4,10.10.10.68,10.10.10.109,49920,1339,N/A,N/A,N/A,N/A,,,1
1759293208,eth1,66,Ethernet,IPv4,TCP,N/A,v4,10.10.10.109,10.10.10.68,1339,49920,N/A,N/A,N/A,N/A,,,1
1759293208,any,222,N/A,IPv4,TCP,N/A,v4,10.10.10.109,10.10.10.68,1339,49920,N/A,N/A,N/A,N/A,,,1
1759293208,any,68,N/A,IPv4,TCP,N/A,v4,10.10.10.68,10.10.10.109,49920,1339,N/A,N/A,N/A,N/A,,,1
1759293208,eth1,221,Ethernet,IPv4,TCP,N/A,v4,10.10.10.109,10.10.10.68,1339,49930,N/A,N/A,N/A,N/A,,,1
1759293208,eth1,2586,Ethernet,IPv4,TCP,N/A,v4,10.10.10.109,10.10.10.68,1339,49930,N/A,N/A,N/A,N/A,,,1
1759293208,eth1,66,Ethernet,IPv4,TCP,N/A,v4,10.10.10.68,10.10.10.109,49930,1339,N/A,N/A,N/A,N/A,,,1
1759293208,eth1,66,Ethernet,IPv4,TCP,N/A,v4,10.10.10.68,10.10.10.109,49930,1339,N/A,N/A,N/A,N/A,,,1
1759293208,any,223,N/A,IPv4,TCP,N/A,v4,10.10.10.109,10.10.10.68,1339,49930,N/A,N/A,N/A,N/A,,,1
1759293208,any,68,N/A,IPv4,TCP,N/A,v4,10.10.10.68,10.10.10.109,49930,1339,N/A,N/A,N/A,N/A,,,1
1759293208,eth1,66,Ethernet,IPv4,TCP,N/A,v4,10.10.10.68,10.10.10.109,49930,1339,N/A,N/A,N/A,N/A,,,1
1759293208,eth1,66,Ethernet,IPv4,TCP,N/A,v4,10.10.10.109,10.10.10.68,1339,49930,N/A,N/A,N/A,N/A,,,1
1759293208,eth1,220,Ethernet,IPv4,TCP,N/A,v4,10.10.10.109,10.10.10.68,1339,49942,N/A,N/A,N/A,N/A,,,1
1759293208,eth1,66,Ethernet,IPv4,TCP,N/A,v4,10.10.10.68,10.10.10.109,49942,1339,N/A,N/A,N/A,N/A,,,1
1759293208,eth1,440,Ethernet,IPv4,TCP,N/A,v4,10.10.10.109,10.10.10.68,1339,49942,N/A,N/A,N/A,N/A,,,1
1759293208,any,222,N/A,IPv4,TCP,N/A,v4,10.10.10.109,10.10.10.68,1339,49942,N/A,N/A,N/A,N/A,,,1
1759293208,any,442,N/A,IPv4,TCP,N/A,v4,10.10.10.109,10.10.10.68,1339,49942,N/A,N/A,N/A,N/A,,,1
1759293208,any,68,N/A,IPv4,TCP,N/A,v4,10.10.10.68,10.10.10.109,49942,1339,N/A,N/A,N/A,N/A,,,1
1759293208,eth1,66,Ethernet,IPv4,TCP,N/A,v4,10.10.10.68,10.10.10.109,49942,1339,N/A,N/A,N/A,N/A,,,1
1759293208,eth1,66,Ethernet,IPv4,TCP,N/A,v4,10.10.10.109,10.10.10.68,1339,49942,N/A,N/A,N/A,N/A,,,1
1759293208,eth1,74,Ethernet,IPv4,TCP,N/A,v4,10.10.10.68,10.10.10.109,49970,1339,N/A,N/A,N/A,N/A,,,1
1759293208,eth1,74,Ethernet,IPv4,TCP,N/A,v4,10.10.10.68,10.10.10.109,49984,1339,N/A,N/A,N/A,N/A,,,1
1759293208,eth1,74,Ethernet,IPv4,TCP,N/A,v4,10.10.10.109,10.10.10.68,1339,49970,N/A,N/A,N/A,N/A,,,1
1759293208,eth1,66,Ethernet,IPv4,TCP,N/A,v4,10.10.10.68,10.10.10.109,49970,1339,N/A,N/A,N/A,N/A,,,1
1759293208,eth1,74,Ethernet,IPv4,TCP,N/A,v4,10.10.10.109,10.10.10.68,1339,49984,N/A,N/A,N/A,N/A,,,1
1759293208,eth1,66,Ethernet,IPv4,TCP,N/A,v4,10.10.10.68,10.10.10.109,49984,1339,N/A,N/A,N/A,N/A,,,1
1759293208,eth1,213,Ethernet,IPv4,TCP,N/A,v4,10.10.10.68,10.10.10.109,49984,1339,N/A,N/A,N/A,N/A,,,1
1759293208,eth1,206,Ethernet,IPv4,TCP,N/A,v4,10.10.10.68,10.10.10.109,49970,1339,N/A,N/A,N/A,N/A,,,1
1759293208,eth1,66,Ethernet,IPv4,TCP,N/A,v4,10.10.10.109,10.10.10.68,1339,49984,N/A,N/A,N/A,N/A,,,1
1759293208,eth1,66,Ethernet,IPv4,TCP,N/A,v4,10.10.10.109,10.10.10.68,1339,49970,N/A,N/A,N/A,N/A,,,1
1759293208,eth1,220,Ethernet,IPv4,TCP,N/A,v4,10.10.10.109,10.10.10.68,1339,49948,N/A,N/A,N/A,N/A,,,1
1759293208,eth1,66,Ethernet,IPv4,TCP,N/A,v4,10.10.10.68,10.10.10.109,49948,1339,N/A,N/A,N/A,N/A,,,1
1759293208,eth1,575,Ethernet,IPv4,TCP,N/A,v4,10.10.10.109,10.10.10.68,1339,49948,N/A,N/A,N/A,N/A,,,1
1759293208,eth1,74,Ethernet,IPv4,TCP,N/A,v4,10.10.10.68,10.10.10.109,49810,1339,N/A,N/A,N/A,N/A,,,1
1759293208,eth1,74,Ethernet,IPv4,TCP,N/A,v4,10.10.10.68,10.10.10.109,49796,1339,N/A,N/A,N/A,N/A,,,1
1759293208,eth1,74,Ethernet,IPv4,TCP,N/A,v4,10.10.10.68,10.10.10.109,49786,1339,N/A,N/A,N/A,N/A,,,1
1759293208,eth1,74,Ethernet,IPv4,TCP,N/A,v4,10.10.10.109,10.10.10.68,1339,49810,N/A,N/A,N/A,N/A,,,1
1759293208,eth1,74,Ethernet,IPv4,TCP,N/A,v4,10.10.10.109,10.10.10.68,1339,49796,N/A,N/A,N/A,N/A,,,1
1759293208,eth1,74,Ethernet,IPv4,TCP,N/A,v4,10.10.10.109,10.10.10.68,1339,49786,N/A,N/A,N/A,N/A,,,1
1759293208,eth1,66,Ethernet,IPv4,TCP,N/A,v4,10.10.10.68,10.10.10.109,49948,1339,N/A,N/A,N/A,N/A,,,1
1759293208,eth1,209,Ethernet,IPv4,TCP,N/A,v4,10.10.10.68,10.10.10.109,49810,1339,N/A,N/A,N/A,N/A,,,1
1759293208,eth1,66,Ethernet,IPv4,TCP,N/A,v4,10.10.10.109,10.10.10.68,1339,49948,N/A,N/A,N/A,N/A,,,1
1759293208,eth1,203,Ethernet,IPv4,TCP,N/A,v4,10.10.10.68,10.10.10.109,49796,1339,N/A,N/A,N/A,N/A,,,1
1759293208,any,76,N/A,IPv4,TCP,N/A,v4,10.10.10.68,10.10.10.109,49970,1339,N/A,N/A,N/A,N/A,,,1
1759293208,any,76,N/A,IPv4,TCP,N/A,v4,10.10.10.68,10.10.10.109,49984,1339,N/A,N/A,N/A,N/A,,,1
1759293208,any,76,N/A,IPv4,TCP,N/A,v4,10.10.10.109,10.10.10.68,1339,49970,N/A,N/A,N/A,N/A,,,1
1759293208,any,215,N/A,IPv4,TCP,N/A,v4,10.10.10.68,10.10.10.109,49984,1339,N/A,N/A,N/A,N/A,,,1
1759293208,any,208,N/A,IPv4,TCP,N/A,v4,10.10.10.68,10.10.10.109,49970,1339,N/A,N/A,N/A,N/A,,,1
1759293208,any,68,N/A,IPv4,TCP,N/A,v4,10.10.10.109,10.10.10.68,1339,49970,N/A,N/A,N/A,N/A,,,1
1759293208,any,222,N/A,IPv4,TCP,N/A,v4,10.10.10.109,10.10.10.68,1339,49948,N/A,N/A,N/A,N/A,,,1
1759293208,any,577,N/A,IPv4,TCP,N/A,v4,10.10.10.109,10.10.10.68,1339,49948,N/A,N/A,N/A,N/A,,,1
1759293208,any,76,N/A,IPv4,TCP,N/A,v4,10.10.10.68,10.10.10.109,49810,1339,N/A,N/A,N/A,N/A,,,1
1759293208,any,76,N/A,IPv4,TCP,N/A,v4,10.10.10.109,10.10.10.68,1339,49810,N/A,N/A,N/A,N/A,,,1
1759293208,any,68,N/A,IPv4,TCP,N/A,v4,10.10.10.68,10.10.10.109,49948,1339,N/A,N/A,N/A,N/A,,,1
1759293208,any,211,N/A,IPv4,TCP,N/A,v4,10.10.10.68,10.10.10.109,49810,1339,N/A,N/A,N/A,N/A,,,1
1759293208,any,68,N/A,IPv4,TCP,N/A,v4,10.10.10.109,10.10.10.68,1339,49954,N/A,N/A,N/A,N/A,,,1
1759293208,any,76,N/A,IPv4,TCP,N/A,v4,10.10.10.68,10.10.10.109,49986,1339,N/A,N/A,N/A,N/A,,,1
1759293208,any,76,N/A,IPv4,TCP,N/A,v4,10.10.10.109,10.10.10.68,1339,49986,N/A,N/A,N/A,N/A,,,1
1759293208,any,212,N/A,IPv4,TCP,N/A,v4,10.10.10.68,10.10.10.109,49986,1339,N/A,N/A,N/A,N/A,,,1
1759293208,any,222,N/A,IPv4,TCP,N/A,v4,10.10.10.109,10.10.10.68,1339,49960,N/A,N/A,N/A,N/A,,,1
1759293208,any,68,N/A,IPv4,TCP,N/A,v4,10.10.10.109,10.10.10.68,1339,49986,N/A,N/A,N/A,N/A,,,1
1759293208,any,76,N/A,IPv4,TCP,N/A,v4,10.10.10.68,10.10.10.109,49996,1339,N/A,N/A,N/A,N/A,,,1
1759293208,any,76,N/A,IPv4,TCP,N/A,v4,10.10.10.109,10.10.10.68,1339,49996,N/A,N/A,N/A,N/A,,,1
1759293208,any,216,N/A,IPv4,TCP,N/A,v4,10.10.10.68,10.10.10.109,49996,1339,N/A,N/A,N/A,N/A,,,1
1759293208,any,68,N/A,IPv4,TCP,N/A,v4,10.10.10.109,10.10.10.68,1339,49996,N/A,N/A,N/A,N/A,,,1
1759293208,any,212,N/A,IPv4,TCP,N/A,v4,10.10.10.109,10.10.10.68,1339,49970,N/A,N/A,N/A,N/A,,,1
1759293208,eth1,221,Ethernet,IPv4,TCP,N/A,v4,10.10.10.109,10.10.10.68,1339,49954,N/A,N/A,N/A,N/A,,,1
1759293208,eth1,66,Ethernet,IPv4,TCP,N/A,v4,10.10.10.68,10.10.10.109,49954,1339,N/A,N/A,N/A,N/A,,,1
1759293208,eth1,1136,Ethernet,IPv4,TCP,N/A,v4,10.10.10.109,10.10.10.68,1339,49954,N/A,N/A,N/A,N/A,,,1
1759293208,eth1,66,Ethernet,IPv4,TCP,N/A,v4,10.10.10.68,10.10.10.109,49954,1339,N/A,N/A,N/A,N/A,,,1
1759293208,eth1,66,Ethernet,IPv4,TCP,N/A,v4,10.10.10.109,10.10.10.68,1339,49954,N/A,N/A,N/A,N/A,,,1
1759293208,eth1,74,Ethernet,IPv4,TCP,N/A,v4,10.10.10.68,10.10.10.109,49986,1339,N/A,N/A,N/A,N/A,,,1
1759293208,eth1,74,Ethernet,IPv4,TCP,N/A,v4,10.10.10.109,10.10.10.68,1339,49986,N/A,N/A,N/A,N/A,,,1
1759293208,eth1,66,Ethernet,IPv4,TCP,N/A,v4,10.10.10.68,10.10.10.109,49986,1339,N/A,N/A,N/A,N/A,,,1
1759293208,eth1,210,Ethernet,IPv4,TCP,N/A,v4,10.10.10.68,10.10.10.109,49986,1339,N/A,N/A,N/A,N/A,,,1
1759293208,eth1,220,Ethernet,IPv4,TCP,N/A,v4,10.10.10.109,10.10.10.68,1339,49960,N/A,N/A,N/A,N/A,,,1
1759293208,eth1,536,Ethernet,IPv4,TCP,N/A,v4,10.10.10.109,10.10.10.68,1339,49960,N/A,N/A,N/A,N/A,,,1
1759293208,eth1,66,Ethernet,IPv4,TCP,N/A,v4,10.10.10.109,10.10.10.68,1339,49986,N/A,N/A,N/A,N/A,,,1
1759293208,eth1,66,Ethernet,IPv4,TCP,N/A,v4,10.10.10.68,10.10.10.109,49960,1339,N/A,N/A,N/A,N/A,,,1
1759293208,eth1,66,Ethernet,IPv4,TCP,N/A,v4,10.10.10.109,10.10.10.68,1339,49960,N/A,N/A,N/A,N/A,,,1
1759293208,eth1,74,Ethernet,IPv4,TCP,N/A,v4,10.10.10.68,10.10.10.109,49996,1339,N/A,N/A,N/A,N/A,,,1
1759293208,eth1,74,Ethernet,IPv4,TCP,N/A,v4,10.10.10.109,10.10.10.68,1339,49996,N/A,N/A,N/A,N/A,,,1
1759293208,eth1,66,Ethernet,IPv4,TCP,N/A,v4,10.10.10.68,10.10.10.109,49996,1339,N/A,N/A,N/A,N/A,,,1
1759293208,eth1,214,Ethernet,IPv4,TCP,N/A,v4,10.10.10.68,10.10.10.109,49996,1339,N/A,N/A,N/A,N/A,,,1
1759293208,eth1,66,Ethernet,IPv4,TCP,N/A,v4,10.10.10.109,10.10.10.68,1339,49996,N/A,N/A,N/A,N/A,,,1
1759293208,eth1,210,Ethernet,IPv4,TCP,N/A,v4,10.10.10.109,10.10.10.68,1339,49970,N/A,N/A,N/A,N/A,,,1
1759293208,eth1,66,Ethernet,IPv4,TCP,N/A,v4,10.10.10.68,10.10.10.109,49970,1339,N/A,N/A,N/A,N/A,,,1
1759293208,eth1,66,Ethernet,IPv4,TCP,N/A,v4,10.10.10.109,10.10.10.68,1339,49970,N/A,N/A,N/A,N/A,,,1
1759293208,eth1,66,Ethernet,IPv4,TCP,N/A,v4,10.10.10.68,10.10.10.109,49970,1339,N/A,N/A,N/A,N/A,,,1
1759293208,eth1,66,Ethernet,IPv4,TCP,N/A,v4,10.10.10.109,10.10.10.68,1339,49970,N/A,N/A,N/A,N/A,,,1
1759293208,eth1,74,Ethernet,IPv4,TCP,N/A,v4,10.10.10.68,10.10.10.109,50002,1339,N/A,N/A,N/A,N/A,,,1
1759293208,eth1,74,Ethernet,IPv4,TCP,N/A,v4,10.10.10.109,10.10.10.68,1339,50002,N/A,N/A,N/A,N/A,,,1
1759293208,eth1,66,Ethernet,IPv4,TCP,N/A,v4,10.10.10.68,10.10.10.109,50002,1339,N/A,N/A,N/A,N/A,,,1
1759293208,eth1,217,Ethernet,IPv4,TCP,N/A,v4,10.10.10.109,10.10.10.68,1339,49984,N/A,N/A,N/A,N/A,,,1
1759293208,any,68,N/A,IPv4,TCP,N/A,v4,10.10.10.68,10.10.10.109,49970,1339,N/A,N/A,N/A,N/A,,,1
1759293208,any,68,N/A,IPv4,TCP,N/A,v4,10.10.10.109,10.10.10.68,1339,49970,N/A,N/A,N/A,N/A,,,1
1759293208,any,76,N/A,IPv4,TCP,N/A,v4,10.10.10.68,10.10.10.109,50002,1339,N/A,N/A,N/A,N/A,,,1
1759293208,any,76,N/A,IPv4,TCP,N/A,v4,10.10.10.109,10.10.10.68,1339,50002,N/A,N/A,N/A,N/A,,,1
1759293208,any,219,N/A,IPv4,TCP,N/A,v4,10.10.10.109,10.10.10.68,1339,49984,N/A,N/A,N/A,N/A,,,1
1759293208,any,68,N/A,IPv4,TCP,N/A,v4,10.10.10.68,10.10.10.109,49984,1339,N/A,N/A,N/A,N/A,,,1
1759293208,any,76,N/A,IPv4,TCP,N/A,v4,10.10.10.68,10.10.10.109,50012,1339,N/A,N/A,N/A,N/A,,,1
1759293208,any,209,N/A,IPv4,TCP,N/A,v4,10.10.10.68,10.10.10.109,50002,1339,N/A,N/A,N/A,N/A,,,1
1759293208,any,76,N/A,IPv4,TCP,N/A,v4,10.10.10.109,10.10.10.68,1339,50012,N/A,N/A,N/A,N/A,,,1
1759293208,any,216,N/A,IPv4,TCP,N/A,v4,10.10.10.68,10.10.10.109,50012,1339,N/A,N/A,N/A,N/A,,,1
1759293208,any,68,N/A,IPv4,TCP,N/A,v4,10.10.10.109,10.10.10.68,1339,50012,N/A,N/A,N/A,N/A,,,1
1759293208,any,76,N/A,IPv4,TCP,N/A,v4,10.10.10.68,10.10.10.109,50014,1339,N/A,N/A,N/A,N/A,,,1
1759293208,any,68,N/A,IPv4,TCP,N/A,v4,10.10.10.68,10.10.10.109,49810,1339,N/A,N/A,N/A,N/A,,,1
1759293208,any,76,N/A,IPv4,TCP,N/A,v4,10.10.10.68,10.10.10.109,50018,1339,N/A,N/A,N/A,N/A,,,1
1759293208,any,209,N/A,IPv4,TCP,N/A,v4,10.10.10.109,10.10.10.68,1339,49796,N/A,N/A,N/A,N/A,,,1
1759293208,any,76,N/A,IPv4,TCP,N/A,v4,10.10.10.109,10.10.10.68,1339,50018,N/A,N/A,N/A,N/A,,,1
1759293208,any,68,N/A,IPv4,TCP,N/A,v4,10.10.10.109,10.10.10.68,1339,49796,N/A,N/A,N/A,N/A,,,1
1759293208,any,76,N/A,IPv4,TCP,N/A,v4,10.10.10.109,10.10.10.68,1339,50028,N/A,N/A,N/A,N/A,,,1
1759293208,any,206,N/A,IPv4,TCP,N/A,v4,10.10.10.68,10.10.10.109,50028,1339,N/A,N/A,N/A,N/A,,,1
1759293208,any,209,N/A,IPv4,TCP,N/A,v4,10.10.10.68,10.10.10.109,50018,1339,N/A,N/A,N/A,N/A,,,1
1759293208,any,210,N/A,IPv4,TCP,N/A,v4,10.10.10.109,10.10.10.68,1339,49786,N/A,N/A,N/A,N/A,,,1
1759293208,any,68,N/A,IPv4,TCP,N/A,v4,10.10.10.109,10.10.10.68,1339,50018,N/A,N/A,N/A,N/A,,,1
1759293208,any,68,N/A,IPv4,TCP,N/A,v4,10.10.10.68,10.10.10.109,49786,1339,N/A,N/A,N/A,N/A,,,1
1759293208,any,76,N/A,IPv4,TCP,N/A,v4,10.10.10.109,10.10.10.68,1339,50040,N/A,N/A,N/A,N/A,,,1
1759293208,eth1,66,Ethernet,IPv4,TCP,N/A,v4,10.10.10.68,10.10.10.109,49984,1339,N/A,N/A,N/A,N/A,,,1
1759293208,eth1,66,Ethernet,IPv4,TCP,N/A,v4,10.10.10.109,10.10.10.68,1339,49984,N/A,N/A,N/A,N/A,,,1
1759293208,eth1,66,Ethernet,IPv4,TCP,N/A,v4,10.10.10.68,10.10.10.109,49984,1339,N/A,N/A,N/A,N/A,,,1
1759293208,eth1,66,Ethernet,IPv4,TCP,N/A,v4,10.10.10.109,10.10.10.68,1339,49984,N/A,N/A,N/A,N/A,,,1
1759293208,eth1,74,Ethernet,IPv4,TCP,N/A,v4,10.10.10.68,10.10.10.109,50012,1339,N/A,N/A,N/A,N/A,,,1
1759293208,eth1,207,Ethernet,IPv4,TCP,N/A,v4,10.10.10.68,10.10.10.109,50002,1339,N/A,N/A,N/A,N/A,,,1
1759293208,eth1,74,Ethernet,IPv4,TCP,N/A,v4,10.10.10.109,10.10.10.68,1339,50012,N/A,N/A,N/A,N/A,,,1
1759293208,eth1,66,Ethernet,IPv4,TCP,N/A,v4,10.10.10.68,10.10.10.109,50012,1339,N/A,N/A,N/A,N/A,,,1
1759293208,eth1,66,Ethernet,IPv4,TCP,N/A,v4,10.10.10.109,10.10.10.68,1339,50002,N/A,N/A,N/A,N/A,,,1
1759293208,eth1,214,Ethernet,IPv4,TCP,N/A,v4,10.10.10.68,10.10.10.109,50012,1339,N/A,N/A,N/A,N/A,,,1
1759293208,eth1,66,Ethernet,IPv4,TCP,N/A,v4,10.10.10.109,10.10.10.68,1339,50012,N/A,N/A,N/A,N/A,,,1
1759293208,eth1,74,Ethernet,IPv4,TCP,N/A,v4,10.10.10.68,10.10.10.109,50014,1339,N/A,N/A,N/A,N/A,,,1
1759293208,eth1,220,Ethernet,IPv4,TCP,N/A,v4,10.10.10.109,10.10.10.68,1339,49810,N/A,N/A,N/A,N/A,,,1
1759293208,eth1,547,Ethernet,IPv4,TCP,N/A,v4,10.10.10.109,10.10.10.68,1339,49810,N/A,N/A,N/A,N/A,,,1
1759293208,eth1,66,Ethernet,IPv4,TCP,N/A,v4,10.10.10.68,10.10.10.109,49810,1339,N/A,N/A,N/A,N/A,,,1
1759293208,eth1,66,Ethernet,IPv4,TCP,N/A,v4,10.10.10.68,10.10.10.109,49810,1339,N/A,N/A,N/A,N/A,,,1
1759293208,eth1,66,Ethernet,IPv4,TCP,N/A,v4,10.10.10.109,10.10.10.68,1339,49810,N/A,N/A,N/A,N/A,,,1
1759293208,eth1,74,Ethernet,IPv4,TCP,N/A,v4,10.10.10.68,10.10.10.109,50018,1339,N/A,N/A,N/A,N/A,,,1
1759293208,eth1,207,Ethernet,IPv4,TCP,N/A,v4,10.10.10.109,10.10.10.68,1339,49796,N/A,N/A,N/A,N/A,,,1
1759293208,eth1,66,Ethernet,IPv4,TCP,N/A,v4,10.10.10.68,10.10.10.109,49796,1339,N/A,N/A,N/A,N/A,,,1
1759293208,eth1,74,Ethernet,IPv4,TCP,N/A,v4,10.10.10.109,10.10.10.68,1339,50018,N/A,N/A,N/A,N/A,,,1
1759293208,eth1,66,Ethernet,IPv4,TCP,N/A,v4,10.10.10.109,10.10.10.68,1339,49796,N/A,N/A,N/A,N/A,,,1
1759293208,eth1,66,Ethernet,IPv4,TCP,N/A,v4,10.10.10.68,10.10.10.109,49796,1339,N/A,N/A,N/A,N/A,,,1
1759293208,eth1,66,Ethernet,IPv4,TCP,N/A,v4,10.10.10.109,10.10.10.68,1339,49796,N/A,N/A,N/A,N/A,,,1
1759293208,eth1,74,Ethernet,IPv4,TCP,N/A,v4,10.10.10.109,10.10.10.68,1339,50028,N/A,N/A,N/A,N/A,,,1
1759293208,eth1,66,Ethernet,IPv4,TCP,N/A,v4,10.10.10.68,10.10.10.109,50028,1339,N/A,N/A,N/A,N/A,,,1
1759293208,any,216,N/A,IPv4,TCP,N/A,v4,10.10.10.109,10.10.10.68,1339,49986,N/A,N/A,N/A,N/A,,,1
1759293208,any,68,N/A,IPv4,TCP,N/A,v4,10.10.10.109,10.10.10.68,1339,49986,N/A,N/A,N/A,N/A,,,1
1759293208,any,207,N/A,IPv4,TCP,N/A,v4,10.10.10.68,10.10.10.109,50040,1339,N/A,N/A,N/A,N/A,,,1
1759293208,any,68,N/A,IPv4,TCP,N/A,v4,10.10.10.109,10.10.10.68,1339,50040,N/A,N/A,N/A,N/A,,,1
1759293208,any,76,N/A,IPv4,TCP,N/A,v4,10.10.10.109,10.10.10.68,1339,50056,N/A,N/A,N/A,N/A,,,1
1759293208,any,213,N/A,IPv4,TCP,N/A,v4,10.10.10.68,10.10.10.109,50056,1339,N/A,N/A,N/A,N/A,,,1
1759293208,any,68,N/A,IPv4,TCP,N/A,v4,10.10.10.109,10.10.10.68,1339,50056,N/A,N/A,N/A,N/A,,,1
1759293208,any,76,N/A,IPv4,TCP,N/A,v4,10.10.10.68,10.10.10.109,50068,1339,N/A,N/A,N/A,N/A,,,1
1759293208,any,220,N/A,IPv4,TCP,N/A,v4,10.10.10.109,10.10.10.68,1339,49996,N/A,N/A,N/A,N/A,,,1
1759293208,any,68,N/A,IPv4,TCP,N/A,v4,10.10.10.109,10.10.10.68,1339,49996,N/A,N/A,N/A,N/A,,,1
1759293208,any,68,N/A,IPv4,TCP,N/A,v4,10.10.10.68,10.10.10.109,49996,1339,N/A,N/A,N/A,N/A,,,1
1759293208,any,68,N/A,IPv4,TCP,N/A,v4,10.10.10.109,10.10.10.68,1339,49996,N/A,N/A,N/A,N/A,,,1
1759293208,any,76,N/A,IPv4,TCP,N/A,v4,10.10.10.68,10.10.10.109,50078,1339,N/A,N/A,N/A,N/A,,,1
1759293208,any,76,N/A,IPv4,TCP,N/A,v4,10.10.10.68,10.10.10.109,50090,1339,N/A,N/A,N/A,N/A,,,1
1759293208,any,76,N/A,IPv4,TCP,N/A,v4,10.10.10.109,10.10.10.68,1339,50078,N/A,N/A,N/A,N/A,,,1
1759293208,any,76,N/A,IPv4,TCP,N/A,v4,10.10.10.109,10.10.10.68,1339,50090,N/A,N/A,N/A,N/A,,,1
1759293208,any,217,N/A,IPv4,TCP,N/A,v4,10.10.10.68,10.10.10.109,50078,1339,N/A,N/A,N/A,N/A,,,1
1759293208,any,68,N/A,IPv4,TCP,N/A,v4,10.10.10.109,10.10.10.68,1339,50078,N/A,N/A,N/A,N/A,,,1
1759293208,any,210,N/A,IPv4,TCP,N/A,v4,10.10.10.68,10.10.10.109,50090,1339,N/A,N/A,N/A,N/A,,,1
1759293208,any,68,N/A,IPv4,TCP,N/A,v4,10.10.10.109,10.10.10.68,1339,50090,N/A,N/A,N/A,N/A,,,1
1759293208,any,76,N/A,IPv4,TCP,N/A,v4,10.10.10.68,10.10.10.109,50106,1339,N/A,N/A,N/A,N/A,,,1
1759293208,any,76,N/A,IPv4,TCP,N/A,v4,10.10.10.68,10.10.10.109,50118,1339,N/A,N/A,N/A,N/A,,,1
1759293208,any,76,N/A,IPv4,TCP,N/A,v4,10.10.10.109,10.10.10.68,1339,50118,N/A,N/A,N/A,N/A,,,1
1759293208,any,204,N/A,IPv4,TCP,N/A,v4,10.10.10.68,10.10.10.109,50118,1339,N/A,N/A,N/A,N/A,,,1
1759293208,any,68,N/A,IPv4,TCP,N/A,v4,10.10.10.109,10.10.10.68,1339,50118,N/A,N/A,N/A,N/A,,,1
1759293208,any,68,N/A,IPv4,TCP,N/A,v4,10.10.10.68,10.10.10.109,50018,1339,N/A,N/A,N/A,N/A,,,1
1759293208,any,68,N/A,IPv4,TCP,N/A,v4,10.10.10.109,10.10.10.68,1339,50018,N/A,N/A,N/A,N/A,,,1
1759293208,any,76,N/A,IPv4,TCP,N/A,v4,10.10.10.68,10.10.10.109,50134,1339,N/A,N/A,N/A,N/A,,,1
1759293208,any,76,N/A,IPv4,TCP,N/A,v4,10.10.10.109,10.10.10.68,1339,50134,N/A,N/A,N/A,N/A,,,1
1759293208,any,210,N/A,IPv4,TCP,N/A,v4,10.10.10.68,10.10.10.109,50134,1339,N/A,N/A,N/A,N/A,,,1
1759293208,any,68,N/A,IPv4,TCP,N/A,v4,10.10.10.109,10.10.10.68,1339,50134,N/A,N/A,N/A,N/A,,,1
1759293208,eth1,204,Ethernet,IPv4,TCP,N/A,v4,10.10.10.68,10.10.10.109,50028,1339,N/A,N/A,N/A,N/A,,,1
1759293208,eth1,66,Ethernet,IPv4,TCP,N/A,v4,10.10.10.109,10.10.10.68,1339,50028,N/A,N/A,N/A,N/A,,,1
1759293208,eth1,207,Ethernet,IPv4,TCP,N/A,v4,10.10.10.68,10.10.10.109,50018,1339,N/A,N/A,N/A,N/A,,,1
1759293208,eth1,208,Ethernet,IPv4,TCP,N/A,v4,10.10.10.109,10.10.10.68,1339,49786,N/A,N/A,N/A,N/A,,,1
1759293208,eth1,66,Ethernet,IPv4,TCP,N/A,v4,10.10.10.109,10.10.10.68,1339,49786,N/A,N/A,N/A,N/A,,,1
1759293208,eth1,66,Ethernet,IPv4,TCP,N/A,v4,10.10.10.68,10.10.10.109,49786,1339,N/A,N/A,N/A,N/A,,,1
1759293208,eth1,66,Ethernet,IPv4,TCP,N/A,v4,10.10.10.109,10.10.10.68,1339,49786,N/A,N/A,N/A,N/A,,,1
1759293208,eth1,74,Ethernet,IPv4,TCP,N/A,v4,10.10.10.68,10.10.10.109,50040,1339,N/A,N/A,N/A,N/A,,,1
1759293208,eth1,74,Ethernet,IPv4,TCP,N/A,v4,10.10.10.109,10.10.10.68,1339,50040,N/A,N/A,N/A,N/A,,,1
1759293208,eth1,66,Ethernet,IPv4,TCP,N/A,v4,10.10.10.68,10.10.10.109,50040,1339,N/A,N/A,N/A,N/A,,,1
1759293208,eth1,214,Ethernet,IPv4,TCP,N/A,v4,10.10.10.109,10.10.10.68,1339,49986,N/A,N/A,N/A,N/A,,,1
1759293208,eth1,66,Ethernet,IPv4,TCP,N/A,v4,10.10.10.68,10.10.10.109,49986,1339,N/A,N/A,N/A,N/A,,,1
1759293208,eth1,66,Ethernet,IPv4,TCP,N/A,v4,10.10.10.109,10.10.10.68,1339,49986,N/A,N/A,N/A,N/A,,,1
1759293208,eth1,205,Ethernet,IPv4,TCP,N/A,v4,10.10.10.68,10.10.10.109,50040,1339,N/A,N/A,N/A,N/A,,,1
1759293208,eth1,66,Ethernet,IPv4,TCP,N/A,v4,10.10.10.109,10.10.10.68,1339,50040,N/A,N/A,N/A,N/A,,,1
1759293208,eth1,66,Ethernet,IPv4,TCP,N/A,v4,10.10.10.68,10.10.10.109,49986,1339,N/A,N/A,N/A,N/A,,,1
1759293208,eth1,66,Ethernet,IPv4,TCP,N/A,v4,10.10.10.109,10.10.10.68,1339,49986,N/A,N/A,N/A,N/A,,,1
1759293208,eth1,74,Ethernet,IPv4,TCP,N/A,v4,10.10.10.109,10.10.10.68,1339,50056,N/A,N/A,N/A,N/A,,,1
1759293208,eth1,66,Ethernet,IPv4,TCP,N/A,v4,10.10.10.68,10.10.10.109,50056,1339,N/A,N/A,N/A,N/A,,,1
1759293208,eth1,211,Ethernet,IPv4,TCP,N/A,v4,10.10.10.68,10.10.10.109,50056,1339,N/A,N/A,N/A,N/A,,,1
1759293208,eth1,66,Ethernet,IPv4,TCP,N/A,v4,10.10.10.109,10.10.10.68,1339,50056,N/A,N/A,N/A,N/A,,,1
1759293208,eth1,74,Ethernet,IPv4,TCP,N/A,v4,10.10.10.68,10.10.10.109,50068,1339,N/A,N/A,N/A,N/A,,,1
1759293208,eth1,218,Ethernet,IPv4,TCP,N/A,v4,10.10.10.109,10.10.10.68,1339,49996,N/A,N/A,N/A,N/A,,,1
1759293208,eth1,66,Ethernet,IPv4,TCP,N/A,v4,10.10.10.68,10.10.10.109,49996,1339,N/A,N/A,N/A,N/A,,,1
1759293208,eth1,66,Ethernet,IPv4,TCP,N/A,v4,10.10.10.109,10.10.10.68,1339,49996,N/A,N/A,N/A,N/A,,,1
1759293208,eth1,66,Ethernet,IPv4,TCP,N/A,v4,10.10.10.68,10.10.10.109,49996,1339,N/A,N/A,N/A,N/A,,,1
1759293208,eth1,66,Ethernet,IPv4,TCP,N/A,v4,10.10.10.109,10.10.10.68,1339,49996,N/A,N/A,N/A,N/A,,,1
1759293208,eth1,74,Ethernet,IPv4,TCP,N/A,v4,10.10.10.68,10.10.10.109,50078,1339,N/A,N/A,N/A,N/A,,,1
1759293208,eth1,74,Ethernet,IPv4,TCP,N/A,v4,10.10.10.68,10.10.10.109,50090,1339,N/A,N/A,N/A,N/A,,,1
1759293208,eth1,74,Ethernet,IPv4,TCP,N/A,v4,10.10.10.109,10.10.10.68,1339,50078,N/A,N/A,N/A,N/A,,,1
1759293208,eth1,66,Ethernet,IPv4,TCP,N/A,v4,10.10.10.68,10.10.10.109,50078,1339,N/A,N/A,N/A,N/A,,,1
1759293208,eth1,74,Ethernet,IPv4,TCP,N/A,v4,10.10.10.109,10.10.10.68,1339,50090,N/A,N/A,N/A,N/A,,,1
1759293208,eth1,215,Ethernet,IPv4,TCP,N/A,v4,10.10.10.68,10.10.10.109,50078,1339,N/A,N/A,N/A,N/A,,,1
1759293208,eth1,66,Ethernet,IPv4,TCP,N/A,v4,10.10.10.109,10.10.10.68,1339,50078,N/A,N/A,N/A,N/A,,,1
1759293208,eth1,208,Ethernet,IPv4,TCP,N/A,v4,10.10.10.68,10.10.10.109,50090,1339,N/A,N/A,N/A,N/A,,,1
1759293208,eth1,66,Ethernet,IPv4,TCP,N/A,v4,10.10.10.109,10.10.10.68,1339,50090,N/A,N/A,N/A,N/A,,,1
1759293208,eth1,74,Ethernet,IPv4,TCP,N/A,v4,10.10.10.68,10.10.10.109,50106,1339,N/A,N/A,N/A,N/A,,,1
1759293208,eth1,221,Ethernet,IPv4,TCP,N/A,v4,10.10.10.109,10.10.10.68,1339,50002,N/A,N/A,N/A,N/A,,,1
1759293208,eth1,1514,Ethernet,IPv4,TCP,N/A,v4,10.10.10.109,10.10.10.68,1339,50002,N/A,N/A,N/A,N/A,,,1
1759293208,eth1,66,Ethernet,IPv4,TCP,N/A,v4,10.10.10.68,10.10.10.109,50002,1339,N/A,N/A,N/A,N/A,,,1
1759293208,eth1,66,Ethernet,IPv4,TCP,N/A,v4,10.10.10.68,10.10.10.109,50002,1339,N/A,N/A,N/A,N/A,,,1
1759293208,eth1,66,Ethernet,IPv4,TCP,N/A,v4,10.10.10.109,10.10.10.68,1339,50002,N/A,N/A,N/A,N/A,,,1
1759293208,eth1,74,Ethernet,IPv4,TCP,N/A,v4,10.10.10.68,10.10.10.109,50118,1339,N/A,N/A,N/A,N/A,,,1
1759293208,eth1,74,Ethernet,IPv4,TCP,N/A,v4,10.10.10.109,10.10.10.68,1339,50118,N/A,N/A,N/A,N/A,,,1
1759293208,any,76,N/A,IPv4,TCP,N/A,v4,10.10.10.68,10.10.10.109,50140,1339,N/A,N/A,N/A,N/A,,,1
1759293208,any,76,N/A,IPv4,TCP,N/A,v4,10.10.10.109,10.10.10.68,1339,50140,N/A,N/A,N/A,N/A,,,1
1759293208,any,217,N/A,IPv4,TCP,N/A,v4,10.10.10.68,10.10.10.109,50140,1339,N/A,N/A,N/A,N/A,,,1
1759293208,any,68,N/A,IPv4,TCP,N/A,v4,10.10.10.109,10.10.10.68,1339,50140,N/A,N/A,N/A,N/A,,,1
1759293208,any,507,N/A,IPv4,TCP,N/A,v4,10.10.10.109,10.10.10.68,1339,50056,N/A,N/A,N/A,N/A,,,1
1759293208,any,68,N/A,IPv4,TCP,N/A,v4,10.10.10.68,10.10.10.109,50056,1339,N/A,N/A,N/A,N/A,,,1
1759293208,any,222,N/A,IPv4,TCP,N/A,v4,10.10.10.109,10.10.10.68,1339,50078,N/A,N/A,N/A,N/A,,,1
1759293208,any,68,N/A,IPv4,TCP,N/A,v4,10.10.10.68,10.10.10.109,50078,1339,N/A,N/A,N/A,N/A,,,1
1759293208,any,214,N/A,IPv4,TCP,N/A,v4,10.10.10.109,10.10.10.68,1339,50090,N/A,N/A,N/A,N/A,,,1
1759293208,any,68,N/A,IPv4,TCP,N/A,v4,10.10.10.109,10.10.10.68,1339,50090,N/A,N/A,N/A,N/A,,,1
1759293208,any,76,N/A,IPv4,TCP,N/A,v4,10.10.10.68,10.10.10.109,50172,1339,N/A,N/A,N/A,N/A,,,1
1759293208,any,76,N/A,IPv4,TCP,N/A,v4,10.10.10.109,10.10.10.68,1339,50172,N/A,N/A,N/A,N/A,,,1
1759293208,any,211,N/A,IPv4,TCP,N/A,v4,10.10.10.68,10.10.10.109,50156,1339,N/A,N/A,N/A,N/A,,,1
1759293208,any,219,N/A,IPv4,TCP,N/A,v4,10.10.10.68,10.10.10.109,50172,1339,N/A,N/A,N/A,N/A,,,1
1759293208,any,68,N/A,IPv4,TCP,N/A,v4,10.10.10.109,10.10.10.68,1339,50172,N/A,N/A,N/A,N/A,,,1
1759293208,any,76,N/A,IPv4,TCP,N/A,v4,10.10.10.68,10.10.10.109,50182,1339,N/A,N/A,N/A,N/A,,,1
1759293208,any,76,N/A,IPv4,TCP,N/A,v4,10.10.10.109,10.10.10.68,1339,50182,N/A,N/A,N/A,N/A,,,1
1759293208,any,224,N/A,IPv4,TCP,N/A,v4,10.10.10.68,10.10.10.109,50182,1339,N/A,N/A,N/A,N/A,,,1
1759293208,eth1,66,Ethernet,IPv4,TCP,N/A,v4,10.10.10.68,10.10.10.109,50118,1339,N/A,N/A,N/A,N/A,,,1
1759293208,eth1,202,Ethernet,IPv4,TCP,N/A,v4,10.10.10.68,10.10.10.109,50118,1339,N/A,N/A,N/A,N/A,,,1
1759293208,eth1,66,Ethernet,IPv4,TCP,N/A,v4,10.10.10.109,10.10.10.68,1339,50118,N/A,N/A,N/A,N/A,,,1
1759293208,eth1,221,Ethernet,IPv4,TCP,N/A,v4,10.10.10.109,10.10.10.68,1339,50012,N/A,N/A,N/A,N/A,,,1
1759293208,eth1,5858,Ethernet,IPv4,TCP,N/A,v4,10.10.10.109,10.10.10.68,1339,50012,N/A,N/A,N/A,N/A,,,1
1759293208,eth1,66,Ethernet,IPv4,TCP,N/A,v4,10.10.10.68,10.10.10.109,50012,1339,N/A,N/A,N/A,N/A,,,1
1759293208,eth1,66,Ethernet,IPv4,TCP,N/A,v4,10.10.10.68,10.10.10.109,50018,1339,N/A,N/A,N/A,N/A,,,1
1759293208,eth1,66,Ethernet,IPv4,TCP,N/A,v4,10.10.10.109,10.10.10.68,1339,50018,N/A,N/A,N/A,N/A,,,1
1759293208,eth1,74,Ethernet,IPv4,TCP,N/A,v4,10.10.10.68,10.10.10.109,50134,1339,N/A,N/A,N/A,N/A,,,1
1759293208,eth1,74,Ethernet,IPv4,TCP,N/A,v4,10.10.10.109,10.10.10.68,1339,50134,N/A,N/A,N/A,N/A,,,1
1759293208,eth1,66,Ethernet,IPv4,TCP,N/A,v4,10.10.10.68,10.10.10.109,50134,1339,N/A,N/A,N/A,N/A,,,1
1759293208,eth1,208,Ethernet,IPv4,TCP,N/A,v4,10.10.10.68,10.10.10.109,50134,1339,N/A,N/A,N/A,N/A,,,1
1759293208,eth1,66,Ethernet,IPv4,TCP,N/A,v4,10.10.10.109,10.10.10.68,1339,50134,N/A,N/A,N/A,N/A,,,1
1759293208,eth1,220,Ethernet,IPv4,TCP,N/A,v4,10.10.10.109,10.10.10.68,1339,50028,N/A,N/A,N/A,N/A,,,1
1759293208,eth1,550,Ethernet,IPv4,TCP,N/A,v4,10.10.10.109,10.10.10.68,1339,50028,N/A,N/A,N/A,N/A,,,1
1759293208,eth1,66,Ethernet,IPv4,TCP,N/A,v4,10.10.10.68,10.10.10.109,50028,1339,N/A,N/A,N/A,N/A,,,1
1759293208,eth1,66,Ethernet,IPv4,TCP,N/A,v4,10.10.10.68,10.10.10.109,50028,1339,N/A,N/A,N/A,N/A,,,1
1759293208,eth1,74,Ethernet,IPv4,TCP,N/A,v4,10.10.10.68,10.10.10.109,50140,1339,N/A,N/A,N/A,N/A,,,1
1759293208,eth1,74,Ethernet,IPv4,TCP,N/A,v4,10.10.10.109,10.10.10.68,1339,50140,N/A,N/A,N/A,N/A,,,1
1759293208,eth1,66,Ethernet,IPv4,TCP,N/A,v4,10.10.10.68,10.10.10.109,50140,1339,N/A,N/A,N/A,N/A,,,1
1759293208,eth1,215,Ethernet,IPv4,TCP,N/A,v4,10.10.10.68,10.10.10.109,50140,1339,N/A,N/A,N/A,N/A,,,1
1759293208,eth1,66,Ethernet,IPv4,TCP,N/A,v4,10.10.10.109,10.10.10.68,1339,50140,N/A,N/A,N/A,N/A,,,1
1759293208,eth1,220,Ethernet,IPv4,TCP,N/A,v4,10.10.10.109,10.10.10.68,1339,50056,N/A,N/A,N/A,N/A,,,1
1759293208,eth1,66,Ethernet,IPv4,TCP,N/A,v4,10.10.10.68,10.10.10.109,50056,1339,N/A,N/A,N/A,N/A,,,1
1759293208,eth1,66,Ethernet,IPv4,TCP,N/A,v4,10.10.10.68,10.10.10.109,50056,1339,N/A,N/A,N/A,N/A,,,1
1759293208,eth1,66,Ethernet,IPv4,TCP,N/A,v4,10.10.10.109,10.10.10.68,1339,50056,N/A,N/A,N/A,N/A,,,1
1759293208,eth1,220,Ethernet,IPv4,TCP,N/A,v4,10.10.10.109,10.10.10.68,1339,50078,N/A,N/A,N/A,N/A,,,1
1759293208,eth1,66,Ethernet,IPv4,TCP,N/A,v4,10.10.10.68,10.10.10.109,50078,1339,N/A,N/A,N/A,N/A,,,1
1759293208,eth1,513,Ethernet,IPv4,TCP,N/A,v4,10.10.10.109,10.10.10.68,1339,50078,N/A,N/A,N/A,N/A,,,1
1759293208,eth1,66,Ethernet,IPv4,TCP,N/A,v4,10.10.10.68,10.10.10.109,50078,1339,N/A,N/A,N/A,N/A,,,1
1759293208,eth1,66,Ethernet,IPv4,TCP,N/A,v4,10.10.10.109,10.10.10.68,1339,50078,N/A,N/A,N/A,N/A,,,1
1759293208,eth1,212,Ethernet,IPv4,TCP,N/A,v4,10.10.10.109,10.10.10.68,1339,50090,N/A,N/A,N/A,N/A,,,1
1759293208,any,208,N/A,IPv4,TCP,N/A,v4,10.10.10.109,10.10.10.68,1339,50118,N/A,N/A,N/A,N/A,,,1
1759293208,any,68,N/A,IPv4,TCP,N/A,v4,10.10.10.68,10.10.10.109,50118,1339,N/A,N/A,N/A,N/A,,,1
1759293208,any,76,N/A,IPv4,TCP,N/A,v4,10.10.10.109,10.10.10.68,1339,50192,N/A,N/A,N/A,N/A,,,1
1759293208,any,223,N/A,IPv4,TCP,N/A,v4,10.10.10.109,10.10.10.68,1339,50134,N/A,N/A,N/A,N/A,,,1
1759293208,any,222,N/A,IPv4,TCP,N/A,v4,10.10.10.109,10.10.10.68,1339,50156,N/A,N/A,N/A,N/A,,,1
1759293208,eth1,66,Ethernet,IPv4,TCP,N/A,v4,10.10.10.68,10.10.10.109,50090,1339,N/A,N/A,N/A,N/A,,,1
1759293208,eth1,66,Ethernet,IPv4,TCP,N/A,v4,10.10.10.109,10.10.10.68,1339,50090,N/A,N/A,N/A,N/A,,,1
1759293208,eth1,74,Ethernet,IPv4,TCP,N/A,v4,10.10.10.68,10.10.10.109,50172,1339,N/A,N/A,N/A,N/A,,,1
1759293208,eth1,74,Ethernet,IPv4,TCP,N/A,v4,10.10.10.109,10.10.10.68,1339,50156,N/A,N/A,N/A,N/A,,,1
1759293208,eth1,66,Ethernet,IPv4,TCP,N/A,v4,10.10.10.68,10.10.10.109,50156,1339,N/A,N/A,N/A,N/A,,,1
1759293208,eth1,209,Ethernet,IPv4,TCP,N/A,v4,10.10.10.68,10.10.10.109,50156,1339,N/A,N/A,N/A,N/A,,,1
1759293208,eth1,66,Ethernet,IPv4,TCP,N/A,v4,10.10.10.109,10.10.10.68,1339,50156,N/A,N/A,N/A,N/A,,,1
1759293208,eth1,217,Ethernet,IPv4,TCP,N/A,v4,10.10.10.68,10.10.10.109,50172,1339,N/A,N/A,N/A,N/A,,,1
1759293208,eth1,66,Ethernet,IPv4,TCP,N/A,v4,10.10.10.109,10.10.10.68,1339,50172,N/A,N/A,N/A,N/A,,,1
1759293208,eth1,74,Ethernet,IPv4,TCP,N/A,v4,10.10.10.68,10.10.10.109,50182,1339,N/A,N/A,N/A,N/A,,,1
1759293208,eth1,74,Ethernet,IPv4,TCP,N/A,v4,10.10.10.109,10.10.10.68,1339,50182,N/A,N/A,N/A,N/A,,,1
1759293208,eth1,66,Ethernet,IPv4,TCP,N/A,v4,10.10.10.68,10.10.10.109,50182,1339,N/A,N/A,N/A,N/A,,,1
1759293208,eth1,222,Ethernet,IPv4,TCP,N/A,v4,10.10.10.68,10.10.10.109,50182,1339,N/A,N/A,N/A,N/A,,,1
1759293208,eth1,66,Ethernet,IPv4,TCP,N/A,v4,10.10.10.109,10.10.10.68,1339,50182,N/A,N/A,N/A,N/A,,,1
1759293208,eth1,206,Ethernet,IPv4,TCP,N/A,v4,10.10.10.109,10.10.10.68,1339,50118,N/A,N/A,N/A,N/A,,,1
1759293208,eth1,66,Ethernet,IPv4,TCP,N/A,v4,10.10.10.68,10.10.10.109,50118,1339,N/A,N/A,N/A,N/A,,,1
1759293208,eth1,66,Ethernet,IPv4,TCP,N/A,v4,10.10.10.109,10.10.10.68,1339,50118,N/A,N/A,N/A,N/A,,,1
1759293208,eth1,66,Ethernet,IPv4,TCP,N/A,v4,10.10.10.68,10.10.10.109,50118,1339,N/A,N/A,N/A,N/A,,,1
1759293208,eth1,66,Ethernet,IPv4,TCP,N/A,v4,10.10.10.109,10.10.10.68,1339,50118,N/A,N/A,N/A,N/A,,,1
1759293208,eth1,74,Ethernet,IPv4,TCP,N/A,v4,10.10.10.68,10.10.10.109,50192,1339,N/A,N/A,N/A,N/A,,,1
1759293208,eth1,74,Ethernet,IPv4,TCP,N/A,v4,10.10.10.109,10.10.10.68,1339,50192,N/A,N/A,N/A,N/A,,,1
1759293208,eth1,66,Ethernet,IPv4,TCP,N/A,v4,10.10.10.68,10.10.10.109,50192,1339,N/A,N/A,N/A,N/A,,,1
1759293208,eth1,203,Ethernet,IPv4,TCP,N/A,v4,10.10.10.68,10.10.10.109,50192,1339,N/A,N/A,N/A,N/A,,,1
1759293208,eth1,66,Ethernet,IPv4,TCP,N/A,v4,10.10.10.109,10.10.10.68,1339,50192,N/A,N/A,N/A,N/A,,,1
1759293208,eth1,221,Ethernet,IPv4,TCP,N/A,v4,10.10.10.109,10.10.10.68,1339,50134,N/A,N/A,N/A,N/A,,,1
1759293208,eth1,66,Ethernet,IPv4,TCP,N/A,v4,10.10.10.68,10.10.10.109,50134,1339,N/A,N/A,N/A,N/A,,,1
1759293208,eth1,1399,Ethernet,IPv4,TCP,N/A,v4,10.10.10.109,10.10.10.68,1339,50134,N/A,N/A,N/A,N/A,,,1
1759293208,eth1,219,Ethernet,IPv4,TCP,N/A,v4,10.10.10.109,10.10.10.68,1339,50140,N/A,N/A,N/A,N/A,,,1
1759293208,eth1,66,Ethernet,IPv4,TCP,N/A,v4,10.10.10.68,10.10.10.109,50140,1339,N/A,N/A,N/A,N/A,,,1
1759293208,eth1,66,Ethernet,IPv4,TCP,N/A,v4,10.10.10.109,10.10.10.68,1339,50140,N/A,N/A,N/A,N/A,,,1
1759293208,eth1,66,Ethernet,IPv4,TCP,N/A,v4,10.10.10.68,10.10.10.109,50140,1339,N/A,N/A,N/A,N/A,,,1
1759293208,eth1,74,Ethernet,IPv4,TCP,N/A,v4,10.10.10.109,10.10.10.68,1339,50198,N/A,N/A,N/A,N/A,,,1
1759293208,eth1,66,Ethernet,IPv4,TCP,N/A,v4,10.10.10.68,10.10.10.109,50198,1339,N/A,N/A,N/A,N/A,,,1
1759293208,eth1,216,Ethernet,IPv4,TCP,N/A,v4,10.10.10.68,10.10.10.109,50198,1339,N/A,N/A,N/A,N/A,,,1
1759293208,eth1,220,Ethernet,IPv4,TCP,N/A,v4,10.10.10.109,10.10.10.68,1339,50156,N/A,N/A,N/A,N/A,,,1
1759293208,eth1,66,Ethernet,IPv4,TCP,N/A,v4,10.10.10.68,10.10.10.109,50156,1339,N/A,N/A,N/A,N/A,,,1
1759293208,eth1,561,Ethernet,IPv4,TCP,N/A,v4,10.10.10.109,10.10.10.68,1339,50156,N/A,N/A,N/A,N/A,,,1
1759293208,eth1,221,Ethernet,IPv4,TCP,N/A,v4,10.10.10.109,10.10.10.68,1339,50172,N/A,N/A,N/A,N/A,,,1
1759293208,eth1,66,Ethernet,IPv4,TCP,N/A,v4,10.10.10.68,10.10.10.109,50172,1339,N/A,N/A,N/A,N/A,,,1
1759293208,eth1,66,Ethernet,IPv4,TCP,N/A,v4,10.10.10.109,10.10.10.68,1339,50172,N/A,N/A,N/A,N/A,,,1
1759293208,eth1,66,Ethernet,IPv4,TCP,N/A,v4,10.10.10.68,10.10.10.109,50172,1339,N/A,N/A,N/A,N/A,,,1
1759293208,eth1,66,Ethernet,IPv4,TCP,N/A,v4,10.10.10.109,10.10.10.68,1339,50172,N/A,N/A,N/A,N/A,,,1
1759293208,eth1,74,Ethernet,IPv4,TCP,N/A,v4,10.10.10.68,10.10.10.109,50210,1339,N/A,N/A,N/A,N/A,,,1
1759293208,eth1,74,Ethernet,IPv4,TCP,N/A,v4,10.10.10.109,10.10.10.68,1339,50210,N/A,N/A,N/A,N/A,,,1
1759293208,eth1,66,Ethernet,IPv4,TCP,N/A,v4,10.10.10.68,10.10.10.109,50210,1339,N/A,N/A,N/A,N/A,,,1
1759293208,any,68,N/A,IPv4,TCP,N/A,v4,10.10.10.68,10.10.10.109,50172,1339,N/A,N/A,N/A,N/A,,,1
1759293208,any,68,N/A,IPv4,TCP,N/A,v4,10.10.10.109,10.10.10.68,1339,50172,N/A,N/A,N/A,N/A,,,1
1759293208,any,76,N/A,IPv4,TCP,N/A,v4,10.10.10.68,10.10.10.109,50210,1339,N/A,N/A,N/A,N/A,,,1
1759293208,any,76,N/A,IPv4,TCP,N/A,v4,10.10.10.109,10.10.10.68,1339,50210,N/A,N/A,N/A,N/A,,,1
1759293208,any,220,N/A,IPv4,TCP,N/A,v4,10.10.10.68,10.10.10.109,50210,1339,N/A,N/A,N/A,N/A,,,1
1759293208,any,68,N/A,IPv4,TCP,N/A,v4,10.10.10.109,10.10.10.68,1339,50210,N/A,N/A,N/A,N/A,,,1
1759293208,any,228,N/A,IPv4,TCP,N/A,v4,10.10.10.109,10.10.10.68,1339,50182,N/A,N/A,N/A,N/A,,,1
1759293208,any,68,N/A,IPv4,TCP,N/A,v4,10.10.10.109,10.10.10.68,1339,50182,N/A,N/A,N/A,N/A,,,1
1759293208,any,68,N/A,IPv4,TCP,N/A,v4,10.10.10.68,10.10.10.109,50182,1339,N/A,N/A,N/A,N/A,,,1
1759293208,any,68,N/A,IPv4,TCP,N/A,v4,10.10.10.109,10.10.10.68,1339,50182,N/A,N/A,N/A,N/A,,,1
1759293208,any,76,N/A,IPv4,TCP,N/A,v4,10.10.10.68,10.10.10.109,50218,1339,N/A,N/A,N/A,N/A,,,1
1759293208,any,76,N/A,IPv4,TCP,N/A,v4,10.10.10.109,10.10.10.68,1339,50218,N/A,N/A,N/A,N/A,,,1
1759293208,any,225,N/A,IPv4,TCP,N/A,v4,10.10.10.68,10.10.10.109,50218,1339,N/A,N/A,N/A,N/A,,,1
1759293208,any,222,N/A,IPv4,TCP,N/A,v4,10.10.10.109,10.10.10.68,1339,50192,N/A,N/A,N/A,N/A,,,1
1759293208,any,76,N/A,IPv4,TCP,N/A,v4,10.10.10.68,10.10.10.109,50224,1339,N/A,N/A,N/A,N/A,,,1
1759293208,any,76,N/A,IPv4,TCP,N/A,v4,10.10.10.109,10.10.10.68,1339,50224,N/A,N/A,N/A,N/A,,,1
1759293208,any,222,N/A,IPv4,TCP,N/A,v4,10.10.10.109,10.10.10.68,1339,50198,N/A,N/A,N/A,N/A,,,1
1759293208,any,575,N/A,IPv4,TCP,N/A,v4,10.10.10.109,10.10.10.68,1339,50198,N/A,N/A,N/A,N/A,,,1
1759293208,any,68,N/A,IPv4,TCP,N/A,v4,10.10.10.68,10.10.10.109,50198,1339,N/A,N/A,N/A,N/A,,,1
1759293208,any,68,N/A,IPv4,TCP,N/A,v4,10.10.10.109,10.10.10.68,1339,50198,N/A,N/A,N/A,N/A,,,1
1759293208,any,216,N/A,IPv4,TCP,N/A,v4,10.10.10.68,10.10.10.109,50224,1339,N/A,N/A,N/A,N/A,,,1
1759293208,any,68,N/A,IPv4,TCP,N/A,v4,10.10.10.109,10.10.10.68,1339,50224,N/A,N/A,N/A,N/A,,,1
1759293208,any,76,N/A,IPv4,TCP,N/A,v4,10.10.10.68,10.10.10.109,50240,1339,N/A,N/A,N/A,N/A,,,1
1759293208,any,209,N/A,IPv4,TCP,N/A,v4,10.10.10.68,10.10.10.109,50240,1339,N/A,N/A,N/A,N/A,,,1
1759293208,any,68,N/A,IPv4,TCP,N/A,v4,10.10.10.109,10.10.10.68,1339,50240,N/A,N/A,N/A,N/A,,,1
1759293208,any,222,N/A,IPv4,TCP,N/A,v4,10.10.10.109,10.10.10.68,1339,50210,N/A,N/A,N/A,N/A,,,1
1759293208,any,76,N/A,IPv4,TCP,N/A,v4,10.10.10.68,10.10.10.109,50252,1339,N/A,N/A,N/A,N/A,,,1
1759293208,any,76,N/A,IPv4,TCP,N/A,v4,10.10.10.109,10.10.10.68,1339,50252,N/A,N/A,N/A,N/A,,,1
1759293208,any,231,N/A,IPv4,TCP,N/A,v4,10.10.10.68,10.10.10.109,50252,1339,N/A,N/A,N/A,N/A,,,1
1759293208,any,68,N/A,IPv4,TCP,N/A,v4,10.10.10.109,10.10.10.68,1339,50252,N/A,N/A,N/A,N/A,,,1
1759293208,eth1,218,Ethernet,IPv4,TCP,N/A,v4,10.10.10.68,10.10.10.109,50210,1339,N/A,N/A,N/A,N/A,,,1
1759293208,eth1,66,Ethernet,IPv4,TCP,N/A,v4,10.10.10.109,10.10.10.68,1339,50210,N/A,N/A,N/A,N/A,,,1
1759293208,eth1,226,Ethernet,IPv4,TCP,N/A,v4,10.10.10.109,10.10.10.68,1339,50182,N/A,N/A,N/A,N/A,,,1
1759293208,eth1,66,Ethernet,IPv4,TCP,N/A,v4,10.10.10.68,10.10.10.109,50182,1339,N/A,N/A,N/A,N/A,,,1
1759293208,eth1,66,Ethernet,IPv4,TCP,N/A,v4,10.10.10.109,10.10.10.68,1339,50182,N/A,N/A,N/A,N/A,,,1
1759293208,eth1,66,Ethernet,IPv4,TCP,N/A,v4,10.10.10.68,10.10.10.109,50182,1339,N/A,N/A,N/A,N/A,,,1
1759293208,eth1,66,Ethernet,IPv4,TCP,N/A,v4,10.10.10.109,10.10.10.68,1339,50182,N/A,N/A,N/A,N/A,,,1
1759293208,eth1,74,Ethernet,IPv4,TCP,N/A,v4,10.10.10.68,10.10.10.109,50218,1339,N/A,N/A,N/A,N/A,,,1
1759293208,eth1,74,Ethernet,IPv4,TCP,N/A,v4,10.10.10.109,10.10.10.68,1339,50218,N/A,N/A,N/A,N/A,,,1
1759293208,eth1,66,Ethernet,IPv4,TCP,N/A,v4,10.10.10.68,10.10.10.109,50218,1339,N/A,N/A,N/A,N/A,,,1
1759293208,eth1,223,Ethernet,IPv4,TCP,N/A,v4,10.10.10.68,10.10.10.109,50218,1339,N/A,N/A,N/A,N/A,,,1
1759293208,eth1,66,Ethernet,IPv4,TCP,N/A,v4,10.10.10.109,10.10.10.68,1339,50218,N/A,N/A,N/A,N/A,,,1
1759293208,eth1,220,Ethernet,IPv4,TCP,N/A,v4,10.10.10.109,10.10.10.68,1339,50192,N/A,N/A,N/A,N/A,,,1
1759293208,eth1,66,Ethernet,IPv4,TCP,N/A,v4,10.10.10.68,10.10.10.109,50192,1339,N/A,N/A,N/A,N/A,,,1
1759293208,eth1,693,Ethernet,IPv4,TCP,N/A,v4,10.10.10.109,10.10.10.68,1339,50192,N/A,N/A,N/A,N/A,,,1
1759293208,eth1,74,Ethernet,IPv4,TCP,N/A,v4,10.10.10.68,10.10.10.109,50224,1339,N/A,N/A,N/A,N/A,,,1
1759293208,eth1,74,Ethernet,IPv4,TCP,N/A,v4,10.10.10.109,10.10.10.68,1339,50224,N/A,N/A,N/A,N/A,,,1
1759293208,eth1,66,Ethernet,IPv4,TCP,N/A,v4,10.10.10.68,10.10.10.109,50224,1339,N/A,N/A,N/A,N/A,,,1
1759293208,eth1,220,Ethernet,IPv4,TCP,N/A,v4,10.10.10.109,10.10.10.68,1339,50198,N/A,N/A,N/A,N/A,,,1
1759293208,eth1,573,Ethernet,IPv4,TCP,N/A,v4,10.10.10.109,10.10.10.68,1339,50198,N/A,N/A,N/A,N/A,,,1
1759293208,eth1,66,Ethernet,IPv4,TCP,N/A,v4,10.10.10.68,10.10.10.109,50198,1339,N/A,N/A,N/A,N/A,,,1
1759293208,eth1,66,Ethernet,IPv4,TCP,N/A,v4,10.10.10.109,10.10.10.68,1339,50198,N/A,N/A,N/A,N/A,,,1
1759293208,eth1,214,Ethernet,IPv4,TCP,N/A,v4,10.10.10.68,10.10.10.109,50224,1339,N/A,N/A,N/A,N/A,,,1
1759293208,eth1,66,Ethernet,IPv4,TCP,N/A,v4,10.10.10.109,10.10.10.68,1339,50224,N/A,N/A,N/A,N/A,,,1
1759293208,eth1,74,Ethernet,IPv4,TCP,N/A,v4,10.10.10.68,10.10.10.109,50240,1339,N/A,N/A,N/A,N/A,,,1
1759293208,eth1,74,Ethernet,IPv4,TCP,N/A,v4,10.10.10.109,10.10.10.68,1339,50240,N/A,N/A,N/A,N/A,,,1
1759293208,eth1,66,Ethernet,IPv4,TCP,N/A,v4,10.10.10.68,10.10.10.109,50240,1339,N/A,N/A,N/A,N/A,,,1
1759293208,eth1,207,Ethernet,IPv4,TCP,N/A,v4,10.10.10.68,10.10.10.109,50240,1339,N/A,N/A,N/A,N/A,,,1
1759293208,eth1,66,Ethernet,IPv4,TCP,N/A,v4,10.10.10.109,10.10.10.68,1339,50240,N/A,N/A,N/A,N/A,,,1
1759293208,eth1,220,Ethernet,IPv4,TCP,N/A,v4,10.10.10.109,10.10.10.68,1339,50210,N/A,N/A,N/A,N/A,,,1
1759293208,eth1,66,Ethernet,IPv4,TCP,N/A,v4,10.10.10.68,10.10.10.109,50210,1339,N/A,N/A,N/A,N/A,,,1
1759293208,eth1,613,Ethernet,IPv4,TCP,N/A,v4,10.10.10.109,10.10.10.68,1339,50210,N/A,N/A,N/A,N/A,,,1
1759293208,eth1,74,Ethernet,IPv4,TCP,N/A,v4,10.10.10.68,10.10.10.109,50252,1339,N/A,N/A,N/A,N/A,,,1
1759293208,eth1,74,Ethernet,IPv4,TCP,N/A,v4,10.10.10.109,10.10.10.68,1339,50252,N/A,N/A,N/A,N/A,,,1
1759293208,eth1,66,Ethernet,IPv4,TCP,N/A,v4,10.10.10.68,10.10.10.109,50252,1339,N/A,N/A,N/A,N/A,,,1
1759293208,eth1,229,Ethernet,IPv4,TCP,N/A,v4,10.10.10.68,10.10.10.109,50252,1339,N/A,N/A,N/A,N/A,,,1
1759293208,eth1,66,Ethernet,IPv4,TCP,N/A,v4,10.10.10.109,10.10.10.68,1339,50252,N/A,N/A,N/A,N/A,,,1
1759293208,eth1,220,Ethernet,IPv4,TCP,N/A,v4,10.10.10.109,10.10.10.68,1339,50218,N/A,N/A,N/A,N/A,,,1
1759293208,eth1,66,Ethernet,IPv4,TCP,N/A,v4,10.10.10.68,10.10.10.109,50218,1339,N/A,N/A,N/A,N/A,,,1
1759293208,eth1,753,Ethernet,IPv4,TCP,N/A,v4,10.10.10.109,10.10.10.68,1339,50218,N/A,N/A,N/A,N/A,,,1
1759293208,eth1,66,Ethernet,IPv4,TCP,N/A,v4,10.10.10.68,10.10.10.109,50218,1339,N/A,N/A,N/A,N/A,,,1
1759293208,eth1,66,Ethernet,IPv4,TCP,N/A,v4,10.10.10.68,10.10.10.109,50218,1339,N/A,N/A,N/A,N/A,,,1
1759293208,eth1,74,Ethernet,IPv4,TCP,N/A,v4,10.10.10.68,10.10.10.109,50264,1339,N/A,N/A,N/A,N/A,,,1
1759293208,eth1,74,Ethernet,IPv4,TCP,N/A,v4,10.10.10.109,10.10.10.68,1339,50264,N/A,N/A,N/A,N/A,,,1
1759293208,eth1,66,Ethernet,IPv4,TCP,N/A,v4,10.10.10.68,10.10.10.109,50264,1339,N/A,N/A,N/A,N/A,,,1
1759293208,any,222,N/A,IPv4,TCP,N/A,v4,10.10.10.109,10.10.10.68,1339,50218,N/A,N/A,N/A,N/A,,,1
1759293208,any,76,N/A,IPv4,TCP,N/A,v4,10.10.10.68,10.10.10.109,50264,1339,N/A,N/A,N/A,N/A,,,1
1759293208,any,76,N/A,IPv4,TCP,N/A,v4,10.10.10.109,10.10.10.68,1339,50264,N/A,N/A,N/A,N/A,,,1
1759293208,any,236,N/A,IPv4,TCP,N/A,v4,10.10.10.68,10.10.10.109,50264,1339,N/A,N/A,N/A,N/A,,,1
1759293208,any,68,N/A,IPv4,TCP,N/A,v4,10.10.10.109,10.10.10.68,1339,50264,N/A,N/A,N/A,N/A,,,1
1759293208,any,220,N/A,IPv4,TCP,N/A,v4,10.10.10.109,10.10.10.68,1339,50224,N/A,N/A,N/A,N/A,,,1
1759293208,any,76,N/A,IPv4,TCP,N/A,v4,10.10.10.109,10.10.10.68,1339,50270,N/A,N/A,N/A,N/A,,,1
1759293208,any,217,N/A,IPv4,TCP,N/A,v4,10.10.10.68,10.10.10.109,50270,1339,N/A,N/A,N/A,N/A,,,1
1759293208,any,68,N/A,IPv4,TCP,N/A,v4,10.10.10.109,10.10.10.68,1339,50270,N/A,N/A,N/A,N/A,,,1
1759293208,any,213,N/A,IPv4,TCP,N/A,v4,10.10.10.109,10.10.10.68,1339,50240,N/A,N/A,N/A,N/A,,,1
1759293208,any,76,N/A,IPv4,TCP,N/A,v4,10.10.10.109,10.10.10.68,1339,50272,N/A,N/A,N/A,N/A,,,1
1759293208,any,210,N/A,IPv4,TCP,N/A,v4,10.10.10.68,10.10.10.109,50272,1339,N/A,N/A,N/A,N/A,,,1
1759293208,any,68,N/A,IPv4,TCP,N/A,v4,10.10.10.109,10.10.10.68,1339,50272,N/A,N/A,N/A,N/A,,,1
1759293208,any,235,N/A,IPv4,TCP,N/A,v4,10.10.10.109,10.10.10.68,1339,50252,N/A,N/A,N/A,N/A,,,1
1759293208,any,76,N/A,IPv4,TCP,N/A,v4,10.10.10.109,10.10.10.68,1339,50282,N/A,N/A,N/A,N/A,,,1
1759293208,any,232,N/A,IPv4,TCP,N/A,v4,10.10.10.68,10.10.10.109,50282,1339,N/A,N/A,N/A,N/A,,,1
1759293208,any,68,N/A,IPv4,TCP,N/A,v4,10.10.10.109,10.10.10.68,1339,50282,N/A,N/A,N/A,N/A,,,1
1759293208,eth1,234,Ethernet,IPv4,TCP,N/A,v4,10.10.10.68,10.10.10.109,50264,1339,N/A,N/A,N/A,N/A,,,1
1759293208,eth1,66,Ethernet,IPv4,TCP,N/A,v4,10.10.10.109,10.10.10.68,1339,50264,N/A,N/A,N/A,N/A,,,1
1759293208,eth1,218,Ethernet,IPv4,TCP,N/A,v4,10.10.10.109,10.10.10.68,1339,50224,N/A,N/A,N/A,N/A,,,1
1759293208,eth1,66,Ethernet,IPv4,TCP,N/A,v4,10.10.10.68,10.10.10.109,50224,1339,N/A,N/A,N/A,N/A,,,1
1759293208,eth1,66,Ethernet,IPv4,TCP,N/A,v4,10.10.10.109,10.10.10.68,1339,50224,N/A,N/A,N/A,N/A,,,1
1759293208,eth1,66,Ethernet,IPv4,TCP,N/A,v4,10.10.10.68,10.10.10.109,50224,1339,N/A,N/A,N/A,N/A,,,1
1759293208,eth1,66,Ethernet,IPv4,TCP,N/A,v4,10.10.10.109,10.10.10.68,1339,50224,N/A,N/A,N/A,N/A,,,1
1759293208,eth1,74,Ethernet,IPv4,TCP,N/A,v4,10.10.10.109,10.10.10.68,1339,50270,N/A,N/A,N/A,N/A,,,1
1759293208,eth1,66,Ethernet,IPv4,TCP,N/A,v4,10.10.10.68,10.10.10.109,50270,1339,N/A,N/A,N/A,N/A,,,1
1759293208,eth1,215,Ethernet,IPv4,TCP,N/A,v4,10.10.10.68,10.10.10.109,50270,1339,N/A,N/A,N/A,N/A,,,1
1759293208,eth1,66,Ethernet,IPv4,TCP,N/A,v4,10.10.10.109,10.10.10.68,1339,50270,N/A,N/A,N/A,N/A,,,1
1759293208,eth1,211,Ethernet,IPv4,TCP,N/A,v4,10.10.10.109,10.10.10.68,1339,50240,N/A,N/A,N/A,N/A,,,1
1759293208,eth1,66,Ethernet,IPv4,TCP,N/A,v4,10.10.10.68,10.10.10.109,50240,1339,N/A,N/A,N/A,N/A,,,1
1759293208,eth1,66,Ethernet,IPv4,TCP,N/A,v4,10.10.10.109,10.10.10.68,1339,50240,N/A,N/A,N/A,N/A,,,1
1759293208,eth1,74,Ethernet,IPv4,TCP,N/A,v4,10.10.10.109,10.10.10.68,1339,50272,N/A,N/A,N/A,N/A,,,1
1759293208,eth1,66,Ethernet,IPv4,TCP,N/A,v4,10.10.10.68,10.10.10.109,50272,1339,N/A,N/A,N/A,N/A,,,1
1759293208,eth1,208,Ethernet,IPv4,TCP,N/A,v4,10.10.10.68,10.10.10.109,50272,1339,N/A,N/A,N/A,N/A,,,1
1759293208,eth1,66,Ethernet,IPv4,TCP,N/A,v4,10.10.10.109,10.10.10.68,1339,50272,N/A,N/A,N/A,N/A,,,1
1759293208,eth1,233,Ethernet,IPv4,TCP,N/A,v4,10.10.10.109,10.10.10.68,1339,50252,N/A,N/A,N/A,N/A,,,1
1759293208,eth1,66,Ethernet,IPv4,TCP,N/A,v4,10.10.10.68,10.10.10.109,50252,1339,N/A,N/A,N/A,N/A,,,1
1759293208,eth1,66,Ethernet,IPv4,TCP,N/A,v4,10.10.10.109,10.10.10.68,1339,50252,N/A,N/A,N/A,N/A,,,1
1759293208,eth1,74,Ethernet,IPv4,TCP,N/A,v4,10.10.10.109,10.10.10.68,1339,50282,N/A,N/A,N/A,N/A,,,1
1759293208,eth1,66,Ethernet,IPv4,TCP,N/A,v4,10.10.10.68,10.10.10.109,50282,1339,N/A,N/A,N/A,N/A,,,1
1759293208,eth1,230,Ethernet,IPv4,TCP,N/A,v4,10.10.10.68,10.10.10.109,50282,1339,N/A,N/A,N/A,N/A,,,1
1759293208,eth1,66,Ethernet,IPv4,TCP,N/A,v4,10.10.10.109,10.10.10.68,1339,50282,N/A,N/A,N/A,N/A,,,1
1759293208,eth1,238,Ethernet,IPv4,TCP,N/A,v4,10.10.10.109,10.10.10.68,1339,50264,N/A,N/A,N/A,N/A,,,1
1759293208,eth1,66,Ethernet,IPv4,TCP,N/A,v4,10.10.10.68,10.10.10.109,50264,1339,N/A,N/A,N/A,N/A,,,1
1759293208,eth1,66,Ethernet,IPv4,TCP,N/A,v4,10.10.10.109,10.10.10.68,1339,50264,N/A,N/A,N/A,N/A,,,1
1759293208,eth1,66,Ethernet,IPv4,TCP,N/A,v4,10.10.10.68,10.10.10.109,50264,1339,N/A,N/A,N/A,N/A,,,1
1759293208,eth1,66,Ethernet,IPv4,TCP,N/A,v4,10.10.10.109,10.10.10.68,1339,50264,N/A,N/A,N/A,N/A,,,1
1759293208,eth1,74,Ethernet,IPv4,TCP,N/A,v4,10.10.10.68,10.10.10.109,50286,1339,N/A,N/A,N/A,N/A,,,1
1759293208,eth1,74,Ethernet,IPv4,TCP,N/A,v4,10.10.10.109,10.10.10.68,1339,50286,N/A,N/A,N/A,N/A,,,1
1759293208,eth1,66,Ethernet,IPv4,TCP,N/A,v4,10.10.10.68,10.10.10.109,50286,1339,N/A,N/A,N/A,N/A,,,1
1759293208,any,68,N/A,IPv4,TCP,N/A,v4,10.10.10.109,10.10.10.68,1339,50264,N/A,N/A,N/A,N/A,,,1
1759293208,eth2,70,Ethernet,IPv6,ICMP,N/A,v6,fe80::dcac:f9ff:fe59:60,ff02::204,N/A,N/A,N/A,N/A,N/A,N/A,,,1
1759293208,eth1,235,Ethernet,IPv4,TCP,N/A,v4,10.10.10.68,10.10.10.109,50286,1339,N/A,N/A,N/A,N/A,,,1
1759293208,eth1,66,Ethernet,IPv4,TCP,N/A,v4,10.10.10.109,10.10.10.68,1339,50286,N/A,N/A,N/A,N/A,,,1
1759293208,eth1,220,Ethernet,IPv4,TCP,N/A,v4,10.10.10.109,10.10.10.68,1339,50270,N/A,N/A,N/A,N/A,,,1
1759293208,eth1,66,Ethernet,IPv4,TCP,N/A,v4,10.10.10.68,10.10.10.109,50270,1339,N/A,N/A,N/A,N/A,,,1
1759293208,eth1,729,Ethernet,IPv4,TCP,N/A,v4,10.10.10.109,10.10.10.68,1339,50270,N/A,N/A,N/A,N/A,,,1
1759293208,eth1,66,Ethernet,IPv4,TCP,N/A,v4,10.10.10.68,10.10.10.109,50270,1339,N/A,N/A,N/A,N/A,,,1
1759293208,eth1,66,Ethernet,IPv4,TCP,N/A,v4,10.10.10.68,10.10.10.109,50270,1339,N/A,N/A,N/A,N/A,,,1
1759293208,eth1,220,Ethernet,IPv4,TCP,N/A,v4,10.10.10.109,10.10.10.68,1339,50272,N/A,N/A,N/A,N/A,,,1
1759293208,eth1,66,Ethernet,IPv4,TCP,N/A,v4,10.10.10.68,10.10.10.109,50272,1339,N/A,N/A,N/A,N/A,,,1
1759293208,eth1,596,Ethernet,IPv4,TCP,N/A,v4,10.10.10.109,10.10.10.68,1339,50272,N/A,N/A,N/A,N/A,,,1
1759293208,eth1,74,Ethernet,IPv4,TCP,N/A,v4,10.10.10.68,10.10.10.109,50292,1339,N/A,N/A,N/A,N/A,,,1
1759293208,eth1,74,Ethernet,IPv4,TCP,N/A,v4,10.10.10.109,10.10.10.68,1339,50292,N/A,N/A,N/A,N/A,,,1
1759293208,eth1,66,Ethernet,IPv4,TCP,N/A,v4,10.10.10.68,10.10.10.109,50292,1339,N/A,N/A,N/A,N/A,,,1
1759293208,eth1,212,Ethernet,IPv4,TCP,N/A,v4,10.10.10.68,10.10.10.109,50292,1339,N/A,N/A,N/A,N/A,,,1
1759293208,eth1,66,Ethernet,IPv4,TCP,N/A,v4,10.10.10.109,10.10.10.68,1339,50292,N/A,N/A,N/A,N/A,,,1
1759293208,eth1,220,Ethernet,IPv4,TCP,N/A,v4,10.10.10.109,10.10.10.68,1339,50282,N/A,N/A,N/A,N/A,,,1
1759293208,eth1,66,Ethernet,IPv4,TCP,N/A,v4,10.10.10.68,10.10.10.109,50282,1339,N/A,N/A,N/A,N/A,,,1
1759293208,eth1,520,Ethernet,IPv4,TCP,N/A,v4,10.10.10.109,10.10.10.68,1339,50282,N/A,N/A,N/A,N/A,,,1
1759293208,eth1,66,Ethernet,IPv4,TCP,N/A,v4,10.10.10.68,10.10.10.109,50282,1339,N/A,N/A,N/A,N/A,,,1
1759293208,eth1,66,Ethernet,IPv4,TCP,N/A,v4,10.10.10.109,10.10.10.68,1339,50282,N/A,N/A,N/A,N/A,,,1
1759293208,eth1,74,Ethernet,IPv4,TCP,N/A,v4,10.10.10.68,10.10.10.109,50298,1339,N/A,N/A,N/A,N/A,,,1
1759293208,eth1,74,Ethernet,IPv4,TCP,N/A,v4,10.10.10.109,10.10.10.68,1339,50298,N/A,N/A,N/A,N/A,,,1
1759293208,eth1,66,Ethernet,IPv4,TCP,N/A,v4,10.10.10.68,10.10.10.109,50298,1339,N/A,N/A,N/A,N/A,,,1
1759293208,eth1,212,Ethernet,IPv4,TCP,N/A,v4,10.10.10.68,10.10.10.109,50298,1339,N/A,N/A,N/A,N/A,,,1
1759293208,eth1,66,Ethernet,IPv4,TCP,N/A,v4,10.10.10.109,10.10.10.68,1339,50298,N/A,N/A,N/A,N/A,,,1
1759293208,eth1,220,Ethernet,IPv4,TCP,N/A,v4,10.10.10.109,10.10.10.68,1339,50286,N/A,N/A,N/A,N/A,,,1
1759293208,eth1,66,Ethernet,IPv4,TCP,N/A,v4,10.10.10.68,10.10.10.109,50286,1339,N/A,N/A,N/A,N/A,,,1
1759293208,eth1,530,Ethernet,IPv4,TCP,N/A,v4,10.10.10.109,10.10.10.68,1339,50286,N/A,N/A,N/A,N/A,,,1
1759293208,eth1,66,Ethernet,IPv4,TCP,N/A,v4,10.10.10.68,10.10.10.109,50286,1339,N/A,N/A,N/A,N/A,,,1
1759293208,eth1,66,Ethernet,IPv4,TCP,N/A,v4,10.10.10.109,10.10.10.68,1339,50286,N/A,N/A,N/A,N/A,,,1
1759293208,eth1,74,Ethernet,IPv4,TCP,N/A,v4,10.10.10.68,10.10.10.109,50312,1339,N/A,N/A,N/A,N/A,,,1
1759293208,eth1,74,Ethernet,IPv4,TCP,N/A,v4,10.10.10.109,10.10.10.68,1339,50312,N/A,N/A,N/A,N/A,,,1
1759293208,eth1,66,Ethernet,IPv4,TCP,N/A,v4,10.10.10.68,10.10.10.109,50312,1339,N/A,N/A,N/A,N/A,,,1
1759293208,eth1,216,Ethernet,IPv4,TCP,N/A,v4,10.10.10.109,10.10.10.68,1339,50292,N/A,N/A,N/A,N/A,,,1
1759293208,eth1,66,Ethernet,IPv4,TCP,N/A,v4,10.10.10.68,10.10.10.109,50292,1339,N/A,N/A,N/A,N/A,,,1
1759293208,eth1,66,Ethernet,IPv4,TCP,N/A,v4,10.10.10.109,10.10.10.68,1339,50292,N/A,N/A,N/A,N/A,,,1
1759293208,eth1,66,Ethernet,IPv4,TCP,N/A,v4,10.10.10.68,10.10.10.109,50292,1339,N/A,N/A,N/A,N/A,,,1
1759293208,eth1,66,Ethernet,IPv4,TCP,N/A,v4,10.10.10.109,10.10.10.68,1339,50292,N/A,N/A,N/A,N/A,,,1
1759293208,eth1,74,Ethernet,IPv4,TCP,N/A,v4,10.10.10.68,10.10.10.109,50318,1339,N/A,N/A,N/A,N/A,,,1
1759293208,eth1,212,Ethernet,IPv4,TCP,N/A,v4,10.10.10.68,10.10.10.109,50312,1339,N/A,N/A,N/A,N/A,,,1
1759293208,eth1,74,Ethernet,IPv4,TCP,N/A,v4,10.10.10.109,10.10.10.68,1339,50318,N/A,N/A,N/A,N/A,,,1
1759293208,eth1,66,Ethernet,IPv4,TCP,N/A,v4,10.10.10.68,10.10.10.109,50318,1339,N/A,N/A,N/A,N/A,,,1
1759293208,eth1,66,Ethernet,IPv4,TCP,N/A,v4,10.10.10.109,10.10.10.68,1339,50312,N/A,N/A,N/A,N/A,,,1
1759293208,eth1,213,Ethernet,IPv4,TCP,N/A,v4,10.10.10.68,10.10.10.109,50318,1339,N/A,N/A,N/A,N/A,,,1
1759293208,eth1,66,Ethernet,IPv4,TCP,N/A,v4,10.10.10.109,10.10.10.68,1339,50318,N/A,N/A,N/A,N/A,,,1
1759293208,eth1,74,Ethernet,IPv4,TCP,N/A,v4,10.10.10.68,10.10.10.109,50332,1339,N/A,N/A,N/A,N/A,,,1
1759293208,eth1,74,Ethernet,IPv4,TCP,N/A,v4,10.10.10.109,10.10.10.68,1339,50332,N/A,N/A,N/A,N/A,,,1
1759293208,eth1,66,Ethernet,IPv4,TCP,N/A,v4,10.10.10.68,10.10.10.109,50332,1339,N/A,N/A,N/A,N/A,,,1
1759293208,any,68,N/A,IPv4,TCP,N/A,v4,10.10.10.68,10.10.10.109,50264,1339,N/A,N/A,N/A,N/A,,,1
1759293208,any,68,N/A,IPv4,TCP,N/A,v4,10.10.10.109,10.10.10.68,1339,50264,N/A,N/A,N/A,N/A,,,1
1759293208,any,76,N/A,IPv4,TCP,N/A,v4,10.10.10.68,10.10.10.109,50286,1339,N/A,N/A,N/A,N/A,,,1
1759293208,any,237,N/A,IPv4,TCP,N/A,v4,10.10.10.68,10.10.10.109,50286,1339,N/A,N/A,N/A,N/A,,,1
1759293208,any,68,N/A,IPv4,TCP,N/A,v4,10.10.10.109,10.10.10.68,1339,50286,N/A,N/A,N/A,N/A,,,1
1759293208,any,222,N/A,IPv4,TCP,N/A,v4,10.10.10.109,10.10.10.68,1339,50270,N/A,N/A,N/A,N/A,,,1
1759293208,any,222,N/A,IPv4,TCP,N/A,v4,10.10.10.109,10.10.10.68,1339,50272,N/A,N/A,N/A,N/A,,,1
1759293208,any,76,N/A,IPv4,TCP,N/A,v4,10.10.10.68,10.10.10.109,50292,1339,N/A,N/A,N/A,N/A,,,1
1759293208,any,76,N/A,IPv4,TCP,N/A,v4,10.10.10.109,10.10.10.68,1339,50292,N/A,N/A,N/A,N/A,,,1
1759293208,any,214,N/A,IPv4,TCP,N/A,v4,10.10.10.68,10.10.10.109,50292,1339,N/A,N/A,N/A,N/A,,,1
1759293208,any,68,N/A,IPv4,TCP,N/A,v4,10.10.10.109,10.10.10.68,1339,50292,N/A,N/A,N/A,N/A,,,1
1759293208,any,72,N/A,IPv6,ICMP,N/A,v6,fe80::dcac:f9ff:fe59:60,ff02::204,N/A,N/A,N/A,N/A,N/A,N/A,,,1
1759293208,any,68,N/A,IPv4,TCP,N/A,v4,10.10.10.68,10.10.10.109,50282,1339,N/A,N/A,N/A,N/A,,,1
1759293208,any,76,N/A,IPv4,TCP,N/A,v4,10.10.10.68,10.10.10.109,50298,1339,N/A,N/A,N/A,N/A,,,1
1759293208,any,76,N/A,IPv4,TCP,N/A,v4,10.10.10.109,10.10.10.68,1339,50298,N/A,N/A,N/A,N/A,,,1
1759293208,any,214,N/A,IPv4,TCP,N/A,v4,10.10.10.68,10.10.10.109,50298,1339,N/A,N/A,N/A,N/A,,,1
1759293208,any,68,N/A,IPv4,TCP,N/A,v4,10.10.10.109,10.10.10.68,1339,50298,N/A,N/A,N/A,N/A,,,1
1759293208,any,222,N/A,IPv4,TCP,N/A,v4,10.10.10.109,10.10.10.68,1339,50286,N/A,N/A,N/A,N/A,,,1
1759293208,any,532,N/A,IPv4,TCP,N/A,v4,10.10.10.109,10.10.10.68,1339,50286,N/A,N/A,N/A,N/A,,,1
1759293208,any,68,N/A,IPv4,TCP,N/A,v4,10.10.10.68,10.10.10.109,50286,1339,N/A,N/A,N/A,N/A,,,1
1759293208,any,76,N/A,IPv4,TCP,N/A,v4,10.10.10.68,10.10.10.109,50312,1339,N/A,N/A,N/A,N/A,,,1
1759293208,any,76,N/A,IPv4,TCP,N/A,v4,10.10.10.109,10.10.10.68,1339,50312,N/A,N/A,N/A,N/A,,,1
1759293208,any,68,N/A,IPv4,TCP,N/A,v4,10.10.10.68,10.10.10.109,50292,1339,N/A,N/A,N/A,N/A,,,1
1759293208,any,214,N/A,IPv4,TCP,N/A,v4,10.10.10.68,10.10.10.109,50312,1339,N/A,N/A,N/A,N/A,,,1
1759293208,any,68,N/A,IPv4,TCP,N/A,v4,10.10.10.109,10.10.10.68,1339,50312,N/A,N/A,N/A,N/A,,,1
1759293208,any,215,N/A,IPv4,TCP,N/A,v4,10.10.10.68,10.10.10.109,50318,1339,N/A,N/A,N/A,N/A,,,1
1759293208,any,76,N/A,IPv4,TCP,N/A,v4,10.10.10.68,10.10.10.109,50332,1339,N/A,N/A,N/A,N/A,,,1
1759293208,any,76,N/A,IPv4,TCP,N/A,v4,10.10.10.109,10.10.10.68,1339,50332,N/A,N/A,N/A,N/A,,,1
1759293208,any,216,N/A,IPv4,TCP,N/A,v4,10.10.10.68,10.10.10.109,50332,1339,N/A,N/A,N/A,N/A,,,1
1759293208,any,68,N/A,IPv4,TCP,N/A,v4,10.10.10.109,10.10.10.68,1339,50332,N/A,N/A,N/A,N/A,,,1
1759293208,any,218,N/A,IPv4,TCP,N/A,v4,10.10.10.109,10.10.10.68,1339,50298,N/A,N/A,N/A,N/A,,,1
1759293208,any,68,N/A,IPv4,TCP,N/A,v4,10.10.10.109,10.10.10.68,1339,50298,N/A,N/A,N/A,N/A,,,1
1759293208,any,68,N/A,IPv4,TCP,N/A,v4,10.10.10.68,10.10.10.109,50298,1339,N/A,N/A,N/A,N/A,,,1
1759293208,any,76,N/A,IPv4,TCP,N/A,v4,10.10.10.109,10.10.10.68,1339,50342,N/A,N/A,N/A,N/A,,,1
1759293208,any,215,N/A,IPv4,TCP,N/A,v4,10.10.10.68,10.10.10.109,50342,1339,N/A,N/A,N/A,N/A,,,1
1759293208,any,68,N/A,IPv4,TCP,N/A,v4,10.10.10.68,10.10.10.109,50312,1339,N/A,N/A,N/A,N/A,,,1
1759293208,any,68,N/A,IPv4,TCP,N/A,v4,10.10.10.109,10.10.10.68,1339,50312,N/A,N/A,N/A,N/A,,,1
1759293208,any,76,N/A,IPv4,TCP,N/A,v4,10.10.10.68,10.10.10.109,50350,1339,N/A,N/A,N/A,N/A,,,1
1759293208,any,76,N/A,IPv4,TCP,N/A,v4,10.10.10.109,10.10.10.68,1339,50350,N/A,N/A,N/A,N/A,,,1
1759293208,any,215,N/A,IPv4,TCP,N/A,v4,10.10.10.68,10.10.10.109,50350,1339,N/A,N/A,N/A,N/A,,,1
1759293208,any,68,N/A,IPv4,TCP,N/A,v4,10.10.10.109,10.10.10.68,1339,50350,N/A,N/A,N/A,N/A,,,1
1759293208,any,223,N/A,IPv4,TCP,N/A,v4,10.10.10.109,10.10.10.68,1339,50318,N/A,N/A,N/A,N/A,,,1
1759293208,any,2843,N/A,IPv4,TCP,N/A,v4,10.10.10.109,10.10.10.68,1339,50318,N/A,N/A,N/A,N/A,,,1
1759293208,any,68,N/A,IPv4,TCP,N/A,v4,10.10.10.68,10.10.10.109,50318,1339,N/A,N/A,N/A,N/A,,,1
1759293208,any,68,N/A,IPv4,TCP,N/A,v4,10.10.10.109,10.10.10.68,1339,50332,N/A,N/A,N/A,N/A,,,1
1759293208,any,68,N/A,IPv4,TCP,N/A,v4,10.10.10.68,10.10.10.109,50332,1339,N/A,N/A,N/A,N/A,,,1
1759293208,any,68,N/A,IPv4,TCP,N/A,v4,10.10.10.109,10.10.10.68,1339,50332,N/A,N/A,N/A,N/A,,,1
1759293208,any,76,N/A,IPv4,TCP,N/A,v4,10.10.10.68,10.10.10.109,50352,1339,N/A,N/A,N/A,N/A,,,1
1759293208,any,76,N/A,IPv4,TCP,N/A,v4,10.10.10.109,10.10.10.68,1339,50352,N/A,N/A,N/A,N/A,,,1
1759293208,any,217,N/A,IPv4,TCP,N/A,v4,10.10.10.68,10.10.10.109,50352,1339,N/A,N/A,N/A,N/A,,,1
1759293208,eth1,214,Ethernet,IPv4,TCP,N/A,v4,10.10.10.68,10.10.10.109,50332,1339,N/A,N/A,N/A,N/A,,,1
1759293208,eth1,66,Ethernet,IPv4,TCP,N/A,v4,10.10.10.109,10.10.10.68,1339,50332,N/A,N/A,N/A,N/A,,,1
1759293208,eth1,216,Ethernet,IPv4,TCP,N/A,v4,10.10.10.109,10.10.10.68,1339,50298,N/A,N/A,N/A,N/A,,,1
1759293208,eth1,66,Ethernet,IPv4,TCP,N/A,v4,10.10.10.68,10.10.10.109,50298,1339,N/A,N/A,N/A,N/A,,,1
1759293208,eth1,66,Ethernet,IPv4,TCP,N/A,v4,10.10.10.109,10.10.10.68,1339,50298,N/A,N/A,N/A,N/A,,,1
1759293208,eth1,66,Ethernet,IPv4,TCP,N/A,v4,10.10.10.68,10.10.10.109,50298,1339,N/A,N/A,N/A,N/A,,,1
1759293208,eth1,66,Ethernet,IPv4,TCP,N/A,v4,10.10.10.109,10.10.10.68,1339,50298,N/A,N/A,N/A,N/A,,,1
1759293208,eth1,74,Ethernet,IPv4,TCP,N/A,v4,10.10.10.68,10.10.10.109,50342,1339,N/A,N/A,N/A,N/A,,,1
1759293208,eth1,74,Ethernet,IPv4,TCP,N/A,v4,10.10.10.109,10.10.10.68,1339,50342,N/A,N/A,N/A,N/A,,,1
1759293208,eth1,66,Ethernet,IPv4,TCP,N/A,v4,10.10.10.68,10.10.10.109,50342,1339,N/A,N/A,N/A,N/A,,,1
1759293208,eth1,213,Ethernet,IPv4,TCP,N/A,v4,10.10.10.68,10.10.10.109,50342,1339,N/A,N/A,N/A,N/A,,,1
1759293208,eth1,66,Ethernet,IPv4,TCP,N/A,v4,10.10.10.109,10.10.10.68,1339,50342,N/A,N/A,N/A,N/A,,,1
1759293208,eth1,216,Ethernet,IPv4,TCP,N/A,v4,10.10.10.109,10.10.10.68,1339,50312,N/A,N/A,N/A,N/A,,,1
1759293208,eth1,66,Ethernet,IPv4,TCP,N/A,v4,10.10.10.68,10.10.10.109,50312,1339,N/A,N/A,N/A,N/A,,,1
1759293208,eth1,66,Ethernet,IPv4,TCP,N/A,v4,10.10.10.109,10.10.10.68,1339,50312,N/A,N/A,N/A,N/A,,,1
1759293208,eth1,66,Ethernet,IPv4,TCP,N/A,v4,10.10.10.68,10.10.10.109,50312,1339,N/A,N/A,N/A,N/A,,,1
1759293208,eth1,66,Ethernet,IPv4,TCP,N/A,v4,10.10.10.109,10.10.10.68,1339,50312,N/A,N/A,N/A,N/A,,,1
1759293208,eth1,74,Ethernet,IPv4,TCP,N/A,v4,10.10.10.68,10.10.10.109,50350,1339,N/A,N/A,N/A,N/A,,,1
1759293208,eth1,74,Ethernet,IPv4,TCP,N/A,v4,10.10.10.109,10.10.10.68,1339,50350,N/A,N/A,N/A,N/A,,,1
1759293208,eth1,66,Ethernet,IPv4,TCP,N/A,v4,10.10.10.68,10.10.10.109,50350,1339,N/A,N/A,N/A,N/A,,,1
1759293208,eth1,213,Ethernet,IPv4,TCP,N/A,v4,10.10.10.68,10.10.10.109,50350,1339,N/A,N/A,N/A,N/A,,,1
1759293208,eth1,66,Ethernet,IPv4,TCP,N/A,v4,10.10.10.109,10.10.10.68,1339,50350,N/A,N/A,N/A,N/A,,,1
1759293208,eth1,221,Ethernet,IPv4,TCP,N/A,v4,10.10.10.109,10.10.10.68,1339,50318,N/A,N/A,N/A,N/A,,,1
1759293208,eth1,66,Ethernet,IPv4,TCP,N/A,v4,10.10.10.68,10.10.10.109,50318,1339,N/A,N/A,N/A,N/A,,,1
1759293208,eth1,2841,Ethernet,IPv4,TCP,N/A,v4,10.10.10.109,10.10.10.68,1339,50318,N/A,N/A,N/A,N/A,,,1
1759293208,eth1,66,Ethernet,IPv4,TCP,N/A,v4,10.10.10.68,10.10.10.109,50318,1339,N/A,N/A,N/A,N/A,,,1
1759293208,eth1,66,Ethernet,IPv4,TCP,N/A,v4,10.10.10.109,10.10.10.68,1339,50318,N/A,N/A,N/A,N/A,,,1
1759293208,eth1,66,Ethernet,IPv4,TCP,N/A,v4,10.10.10.109,10.10.10.68,1339,50332,N/A,N/A,N/A,N/A,,,1
1759293208,eth1,66,Ethernet,IPv4,TCP,N/A,v4,10.10.10.68,10.10.10.109,50332,1339,N/A,N/A,N/A,N/A,,,1
1759293208,eth1,66,Ethernet,IPv4,TCP,N/A,v4,10.10.10.109,10.10.10.68,1339,50332,N/A,N/A,N/A,N/A,,,1
1759293208,eth1,74,Ethernet,IPv4,TCP,N/A,v4,10.10.10.68,10.10.10.109,50352,1339,N/A,N/A,N/A,N/A,,,1
1759293208,eth1,74,Ethernet,IPv4,TCP,N/A,v4,10.10.10.109,10.10.10.68,1339,50352,N/A,N/A,N/A,N/A,,,1
1759293208,eth1,66,Ethernet,IPv4,TCP,N/A,v4,10.10.10.68,10.10.10.109,50352,1339,N/A,N/A,N/A,N/A,,,1
1759293208,eth1,215,Ethernet,IPv4,TCP,N/A,v4,10.10.10.68,10.10.10.109,50352,1339,N/A,N/A,N/A,N/A,,,1
1759293208,eth1,66,Ethernet,IPv4,TCP,N/A,v4,10.10.10.109,10.10.10.68,1339,50352,N/A,N/A,N/A,N/A,,,1
1759293208,eth1,220,Ethernet,IPv4,TCP,N/A,v4,10.10.10.109,10.10.10.68,1339,50342,N/A,N/A,N/A,N/A,,,1
1759293208,eth1,66,Ethernet,IPv4,TCP,N/A,v4,10.10.10.68,10.10.10.109,50342,1339,N/A,N/A,N/A,N/A,,,1
1759293208,eth1,490,Ethernet,IPv4,TCP,N/A,v4,10.10.10.109,10.10.10.68,1339,50342,N/A,N/A,N/A,N/A,,,1
1759293208,eth1,66,Ethernet,IPv4,TCP,N/A,v4,10.10.10.68,10.10.10.109,50342,1339,N/A,N/A,N/A,N/A,,,1
1759293208,eth1,66,Ethernet,IPv4,TCP,N/A,v4,10.10.10.109,10.10.10.68,1339,50342,N/A,N/A,N/A,N/A,,,1
1759293208,eth1,221,Ethernet,IPv4,TCP,N/A,v4,10.10.10.109,10.10.10.68,1339,50350,N/A,N/A,N/A,N/A,,,1
1759293208,eth1,66,Ethernet,IPv4,TCP,N/A,v4,10.10.10.68,10.10.10.109,50350,1339,N/A,N/A,N/A,N/A,,,1
1759293208,eth1,1514,Ethernet,IPv4,TCP,N/A,v4,10.10.10.109,10.10.10.68,1339,50350,N/A,N/A,N/A,N/A,,,1
1759293208,eth1,668,Ethernet,IPv4,TCP,N/A,v4,10.10.10.109,10.10.10.68,1339,50350,N/A,N/A,N/A,N/A,,,1
1759293208,eth1,66,Ethernet,IPv4,TCP,N/A,v4,10.10.10.68,10.10.10.109,50350,1339,N/A,N/A,N/A,N/A,,,1
1759293208,eth1,66,Ethernet,IPv4,TCP,N/A,v4,10.10.10.109,10.10.10.68,1339,50350,N/A,N/A,N/A,N/A,,,1
1759293208,eth1,66,Ethernet,IPv4,TCP,N/A,v4,10.10.10.68,10.10.10.109,50350,1339,N/A,N/A,N/A,N/A,,,1
1759293208,eth1,66,Ethernet,IPv4,TCP,N/A,v4,10.10.10.109,10.10.10.68,1339,50350,N/A,N/A,N/A,N/A,,,1
1759293208,eth1,74,Ethernet,IPv4,TCP,N/A,v4,10.10.10.68,10.10.10.109,50364,1339,N/A,N/A,N/A,N/A,,,1
1759293208,eth1,74,Ethernet,IPv4,TCP,N/A,v4,10.10.10.109,10.10.10.68,1339,50364,N/A,N/A,N/A,N/A,,,1
1759293208,any,68,N/A,IPv4,TCP,N/A,v4,10.10.10.109,10.10.10.68,1339,50352,N/A,N/A,N/A,N/A,,,1
1759293208,any,222,N/A,IPv4,TCP,N/A,v4,10.10.10.109,10.10.10.68,1339,50342,N/A,N/A,N/A,N/A,,,1
1759293208,any,492,N/A,IPv4,TCP,N/A,v4,10.10.10.109,10.10.10.68,1339,50342,N/A,N/A,N/A,N/A,,,1
1759293208,any,68,N/A,IPv4,TCP,N/A,v4,10.10.10.68,10.10.10.109,50342,1339,N/A,N/A,N/A,N/A,,,1
1759293208,any,223,N/A,IPv4,TCP,N/A,v4,10.10.10.109,10.10.10.68,1339,50350,N/A,N/A,N/A,N/A,,,1
1759293208,any,670,N/A,IPv4,TCP,N/A,v4,10.10.10.109,10.10.10.68,1339,50350,N/A,N/A,N/A,N/A,,,1
1759293208,any,68,N/A,IPv4,TCP,N/A,v4,10.10.10.109,10.10.10.68,1339,50350,N/A,N/A,N/A,N/A,,,1
1759293208,any,68,N/A,IPv4,TCP,N/A,v4,10.10.10.68,10.10.10.109,50350,1339,N/A,N/A,N/A,N/A,,,1
1759293208,any,68,N/A,IPv4,TCP,N/A,v4,10.10.10.109,10.10.10.68,1339,50350,N/A,N/A,N/A,N/A,,,1
1759293208,any,76,N/A,IPv4,TCP,N/A,v4,10.10.10.68,10.10.10.109,50364,1339,N/A,N/A,N/A,N/A,,,1
1759293208,any,76,N/A,IPv4,TCP,N/A,v4,10.10.10.109,10.10.10.68,1339,50364,N/A,N/A,N/A,N/A,,,1
1759293208,any,226,N/A,IPv4,TCP,N/A,v4,10.10.10.68,10.10.10.109,50364,1339,N/A,N/A,N/A,N/A,,,1
1759293208,any,68,N/A,IPv4,TCP,N/A,v4,10.10.10.109,10.10.10.68,1339,50364,N/A,N/A,N/A,N/A,,,1
1759293208,any,68,N/A,IPv4,TCP,N/A,v4,10.10.10.109,10.10.10.68,1339,50364,N/A,N/A,N/A,N/A,,,1
1759293208,any,68,N/A,IPv4,TCP,N/A,v4,10.10.10.68,10.10.10.109,50364,1339,N/A,N/A,N/A,N/A,,,1
1759293208,any,68,N/A,IPv4,TCP,N/A,v4,10.10.10.109,10.10.10.68,1339,50364,N/A,N/A,N/A,N/A,,,1
1759293208,any,76,N/A,IPv4,TCP,N/A,v4,10.10.10.109,10.10.10.68,1339,50366,N/A,N/A,N/A,N/A,,,1
1759293208,any,227,N/A,IPv4,TCP,N/A,v4,10.10.10.68,10.10.10.109,50366,1339,N/A,N/A,N/A,N/A,,,1
1759293208,any,68,N/A,IPv4,TCP,N/A,v4,10.10.10.109,10.10.10.68,1339,50366,N/A,N/A,N/A,N/A,,,1
1759293208,any,223,N/A,IPv4,TCP,N/A,v4,10.10.10.109,10.10.10.68,1339,50366,N/A,N/A,N/A,N/A,,,1
1759293208,any,68,N/A,IPv4,TCP,N/A,v4,10.10.10.109,10.10.10.68,1339,50366,N/A,N/A,N/A,N/A,,,1
1759293208,any,68,N/A,IPv4,TCP,N/A,v4,10.10.10.68,10.10.10.109,50366,1339,N/A,N/A,N/A,N/A,,,1
1759293208,any,68,N/A,IPv4,TCP,N/A,v4,10.10.10.109,10.10.10.68,1339,50366,N/A,N/A,N/A,N/A,,,1
1759293208,eth1,66,Ethernet,IPv4,TCP,N/A,v4,10.10.10.68,10.10.10.109,50364,1339,N/A,N/A,N/A,N/A,,,1
1759293208,eth1,221,Ethernet,IPv4,TCP,N/A,v4,10.10.10.109,10.10.10.68,1339,50352,N/A,N/A,N/A,N/A,,,1
1759293208,eth1,224,Ethernet,IPv4,TCP,N/A,v4,10.10.10.68,10.10.10.109,50364,1339,N/A,N/A,N/A,N/A,,,1
1759293208,eth1,66,Ethernet,IPv4,TCP,N/A,v4,10.10.10.109,10.10.10.68,1339,50364,N/A,N/A,N/A,N/A,,,1
1759293208,eth1,228,Ethernet,IPv4,TCP,N/A,v4,10.10.10.109,10.10.10.68,1339,50364,N/A,N/A,N/A,N/A,,,1
1759293208,eth1,66,Ethernet,IPv4,TCP,N/A,v4,10.10.10.68,10.10.10.109,50364,1339,N/A,N/A,N/A,N/A,,,1
1759293208,eth1,66,Ethernet,IPv4,TCP,N/A,v4,10.10.10.109,10.10.10.68,1339,50364,N/A,N/A,N/A,N/A,,,1
1759293208,eth1,66,Ethernet,IPv4,TCP,N/A,v4,10.10.10.68,10.10.10.109,50364,1339,N/A,N/A,N/A,N/A,,,1
1759293208,eth1,66,Ethernet,IPv4,TCP,N/A,v4,10.10.10.109,10.10.10.68,1339,50364,N/A,N/A,N/A,N/A,,,1
1759293208,eth1,74,Ethernet,IPv4,TCP,N/A,v4,10.10.10.68,10.10.10.109,50366,1339,N/A,N/A,N/A,N/A,,,1
1759293208,eth1,74,Ethernet,IPv4,TCP,N/A,v4,10.10.10.109,10.10.10.68,1339,50366,N/A,N/A,N/A,N/A,,,1
1759293208,eth1,66,Ethernet,IPv4,TCP,N/A,v4,10.10.10.68,10.10.10.109,50366,1339,N/A,N/A,N/A,N/A,,,1
1759293208,eth1,225,Ethernet,IPv4,TCP,N/A,v4,10.10.10.68,10.10.10.109,50366,1339,N/A,N/A,N/A,N/A,,,1
1759293208,eth1,66,Ethernet,IPv4,TCP,N/A,v4,10.10.10.109,10.10.10.68,1339,50366,N/A,N/A,N/A,N/A,,,1
1759293208,eth1,221,Ethernet,IPv4,TCP,N/A,v4,10.10.10.109,10.10.10.68,1339,50366,N/A,N/A,N/A,N/A,,,1
1759293208,eth1,66,Ethernet,IPv4,TCP,N/A,v4,10.10.10.68,10.10.10.109,50366,1339,N/A,N/A,N/A,N/A,,,1
1759293208,eth1,1514,Ethernet,IPv4,TCP,N/A,v4,10.10.10.109,10.10.10.68,1339,50366,N/A,N/A,N/A,N/A,,,1
1759293208,eth1,66,Ethernet,IPv4,TCP,N/A,v4,10.10.10.68,10.10.10.109,50366,1339,N/A,N/A,N/A,N/A,,,1
1759293208,eth1,1411,Ethernet,IPv4,TCP,N/A,v4,10.10.10.109,10.10.10.68,1339,50366,N/A,N/A,N/A,N/A,,,1
1759293208,eth1,66,Ethernet,IPv4,TCP,N/A,v4,10.10.10.109,10.10.10.68,1339,50366,N/A,N/A,N/A,N/A,,,1
1759293208,eth1,66,Ethernet,IPv4,TCP,N/A,v4,10.10.10.68,10.10.10.109,50366,1339,N/A,N/A,N/A,N/A,,,1
1759293208,eth1,66,Ethernet,IPv4,TCP,N/A,v4,10.10.10.109,10.10.10.68,1339,50366,N/A,N/A,N/A,N/A,,,1
1759293208,any,198,N/A,IPv4,TCP,N/A,v4,10.10.10.68,10.10.10.109,49296,1339,N/A,N/A,N/A,N/A,,,1
1759293208,eth1,196,Ethernet,IPv4,TCP,N/A,v4,10.10.10.68,10.10.10.109,49296,1339,N/A,N/A,N/A,N/A,,,1
1759293208,eth1,198,Ethernet,IPv4,TCP,N/A,v4,10.10.10.68,10.10.10.109,49302,1339,N/A,N/A,N/A,N/A,,,1
1759293208,eth1,195,Ethernet,IPv4,TCP,N/A,v4,10.10.10.68,10.10.10.109,49316,1339,N/A,N/A,N/A,N/A,,,1
1759293208,eth1,66,Ethernet,IPv4,TCP,N/A,v4,10.10.10.109,10.10.10.68,1339,49296,N/A,N/A,N/A,N/A,,,1
1759293208,eth1,66,Ethernet,IPv4,TCP,N/A,v4,10.10.10.109,10.10.10.68,1339,49302,N/A,N/A,N/A,N/A,,,1
1759293208,eth1,66,Ethernet,IPv4,TCP,N/A,v4,10.10.10.109,10.10.10.68,1339,49316,N/A,N/A,N/A,N/A,,,1
1759293208,any,68,N/A,IPv4,TCP,N/A,v4,10.10.10.109,10.10.10.68,1339,49296,N/A,N/A,N/A,N/A,,,1
1759293208,eth1,200,Ethernet,IPv4,TCP,N/A,v4,10.10.10.109,10.10.10.68,1339,49296,N/A,N/A,N/A,N/A,,,1
1759293208,eth1,66,Ethernet,IPv4,TCP,N/A,v4,10.10.10.109,10.10.10.68,1339,49296,N/A,N/A,N/A,N/A,,,1
1759293208,eth1,66,Ethernet,IPv4,TCP,N/A,v4,10.10.10.68,10.10.10.109,49296,1339,N/A,N/A,N/A,N/A,,,1
1759293208,eth1,74,Ethernet,IPv4,TCP,N/A,v4,10.10.10.109,10.10.10.68,1339,50374,N/A,N/A,N/A,N/A,,,1
1759293208,eth1,66,Ethernet,IPv4,TCP,N/A,v4,10.10.10.68,10.10.10.109,50374,1339,N/A,N/A,N/A,N/A,,,1
1759293208,eth1,197,Ethernet,IPv4,TCP,N/A,v4,10.10.10.68,10.10.10.109,50374,1339,N/A,N/A,N/A,N/A,,,1
1759293208,eth1,66,Ethernet,IPv4,TCP,N/A,v4,10.10.10.109,10.10.10.68,1339,50374,N/A,N/A,N/A,N/A,,,1
1759293208,any,202,N/A,IPv4,TCP,N/A,v4,10.10.10.109,10.10.10.68,1339,49296,N/A,N/A,N/A,N/A,,,1
1759293208,any,76,N/A,IPv4,TCP,N/A,v4,10.10.10.109,10.10.10.68,1339,50374,N/A,N/A,N/A,N/A,,,1
1759293208,any,199,N/A,IPv4,TCP,N/A,v4,10.10.10.68,10.10.10.109,50374,1339,N/A,N/A,N/A,N/A,,,1
1759293208,any,68,N/A,IPv4,TCP,N/A,v4,10.10.10.109,10.10.10.68,1339,50374,N/A,N/A,N/A,N/A,,,1
1759293208,any,223,N/A,IPv4,TCP,N/A,v4,10.10.10.109,10.10.10.68,1339,49302,N/A,N/A,N/A,N/A,,,1
1759293208,any,198,N/A,IPv4,TCP,N/A,v4,10.10.10.68,10.10.10.109,50378,1339,N/A,N/A,N/A,N/A,,,1
1759293208,any,68,N/A,IPv4,TCP,N/A,v4,10.10.10.109,10.10.10.68,1339,50378,N/A,N/A,N/A,N/A,,,1
1759293208,eth1,221,Ethernet,IPv4,TCP,N/A,v4,10.10.10.109,10.10.10.68,1339,49302,N/A,N/A,N/A,N/A,,,1
1759293208,eth1,2962,Ethernet,IPv4,TCP,N/A,v4,10.10.10.109,10.10.10.68,1339,49302,N/A,N/A,N/A,N/A,,,1
1759293208,eth1,66,Ethernet,IPv4,TCP,N/A,v4,10.10.10.68,10.10.10.109,49302,1339,N/A,N/A,N/A,N/A,,,1
1759293208,eth1,196,Ethernet,IPv4,TCP,N/A,v4,10.10.10.68,10.10.10.109,50378,1339,N/A,N/A,N/A,N/A,,,1
1759293208,eth1,66,Ethernet,IPv4,TCP,N/A,v4,10.10.10.109,10.10.10.68,1339,50378,N/A,N/A,N/A,N/A,,,1
1759293208,eth1,198,Ethernet,IPv4,TCP,N/A,v4,10.10.10.109,10.10.10.68,1339,49330,N/A,N/A,N/A,N/A,,,1
1759293208,eth1,66,Ethernet,IPv4,TCP,N/A,v4,10.10.10.68,10.10.10.109,49330,1339,N/A,N/A,N/A,N/A,,,1
1759293208,eth1,66,Ethernet,IPv4,TCP,N/A,v4,10.10.10.109,10.10.10.68,1339,49330,N/A,N/A,N/A,N/A,,,1
1759293208,eth1,66,Ethernet,IPv4,TCP,N/A,v4,10.10.10.68,10.10.10.109,49330,1339,N/A,N/A,N/A,N/A,,,1
1759293208,eth1,74,Ethernet,IPv4,TCP,N/A,v4,10.10.10.68,10.10.10.109,50388,1339,N/A,N/A,N/A,N/A,,,1
1759293208,eth1,66,Ethernet,IPv4,TCP,N/A,v4,10.10.10.109,10.10.10.68,1339,49330,N/A,N/A,N/A,N/A,,,1
1759293208,eth1,74,Ethernet,IPv4,TCP,N/A,v4,10.10.10.109,10.10.10.68,1339,50388,N/A,N/A,N/A,N/A,,,1
1759293208,eth1,66,Ethernet,IPv4,TCP,N/A,v4,10.10.10.68,10.10.10.109,50388,1339,N/A,N/A,N/A,N/A,,,1
1759293208,eth1,203,Ethernet,IPv4,TCP,N/A,v4,10.10.10.109,10.10.10.68,1339,49340,N/A,N/A,N/A,N/A,,,1
1759293208,eth1,66,Ethernet,IPv4,TCP,N/A,v4,10.10.10.68,10.10.10.109,49340,1339,N/A,N/A,N/A,N/A,,,1
1759293208,eth1,195,Ethernet,IPv4,TCP,N/A,v4,10.10.10.68,10.10.10.109,50388,1339,N/A,N/A,N/A,N/A,,,1
1759293208,eth1,66,Ethernet,IPv4,TCP,N/A,v4,10.10.10.109,10.10.10.68,1339,50388,N/A,N/A,N/A,N/A,,,1
1759293208,eth1,66,Ethernet,IPv4,TCP,N/A,v4,10.10.10.68,10.10.10.109,49340,1339,N/A,N/A,N/A,N/A,,,1
1759293208,eth1,74,Ethernet,IPv4,TCP,N/A,v4,10.10.10.109,10.10.10.68,1339,50400,N/A,N/A,N/A,N/A,,,1
1759293208,eth1,66,Ethernet,IPv4,TCP,N/A,v4,10.10.10.68,10.10.10.109,50400,1339,N/A,N/A,N/A,N/A,,,1
1759293208,eth1,200,Ethernet,IPv4,TCP,N/A,v4,10.10.10.68,10.10.10.109,50400,1339,N/A,N/A,N/A,N/A,,,1
1759293208,eth1,74,Ethernet,IPv4,TCP,N/A,v4,10.10.10.68,10.10.10.109,50412,1339,N/A,N/A,N/A,N/A,,,1
1759293208,eth1,66,Ethernet,IPv4,TCP,N/A,v4,10.10.10.109,10.10.10.68,1339,50400,N/A,N/A,N/A,N/A,,,1
1759293208,eth1,74,Ethernet,IPv4,TCP,N/A,v4,10.10.10.109,10.10.10.68,1339,50412,N/A,N/A,N/A,N/A,,,1
1759293208,eth1,66,Ethernet,IPv4,TCP,N/A,v4,10.10.10.68,10.10.10.109,50412,1339,N/A,N/A,N/A,N/A,,,1
1759293208,eth1,209,Ethernet,IPv4,TCP,N/A,v4,10.10.10.68,10.10.10.109,50412,1339,N/A,N/A,N/A,N/A,,,1
1759293208,eth1,66,Ethernet,IPv4,TCP,N/A,v4,10.10.10.109,10.10.10.68,1339,50412,N/A,N/A,N/A,N/A,,,1
1759293208,any,200,N/A,IPv4,TCP,N/A,v4,10.10.10.109,10.10.10.68,1339,49330,N/A,N/A,N/A,N/A,,,1
1759293208,any,68,N/A,IPv4,TCP,N/A,v4,10.10.10.68,10.10.10.109,49330,1339,N/A,N/A,N/A,N/A,,,1
1759293208,any,68,N/A,IPv4,TCP,N/A,v4,10.10.10.109,10.10.10.68,1339,49330,N/A,N/A,N/A,N/A,,,1
1759293208,any,76,N/A,IPv4,TCP,N/A,v4,10.10.10.109,10.10.10.68,1339,50388,N/A,N/A,N/A,N/A,,,1
1759293208,any,205,N/A,IPv4,TCP,N/A,v4,10.10.10.109,10.10.10.68,1339,49340,N/A,N/A,N/A,N/A,,,1
1759293208,any,197,N/A,IPv4,TCP,N/A,v4,10.10.10.68,10.10.10.109,50388,1339,N/A,N/A,N/A,N/A,,,1
1759293208,any,76,N/A,IPv4,TCP,N/A,v4,10.10.10.109,10.10.10.68,1339,50400,N/A,N/A,N/A,N/A,,,1
1759293208,any,202,N/A,IPv4,TCP,N/A,v4,10.10.10.68,10.10.10.109,50400,1339,N/A,N/A,N/A,N/A,,,1
1759293208,any,76,N/A,IPv4,TCP,N/A,v4,10.10.10.68,10.10.10.109,50412,1339,N/A,N/A,N/A,N/A,,,1
1759293208,any,68,N/A,IPv4,TCP,N/A,v4,10.10.10.109,10.10.10.68,1339,50400,N/A,N/A,N/A,N/A,,,1
1759293208,any,76,N/A,IPv4,TCP,N/A,v4,10.10.10.109,10.10.10.68,1339,50412,N/A,N/A,N/A,N/A,,,1
1759293208,any,211,N/A,IPv4,TCP,N/A,v4,10.10.10.68,10.10.10.109,50412,1339,N/A,N/A,N/A,N/A,,,1
1759293208,any,68,N/A,IPv4,TCP,N/A,v4,10.10.10.109,10.10.10.68,1339,50412,N/A,N/A,N/A,N/A,,,1
1759293208,any,223,N/A,IPv4,TCP,N/A,v4,10.10.10.109,10.10.10.68,1339,49354,N/A,N/A,N/A,N/A,,,1
1759293208,any,68,N/A,IPv4,TCP,N/A,v4,10.10.10.68,10.10.10.109,49354,1339,N/A,N/A,N/A,N/A,,,1
1759293208,eth1,221,Ethernet,IPv4,TCP,N/A,v4,10.10.10.109,10.10.10.68,1339,49354,N/A,N/A,N/A,N/A,,,1
1759293208,eth1,66,Ethernet,IPv4,TCP,N/A,v4,10.10.10.68,10.10.10.109,49354,1339,N/A,N/A,N/A,N/A,,,1
1759293208,eth1,2962,Ethernet,IPv4,TCP,N/A,v4,10.10.10.109,10.10.10.68,1339,49354,N/A,N/A,N/A,N/A,,,1
1759293208,eth1,1467,Ethernet,IPv4,TCP,N/A,v4,10.10.10.109,10.10.10.68,1339,49354,N/A,N/A,N/A,N/A,,,1
1759293208,eth1,66,Ethernet,IPv4,TCP,N/A,v4,10.10.10.109,10.10.10.68,1339,49354,N/A,N/A,N/A,N/A,,,1
1759293208,eth1,66,Ethernet,IPv4,TCP,N/A,v4,10.10.10.68,10.10.10.109,49354,1339,N/A,N/A,N/A,N/A,,,1
1759293208,eth1,220,Ethernet,IPv4,TCP,N/A,v4,10.10.10.109,10.10.10.68,1339,50374,N/A,N/A,N/A,N/A,,,1
1759293208,eth1,66,Ethernet,IPv4,TCP,N/A,v4,10.10.10.109,10.10.10.68,1339,49354,N/A,N/A,N/A,N/A,,,1
1759293208,eth1,66,Ethernet,IPv4,TCP,N/A,v4,10.10.10.109,10.10.10.68,1339,50374,N/A,N/A,N/A,N/A,,,1
1759293208,any,223,N/A,IPv4,TCP,N/A,v4,10.10.10.109,10.10.10.68,1339,50378,N/A,N/A,N/A,N/A,,,1
1759293208,eth1,221,Ethernet,IPv4,TCP,N/A,v4,10.10.10.109,10.10.10.68,1339,50378,N/A,N/A,N/A,N/A,,,1
1759293208,eth1,1190,Ethernet,IPv4,TCP,N/A,v4,10.10.10.109,10.10.10.68,1339,50378,N/A,N/A,N/A,N/A,,,1
1759293208,eth1,66,Ethernet,IPv4,TCP,N/A,v4,10.10.10.68,10.10.10.109,50378,1339,N/A,N/A,N/A,N/A,,,1
1759293208,eth1,66,Ethernet,IPv4,TCP,N/A,v4,10.10.10.68,10.10.10.109,50378,1339,N/A,N/A,N/A,N/A,,,1
1759293208,eth1,220,Ethernet,IPv4,TCP,N/A,v4,10.10.10.109,10.10.10.68,1339,50388,N/A,N/A,N/A,N/A,,,1
1759293208,eth1,530,Ethernet,IPv4,TCP,N/A,v4,10.10.10.109,10.10.10.68,1339,50388,N/A,N/A,N/A,N/A,,,1
1759293208,eth1,66,Ethernet,IPv4,TCP,N/A,v4,10.10.10.68,10.10.10.109,50388,1339,N/A,N/A,N/A,N/A,,,1
1759293208,eth1,66,Ethernet,IPv4,TCP,N/A,v4,10.10.10.68,10.10.10.109,50378,1339,N/A,N/A,N/A,N/A,,,1
1759293208,eth1,66,Ethernet,IPv4,TCP,N/A,v4,10.10.10.109,10.10.10.68,1339,50378,N/A,N/A,N/A,N/A,,,1
1759293208,eth1,66,Ethernet,IPv4,TCP,N/A,v4,10.10.10.68,10.10.10.109,50388,1339,N/A,N/A,N/A,N/A,,,1
1759293208,eth1,66,Ethernet,IPv4,TCP,N/A,v4,10.10.10.109,10.10.10.68,1339,50388,N/A,N/A,N/A,N/A,,,1
1759293208,eth1,220,Ethernet,IPv4,TCP,N/A,v4,10.10.10.109,10.10.10.68,1339,50400,N/A,N/A,N/A,N/A,,,1
1759293208,eth1,898,Ethernet,IPv4,TCP,N/A,v4,10.10.10.109,10.10.10.68,1339,50400,N/A,N/A,N/A,N/A,,,1
1759293208,eth1,66,Ethernet,IPv4,TCP,N/A,v4,10.10.10.68,10.10.10.109,50400,1339,N/A,N/A,N/A,N/A,,,1
1759293208,eth1,66,Ethernet,IPv4,TCP,N/A,v4,10.10.10.68,10.10.10.109,50400,1339,N/A,N/A,N/A,N/A,,,1
1759293208,eth1,66,Ethernet,IPv4,TCP,N/A,v4,10.10.10.68,10.10.10.109,50400,1339,N/A,N/A,N/A,N/A,,,1
1759293208,eth1,66,Ethernet,IPv4,TCP,N/A,v4,10.10.10.109,10.10.10.68,1339,50400,N/A,N/A,N/A,N/A,,,1
1759293208,eth1,213,Ethernet,IPv4,TCP,N/A,v4,10.10.10.109,10.10.10.68,1339,50412,N/A,N/A,N/A,N/A,,,1
1759293208,eth1,66,Ethernet,IPv4,TCP,N/A,v4,10.10.10.68,10.10.10.109,50412,1339,N/A,N/A,N/A,N/A,,,1
1759293208,eth1,66,Ethernet,IPv4,TCP,N/A,v4,10.10.10.109,10.10.10.68,1339,50412,N/A,N/A,N/A,N/A,,,1
1759293208,eth1,66,Ethernet,IPv4,TCP,N/A,v4,10.10.10.68,10.10.10.109,50412,1339,N/A,N/A,N/A,N/A,,,1
1759293208,eth1,66,Ethernet,IPv4,TCP,N/A,v4,10.10.10.109,10.10.10.68,1339,50412,N/A,N/A,N/A,N/A,,,1
1759293208,eth1,74,Ethernet,IPv4,TCP,N/A,v4,10.10.10.68,10.10.10.109,50426,1339,N/A,N/A,N/A,N/A,,,1
1759293208,eth1,74,Ethernet,IPv4,TCP,N/A,v4,10.10.10.109,10.10.10.68,1339,50426,N/A,N/A,N/A,N/A,,,1
1759293208,eth1,66,Ethernet,IPv4,TCP,N/A,v4,10.10.10.68,10.10.10.109,50426,1339,N/A,N/A,N/A,N/A,,,1
1759293208,eth1,210,Ethernet,IPv4,TCP,N/A,v4,10.10.10.68,10.10.10.109,50426,1339,N/A,N/A,N/A,N/A,,,1
1759293208,eth1,66,Ethernet,IPv4,TCP,N/A,v4,10.10.10.109,10.10.10.68,1339,50426,N/A,N/A,N/A,N/A,,,1
1759293208,any,222,N/A,IPv4,TCP,N/A,v4,10.10.10.109,10.10.10.68,1339,50388,N/A,N/A,N/A,N/A,,,1
1759293208,any,68,N/A,IPv4,TCP,N/A,v4,10.10.10.68,10.10.10.109,50378,1339,N/A,N/A,N/A,N/A,,,1
1759293208,any,68,N/A,IPv4,TCP,N/A,v4,10.10.10.109,10.10.10.68,1339,50388,N/A,N/A,N/A,N/A,,,1
1759293208,any,222,N/A,IPv4,TCP,N/A,v4,10.10.10.109,10.10.10.68,1339,50400,N/A,N/A,N/A,N/A,,,1
1759293208,any,68,N/A,IPv4,TCP,N/A,v4,10.10.10.68,10.10.10.109,50400,1339,N/A,N/A,N/A,N/A,,,1
1759293208,any,215,N/A,IPv4,TCP,N/A,v4,10.10.10.109,10.10.10.68,1339,50412,N/A,N/A,N/A,N/A,,,1
1759293208,any,68,N/A,IPv4,TCP,N/A,v4,10.10.10.68,10.10.10.109,50412,1339,N/A,N/A,N/A,N/A,,,1
1759293208,any,68,N/A,IPv4,TCP,N/A,v4,10.10.10.109,10.10.10.68,1339,50412,N/A,N/A,N/A,N/A,,,1
1759293208,any,76,N/A,IPv4,TCP,N/A,v4,10.10.10.68,10.10.10.109,50426,1339,N/A,N/A,N/A,N/A,,,1
1759293208,any,76,N/A,IPv4,TCP,N/A,v4,10.10.10.109,10.10.10.68,1339,50426,N/A,N/A,N/A,N/A,,,1
1759293208,any,212,N/A,IPv4,TCP,N/A,v4,10.10.10.68,10.10.10.109,50426,1339,N/A,N/A,N/A,N/A,,,1
1759293208,any,68,N/A,IPv4,TCP,N/A,v4,10.10.10.109,10.10.10.68,1339,50426,N/A,N/A,N/A,N/A,,,1
1759293208,any,76,N/A,IPv4,TCP,N/A,v4,10.10.10.68,10.10.10.109,50438,1339,N/A,N/A,N/A,N/A,,,1
1759293208,any,76,N/A,IPv4,TCP,N/A,v4,10.10.10.109,10.10.10.68,1339,50438,N/A,N/A,N/A,N/A,,,1
1759293208,any,223,N/A,IPv4,TCP,N/A,v4,10.10.10.109,10.10.10.68,1339,50426,N/A,N/A,N/A,N/A,,,1
1759293208,any,1516,N/A,IPv4,TCP,N/A,v4,10.10.10.109,10.10.10.68,1339,50426,N/A,N/A,N/A,N/A,,,1
1759293208,any,68,N/A,IPv4,TCP,N/A,v4,10.10.10.68,10.10.10.109,50426,1339,N/A,N/A,N/A,N/A,,,1
1759293208,any,210,N/A,IPv4,TCP,N/A,v4,10.10.10.68,10.10.10.109,50438,1339,N/A,N/A,N/A,N/A,,,1
1759293208,any,68,N/A,IPv4,TCP,N/A,v4,10.10.10.109,10.10.10.68,1339,50438,N/A,N/A,N/A,N/A,,,1
1759293208,any,76,N/A,IPv4,TCP,N/A,v4,10.10.10.68,10.10.10.109,50452,1339,N/A,N/A,N/A,N/A,,,1
1759293208,any,76,N/A,IPv4,TCP,N/A,v4,10.10.10.109,10.10.10.68,1339,50452,N/A,N/A,N/A,N/A,,,1
1759293208,any,214,N/A,IPv4,TCP,N/A,v4,10.10.10.109,10.10.10.68,1339,50438,N/A,N/A,N/A,N/A,,,1
1759293208,any,68,N/A,IPv4,TCP,N/A,v4,10.10.10.109,10.10.10.68,1339,50438,N/A,N/A,N/A,N/A,,,1
1759293208,eth1,74,Ethernet,IPv4,TCP,N/A,v4,10.10.10.68,10.10.10.109,50438,1339,N/A,N/A,N/A,N/A,,,1
1759293208,eth1,74,Ethernet,IPv4,TCP,N/A,v4,10.10.10.109,10.10.10.68,1339,50438,N/A,N/A,N/A,N/A,,,1
1759293208,eth1,66,Ethernet,IPv4,TCP,N/A,v4,10.10.10.68,10.10.10.109,50438,1339,N/A,N/A,N/A,N/A,,,1
1759293208,eth1,221,Ethernet,IPv4,TCP,N/A,v4,10.10.10.109,10.10.10.68,1339,50426,N/A,N/A,N/A,N/A,,,1
1759293208,eth1,66,Ethernet,IPv4,TCP,N/A,v4,10.10.10.68,10.10.10.109,50426,1339,N/A,N/A,N/A,N/A,,,1
1759293208,eth1,1514,Ethernet,IPv4,TCP,N/A,v4,10.10.10.109,10.10.10.68,1339,50426,N/A,N/A,N/A,N/A,,,1
1759293208,eth1,987,Ethernet,IPv4,TCP,N/A,v4,10.10.10.109,10.10.10.68,1339,50426,N/A,N/A,N/A,N/A,,,1
1759293208,eth1,66,Ethernet,IPv4,TCP,N/A,v4,10.10.10.68,10.10.10.109,50426,1339,N/A,N/A,N/A,N/A,,,1
1759293208,eth1,66,Ethernet,IPv4,TCP,N/A,v4,10.10.10.68,10.10.10.109,50426,1339,N/A,N/A,N/A,N/A,,,1
1759293208,eth1,66,Ethernet,IPv4,TCP,N/A,v4,10.10.10.109,10.10.10.68,1339,50426,N/A,N/A,N/A,N/A,,,1
1759293208,eth1,208,Ethernet,IPv4,TCP,N/A,v4,10.10.10.68,10.10.10.109,50438,1339,N/A,N/A,N/A,N/A,,,1
1759293208,eth1,66,Ethernet,IPv4,TCP,N/A,v4,10.10.10.109,10.10.10.68,1339,50438,N/A,N/A,N/A,N/A,,,1
1759293208,eth1,74,Ethernet,IPv4,TCP,N/A,v4,10.10.10.68,10.10.10.109,50452,1339,N/A,N/A,N/A,N/A,,,1
1759293208,eth1,74,Ethernet,IPv4,TCP,N/A,v4,10.10.10.109,10.10.10.68,1339,50452,N/A,N/A,N/A,N/A,,,1
1759293208,eth1,66,Ethernet,IPv4,TCP,N/A,v4,10.10.10.68,10.10.10.109,50452,1339,N/A,N/A,N/A,N/A,,,1
1759293208,eth1,212,Ethernet,IPv4,TCP,N/A,v4,10.10.10.109,10.10.10.68,1339,50438,N/A,N/A,N/A,N/A,,,1
1759293208,eth1,66,Ethernet,IPv4,TCP,N/A,v4,10.10.10.68,10.10.10.109,50438,1339,N/A,N/A,N/A,N/A,,,1
1759293208,eth1,66,Ethernet,IPv4,TCP,N/A,v4,10.10.10.109,10.10.10.68,1339,50438,N/A,N/A,N/A,N/A,,,1
1759293208,eth1,66,Ethernet,IPv4,TCP,N/A,v4,10.10.10.68,10.10.10.109,50438,1339,N/A,N/A,N/A,N/A,,,1
1759293208,eth1,206,Ethernet,IPv4,TCP,N/A,v4,10.10.10.68,10.10.10.109,50452,1339,N/A,N/A,N/A,N/A,,,1
1759293208,eth1,66,Ethernet,IPv4,TCP,N/A,v4,10.10.10.109,10.10.10.68,1339,50438,N/A,N/A,N/A,N/A,,,1
1759293208,eth1,66,Ethernet,IPv4,TCP,N/A,v4,10.10.10.109,10.10.10.68,1339,50452,N/A,N/A,N/A,N/A,,,1
1759293208,eth1,210,Ethernet,IPv4,TCP,N/A,v4,10.10.10.109,10.10.10.68,1339,50452,N/A,N/A,N/A,N/A,,,1
1759293208,eth1,66,Ethernet,IPv4,TCP,N/A,v4,10.10.10.109,10.10.10.68,1339,50452,N/A,N/A,N/A,N/A,,,1
1759293208,eth1,66,Ethernet,IPv4,TCP,N/A,v4,10.10.10.68,10.10.10.109,50452,1339,N/A,N/A,N/A,N/A,,,1
1759293208,eth1,74,Ethernet,IPv4,TCP,N/A,v4,10.10.10.68,10.10.10.109,50458,1339,N/A,N/A,N/A,N/A,,,1
1759293208,eth1,74,Ethernet,IPv4,TCP,N/A,v4,10.10.10.109,10.10.10.68,1339,50458,N/A,N/A,N/A,N/A,,,1
1759293208,eth1,66,Ethernet,IPv4,TCP,N/A,v4,10.10.10.68,10.10.10.109,50458,1339,N/A,N/A,N/A,N/A,,,1
1759293208,eth1,66,Ethernet,IPv4,TCP,N/A,v4,10.10.10.68,10.10.10.109,50452,1339,N/A,N/A,N/A,N/A,,,1
1759293208,eth1,74,Ethernet,IPv4,TCP,N/A,v4,10.10.10.68,10.10.10.109,50470,1339,N/A,N/A,N/A,N/A,,,1
1759293208,eth1,66,Ethernet,IPv4,TCP,N/A,v4,10.10.10.109,10.10.10.68,1339,50452,N/A,N/A,N/A,N/A,,,1
1759293208,eth1,74,Ethernet,IPv4,TCP,N/A,v4,10.10.10.109,10.10.10.68,1339,50470,N/A,N/A,N/A,N/A,,,1
1759293208,eth1,66,Ethernet,IPv4,TCP,N/A,v4,10.10.10.68,10.10.10.109,50470,1339,N/A,N/A,N/A,N/A,,,1
1759293208,eth1,207,Ethernet,IPv4,TCP,N/A,v4,10.10.10.68,10.10.10.109,50470,1339,N/A,N/A,N/A,N/A,,,1
1759293208,eth1,66,Ethernet,IPv4,TCP,N/A,v4,10.10.10.109,10.10.10.68,1339,50470,N/A,N/A,N/A,N/A,,,1
1759293208,eth1,209,Ethernet,IPv4,TCP,N/A,v4,10.10.10.68,10.10.10.109,50458,1339,N/A,N/A,N/A,N/A,,,1
1759293208,eth1,66,Ethernet,IPv4,TCP,N/A,v4,10.10.10.109,10.10.10.68,1339,50458,N/A,N/A,N/A,N/A,,,1
1759293208,eth1,74,Ethernet,IPv4,TCP,N/A,v4,10.10.10.68,10.10.10.109,50474,1339,N/A,N/A,N/A,N/A,,,1
1759293208,eth1,74,Ethernet,IPv4,TCP,N/A,v4,10.10.10.109,10.10.10.68,1339,50474,N/A,N/A,N/A,N/A,,,1
1759293208,eth1,66,Ethernet,IPv4,TCP,N/A,v4,10.10.10.68,10.10.10.109,50474,1339,N/A,N/A,N/A,N/A,,,1
1759293208,eth1,74,Ethernet,IPv4,TCP,N/A,v4,10.10.10.68,10.10.10.109,50478,1339,N/A,N/A,N/A,N/A,,,1
1759293208,eth1,74,Ethernet,IPv4,TCP,N/A,v4,10.10.10.109,10.10.10.68,1339,50478,N/A,N/A,N/A,N/A,,,1
1759293208,eth1,66,Ethernet,IPv4,TCP,N/A,v4,10.10.10.68,10.10.10.109,50478,1339,N/A,N/A,N/A,N/A,,,1
1759293208,eth1,207,Ethernet,IPv4,TCP,N/A,v4,10.10.10.68,10.10.10.109,50474,1339,N/A,N/A,N/A,N/A,,,1
1759293208,eth1,66,Ethernet,IPv4,TCP,N/A,v4,10.10.10.109,10.10.10.68,1339,50474,N/A,N/A,N/A,N/A,,,1
1759293208,eth1,207,Ethernet,IPv4,TCP,N/A,v4,10.10.10.68,10.10.10.109,50478,1339,N/A,N/A,N/A,N/A,,,1
1759293208,eth1,220,Ethernet,IPv4,TCP,N/A,v4,10.10.10.109,10.10.10.68,1339,50458,N/A,N/A,N/A,N/A,,,1
1759293208,eth1,66,Ethernet,IPv4,TCP,N/A,v4,10.10.10.68,10.10.10.109,50458,1339,N/A,N/A,N/A,N/A,,,1
1759293208,eth1,703,Ethernet,IPv4,TCP,N/A,v4,10.10.10.109,10.10.10.68,1339,50458,N/A,N/A,N/A,N/A,,,1
1759293208,eth1,66,Ethernet,IPv4,TCP,N/A,v4,10.10.10.109,10.10.10.68,1339,50478,N/A,N/A,N/A,N/A,,,1
1759293208,eth1,66,Ethernet,IPv4,TCP,N/A,v4,10.10.10.68,10.10.10.109,50458,1339,N/A,N/A,N/A,N/A,,,1
1759293208,eth1,66,Ethernet,IPv4,TCP,N/A,v4,10.10.10.68,10.10.10.109,50458,1339,N/A,N/A,N/A,N/A,,,1
1759293208,eth1,66,Ethernet,IPv4,TCP,N/A,v4,10.10.10.109,10.10.10.68,1339,50458,N/A,N/A,N/A,N/A,,,1
1759293208,eth1,74,Ethernet,IPv4,TCP,N/A,v4,10.10.10.68,10.10.10.109,50492,1339,N/A,N/A,N/A,N/A,,,1
1759293208,eth1,74,Ethernet,IPv4,TCP,N/A,v4,10.10.10.109,10.10.10.68,1339,50492,N/A,N/A,N/A,N/A,,,1
1759293208,eth1,66,Ethernet,IPv4,TCP,N/A,v4,10.10.10.68,10.10.10.109,50492,1339,N/A,N/A,N/A,N/A,,,1
1759293208,eth1,211,Ethernet,IPv4,TCP,N/A,v4,10.10.10.68,10.10.10.109,50492,1339,N/A,N/A,N/A,N/A,,,1
1759293208,eth1,211,Ethernet,IPv4,TCP,N/A,v4,10.10.10.109,10.10.10.68,1339,50470,N/A,N/A,N/A,N/A,,,1
1759293208,eth1,66,Ethernet,IPv4,TCP,N/A,v4,10.10.10.68,10.10.10.109,50470,1339,N/A,N/A,N/A,N/A,,,1
1759293208,eth1,66,Ethernet,IPv4,TCP,N/A,v4,10.10.10.109,10.10.10.68,1339,50492,N/A,N/A,N/A,N/A,,,1
1759293208,eth1,66,Ethernet,IPv4,TCP,N/A,v4,10.10.10.109,10.10.10.68,1339,50470,N/A,N/A,N/A,N/A,,,1
1759293208,eth1,66,Ethernet,IPv4,TCP,N/A,v4,10.10.10.68,10.10.10.109,50470,1339,N/A,N/A,N/A,N/A,,,1
1759293208,eth1,66,Ethernet,IPv4,TCP,N/A,v4,10.10.10.109,10.10.10.68,1339,50470,N/A,N/A,N/A,N/A,,,1
1759293208,eth1,74,Ethernet,IPv4,TCP,N/A,v4,10.10.10.68,10.10.10.109,50508,1339,N/A,N/A,N/A,N/A,,,1
1759293208,eth1,74,Ethernet,IPv4,TCP,N/A,v4,10.10.10.109,10.10.10.68,1339,50508,N/A,N/A,N/A,N/A,,,1
1759293208,eth1,66,Ethernet,IPv4,TCP,N/A,v4,10.10.10.68,10.10.10.109,50508,1339,N/A,N/A,N/A,N/A,,,1
1759293208,eth1,208,Ethernet,IPv4,TCP,N/A,v4,10.10.10.68,10.10.10.109,50508,1339,N/A,N/A,N/A,N/A,,,1
1759293208,eth1,66,Ethernet,IPv4,TCP,N/A,v4,10.10.10.109,10.10.10.68,1339,50508,N/A,N/A,N/A,N/A,,,1
1759293208,eth1,220,Ethernet,IPv4,TCP,N/A,v4,10.10.10.109,10.10.10.68,1339,50474,N/A,N/A,N/A,N/A,,,1
1759293208,eth1,66,Ethernet,IPv4,TCP,N/A,v4,10.10.10.68,10.10.10.109,50474,1339,N/A,N/A,N/A,N/A,,,1
1759293208,eth1,480,Ethernet,IPv4,TCP,N/A,v4,10.10.10.109,10.10.10.68,1339,50474,N/A,N/A,N/A,N/A,,,1
1759293208,eth1,66,Ethernet,IPv4,TCP,N/A,v4,10.10.10.68,10.10.10.109,50474,1339,N/A,N/A,N/A,N/A,,,1
1759293208,eth1,66,Ethernet,IPv4,TCP,N/A,v4,10.10.10.109,10.10.10.68,1339,50474,N/A,N/A,N/A,N/A,,,1
1759293208,eth1,211,Ethernet,IPv4,TCP,N/A,v4,10.10.10.109,10.10.10.68,1339,50478,N/A,N/A,N/A,N/A,,,1
1759293208,eth1,66,Ethernet,IPv4,TCP,N/A,v4,10.10.10.68,10.10.10.109,50478,1339,N/A,N/A,N/A,N/A,,,1
1759293208,eth1,66,Ethernet,IPv4,TCP,N/A,v4,10.10.10.109,10.10.10.68,1339,50478,N/A,N/A,N/A,N/A,,,1
1759293208,eth1,66,Ethernet,IPv4,TCP,N/A,v4,10.10.10.68,10.10.10.109,50478,1339,N/A,N/A,N/A,N/A,,,1
1759293208,eth1,66,Ethernet,IPv4,TCP,N/A,v4,10.10.10.109,10.10.10.68,1339,50478,N/A,N/A,N/A,N/A,,,1
1759293208,eth1,74,Ethernet,IPv4,TCP,N/A,v4,10.10.10.68,10.10.10.109,50512,1339,N/A,N/A,N/A,N/A,,,1
1759293208,eth1,74,Ethernet,IPv4,TCP,N/A,v4,10.10.10.109,10.10.10.68,1339,50512,N/A,N/A,N/A,N/A,,,1
1759293208,eth1,66,Ethernet,IPv4,TCP,N/A,v4,10.10.10.68,10.10.10.109,50512,1339,N/A,N/A,N/A,N/A,,,1
1759293208,any,76,N/A,IPv4,TCP,N/A,v4,10.10.10.109,10.10.10.68,1339,50508,N/A,N/A,N/A,N/A,,,1
1759293208,any,68,N/A,IPv4,TCP,N/A,v4,10.10.10.109,10.10.10.68,1339,50508,N/A,N/A,N/A,N/A,,,1
1759293208,any,222,N/A,IPv4,TCP,N/A,v4,10.10.10.109,10.10.10.68,1339,50474,N/A,N/A,N/A,N/A,,,1
1759293208,any,213,N/A,IPv4,TCP,N/A,v4,10.10.10.109,10.10.10.68,1339,50478,N/A,N/A,N/A,N/A,,,1
1759293208,any,68,N/A,IPv4,TCP,N/A,v4,10.10.10.68,10.10.10.109,50478,1339,N/A,N/A,N/A,N/A,,,1
1759293208,any,68,N/A,IPv4,TCP,N/A,v4,10.10.10.109,10.10.10.68,1339,50478,N/A,N/A,N/A,N/A,,,1
1759293208,any,76,N/A,IPv4,TCP,N/A,v4,10.10.10.68,10.10.10.109,50512,1339,N/A,N/A,N/A,N/A,,,1
1759293208,any,76,N/A,IPv4,TCP,N/A,v4,10.10.10.109,10.10.10.68,1339,50512,N/A,N/A,N/A,N/A,,,1
1759293208,any,210,N/A,IPv4,TCP,N/A,v4,10.10.10.68,10.10.10.109,50512,1339,N/A,N/A,N/A,N/A,,,1
1759293208,any,68,N/A,IPv4,TCP,N/A,v4,10.10.10.109,10.10.10.68,1339,50512,N/A,N/A,N/A,N/A,,,1
1759293208,any,217,N/A,IPv4,TCP,N/A,v4,10.10.10.109,10.10.10.68,1339,50492,N/A,N/A,N/A,N/A,,,1
1759293208,any,68,N/A,IPv4,TCP,N/A,v4,10.10.10.68,10.10.10.109,50492,1339,N/A,N/A,N/A,N/A,,,1
1759293208,any,68,N/A,IPv4,TCP,N/A,v4,10.10.10.109,10.10.10.68,1339,50492,N/A,N/A,N/A,N/A,,,1
1759293208,any,76,N/A,IPv4,TCP,N/A,v4,10.10.10.68,10.10.10.109,50528,1339,N/A,N/A,N/A,N/A,,,1
1759293208,any,222,N/A,IPv4,TCP,N/A,v4,10.10.10.109,10.10.10.68,1339,50508,N/A,N/A,N/A,N/A,,,1
1759293208,any,68,N/A,IPv4,TCP,N/A,v4,10.10.10.68,10.10.10.109,50508,1339,N/A,N/A,N/A,N/A,,,1
1759293208,any,68,N/A,IPv4,TCP,N/A,v4,10.10.10.109,10.10.10.68,1339,50508,N/A,N/A,N/A,N/A,,,1
1759293208,any,214,N/A,IPv4,TCP,N/A,v4,10.10.10.68,10.10.10.109,50528,1339,N/A,N/A,N/A,N/A,,,1
1759293208,any,68,N/A,IPv4,TCP,N/A,v4,10.10.10.109,10.10.10.68,1339,50528,N/A,N/A,N/A,N/A,,,1
1759293208,any,223,N/A,IPv4,TCP,N/A,v4,10.10.10.109,10.10.10.68,1339,50512,N/A,N/A,N/A,N/A,,,1
1759293208,eth1,208,Ethernet,IPv4,TCP,N/A,v4,10.10.10.68,10.10.10.109,50512,1339,N/A,N/A,N/A,N/A,,,1
1759293208,eth1,66,Ethernet,IPv4,TCP,N/A,v4,10.10.10.109,10.10.10.68,1339,50512,N/A,N/A,N/A,N/A,,,1
1759293208,eth1,215,Ethernet,IPv4,TCP,N/A,v4,10.10.10.109,10.10.10.68,1339,50492,N/A,N/A,N/A,N/A,,,1
1759293208,eth1,66,Ethernet,IPv4,TCP,N/A,v4,10.10.10.68,10.10.10.109,50492,1339,N/A,N/A,N/A,N/A,,,1
1759293208,eth1,66,Ethernet,IPv4,TCP,N/A,v4,10.10.10.109,10.10.10.68,1339,50492,N/A,N/A,N/A,N/A,,,1
1759293208,eth1,66,Ethernet,IPv4,TCP,N/A,v4,10.10.10.68,10.10.10.109,50492,1339,N/A,N/A,N/A,N/A,,,1
1759293208,eth1,66,Ethernet,IPv4,TCP,N/A,v4,10.10.10.109,10.10.10.68,1339,50492,N/A,N/A,N/A,N/A,,,1
1759293208,eth1,74,Ethernet,IPv4,TCP,N/A,v4,10.10.10.68,10.10.10.109,50528,1339,N/A,N/A,N/A,N/A,,,1
1759293208,eth1,220,Ethernet,IPv4,TCP,N/A,v4,10.10.10.109,10.10.10.68,1339,50508,N/A,N/A,N/A,N/A,,,1
1759293208,eth1,66,Ethernet,IPv4,TCP,N/A,v4,10.10.10.68,10.10.10.109,50508,1339,N/A,N/A,N/A,N/A,,,1
1759293208,eth1,74,Ethernet,IPv4,TCP,N/A,v4,10.10.10.109,10.10.10.68,1339,50528,N/A,N/A,N/A,N/A,,,1
1759293208,eth1,946,Ethernet,IPv4,TCP,N/A,v4,10.10.10.109,10.10.10.68,1339,50508,N/A,N/A,N/A,N/A,,,1
1759293208,eth1,66,Ethernet,IPv4,TCP,N/A,v4,10.10.10.68,10.10.10.109,50508,1339,N/A,N/A,N/A,N/A,,,1
1759293208,eth1,66,Ethernet,IPv4,TCP,N/A,v4,10.10.10.109,10.10.10.68,1339,50508,N/A,N/A,N/A,N/A,,,1
1759293208,eth1,66,Ethernet,IPv4,TCP,N/A,v4,10.10.10.68,10.10.10.109,50508,1339,N/A,N/A,N/A,N/A,,,1
1759293208,eth1,66,Ethernet,IPv4,TCP,N/A,v4,10.10.10.109,10.10.10.68,1339,50508,N/A,N/A,N/A,N/A,,,1
1759293208,eth1,212,Ethernet,IPv4,TCP,N/A,v4,10.10.10.68,10.10.10.109,50528,1339,N/A,N/A,N/A,N/A,,,1
1759293208,eth1,66,Ethernet,IPv4,TCP,N/A,v4,10.10.10.109,10.10.10.68,1339,50528,N/A,N/A,N/A,N/A,,,1
1759293208,eth1,221,Ethernet,IPv4,TCP,N/A,v4,10.10.10.109,10.10.10.68,1339,50512,N/A,N/A,N/A,N/A,,,1
1759293208,eth1,66,Ethernet,IPv4,TCP,N/A,v4,10.10.10.68,10.10.10.109,50512,1339,N/A,N/A,N/A,N/A,,,1
1759293208,eth1,1514,Ethernet,IPv4,TCP,N/A,v4,10.10.10.109,10.10.10.68,1339,50512,N/A,N/A,N/A,N/A,,,1
1759293208,eth1,1264,Ethernet,IPv4,TCP,N/A,v4,10.10.10.109,10.10.10.68,1339,50512,N/A,N/A,N/A,N/A,,,1
1759293208,eth1,220,Ethernet,IPv4,TCP,N/A,v4,10.10.10.109,10.10.10.68,1339,50528,N/A,N/A,N/A,N/A,,,1
1759293208,eth1,66,Ethernet,IPv4,TCP,N/A,v4,10.10.10.68,10.10.10.109,50528,1339,N/A,N/A,N/A,N/A,,,1
1759293208,eth1,754,Ethernet,IPv4,TCP,N/A,v4,10.10.10.109,10.10.10.68,1339,50528,N/A,N/A,N/A,N/A,,,1
1759293208,eth1,66,Ethernet,IPv4,TCP,N/A,v4,10.10.10.68,10.10.10.109,50528,1339,N/A,N/A,N/A,N/A,,,1
1759293208,eth1,66,Ethernet,IPv4,TCP,N/A,v4,10.10.10.68,10.10.10.109,50512,1339,N/A,N/A,N/A,N/A,,,1
1759293208,eth1,66,Ethernet,IPv4,TCP,N/A,v4,10.10.10.109,10.10.10.68,1339,50512,N/A,N/A,N/A,N/A,,,1
1759293208,eth1,66,Ethernet,IPv4,TCP,N/A,v4,10.10.10.68,10.10.10.109,50528,1339,N/A,N/A,N/A,N/A,,,1
1759293208,eth1,66,Ethernet,IPv4,TCP,N/A,v4,10.10.10.109,10.10.10.68,1339,50528,N/A,N/A,N/A,N/A,,,1
1759293208,any,68,N/A,IPv4,TCP,N/A,v4,10.10.10.68,10.10.10.109,50528,1339,N/A,N/A,N/A,N/A,,,1
1759293208,any,68,N/A,IPv4,TCP,N/A,v4,10.10.10.68,10.10.10.109,50512,1339,N/A,N/A,N/A,N/A,,,1
1759293208,any,68,N/A,IPv4,TCP,N/A,v4,10.10.10.109,10.10.10.68,1339,50512,N/A,N/A,N/A,N/A,,,1
1759293208,any,68,N/A,IPv4,TCP,N/A,v4,10.10.10.68,10.10.10.109,50528,1339,N/A,N/A,N/A,N/A,,,1
1759293208,any,68,N/A,IPv4,TCP,N/A,v4,10.10.10.109,10.10.10.68,1339,50528,N/A,N/A,N/A,N/A,,,1
1759293208,any,72,N/A,IPv6,ICMP,N/A,v6,fe80::f056:abff:fe65:143,ff02::204,N/A,N/A,N/A,N/A,N/A,N/A,,,1
1759293208,eth1,70,Ethernet,IPv6,ICMP,N/A,v6,fe80::f056:abff:fe65:143,ff02::204,N/A,N/A,N/A,N/A,N/A,N/A,,,1
1759293208,eth0,90,Ethernet,IPv6,ICMP,N/A,v6,fe80::e48e:99ff:fe5f:147,ff02::179,N/A,N/A,N/A,N/A,N/A,N/A,,,1
1759293208,eth0,54,Ethernet,IPv4,N/A,N/A,v4,172.30.0.220,224.0.0.22,N/A,N/A,N/A,N/A,N/A,N/A,,,1
1759293208,any,92,N/A,IPv6,ICMP,N/A,v6,fe80::e48e:99ff:fe5f:147,ff02::179,N/A,N/A,N/A,N/A,N/A,N/A,,,1
1759293208,eth0,91,Ethernet,IPv6,UDP,N/A,v6,fe80::e48e:99ff:fe5f:147,ff02::1:52,5355,5355,N/A,N/A,N/A,N/A,,,1
1759293208,any,93,N/A,IPv6,UDP,N/A,v6,fe80::e48e:99ff:fe5f:147,ff02::1:52,5355,5355,N/A,N/A,N/A,N/A,,,1
1759293208,eth1,193,Ethernet,IPv4,TCP,N/A,v4,10.10.10.68,10.10.10.109,49504,1339,N/A,N/A,N/A,N/A,,,1
1759293208,eth1,196,Ethernet,IPv4,TCP,N/A,v4,10.10.10.68,10.10.10.109,49492,1339,N/A,N/A,N/A,N/A,,,1
1759293208,eth1,200,Ethernet,IPv4,TCP,N/A,v4,10.10.10.68,10.10.10.109,49476,1339,N/A,N/A,N/A,N/A,,,1
1759293208,any,195,N/A,IPv4,TCP,N/A,v4,10.10.10.68,10.10.10.109,49504,1339,N/A,N/A,N/A,N/A,,,1
1759293208,eth1,66,Ethernet,IPv4,TCP,N/A,v4,10.10.10.109,10.10.10.68,1339,49504,N/A,N/A,N/A,N/A,,,1
1759293208,eth1,66,Ethernet,IPv4,TCP,N/A,v4,10.10.10.109,10.10.10.68,1339,49492,N/A,N/A,N/A,N/A,,,1
1759293208,eth1,66,Ethernet,IPv4,TCP,N/A,v4,10.10.10.109,10.10.10.68,1339,49476,N/A,N/A,N/A,N/A,,,1
1759293208,any,68,N/A,IPv4,TCP,N/A,v4,10.10.10.109,10.10.10.68,1339,49504,N/A,N/A,N/A,N/A,,,1
1759293208,eth1,197,Ethernet,IPv4,TCP,N/A,v4,10.10.10.109,10.10.10.68,1339,49504,N/A,N/A,N/A,N/A,,,1
1759293208,eth1,66,Ethernet,IPv4,TCP,N/A,v4,10.10.10.109,10.10.10.68,1339,49504,N/A,N/A,N/A,N/A,,,1
1759293208,eth1,66,Ethernet,IPv4,TCP,N/A,v4,10.10.10.68,10.10.10.109,49504,1339,N/A,N/A,N/A,N/A,,,1
1759293208,any,199,N/A,IPv4,TCP,N/A,v4,10.10.10.109,10.10.10.68,1339,49504,N/A,N/A,N/A,N/A,,,1
1759293208,any,202,N/A,IPv4,TCP,N/A,v4,10.10.10.109,10.10.10.68,1339,49492,N/A,N/A,N/A,N/A,,,1
1759293208,any,199,N/A,IPv4,TCP,N/A,v4,10.10.10.68,10.10.10.109,50552,1339,N/A,N/A,N/A,N/A,,,1
1759293208,any,68,N/A,IPv4,TCP,N/A,v4,10.10.10.109,10.10.10.68,1339,50552,N/A,N/A,N/A,N/A,,,1
1759293208,any,203,N/A,IPv4,TCP,N/A,v4,10.10.10.68,10.10.10.109,50556,1339,N/A,N/A,N/A,N/A,,,1
1759293208,any,196,N/A,IPv4,TCP,N/A,v4,10.10.10.68,10.10.10.109,50538,1339,N/A,N/A,N/A,N/A,,,1
1759293208,any,68,N/A,IPv4,TCP,N/A,v4,10.10.10.109,10.10.10.68,1339,50538,N/A,N/A,N/A,N/A,,,1
1759293208,any,76,N/A,IPv4,TCP,N/A,v4,10.10.10.109,10.10.10.68,1339,50564,N/A,N/A,N/A,N/A,,,1
1759293208,any,202,N/A,IPv4,TCP,N/A,v4,10.10.10.68,10.10.10.109,50564,1339,N/A,N/A,N/A,N/A,,,1
1759293208,any,68,N/A,IPv4,TCP,N/A,v4,10.10.10.109,10.10.10.68,1339,50564,N/A,N/A,N/A,N/A,,,1
1759293208,any,202,N/A,IPv4,TCP,N/A,v4,10.10.10.109,10.10.10.68,1339,49456,N/A,N/A,N/A,N/A,,,1
1759293208,any,68,N/A,IPv4,TCP,N/A,v4,10.10.10.109,10.10.10.68,1339,49456,N/A,N/A,N/A,N/A,,,1
1759293208,any,68,N/A,IPv4,TCP,N/A,v4,10.10.10.68,10.10.10.109,49456,1339,N/A,N/A,N/A,N/A,,,1
1759293208,any,68,N/A,IPv4,TCP,N/A,v4,10.10.10.109,10.10.10.68,1339,49456,N/A,N/A,N/A,N/A,,,1
1759293208,any,199,N/A,IPv4,TCP,N/A,v4,10.10.10.68,10.10.10.109,50572,1339,N/A,N/A,N/A,N/A,,,1
1759293208,any,68,N/A,IPv4,TCP,N/A,v4,10.10.10.109,10.10.10.68,1339,50572,N/A,N/A,N/A,N/A,,,1
1759293208,eth1,200,Ethernet,IPv4,TCP,N/A,v4,10.10.10.109,10.10.10.68,1339,49492,N/A,N/A,N/A,N/A,,,1
1759293208,eth1,66,Ethernet,IPv4,TCP,N/A,v4,10.10.10.109,10.10.10.68,1339,49492,N/A,N/A,N/A,N/A,,,1
1759293208,eth1,66,Ethernet,IPv4,TCP,N/A,v4,10.10.10.68,10.10.10.109,49492,1339,N/A,N/A,N/A,N/A,,,1
1759293208,eth1,197,Ethernet,IPv4,TCP,N/A,v4,10.10.10.68,10.10.10.109,50552,1339,N/A,N/A,N/A,N/A,,,1
1759293208,eth1,74,Ethernet,IPv4,TCP,N/A,v4,10.10.10.109,10.10.10.68,1339,50556,N/A,N/A,N/A,N/A,,,1
1759293208,eth1,66,Ethernet,IPv4,TCP,N/A,v4,10.10.10.68,10.10.10.109,50556,1339,N/A,N/A,N/A,N/A,,,1
1759293208,eth1,66,Ethernet,IPv4,TCP,N/A,v4,10.10.10.109,10.10.10.68,1339,50552,N/A,N/A,N/A,N/A,,,1
1759293208,eth1,201,Ethernet,IPv4,TCP,N/A,v4,10.10.10.68,10.10.10.109,50556,1339,N/A,N/A,N/A,N/A,,,1
1759293208,eth1,194,Ethernet,IPv4,TCP,N/A,v4,10.10.10.68,10.10.10.109,50538,1339,N/A,N/A,N/A,N/A,,,1
1759293208,eth1,66,Ethernet,IPv4,TCP,N/A,v4,10.10.10.109,10.10.10.68,1339,50556,N/A,N/A,N/A,N/A,,,1
1759293208,eth1,66,Ethernet,IPv4,TCP,N/A,v4,10.10.10.109,10.10.10.68,1339,50538,N/A,N/A,N/A,N/A,,,1
1759293208,eth1,203,Ethernet,IPv4,TCP,N/A,v4,10.10.10.109,10.10.10.68,1339,49474,N/A,N/A,N/A,N/A,,,1
1759293208,eth1,66,Ethernet,IPv4,TCP,N/A,v4,10.10.10.68,10.10.10.109,49474,1339,N/A,N/A,N/A,N/A,,,1
1759293208,eth1,74,Ethernet,IPv4,TCP,N/A,v4,10.10.10.109,10.10.10.68,1339,50564,N/A,N/A,N/A,N/A,,,1
1759293208,eth1,66,Ethernet,IPv4,TCP,N/A,v4,10.10.10.68,10.10.10.109,50564,1339,N/A,N/A,N/A,N/A,,,1
1759293208,eth1,200,Ethernet,IPv4,TCP,N/A,v4,10.10.10.68,10.10.10.109,50564,1339,N/A,N/A,N/A,N/A,,,1
1759293208,eth1,66,Ethernet,IPv4,TCP,N/A,v4,10.10.10.109,10.10.10.68,1339,50564,N/A,N/A,N/A,N/A,,,1
1759293208,eth1,200,Ethernet,IPv4,TCP,N/A,v4,10.10.10.109,10.10.10.68,1339,49456,N/A,N/A,N/A,N/A,,,1
1759293208,eth1,66,Ethernet,IPv4,TCP,N/A,v4,10.10.10.68,10.10.10.109,49456,1339,N/A,N/A,N/A,N/A,,,1
1759293208,eth1,66,Ethernet,IPv4,TCP,N/A,v4,10.10.10.109,10.10.10.68,1339,49456,N/A,N/A,N/A,N/A,,,1
1759293208,eth1,66,Ethernet,IPv4,TCP,N/A,v4,10.10.10.68,10.10.10.109,49456,1339,N/A,N/A,N/A,N/A,,,1
1759293208,eth1,74,Ethernet,IPv4,TCP,N/A,v4,10.10.10.68,10.10.10.109,50572,1339,N/A,N/A,N/A,N/A,,,1
1759293208,eth1,66,Ethernet,IPv4,TCP,N/A,v4,10.10.10.109,10.10.10.68,1339,49456,N/A,N/A,N/A,N/A,,,1
1759293208,eth1,74,Ethernet,IPv4,TCP,N/A,v4,10.10.10.109,10.10.10.68,1339,50572,N/A,N/A,N/A,N/A,,,1
1759293208,eth1,66,Ethernet,IPv4,TCP,N/A,v4,10.10.10.68,10.10.10.109,50572,1339,N/A,N/A,N/A,N/A,,,1
1759293208,eth1,197,Ethernet,IPv4,TCP,N/A,v4,10.10.10.68,10.10.10.109,50572,1339,N/A,N/A,N/A,N/A,,,1
1759293208,eth1,66,Ethernet,IPv4,TCP,N/A,v4,10.10.10.109,10.10.10.68,1339,50572,N/A,N/A,N/A,N/A,,,1
1759293208,eth1,197,Ethernet,IPv4,TCP,N/A,v4,10.10.10.109,10.10.10.68,1339,49450,N/A,N/A,N/A,N/A,,,1
1759293208,eth1,66,Ethernet,IPv4,TCP,N/A,v4,10.10.10.109,10.10.10.68,1339,49450,N/A,N/A,N/A,N/A,,,1
1759293208,eth1,66,Ethernet,IPv4,TCP,N/A,v4,10.10.10.68,10.10.10.109,49450,1339,N/A,N/A,N/A,N/A,,,1
1759293208,eth1,66,Ethernet,IPv4,TCP,N/A,v4,10.10.10.68,10.10.10.109,49450,1339,N/A,N/A,N/A,N/A,,,1
1759293208,eth1,74,Ethernet,IPv4,TCP,N/A,v4,10.10.10.68,10.10.10.109,50578,1339,N/A,N/A,N/A,N/A,,,1
1759293208,eth1,66,Ethernet,IPv4,TCP,N/A,v4,10.10.10.109,10.10.10.68,1339,49450,N/A,N/A,N/A,N/A,,,1
1759293208,eth1,74,Ethernet,IPv4,TCP,N/A,v4,10.10.10.109,10.10.10.68,1339,50578,N/A,N/A,N/A,N/A,,,1
1759293208,eth1,66,Ethernet,IPv4,TCP,N/A,v4,10.10.10.68,10.10.10.109,50578,1339,N/A,N/A,N/A,N/A,,,1
1759293208,eth1,194,Ethernet,IPv4,TCP,N/A,v4,10.10.10.68,10.10.10.109,50578,1339,N/A,N/A,N/A,N/A,,,1
1759293208,any,199,N/A,IPv4,TCP,N/A,v4,10.10.10.109,10.10.10.68,1339,49450,N/A,N/A,N/A,N/A,,,1
1759293208,eth0,360,Ethernet,IPv4,UDP,N/A,v4,0.0.0.0,255.255.255.255,68,67,N/A,N/A,N/A,N/A,,,1
1759293208,eth2,110,Ethernet,IPv6,ICMP,N/A,v6,fe80::dcac:f9ff:fe59:60,ff02::179,N/A,N/A,N/A,N/A,N/A,N/A,,,1
1759293208,eth1,66,Ethernet,IPv4,TCP,N/A,v4,10.10.10.109,10.10.10.68,1339,50578,N/A,N/A,N/A,N/A,,,1
1759293208,eth1,220,Ethernet,IPv4,TCP,N/A,v4,10.10.10.109,10.10.10.68,1339,50538,N/A,N/A,N/A,N/A,,,1
1759293208,eth1,66,Ethernet,IPv4,TCP,N/A,v4,10.10.10.68,10.10.10.109,50538,1339,N/A,N/A,N/A,N/A,,,1
1759293208,eth1,528,Ethernet,IPv4,TCP,N/A,v4,10.10.10.109,10.10.10.68,1339,50538,N/A,N/A,N/A,N/A,,,1
1759293208,eth1,221,Ethernet,IPv4,TCP,N/A,v4,10.10.10.109,10.10.10.68,1339,50552,N/A,N/A,N/A,N/A,,,1
1759293208,eth1,2310,Ethernet,IPv4,TCP,N/A,v4,10.10.10.109,10.10.10.68,1339,50552,N/A,N/A,N/A,N/A,,,1
1759293208,eth1,66,Ethernet,IPv4,TCP,N/A,v4,10.10.10.68,10.10.10.109,50552,1339,N/A,N/A,N/A,N/A,,,1
1759293208,eth1,66,Ethernet,IPv4,TCP,N/A,v4,10.10.10.68,10.10.10.109,50552,1339,N/A,N/A,N/A,N/A,,,1
1759293208,eth1,66,Ethernet,IPv4,TCP,N/A,v4,10.10.10.68,10.10.10.109,50552,1339,N/A,N/A,N/A,N/A,,,1
1759293208,eth1,66,Ethernet,IPv4,TCP,N/A,v4,10.10.10.109,10.10.10.68,1339,50552,N/A,N/A,N/A,N/A,,,1
1759293208,eth1,221,Ethernet,IPv4,TCP,N/A,v4,10.10.10.109,10.10.10.68,1339,50556,N/A,N/A,N/A,N/A,,,1
1759293208,eth1,1367,Ethernet,IPv4,TCP,N/A,v4,10.10.10.109,10.10.10.68,1339,50556,N/A,N/A,N/A,N/A,,,1
1759293208,eth1,66,Ethernet,IPv4,TCP,N/A,v4,10.10.10.68,10.10.10.109,50556,1339,N/A,N/A,N/A,N/A,,,1
1759293208,eth1,66,Ethernet,IPv4,TCP,N/A,v4,10.10.10.68,10.10.10.109,50556,1339,N/A,N/A,N/A,N/A,,,1
1759293208,eth1,66,Ethernet,IPv4,TCP,N/A,v4,10.10.10.68,10.10.10.109,50556,1339,N/A,N/A,N/A,N/A,,,1
1759293208,eth1,66,Ethernet,IPv4,TCP,N/A,v4,10.10.10.109,10.10.10.68,1339,50556,N/A,N/A,N/A,N/A,,,1
1759293208,eth1,220,Ethernet,IPv4,TCP,N/A,v4,10.10.10.109,10.10.10.68,1339,50564,N/A,N/A,N/A,N/A,,,1
1759293208,eth1,677,Ethernet,IPv4,TCP,N/A,v4,10.10.10.109,10.10.10.68,1339,50564,N/A,N/A,N/A,N/A,,,1
1759293208,eth1,66,Ethernet,IPv4,TCP,N/A,v4,10.10.10.68,10.10.10.109,50564,1339,N/A,N/A,N/A,N/A,,,1
1759293208,eth1,66,Ethernet,IPv4,TCP,N/A,v4,10.10.10.68,10.10.10.109,50564,1339,N/A,N/A,N/A,N/A,,,1
1759293208,eth1,66,Ethernet,IPv4,TCP,N/A,v4,10.10.10.68,10.10.10.109,50564,1339,N/A,N/A,N/A,N/A,,,1
1759293208,eth1,66,Ethernet,IPv4,TCP,N/A,v4,10.10.10.109,10.10.10.68,1339,50564,N/A,N/A,N/A,N/A,,,1
1759293208,eth1,220,Ethernet,IPv4,TCP,N/A,v4,10.10.10.109,10.10.10.68,1339,50572,N/A,N/A,N/A,N/A,,,1
1759293208,eth1,928,Ethernet,IPv4,TCP,N/A,v4,10.10.10.109,10.10.10.68,1339,50572,N/A,N/A,N/A,N/A,,,1
1759293208,eth1,66,Ethernet,IPv4,TCP,N/A,v4,10.10.10.68,10.10.10.109,50572,1339,N/A,N/A,N/A,N/A,,,1
1759293208,eth1,66,Ethernet,IPv4,TCP,N/A,v4,10.10.10.68,10.10.10.109,50572,1339,N/A,N/A,N/A,N/A,,,1
1759293208,eth1,66,Ethernet,IPv4,TCP,N/A,v4,10.10.10.68,10.10.10.109,50572,1339,N/A,N/A,N/A,N/A,,,1
1759293208,eth1,66,Ethernet,IPv4,TCP,N/A,v4,10.10.10.109,10.10.10.68,1339,50572,N/A,N/A,N/A,N/A,,,1
1759293208,eth1,110,Ethernet,IPv6,ICMP,N/A,v6,fe80::f056:abff:fe65:143,ff02::179,N/A,N/A,N/A,N/A,N/A,N/A,,,1
1759293208,eth1,221,Ethernet,IPv4,TCP,N/A,v4,10.10.10.109,10.10.10.68,1339,50578,N/A,N/A,N/A,N/A,,,1
1759293208,eth1,2962,Ethernet,IPv4,TCP,N/A,v4,10.10.10.109,10.10.10.68,1339,50578,N/A,N/A,N/A,N/A,,,1
1759293208,eth1,833,Ethernet,IPv4,TCP,N/A,v4,10.10.10.109,10.10.10.68,1339,50578,N/A,N/A,N/A,N/A,,,1
1759293208,eth1,66,Ethernet,IPv4,TCP,N/A,v4,10.10.10.68,10.10.10.109,50578,1339,N/A,N/A,N/A,N/A,,,1
1759293208,eth1,66,Ethernet,IPv4,TCP,N/A,v4,10.10.10.109,10.10.10.68,1339,50578,N/A,N/A,N/A,N/A,,,1
1759293208,eth1,74,Ethernet,IPv4,TCP,N/A,v4,10.10.10.68,10.10.10.109,50580,1339,N/A,N/A,N/A,N/A,,,1
1759293208,eth1,74,Ethernet,IPv4,TCP,N/A,v4,10.10.10.109,10.10.10.68,1339,50580,N/A,N/A,N/A,N/A,,,1
1759293208,eth1,66,Ethernet,IPv4,TCP,N/A,v4,10.10.10.68,10.10.10.109,50580,1339,N/A,N/A,N/A,N/A,,,1
1759293208,eth1,205,Ethernet,IPv4,TCP,N/A,v4,10.10.10.68,10.10.10.109,50580,1339,N/A,N/A,N/A,N/A,,,1
1759293208,eth1,66,Ethernet,IPv4,TCP,N/A,v4,10.10.10.109,10.10.10.68,1339,50580,N/A,N/A,N/A,N/A,,,1
1759293208,eth1,74,Ethernet,IPv4,TCP,N/A,v4,10.10.10.68,10.10.10.109,50596,1339,N/A,N/A,N/A,N/A,,,1
1759293208,eth1,74,Ethernet,IPv4,TCP,N/A,v4,10.10.10.109,10.10.10.68,1339,50596,N/A,N/A,N/A,N/A,,,1
1759293208,eth1,66,Ethernet,IPv4,TCP,N/A,v4,10.10.10.68,10.10.10.109,50596,1339,N/A,N/A,N/A,N/A,,,1
1759293208,eth1,74,Ethernet,IPv4,TCP,N/A,v4,10.10.10.68,10.10.10.109,50604,1339,N/A,N/A,N/A,N/A,,,1
1759293208,eth1,212,Ethernet,IPv4,TCP,N/A,v4,10.10.10.68,10.10.10.109,50596,1339,N/A,N/A,N/A,N/A,,,1
1759293208,eth1,74,Ethernet,IPv4,TCP,N/A,v4,10.10.10.109,10.10.10.68,1339,50604,N/A,N/A,N/A,N/A,,,1
1759293208,eth1,66,Ethernet,IPv4,TCP,N/A,v4,10.10.10.109,10.10.10.68,1339,50596,N/A,N/A,N/A,N/A,,,1
1759293208,eth1,66,Ethernet,IPv4,TCP,N/A,v4,10.10.10.68,10.10.10.109,50604,1339,N/A,N/A,N/A,N/A,,,1
1759293208,any,68,N/A,IPv4,TCP,N/A,v4,10.10.10.109,10.10.10.68,1339,49450,N/A,N/A,N/A,N/A,,,1
1759293208,eth0,372,Ethernet,IPv4,UDP,N/A,v4,0.0.0.0,255.255.255.255,68,67,N/A,N/A,N/A,N/A,,,1
1759293208,eth0,110,Ethernet,IPv6,ICMP,N/A,v6,fe80::e48e:99ff:fe5f:147,ff02::179,N/A,N/A,N/A,N/A,N/A,N/A,,,1
1759293208,eth0,110,Ethernet,IPv6,ICMP,N/A,v6,fe80::e48e:99ff:fe5f:147,ff02::179,N/A,N/A,N/A,N/A,N/A,N/A,,,1
1759293208,eth0,54,Ethernet,IPv4,N/A,N/A,v4,172.30.0.220,224.0.0.22,N/A,N/A,N/A,N/A,N/A,N/A,,,1
1759293208,eth0,42,Ethernet,N/A,N/A,N/A,N/A,N/A,N/A,N/A,N/A,N/A,N/A,N/A,N/A,,,1
1759293208,eth0,56,Ethernet,N/A,N/A,N/A,N/A,N/A,N/A,N/A,N/A,N/A,N/A,N/A,N/A,,,1
1759293208,eth0,56,Ethernet,N/A,N/A,N/A,N/A,N/A,N/A,N/A,N/A,N/A,N/A,N/A,N/A,,,1
1759293208,eth0,90,Ethernet,IPv6,ICMP,N/A,v6,fe80::e48e:99ff:fe5f:147,ff02::179,N/A,N/A,N/A,N/A,N/A,N/A,,,1
1759293208,eth1,208,Ethernet,IPv4,TCP,N/A,v4,10.10.10.68,10.10.10.109,50604,1339,N/A,N/A,N/A,N/A,,,1
1759293208,eth1,66,Ethernet,IPv4,TCP,N/A,v4,10.10.10.109,10.10.10.68,1339,50604,N/A,N/A,N/A,N/A,,,1
1759293208,eth1,209,Ethernet,IPv4,TCP,N/A,v4,10.10.10.109,10.10.10.68,1339,50580,N/A,N/A,N/A,N/A,,,1
1759293208,eth1,66,Ethernet,IPv4,TCP,N/A,v4,10.10.10.68,10.10.10.109,50580,1339,N/A,N/A,N/A,N/A,,,1
1759293208,eth1,66,Ethernet,IPv4,TCP,N/A,v4,10.10.10.109,10.10.10.68,1339,50580,N/A,N/A,N/A,N/A,,,1
1759293208,eth1,66,Ethernet,IPv4,TCP,N/A,v4,10.10.10.68,10.10.10.109,50580,1339,N/A,N/A,N/A,N/A,,,1
1759293208,eth1,74,Ethernet,IPv4,TCP,N/A,v4,10.10.10.68,10.10.10.109,50616,1339,N/A,N/A,N/A,N/A,,,1
1759293208,eth1,66,Ethernet,IPv4,TCP,N/A,v4,10.10.10.109,10.10.10.68,1339,50580,N/A,N/A,N/A,N/A,,,1
1759293208,eth1,74,Ethernet,IPv4,TCP,N/A,v4,10.10.10.109,10.10.10.68,1339,50616,N/A,N/A,N/A,N/A,,,1
1759293208,eth1,66,Ethernet,IPv4,TCP,N/A,v4,10.10.10.68,10.10.10.109,50616,1339,N/A,N/A,N/A,N/A,,,1
1759293208,eth1,74,Ethernet,IPv4,TCP,N/A,v4,10.10.10.68,10.10.10.109,50622,1339,N/A,N/A,N/A,N/A,,,1
1759293208,eth1,74,Ethernet,IPv4,TCP,N/A,v4,10.10.10.109,10.10.10.68,1339,50622,N/A,N/A,N/A,N/A,,,1
1759293208,eth1,66,Ethernet,IPv4,TCP,N/A,v4,10.10.10.68,10.10.10.109,50622,1339,N/A,N/A,N/A,N/A,,,1
1759293208,eth1,206,Ethernet,IPv4,TCP,N/A,v4,10.10.10.68,10.10.10.109,50616,1339,N/A,N/A,N/A,N/A,,,1
1759293208,eth1,66,Ethernet,IPv4,TCP,N/A,v4,10.10.10.109,10.10.10.68,1339,50616,N/A,N/A,N/A,N/A,,,1
1759293208,eth1,74,Ethernet,IPv4,TCP,N/A,v4,10.10.10.68,10.10.10.109,50638,1339,N/A,N/A,N/A,N/A,,,1
1759293208,eth1,74,Ethernet,IPv4,TCP,N/A,v4,10.10.10.109,10.10.10.68,1339,50638,N/A,N/A,N/A,N/A,,,1
1759293208,eth1,66,Ethernet,IPv4,TCP,N/A,v4,10.10.10.68,10.10.10.109,50638,1339,N/A,N/A,N/A,N/A,,,1
1759293208,eth1,74,Ethernet,IPv4,TCP,N/A,v4,10.10.10.68,10.10.10.109,50654,1339,N/A,N/A,N/A,N/A,,,1
1759293208,eth1,74,Ethernet,IPv4,TCP,N/A,v4,10.10.10.109,10.10.10.68,1339,50654,N/A,N/A,N/A,N/A,,,1
1759293208,eth1,66,Ethernet,IPv4,TCP,N/A,v4,10.10.10.68,10.10.10.109,50654,1339,N/A,N/A,N/A,N/A,,,1
1759293208,eth1,216,Ethernet,IPv4,TCP,N/A,v4,10.10.10.109,10.10.10.68,1339,50596,N/A,N/A,N/A,N/A,,,1
1759293208,eth1,66,Ethernet,IPv4,TCP,N/A,v4,10.10.10.68,10.10.10.109,50596,1339,N/A,N/A,N/A,N/A,,,1
1759293208,eth1,66,Ethernet,IPv4,TCP,N/A,v4,10.10.10.109,10.10.10.68,1339,50596,N/A,N/A,N/A,N/A,,,1
1759293208,eth1,66,Ethernet,IPv4,TCP,N/A,v4,10.10.10.68,10.10.10.109,50596,1339,N/A,N/A,N/A,N/A,,,1
1759293208,eth1,74,Ethernet,IPv4,TCP,N/A,v4,10.10.10.68,10.10.10.109,50662,1339,N/A,N/A,N/A,N/A,,,1
1759293208,eth1,211,Ethernet,IPv4,TCP,N/A,v4,10.10.10.68,10.10.10.109,50638,1339,N/A,N/A,N/A,N/A,,,1
1759293208,eth1,66,Ethernet,IPv4,TCP,N/A,v4,10.10.10.109,10.10.10.68,1339,50596,N/A,N/A,N/A,N/A,,,1
1759293208,eth1,206,Ethernet,IPv4,TCP,N/A,v4,10.10.10.68,10.10.10.109,50622,1339,N/A,N/A,N/A,N/A,,,1
1759293208,eth1,74,Ethernet,IPv4,TCP,N/A,v4,10.10.10.109,10.10.10.68,1339,50662,N/A,N/A,N/A,N/A,,,1
1759293208,eth1,66,Ethernet,IPv4,TCP,N/A,v4,10.10.10.109,10.10.10.68,1339,50638,N/A,N/A,N/A,N/A,,,1
1759293208,eth1,66,Ethernet,IPv4,TCP,N/A,v4,10.10.10.68,10.10.10.109,50662,1339,N/A,N/A,N/A,N/A,,,1
1759293208,eth1,66,Ethernet,IPv4,TCP,N/A,v4,10.10.10.109,10.10.10.68,1339,50622,N/A,N/A,N/A,N/A,,,1
1759293208,eth1,74,Ethernet,IPv4,TCP,N/A,v4,10.10.10.68,10.10.10.109,50678,1339,N/A,N/A,N/A,N/A,,,1
1759293208,eth1,213,Ethernet,IPv4,TCP,N/A,v4,10.10.10.68,10.10.10.109,50662,1339,N/A,N/A,N/A,N/A,,,1
1759293208,eth1,74,Ethernet,IPv4,TCP,N/A,v4,10.10.10.109,10.10.10.68,1339,50678,N/A,N/A,N/A,N/A,,,1
1759293208,eth1,66,Ethernet,IPv4,TCP,N/A,v4,10.10.10.68,10.10.10.109,50678,1339,N/A,N/A,N/A,N/A,,,1
1759293208,eth1,66,Ethernet,IPv4,TCP,N/A,v4,10.10.10.109,10.10.10.68,1339,50662,N/A,N/A,N/A,N/A,,,1
1759293208,eth1,208,Ethernet,IPv4,TCP,N/A,v4,10.10.10.68,10.10.10.109,50654,1339,N/A,N/A,N/A,N/A,,,1
1759293208,eth1,206,Ethernet,IPv4,TCP,N/A,v4,10.10.10.68,10.10.10.109,50678,1339,N/A,N/A,N/A,N/A,,,1
1759293208,eth1,66,Ethernet,IPv4,TCP,N/A,v4,10.10.10.109,10.10.10.68,1339,50654,N/A,N/A,N/A,N/A,,,1
1759293208,any,196,N/A,IPv4,TCP,N/A,v4,10.10.10.68,10.10.10.109,50578,1339,N/A,N/A,N/A,N/A,,,1
1759293208,any,68,N/A,IPv4,TCP,N/A,v4,10.10.10.109,10.10.10.68,1339,50578,N/A,N/A,N/A,N/A,,,1
1759293208,any,222,N/A,IPv4,TCP,N/A,v4,10.10.10.109,10.10.10.68,1339,50538,N/A,N/A,N/A,N/A,,,1
1759293208,any,530,N/A,IPv4,TCP,N/A,v4,10.10.10.109,10.10.10.68,1339,50538,N/A,N/A,N/A,N/A,,,1
1759293208,any,68,N/A,IPv4,TCP,N/A,v4,10.10.10.68,10.10.10.109,50538,1339,N/A,N/A,N/A,N/A,,,1
1759293208,any,223,N/A,IPv4,TCP,N/A,v4,10.10.10.109,10.10.10.68,1339,50552,N/A,N/A,N/A,N/A,,,1
1759293208,any,68,N/A,IPv4,TCP,N/A,v4,10.10.10.68,10.10.10.109,50552,1339,N/A,N/A,N/A,N/A,,,1
1759293208,any,68,N/A,IPv4,TCP,N/A,v4,10.10.10.109,10.10.10.68,1339,50552,N/A,N/A,N/A,N/A,,,1
1759293208,any,223,N/A,IPv4,TCP,N/A,v4,10.10.10.109,10.10.10.68,1339,50556,N/A,N/A,N/A,N/A,,,1
1759293208,any,68,N/A,IPv4,TCP,N/A,v4,10.10.10.68,10.10.10.109,50556,1339,N/A,N/A,N/A,N/A,,,1
1759293208,any,68,N/A,IPv4,TCP,N/A,v4,10.10.10.109,10.10.10.68,1339,50556,N/A,N/A,N/A,N/A,,,1
1759293208,any,362,N/A,IPv4,UDP,N/A,v4,0.0.0.0,255.255.255.255,68,67,N/A,N/A,N/A,N/A,,,1
1759293208,any,112,N/A,IPv6,ICMP,N/A,v6,fe80::dcac:f9ff:fe59:60,ff02::179,N/A,N/A,N/A,N/A,N/A,N/A,,,1
1759293208,any,222,N/A,IPv4,TCP,N/A,v4,10.10.10.109,10.10.10.68,1339,50564,N/A,N/A,N/A,N/A,,,1
1759293208,any,68,N/A,IPv4,TCP,N/A,v4,10.10.10.68,10.10.10.109,50564,1339,N/A,N/A,N/A,N/A,,,1
1759293208,any,68,N/A,IPv4,TCP,N/A,v4,10.10.10.68,10.10.10.109,50564,1339,N/A,N/A,N/A,N/A,,,1
1759293208,any,68,N/A,IPv4,TCP,N/A,v4,10.10.10.109,10.10.10.68,1339,50564,N/A,N/A,N/A,N/A,,,1
1759293208,any,374,N/A,IPv4,UDP,N/A,v4,0.0.0.0,255.255.255.255,68,67,N/A,N/A,N/A,N/A,,,1
1759293208,any,222,N/A,IPv4,TCP,N/A,v4,10.10.10.109,10.10.10.68,1339,50572,N/A,N/A,N/A,N/A,,,1
1759293208,any,68,N/A,IPv4,TCP,N/A,v4,10.10.10.68,10.10.10.109,50572,1339,N/A,N/A,N/A,N/A,,,1
1759293208,any,68,N/A,IPv4,TCP,N/A,v4,10.10.10.109,10.10.10.68,1339,50572,N/A,N/A,N/A,N/A,,,1
1759293208,any,112,N/A,IPv6,ICMP,N/A,v6,fe80::e48e:99ff:fe5f:147,ff02::179,N/A,N/A,N/A,N/A,N/A,N/A,,,1
1759293208,any,223,N/A,IPv4,TCP,N/A,v4,10.10.10.109,10.10.10.68,1339,50578,N/A,N/A,N/A,N/A,,,1
1759293208,any,68,N/A,IPv4,TCP,N/A,v4,10.10.10.68,10.10.10.109,50578,1339,N/A,N/A,N/A,N/A,,,1
1759293208,any,68,N/A,IPv4,TCP,N/A,v4,10.10.10.109,10.10.10.68,1339,50578,N/A,N/A,N/A,N/A,,,1
1759293208,eth1,66,Ethernet,IPv4,TCP,N/A,v4,10.10.10.109,10.10.10.68,1339,50678,N/A,N/A,N/A,N/A,,,1
1759293208,any,44,ARP,N/A,N/A,N/A,N/A,N/A,N/A,N/A,N/A,1,2048,172.30.0.220,172.30.0.122,,,0
1759293208,any,58,ARP,N/A,N/A,N/A,N/A,N/A,N/A,N/A,N/A,2,2048,172.30.0.122,172.30.0.220,,,0
1759293209,any,76,N/A,IPv4,TCP,N/A,v4,10.10.10.68,10.10.10.109,50580,1339,N/A,N/A,N/A,N/A,,,1
1759293209,any,76,N/A,IPv4,TCP,N/A,v4,10.10.10.109,10.10.10.68,1339,50580,N/A,N/A,N/A,N/A,,,1
1759293209,any,207,N/A,IPv4,TCP,N/A,v4,10.10.10.68,10.10.10.109,50580,1339,N/A,N/A,N/A,N/A,,,1
1759293209,any,68,N/A,IPv4,TCP,N/A,v4,10.10.10.109,10.10.10.68,1339,50580,N/A,N/A,N/A,N/A,,,1
1759293209,any,76,N/A,IPv4,TCP,N/A,v4,10.10.10.68,10.10.10.109,50596,1339,N/A,N/A,N/A,N/A,,,1
1759293209,any,76,N/A,IPv4,TCP,N/A,v4,10.10.10.109,10.10.10.68,1339,50596,N/A,N/A,N/A,N/A,,,1
1759293209,any,76,N/A,IPv4,TCP,N/A,v4,10.10.10.68,10.10.10.109,50604,1339,N/A,N/A,N/A,N/A,,,1
1759293209,any,214,N/A,IPv4,TCP,N/A,v4,10.10.10.68,10.10.10.109,50596,1339,N/A,N/A,N/A,N/A,,,1
1759293209,any,76,N/A,IPv4,TCP,N/A,v4,10.10.10.109,10.10.10.68,1339,50604,N/A,N/A,N/A,N/A,,,1
1759293209,any,210,N/A,IPv4,TCP,N/A,v4,10.10.10.68,10.10.10.109,50604,1339,N/A,N/A,N/A,N/A,,,1
1759293209,any,68,N/A,IPv4,TCP,N/A,v4,10.10.10.109,10.10.10.68,1339,50604,N/A,N/A,N/A,N/A,,,1
1759293209,any,211,N/A,IPv4,TCP,N/A,v4,10.10.10.109,10.10.10.68,1339,50580,N/A,N/A,N/A,N/A,,,1
1759293209,any,68,N/A,IPv4,TCP,N/A,v4,10.10.10.109,10.10.10.68,1339,50580,N/A,N/A,N/A,N/A,,,1
1759293209,any,68,N/A,IPv4,TCP,N/A,v4,10.10.10.68,10.10.10.109,50580,1339,N/A,N/A,N/A,N/A,,,1
1759293209,any,76,N/A,IPv4,TCP,N/A,v4,10.10.10.68,10.10.10.109,50616,1339,N/A,N/A,N/A,N/A,,,1
1759293209,any,68,N/A,IPv4,TCP,N/A,v4,10.10.10.109,10.10.10.68,1339,50580,N/A,N/A,N/A,N/A,,,1
1759293209,any,76,N/A,IPv4,TCP,N/A,v4,10.10.10.109,10.10.10.68,1339,50616,N/A,N/A,N/A,N/A,,,1
1759293209,any,76,N/A,IPv4,TCP,N/A,v4,10.10.10.68,10.10.10.109,50622,1339,N/A,N/A,N/A,N/A,,,1
1759293209,any,76,N/A,IPv4,TCP,N/A,v4,10.10.10.109,10.10.10.68,1339,50622,N/A,N/A,N/A,N/A,,,1
1759293209,any,208,N/A,IPv4,TCP,N/A,v4,10.10.10.68,10.10.10.109,50616,1339,N/A,N/A,N/A,N/A,,,1
1759293209,any,68,N/A,IPv4,TCP,N/A,v4,10.10.10.109,10.10.10.68,1339,50616,N/A,N/A,N/A,N/A,,,1
1759293209,any,76,N/A,IPv4,TCP,N/A,v4,10.10.10.68,10.10.10.109,50638,1339,N/A,N/A,N/A,N/A,,,1
1759293209,any,76,N/A,IPv4,TCP,N/A,v4,10.10.10.109,10.10.10.68,1339,50638,N/A,N/A,N/A,N/A,,,1
1759293209,any,76,N/A,IPv4,TCP,N/A,v4,10.10.10.68,10.10.10.109,50654,1339,N/A,N/A,N/A,N/A,,,1
1759293209,any,76,N/A,IPv4,TCP,N/A,v4,10.10.10.109,10.10.10.68,1339,50654,N/A,N/A,N/A,N/A,,,1
1759293209,eth1,212,Ethernet,IPv4,TCP,N/A,v4,10.10.10.109,10.10.10.68,1339,50604,N/A,N/A,N/A,N/A,,,1
1759293209,eth1,66,Ethernet,IPv4,TCP,N/A,v4,10.10.10.68,10.10.10.109,50604,1339,N/A,N/A,N/A,N/A,,,1
1759293209,eth1,66,Ethernet,IPv4,TCP,N/A,v4,10.10.10.109,10.10.10.68,1339,50604,N/A,N/A,N/A,N/A,,,1
1759293209,eth1,66,Ethernet,IPv4,TCP,N/A,v4,10.10.10.68,10.10.10.109,50604,1339,N/A,N/A,N/A,N/A,,,1
1759293209,eth1,66,Ethernet,IPv4,TCP,N/A,v4,10.10.10.109,10.10.10.68,1339,50604,N/A,N/A,N/A,N/A,,,1
1759293209,eth1,74,Ethernet,IPv4,TCP,N/A,v4,10.10.10.68,10.10.10.109,50682,1339,N/A,N/A,N/A,N/A,,,1
1759293209,eth1,74,Ethernet,IPv4,TCP,N/A,v4,10.10.10.109,10.10.10.68,1339,50682,N/A,N/A,N/A,N/A,,,1
1759293209,eth1,66,Ethernet,IPv4,TCP,N/A,v4,10.10.10.68,10.10.10.109,50682,1339,N/A,N/A,N/A,N/A,,,1
1759293209,eth1,209,Ethernet,IPv4,TCP,N/A,v4,10.10.10.68,10.10.10.109,50682,1339,N/A,N/A,N/A,N/A,,,1
1759293209,eth1,74,Ethernet,IPv4,TCP,N/A,v4,10.10.10.68,10.10.10.109,50694,1339,N/A,N/A,N/A,N/A,,,1
1759293209,eth1,66,Ethernet,IPv4,TCP,N/A,v4,10.10.10.109,10.10.10.68,1339,50682,N/A,N/A,N/A,N/A,,,1
1759293209,eth1,74,Ethernet,IPv4,TCP,N/A,v4,10.10.10.68,10.10.10.109,50700,1339,N/A,N/A,N/A,N/A,,,1
1759293209,eth1,74,Ethernet,IPv4,TCP,N/A,v4,10.10.10.68,10.10.10.109,50712,1339,N/A,N/A,N/A,N/A,,,1
1759293209,eth1,74,Ethernet,IPv4,TCP,N/A,v4,10.10.10.68,10.10.10.109,50716,1339,N/A,N/A,N/A,N/A,,,1
1759293209,eth1,74,Ethernet,IPv4,TCP,N/A,v4,10.10.10.68,10.10.10.109,50724,1339,N/A,N/A,N/A,N/A,,,1
1759293209,eth1,74,Ethernet,IPv4,TCP,N/A,v4,10.10.10.109,10.10.10.68,1339,50724,N/A,N/A,N/A,N/A,,,1
1759293209,eth1,66,Ethernet,IPv4,TCP,N/A,v4,10.10.10.68,10.10.10.109,50724,1339,N/A,N/A,N/A,N/A,,,1
1759293209,eth1,74,Ethernet,IPv4,TCP,N/A,v4,10.10.10.68,10.10.10.109,50734,1339,N/A,N/A,N/A,N/A,,,1
1759293209,eth1,220,Ethernet,IPv4,TCP,N/A,v4,10.10.10.109,10.10.10.68,1339,50616,N/A,N/A,N/A,N/A,,,1
1759293209,eth1,66,Ethernet,IPv4,TCP,N/A,v4,10.10.10.68,10.10.10.109,50616,1339,N/A,N/A,N/A,N/A,,,1
1759293209,eth1,478,Ethernet,IPv4,TCP,N/A,v4,10.10.10.109,10.10.10.68,1339,50616,N/A,N/A,N/A,N/A,,,1
1759293209,eth1,66,Ethernet,IPv4,TCP,N/A,v4,10.10.10.68,10.10.10.109,50616,1339,N/A,N/A,N/A,N/A,,,1
1759293209,eth1,199,Ethernet,IPv4,TCP,N/A,v4,10.10.10.68,10.10.10.109,50724,1339,N/A,N/A,N/A,N/A,,,1
1759293209,eth1,66,Ethernet,IPv4,TCP,N/A,v4,10.10.10.109,10.10.10.68,1339,50616,N/A,N/A,N/A,N/A,,,1
1759293209,eth1,66,Ethernet,IPv4,TCP,N/A,v4,10.10.10.109,10.10.10.68,1339,50724,N/A,N/A,N/A,N/A,,,1
1759293209,eth1,210,Ethernet,IPv4,TCP,N/A,v4,10.10.10.109,10.10.10.68,1339,50622,N/A,N/A,N/A,N/A,,,1
1759293209,eth1,66,Ethernet,IPv4,TCP,N/A,v4,10.10.10.109,10.10.10.68,1339,50622,N/A,N/A,N/A,N/A,,,1
1759293209,eth1,66,Ethernet,IPv4,TCP,N/A,v4,10.10.10.68,10.10.10.109,50622,1339,N/A,N/A,N/A,N/A,,,1
1759293209,eth1,66,Ethernet,IPv4,TCP,N/A,v4,10.10.10.68,10.10.10.109,50622,1339,N/A,N/A,N/A,N/A,,,1
1759293209,eth1,74,Ethernet,IPv4,TCP,N/A,v4,10.10.10.68,10.10.10.109,50740,1339,N/A,N/A,N/A,N/A,,,1
1759293209,eth1,66,Ethernet,IPv4,TCP,N/A,v4,10.10.10.109,10.10.10.68,1339,50622,N/A,N/A,N/A,N/A,,,1
1759293209,eth1,74,Ethernet,IPv4,TCP,N/A,v4,10.10.10.109,10.10.10.68,1339,50740,N/A,N/A,N/A,N/A,,,1
1759293209,eth1,66,Ethernet,IPv4,TCP,N/A,v4,10.10.10.68,10.10.10.109,50740,1339,N/A,N/A,N/A,N/A,,,1
1759293209,eth1,207,Ethernet,IPv4,TCP,N/A,v4,10.10.10.68,10.10.10.109,50740,1339,N/A,N/A,N/A,N/A,,,1
1759293209,eth1,66,Ethernet,IPv4,TCP,N/A,v4,10.10.10.109,10.10.10.68,1339,50740,N/A,N/A,N/A,N/A,,,1
1759293209,eth1,215,Ethernet,IPv4,TCP,N/A,v4,10.10.10.109,10.10.10.68,1339,50638,N/A,N/A,N/A,N/A,,,1
1759293209,eth1,66,Ethernet,IPv4,TCP,N/A,v4,10.10.10.68,10.10.10.109,50638,1339,N/A,N/A,N/A,N/A,,,1
1759293209,eth1,66,Ethernet,IPv4,TCP,N/A,v4,10.10.10.109,10.10.10.68,1339,50638,N/A,N/A,N/A,N/A,,,1
1759293209,eth1,66,Ethernet,IPv4,TCP,N/A,v4,10.10.10.68,10.10.10.109,50638,1339,N/A,N/A,N/A,N/A,,,1
1759293209,eth1,74,Ethernet,IPv4,TCP,N/A,v4,10.10.10.68,10.10.10.109,50748,1339,N/A,N/A,N/A,N/A,,,1
1759293209,eth1,66,Ethernet,IPv4,TCP,N/A,v4,10.10.10.109,10.10.10.68,1339,50638,N/A,N/A,N/A,N/A,,,1
1759293209,eth1,74,Ethernet,IPv4,TCP,N/A,v4,10.10.10.109,10.10.10.68,1339,50748,N/A,N/A,N/A,N/A,,,1
1759293209,eth1,66,Ethernet,IPv4,TCP,N/A,v4,10.10.10.68,10.10.10.109,50748,1339,N/A,N/A,N/A,N/A,,,1
1759293209,eth1,212,Ethernet,IPv4,TCP,N/A,v4,10.10.10.68,10.10.10.109,50748,1339,N/A,N/A,N/A,N/A,,,1
1759293209,eth1,66,Ethernet,IPv4,TCP,N/A,v4,10.10.10.109,10.10.10.68,1339,50748,N/A,N/A,N/A,N/A,,,1
1759293209,eth1,212,Ethernet,IPv4,TCP,N/A,v4,10.10.10.109,10.10.10.68,1339,50654,N/A,N/A,N/A,N/A,,,1
1759293209,eth1,66,Ethernet,IPv4,TCP,N/A,v4,10.10.10.109,10.10.10.68,1339,50654,N/A,N/A,N/A,N/A,,,1
1759293209,eth1,66,Ethernet,IPv4,TCP,N/A,v4,10.10.10.68,10.10.10.109,50654,1339,N/A,N/A,N/A,N/A,,,1
1759293209,eth1,66,Ethernet,IPv4,TCP,N/A,v4,10.10.10.68,10.10.10.109,50654,1339,N/A,N/A,N/A,N/A,,,1
1759293209,any,218,N/A,IPv4,TCP,N/A,v4,10.10.10.109,10.10.10.68,1339,50596,N/A,N/A,N/A,N/A,,,1
1759293209,any,68,N/A,IPv4,TCP,N/A,v4,10.10.10.109,10.10.10.68,1339,50596,N/A,N/A,N/A,N/A,,,1
1759293209,any,68,N/A,IPv4,TCP,N/A,v4,10.10.10.68,10.10.10.109,50596,1339,N/A,N/A,N/A,N/A,,,1
1759293209,any,76,N/A,IPv4,TCP,N/A,v4,10.10.10.68,10.10.10.109,50662,1339,N/A,N/A,N/A,N/A,,,1
1759293209,any,213,N/A,IPv4,TCP,N/A,v4,10.10.10.68,10.10.10.109,50638,1339,N/A,N/A,N/A,N/A,,,1
1759293209,any,68,N/A,IPv4,TCP,N/A,v4,10.10.10.109,10.10.10.68,1339,50596,N/A,N/A,N/A,N/A,,,1
1759293209,any,208,N/A,IPv4,TCP,N/A,v4,10.10.10.68,10.10.10.109,50622,1339,N/A,N/A,N/A,N/A,,,1
1759293209,any,76,N/A,IPv4,TCP,N/A,v4,10.10.10.109,10.10.10.68,1339,50662,N/A,N/A,N/A,N/A,,,1
1759293209,any,68,N/A,IPv4,TCP,N/A,v4,10.10.10.109,10.10.10.68,1339,50622,N/A,N/A,N/A,N/A,,,1
1759293209,any,76,N/A,IPv4,TCP,N/A,v4,10.10.10.68,10.10.10.109,50678,1339,N/A,N/A,N/A,N/A,,,1
1759293209,any,215,N/A,IPv4,TCP,N/A,v4,10.10.10.68,10.10.10.109,50662,1339,N/A,N/A,N/A,N/A,,,1
1759293209,any,76,N/A,IPv4,TCP,N/A,v4,10.10.10.109,10.10.10.68,1339,50678,N/A,N/A,N/A,N/A,,,1
1759293209,any,210,N/A,IPv4,TCP,N/A,v4,10.10.10.68,10.10.10.109,50654,1339,N/A,N/A,N/A,N/A,,,1
1759293209,any,208,N/A,IPv4,TCP,N/A,v4,10.10.10.68,10.10.10.109,50678,1339,N/A,N/A,N/A,N/A,,,1
1759293209,any,68,N/A,IPv4,TCP,N/A,v4,10.10.10.109,10.10.10.68,1339,50678,N/A,N/A,N/A,N/A,,,1
1759293209,any,112,N/A,IPv6,ICMP,N/A,v6,fe80::e48e:99ff:fe5f:147,ff02::179,N/A,N/A,N/A,N/A,N/A,N/A,,,1
1759293209,any,214,N/A,IPv4,TCP,N/A,v4,10.10.10.109,10.10.10.68,1339,50604,N/A,N/A,N/A,N/A,,,1
1759293209,any,68,N/A,IPv4,TCP,N/A,v4,10.10.10.109,10.10.10.68,1339,50604,N/A,N/A,N/A,N/A,,,1
1759293209,any,68,N/A,IPv4,TCP,N/A,v4,10.10.10.68,10.10.10.109,50604,1339,N/A,N/A,N/A,N/A,,,1
1759293209,any,68,N/A,IPv4,TCP,N/A,v4,10.10.10.109,10.10.10.68,1339,50604,N/A,N/A,N/A,N/A,,,1
1759293209,any,76,N/A,IPv4,TCP,N/A,v4,10.10.10.68,10.10.10.109,50682,1339,N/A,N/A,N/A,N/A,,,1
1759293209,any,76,N/A,IPv4,TCP,N/A,v4,10.10.10.109,10.10.10.68,1339,50682,N/A,N/A,N/A,N/A,,,1
1759293209,any,211,N/A,IPv4,TCP,N/A,v4,10.10.10.68,10.10.10.109,50682,1339,N/A,N/A,N/A,N/A,,,1
1759293209,any,76,N/A,IPv4,TCP,N/A,v4,10.10.10.68,10.10.10.109,50694,1339,N/A,N/A,N/A,N/A,,,1
1759293209,any,68,N/A,IPv4,TCP,N/A,v4,10.10.10.109,10.10.10.68,1339,50682,N/A,N/A,N/A,N/A,,,1
1759293209,any,76,N/A,IPv4,TCP,N/A,v4,10.10.10.68,10.10.10.109,50700,1339,N/A,N/A,N/A,N/A,,,1
1759293209,any,76,N/A,IPv4,TCP,N/A,v4,10.10.10.68,10.10.10.109,50712,1339,N/A,N/A,N/A,N/A,,,1
1759293209,any,76,N/A,IPv4,TCP,N/A,v4,10.10.10.68,10.10.10.109,50716,1339,N/A,N/A,N/A,N/A,,,1
1759293209,any,76,N/A,IPv4,TCP,N/A,v4,10.10.10.68,10.10.10.109,50724,1339,N/A,N/A,N/A,N/A,,,1
1759293209,any,76,N/A,IPv4,TCP,N/A,v4,10.10.10.109,10.10.10.68,1339,50724,N/A,N/A,N/A,N/A,,,1
1759293209,any,76,N/A,IPv4,TCP,N/A,v4,10.10.10.68,10.10.10.109,50734,1339,N/A,N/A,N/A,N/A,,,1
1759293209,any,222,N/A,IPv4,TCP,N/A,v4,10.10.10.109,10.10.10.68,1339,50616,N/A,N/A,N/A,N/A,,,1
1759293209,any,480,N/A,IPv4,TCP,N/A,v4,10.10.10.109,10.10.10.68,1339,50616,N/A,N/A,N/A,N/A,,,1
1759293209,any,68,N/A,IPv4,TCP,N/A,v4,10.10.10.68,10.10.10.109,50616,1339,N/A,N/A,N/A,N/A,,,1
1759293209,any,201,N/A,IPv4,TCP,N/A,v4,10.10.10.68,10.10.10.109,50724,1339,N/A,N/A,N/A,N/A,,,1
1759293209,any,68,N/A,IPv4,TCP,N/A,v4,10.10.10.109,10.10.10.68,1339,50616,N/A,N/A,N/A,N/A,,,1
1759293209,any,68,N/A,IPv4,TCP,N/A,v4,10.10.10.109,10.10.10.68,1339,50724,N/A,N/A,N/A,N/A,,,1
1759293209,any,212,N/A,IPv4,TCP,N/A,v4,10.10.10.109,10.10.10.68,1339,50622,N/A,N/A,N/A,N/A,,,1
1759293209,any,68,N/A,IPv4,TCP,N/A,v4,10.10.10.68,10.10.10.109,50622,1339,N/A,N/A,N/A,N/A,,,1
1759293209,any,68,N/A,IPv4,TCP,N/A,v4,10.10.10.109,10.10.10.68,1339,50622,N/A,N/A,N/A,N/A,,,1
1759293209,any,76,N/A,IPv4,TCP,N/A,v4,10.10.10.109,10.10.10.68,1339,50740,N/A,N/A,N/A,N/A,,,1
1759293209,any,209,N/A,IPv4,TCP,N/A,v4,10.10.10.68,10.10.10.109,50740,1339,N/A,N/A,N/A,N/A,,,1
1759293209,any,68,N/A,IPv4,TCP,N/A,v4,10.10.10.109,10.10.10.68,1339,50740,N/A,N/A,N/A,N/A,,,1
1759293209,any,217,N/A,IPv4,TCP,N/A,v4,10.10.10.109,10.10.10.68,1339,50638,N/A,N/A,N/A,N/A,,,1
1759293209,any,68,N/A,IPv4,TCP,N/A,v4,10.10.10.109,10.10.10.68,1339,50638,N/A,N/A,N/A,N/A,,,1
1759293209,any,68,N/A,IPv4,TCP,N/A,v4,10.10.10.68,10.10.10.109,50638,1339,N/A,N/A,N/A,N/A,,,1
1759293209,any,76,N/A,IPv4,TCP,N/A,v4,10.10.10.109,10.10.10.68,1339,50748,N/A,N/A,N/A,N/A,,,1
1759293209,any,214,N/A,IPv4,TCP,N/A,v4,10.10.10.68,10.10.10.109,50748,1339,N/A,N/A,N/A,N/A,,,1
1759293209,any,68,N/A,IPv4,TCP,N/A,v4,10.10.10.109,10.10.10.68,1339,50748,N/A,N/A,N/A,N/A,,,1
1759293209,any,214,N/A,IPv4,TCP,N/A,v4,10.10.10.109,10.10.10.68,1339,50654,N/A,N/A,N/A,N/A,,,1
1759293209,eth1,74,Ethernet,IPv4,TCP,N/A,v4,10.10.10.68,10.10.10.109,50756,1339,N/A,N/A,N/A,N/A,,,1
1759293209,eth1,66,Ethernet,IPv4,TCP,N/A,v4,10.10.10.109,10.10.10.68,1339,50654,N/A,N/A,N/A,N/A,,,1
1759293209,eth1,74,Ethernet,IPv4,TCP,N/A,v4,10.10.10.109,10.10.10.68,1339,50756,N/A,N/A,N/A,N/A,,,1
1759293209,eth1,66,Ethernet,IPv4,TCP,N/A,v4,10.10.10.68,10.10.10.109,50756,1339,N/A,N/A,N/A,N/A,,,1
1759293209,eth1,209,Ethernet,IPv4,TCP,N/A,v4,10.10.10.68,10.10.10.109,50756,1339,N/A,N/A,N/A,N/A,,,1
1759293209,eth1,66,Ethernet,IPv4,TCP,N/A,v4,10.10.10.109,10.10.10.68,1339,50756,N/A,N/A,N/A,N/A,,,1
1759293209,eth1,221,Ethernet,IPv4,TCP,N/A,v4,10.10.10.109,10.10.10.68,1339,50662,N/A,N/A,N/A,N/A,,,1
1759293209,eth1,1070,Ethernet,IPv4,TCP,N/A,v4,10.10.10.109,10.10.10.68,1339,50662,N/A,N/A,N/A,N/A,,,1
1759293209,eth1,66,Ethernet,IPv4,TCP,N/A,v4,10.10.10.68,10.10.10.109,50662,1339,N/A,N/A,N/A,N/A,,,1
1759293209,eth1,66,Ethernet,IPv4,TCP,N/A,v4,10.10.10.68,10.10.10.109,50662,1339,N/A,N/A,N/A,N/A,,,1
1759293209,eth1,66,Ethernet,IPv4,TCP,N/A,v4,10.10.10.68,10.10.10.109,50662,1339,N/A,N/A,N/A,N/A,,,1
1759293209,eth1,66,Ethernet,IPv4,TCP,N/A,v4,10.10.10.109,10.10.10.68,1339,50662,N/A,N/A,N/A,N/A,,,1
1759293209,eth1,210,Ethernet,IPv4,TCP,N/A,v4,10.10.10.109,10.10.10.68,1339,50678,N/A,N/A,N/A,N/A,,,1
1759293209,eth1,66,Ethernet,IPv4,TCP,N/A,v4,10.10.10.109,10.10.10.68,1339,50678,N/A,N/A,N/A,N/A,,,1
1759293209,eth1,66,Ethernet,IPv4,TCP,N/A,v4,10.10.10.68,10.10.10.109,50678,1339,N/A,N/A,N/A,N/A,,,1
1759293209,eth1,66,Ethernet,IPv4,TCP,N/A,v4,10.10.10.68,10.10.10.109,50678,1339,N/A,N/A,N/A,N/A,,,1
1759293209,eth1,74,Ethernet,IPv4,TCP,N/A,v4,10.10.10.68,10.10.10.109,50766,1339,N/A,N/A,N/A,N/A,,,1
1759293209,eth1,66,Ethernet,IPv4,TCP,N/A,v4,10.10.10.109,10.10.10.68,1339,50678,N/A,N/A,N/A,N/A,,,1
1759293209,eth1,207,Ethernet,IPv4,TCP,N/A,v4,10.10.10.68,10.10.10.109,50766,1339,N/A,N/A,N/A,N/A,,,1
1759293209,eth1,66,Ethernet,IPv4,TCP,N/A,v4,10.10.10.109,10.10.10.68,1339,50766,N/A,N/A,N/A,N/A,,,1
1759293209,eth1,220,Ethernet,IPv4,TCP,N/A,v4,10.10.10.109,10.10.10.68,1339,50682,N/A,N/A,N/A,N/A,,,1
1759293209,eth1,553,Ethernet,IPv4,TCP,N/A,v4,10.10.10.109,10.10.10.68,1339,50682,N/A,N/A,N/A,N/A,,,1
1759293209,eth1,66,Ethernet,IPv4,TCP,N/A,v4,10.10.10.68,10.10.10.109,50682,1339,N/A,N/A,N/A,N/A,,,1
1759293209,eth1,66,Ethernet,IPv4,TCP,N/A,v4,10.10.10.68,10.10.10.109,50682,1339,N/A,N/A,N/A,N/A,,,1
1759293209,eth1,66,Ethernet,IPv4,TCP,N/A,v4,10.10.10.109,10.10.10.68,1339,50682,N/A,N/A,N/A,N/A,,,1
1759293209,eth1,203,Ethernet,IPv4,TCP,N/A,v4,10.10.10.109,10.10.10.68,1339,50724,N/A,N/A,N/A,N/A,,,1
1759293209,eth1,66,Ethernet,IPv4,TCP,N/A,v4,10.10.10.109,10.10.10.68,1339,50724,N/A,N/A,N/A,N/A,,,1
1759293209,eth1,66,Ethernet,IPv4,TCP,N/A,v4,10.10.10.68,10.10.10.109,50724,1339,N/A,N/A,N/A,N/A,,,1
1759293209,eth1,66,Ethernet,IPv4,TCP,N/A,v4,10.10.10.68,10.10.10.109,50724,1339,N/A,N/A,N/A,N/A,,,1
1759293209,eth1,74,Ethernet,IPv4,TCP,N/A,v4,10.10.10.68,10.10.10.109,50780,1339,N/A,N/A,N/A,N/A,,,1
1759293209,eth1,66,Ethernet,IPv4,TCP,N/A,v4,10.10.10.109,10.10.10.68,1339,50724,N/A,N/A,N/A,N/A,,,1
1759293209,eth1,74,Ethernet,IPv4,TCP,N/A,v4,10.10.10.109,10.10.10.68,1339,50780,N/A,N/A,N/A,N/A,,,1
1759293209,eth1,66,Ethernet,IPv4,TCP,N/A,v4,10.10.10.68,10.10.10.109,50780,1339,N/A,N/A,N/A,N/A,,,1
1759293209,eth1,200,Ethernet,IPv4,TCP,N/A,v4,10.10.10.68,10.10.10.109,50780,1339,N/A,N/A,N/A,N/A,,,1
1759293209,eth1,66,Ethernet,IPv4,TCP,N/A,v4,10.10.10.109,10.10.10.68,1339,50780,N/A,N/A,N/A,N/A,,,1
1759293209,eth1,220,Ethernet,IPv4,TCP,N/A,v4,10.10.10.109,10.10.10.68,1339,50740,N/A,N/A,N/A,N/A,,,1
1759293209,eth1,66,Ethernet,IPv4,TCP,N/A,v4,10.10.10.68,10.10.10.109,50740,1339,N/A,N/A,N/A,N/A,,,1
1759293209,eth1,520,Ethernet,IPv4,TCP,N/A,v4,10.10.10.109,10.10.10.68,1339,50740,N/A,N/A,N/A,N/A,,,1
1759293209,eth1,66,Ethernet,IPv4,TCP,N/A,v4,10.10.10.68,10.10.10.109,50740,1339,N/A,N/A,N/A,N/A,,,1
1759293209,eth1,66,Ethernet,IPv4,TCP,N/A,v4,10.10.10.109,10.10.10.68,1339,50740,N/A,N/A,N/A,N/A,,,1
1759293209,eth1,220,Ethernet,IPv4,TCP,N/A,v4,10.10.10.109,10.10.10.68,1339,50748,N/A,N/A,N/A,N/A,,,1
1759293209,eth1,66,Ethernet,IPv4,TCP,N/A,v4,10.10.10.68,10.10.10.109,50748,1339,N/A,N/A,N/A,N/A,,,1
1759293209,eth1,563,Ethernet,IPv4,TCP,N/A,v4,10.10.10.109,10.10.10.68,1339,50748,N/A,N/A,N/A,N/A,,,1
1759293209,eth1,66,Ethernet,IPv4,TCP,N/A,v4,10.10.10.68,10.10.10.109,50748,1339,N/A,N/A,N/A,N/A,,,1
1759293209,eth1,66,Ethernet,IPv4,TCP,N/A,v4,10.10.10.109,10.10.10.68,1339,50748,N/A,N/A,N/A,N/A,,,1
1759293209,eth1,74,Ethernet,IPv4,TCP,N/A,v4,10.10.10.68,10.10.10.109,50782,1339,N/A,N/A,N/A,N/A,,,1
1759293209,eth1,74,Ethernet,IPv4,TCP,N/A,v4,10.10.10.109,10.10.10.68,1339,50782,N/A,N/A,N/A,N/A,,,1
1759293209,eth1,66,Ethernet,IPv4,TCP,N/A,v4,10.10.10.68,10.10.10.109,50782,1339,N/A,N/A,N/A,N/A,,,1
1759293209,eth1,220,Ethernet,IPv4,TCP,N/A,v4,10.10.10.109,10.10.10.68,1339,50756,N/A,N/A,N/A,N/A,,,1
1759293209,eth1,66,Ethernet,IPv4,TCP,N/A,v4,10.10.10.68,10.10.10.109,50756,1339,N/A,N/A,N/A,N/A,,,1
1759293209,any,68,N/A,IPv4,TCP,N/A,v4,10.10.10.68,10.10.10.109,50654,1339,N/A,N/A,N/A,N/A,,,1
1759293209,any,68,N/A,IPv4,TCP,N/A,v4,10.10.10.109,10.10.10.68,1339,50654,N/A,N/A,N/A,N/A,,,1
1759293209,any,76,N/A,IPv4,TCP,N/A,v4,10.10.10.109,10.10.10.68,1339,50756,N/A,N/A,N/A,N/A,,,1
1759293209,any,211,N/A,IPv4,TCP,N/A,v4,10.10.10.68,10.10.10.109,50756,1339,N/A,N/A,N/A,N/A,,,1
1759293209,any,68,N/A,IPv4,TCP,N/A,v4,10.10.10.109,10.10.10.68,1339,50756,N/A,N/A,N/A,N/A,,,1
1759293209,any,223,N/A,IPv4,TCP,N/A,v4,10.10.10.109,10.10.10.68,1339,50662,N/A,N/A,N/A,N/A,,,1
1759293209,any,68,N/A,IPv4,TCP,N/A,v4,10.10.10.68,10.10.10.109,50662,1339,N/A,N/A,N/A,N/A,,,1
1759293209,any,212,N/A,IPv4,TCP,N/A,v4,10.10.10.109,10.10.10.68,1339,50678,N/A,N/A,N/A,N/A,,,1
1759293209,any,68,N/A,IPv4,TCP,N/A,v4,10.10.10.68,10.10.10.109,50678,1339,N/A,N/A,N/A,N/A,,,1
1759293209,any,209,N/A,IPv4,TCP,N/A,v4,10.10.10.68,10.10.10.109,50766,1339,N/A,N/A,N/A,N/A,,,1
1759293209,any,68,N/A,IPv4,TCP,N/A,v4,10.10.10.109,10.10.10.68,1339,50766,N/A,N/A,N/A,N/A,,,1
1759293209,any,222,N/A,IPv4,TCP,N/A,v4,10.10.10.109,10.10.10.68,1339,50682,N/A,N/A,N/A,N/A,,,1
1759293209,any,68,N/A,IPv4,TCP,N/A,v4,10.10.10.68,10.10.10.109,50682,1339,N/A,N/A,N/A,N/A,,,1
1759293209,any,68,N/A,IPv4,TCP,N/A,v4,10.10.10.109,10.10.10.68,1339,50682,N/A,N/A,N/A,N/A,,,1
1759293209,any,205,N/A,IPv4,TCP,N/A,v4,10.10.10.109,10.10.10.68,1339,50724,N/A,N/A,N/A,N/A,,,1
1759293209,any,68,N/A,IPv4,TCP,N/A,v4,10.10.10.68,10.10.10.109,50724,1339,N/A,N/A,N/A,N/A,,,1
1759293209,any,68,N/A,IPv4,TCP,N/A,v4,10.10.10.109,10.10.10.68,1339,50724,N/A,N/A,N/A,N/A,,,1
1759293209,any,76,N/A,IPv4,TCP,N/A,v4,10.10.10.109,10.10.10.68,1339,50780,N/A,N/A,N/A,N/A,,,1
1759293209,any,202,N/A,IPv4,TCP,N/A,v4,10.10.10.68,10.10.10.109,50780,1339,N/A,N/A,N/A,N/A,,,1
1759293209,any,68,N/A,IPv4,TCP,N/A,v4,10.10.10.109,10.10.10.68,1339,50780,N/A,N/A,N/A,N/A,,,1
1759293209,any,222,N/A,IPv4,TCP,N/A,v4,10.10.10.109,10.10.10.68,1339,50740,N/A,N/A,N/A,N/A,,,1
1759293209,any,68,N/A,IPv4,TCP,N/A,v4,10.10.10.68,10.10.10.109,50740,1339,N/A,N/A,N/A,N/A,,,1
1759293209,any,222,N/A,IPv4,TCP,N/A,v4,10.10.10.109,10.10.10.68,1339,50748,N/A,N/A,N/A,N/A,,,1
1759293209,any,68,N/A,IPv4,TCP,N/A,v4,10.10.10.68,10.10.10.109,50748,1339,N/A,N/A,N/A,N/A,,,1
1759293209,any,76,N/A,IPv4,TCP,N/A,v4,10.10.10.68,10.10.10.109,50782,1339,N/A,N/A,N/A,N/A,,,1
1759293209,any,76,N/A,IPv4,TCP,N/A,v4,10.10.10.109,10.10.10.68,1339,50782,N/A,N/A,N/A,N/A,,,1
1759293209,any,222,N/A,IPv4,TCP,N/A,v4,10.10.10.109,10.10.10.68,1339,50756,N/A,N/A,N/A,N/A,,,1
1759293209,any,68,N/A,IPv4,TCP,N/A,v4,10.10.10.68,10.10.10.109,50756,1339,N/A,N/A,N/A,N/A,,,1
1759293209,any,213,N/A,IPv4,TCP,N/A,v4,10.10.10.68,10.10.10.109,50782,1339,N/A,N/A,N/A,N/A,,,1
1759293209,any,68,N/A,IPv4,TCP,N/A,v4,10.10.10.109,10.10.10.68,1339,50782,N/A,N/A,N/A,N/A,,,1
1759293209,any,76,N/A,IPv4,TCP,N/A,v4,10.10.10.109,10.10.10.68,1339,50798,N/A,N/A,N/A,N/A,,,1
1759293209,any,215,N/A,IPv4,TCP,N/A,v4,10.10.10.68,10.10.10.109,50798,1339,N/A,N/A,N/A,N/A,,,1
1759293209,any,68,N/A,IPv4,TCP,N/A,v4,10.10.10.109,10.10.10.68,1339,50798,N/A,N/A,N/A,N/A,,,1
1759293209,any,76,N/A,IPv4,TCP,N/A,v4,10.10.10.68,10.10.10.109,50808,1339,N/A,N/A,N/A,N/A,,,1
1759293209,any,76,N/A,IPv4,TCP,N/A,v4,10.10.10.109,10.10.10.68,1339,50808,N/A,N/A,N/A,N/A,,,1
1759293209,any,214,N/A,IPv4,TCP,N/A,v4,10.10.10.68,10.10.10.109,50808,1339,N/A,N/A,N/A,N/A,,,1
1759293209,any,68,N/A,IPv4,TCP,N/A,v4,10.10.10.109,10.10.10.68,1339,50808,N/A,N/A,N/A,N/A,,,1
1759293209,any,223,N/A,IPv4,TCP,N/A,v4,10.10.10.109,10.10.10.68,1339,50766,N/A,N/A,N/A,N/A,,,1
1759293209,any,1079,N/A,IPv4,TCP,N/A,v4,10.10.10.109,10.10.10.68,1339,50766,N/A,N/A,N/A,N/A,,,1
1759293209,any,68,N/A,IPv4,TCP,N/A,v4,10.10.10.109,10.10.10.68,1339,50766,N/A,N/A,N/A,N/A,,,1
1759293209,any,68,N/A,IPv4,TCP,N/A,v4,10.10.10.109,10.10.10.68,1339,50766,N/A,N/A,N/A,N/A,,,1
1759293209,any,76,N/A,IPv4,TCP,N/A,v4,10.10.10.68,10.10.10.109,50818,1339,N/A,N/A,N/A,N/A,,,1
1759293209,any,76,N/A,IPv4,TCP,N/A,v4,10.10.10.109,10.10.10.68,1339,50818,N/A,N/A,N/A,N/A,,,1
1759293209,any,220,N/A,IPv4,TCP,N/A,v4,10.10.10.68,10.10.10.109,50818,1339,N/A,N/A,N/A,N/A,,,1
1759293209,any,68,N/A,IPv4,TCP,N/A,v4,10.10.10.109,10.10.10.68,1339,50818,N/A,N/A,N/A,N/A,,,1
1759293209,any,223,N/A,IPv4,TCP,N/A,v4,10.10.10.109,10.10.10.68,1339,50780,N/A,N/A,N/A,N/A,,,1
1759293209,any,2023,N/A,IPv4,TCP,N/A,v4,10.10.10.109,10.10.10.68,1339,50780,N/A,N/A,N/A,N/A,,,1
1759293209,any,68,N/A,IPv4,TCP,N/A,v4,10.10.10.68,10.10.10.109,50780,1339,N/A,N/A,N/A,N/A,,,1
1759293209,any,68,N/A,IPv4,TCP,N/A,v4,10.10.10.109,10.10.10.68,1339,50780,N/A,N/A,N/A,N/A,,,1
1759293209,any,76,N/A,IPv4,TCP,N/A,v4,10.10.10.68,10.10.10.109,50828,1339,N/A,N/A,N/A,N/A,,,1
1759293209,eth1,620,Ethernet,IPv4,TCP,N/A,v4,10.10.10.109,10.10.10.68,1339,50756,N/A,N/A,N/A,N/A,,,1
1759293209,eth1,66,Ethernet,IPv4,TCP,N/A,v4,10.10.10.68,10.10.10.109,50756,1339,N/A,N/A,N/A,N/A,,,1
1759293209,eth1,66,Ethernet,IPv4,TCP,N/A,v4,10.10.10.68,10.10.10.109,50756,1339,N/A,N/A,N/A,N/A,,,1
1759293209,eth1,66,Ethernet,IPv4,TCP,N/A,v4,10.10.10.109,10.10.10.68,1339,50756,N/A,N/A,N/A,N/A,,,1
1759293209,eth1,211,Ethernet,IPv4,TCP,N/A,v4,10.10.10.68,10.10.10.109,50782,1339,N/A,N/A,N/A,N/A,,,1
1759293209,eth1,66,Ethernet,IPv4,TCP,N/A,v4,10.10.10.109,10.10.10.68,1339,50782,N/A,N/A,N/A,N/A,,,1
1759293209,eth1,74,Ethernet,IPv4,TCP,N/A,v4,10.10.10.68,10.10.10.109,50798,1339,N/A,N/A,N/A,N/A,,,1
1759293209,eth1,74,Ethernet,IPv4,TCP,N/A,v4,10.10.10.109,10.10.10.68,1339,50798,N/A,N/A,N/A,N/A,,,1
1759293209,eth1,66,Ethernet,IPv4,TCP,N/A,v4,10.10.10.68,10.10.10.109,50798,1339,N/A,N/A,N/A,N/A,,,1
1759293209,eth1,213,Ethernet,IPv4,TCP,N/A,v4,10.10.10.68,10.10.10.109,50798,1339,N/A,N/A,N/A,N/A,,,1
1759293209,eth1,66,Ethernet,IPv4,TCP,N/A,v4,10.10.10.109,10.10.10.68,1339,50798,N/A,N/A,N/A,N/A,,,1
1759293209,eth1,74,Ethernet,IPv4,TCP,N/A,v4,10.10.10.68,10.10.10.109,50808,1339,N/A,N/A,N/A,N/A,,,1
1759293209,eth1,74,Ethernet,IPv4,TCP,N/A,v4,10.10.10.109,10.10.10.68,1339,50808,N/A,N/A,N/A,N/A,,,1
1759293209,eth1,66,Ethernet,IPv4,TCP,N/A,v4,10.10.10.68,10.10.10.109,50808,1339,N/A,N/A,N/A,N/A,,,1
1759293209,eth1,212,Ethernet,IPv4,TCP,N/A,v4,10.10.10.68,10.10.10.109,50808,1339,N/A,N/A,N/A,N/A,,,1
1759293209,eth1,66,Ethernet,IPv4,TCP,N/A,v4,10.10.10.109,10.10.10.68,1339,50808,N/A,N/A,N/A,N/A,,,1
1759293209,eth1,221,Ethernet,IPv4,TCP,N/A,v4,10.10.10.109,10.10.10.68,1339,50766,N/A,N/A,N/A,N/A,,,1
1759293209,eth1,66,Ethernet,IPv4,TCP,N/A,v4,10.10.10.68,10.10.10.109,50766,1339,N/A,N/A,N/A,N/A,,,1
1759293209,eth1,1077,Ethernet,IPv4,TCP,N/A,v4,10.10.10.109,10.10.10.68,1339,50766,N/A,N/A,N/A,N/A,,,1
1759293209,eth1,66,Ethernet,IPv4,TCP,N/A,v4,10.10.10.68,10.10.10.109,50766,1339,N/A,N/A,N/A,N/A,,,1
1759293209,eth1,66,Ethernet,IPv4,TCP,N/A,v4,10.10.10.109,10.10.10.68,1339,50766,N/A,N/A,N/A,N/A,,,1
1759293209,eth1,66,Ethernet,IPv4,TCP,N/A,v4,10.10.10.68,10.10.10.109,50766,1339,N/A,N/A,N/A,N/A,,,1
1759293209,eth1,66,Ethernet,IPv4,TCP,N/A,v4,10.10.10.109,10.10.10.68,1339,50766,N/A,N/A,N/A,N/A,,,1
1759293209,eth1,74,Ethernet,IPv4,TCP,N/A,v4,10.10.10.68,10.10.10.109,50818,1339,N/A,N/A,N/A,N/A,,,1
1759293209,eth1,74,Ethernet,IPv4,TCP,N/A,v4,10.10.10.109,10.10.10.68,1339,50818,N/A,N/A,N/A,N/A,,,1
1759293209,eth1,66,Ethernet,IPv4,TCP,N/A,v4,10.10.10.68,10.10.10.109,50818,1339,N/A,N/A,N/A,N/A,,,1
1759293209,eth1,218,Ethernet,IPv4,TCP,N/A,v4,10.10.10.68,10.10.10.109,50818,1339,N/A,N/A,N/A,N/A,,,1
1759293209,eth1,66,Ethernet,IPv4,TCP,N/A,v4,10.10.10.109,10.10.10.68,1339,50818,N/A,N/A,N/A,N/A,,,1
1759293209,eth1,221,Ethernet,IPv4,TCP,N/A,v4,10.10.10.109,10.10.10.68,1339,50780,N/A,N/A,N/A,N/A,,,1
1759293209,eth1,66,Ethernet,IPv4,TCP,N/A,v4,10.10.10.68,10.10.10.109,50780,1339,N/A,N/A,N/A,N/A,,,1
1759293209,eth1,2021,Ethernet,IPv4,TCP,N/A,v4,10.10.10.109,10.10.10.68,1339,50780,N/A,N/A,N/A,N/A,,,1
1759293209,eth1,66,Ethernet,IPv4,TCP,N/A,v4,10.10.10.68,10.10.10.109,50780,1339,N/A,N/A,N/A,N/A,,,1
1759293209,eth1,66,Ethernet,IPv4,TCP,N/A,v4,10.10.10.68,10.10.10.109,50780,1339,N/A,N/A,N/A,N/A,,,1
1759293209,eth1,66,Ethernet,IPv4,TCP,N/A,v4,10.10.10.109,10.10.10.68,1339,50780,N/A,N/A,N/A,N/A,,,1
1759293209,eth1,74,Ethernet,IPv4,TCP,N/A,v4,10.10.10.68,10.10.10.109,50828,1339,N/A,N/A,N/A,N/A,,,1
1759293209,eth1,74,Ethernet,IPv4,TCP,N/A,v4,10.10.10.109,10.10.10.68,1339,50828,N/A,N/A,N/A,N/A,,,1
1759293209,eth1,66,Ethernet,IPv4,TCP,N/A,v4,10.10.10.68,10.10.10.109,50828,1339,N/A,N/A,N/A,N/A,,,1
1759293209,eth1,211,Ethernet,IPv4,TCP,N/A,v4,10.10.10.68,10.10.10.109,50828,1339,N/A,N/A,N/A,N/A,,,1
1759293209,eth1,74,Ethernet,IPv4,TCP,N/A,v4,10.10.10.68,10.10.10.109,50832,1339,N/A,N/A,N/A,N/A,,,1
1759293209,eth1,66,Ethernet,IPv4,TCP,N/A,v4,10.10.10.109,10.10.10.68,1339,50828,N/A,N/A,N/A,N/A,,,1
1759293209,eth1,74,Ethernet,IPv4,TCP,N/A,v4,10.10.10.109,10.10.10.68,1339,50832,N/A,N/A,N/A,N/A,,,1
1759293209,eth1,66,Ethernet,IPv4,TCP,N/A,v4,10.10.10.68,10.10.10.109,50832,1339,N/A,N/A,N/A,N/A,,,1
1759293209,eth1,204,Ethernet,IPv4,TCP,N/A,v4,10.10.10.68,10.10.10.109,50832,1339,N/A,N/A,N/A,N/A,,,1
1759293209,eth1,66,Ethernet,IPv4,TCP,N/A,v4,10.10.10.109,10.10.10.68,1339,50832,N/A,N/A,N/A,N/A,,,1
1759293209,eth1,215,Ethernet,IPv4,TCP,N/A,v4,10.10.10.109,10.10.10.68,1339,50782,N/A,N/A,N/A,N/A,,,1
1759293209,eth1,66,Ethernet,IPv4,TCP,N/A,v4,10.10.10.109,10.10.10.68,1339,50782,N/A,N/A,N/A,N/A,,,1
1759293209,eth1,66,Ethernet,IPv4,TCP,N/A,v4,10.10.10.68,10.10.10.109,50782,1339,N/A,N/A,N/A,N/A,,,1
1759293209,eth1,66,Ethernet,IPv4,TCP,N/A,v4,10.10.10.109,10.10.10.68,1339,50782,N/A,N/A,N/A,N/A,,,1
1759293209,eth1,74,Ethernet,IPv4,TCP,N/A,v4,10.10.10.109,10.10.10.68,1339,50842,N/A,N/A,N/A,N/A,,,1
1759293209,eth1,66,Ethernet,IPv4,TCP,N/A,v4,10.10.10.68,10.10.10.109,50842,1339,N/A,N/A,N/A,N/A,,,1
1759293209,any,76,N/A,IPv4,TCP,N/A,v4,10.10.10.109,10.10.10.68,1339,50828,N/A,N/A,N/A,N/A,,,1
1759293209,any,213,N/A,IPv4,TCP,N/A,v4,10.10.10.68,10.10.10.109,50828,1339,N/A,N/A,N/A,N/A,,,1
1759293209,any,76,N/A,IPv4,TCP,N/A,v4,10.10.10.68,10.10.10.109,50832,1339,N/A,N/A,N/A,N/A,,,1
1759293209,any,68,N/A,IPv4,TCP,N/A,v4,10.10.10.109,10.10.10.68,1339,50828,N/A,N/A,N/A,N/A,,,1
1759293209,any,206,N/A,IPv4,TCP,N/A,v4,10.10.10.68,10.10.10.109,50832,1339,N/A,N/A,N/A,N/A,,,1
1759293209,any,68,N/A,IPv4,TCP,N/A,v4,10.10.10.109,10.10.10.68,1339,50832,N/A,N/A,N/A,N/A,,,1
1759293209,any,217,N/A,IPv4,TCP,N/A,v4,10.10.10.109,10.10.10.68,1339,50782,N/A,N/A,N/A,N/A,,,1
1759293209,any,68,N/A,IPv4,TCP,N/A,v4,10.10.10.109,10.10.10.68,1339,50782,N/A,N/A,N/A,N/A,,,1
1759293209,any,76,N/A,IPv4,TCP,N/A,v4,10.10.10.109,10.10.10.68,1339,50842,N/A,N/A,N/A,N/A,,,1
1759293209,any,214,N/A,IPv4,TCP,N/A,v4,10.10.10.68,10.10.10.109,50842,1339,N/A,N/A,N/A,N/A,,,1
1759293209,any,68,N/A,IPv4,TCP,N/A,v4,10.10.10.109,10.10.10.68,1339,50842,N/A,N/A,N/A,N/A,,,1
1759293209,any,219,N/A,IPv4,TCP,N/A,v4,10.10.10.109,10.10.10.68,1339,50798,N/A,N/A,N/A,N/A,,,1
1759293209,any,68,N/A,IPv4,TCP,N/A,v4,10.10.10.109,10.10.10.68,1339,50798,N/A,N/A,N/A,N/A,,,1
1759293209,any,68,N/A,IPv4,TCP,N/A,v4,10.10.10.68,10.10.10.109,50798,1339,N/A,N/A,N/A,N/A,,,1
1759293209,any,68,N/A,IPv4,TCP,N/A,v4,10.10.10.109,10.10.10.68,1339,50798,N/A,N/A,N/A,N/A,,,1
1759293209,any,76,N/A,IPv4,TCP,N/A,v4,10.10.10.109,10.10.10.68,1339,50846,N/A,N/A,N/A,N/A,,,1
1759293209,any,216,N/A,IPv4,TCP,N/A,v4,10.10.10.68,10.10.10.109,50846,1339,N/A,N/A,N/A,N/A,,,1
1759293209,any,68,N/A,IPv4,TCP,N/A,v4,10.10.10.109,10.10.10.68,1339,50846,N/A,N/A,N/A,N/A,,,1
1759293209,any,218,N/A,IPv4,TCP,N/A,v4,10.10.10.109,10.10.10.68,1339,50808,N/A,N/A,N/A,N/A,,,1
1759293209,any,68,N/A,IPv4,TCP,N/A,v4,10.10.10.109,10.10.10.68,1339,50808,N/A,N/A,N/A,N/A,,,1
1759293209,any,68,N/A,IPv4,TCP,N/A,v4,10.10.10.68,10.10.10.109,50808,1339,N/A,N/A,N/A,N/A,,,1
1759293209,any,76,N/A,IPv4,TCP,N/A,v4,10.10.10.109,10.10.10.68,1339,50858,N/A,N/A,N/A,N/A,,,1
1759293209,any,215,N/A,IPv4,TCP,N/A,v4,10.10.10.68,10.10.10.109,50858,1339,N/A,N/A,N/A,N/A,,,1
1759293209,any,68,N/A,IPv4,TCP,N/A,v4,10.10.10.109,10.10.10.68,1339,50858,N/A,N/A,N/A,N/A,,,1
1759293209,any,224,N/A,IPv4,TCP,N/A,v4,10.10.10.109,10.10.10.68,1339,50818,N/A,N/A,N/A,N/A,,,1
1759293209,any,68,N/A,IPv4,TCP,N/A,v4,10.10.10.109,10.10.10.68,1339,50818,N/A,N/A,N/A,N/A,,,1
1759293209,any,68,N/A,IPv4,TCP,N/A,v4,10.10.10.68,10.10.10.109,50818,1339,N/A,N/A,N/A,N/A,,,1
1759293209,any,76,N/A,IPv4,TCP,N/A,v4,10.10.10.109,10.10.10.68,1339,50860,N/A,N/A,N/A,N/A,,,1
1759293209,any,221,N/A,IPv4,TCP,N/A,v4,10.10.10.68,10.10.10.109,50860,1339,N/A,N/A,N/A,N/A,,,1
1759293209,any,68,N/A,IPv4,TCP,N/A,v4,10.10.10.109,10.10.10.68,1339,50860,N/A,N/A,N/A,N/A,,,1
1759293209,any,217,N/A,IPv4,TCP,N/A,v4,10.10.10.109,10.10.10.68,1339,50828,N/A,N/A,N/A,N/A,,,1
1759293209,any,68,N/A,IPv4,TCP,N/A,v4,10.10.10.109,10.10.10.68,1339,50828,N/A,N/A,N/A,N/A,,,1
1759293209,any,68,N/A,IPv4,TCP,N/A,v4,10.10.10.68,10.10.10.109,50828,1339,N/A,N/A,N/A,N/A,,,1
1759293209,any,68,N/A,IPv4,TCP,N/A,v4,10.10.10.109,10.10.10.68,1339,50828,N/A,N/A,N/A,N/A,,,1
1759293209,any,76,N/A,IPv4,TCP,N/A,v4,10.10.10.68,10.10.10.109,50868,1339,N/A,N/A,N/A,N/A,,,1
1759293209,any,76,N/A,IPv4,TCP,N/A,v4,10.10.10.109,10.10.10.68,1339,50868,N/A,N/A,N/A,N/A,,,1
1759293209,any,214,N/A,IPv4,TCP,N/A,v4,10.10.10.68,10.10.10.109,50868,1339,N/A,N/A,N/A,N/A,,,1
1759293209,any,68,N/A,IPv4,TCP,N/A,v4,10.10.10.109,10.10.10.68,1339,50868,N/A,N/A,N/A,N/A,,,1
1759293209,any,210,N/A,IPv4,TCP,N/A,v4,10.10.10.109,10.10.10.68,1339,50832,N/A,N/A,N/A,N/A,,,1
1759293209,any,68,N/A,IPv4,TCP,N/A,v4,10.10.10.109,10.10.10.68,1339,50832,N/A,N/A,N/A,N/A,,,1
1759293209,any,68,N/A,IPv4,TCP,N/A,v4,10.10.10.68,10.10.10.109,50832,1339,N/A,N/A,N/A,N/A,,,1
1759293209,any,68,N/A,IPv4,TCP,N/A,v4,10.10.10.109,10.10.10.68,1339,50832,N/A,N/A,N/A,N/A,,,1
1759293209,any,76,N/A,IPv4,TCP,N/A,v4,10.10.10.68,10.10.10.109,50884,1339,N/A,N/A,N/A,N/A,,,1
1759293209,any,76,N/A,IPv4,TCP,N/A,v4,10.10.10.109,10.10.10.68,1339,50884,N/A,N/A,N/A,N/A,,,1
1759293209,any,207,N/A,IPv4,TCP,N/A,v4,10.10.10.68,10.10.10.109,50884,1339,N/A,N/A,N/A,N/A,,,1
1759293209,any,68,N/A,IPv4,TCP,N/A,v4,10.10.10.109,10.10.10.68,1339,50884,N/A,N/A,N/A,N/A,,,1
1759293209,any,222,N/A,IPv4,TCP,N/A,v4,10.10.10.109,10.10.10.68,1339,50842,N/A,N/A,N/A,N/A,,,1
1759293209,any,76,N/A,IPv4,TCP,N/A,v4,10.10.10.68,10.10.10.109,50892,1339,N/A,N/A,N/A,N/A,,,1
1759293209,any,76,N/A,IPv4,TCP,N/A,v4,10.10.10.109,10.10.10.68,1339,50892,N/A,N/A,N/A,N/A,,,1
1759293209,any,225,N/A,IPv4,TCP,N/A,v4,10.10.10.68,10.10.10.109,50892,1339,N/A,N/A,N/A,N/A,,,1
1759293209,eth1,212,Ethernet,IPv4,TCP,N/A,v4,10.10.10.68,10.10.10.109,50842,1339,N/A,N/A,N/A,N/A,,,1
1759293209,eth1,66,Ethernet,IPv4,TCP,N/A,v4,10.10.10.109,10.10.10.68,1339,50842,N/A,N/A,N/A,N/A,,,1
1759293209,eth1,217,Ethernet,IPv4,TCP,N/A,v4,10.10.10.109,10.10.10.68,1339,50798,N/A,N/A,N/A,N/A,,,1
1759293209,eth1,66,Ethernet,IPv4,TCP,N/A,v4,10.10.10.68,10.10.10.109,50798,1339,N/A,N/A,N/A,N/A,,,1
1759293209,eth1,66,Ethernet,IPv4,TCP,N/A,v4,10.10.10.109,10.10.10.68,1339,50798,N/A,N/A,N/A,N/A,,,1
1759293209,eth1,66,Ethernet,IPv4,TCP,N/A,v4,10.10.10.68,10.10.10.109,50798,1339,N/A,N/A,N/A,N/A,,,1
1759293209,eth1,74,Ethernet,IPv4,TCP,N/A,v4,10.10.10.68,10.10.10.109,50846,1339,N/A,N/A,N/A,N/A,,,1
1759293209,eth1,66,Ethernet,IPv4,TCP,N/A,v4,10.10.10.109,10.10.10.68,1339,50798,N/A,N/A,N/A,N/A,,,1
1759293209,eth1,74,Ethernet,IPv4,TCP,N/A,v4,10.10.10.109,10.10.10.68,1339,50846,N/A,N/A,N/A,N/A,,,1
1759293209,eth1,66,Ethernet,IPv4,TCP,N/A,v4,10.10.10.68,10.10.10.109,50846,1339,N/A,N/A,N/A,N/A,,,1
1759293209,eth1,214,Ethernet,IPv4,TCP,N/A,v4,10.10.10.68,10.10.10.109,50846,1339,N/A,N/A,N/A,N/A,,,1
1759293209,eth1,66,Ethernet,IPv4,TCP,N/A,v4,10.10.10.109,10.10.10.68,1339,50846,N/A,N/A,N/A,N/A,,,1
1759293209,eth1,216,Ethernet,IPv4,TCP,N/A,v4,10.10.10.109,10.10.10.68,1339,50808,N/A,N/A,N/A,N/A,,,1
1759293209,eth1,66,Ethernet,IPv4,TCP,N/A,v4,10.10.10.68,10.10.10.109,50808,1339,N/A,N/A,N/A,N/A,,,1
1759293209,eth1,66,Ethernet,IPv4,TCP,N/A,v4,10.10.10.109,10.10.10.68,1339,50808,N/A,N/A,N/A,N/A,,,1
1759293209,eth1,66,Ethernet,IPv4,TCP,N/A,v4,10.10.10.68,10.10.10.109,50808,1339,N/A,N/A,N/A,N/A,,,1
1759293209,eth1,66,Ethernet,IPv4,TCP,N/A,v4,10.10.10.109,10.10.10.68,1339,50808,N/A,N/A,N/A,N/A,,,1
1759293209,eth1,74,Ethernet,IPv4,TCP,N/A,v4,10.10.10.68,10.10.10.109,50858,1339,N/A,N/A,N/A,N/A,,,1
1759293209,eth1,74,Ethernet,IPv4,TCP,N/A,v4,10.10.10.109,10.10.10.68,1339,50858,N/A,N/A,N/A,N/A,,,1
1759293209,eth1,66,Ethernet,IPv4,TCP,N/A,v4,10.10.10.68,10.10.10.109,50858,1339,N/A,N/A,N/A,N/A,,,1
1759293209,eth1,213,Ethernet,IPv4,TCP,N/A,v4,10.10.10.68,10.10.10.109,50858,1339,N/A,N/A,N/A,N/A,,,1
1759293209,eth1,66,Ethernet,IPv4,TCP,N/A,v4,10.10.10.109,10.10.10.68,1339,50858,N/A,N/A,N/A,N/A,,,1
1759293209,eth1,222,Ethernet,IPv4,TCP,N/A,v4,10.10.10.109,10.10.10.68,1339,50818,N/A,N/A,N/A,N/A,,,1
1759293209,eth1,66,Ethernet,IPv4,TCP,N/A,v4,10.10.10.68,10.10.10.109,50818,1339,N/A,N/A,N/A,N/A,,,1
1759293209,eth1,66,Ethernet,IPv4,TCP,N/A,v4,10.10.10.109,10.10.10.68,1339,50818,N/A,N/A,N/A,N/A,,,1
1759293209,eth1,66,Ethernet,IPv4,TCP,N/A,v4,10.10.10.68,10.10.10.109,50818,1339,N/A,N/A,N/A,N/A,,,1
1759293209,eth1,66,Ethernet,IPv4,TCP,N/A,v4,10.10.10.109,10.10.10.68,1339,50818,N/A,N/A,N/A,N/A,,,1
1759293209,eth1,74,Ethernet,IPv4,TCP,N/A,v4,10.10.10.109,10.10.10.68,1339,50860,N/A,N/A,N/A,N/A,,,1
1759293209,eth1,66,Ethernet,IPv4,TCP,N/A,v4,10.10.10.68,10.10.10.109,50860,1339,N/A,N/A,N/A,N/A,,,1
1759293209,eth1,219,Ethernet,IPv4,TCP,N/A,v4,10.10.10.68,10.10.10.109,50860,1339,N/A,N/A,N/A,N/A,,,1
1759293209,eth1,66,Ethernet,IPv4,TCP,N/A,v4,10.10.10.109,10.10.10.68,1339,50860,N/A,N/A,N/A,N/A,,,1
1759293209,eth1,215,Ethernet,IPv4,TCP,N/A,v4,10.10.10.109,10.10.10.68,1339,50828,N/A,N/A,N/A,N/A,,,1
1759293209,eth1,66,Ethernet,IPv4,TCP,N/A,v4,10.10.10.68,10.10.10.109,50828,1339,N/A,N/A,N/A,N/A,,,1
1759293209,eth1,66,Ethernet,IPv4,TCP,N/A,v4,10.10.10.109,10.10.10.68,1339,50828,N/A,N/A,N/A,N/A,,,1
1759293209,eth1,66,Ethernet,IPv4,TCP,N/A,v4,10.10.10.68,10.10.10.109,50828,1339,N/A,N/A,N/A,N/A,,,1
1759293209,eth1,66,Ethernet,IPv4,TCP,N/A,v4,10.10.10.109,10.10.10.68,1339,50828,N/A,N/A,N/A,N/A,,,1
1759293209,eth1,74,Ethernet,IPv4,TCP,N/A,v4,10.10.10.68,10.10.10.109,50868,1339,N/A,N/A,N/A,N/A,,,1
1759293209,eth1,74,Ethernet,IPv4,TCP,N/A,v4,10.10.10.109,10.10.10.68,1339,50868,N/A,N/A,N/A,N/A,,,1
1759293209,eth1,66,Ethernet,IPv4,TCP,N/A,v4,10.10.10.68,10.10.10.109,50868,1339,N/A,N/A,N/A,N/A,,,1
1759293209,eth1,212,Ethernet,IPv4,TCP,N/A,v4,10.10.10.68,10.10.10.109,50868,1339,N/A,N/A,N/A,N/A,,,1
1759293209,eth1,66,Ethernet,IPv4,TCP,N/A,v4,10.10.10.109,10.10.10.68,1339,50868,N/A,N/A,N/A,N/A,,,1
1759293209,eth1,208,Ethernet,IPv4,TCP,N/A,v4,10.10.10.109,10.10.10.68,1339,50832,N/A,N/A,N/A,N/A,,,1
1759293209,eth1,66,Ethernet,IPv4,TCP,N/A,v4,10.10.10.68,10.10.10.109,50832,1339,N/A,N/A,N/A,N/A,,,1
1759293209,eth1,66,Ethernet,IPv4,TCP,N/A,v4,10.10.10.109,10.10.10.68,1339,50832,N/A,N/A,N/A,N/A,,,1
1759293209,eth1,66,Ethernet,IPv4,TCP,N/A,v4,10.10.10.68,10.10.10.109,50832,1339,N/A,N/A,N/A,N/A,,,1
1759293209,eth1,66,Ethernet,IPv4,TCP,N/A,v4,10.10.10.109,10.10.10.68,1339,50832,N/A,N/A,N/A,N/A,,,1
1759293209,eth1,74,Ethernet,IPv4,TCP,N/A,v4,10.10.10.68,10.10.10.109,50884,1339,N/A,N/A,N/A,N/A,,,1
1759293209,eth1,74,Ethernet,IPv4,TCP,N/A,v4,10.10.10.109,10.10.10.68,1339,50884,N/A,N/A,N/A,N/A,,,1
1759293209,eth1,66,Ethernet,IPv4,TCP,N/A,v4,10.10.10.68,10.10.10.109,50884,1339,N/A,N/A,N/A,N/A,,,1
1759293209,eth1,205,Ethernet,IPv4,TCP,N/A,v4,10.10.10.68,10.10.10.109,50884,1339,N/A,N/A,N/A,N/A,,,1
1759293209,any,68,N/A,IPv4,TCP,N/A,v4,10.10.10.109,10.10.10.68,1339,50892,N/A,N/A,N/A,N/A,,,1
1759293209,any,222,N/A,IPv4,TCP,N/A,v4,10.10.10.109,10.10.10.68,1339,50846,N/A,N/A,N/A,N/A,,,1
1759293209,any,222,N/A,IPv4,TCP,N/A,v4,10.10.10.109,10.10.10.68,1339,50858,N/A,N/A,N/A,N/A,,,1
1759293209,any,76,N/A,IPv4,TCP,N/A,v4,10.10.10.68,10.10.10.109,50908,1339,N/A,N/A,N/A,N/A,,,1
1759293209,any,76,N/A,IPv4,TCP,N/A,v4,10.10.10.109,10.10.10.68,1339,50908,N/A,N/A,N/A,N/A,,,1
1759293209,any,226,N/A,IPv4,TCP,N/A,v4,10.10.10.68,10.10.10.109,50908,1339,N/A,N/A,N/A,N/A,,,1
1759293209,any,68,N/A,IPv4,TCP,N/A,v4,10.10.10.109,10.10.10.68,1339,50908,N/A,N/A,N/A,N/A,,,1
1759293209,any,223,N/A,IPv4,TCP,N/A,v4,10.10.10.109,10.10.10.68,1339,50860,N/A,N/A,N/A,N/A,,,1
1759293209,any,1318,N/A,IPv4,TCP,N/A,v4,10.10.10.109,10.10.10.68,1339,50860,N/A,N/A,N/A,N/A,,,1
1759293209,any,223,N/A,IPv4,TCP,N/A,v4,10.10.10.109,10.10.10.68,1339,50868,N/A,N/A,N/A,N/A,,,1
1759293209,any,222,N/A,IPv4,TCP,N/A,v4,10.10.10.109,10.10.10.68,1339,50884,N/A,N/A,N/A,N/A,,,1
1759293209,any,229,N/A,IPv4,TCP,N/A,v4,10.10.10.109,10.10.10.68,1339,50892,N/A,N/A,N/A,N/A,,,1
1759293209,any,76,N/A,IPv4,TCP,N/A,v4,10.10.10.109,10.10.10.68,1339,50924,N/A,N/A,N/A,N/A,,,1
1759293209,any,226,N/A,IPv4,TCP,N/A,v4,10.10.10.68,10.10.10.109,50924,1339,N/A,N/A,N/A,N/A,,,1
1759293209,any,68,N/A,IPv4,TCP,N/A,v4,10.10.10.109,10.10.10.68,1339,50924,N/A,N/A,N/A,N/A,,,1
1759293209,any,230,N/A,IPv4,TCP,N/A,v4,10.10.10.109,10.10.10.68,1339,50908,N/A,N/A,N/A,N/A,,,1
1759293209,any,68,N/A,IPv4,TCP,N/A,v4,10.10.10.109,10.10.10.68,1339,50908,N/A,N/A,N/A,N/A,,,1
1759293209,any,68,N/A,IPv4,TCP,N/A,v4,10.10.10.68,10.10.10.109,50908,1339,N/A,N/A,N/A,N/A,,,1
1759293209,any,68,N/A,IPv4,TCP,N/A,v4,10.10.10.109,10.10.10.68,1339,50908,N/A,N/A,N/A,N/A,,,1
1759293209,any,76,N/A,IPv4,TCP,N/A,v4,10.10.10.68,10.10.10.109,50936,1339,N/A,N/A,N/A,N/A,,,1
1759293209,any,76,N/A,IPv4,TCP,N/A,v4,10.10.10.109,10.10.10.68,1339,50936,N/A,N/A,N/A,N/A,,,1
1759293209,any,227,N/A,IPv4,TCP,N/A,v4,10.10.10.68,10.10.10.109,50936,1339,N/A,N/A,N/A,N/A,,,1
1759293209,any,68,N/A,IPv4,TCP,N/A,v4,10.10.10.109,10.10.10.68,1339,50936,N/A,N/A,N/A,N/A,,,1
1759293209,any,222,N/A,IPv4,TCP,N/A,v4,10.10.10.109,10.10.10.68,1339,50924,N/A,N/A,N/A,N/A,,,1
1759293209,any,583,N/A,IPv4,TCP,N/A,v4,10.10.10.109,10.10.10.68,1339,50924,N/A,N/A,N/A,N/A,,,1
1759293209,any,222,N/A,IPv4,TCP,N/A,v4,10.10.10.109,10.10.10.68,1339,50936,N/A,N/A,N/A,N/A,,,1
1759293209,any,621,N/A,IPv4,TCP,N/A,v4,10.10.10.109,10.10.10.68,1339,50936,N/A,N/A,N/A,N/A,,,1
1759293209,any,68,N/A,IPv4,TCP,N/A,v4,10.10.10.109,10.10.10.68,1339,50936,N/A,N/A,N/A,N/A,,,1
1759293209,any,68,N/A,IPv4,TCP,N/A,v4,10.10.10.68,10.10.10.109,50936,1339,N/A,N/A,N/A,N/A,,,1
1759293209,any,68,N/A,IPv4,TCP,N/A,v4,10.10.10.109,10.10.10.68,1339,50936,N/A,N/A,N/A,N/A,,,1
1759293209,eth1,66,Ethernet,IPv4,TCP,N/A,v4,10.10.10.109,10.10.10.68,1339,50884,N/A,N/A,N/A,N/A,,,1
1759293209,eth1,220,Ethernet,IPv4,TCP,N/A,v4,10.10.10.109,10.10.10.68,1339,50842,N/A,N/A,N/A,N/A,,,1
1759293209,eth1,66,Ethernet,IPv4,TCP,N/A,v4,10.10.10.68,10.10.10.109,50842,1339,N/A,N/A,N/A,N/A,,,1
1759293209,eth1,558,Ethernet,IPv4,TCP,N/A,v4,10.10.10.109,10.10.10.68,1339,50842,N/A,N/A,N/A,N/A,,,1
1759293209,eth1,74,Ethernet,IPv4,TCP,N/A,v4,10.10.10.68,10.10.10.109,50892,1339,N/A,N/A,N/A,N/A,,,1
1759293209,eth1,74,Ethernet,IPv4,TCP,N/A,v4,10.10.10.109,10.10.10.68,1339,50892,N/A,N/A,N/A,N/A,,,1
1759293209,eth1,66,Ethernet,IPv4,TCP,N/A,v4,10.10.10.68,10.10.10.109,50892,1339,N/A,N/A,N/A,N/A,,,1
1759293209,eth1,223,Ethernet,IPv4,TCP,N/A,v4,10.10.10.68,10.10.10.109,50892,1339,N/A,N/A,N/A,N/A,,,1
1759293209,eth1,66,Ethernet,IPv4,TCP,N/A,v4,10.10.10.109,10.10.10.68,1339,50892,N/A,N/A,N/A,N/A,,,1
1759293209,eth1,220,Ethernet,IPv4,TCP,N/A,v4,10.10.10.109,10.10.10.68,1339,50846,N/A,N/A,N/A,N/A,,,1
1759293209,eth1,66,Ethernet,IPv4,TCP,N/A,v4,10.10.10.68,10.10.10.109,50846,1339,N/A,N/A,N/A,N/A,,,1
1759293209,eth1,600,Ethernet,IPv4,TCP,N/A,v4,10.10.10.109,10.10.10.68,1339,50846,N/A,N/A,N/A,N/A,,,1
1759293209,eth1,66,Ethernet,IPv4,TCP,N/A,v4,10.10.10.68,10.10.10.109,50846,1339,N/A,N/A,N/A,N/A,,,1
1759293209,eth1,66,Ethernet,IPv4,TCP,N/A,v4,10.10.10.109,10.10.10.68,1339,50846,N/A,N/A,N/A,N/A,,,1
1759293209,eth1,220,Ethernet,IPv4,TCP,N/A,v4,10.10.10.109,10.10.10.68,1339,50858,N/A,N/A,N/A,N/A,,,1
1759293209,eth1,66,Ethernet,IPv4,TCP,N/A,v4,10.10.10.68,10.10.10.109,50858,1339,N/A,N/A,N/A,N/A,,,1
1759293209,eth1,596,Ethernet,IPv4,TCP,N/A,v4,10.10.10.109,10.10.10.68,1339,50858,N/A,N/A,N/A,N/A,,,1
1759293209,eth1,74,Ethernet,IPv4,TCP,N/A,v4,10.10.10.68,10.10.10.109,50908,1339,N/A,N/A,N/A,N/A,,,1
1759293209,eth1,74,Ethernet,IPv4,TCP,N/A,v4,10.10.10.109,10.10.10.68,1339,50908,N/A,N/A,N/A,N/A,,,1
1759293209,eth1,66,Ethernet,IPv4,TCP,N/A,v4,10.10.10.68,10.10.10.109,50908,1339,N/A,N/A,N/A,N/A,,,1
1759293209,eth1,224,Ethernet,IPv4,TCP,N/A,v4,10.10.10.68,10.10.10.109,50908,1339,N/A,N/A,N/A,N/A,,,1
1759293209,eth1,66,Ethernet,IPv4,TCP,N/A,v4,10.10.10.109,10.10.10.68,1339,50908,N/A,N/A,N/A,N/A,,,1
1759293209,eth1,221,Ethernet,IPv4,TCP,N/A,v4,10.10.10.109,10.10.10.68,1339,50860,N/A,N/A,N/A,N/A,,,1
1759293209,eth1,66,Ethernet,IPv4,TCP,N/A,v4,10.10.10.68,10.10.10.109,50860,1339,N/A,N/A,N/A,N/A,,,1
1759293209,eth1,1316,Ethernet,IPv4,TCP,N/A,v4,10.10.10.109,10.10.10.68,1339,50860,N/A,N/A,N/A,N/A,,,1
1759293209,eth1,66,Ethernet,IPv4,TCP,N/A,v4,10.10.10.68,10.10.10.109,50860,1339,N/A,N/A,N/A,N/A,,,1
1759293209,eth1,66,Ethernet,IPv4,TCP,N/A,v4,10.10.10.68,10.10.10.109,50860,1339,N/A,N/A,N/A,N/A,,,1
1759293209,eth1,66,Ethernet,IPv4,TCP,N/A,v4,10.10.10.109,10.10.10.68,1339,50860,N/A,N/A,N/A,N/A,,,1
1759293209,eth1,221,Ethernet,IPv4,TCP,N/A,v4,10.10.10.109,10.10.10.68,1339,50868,N/A,N/A,N/A,N/A,,,1
1759293209,eth1,66,Ethernet,IPv4,TCP,N/A,v4,10.10.10.68,10.10.10.109,50868,1339,N/A,N/A,N/A,N/A,,,1
1759293209,eth1,1514,Ethernet,IPv4,TCP,N/A,v4,10.10.10.109,10.10.10.68,1339,50868,N/A,N/A,N/A,N/A,,,1
1759293209,eth1,220,Ethernet,IPv4,TCP,N/A,v4,10.10.10.109,10.10.10.68,1339,50884,N/A,N/A,N/A,N/A,,,1
1759293209,eth1,66,Ethernet,IPv4,TCP,N/A,v4,10.10.10.68,10.10.10.109,50884,1339,N/A,N/A,N/A,N/A,,,1
1759293209,eth1,782,Ethernet,IPv4,TCP,N/A,v4,10.10.10.109,10.10.10.68,1339,50884,N/A,N/A,N/A,N/A,,,1
1759293209,eth1,227,Ethernet,IPv4,TCP,N/A,v4,10.10.10.109,10.10.10.68,1339,50892,N/A,N/A,N/A,N/A,,,1
1759293209,eth1,66,Ethernet,IPv4,TCP,N/A,v4,10.10.10.68,10.10.10.109,50892,1339,N/A,N/A,N/A,N/A,,,1
1759293209,eth1,66,Ethernet,IPv4,TCP,N/A,v4,10.10.10.109,10.10.10.68,1339,50892,N/A,N/A,N/A,N/A,,,1
1759293209,eth1,74,Ethernet,IPv4,TCP,N/A,v4,10.10.10.109,10.10.10.68,1339,50924,N/A,N/A,N/A,N/A,,,1
1759293209,eth1,66,Ethernet,IPv4,TCP,N/A,v4,10.10.10.68,10.10.10.109,50924,1339,N/A,N/A,N/A,N/A,,,1
1759293209,eth1,224,Ethernet,IPv4,TCP,N/A,v4,10.10.10.68,10.10.10.109,50924,1339,N/A,N/A,N/A,N/A,,,1
1759293209,eth1,66,Ethernet,IPv4,TCP,N/A,v4,10.10.10.109,10.10.10.68,1339,50924,N/A,N/A,N/A,N/A,,,1
1759293209,eth1,228,Ethernet,IPv4,TCP,N/A,v4,10.10.10.109,10.10.10.68,1339,50908,N/A,N/A,N/A,N/A,,,1
1759293209,eth1,66,Ethernet,IPv4,TCP,N/A,v4,10.10.10.68,10.10.10.109,50908,1339,N/A,N/A,N/A,N/A,,,1
1759293209,eth1,66,Ethernet,IPv4,TCP,N/A,v4,10.10.10.109,10.10.10.68,1339,50908,N/A,N/A,N/A,N/A,,,1
1759293209,eth1,66,Ethernet,IPv4,TCP,N/A,v4,10.10.10.68,10.10.10.109,50908,1339,N/A,N/A,N/A,N/A,,,1
1759293209,eth1,66,Ethernet,IPv4,TCP,N/A,v4,10.10.10.109,10.10.10.68,1339,50908,N/A,N/A,N/A,N/A,,,1
1759293209,eth1,74,Ethernet,IPv4,TCP,N/A,v4,10.10.10.68,10.10.10.109,50936,1339,N/A,N/A,N/A,N/A,,,1
1759293209,eth1,74,Ethernet,IPv4,TCP,N/A,v4,10.10.10.109,10.10.10.68,1339,50936,N/A,N/A,N/A,N/A,,,1
1759293209,eth1,66,Ethernet,IPv4,TCP,N/A,v4,10.10.10.68,10.10.10.109,50936,1339,N/A,N/A,N/A,N/A,,,1
1759293209,eth1,225,Ethernet,IPv4,TCP,N/A,v4,10.10.10.68,10.10.10.109,50936,1339,N/A,N/A,N/A,N/A,,,1
1759293209,eth1,66,Ethernet,IPv4,TCP,N/A,v4,10.10.10.109,10.10.10.68,1339,50936,N/A,N/A,N/A,N/A,,,1
1759293209,eth1,220,Ethernet,IPv4,TCP,N/A,v4,10.10.10.109,10.10.10.68,1339,50924,N/A,N/A,N/A,N/A,,,1
1759293209,eth1,66,Ethernet,IPv4,TCP,N/A,v4,10.10.10.68,10.10.10.109,50924,1339,N/A,N/A,N/A,N/A,,,1
1759293209,eth1,581,Ethernet,IPv4,TCP,N/A,v4,10.10.10.109,10.10.10.68,1339,50924,N/A,N/A,N/A,N/A,,,1
1759293209,eth1,66,Ethernet,IPv4,TCP,N/A,v4,10.10.10.68,10.10.10.109,50924,1339,N/A,N/A,N/A,N/A,,,1
1759293209,eth1,66,Ethernet,IPv4,TCP,N/A,v4,10.10.10.109,10.10.10.68,1339,50924,N/A,N/A,N/A,N/A,,,1
1759293209,eth1,220,Ethernet,IPv4,TCP,N/A,v4,10.10.10.109,10.10.10.68,1339,50936,N/A,N/A,N/A,N/A,,,1
1759293209,eth1,66,Ethernet,IPv4,TCP,N/A,v4,10.10.10.68,10.10.10.109,50936,1339,N/A,N/A,N/A,N/A,,,1
1759293209,eth1,619,Ethernet,IPv4,TCP,N/A,v4,10.10.10.109,10.10.10.68,1339,50936,N/A,N/A,N/A,N/A,,,1
1759293209,eth1,66,Ethernet,IPv4,TCP,N/A,v4,10.10.10.68,10.10.10.109,50936,1339,N/A,N/A,N/A,N/A,,,1
1759293209,eth1,66,Ethernet,IPv4,TCP,N/A,v4,10.10.10.109,10.10.10.68,1339,50936,N/A,N/A,N/A,N/A,,,1
1759293209,eth1,66,Ethernet,IPv4,TCP,N/A,v4,10.10.10.68,10.10.10.109,50936,1339,N/A,N/A,N/A,N/A,,,1
1759293209,eth1,66,Ethernet,IPv4,TCP,N/A,v4,10.10.10.109,10.10.10.68,1339,50936,N/A,N/A,N/A,N/A,,,1
1759293209,any,202,N/A,IPv4,TCP,N/A,v4,10.10.10.68,10.10.10.109,49366,1339,N/A,N/A,N/A,N/A,,,1
1759293209,eth1,200,Ethernet,IPv4,TCP,N/A,v4,10.10.10.68,10.10.10.109,49366,1339,N/A,N/A,N/A,N/A,,,1
1759293209,eth1,194,Ethernet,IPv4,TCP,N/A,v4,10.10.10.68,10.10.10.109,49374,1339,N/A,N/A,N/A,N/A,,,1
1759293209,eth1,203,Ethernet,IPv4,TCP,N/A,v4,10.10.10.68,10.10.10.109,49394,1339,N/A,N/A,N/A,N/A,,,1
1759293209,any,68,N/A,IPv4,TCP,N/A,v4,10.10.10.109,10.10.10.68,1339,49366,N/A,N/A,N/A,N/A,,,1
1759293209,eth1,66,Ethernet,IPv4,TCP,N/A,v4,10.10.10.109,10.10.10.68,1339,49366,N/A,N/A,N/A,N/A,,,1
1759293209,eth1,66,Ethernet,IPv4,TCP,N/A,v4,10.10.10.109,10.10.10.68,1339,49374,N/A,N/A,N/A,N/A,,,1
1759293209,eth1,66,Ethernet,IPv4,TCP,N/A,v4,10.10.10.109,10.10.10.68,1339,49394,N/A,N/A,N/A,N/A,,,1
1759293209,eth1,204,Ethernet,IPv4,TCP,N/A,v4,10.10.10.109,10.10.10.68,1339,49366,N/A,N/A,N/A,N/A,,,1
1759293209,eth1,66,Ethernet,IPv4,TCP,N/A,v4,10.10.10.109,10.10.10.68,1339,49366,N/A,N/A,N/A,N/A,,,1
1759293209,eth1,66,Ethernet,IPv4,TCP,N/A,v4,10.10.10.68,10.10.10.109,49366,1339,N/A,N/A,N/A,N/A,,,1
1759293209,eth1,74,Ethernet,IPv4,TCP,N/A,v4,10.10.10.109,10.10.10.68,1339,50946,N/A,N/A,N/A,N/A,,,1
1759293209,eth1,66,Ethernet,IPv4,TCP,N/A,v4,10.10.10.68,10.10.10.109,50946,1339,N/A,N/A,N/A,N/A,,,1
1759293209,eth1,201,Ethernet,IPv4,TCP,N/A,v4,10.10.10.68,10.10.10.109,50946,1339,N/A,N/A,N/A,N/A,,,1
1759293209,eth1,66,Ethernet,IPv4,TCP,N/A,v4,10.10.10.109,10.10.10.68,1339,50946,N/A,N/A,N/A,N/A,,,1
1759293209,eth1,198,Ethernet,IPv4,TCP,N/A,v4,10.10.10.109,10.10.10.68,1339,49374,N/A,N/A,N/A,N/A,,,1
1759293209,eth1,66,Ethernet,IPv4,TCP,N/A,v4,10.10.10.68,10.10.10.109,49374,1339,N/A,N/A,N/A,N/A,,,1
1759293209,eth1,66,Ethernet,IPv4,TCP,N/A,v4,10.10.10.109,10.10.10.68,1339,49374,N/A,N/A,N/A,N/A,,,1
1759293209,eth1,74,Ethernet,IPv4,TCP,N/A,v4,10.10.10.109,10.10.10.68,1339,50958,N/A,N/A,N/A,N/A,,,1
1759293209,eth1,66,Ethernet,IPv4,TCP,N/A,v4,10.10.10.68,10.10.10.109,50958,1339,N/A,N/A,N/A,N/A,,,1
1759293209,eth1,195,Ethernet,IPv4,TCP,N/A,v4,10.10.10.68,10.10.10.109,50958,1339,N/A,N/A,N/A,N/A,,,1
1759293209,eth1,66,Ethernet,IPv4,TCP,N/A,v4,10.10.10.109,10.10.10.68,1339,50958,N/A,N/A,N/A,N/A,,,1
1759293209,any,206,N/A,IPv4,TCP,N/A,v4,10.10.10.109,10.10.10.68,1339,49366,N/A,N/A,N/A,N/A,,,1
1759293209,any,76,N/A,IPv4,TCP,N/A,v4,10.10.10.109,10.10.10.68,1339,50946,N/A,N/A,N/A,N/A,,,1
1759293209,any,203,N/A,IPv4,TCP,N/A,v4,10.10.10.68,10.10.10.109,50946,1339,N/A,N/A,N/A,N/A,,,1
1759293209,any,76,N/A,IPv4,TCP,N/A,v4,10.10.10.109,10.10.10.68,1339,50958,N/A,N/A,N/A,N/A,,,1
1759293209,any,197,N/A,IPv4,TCP,N/A,v4,10.10.10.68,10.10.10.109,50958,1339,N/A,N/A,N/A,N/A,,,1
1759293209,any,68,N/A,IPv4,TCP,N/A,v4,10.10.10.109,10.10.10.68,1339,50958,N/A,N/A,N/A,N/A,,,1
1759293209,any,222,N/A,IPv4,TCP,N/A,v4,10.10.10.109,10.10.10.68,1339,49394,N/A,N/A,N/A,N/A,,,1
1759293209,eth1,220,Ethernet,IPv4,TCP,N/A,v4,10.10.10.109,10.10.10.68,1339,49394,N/A,N/A,N/A,N/A,,,1
1759293209,eth1,676,Ethernet,IPv4,TCP,N/A,v4,10.10.10.109,10.10.10.68,1339,49394,N/A,N/A,N/A,N/A,,,1
1759293209,eth1,66,Ethernet,IPv4,TCP,N/A,v4,10.10.10.68,10.10.10.109,49394,1339,N/A,N/A,N/A,N/A,,,1
1759293209,eth1,74,Ethernet,IPv4,TCP,N/A,v4,10.10.10.109,10.10.10.68,1339,50968,N/A,N/A,N/A,N/A,,,1
1759293209,eth1,66,Ethernet,IPv4,TCP,N/A,v4,10.10.10.68,10.10.10.109,50968,1339,N/A,N/A,N/A,N/A,,,1
1759293209,eth1,200,Ethernet,IPv4,TCP,N/A,v4,10.10.10.68,10.10.10.109,50968,1339,N/A,N/A,N/A,N/A,,,1
1759293209,eth1,66,Ethernet,IPv4,TCP,N/A,v4,10.10.10.109,10.10.10.68,1339,50968,N/A,N/A,N/A,N/A,,,1
1759293209,eth1,203,Ethernet,IPv4,TCP,N/A,v4,10.10.10.109,10.10.10.68,1339,49400,N/A,N/A,N/A,N/A,,,1
1759293209,eth1,66,Ethernet,IPv4,TCP,N/A,v4,10.10.10.109,10.10.10.68,1339,49400,N/A,N/A,N/A,N/A,,,1
1759293209,eth1,66,Ethernet,IPv4,TCP,N/A,v4,10.10.10.68,10.10.10.109,49400,1339,N/A,N/A,N/A,N/A,,,1
1759293209,eth1,66,Ethernet,IPv4,TCP,N/A,v4,10.10.10.68,10.10.10.109,49400,1339,N/A,N/A,N/A,N/A,,,1
1759293209,eth1,204,Ethernet,IPv4,TCP,N/A,v4,10.10.10.109,10.10.10.68,1339,49410,N/A,N/A,N/A,N/A,,,1
1759293209,eth1,66,Ethernet,IPv4,TCP,N/A,v4,10.10.10.68,10.10.10.109,49410,1339,N/A,N/A,N/A,N/A,,,1
1759293209,eth1,66,Ethernet,IPv4,TCP,N/A,v4,10.10.10.109,10.10.10.68,1339,49410,N/A,N/A,N/A,N/A,,,1
1759293209,eth1,74,Ethernet,IPv4,TCP,N/A,v4,10.10.10.109,10.10.10.68,1339,51008,N/A,N/A,N/A,N/A,,,1
1759293209,eth1,66,Ethernet,IPv4,TCP,N/A,v4,10.10.10.68,10.10.10.109,51008,1339,N/A,N/A,N/A,N/A,,,1
1759293209,eth1,201,Ethernet,IPv4,TCP,N/A,v4,10.10.10.68,10.10.10.109,51008,1339,N/A,N/A,N/A,N/A,,,1
1759293209,eth1,66,Ethernet,IPv4,TCP,N/A,v4,10.10.10.109,10.10.10.68,1339,51008,N/A,N/A,N/A,N/A,,,1
1759293209,any,76,N/A,IPv4,TCP,N/A,v4,10.10.10.109,10.10.10.68,1339,50968,N/A,N/A,N/A,N/A,,,1
1759293209,any,68,N/A,IPv4,TCP,N/A,v4,10.10.10.109,10.10.10.68,1339,50968,N/A,N/A,N/A,N/A,,,1
1759293209,any,205,N/A,IPv4,TCP,N/A,v4,10.10.10.109,10.10.10.68,1339,49400,N/A,N/A,N/A,N/A,,,1
1759293209,any,68,N/A,IPv4,TCP,N/A,v4,10.10.10.68,10.10.10.109,49400,1339,N/A,N/A,N/A,N/A,,,1
1759293209,any,76,N/A,IPv4,TCP,N/A,v4,10.10.10.68,10.10.10.109,50996,1339,N/A,N/A,N/A,N/A,,,1
1759293209,any,76,N/A,IPv4,TCP,N/A,v4,10.10.10.109,10.10.10.68,1339,50980,N/A,N/A,N/A,N/A,,,1
1759293209,any,76,N/A,IPv4,TCP,N/A,v4,10.10.10.109,10.10.10.68,1339,50996,N/A,N/A,N/A,N/A,,,1
1759293209,any,216,N/A,IPv4,TCP,N/A,v4,10.10.10.68,10.10.10.109,50996,1339,N/A,N/A,N/A,N/A,,,1
1759293209,any,68,N/A,IPv4,TCP,N/A,v4,10.10.10.109,10.10.10.68,1339,50996,N/A,N/A,N/A,N/A,,,1
1759293209,any,206,N/A,IPv4,TCP,N/A,v4,10.10.10.109,10.10.10.68,1339,49410,N/A,N/A,N/A,N/A,,,1
1759293209,any,68,N/A,IPv4,TCP,N/A,v4,10.10.10.109,10.10.10.68,1339,49410,N/A,N/A,N/A,N/A,,,1
1759293209,any,76,N/A,IPv4,TCP,N/A,v4,10.10.10.109,10.10.10.68,1339,51008,N/A,N/A,N/A,N/A,,,1
1759293209,any,203,N/A,IPv4,TCP,N/A,v4,10.10.10.68,10.10.10.109,51008,1339,N/A,N/A,N/A,N/A,,,1
1759293209,any,68,N/A,IPv4,TCP,N/A,v4,10.10.10.109,10.10.10.68,1339,51008,N/A,N/A,N/A,N/A,,,1
1759293209,any,223,N/A,IPv4,TCP,N/A,v4,10.10.10.109,10.10.10.68,1339,50946,N/A,N/A,N/A,N/A,,,1
1759293209,any,68,N/A,IPv4,TCP,N/A,v4,10.10.10.68,10.10.10.109,50946,1339,N/A,N/A,N/A,N/A,,,1
1759293209,any,76,N/A,IPv4,TCP,N/A,v4,10.10.10.68,10.10.10.109,51016,1339,N/A,N/A,N/A,N/A,,,1
1759293209,any,76,N/A,IPv4,TCP,N/A,v4,10.10.10.109,10.10.10.68,1339,51016,N/A,N/A,N/A,N/A,,,1
1759293209,any,214,N/A,IPv4,TCP,N/A,v4,10.10.10.68,10.10.10.109,51016,1339,N/A,N/A,N/A,N/A,,,1
1759293209,any,68,N/A,IPv4,TCP,N/A,v4,10.10.10.109,10.10.10.68,1339,51016,N/A,N/A,N/A,N/A,,,1
1759293209,eth1,221,Ethernet,IPv4,TCP,N/A,v4,10.10.10.109,10.10.10.68,1339,50946,N/A,N/A,N/A,N/A,,,1
1759293209,eth1,66,Ethernet,IPv4,TCP,N/A,v4,10.10.10.68,10.10.10.109,50946,1339,N/A,N/A,N/A,N/A,,,1
1759293209,eth1,1523,Ethernet,IPv4,TCP,N/A,v4,10.10.10.109,10.10.10.68,1339,50946,N/A,N/A,N/A,N/A,,,1
1759293209,eth1,66,Ethernet,IPv4,TCP,N/A,v4,10.10.10.109,10.10.10.68,1339,50946,N/A,N/A,N/A,N/A,,,1
1759293209,eth1,66,Ethernet,IPv4,TCP,N/A,v4,10.10.10.68,10.10.10.109,50946,1339,N/A,N/A,N/A,N/A,,,1
1759293209,eth1,66,Ethernet,IPv4,TCP,N/A,v4,10.10.10.109,10.10.10.68,1339,50946,N/A,N/A,N/A,N/A,,,1
1759293209,eth1,74,Ethernet,IPv4,TCP,N/A,v4,10.10.10.68,10.10.10.109,51016,1339,N/A,N/A,N/A,N/A,,,1
1759293209,eth1,74,Ethernet,IPv4,TCP,N/A,v4,10.10.10.109,10.10.10.68,1339,51016,N/A,N/A,N/A,N/A,,,1
1759293209,eth1,66,Ethernet,IPv4,TCP,N/A,v4,10.10.10.68,10.10.10.109,51016,1339,N/A,N/A,N/A,N/A,,,1
1759293209,eth1,212,Ethernet,IPv4,TCP,N/A,v4,10.10.10.68,10.10.10.109,51016,1339,N/A,N/A,N/A,N/A,,,1
1759293209,eth1,66,Ethernet,IPv4,TCP,N/A,v4,10.10.10.109,10.10.10.68,1339,51016,N/A,N/A,N/A,N/A,,,1
1759293209,any,223,N/A,IPv4,TCP,N/A,v4,10.10.10.109,10.10.10.68,1339,50958,N/A,N/A,N/A,N/A,,,1
1759293209,eth1,221,Ethernet,IPv4,TCP,N/A,v4,10.10.10.109,10.10.10.68,1339,50958,N/A,N/A,N/A,N/A,,,1
1759293209,eth1,1440,Ethernet,IPv4,TCP,N/A,v4,10.10.10.109,10.10.10.68,1339,50958,N/A,N/A,N/A,N/A,,,1
1759293209,eth1,66,Ethernet,IPv4,TCP,N/A,v4,10.10.10.68,10.10.10.109,50958,1339,N/A,N/A,N/A,N/A,,,1
1759293209,eth1,66,Ethernet,IPv4,TCP,N/A,v4,10.10.10.68,10.10.10.109,50958,1339,N/A,N/A,N/A,N/A,,,1
1759293209,eth1,66,Ethernet,IPv4,TCP,N/A,v4,10.10.10.68,10.10.10.109,50958,1339,N/A,N/A,N/A,N/A,,,1
1759293209,eth1,66,Ethernet,IPv4,TCP,N/A,v4,10.10.10.109,10.10.10.68,1339,50958,N/A,N/A,N/A,N/A,,,1
1759293209,eth1,74,Ethernet,IPv4,TCP,N/A,v4,10.10.10.68,10.10.10.109,51018,1339,N/A,N/A,N/A,N/A,,,1
1759293209,eth1,221,Ethernet,IPv4,TCP,N/A,v4,10.10.10.109,10.10.10.68,1339,50968,N/A,N/A,N/A,N/A,,,1
1759293209,eth1,66,Ethernet,IPv4,TCP,N/A,v4,10.10.10.68,10.10.10.109,50968,1339,N/A,N/A,N/A,N/A,,,1
1759293209,eth1,74,Ethernet,IPv4,TCP,N/A,v4,10.10.10.109,10.10.10.68,1339,51018,N/A,N/A,N/A,N/A,,,1
1759293209,eth1,66,Ethernet,IPv4,TCP,N/A,v4,10.10.10.68,10.10.10.109,50968,1339,N/A,N/A,N/A,N/A,,,1
1759293209,eth1,66,Ethernet,IPv4,TCP,N/A,v4,10.10.10.68,10.10.10.109,50968,1339,N/A,N/A,N/A,N/A,,,1
1759293209,eth1,66,Ethernet,IPv4,TCP,N/A,v4,10.10.10.109,10.10.10.68,1339,50968,N/A,N/A,N/A,N/A,,,1
1759293209,eth1,206,Ethernet,IPv4,TCP,N/A,v4,10.10.10.68,10.10.10.109,51018,1339,N/A,N/A,N/A,N/A,,,1
1759293209,eth1,66,Ethernet,IPv4,TCP,N/A,v4,10.10.10.109,10.10.10.68,1339,51018,N/A,N/A,N/A,N/A,,,1
1759293209,eth1,220,Ethernet,IPv4,TCP,N/A,v4,10.10.10.109,10.10.10.68,1339,50980,N/A,N/A,N/A,N/A,,,1
1759293209,eth1,66,Ethernet,IPv4,TCP,N/A,v4,10.10.10.68,10.10.10.109,50980,1339,N/A,N/A,N/A,N/A,,,1
1759293209,eth1,977,Ethernet,IPv4,TCP,N/A,v4,10.10.10.109,10.10.10.68,1339,50980,N/A,N/A,N/A,N/A,,,1
1759293209,eth1,66,Ethernet,IPv4,TCP,N/A,v4,10.10.10.68,10.10.10.109,50980,1339,N/A,N/A,N/A,N/A,,,1
1759293209,any,76,N/A,IPv4,TCP,N/A,v4,10.10.10.68,10.10.10.109,51018,1339,N/A,N/A,N/A,N/A,,,1
1759293209,any,223,N/A,IPv4,TCP,N/A,v4,10.10.10.109,10.10.10.68,1339,50968,N/A,N/A,N/A,N/A,,,1
1759293209,any,68,N/A,IPv4,TCP,N/A,v4,10.10.10.68,10.10.10.109,50968,1339,N/A,N/A,N/A,N/A,,,1
1759293209,any,208,N/A,IPv4,TCP,N/A,v4,10.10.10.68,10.10.10.109,51018,1339,N/A,N/A,N/A,N/A,,,1
1759293209,any,68,N/A,IPv4,TCP,N/A,v4,10.10.10.109,10.10.10.68,1339,51018,N/A,N/A,N/A,N/A,,,1
1759293209,any,222,N/A,IPv4,TCP,N/A,v4,10.10.10.109,10.10.10.68,1339,50980,N/A,N/A,N/A,N/A,,,1
1759293209,any,979,N/A,IPv4,TCP,N/A,v4,10.10.10.109,10.10.10.68,1339,50980,N/A,N/A,N/A,N/A,,,1
1759293209,any,220,N/A,IPv4,TCP,N/A,v4,10.10.10.109,10.10.10.68,1339,50996,N/A,N/A,N/A,N/A,,,1
1759293209,any,68,N/A,IPv4,TCP,N/A,v4,10.10.10.109,10.10.10.68,1339,50996,N/A,N/A,N/A,N/A,,,1
1759293209,any,76,N/A,IPv4,TCP,N/A,v4,10.10.10.109,10.10.10.68,1339,51030,N/A,N/A,N/A,N/A,,,1
1759293209,any,68,N/A,IPv4,TCP,N/A,v4,10.10.10.109,10.10.10.68,1339,51030,N/A,N/A,N/A,N/A,,,1
1759293209,any,222,N/A,IPv4,TCP,N/A,v4,10.10.10.109,10.10.10.68,1339,51008,N/A,N/A,N/A,N/A,,,1
1759293209,any,68,N/A,IPv4,TCP,N/A,v4,10.10.10.68,10.10.10.109,51008,1339,N/A,N/A,N/A,N/A,,,1
1759293209,any,68,N/A,IPv4,TCP,N/A,v4,10.10.10.68,10.10.10.109,51008,1339,N/A,N/A,N/A,N/A,,,1
1759293209,any,76,N/A,IPv4,TCP,N/A,v4,10.10.10.68,10.10.10.109,51038,1339,N/A,N/A,N/A,N/A,,,1
1759293209,any,76,N/A,IPv4,TCP,N/A,v4,10.10.10.68,10.10.10.109,51050,1339,N/A,N/A,N/A,N/A,,,1
1759293209,any,76,N/A,IPv4,TCP,N/A,v4,10.10.10.109,10.10.10.68,1339,51038,N/A,N/A,N/A,N/A,,,1
1759293209,any,218,N/A,IPv4,TCP,N/A,v4,10.10.10.109,10.10.10.68,1339,51016,N/A,N/A,N/A,N/A,,,1
1759293209,eth1,218,Ethernet,IPv4,TCP,N/A,v4,10.10.10.109,10.10.10.68,1339,50996,N/A,N/A,N/A,N/A,,,1
1759293209,eth1,66,Ethernet,IPv4,TCP,N/A,v4,10.10.10.68,10.10.10.109,50996,1339,N/A,N/A,N/A,N/A,,,1
1759293209,eth1,66,Ethernet,IPv4,TCP,N/A,v4,10.10.10.109,10.10.10.68,1339,50996,N/A,N/A,N/A,N/A,,,1
1759293209,eth1,66,Ethernet,IPv4,TCP,N/A,v4,10.10.10.68,10.10.10.109,50996,1339,N/A,N/A,N/A,N/A,,,1
1759293209,eth1,74,Ethernet,IPv4,TCP,N/A,v4,10.10.10.68,10.10.10.109,51030,1339,N/A,N/A,N/A,N/A,,,1
1759293209,eth1,74,Ethernet,IPv4,TCP,N/A,v4,10.10.10.109,10.10.10.68,1339,51030,N/A,N/A,N/A,N/A,,,1
1759293209,eth1,66,Ethernet,IPv4,TCP,N/A,v4,10.10.10.68,10.10.10.109,51030,1339,N/A,N/A,N/A,N/A,,,1
1759293209,eth1,215,Ethernet,IPv4,TCP,N/A,v4,10.10.10.68,10.10.10.109,51030,1339,N/A,N/A,N/A,N/A,,,1
1759293209,eth1,66,Ethernet,IPv4,TCP,N/A,v4,10.10.10.109,10.10.10.68,1339,51030,N/A,N/A,N/A,N/A,,,1
1759293209,eth1,220,Ethernet,IPv4,TCP,N/A,v4,10.10.10.109,10.10.10.68,1339,51008,N/A,N/A,N/A,N/A,,,1
1759293209,eth1,1029,Ethernet,IPv4,TCP,N/A,v4,10.10.10.109,10.10.10.68,1339,51008,N/A,N/A,N/A,N/A,,,1
1759293209,eth1,66,Ethernet,IPv4,TCP,N/A,v4,10.10.10.68,10.10.10.109,51008,1339,N/A,N/A,N/A,N/A,,,1
1759293209,eth1,66,Ethernet,IPv4,TCP,N/A,v4,10.10.10.68,10.10.10.109,51008,1339,N/A,N/A,N/A,N/A,,,1
1759293209,eth1,66,Ethernet,IPv4,TCP,N/A,v4,10.10.10.68,10.10.10.109,51008,1339,N/A,N/A,N/A,N/A,,,1
1759293209,eth1,66,Ethernet,IPv4,TCP,N/A,v4,10.10.10.109,10.10.10.68,1339,51008,N/A,N/A,N/A,N/A,,,1
1759293209,eth1,74,Ethernet,IPv4,TCP,N/A,v4,10.10.10.68,10.10.10.109,51038,1339,N/A,N/A,N/A,N/A,,,1
1759293209,eth1,74,Ethernet,IPv4,TCP,N/A,v4,10.10.10.68,10.10.10.109,51050,1339,N/A,N/A,N/A,N/A,,,1
1759293209,eth1,74,Ethernet,IPv4,TCP,N/A,v4,10.10.10.109,10.10.10.68,1339,51038,N/A,N/A,N/A,N/A,,,1
1759293209,eth1,66,Ethernet,IPv4,TCP,N/A,v4,10.10.10.68,10.10.10.109,51038,1339,N/A,N/A,N/A,N/A,,,1
1759293209,eth1,74,Ethernet,IPv4,TCP,N/A,v4,10.10.10.109,10.10.10.68,1339,51050,N/A,N/A,N/A,N/A,,,1
1759293209,eth1,216,Ethernet,IPv4,TCP,N/A,v4,10.10.10.109,10.10.10.68,1339,51016,N/A,N/A,N/A,N/A,,,1
1759293209,eth1,66,Ethernet,IPv4,TCP,N/A,v4,10.10.10.68,10.10.10.109,51016,1339,N/A,N/A,N/A,N/A,,,1
1759293209,eth1,66,Ethernet,IPv4,TCP,N/A,v4,10.10.10.109,10.10.10.68,1339,51016,N/A,N/A,N/A,N/A,,,1
1759293209,eth1,66,Ethernet,IPv4,TCP,N/A,v4,10.10.10.68,10.10.10.109,51016,1339,N/A,N/A,N/A,N/A,,,1
1759293209,eth1,210,Ethernet,IPv4,TCP,N/A,v4,10.10.10.109,10.10.10.68,1339,51018,N/A,N/A,N/A,N/A,,,1
1759293209,eth1,66,Ethernet,IPv4,TCP,N/A,v4,10.10.10.109,10.10.10.68,1339,51016,N/A,N/A,N/A,N/A,,,1
1759293209,eth1,66,Ethernet,IPv4,TCP,N/A,v4,10.10.10.68,10.10.10.109,51018,1339,N/A,N/A,N/A,N/A,,,1
1759293209,eth1,66,Ethernet,IPv4,TCP,N/A,v4,10.10.10.109,10.10.10.68,1339,51018,N/A,N/A,N/A,N/A,,,1
1759293209,eth1,74,Ethernet,IPv4,TCP,N/A,v4,10.10.10.68,10.10.10.109,51078,1339,N/A,N/A,N/A,N/A,,,1
1759293209,eth1,213,Ethernet,IPv4,TCP,N/A,v4,10.10.10.68,10.10.10.109,51062,1339,N/A,N/A,N/A,N/A,,,1
1759293209,eth1,74,Ethernet,IPv4,TCP,N/A,v4,10.10.10.109,10.10.10.68,1339,51078,N/A,N/A,N/A,N/A,,,1
1759293209,eth1,66,Ethernet,IPv4,TCP,N/A,v4,10.10.10.68,10.10.10.109,51078,1339,N/A,N/A,N/A,N/A,,,1
1759293209,eth1,207,Ethernet,IPv4,TCP,N/A,v4,10.10.10.68,10.10.10.109,51078,1339,N/A,N/A,N/A,N/A,,,1
1759293209,eth1,66,Ethernet,IPv4,TCP,N/A,v4,10.10.10.109,10.10.10.68,1339,51078,N/A,N/A,N/A,N/A,,,1
1759293209,eth1,211,Ethernet,IPv4,TCP,N/A,v4,10.10.10.68,10.10.10.109,51050,1339,N/A,N/A,N/A,N/A,,,1
1759293209,eth1,66,Ethernet,IPv4,TCP,N/A,v4,10.10.10.109,10.10.10.68,1339,51050,N/A,N/A,N/A,N/A,,,1
1759293209,eth1,74,Ethernet,IPv4,TCP,N/A,v4,10.10.10.68,10.10.10.109,51086,1339,N/A,N/A,N/A,N/A,,,1
1759293209,eth1,74,Ethernet,IPv4,TCP,N/A,v4,10.10.10.109,10.10.10.68,1339,51086,N/A,N/A,N/A,N/A,,,1
1759293209,eth1,66,Ethernet,IPv4,TCP,N/A,v4,10.10.10.68,10.10.10.109,51086,1339,N/A,N/A,N/A,N/A,,,1
1759293209,eth1,206,Ethernet,IPv4,TCP,N/A,v4,10.10.10.68,10.10.10.109,51038,1339,N/A,N/A,N/A,N/A,,,1
1759293209,eth1,66,Ethernet,IPv4,TCP,N/A,v4,10.10.10.109,10.10.10.68,1339,51038,N/A,N/A,N/A,N/A,,,1
1759293209,any,68,N/A,IPv4,TCP,N/A,v4,10.10.10.68,10.10.10.109,51018,1339,N/A,N/A,N/A,N/A,,,1
1759293209,any,215,N/A,IPv4,TCP,N/A,v4,10.10.10.68,10.10.10.109,51062,1339,N/A,N/A,N/A,N/A,,,1
1759293209,any,209,N/A,IPv4,TCP,N/A,v4,10.10.10.68,10.10.10.109,51078,1339,N/A,N/A,N/A,N/A,,,1
1759293209,any,213,N/A,IPv4,TCP,N/A,v4,10.10.10.68,10.10.10.109,51050,1339,N/A,N/A,N/A,N/A,,,1
1759293209,any,68,N/A,IPv4,TCP,N/A,v4,10.10.10.109,10.10.10.68,1339,51050,N/A,N/A,N/A,N/A,,,1
1759293209,any,76,N/A,IPv4,TCP,N/A,v4,10.10.10.68,10.10.10.109,51086,1339,N/A,N/A,N/A,N/A,,,1
1759293209,any,76,N/A,IPv4,TCP,N/A,v4,10.10.10.109,10.10.10.68,1339,51086,N/A,N/A,N/A,N/A,,,1
1759293209,any,208,N/A,IPv4,TCP,N/A,v4,10.10.10.68,10.10.10.109,51038,1339,N/A,N/A,N/A,N/A,,,1
1759293209,any,68,N/A,IPv4,TCP,N/A,v4,10.10.10.109,10.10.10.68,1339,51038,N/A,N/A,N/A,N/A,,,1
1759293209,any,213,N/A,IPv4,TCP,N/A,v4,10.10.10.68,10.10.10.109,51086,1339,N/A,N/A,N/A,N/A,,,1
1759293209,any,68,N/A,IPv4,TCP,N/A,v4,10.10.10.109,10.10.10.68,1339,51086,N/A,N/A,N/A,N/A,,,1
1759293209,any,76,N/A,IPv4,TCP,N/A,v4,10.10.10.68,10.10.10.109,51088,1339,N/A,N/A,N/A,N/A,,,1
1759293209,any,76,N/A,IPv4,TCP,N/A,v4,10.10.10.109,10.10.10.68,1339,51088,N/A,N/A,N/A,N/A,,,1
1759293209,any,749,N/A,IPv4,TCP,N/A,v4,10.10.10.109,10.10.10.68,1339,51030,N/A,N/A,N/A,N/A,,,1
1759293209,any,68,N/A,IPv4,TCP,N/A,v4,10.10.10.109,10.10.10.68,1339,51030,N/A,N/A,N/A,N/A,,,1
1759293209,any,212,N/A,IPv4,TCP,N/A,v4,10.10.10.109,10.10.10.68,1339,51038,N/A,N/A,N/A,N/A,,,1
1759293209,any,68,N/A,IPv4,TCP,N/A,v4,10.10.10.68,10.10.10.109,51038,1339,N/A,N/A,N/A,N/A,,,1
1759293209,any,68,N/A,IPv4,TCP,N/A,v4,10.10.10.109,10.10.10.68,1339,51038,N/A,N/A,N/A,N/A,,,1
1759293209,any,76,N/A,IPv4,TCP,N/A,v4,10.10.10.68,10.10.10.109,51094,1339,N/A,N/A,N/A,N/A,,,1
1759293209,any,217,N/A,IPv4,TCP,N/A,v4,10.10.10.109,10.10.10.68,1339,51050,N/A,N/A,N/A,N/A,,,1
1759293209,any,209,N/A,IPv4,TCP,N/A,v4,10.10.10.68,10.10.10.109,51088,1339,N/A,N/A,N/A,N/A,,,1
1759293209,any,68,N/A,IPv4,TCP,N/A,v4,10.10.10.109,10.10.10.68,1339,51050,N/A,N/A,N/A,N/A,,,1
1759293209,any,68,N/A,IPv4,TCP,N/A,v4,10.10.10.109,10.10.10.68,1339,51088,N/A,N/A,N/A,N/A,,,1
1759293209,any,68,N/A,IPv4,TCP,N/A,v4,10.10.10.68,10.10.10.109,51050,1339,N/A,N/A,N/A,N/A,,,1
1759293209,any,68,N/A,IPv4,TCP,N/A,v4,10.10.10.109,10.10.10.68,1339,51050,N/A,N/A,N/A,N/A,,,1
1759293209,any,76,N/A,IPv4,TCP,N/A,v4,10.10.10.68,10.10.10.109,51100,1339,N/A,N/A,N/A,N/A,,,1
1759293209,any,76,N/A,IPv4,TCP,N/A,v4,10.10.10.109,10.10.10.68,1339,51100,N/A,N/A,N/A,N/A,,,1
1759293209,any,76,N/A,IPv4,TCP,N/A,v4,10.10.10.68,10.10.10.109,51106,1339,N/A,N/A,N/A,N/A,,,1
1759293209,any,223,N/A,IPv4,TCP,N/A,v4,10.10.10.109,10.10.10.68,1339,51062,N/A,N/A,N/A,N/A,,,1
1759293209,any,214,N/A,IPv4,TCP,N/A,v4,10.10.10.68,10.10.10.109,51100,1339,N/A,N/A,N/A,N/A,,,1
1759293209,any,209,N/A,IPv4,TCP,N/A,v4,10.10.10.68,10.10.10.109,51094,1339,N/A,N/A,N/A,N/A,,,1
1759293209,any,68,N/A,IPv4,TCP,N/A,v4,10.10.10.109,10.10.10.68,1339,51100,N/A,N/A,N/A,N/A,,,1
1759293209,any,68,N/A,IPv4,TCP,N/A,v4,10.10.10.109,10.10.10.68,1339,51094,N/A,N/A,N/A,N/A,,,1
1759293209,eth1,211,Ethernet,IPv4,TCP,N/A,v4,10.10.10.68,10.10.10.109,51086,1339,N/A,N/A,N/A,N/A,,,1
1759293209,eth1,66,Ethernet,IPv4,TCP,N/A,v4,10.10.10.109,10.10.10.68,1339,51086,N/A,N/A,N/A,N/A,,,1
1759293209,eth1,74,Ethernet,IPv4,TCP,N/A,v4,10.10.10.68,10.10.10.109,51088,1339,N/A,N/A,N/A,N/A,,,1
1759293209,eth1,74,Ethernet,IPv4,TCP,N/A,v4,10.10.10.109,10.10.10.68,1339,51088,N/A,N/A,N/A,N/A,,,1
1759293209,eth1,66,Ethernet,IPv4,TCP,N/A,v4,10.10.10.68,10.10.10.109,51088,1339,N/A,N/A,N/A,N/A,,,1
1759293209,eth1,220,Ethernet,IPv4,TCP,N/A,v4,10.10.10.109,10.10.10.68,1339,51030,N/A,N/A,N/A,N/A,,,1
1759293209,eth1,66,Ethernet,IPv4,TCP,N/A,v4,10.10.10.68,10.10.10.109,51030,1339,N/A,N/A,N/A,N/A,,,1
1759293209,eth1,747,Ethernet,IPv4,TCP,N/A,v4,10.10.10.109,10.10.10.68,1339,51030,N/A,N/A,N/A,N/A,,,1
1759293209,eth1,66,Ethernet,IPv4,TCP,N/A,v4,10.10.10.68,10.10.10.109,51030,1339,N/A,N/A,N/A,N/A,,,1
1759293209,eth1,66,Ethernet,IPv4,TCP,N/A,v4,10.10.10.109,10.10.10.68,1339,51030,N/A,N/A,N/A,N/A,,,1
1759293209,eth1,210,Ethernet,IPv4,TCP,N/A,v4,10.10.10.109,10.10.10.68,1339,51038,N/A,N/A,N/A,N/A,,,1
1759293209,eth1,66,Ethernet,IPv4,TCP,N/A,v4,10.10.10.109,10.10.10.68,1339,51038,N/A,N/A,N/A,N/A,,,1
1759293209,eth1,66,Ethernet,IPv4,TCP,N/A,v4,10.10.10.68,10.10.10.109,51038,1339,N/A,N/A,N/A,N/A,,,1
1759293209,eth1,66,Ethernet,IPv4,TCP,N/A,v4,10.10.10.68,10.10.10.109,51030,1339,N/A,N/A,N/A,N/A,,,1
1759293209,eth1,66,Ethernet,IPv4,TCP,N/A,v4,10.10.10.109,10.10.10.68,1339,51030,N/A,N/A,N/A,N/A,,,1
1759293209,eth1,66,Ethernet,IPv4,TCP,N/A,v4,10.10.10.68,10.10.10.109,51038,1339,N/A,N/A,N/A,N/A,,,1
1759293209,eth1,66,Ethernet,IPv4,TCP,N/A,v4,10.10.10.109,10.10.10.68,1339,51038,N/A,N/A,N/A,N/A,,,1
1759293209,eth1,74,Ethernet,IPv4,TCP,N/A,v4,10.10.10.68,10.10.10.109,51094,1339,N/A,N/A,N/A,N/A,,,1
1759293209,eth1,215,Ethernet,IPv4,TCP,N/A,v4,10.10.10.109,10.10.10.68,1339,51050,N/A,N/A,N/A,N/A,,,1
1759293209,eth1,66,Ethernet,IPv4,TCP,N/A,v4,10.10.10.68,10.10.10.109,51050,1339,N/A,N/A,N/A,N/A,,,1
1759293209,eth1,74,Ethernet,IPv4,TCP,N/A,v4,10.10.10.109,10.10.10.68,1339,51094,N/A,N/A,N/A,N/A,,,1
1759293209,eth1,207,Ethernet,IPv4,TCP,N/A,v4,10.10.10.68,10.10.10.109,51088,1339,N/A,N/A,N/A,N/A,,,1
1759293209,eth1,66,Ethernet,IPv4,TCP,N/A,v4,10.10.10.109,10.10.10.68,1339,51050,N/A,N/A,N/A,N/A,,,1
1759293209,eth1,66,Ethernet,IPv4,TCP,N/A,v4,10.10.10.109,10.10.10.68,1339,51088,N/A,N/A,N/A,N/A,,,1
1759293209,eth1,66,Ethernet,IPv4,TCP,N/A,v4,10.10.10.68,10.10.10.109,51050,1339,N/A,N/A,N/A,N/A,,,1
1759293209,eth1,66,Ethernet,IPv4,TCP,N/A,v4,10.10.10.109,10.10.10.68,1339,51050,N/A,N/A,N/A,N/A,,,1
1759293209,eth1,74,Ethernet,IPv4,TCP,N/A,v4,10.10.10.68,10.10.10.109,51100,1339,N/A,N/A,N/A,N/A,,,1
1759293209,eth1,74,Ethernet,IPv4,TCP,N/A,v4,10.10.10.109,10.10.10.68,1339,51100,N/A,N/A,N/A,N/A,,,1
1759293209,eth1,66,Ethernet,IPv4,TCP,N/A,v4,10.10.10.68,10.10.10.109,51100,1339,N/A,N/A,N/A,N/A,,,1
1759293209,eth1,74,Ethernet,IPv4,TCP,N/A,v4,10.10.10.68,10.10.10.109,51106,1339,N/A,N/A,N/A,N/A,,,1
1759293209,eth1,221,Ethernet,IPv4,TCP,N/A,v4,10.10.10.109,10.10.10.68,1339,51062,N/A,N/A,N/A,N/A,,,1
1759293209,eth1,1170,Ethernet,IPv4,TCP,N/A,v4,10.10.10.109,10.10.10.68,1339,51062,N/A,N/A,N/A,N/A,,,1
1759293209,eth1,66,Ethernet,IPv4,TCP,N/A,v4,10.10.10.68,10.10.10.109,51062,1339,N/A,N/A,N/A,N/A,,,1
1759293209,eth1,212,Ethernet,IPv4,TCP,N/A,v4,10.10.10.68,10.10.10.109,51100,1339,N/A,N/A,N/A,N/A,,,1
1759293209,eth1,207,Ethernet,IPv4,TCP,N/A,v4,10.10.10.68,10.10.10.109,51094,1339,N/A,N/A,N/A,N/A,,,1
1759293209,eth1,66,Ethernet,IPv4,TCP,N/A,v4,10.10.10.109,10.10.10.68,1339,51100,N/A,N/A,N/A,N/A,,,1
1759293209,eth1,66,Ethernet,IPv4,TCP,N/A,v4,10.10.10.109,10.10.10.68,1339,51094,N/A,N/A,N/A,N/A,,,1
1759293209,eth1,221,Ethernet,IPv4,TCP,N/A,v4,10.10.10.109,10.10.10.68,1339,51078,N/A,N/A,N/A,N/A,,,1
1759293209,eth1,1822,Ethernet,IPv4,TCP,N/A,v4,10.10.10.109,10.10.10.68,1339,51078,N/A,N/A,N/A,N/A,,,1
1759293209,eth1,66,Ethernet,IPv4,TCP,N/A,v4,10.10.10.68,10.10.10.109,51078,1339,N/A,N/A,N/A,N/A,,,1
1759293209,eth1,66,Ethernet,IPv4,TCP,N/A,v4,10.10.10.109,10.10.10.68,1339,51086,N/A,N/A,N/A,N/A,,,1
1759293209,eth1,66,Ethernet,IPv4,TCP,N/A,v4,10.10.10.68,10.10.10.109,51078,1339,N/A,N/A,N/A,N/A,,,1
1759293209,any,68,N/A,IPv4,TCP,N/A,v4,10.10.10.109,10.10.10.68,1339,51086,N/A,N/A,N/A,N/A,,,1
1759293209,any,68,N/A,IPv4,TCP,N/A,v4,10.10.10.68,10.10.10.109,51086,1339,N/A,N/A,N/A,N/A,,,1
1759293209,any,68,N/A,IPv4,TCP,N/A,v4,10.10.10.109,10.10.10.68,1339,51086,N/A,N/A,N/A,N/A,,,1
1759293209,any,76,N/A,IPv4,TCP,N/A,v4,10.10.10.68,10.10.10.109,51110,1339,N/A,N/A,N/A,N/A,,,1
1759293209,any,213,N/A,IPv4,TCP,N/A,v4,10.10.10.109,10.10.10.68,1339,51088,N/A,N/A,N/A,N/A,,,1
1759293209,any,208,N/A,IPv4,TCP,N/A,v4,10.10.10.68,10.10.10.109,51106,1339,N/A,N/A,N/A,N/A,,,1
1759293209,any,68,N/A,IPv4,TCP,N/A,v4,10.10.10.109,10.10.10.68,1339,51106,N/A,N/A,N/A,N/A,,,1
1759293209,any,68,N/A,IPv4,TCP,N/A,v4,10.10.10.68,10.10.10.109,51088,1339,N/A,N/A,N/A,N/A,,,1
1759293209,any,68,N/A,IPv4,TCP,N/A,v4,10.10.10.109,10.10.10.68,1339,51088,N/A,N/A,N/A,N/A,,,1
1759293209,any,76,N/A,IPv4,TCP,N/A,v4,10.10.10.68,10.10.10.109,51114,1339,N/A,N/A,N/A,N/A,,,1
1759293209,any,214,N/A,IPv4,TCP,N/A,v4,10.10.10.68,10.10.10.109,51110,1339,N/A,N/A,N/A,N/A,,,1
1759293209,any,210,N/A,IPv4,TCP,N/A,v4,10.10.10.68,10.10.10.109,51114,1339,N/A,N/A,N/A,N/A,,,1
1759293209,any,68,N/A,IPv4,TCP,N/A,v4,10.10.10.109,10.10.10.68,1339,51114,N/A,N/A,N/A,N/A,,,1
1759293209,any,76,N/A,IPv4,TCP,N/A,v4,10.10.10.68,10.10.10.109,51116,1339,N/A,N/A,N/A,N/A,,,1
1759293209,any,211,N/A,IPv4,TCP,N/A,v4,10.10.10.68,10.10.10.109,51116,1339,N/A,N/A,N/A,N/A,,,1
1759293209,any,68,N/A,IPv4,TCP,N/A,v4,10.10.10.109,10.10.10.68,1339,51116,N/A,N/A,N/A,N/A,,,1
1759293209,any,68,N/A,IPv4,TCP,N/A,v4,10.10.10.68,10.10.10.109,51094,1339,N/A,N/A,N/A,N/A,,,1
1759293209,any,68,N/A,IPv4,TCP,N/A,v4,10.10.10.68,10.10.10.109,51094,1339,N/A,N/A,N/A,N/A,,,1
1759293209,any,68,N/A,IPv4,TCP,N/A,v4,10.10.10.109,10.10.10.68,1339,51094,N/A,N/A,N/A,N/A,,,1
1759293209,any,223,N/A,IPv4,TCP,N/A,v4,10.10.10.109,10.10.10.68,1339,51100,N/A,N/A,N/A,N/A,,,1
1759293209,any,68,N/A,IPv4,TCP,N/A,v4,10.10.10.68,10.10.10.109,51100,1339,N/A,N/A,N/A,N/A,,,1
1759293209,any,212,N/A,IPv4,TCP,N/A,v4,10.10.10.109,10.10.10.68,1339,51106,N/A,N/A,N/A,N/A,,,1
1759293209,eth1,66,Ethernet,IPv4,TCP,N/A,v4,10.10.10.109,10.10.10.68,1339,51078,N/A,N/A,N/A,N/A,,,1
1759293209,eth1,66,Ethernet,IPv4,TCP,N/A,v4,10.10.10.68,10.10.10.109,51086,1339,N/A,N/A,N/A,N/A,,,1
1759293209,eth1,66,Ethernet,IPv4,TCP,N/A,v4,10.10.10.109,10.10.10.68,1339,51086,N/A,N/A,N/A,N/A,,,1
1759293209,eth1,74,Ethernet,IPv4,TCP,N/A,v4,10.10.10.68,10.10.10.109,51110,1339,N/A,N/A,N/A,N/A,,,1
1759293209,eth1,211,Ethernet,IPv4,TCP,N/A,v4,10.10.10.109,10.10.10.68,1339,51088,N/A,N/A,N/A,N/A,,,1
1759293209,eth1,66,Ethernet,IPv4,TCP,N/A,v4,10.10.10.109,10.10.10.68,1339,51088,N/A,N/A,N/A,N/A,,,1
1759293209,eth1,66,Ethernet,IPv4,TCP,N/A,v4,10.10.10.68,10.10.10.109,51088,1339,N/A,N/A,N/A,N/A,,,1
1759293209,eth1,74,Ethernet,IPv4,TCP,N/A,v4,10.10.10.109,10.10.10.68,1339,51110,N/A,N/A,N/A,N/A,,,1
1759293209,eth1,66,Ethernet,IPv4,TCP,N/A,v4,10.10.10.68,10.10.10.109,51110,1339,N/A,N/A,N/A,N/A,,,1
1759293209,eth1,206,Ethernet,IPv4,TCP,N/A,v4,10.10.10.68,10.10.10.109,51106,1339,N/A,N/A,N/A,N/A,,,1
1759293209,eth1,66,Ethernet,IPv4,TCP,N/A,v4,10.10.10.109,10.10.10.68,1339,51106,N/A,N/A,N/A,N/A,,,1
1759293209,eth1,66,Ethernet,IPv4,TCP,N/A,v4,10.10.10.68,10.10.10.109,51088,1339,N/A,N/A,N/A,N/A,,,1
1759293209,eth1,66,Ethernet,IPv4,TCP,N/A,v4,10.10.10.109,10.10.10.68,1339,51088,N/A,N/A,N/A,N/A,,,1
1759293209,eth1,74,Ethernet,IPv4,TCP,N/A,v4,10.10.10.68,10.10.10.109,51114,1339,N/A,N/A,N/A,N/A,,,1
1759293209,eth1,212,Ethernet,IPv4,TCP,N/A,v4,10.10.10.68,10.10.10.109,51110,1339,N/A,N/A,N/A,N/A,,,1
1759293209,eth1,74,Ethernet,IPv4,TCP,N/A,v4,10.10.10.109,10.10.10.68,1339,51114,N/A,N/A,N/A,N/A,,,1
1759293209,eth1,66,Ethernet,IPv4,TCP,N/A,v4,10.10.10.68,10.10.10.109,51114,1339,N/A,N/A,N/A,N/A,,,1
1759293209,eth1,66,Ethernet,IPv4,TCP,N/A,v4,10.10.10.109,10.10.10.68,1339,51110,N/A,N/A,N/A,N/A,,,1
1759293209,eth1,208,Ethernet,IPv4,TCP,N/A,v4,10.10.10.68,10.10.10.109,51114,1339,N/A,N/A,N/A,N/A,,,1
1759293209,eth1,66,Ethernet,IPv4,TCP,N/A,v4,10.10.10.109,10.10.10.68,1339,51114,N/A,N/A,N/A,N/A,,,1
1759293209,eth1,74,Ethernet,IPv4,TCP,N/A,v4,10.10.10.68,10.10.10.109,51116,1339,N/A,N/A,N/A,N/A,,,1
1759293209,eth1,74,Ethernet,IPv4,TCP,N/A,v4,10.10.10.109,10.10.10.68,1339,51116,N/A,N/A,N/A,N/A,,,1
1759293209,eth1,66,Ethernet,IPv4,TCP,N/A,v4,10.10.10.68,10.10.10.109,51116,1339,N/A,N/A,N/A,N/A,,,1
1759293209,eth1,209,Ethernet,IPv4,TCP,N/A,v4,10.10.10.68,10.10.10.109,51116,1339,N/A,N/A,N/A,N/A,,,1
1759293209,eth1,66,Ethernet,IPv4,TCP,N/A,v4,10.10.10.109,10.10.10.68,1339,51116,N/A,N/A,N/A,N/A,,,1
1759293209,eth1,221,Ethernet,IPv4,TCP,N/A,v4,10.10.10.109,10.10.10.68,1339,51094,N/A,N/A,N/A,N/A,,,1
1759293209,eth1,2647,Ethernet,IPv4,TCP,N/A,v4,10.10.10.109,10.10.10.68,1339,51094,N/A,N/A,N/A,N/A,,,1
1759293209,eth1,66,Ethernet,IPv4,TCP,N/A,v4,10.10.10.68,10.10.10.109,51094,1339,N/A,N/A,N/A,N/A,,,1
1759293209,eth0,56,Ethernet,IPv4,N/A,N/A,v4,172.30.0.89,224.0.0.22,N/A,N/A,N/A,N/A,N/A,N/A,,,1
1759293209,eth1,66,Ethernet,IPv4,TCP,N/A,v4,10.10.10.68,10.10.10.109,51094,1339,N/A,N/A,N/A,N/A,,,1
1759293209,eth1,66,Ethernet,IPv4,TCP,N/A,v4,10.10.10.68,10.10.10.109,51094,1339,N/A,N/A,N/A,N/A,,,1
1759293209,eth1,66,Ethernet,IPv4,TCP,N/A,v4,10.10.10.109,10.10.10.68,1339,51094,N/A,N/A,N/A,N/A,,,1
1759293209,eth1,221,Ethernet,IPv4,TCP,N/A,v4,10.10.10.109,10.10.10.68,1339,51100,N/A,N/A,N/A,N/A,,,1
1759293209,eth1,1514,Ethernet,IPv4,TCP,N/A,v4,10.10.10.109,10.10.10.68,1339,51100,N/A,N/A,N/A,N/A,,,1
1759293209,eth1,66,Ethernet,IPv4,TCP,N/A,v4,10.10.10.68,10.10.10.109,51100,1339,N/A,N/A,N/A,N/A,,,1
1759293209,eth1,66,Ethernet,IPv4,TCP,N/A,v4,10.10.10.68,10.10.10.109,51100,1339,N/A,N/A,N/A,N/A,,,1
1759293209,eth1,66,Ethernet,IPv4,TCP,N/A,v4,10.10.10.109,10.10.10.68,1339,51100,N/A,N/A,N/A,N/A,,,1
1759293209,eth1,210,Ethernet,IPv4,TCP,N/A,v4,10.10.10.109,10.10.10.68,1339,51106,N/A,N/A,N/A,N/A,,,1
1759293209,eth1,66,Ethernet,IPv4,TCP,N/A,v4,10.10.10.109,10.10.10.68,1339,51106,N/A,N/A,N/A,N/A,,,1
1759293209,eth1,66,Ethernet,IPv4,TCP,N/A,v4,10.10.10.68,10.10.10.109,51106,1339,N/A,N/A,N/A,N/A,,,1
1759293209,eth1,220,Ethernet,IPv4,TCP,N/A,v4,10.10.10.109,10.10.10.68,1339,51110,N/A,N/A,N/A,N/A,,,1
1759293209,eth1,701,Ethernet,IPv4,TCP,N/A,v4,10.10.10.109,10.10.10.68,1339,51110,N/A,N/A,N/A,N/A,,,1
1759293209,eth1,66,Ethernet,IPv4,TCP,N/A,v4,10.10.10.68,10.10.10.109,51110,1339,N/A,N/A,N/A,N/A,,,1
1759293209,eth1,66,Ethernet,IPv4,TCP,N/A,v4,10.10.10.68,10.10.10.109,51110,1339,N/A,N/A,N/A,N/A,,,1
1759293209,eth1,213,Ethernet,IPv4,TCP,N/A,v4,10.10.10.109,10.10.10.68,1339,51116,N/A,N/A,N/A,N/A,,,1
1759293209,eth1,66,Ethernet,IPv4,TCP,N/A,v4,10.10.10.109,10.10.10.68,1339,51116,N/A,N/A,N/A,N/A,,,1
1759293209,eth1,66,Ethernet,IPv4,TCP,N/A,v4,10.10.10.68,10.10.10.109,51116,1339,N/A,N/A,N/A,N/A,,,1
1759293209,eth1,66,Ethernet,IPv4,TCP,N/A,v4,10.10.10.68,10.10.10.109,51106,1339,N/A,N/A,N/A,N/A,,,1
1759293209,eth1,66,Ethernet,IPv4,TCP,N/A,v4,10.10.10.109,10.10.10.68,1339,51106,N/A,N/A,N/A,N/A,,,1
1759293209,eth1,74,Ethernet,IPv4,TCP,N/A,v4,10.10.10.68,10.10.10.109,51120,1339,N/A,N/A,N/A,N/A,,,1
1759293209,eth0,54,Ethernet,IPv4,N/A,N/A,v4,172.30.0.220,224.0.0.22,N/A,N/A,N/A,N/A,N/A,N/A,,,1
1759293209,eth0,90,Ethernet,IPv6,ICMP,N/A,v6,fe80::ecf9:eff:fefb:55,ff02::179,N/A,N/A,N/A,N/A,N/A,N/A,,,1
1759293209,eth1,74,Ethernet,IPv4,TCP,N/A,v4,10.10.10.109,10.10.10.68,1339,51120,N/A,N/A,N/A,N/A,,,1
1759293209,eth1,66,Ethernet,IPv4,TCP,N/A,v4,10.10.10.68,10.10.10.109,51120,1339,N/A,N/A,N/A,N/A,,,1
1759293209,eth1,66,Ethernet,IPv4,TCP,N/A,v4,10.10.10.68,10.10.10.109,51116,1339,N/A,N/A,N/A,N/A,,,1
1759293209,eth1,66,Ethernet,IPv4,TCP,N/A,v4,10.10.10.109,10.10.10.68,1339,51116,N/A,N/A,N/A,N/A,,,1
1759293209,eth1,66,Ethernet,IPv4,TCP,N/A,v4,10.10.10.68,10.10.10.109,51114,1339,N/A,N/A,N/A,N/A,,,1
1759293209,eth1,74,Ethernet,IPv4,TCP,N/A,v4,10.10.10.68,10.10.10.109,51136,1339,N/A,N/A,N/A,N/A,,,1
1759293209,eth1,74,Ethernet,IPv4,TCP,N/A,v4,10.10.10.109,10.10.10.68,1339,51136,N/A,N/A,N/A,N/A,,,1
1759293209,eth1,66,Ethernet,IPv4,TCP,N/A,v4,10.10.10.68,10.10.10.109,51136,1339,N/A,N/A,N/A,N/A,,,1
1759293209,eth1,74,Ethernet,IPv4,TCP,N/A,v4,10.10.10.68,10.10.10.109,51144,1339,N/A,N/A,N/A,N/A,,,1
1759293209,eth1,210,Ethernet,IPv4,TCP,N/A,v4,10.10.10.68,10.10.10.109,51136,1339,N/A,N/A,N/A,N/A,,,1
1759293209,eth1,74,Ethernet,IPv4,TCP,N/A,v4,10.10.10.109,10.10.10.68,1339,51144,N/A,N/A,N/A,N/A,,,1
1759293209,eth1,66,Ethernet,IPv4,TCP,N/A,v4,10.10.10.68,10.10.10.109,51144,1339,N/A,N/A,N/A,N/A,,,1
1759293209,eth1,74,Ethernet,IPv4,TCP,N/A,v4,10.10.10.68,10.10.10.109,51156,1339,N/A,N/A,N/A,N/A,,,1
1759293209,eth1,74,Ethernet,IPv4,TCP,N/A,v4,10.10.10.109,10.10.10.68,1339,51156,N/A,N/A,N/A,N/A,,,1
1759293209,eth1,66,Ethernet,IPv4,TCP,N/A,v4,10.10.10.68,10.10.10.109,51156,1339,N/A,N/A,N/A,N/A,,,1
1759293209,eth1,207,Ethernet,IPv4,TCP,N/A,v4,10.10.10.68,10.10.10.109,51120,1339,N/A,N/A,N/A,N/A,,,1
1759293209,eth1,204,Ethernet,IPv4,TCP,N/A,v4,10.10.10.68,10.10.10.109,51144,1339,N/A,N/A,N/A,N/A,,,1
1759293209,eth1,66,Ethernet,IPv4,TCP,N/A,v4,10.10.10.109,10.10.10.68,1339,51120,N/A,N/A,N/A,N/A,,,1
1759293209,eth1,205,Ethernet,IPv4,TCP,N/A,v4,10.10.10.68,10.10.10.109,51156,1339,N/A,N/A,N/A,N/A,,,1
1759293209,eth1,66,Ethernet,IPv4,TCP,N/A,v4,10.10.10.109,10.10.10.68,1339,51144,N/A,N/A,N/A,N/A,,,1
1759293209,eth1,66,Ethernet,IPv4,TCP,N/A,v4,10.10.10.109,10.10.10.68,1339,51156,N/A,N/A,N/A,N/A,,,1
1759293209,eth1,74,Ethernet,IPv4,TCP,N/A,v4,10.10.10.68,10.10.10.109,51170,1339,N/A,N/A,N/A,N/A,,,1
1759293209,eth1,221,Ethernet,IPv4,TCP,N/A,v4,10.10.10.109,10.10.10.68,1339,51120,N/A,N/A,N/A,N/A,,,1
1759293209,eth1,74,Ethernet,IPv4,TCP,N/A,v4,10.10.10.109,10.10.10.68,1339,51170,N/A,N/A,N/A,N/A,,,1
1759293209,eth1,66,Ethernet,IPv4,TCP,N/A,v4,10.10.10.68,10.10.10.109,51120,1339,N/A,N/A,N/A,N/A,,,1
1759293209,eth1,275,Ethernet,IPv4,TCP,N/A,v4,10.10.10.109,10.10.10.68,1339,51120,N/A,N/A,N/A,N/A,,,1
1759293209,any,68,N/A,IPv4,TCP,N/A,v4,10.10.10.68,10.10.10.109,51106,1339,N/A,N/A,N/A,N/A,,,1
1759293209,any,68,N/A,IPv4,TCP,N/A,v4,10.10.10.68,10.10.10.109,51116,1339,N/A,N/A,N/A,N/A,,,1
1759293209,any,223,N/A,IPv4,TCP,N/A,v4,10.10.10.109,10.10.10.68,1339,51120,N/A,N/A,N/A,N/A,,,1
1759293209,any,68,N/A,IPv4,TCP,N/A,v4,10.10.10.109,10.10.10.68,1339,51120,N/A,N/A,N/A,N/A,,,1
1759293209,any,214,N/A,IPv4,TCP,N/A,v4,10.10.10.68,10.10.10.109,51170,1339,N/A,N/A,N/A,N/A,,,1
1759293209,any,68,N/A,IPv4,TCP,N/A,v4,10.10.10.109,10.10.10.68,1339,51170,N/A,N/A,N/A,N/A,,,1
1759293209,any,68,N/A,IPv4,TCP,N/A,v4,10.10.10.109,10.10.10.68,1339,51136,N/A,N/A,N/A,N/A,,,1
1759293209,any,76,N/A,IPv4,TCP,N/A,v4,10.10.10.109,10.10.10.68,1339,51190,N/A,N/A,N/A,N/A,,,1
1759293209,any,207,N/A,IPv4,TCP,N/A,v4,10.10.10.68,10.10.10.109,51178,1339,N/A,N/A,N/A,N/A,,,1
1759293209,any,204,N/A,IPv4,TCP,N/A,v4,10.10.10.68,10.10.10.109,51190,1339,N/A,N/A,N/A,N/A,,,1
1759293209,any,68,N/A,IPv4,TCP,N/A,v4,10.10.10.109,10.10.10.68,1339,51190,N/A,N/A,N/A,N/A,,,1
1759293209,any,210,N/A,IPv4,TCP,N/A,v4,10.10.10.109,10.10.10.68,1339,51144,N/A,N/A,N/A,N/A,,,1
1759293209,any,68,N/A,IPv4,TCP,N/A,v4,10.10.10.109,10.10.10.68,1339,51144,N/A,N/A,N/A,N/A,,,1
1759293209,eth1,66,Ethernet,IPv4,TCP,N/A,v4,10.10.10.68,10.10.10.109,51120,1339,N/A,N/A,N/A,N/A,,,1
1759293209,eth1,66,Ethernet,IPv4,TCP,N/A,v4,10.10.10.109,10.10.10.68,1339,51120,N/A,N/A,N/A,N/A,,,1
1759293209,eth1,66,Ethernet,IPv4,TCP,N/A,v4,10.10.10.68,10.10.10.109,51120,1339,N/A,N/A,N/A,N/A,,,1
1759293209,eth1,66,Ethernet,IPv4,TCP,N/A,v4,10.10.10.109,10.10.10.68,1339,51120,N/A,N/A,N/A,N/A,,,1
1759293209,eth1,212,Ethernet,IPv4,TCP,N/A,v4,10.10.10.68,10.10.10.109,51170,1339,N/A,N/A,N/A,N/A,,,1
1759293209,eth1,66,Ethernet,IPv4,TCP,N/A,v4,10.10.10.109,10.10.10.68,1339,51170,N/A,N/A,N/A,N/A,,,1
1759293209,eth1,74,Ethernet,IPv4,TCP,N/A,v4,10.10.10.68,10.10.10.109,51178,1339,N/A,N/A,N/A,N/A,,,1
1759293209,eth1,221,Ethernet,IPv4,TCP,N/A,v4,10.10.10.109,10.10.10.68,1339,51136,N/A,N/A,N/A,N/A,,,1
1759293209,eth1,1270,Ethernet,IPv4,TCP,N/A,v4,10.10.10.109,10.10.10.68,1339,51136,N/A,N/A,N/A,N/A,,,1
1759293209,eth1,66,Ethernet,IPv4,TCP,N/A,v4,10.10.10.68,10.10.10.109,51136,1339,N/A,N/A,N/A,N/A,,,1
1759293209,eth1,66,Ethernet,IPv4,TCP,N/A,v4,10.10.10.68,10.10.10.109,51136,1339,N/A,N/A,N/A,N/A,,,1
1759293209,eth1,66,Ethernet,IPv4,TCP,N/A,v4,10.10.10.109,10.10.10.68,1339,51136,N/A,N/A,N/A,N/A,,,1
1759293209,eth1,74,Ethernet,IPv4,TCP,N/A,v4,10.10.10.68,10.10.10.109,51190,1339,N/A,N/A,N/A,N/A,,,1
1759293209,eth1,74,Ethernet,IPv4,TCP,N/A,v4,10.10.10.109,10.10.10.68,1339,51190,N/A,N/A,N/A,N/A,,,1
1759293209,eth1,66,Ethernet,IPv4,TCP,N/A,v4,10.10.10.68,10.10.10.109,51190,1339,N/A,N/A,N/A,N/A,,,1
1759293209,eth1,205,Ethernet,IPv4,TCP,N/A,v4,10.10.10.68,10.10.10.109,51178,1339,N/A,N/A,N/A,N/A,,,1
1759293209,eth1,66,Ethernet,IPv4,TCP,N/A,v4,10.10.10.109,10.10.10.68,1339,51178,N/A,N/A,N/A,N/A,,,1
1759293209,eth1,202,Ethernet,IPv4,TCP,N/A,v4,10.10.10.68,10.10.10.109,51190,1339,N/A,N/A,N/A,N/A,,,1
1759293209,eth1,66,Ethernet,IPv4,TCP,N/A,v4,10.10.10.109,10.10.10.68,1339,51190,N/A,N/A,N/A,N/A,,,1
1759293209,eth1,208,Ethernet,IPv4,TCP,N/A,v4,10.10.10.109,10.10.10.68,1339,51144,N/A,N/A,N/A,N/A,,,1
1759293209,eth1,66,Ethernet,IPv4,TCP,N/A,v4,10.10.10.68,10.10.10.109,51144,1339,N/A,N/A,N/A,N/A,,,1
1759293209,eth1,66,Ethernet,IPv4,TCP,N/A,v4,10.10.10.109,10.10.10.68,1339,51144,N/A,N/A,N/A,N/A,,,1
1759293209,eth1,66,Ethernet,IPv4,TCP,N/A,v4,10.10.10.68,10.10.10.109,51144,1339,N/A,N/A,N/A,N/A,,,1
1759293209,eth1,66,Ethernet,IPv4,TCP,N/A,v4,10.10.10.109,10.10.10.68,1339,51144,N/A,N/A,N/A,N/A,,,1
1759293209,eth1,209,Ethernet,IPv4,TCP,N/A,v4,10.10.10.109,10.10.10.68,1339,51156,N/A,N/A,N/A,N/A,,,1
1759293209,eth1,74,Ethernet,IPv4,TCP,N/A,v4,10.10.10.109,10.10.10.68,1339,51214,N/A,N/A,N/A,N/A,,,1
1759293209,eth1,66,Ethernet,IPv4,TCP,N/A,v4,10.10.10.68,10.10.10.109,51214,1339,N/A,N/A,N/A,N/A,,,1
1759293209,eth1,216,Ethernet,IPv4,TCP,N/A,v4,10.10.10.109,10.10.10.68,1339,51170,N/A,N/A,N/A,N/A,,,1
1759293209,any,68,N/A,IPv4,TCP,N/A,v4,10.10.10.68,10.10.10.109,51144,1339,N/A,N/A,N/A,N/A,,,1
1759293209,any,68,N/A,IPv4,TCP,N/A,v4,10.10.10.68,10.10.10.109,51170,1339,N/A,N/A,N/A,N/A,,,1
1759293209,any,215,N/A,IPv4,TCP,N/A,v4,10.10.10.68,10.10.10.109,51220,1339,N/A,N/A,N/A,N/A,,,1
1759293209,any,76,N/A,IPv4,TCP,N/A,v4,10.10.10.109,10.10.10.68,1339,51224,N/A,N/A,N/A,N/A,,,1
1759293209,any,68,N/A,IPv4,TCP,N/A,v4,10.10.10.109,10.10.10.68,1339,51220,N/A,N/A,N/A,N/A,,,1
1759293209,any,76,N/A,IPv4,TCP,N/A,v4,10.10.10.68,10.10.10.109,51238,1339,N/A,N/A,N/A,N/A,,,1
1759293209,any,76,N/A,IPv4,TCP,N/A,v4,10.10.10.109,10.10.10.68,1339,51238,N/A,N/A,N/A,N/A,,,1
1759293209,any,206,N/A,IPv4,TCP,N/A,v4,10.10.10.68,10.10.10.109,51238,1339,N/A,N/A,N/A,N/A,,,1
1759293209,any,68,N/A,IPv4,TCP,N/A,v4,10.10.10.109,10.10.10.68,1339,51238,N/A,N/A,N/A,N/A,,,1
1759293209,any,76,N/A,IPv4,TCP,N/A,v4,10.10.10.68,10.10.10.109,51246,1339,N/A,N/A,N/A,N/A,,,1
1759293209,any,76,N/A,IPv4,TCP,N/A,v4,10.10.10.68,10.10.10.109,51252,1339,N/A,N/A,N/A,N/A,,,1
1759293209,any,76,N/A,IPv4,TCP,N/A,v4,10.10.10.109,10.10.10.68,1339,51246,N/A,N/A,N/A,N/A,,,1
1759293209,any,76,N/A,IPv4,TCP,N/A,v4,10.10.10.109,10.10.10.68,1339,51252,N/A,N/A,N/A,N/A,,,1
1759293209,any,223,N/A,IPv4,TCP,N/A,v4,10.10.10.68,10.10.10.109,51246,1339,N/A,N/A,N/A,N/A,,,1
1759293209,any,208,N/A,IPv4,TCP,N/A,v4,10.10.10.109,10.10.10.68,1339,51190,N/A,N/A,N/A,N/A,,,1
1759293209,any,68,N/A,IPv4,TCP,N/A,v4,10.10.10.109,10.10.10.68,1339,51190,N/A,N/A,N/A,N/A,,,1
1759293209,any,69,N/A,IPv4,UDP,N/A,v4,172.30.0.89,224.0.0.252,5355,5355,N/A,N/A,N/A,N/A,,,1
1759293209,any,221,N/A,IPv4,TCP,N/A,v4,10.10.10.68,10.10.10.109,51252,1339,N/A,N/A,N/A,N/A,,,1
1759293209,any,76,N/A,IPv4,TCP,N/A,v4,10.10.10.68,10.10.10.109,51274,1339,N/A,N/A,N/A,N/A,,,1
1759293209,any,68,N/A,IPv4,TCP,N/A,v4,10.10.10.109,10.10.10.68,1339,51252,N/A,N/A,N/A,N/A,,,1
1759293209,any,76,N/A,IPv4,TCP,N/A,v4,10.10.10.68,10.10.10.109,51290,1339,N/A,N/A,N/A,N/A,,,1
1759293209,any,76,N/A,IPv4,TCP,N/A,v4,10.10.10.68,10.10.10.109,51292,1339,N/A,N/A,N/A,N/A,,,1
1759293209,any,76,N/A,IPv4,TCP,N/A,v4,10.10.10.68,10.10.10.109,51304,1339,N/A,N/A,N/A,N/A,,,1
1759293209,any,76,N/A,IPv4,TCP,N/A,v4,10.10.10.68,10.10.10.109,51310,1339,N/A,N/A,N/A,N/A,,,1
1759293209,any,76,N/A,IPv4,TCP,N/A,v4,10.10.10.68,10.10.10.109,51318,1339,N/A,N/A,N/A,N/A,,,1
1759293209,any,76,N/A,IPv4,TCP,N/A,v4,10.10.10.109,10.10.10.68,1339,51318,N/A,N/A,N/A,N/A,,,1
1759293209,any,206,N/A,IPv4,TCP,N/A,v4,10.10.10.68,10.10.10.109,51318,1339,N/A,N/A,N/A,N/A,,,1
1759293209,any,68,N/A,IPv4,TCP,N/A,v4,10.10.10.109,10.10.10.68,1339,51318,N/A,N/A,N/A,N/A,,,1
1759293209,eth1,66,Ethernet,IPv4,TCP,N/A,v4,10.10.10.68,10.10.10.109,51170,1339,N/A,N/A,N/A,N/A,,,1
1759293209,eth1,66,Ethernet,IPv4,TCP,N/A,v4,10.10.10.109,10.10.10.68,1339,51170,N/A,N/A,N/A,N/A,,,1
1759293209,eth1,209,Ethernet,IPv4,TCP,N/A,v4,10.10.10.109,10.10.10.68,1339,51178,N/A,N/A,N/A,N/A,,,1
1759293209,eth1,74,Ethernet,IPv4,TCP,N/A,v4,10.10.10.109,10.10.10.68,1339,51220,N/A,N/A,N/A,N/A,,,1
1759293209,eth1,205,Ethernet,IPv4,TCP,N/A,v4,10.10.10.68,10.10.10.109,51206,1339,N/A,N/A,N/A,N/A,,,1
1759293209,eth1,206,Ethernet,IPv4,TCP,N/A,v4,10.10.10.68,10.10.10.109,51214,1339,N/A,N/A,N/A,N/A,,,1
1759293209,eth0,67,Ethernet,IPv4,UDP,N/A,v4,172.30.0.89,224.0.0.252,5355,5355,N/A,N/A,N/A,N/A,,,1
1759293209,any,223,N/A,IPv4,TCP,N/A,v4,10.10.10.109,10.10.10.68,1339,51206,N/A,N/A,N/A,N/A,,,1
1759293209,any,1838,N/A,IPv4,TCP,N/A,v4,10.10.10.109,10.10.10.68,1339,51206,N/A,N/A,N/A,N/A,,,1
1759293209,any,68,N/A,IPv4,TCP,N/A,v4,10.10.10.68,10.10.10.109,51206,1339,N/A,N/A,N/A,N/A,,,1
1759293209,any,76,N/A,IPv4,TCP,N/A,v4,10.10.10.68,10.10.10.109,51320,1339,N/A,N/A,N/A,N/A,,,1
1759293209,eth1,66,Ethernet,IPv4,TCP,N/A,v4,10.10.10.109,10.10.10.68,1339,51206,N/A,N/A,N/A,N/A,,,1
1759293209,eth1,66,Ethernet,IPv4,TCP,N/A,v4,10.10.10.109,10.10.10.68,1339,51214,N/A,N/A,N/A,N/A,,,1
1759293209,eth1,66,Ethernet,IPv4,TCP,N/A,v4,10.10.10.68,10.10.10.109,51178,1339,N/A,N/A,N/A,N/A,,,1
1759293209,eth1,66,Ethernet,IPv4,TCP,N/A,v4,10.10.10.109,10.10.10.68,1339,51178,N/A,N/A,N/A,N/A,,,1
1759293209,eth1,213,Ethernet,IPv4,TCP,N/A,v4,10.10.10.68,10.10.10.109,51220,1339,N/A,N/A,N/A,N/A,,,1
1759293209,eth1,74,Ethernet,IPv4,TCP,N/A,v4,10.10.10.109,10.10.10.68,1339,51224,N/A,N/A,N/A,N/A,,,1
1759293209,eth1,66,Ethernet,IPv4,TCP,N/A,v4,10.10.10.68,10.10.10.109,51224,1339,N/A,N/A,N/A,N/A,,,1
1759293209,eth1,66,Ethernet,IPv4,TCP,N/A,v4,10.10.10.109,10.10.10.68,1339,51220,N/A,N/A,N/A,N/A,,,1
1759293209,eth1,206,Ethernet,IPv4,TCP,N/A,v4,10.10.10.68,10.10.10.109,51224,1339,N/A,N/A,N/A,N/A,,,1
1759293209,eth1,74,Ethernet,IPv4,TCP,N/A,v4,10.10.10.68,10.10.10.109,51238,1339,N/A,N/A,N/A,N/A,,,1
1759293209,eth1,66,Ethernet,IPv4,TCP,N/A,v4,10.10.10.109,10.10.10.68,1339,51224,N/A,N/A,N/A,N/A,,,1
1759293209,eth1,74,Ethernet,IPv4,TCP,N/A,v4,10.10.10.109,10.10.10.68,1339,51238,N/A,N/A,N/A,N/A,,,1
1759293209,eth1,66,Ethernet,IPv4,TCP,N/A,v4,10.10.10.68,10.10.10.109,51238,1339,N/A,N/A,N/A,N/A,,,1
1759293209,eth1,204,Ethernet,IPv4,TCP,N/A,v4,10.10.10.68,10.10.10.109,51238,1339,N/A,N/A,N/A,N/A,,,1
1759293209,eth1,66,Ethernet,IPv4,TCP,N/A,v4,10.10.10.109,10.10.10.68,1339,51238,N/A,N/A,N/A,N/A,,,1
1759293209,eth1,74,Ethernet,IPv4,TCP,N/A,v4,10.10.10.68,10.10.10.109,51246,1339,N/A,N/A,N/A,N/A,,,1
1759293209,eth1,74,Ethernet,IPv4,TCP,N/A,v4,10.10.10.68,10.10.10.109,51252,1339,N/A,N/A,N/A,N/A,,,1
1759293209,eth1,74,Ethernet,IPv4,TCP,N/A,v4,10.10.10.109,10.10.10.68,1339,51246,N/A,N/A,N/A,N/A,,,1
1759293209,eth1,66,Ethernet,IPv4,TCP,N/A,v4,10.10.10.68,10.10.10.109,51246,1339,N/A,N/A,N/A,N/A,,,1
1759293209,eth1,74,Ethernet,IPv4,TCP,N/A,v4,10.10.10.109,10.10.10.68,1339,51252,N/A,N/A,N/A,N/A,,,1
1759293209,eth1,66,Ethernet,IPv4,TCP,N/A,v4,10.10.10.68,10.10.10.109,51252,1339,N/A,N/A,N/A,N/A,,,1
1759293209,eth1,221,Ethernet,IPv4,TCP,N/A,v4,10.10.10.68,10.10.10.109,51246,1339,N/A,N/A,N/A,N/A,,,1
1759293209,eth1,206,Ethernet,IPv4,TCP,N/A,v4,10.10.10.109,10.10.10.68,1339,51190,N/A,N/A,N/A,N/A,,,1
1759293209,eth1,66,Ethernet,IPv4,TCP,N/A,v4,10.10.10.109,10.10.10.68,1339,51246,N/A,N/A,N/A,N/A,,,1
1759293209,eth1,66,Ethernet,IPv4,TCP,N/A,v4,10.10.10.68,10.10.10.109,51190,1339,N/A,N/A,N/A,N/A,,,1
1759293209,eth1,66,Ethernet,IPv4,TCP,N/A,v4,10.10.10.109,10.10.10.68,1339,51190,N/A,N/A,N/A,N/A,,,1
1759293209,eth1,66,Ethernet,IPv4,TCP,N/A,v4,10.10.10.68,10.10.10.109,51190,1339,N/A,N/A,N/A,N/A,,,1
1759293209,eth1,66,Ethernet,IPv4,TCP,N/A,v4,10.10.10.109,10.10.10.68,1339,51190,N/A,N/A,N/A,N/A,,,1
1759293209,eth1,74,Ethernet,IPv4,TCP,N/A,v4,10.10.10.68,10.10.10.109,51262,1339,N/A,N/A,N/A,N/A,,,1
1759293209,eth1,219,Ethernet,IPv4,TCP,N/A,v4,10.10.10.68,10.10.10.109,51252,1339,N/A,N/A,N/A,N/A,,,1
1759293209,eth1,74,Ethernet,IPv4,TCP,N/A,v4,10.10.10.68,10.10.10.109,51274,1339,N/A,N/A,N/A,N/A,,,1
1759293209,eth1,66,Ethernet,IPv4,TCP,N/A,v4,10.10.10.109,10.10.10.68,1339,51252,N/A,N/A,N/A,N/A,,,1
1759293209,eth1,74,Ethernet,IPv4,TCP,N/A,v4,10.10.10.68,10.10.10.109,51290,1339,N/A,N/A,N/A,N/A,,,1
1759293209,eth1,74,Ethernet,IPv4,TCP,N/A,v4,10.10.10.68,10.10.10.109,51292,1339,N/A,N/A,N/A,N/A,,,1
1759293209,eth1,74,Ethernet,IPv4,TCP,N/A,v4,10.10.10.68,10.10.10.109,51304,1339,N/A,N/A,N/A,N/A,,,1
1759293209,eth1,74,Ethernet,IPv4,TCP,N/A,v4,10.10.10.68,10.10.10.109,51310,1339,N/A,N/A,N/A,N/A,,,1
1759293209,eth1,74,Ethernet,IPv4,TCP,N/A,v4,10.10.10.68,10.10.10.109,51318,1339,N/A,N/A,N/A,N/A,,,1
1759293209,eth1,74,Ethernet,IPv4,TCP,N/A,v4,10.10.10.109,10.10.10.68,1339,51318,N/A,N/A,N/A,N/A,,,1
1759293209,eth1,66,Ethernet,IPv4,TCP,N/A,v4,10.10.10.68,10.10.10.109,51318,1339,N/A,N/A,N/A,N/A,,,1
1759293209,eth1,204,Ethernet,IPv4,TCP,N/A,v4,10.10.10.68,10.10.10.109,51318,1339,N/A,N/A,N/A,N/A,,,1
1759293209,eth1,66,Ethernet,IPv4,TCP,N/A,v4,10.10.10.109,10.10.10.68,1339,51318,N/A,N/A,N/A,N/A,,,1
1759293209,eth1,221,Ethernet,IPv4,TCP,N/A,v4,10.10.10.109,10.10.10.68,1339,51206,N/A,N/A,N/A,N/A,,,1
1759293209,eth1,66,Ethernet,IPv4,TCP,N/A,v4,10.10.10.68,10.10.10.109,51206,1339,N/A,N/A,N/A,N/A,,,1
1759293209,eth1,1836,Ethernet,IPv4,TCP,N/A,v4,10.10.10.109,10.10.10.68,1339,51206,N/A,N/A,N/A,N/A,,,1
1759293209,eth1,66,Ethernet,IPv4,TCP,N/A,v4,10.10.10.68,10.10.10.109,51206,1339,N/A,N/A,N/A,N/A,,,1
1759293209,eth0,87,Ethernet,IPv6,UDP,N/A,v6,fe80::ecf9:eff:fefb:55,ff02::1:52,5355,5355,N/A,N/A,N/A,N/A,,,1
1759293209,any,222,N/A,IPv4,TCP,N/A,v4,10.10.10.109,10.10.10.68,1339,51220,N/A,N/A,N/A,N/A,,,1
1759293209,any,223,N/A,IPv4,TCP,N/A,v4,10.10.10.109,10.10.10.68,1339,51224,N/A,N/A,N/A,N/A,,,1
1759293209,any,210,N/A,IPv4,TCP,N/A,v4,10.10.10.109,10.10.10.68,1339,51238,N/A,N/A,N/A,N/A,,,1
1759293209,any,68,N/A,IPv4,TCP,N/A,v4,10.10.10.68,10.10.10.109,51238,1339,N/A,N/A,N/A,N/A,,,1
1759293209,any,76,N/A,IPv4,TCP,N/A,v4,10.10.10.109,10.10.10.68,1339,51332,N/A,N/A,N/A,N/A,,,1
1759293209,any,227,N/A,IPv4,TCP,N/A,v4,10.10.10.109,10.10.10.68,1339,51246,N/A,N/A,N/A,N/A,,,1
1759293209,any,207,N/A,IPv4,TCP,N/A,v4,10.10.10.68,10.10.10.109,51332,1339,N/A,N/A,N/A,N/A,,,1
1759293209,any,224,N/A,IPv4,TCP,N/A,v4,10.10.10.68,10.10.10.109,51342,1339,N/A,N/A,N/A,N/A,,,1
1759293209,any,76,N/A,IPv4,TCP,N/A,v4,10.10.10.68,10.10.10.109,51352,1339,N/A,N/A,N/A,N/A,,,1
1759293209,any,76,N/A,IPv4,TCP,N/A,v4,10.10.10.109,10.10.10.68,1339,51352,N/A,N/A,N/A,N/A,,,1
1759293209,any,219,N/A,IPv4,TCP,N/A,v4,10.10.10.68,10.10.10.109,51352,1339,N/A,N/A,N/A,N/A,,,1
1759293209,any,68,N/A,IPv4,TCP,N/A,v4,10.10.10.109,10.10.10.68,1339,51352,N/A,N/A,N/A,N/A,,,1
1759293209,any,225,N/A,IPv4,TCP,N/A,v4,10.10.10.109,10.10.10.68,1339,51252,N/A,N/A,N/A,N/A,,,1
1759293209,any,76,N/A,IPv4,TCP,N/A,v4,10.10.10.109,10.10.10.68,1339,51356,N/A,N/A,N/A,N/A,,,1
1759293209,any,222,N/A,IPv4,TCP,N/A,v4,10.10.10.68,10.10.10.109,51356,1339,N/A,N/A,N/A,N/A,,,1
1759293209,eth1,66,Ethernet,IPv4,TCP,N/A,v4,10.10.10.109,10.10.10.68,1339,51206,N/A,N/A,N/A,N/A,,,1
1759293209,eth1,66,Ethernet,IPv4,TCP,N/A,v4,10.10.10.68,10.10.10.109,51206,1339,N/A,N/A,N/A,N/A,,,1
1759293209,eth1,66,Ethernet,IPv4,TCP,N/A,v4,10.10.10.109,10.10.10.68,1339,51206,N/A,N/A,N/A,N/A,,,1
1759293209,eth1,74,Ethernet,IPv4,TCP,N/A,v4,10.10.10.68,10.10.10.109,51320,1339,N/A,N/A,N/A,N/A,,,1
1759293209,eth1,220,Ethernet,IPv4,TCP,N/A,v4,10.10.10.109,10.10.10.68,1339,51214,N/A,N/A,N/A,N/A,,,1
1759293209,eth1,66,Ethernet,IPv4,TCP,N/A,v4,10.10.10.68,10.10.10.109,51214,1339,N/A,N/A,N/A,N/A,,,1
1759293209,eth1,476,Ethernet,IPv4,TCP,N/A,v4,10.10.10.109,10.10.10.68,1339,51214,N/A,N/A,N/A,N/A,,,1
1759293209,eth1,220,Ethernet,IPv4,TCP,N/A,v4,10.10.10.109,10.10.10.68,1339,51220,N/A,N/A,N/A,N/A,,,1
1759293209,eth1,66,Ethernet,IPv4,TCP,N/A,v4,10.10.10.68,10.10.10.109,51220,1339,N/A,N/A,N/A,N/A,,,1
1759293209,eth1,898,Ethernet,IPv4,TCP,N/A,v4,10.10.10.109,10.10.10.68,1339,51220,N/A,N/A,N/A,N/A,,,1
1759293209,eth1,221,Ethernet,IPv4,TCP,N/A,v4,10.10.10.109,10.10.10.68,1339,51224,N/A,N/A,N/A,N/A,,,1
1759293209,eth1,66,Ethernet,IPv4,TCP,N/A,v4,10.10.10.68,10.10.10.109,51224,1339,N/A,N/A,N/A,N/A,,,1
1759293209,eth1,1514,Ethernet,IPv4,TCP,N/A,v4,10.10.10.109,10.10.10.68,1339,51224,N/A,N/A,N/A,N/A,,,1
1759293209,eth1,208,Ethernet,IPv4,TCP,N/A,v4,10.10.10.109,10.10.10.68,1339,51238,N/A,N/A,N/A,N/A,,,1
1759293209,eth1,66,Ethernet,IPv4,TCP,N/A,v4,10.10.10.68,10.10.10.109,51238,1339,N/A,N/A,N/A,N/A,,,1
1759293209,eth1,66,Ethernet,IPv4,TCP,N/A,v4,10.10.10.109,10.10.10.68,1339,51238,N/A,N/A,N/A,N/A,,,1
1759293209,eth1,66,Ethernet,IPv4,TCP,N/A,v4,10.10.10.68,10.10.10.109,51238,1339,N/A,N/A,N/A,N/A,,,1
1759293209,eth1,205,Ethernet,IPv4,TCP,N/A,v4,10.10.10.68,10.10.10.109,51332,1339,N/A,N/A,N/A,N/A,,,1
1759293209,eth1,66,Ethernet,IPv4,TCP,N/A,v4,10.10.10.109,10.10.10.68,1339,51332,N/A,N/A,N/A,N/A,,,1
1759293209,eth1,66,Ethernet,IPv4,TCP,N/A,v4,10.10.10.68,10.10.10.109,51246,1339,N/A,N/A,N/A,N/A,,,1
1759293209,eth1,74,Ethernet,IPv4,TCP,N/A,v4,10.10.10.109,10.10.10.68,1339,51342,N/A,N/A,N/A,N/A,,,1
1759293209,eth1,74,Ethernet,IPv4,TCP,N/A,v4,10.10.10.68,10.10.10.109,51352,1339,N/A,N/A,N/A,N/A,,,1
1759293209,eth1,74,Ethernet,IPv4,TCP,N/A,v4,10.10.10.109,10.10.10.68,1339,51352,N/A,N/A,N/A,N/A,,,1
1759293209,eth1,66,Ethernet,IPv4,TCP,N/A,v4,10.10.10.68,10.10.10.109,51352,1339,N/A,N/A,N/A,N/A,,,1
1759293209,eth1,217,Ethernet,IPv4,TCP,N/A,v4,10.10.10.68,10.10.10.109,51352,1339,N/A,N/A,N/A,N/A,,,1
1759293209,eth1,66,Ethernet,IPv4,TCP,N/A,v4,10.10.10.109,10.10.10.68,1339,51352,N/A,N/A,N/A,N/A,,,1
1759293209,eth1,223,Ethernet,IPv4,TCP,N/A,v4,10.10.10.109,10.10.10.68,1339,51252,N/A,N/A,N/A,N/A,,,1
1759293209,eth1,66,Ethernet,IPv4,TCP,N/A,v4,10.10.10.68,10.10.10.109,51252,1339,N/A,N/A,N/A,N/A,,,1
1759293209,eth1,66,Ethernet,IPv4,TCP,N/A,v4,10.10.10.109,10.10.10.68,1339,51252,N/A,N/A,N/A,N/A,,,1
1759293209,eth1,66,Ethernet,IPv4,TCP,N/A,v4,10.10.10.68,10.10.10.109,51252,1339,N/A,N/A,N/A,N/A,,,1
1759293209,eth1,66,Ethernet,IPv4,TCP,N/A,v4,10.10.10.109,10.10.10.68,1339,51252,N/A,N/A,N/A,N/A,,,1
1759293209,eth1,74,Ethernet,IPv4,TCP,N/A,v4,10.10.10.109,10.10.10.68,1339,51356,N/A,N/A,N/A,N/A,,,1
1759293209,eth1,66,Ethernet,IPv4,TCP,N/A,v4,10.10.10.68,10.10.10.109,51356,1339,N/A,N/A,N/A,N/A,,,1
1759293209,eth1,220,Ethernet,IPv4,TCP,N/A,v4,10.10.10.68,10.10.10.109,51356,1339,N/A,N/A,N/A,N/A,,,1
1759293209,any,358,N/A,IPv4,UDP,N/A,v4,0.0.0.0,255.255.255.255,68,67,N/A,N/A,N/A,N/A,,,1
1759293209,eth0,356,Ethernet,IPv4,UDP,N/A,v4,0.0.0.0,255.255.255.255,68,67,N/A,N/A,N/A,N/A,,,1
1759293209,eth0,368,Ethernet,IPv4,UDP,N/A,v4,0.0.0.0,255.255.255.255,68,67,N/A,N/A,N/A,N/A,,,1
1759293209,eth1,66,Ethernet,IPv4,TCP,N/A,v4,10.10.10.109,10.10.10.68,1339,51356,N/A,N/A,N/A,N/A,,,1
1759293209,eth1,208,Ethernet,IPv4,TCP,N/A,v4,10.10.10.109,10.10.10.68,1339,51318,N/A,N/A,N/A,N/A,,,1
1759293209,eth1,66,Ethernet,IPv4,TCP,N/A,v4,10.10.10.68,10.10.10.109,51318,1339,N/A,N/A,N/A,N/A,,,1
1759293209,eth1,66,Ethernet,IPv4,TCP,N/A,v4,10.10.10.109,10.10.10.68,1339,51318,N/A,N/A,N/A,N/A,,,1
1759293209,eth1,74,Ethernet,IPv4,TCP,N/A,v4,10.10.10.109,10.10.10.68,1339,51372,N/A,N/A,N/A,N/A,,,1
1759293209,eth1,66,Ethernet,IPv4,TCP,N/A,v4,10.10.10.68,10.10.10.109,51372,1339,N/A,N/A,N/A,N/A,,,1
1759293209,eth1,205,Ethernet,IPv4,TCP,N/A,v4,10.10.10.68,10.10.10.109,51372,1339,N/A,N/A,N/A,N/A,,,1
1759293209,eth1,66,Ethernet,IPv4,TCP,N/A,v4,10.10.10.109,10.10.10.68,1339,51372,N/A,N/A,N/A,N/A,,,1
1759293209,eth1,220,Ethernet,IPv4,TCP,N/A,v4,10.10.10.109,10.10.10.68,1339,51332,N/A,N/A,N/A,N/A,,,1
1759293209,eth1,66,Ethernet,IPv4,TCP,N/A,v4,10.10.10.68,10.10.10.109,51332,1339,N/A,N/A,N/A,N/A,,,1
1759293209,eth1,723,Ethernet,IPv4,TCP,N/A,v4,10.10.10.109,10.10.10.68,1339,51332,N/A,N/A,N/A,N/A,,,1
1759293209,eth1,66,Ethernet,IPv4,TCP,N/A,v4,10.10.10.109,10.10.10.68,1339,51332,N/A,N/A,N/A,N/A,,,1
1759293209,eth1,74,Ethernet,IPv4,TCP,N/A,v4,10.10.10.68,10.10.10.109,51386,1339,N/A,N/A,N/A,N/A,,,1
1759293209,eth1,110,Ethernet,IPv6,ICMP,N/A,v6,fe80::103b:bdff:fef0:169,ff02::179,N/A,N/A,N/A,N/A,N/A,N/A,,,1
1759293209,eth1,74,Ethernet,IPv4,TCP,N/A,v4,10.10.10.109,10.10.10.68,1339,51386,N/A,N/A,N/A,N/A,,,1
1759293209,eth1,66,Ethernet,IPv4,TCP,N/A,v4,10.10.10.68,10.10.10.109,51386,1339,N/A,N/A,N/A,N/A,,,1
1759293209,eth1,216,Ethernet,IPv4,TCP,N/A,v4,10.10.10.68,10.10.10.109,51386,1339,N/A,N/A,N/A,N/A,,,1
1759293209,eth1,66,Ethernet,IPv4,TCP,N/A,v4,10.10.10.109,10.10.10.68,1339,51386,N/A,N/A,N/A,N/A,,,1
1759293209,eth1,221,Ethernet,IPv4,TCP,N/A,v4,10.10.10.109,10.10.10.68,1339,51342,N/A,N/A,N/A,N/A,,,1
1759293209,eth1,66,Ethernet,IPv4,TCP,N/A,v4,10.10.10.68,10.10.10.109,51342,1339,N/A,N/A,N/A,N/A,,,1
1759293209,eth1,1514,Ethernet,IPv4,TCP,N/A,v4,10.10.10.109,10.10.10.68,1339,51342,N/A,N/A,N/A,N/A,,,1
1759293209,eth1,74,Ethernet,IPv4,TCP,N/A,v4,10.10.10.109,10.10.10.68,1339,51394,N/A,N/A,N/A,N/A,,,1
1759293209,eth1,66,Ethernet,IPv4,TCP,N/A,v4,10.10.10.68,10.10.10.109,51394,1339,N/A,N/A,N/A,N/A,,,1
1759293209,eth1,218,Ethernet,IPv4,TCP,N/A,v4,10.10.10.68,10.10.10.109,51394,1339,N/A,N/A,N/A,N/A,,,1
1759293209,eth1,66,Ethernet,IPv4,TCP,N/A,v4,10.10.10.109,10.10.10.68,1339,51394,N/A,N/A,N/A,N/A,,,1
1759293209,eth1,221,Ethernet,IPv4,TCP,N/A,v4,10.10.10.109,10.10.10.68,1339,51356,N/A,N/A,N/A,N/A,,,1
1759293209,eth1,66,Ethernet,IPv4,TCP,N/A,v4,10.10.10.68,10.10.10.109,51356,1339,N/A,N/A,N/A,N/A,,,1
1759293209,eth1,1514,Ethernet,IPv4,TCP,N/A,v4,10.10.10.109,10.10.10.68,1339,51356,N/A,N/A,N/A,N/A,,,1
1759293209,eth1,74,Ethernet,IPv4,TCP,N/A,v4,10.10.10.68,10.10.10.109,51404,1339,N/A,N/A,N/A,N/A,,,1
1759293209,eth1,74,Ethernet,IPv4,TCP,N/A,v4,10.10.10.109,10.10.10.68,1339,51404,N/A,N/A,N/A,N/A,,,1
1759293209,eth1,66,Ethernet,IPv4,TCP,N/A,v4,10.10.10.68,10.10.10.109,51404,1339,N/A,N/A,N/A,N/A,,,1
1759293209,eth1,216,Ethernet,IPv4,TCP,N/A,v4,10.10.10.68,10.10.10.109,51404,1339,N/A,N/A,N/A,N/A,,,1
1759293209,eth1,66,Ethernet,IPv4,TCP,N/A,v4,10.10.10.109,10.10.10.68,1339,51404,N/A,N/A,N/A,N/A,,,1
1759293209,eth1,220,Ethernet,IPv4,TCP,N/A,v4,10.10.10.109,10.10.10.68,1339,51386,N/A,N/A,N/A,N/A,,,1
1759293209,eth1,66,Ethernet,IPv4,TCP,N/A,v4,10.10.10.68,10.10.10.109,51386,1339,N/A,N/A,N/A,N/A,,,1
1759293209,eth1,66,Ethernet,IPv4,TCP,N/A,v4,10.10.10.109,10.10.10.68,1339,51386,N/A,N/A,N/A,N/A,,,1
1759293209,eth1,66,Ethernet,IPv4,TCP,N/A,v4,10.10.10.68,10.10.10.109,51386,1339,N/A,N/A,N/A,N/A,,,1
1759293209,eth1,66,Ethernet,IPv4,TCP,N/A,v4,10.10.10.109,10.10.10.68,1339,51386,N/A,N/A,N/A,N/A,,,1
1759293209,eth1,74,Ethernet,IPv4,TCP,N/A,v4,10.10.10.109,10.10.10.68,1339,51416,N/A,N/A,N/A,N/A,,,1
1759293209,eth1,66,Ethernet,IPv4,TCP,N/A,v4,10.10.10.68,10.10.10.109,51416,1339,N/A,N/A,N/A,N/A,,,1
1759293209,any,210,N/A,IPv4,TCP,N/A,v4,10.10.10.109,10.10.10.68,1339,51318,N/A,N/A,N/A,N/A,,,1
1759293209,any,76,N/A,IPv4,TCP,N/A,v4,10.10.10.109,10.10.10.68,1339,51372,N/A,N/A,N/A,N/A,,,1
1759293209,any,207,N/A,IPv4,TCP,N/A,v4,10.10.10.68,10.10.10.109,51372,1339,N/A,N/A,N/A,N/A,,,1
1759293209,any,68,N/A,IPv4,TCP,N/A,v4,10.10.10.109,10.10.10.68,1339,51372,N/A,N/A,N/A,N/A,,,1
1759293209,any,222,N/A,IPv4,TCP,N/A,v4,10.10.10.109,10.10.10.68,1339,51332,N/A,N/A,N/A,N/A,,,1
1759293209,any,76,N/A,IPv4,TCP,N/A,v4,10.10.10.68,10.10.10.109,51386,1339,N/A,N/A,N/A,N/A,,,1
1759293209,any,112,N/A,IPv6,ICMP,N/A,v6,fe80::103b:bdff:fef0:169,ff02::179,N/A,N/A,N/A,N/A,N/A,N/A,,,1
1759293209,eth0,110,Ethernet,IPv6,ICMP,N/A,v6,fe80::ecf9:eff:fefb:55,ff02::179,N/A,N/A,N/A,N/A,N/A,N/A,,,1
1759293209,eth1,217,Ethernet,IPv4,TCP,N/A,v4,10.10.10.68,10.10.10.109,51416,1339,N/A,N/A,N/A,N/A,,,1
1759293209,eth1,66,Ethernet,IPv4,TCP,N/A,v4,10.10.10.109,10.10.10.68,1339,51416,N/A,N/A,N/A,N/A,,,1
1759293209,eth1,221,Ethernet,IPv4,TCP,N/A,v4,10.10.10.109,10.10.10.68,1339,51394,N/A,N/A,N/A,N/A,,,1
1759293209,eth1,66,Ethernet,IPv4,TCP,N/A,v4,10.10.10.68,10.10.10.109,51394,1339,N/A,N/A,N/A,N/A,,,1
1759293209,eth1,1514,Ethernet,IPv4,TCP,N/A,v4,10.10.10.109,10.10.10.68,1339,51394,N/A,N/A,N/A,N/A,,,1
1759293209,any,76,N/A,IPv4,TCP,N/A,v4,10.10.10.109,10.10.10.68,1339,51386,N/A,N/A,N/A,N/A,,,1
1759293209,any,218,N/A,IPv4,TCP,N/A,v4,10.10.10.68,10.10.10.109,51386,1339,N/A,N/A,N/A,N/A,,,1
1759293209,any,68,N/A,IPv4,TCP,N/A,v4,10.10.10.109,10.10.10.68,1339,51386,N/A,N/A,N/A,N/A,,,1
1759293209,any,76,N/A,IPv4,TCP,N/A,v4,10.10.10.109,10.10.10.68,1339,51394,N/A,N/A,N/A,N/A,,,1
1759293209,any,220,N/A,IPv4,TCP,N/A,v4,10.10.10.68,10.10.10.109,51394,1339,N/A,N/A,N/A,N/A,,,1
1759293209,any,223,N/A,IPv4,TCP,N/A,v4,10.10.10.109,10.10.10.68,1339,51356,N/A,N/A,N/A,N/A,,,1
1759293209,any,76,N/A,IPv4,TCP,N/A,v4,10.10.10.68,10.10.10.109,51404,1339,N/A,N/A,N/A,N/A,,,1
1759293209,any,76,N/A,IPv4,TCP,N/A,v4,10.10.10.109,10.10.10.68,1339,51404,N/A,N/A,N/A,N/A,,,1
1759293209,any,218,N/A,IPv4,TCP,N/A,v4,10.10.10.68,10.10.10.109,51404,1339,N/A,N/A,N/A,N/A,,,1
1759293209,any,68,N/A,IPv4,TCP,N/A,v4,10.10.10.109,10.10.10.68,1339,51404,N/A,N/A,N/A,N/A,,,1
1759293209,any,112,N/A,IPv6,ICMP,N/A,v6,fe80::ecf9:eff:fefb:55,ff02::179,N/A,N/A,N/A,N/A,N/A,N/A,,,1
1759293209,any,58,N/A,IPv4,N/A,N/A,v4,172.30.0.89,224.0.0.22,N/A,N/A,N/A,N/A,N/A,N/A,,,1
1759293209,any,222,N/A,IPv4,TCP,N/A,v4,10.10.10.109,10.10.10.68,1339,51386,N/A,N/A,N/A,N/A,,,1
1759293209,any,76,N/A,IPv4,TCP,N/A,v4,10.10.10.109,10.10.10.68,1339,51416,N/A,N/A,N/A,N/A,,,1
1759293209,any,219,N/A,IPv4,TCP,N/A,v4,10.10.10.68,10.10.10.109,51416,1339,N/A,N/A,N/A,N/A,,,1
1759293209,any,223,N/A,IPv4,TCP,N/A,v4,10.10.10.109,10.10.10.68,1339,51394,N/A,N/A,N/A,N/A,,,1
1759293209,eth0,56,Ethernet,IPv4,N/A,N/A,v4,172.30.0.89,224.0.0.22,N/A,N/A,N/A,N/A,N/A,N/A,,,1
1759293209,any,222,N/A,IPv4,TCP,N/A,v4,10.10.10.109,10.10.10.68,1339,51404,N/A,N/A,N/A,N/A,,,1
1759293209,eth1,220,Ethernet,IPv4,TCP,N/A,v4,10.10.10.109,10.10.10.68,1339,51404,N/A,N/A,N/A,N/A,,,1
1759293209,eth1,66,Ethernet,IPv4,TCP,N/A,v4,10.10.10.68,10.10.10.109,51404,1339,N/A,N/A,N/A,N/A,,,1
1759293209,eth1,66,Ethernet,IPv4,TCP,N/A,v4,10.10.10.109,10.10.10.68,1339,51404,N/A,N/A,N/A,N/A,,,1
1759293209,eth1,66,Ethernet,IPv4,TCP,N/A,v4,10.10.10.68,10.10.10.109,51404,1339,N/A,N/A,N/A,N/A,,,1
1759293209,eth1,66,Ethernet,IPv4,TCP,N/A,v4,10.10.10.109,10.10.10.68,1339,51404,N/A,N/A,N/A,N/A,,,1
1759293209,eth1,220,Ethernet,IPv4,TCP,N/A,v4,10.10.10.109,10.10.10.68,1339,51416,N/A,N/A,N/A,N/A,,,1
1759293209,eth1,66,Ethernet,IPv4,TCP,N/A,v4,10.10.10.68,10.10.10.109,51416,1339,N/A,N/A,N/A,N/A,,,1
1759293209,eth1,818,Ethernet,IPv4,TCP,N/A,v4,10.10.10.109,10.10.10.68,1339,51416,N/A,N/A,N/A,N/A,,,1
1759293209,eth1,66,Ethernet,IPv4,TCP,N/A,v4,10.10.10.68,10.10.10.109,51416,1339,N/A,N/A,N/A,N/A,,,1
1759293209,eth1,66,Ethernet,IPv4,TCP,N/A,v4,10.10.10.109,10.10.10.68,1339,51416,N/A,N/A,N/A,N/A,,,1
1759293209,eth1,66,Ethernet,IPv4,TCP,N/A,v4,10.10.10.68,10.10.10.109,51416,1339,N/A,N/A,N/A,N/A,,,1
1759293209,eth1,66,Ethernet,IPv4,TCP,N/A,v4,10.10.10.109,10.10.10.68,1339,51416,N/A,N/A,N/A,N/A,,,1
1759293209,eth1,74,Ethernet,IPv4,TCP,N/A,v4,10.10.10.68,10.10.10.109,51430,1339,N/A,N/A,N/A,N/A,,,1
1759293209,eth1,74,Ethernet,IPv4,TCP,N/A,v4,10.10.10.109,10.10.10.68,1339,51430,N/A,N/A,N/A,N/A,,,1
1759293209,eth1,66,Ethernet,IPv4,TCP,N/A,v4,10.10.10.68,10.10.10.109,51430,1339,N/A,N/A,N/A,N/A,,,1
1759293209,eth1,217,Ethernet,IPv4,TCP,N/A,v4,10.10.10.68,10.10.10.109,51430,1339,N/A,N/A,N/A,N/A,,,1
1759293209,eth1,66,Ethernet,IPv4,TCP,N/A,v4,10.10.10.109,10.10.10.68,1339,51430,N/A,N/A,N/A,N/A,,,1
1759293209,any,68,N/A,IPv4,TCP,N/A,v4,10.10.10.68,10.10.10.109,51404,1339,N/A,N/A,N/A,N/A,,,1
1759293209,any,68,N/A,IPv4,TCP,N/A,v4,10.10.10.109,10.10.10.68,1339,51404,N/A,N/A,N/A,N/A,,,1
1759293209,any,222,N/A,IPv4,TCP,N/A,v4,10.10.10.109,10.10.10.68,1339,51416,N/A,N/A,N/A,N/A,,,1
1759293209,any,820,N/A,IPv4,TCP,N/A,v4,10.10.10.109,10.10.10.68,1339,51416,N/A,N/A,N/A,N/A,,,1
1759293209,any,68,N/A,IPv4,TCP,N/A,v4,10.10.10.109,10.10.10.68,1339,51416,N/A,N/A,N/A,N/A,,,1
1759293209,any,68,N/A,IPv4,TCP,N/A,v4,10.10.10.68,10.10.10.109,51416,1339,N/A,N/A,N/A,N/A,,,1
1759293209,any,76,N/A,IPv4,TCP,N/A,v4,10.10.10.68,10.10.10.109,51430,1339,N/A,N/A,N/A,N/A,,,1
1759293209,any,76,N/A,IPv4,TCP,N/A,v4,10.10.10.109,10.10.10.68,1339,51430,N/A,N/A,N/A,N/A,,,1
1759293209,any,219,N/A,IPv4,TCP,N/A,v4,10.10.10.68,10.10.10.109,51430,1339,N/A,N/A,N/A,N/A,,,1
1759293209,eth0,56,Ethernet,N/A,N/A,N/A,N/A,N/A,N/A,N/A,N/A,N/A,N/A,N/A,N/A,,,1
1759293209,eth1,220,Ethernet,IPv4,TCP,N/A,v4,10.10.10.109,10.10.10.68,1339,51430,N/A,N/A,N/A,N/A,,,1
1759293209,eth1,66,Ethernet,IPv4,TCP,N/A,v4,10.10.10.68,10.10.10.109,51430,1339,N/A,N/A,N/A,N/A,,,1
1759293209,eth1,964,Ethernet,IPv4,TCP,N/A,v4,10.10.10.109,10.10.10.68,1339,51430,N/A,N/A,N/A,N/A,,,1
1759293209,eth1,66,Ethernet,IPv4,TCP,N/A,v4,10.10.10.68,10.10.10.109,51430,1339,N/A,N/A,N/A,N/A,,,1
1759293209,eth1,66,Ethernet,IPv4,TCP,N/A,v4,10.10.10.68,10.10.10.109,51430,1339,N/A,N/A,N/A,N/A,,,1
1759293209,eth1,66,Ethernet,IPv4,TCP,N/A,v4,10.10.10.109,10.10.10.68,1339,51430,N/A,N/A,N/A,N/A,,,1
1759293209,any,68,N/A,IPv4,TCP,N/A,v4,10.10.10.109,10.10.10.68,1339,51430,N/A,N/A,N/A,N/A,,,1
1759293209,any,58,ARP,N/A,N/A,N/A,N/A,N/A,N/A,N/A,N/A,1,2048,172.30.0.89,172.30.0.122,,,1
1759293209,any,222,N/A,IPv4,TCP,N/A,v4,10.10.10.109,10.10.10.68,1339,51430,N/A,N/A,N/A,N/A,,,1
1759293209,any,68,N/A,IPv4,TCP,N/A,v4,10.10.10.68,10.10.10.109,51430,1339,N/A,N/A,N/A,N/A,,,1
1759293209,any,68,N/A,IPv4,TCP,N/A,v4,10.10.10.68,10.10.10.109,51430,1339,N/A,N/A,N/A,N/A,,,1
1759293209,any,68,N/A,IPv4,TCP,N/A,v4,10.10.10.109,10.10.10.68,1339,51430,N/A,N/A,N/A,N/A,,,1
1759293209,any,58,N/A,IPv4,N/A,N/A,v4,172.30.0.89,224.0.0.22,N/A,N/A,N/A,N/A,N/A,N/A,,,1
1759293209,eth0,56,Ethernet,IPv4,N/A,N/A,v4,172.30.0.89,224.0.0.22,N/A,N/A,N/A,N/A,N/A,N/A,,,1
1759293209,eth1,74,Ethernet,IPv4,TCP,N/A,v4,10.10.10.68,10.10.10.109,50106,1339,N/A,N/A,N/A,N/A,,,1
1759293209,eth1,74,Ethernet,IPv4,TCP,N/A,v4,10.10.10.68,10.10.10.109,50068,1339,N/A,N/A,N/A,N/A,,,1
1759293209,eth1,74,Ethernet,IPv4,TCP,N/A,v4,10.10.10.68,10.10.10.109,50014,1339,N/A,N/A,N/A,N/A,,,1
1759293209,any,76,N/A,IPv4,TCP,N/A,v4,10.10.10.68,10.10.10.109,50106,1339,N/A,N/A,N/A,N/A,,,1
1759293209,eth1,74,Ethernet,IPv4,TCP,N/A,v4,10.10.10.109,10.10.10.68,1339,50106,N/A,N/A,N/A,N/A,,,1
1759293209,eth1,74,Ethernet,IPv4,TCP,N/A,v4,10.10.10.109,10.10.10.68,1339,50068,N/A,N/A,N/A,N/A,,,1
1759293209,eth1,74,Ethernet,IPv4,TCP,N/A,v4,10.10.10.109,10.10.10.68,1339,50014,N/A,N/A,N/A,N/A,,,1
1759293209,eth1,209,Ethernet,IPv4,TCP,N/A,v4,10.10.10.68,10.10.10.109,50106,1339,N/A,N/A,N/A,N/A,,,1
1759293209,eth1,209,Ethernet,IPv4,TCP,N/A,v4,10.10.10.68,10.10.10.109,50068,1339,N/A,N/A,N/A,N/A,,,1
1759293209,eth1,209,Ethernet,IPv4,TCP,N/A,v4,10.10.10.68,10.10.10.109,50014,1339,N/A,N/A,N/A,N/A,,,1
1759293209,eth1,66,Ethernet,IPv4,TCP,N/A,v4,10.10.10.109,10.10.10.68,1339,50106,N/A,N/A,N/A,N/A,,,1
1759293209,eth1,66,Ethernet,IPv4,TCP,N/A,v4,10.10.10.109,10.10.10.68,1339,50068,N/A,N/A,N/A,N/A,,,1
1759293209,eth1,66,Ethernet,IPv4,TCP,N/A,v4,10.10.10.109,10.10.10.68,1339,50014,N/A,N/A,N/A,N/A,,,1
1759293209,any,76,N/A,IPv4,TCP,N/A,v4,10.10.10.109,10.10.10.68,1339,50106,N/A,N/A,N/A,N/A,,,1
1759293209,any,211,N/A,IPv4,TCP,N/A,v4,10.10.10.68,10.10.10.109,50106,1339,N/A,N/A,N/A,N/A,,,1
1759293209,any,68,N/A,IPv4,TCP,N/A,v4,10.10.10.109,10.10.10.68,1339,50106,N/A,N/A,N/A,N/A,,,1
1759293209,any,68,N/A,IPv4,TCP,N/A,v4,10.10.10.109,10.10.10.68,1339,50068,N/A,N/A,N/A,N/A,,,1
1759293209,any,215,N/A,IPv4,TCP,N/A,v4,10.10.10.109,10.10.10.68,1339,50106,N/A,N/A,N/A,N/A,,,1
1759293209,any,68,N/A,IPv4,TCP,N/A,v4,10.10.10.109,10.10.10.68,1339,50106,N/A,N/A,N/A,N/A,,,1
1759293209,any,215,N/A,IPv4,TCP,N/A,v4,10.10.10.109,10.10.10.68,1339,50068,N/A,N/A,N/A,N/A,,,1
1759293209,any,68,N/A,IPv4,TCP,N/A,v4,10.10.10.109,10.10.10.68,1339,50068,N/A,N/A,N/A,N/A,,,1
1759293209,any,68,N/A,IPv4,TCP,N/A,v4,10.10.10.68,10.10.10.109,50068,1339,N/A,N/A,N/A,N/A,,,1
1759293209,any,212,N/A,IPv4,TCP,N/A,v4,10.10.10.68,10.10.10.109,51436,1339,N/A,N/A,N/A,N/A,,,1
1759293209,any,68,N/A,IPv4,TCP,N/A,v4,10.10.10.109,10.10.10.68,1339,50068,N/A,N/A,N/A,N/A,,,1
1759293209,any,76,N/A,IPv4,TCP,N/A,v4,10.10.10.109,10.10.10.68,1339,51442,N/A,N/A,N/A,N/A,,,1
1759293209,any,212,N/A,IPv4,TCP,N/A,v4,10.10.10.68,10.10.10.109,51442,1339,N/A,N/A,N/A,N/A,,,1
1759293209,any,68,N/A,IPv4,TCP,N/A,v4,10.10.10.109,10.10.10.68,1339,51442,N/A,N/A,N/A,N/A,,,1
1759293209,eth1,213,Ethernet,IPv4,TCP,N/A,v4,10.10.10.109,10.10.10.68,1339,50106,N/A,N/A,N/A,N/A,,,1
1759293209,eth1,66,Ethernet,IPv4,TCP,N/A,v4,10.10.10.68,10.10.10.109,50106,1339,N/A,N/A,N/A,N/A,,,1
1759293209,eth1,66,Ethernet,IPv4,TCP,N/A,v4,10.10.10.109,10.10.10.68,1339,50106,N/A,N/A,N/A,N/A,,,1
1759293209,eth1,66,Ethernet,IPv4,TCP,N/A,v4,10.10.10.68,10.10.10.109,50106,1339,N/A,N/A,N/A,N/A,,,1
1759293209,eth1,74,Ethernet,IPv4,TCP,N/A,v4,10.10.10.68,10.10.10.109,51436,1339,N/A,N/A,N/A,N/A,,,1
1759293209,eth1,213,Ethernet,IPv4,TCP,N/A,v4,10.10.10.109,10.10.10.68,1339,50068,N/A,N/A,N/A,N/A,,,1
1759293209,eth1,66,Ethernet,IPv4,TCP,N/A,v4,10.10.10.109,10.10.10.68,1339,50106,N/A,N/A,N/A,N/A,,,1
1759293209,eth1,66,Ethernet,IPv4,TCP,N/A,v4,10.10.10.68,10.10.10.109,50068,1339,N/A,N/A,N/A,N/A,,,1
1759293209,eth1,66,Ethernet,IPv4,TCP,N/A,v4,10.10.10.109,10.10.10.68,1339,50068,N/A,N/A,N/A,N/A,,,1
1759293209,eth1,74,Ethernet,IPv4,TCP,N/A,v4,10.10.10.109,10.10.10.68,1339,51436,N/A,N/A,N/A,N/A,,,1
1759293209,eth1,66,Ethernet,IPv4,TCP,N/A,v4,10.10.10.68,10.10.10.109,51436,1339,N/A,N/A,N/A,N/A,,,1
1759293209,eth1,66,Ethernet,IPv4,TCP,N/A,v4,10.10.10.68,10.10.10.109,50068,1339,N/A,N/A,N/A,N/A,,,1
1759293209,eth1,74,Ethernet,IPv4,TCP,N/A,v4,10.10.10.68,10.10.10.109,51442,1339,N/A,N/A,N/A,N/A,,,1
1759293209,eth1,210,Ethernet,IPv4,TCP,N/A,v4,10.10.10.68,10.10.10.109,51436,1339,N/A,N/A,N/A,N/A,,,1
1759293209,eth1,66,Ethernet,IPv4,TCP,N/A,v4,10.10.10.109,10.10.10.68,1339,50068,N/A,N/A,N/A,N/A,,,1
1759293209,eth1,74,Ethernet,IPv4,TCP,N/A,v4,10.10.10.109,10.10.10.68,1339,51442,N/A,N/A,N/A,N/A,,,1
1759293209,eth1,66,Ethernet,IPv4,TCP,N/A,v4,10.10.10.109,10.10.10.68,1339,51436,N/A,N/A,N/A,N/A,,,1
1759293209,eth1,66,Ethernet,IPv4,TCP,N/A,v4,10.10.10.68,10.10.10.109,51442,1339,N/A,N/A,N/A,N/A,,,1
1759293209,eth1,210,Ethernet,IPv4,TCP,N/A,v4,10.10.10.68,10.10.10.109,51442,1339,N/A,N/A,N/A,N/A,,,1
1759293209,eth1,66,Ethernet,IPv4,TCP,N/A,v4,10.10.10.109,10.10.10.68,1339,51442,N/A,N/A,N/A,N/A,,,1
1759293209,eth1,213,Ethernet,IPv4,TCP,N/A,v4,10.10.10.109,10.10.10.68,1339,50014,N/A,N/A,N/A,N/A,,,1
1759293209,eth1,66,Ethernet,IPv4,TCP,N/A,v4,10.10.10.68,10.10.10.109,50014,1339,N/A,N/A,N/A,N/A,,,1
1759293209,eth1,66,Ethernet,IPv4,TCP,N/A,v4,10.10.10.109,10.10.10.68,1339,50014,N/A,N/A,N/A,N/A,,,1
1759293209,eth1,66,Ethernet,IPv4,TCP,N/A,v4,10.10.10.68,10.10.10.109,50014,1339,N/A,N/A,N/A,N/A,,,1
1759293209,eth1,66,Ethernet,IPv4,TCP,N/A,v4,10.10.10.109,10.10.10.68,1339,50014,N/A,N/A,N/A,N/A,,,1
1759293209,eth1,74,Ethernet,IPv4,TCP,N/A,v4,10.10.10.68,10.10.10.109,51448,1339,N/A,N/A,N/A,N/A,,,1
1759293209,eth1,74,Ethernet,IPv4,TCP,N/A,v4,10.10.10.109,10.10.10.68,1339,51448,N/A,N/A,N/A,N/A,,,1
1759293209,eth1,66,Ethernet,IPv4,TCP,N/A,v4,10.10.10.68,10.10.10.109,51448,1339,N/A,N/A,N/A,N/A,,,1
1759293209,eth1,210,Ethernet,IPv4,TCP,N/A,v4,10.10.10.68,10.10.10.109,51448,1339,N/A,N/A,N/A,N/A,,,1
1759293209,eth1,66,Ethernet,IPv4,TCP,N/A,v4,10.10.10.109,10.10.10.68,1339,51448,N/A,N/A,N/A,N/A,,,1
1759293209,eth1,220,Ethernet,IPv4,TCP,N/A,v4,10.10.10.109,10.10.10.68,1339,51436,N/A,N/A,N/A,N/A,,,1
1759293209,eth1,486,Ethernet,IPv4,TCP,N/A,v4,10.10.10.109,10.10.10.68,1339,51436,N/A,N/A,N/A,N/A,,,1
1759293209,eth1,66,Ethernet,IPv4,TCP,N/A,v4,10.10.10.68,10.10.10.109,51436,1339,N/A,N/A,N/A,N/A,,,1
1759293209,any,215,N/A,IPv4,TCP,N/A,v4,10.10.10.109,10.10.10.68,1339,50014,N/A,N/A,N/A,N/A,,,1
1759293209,any,68,N/A,IPv4,TCP,N/A,v4,10.10.10.68,10.10.10.109,50014,1339,N/A,N/A,N/A,N/A,,,1
1759293209,any,76,N/A,IPv4,TCP,N/A,v4,10.10.10.109,10.10.10.68,1339,51448,N/A,N/A,N/A,N/A,,,1
1759293209,any,212,N/A,IPv4,TCP,N/A,v4,10.10.10.68,10.10.10.109,51448,1339,N/A,N/A,N/A,N/A,,,1
1759293209,any,68,N/A,IPv4,TCP,N/A,v4,10.10.10.109,10.10.10.68,1339,51448,N/A,N/A,N/A,N/A,,,1
1759293209,any,222,N/A,IPv4,TCP,N/A,v4,10.10.10.109,10.10.10.68,1339,51436,N/A,N/A,N/A,N/A,,,1
1759293209,any,222,N/A,IPv4,TCP,N/A,v4,10.10.10.109,10.10.10.68,1339,51442,N/A,N/A,N/A,N/A,,,1
1759293209,any,68,N/A,IPv4,TCP,N/A,v4,10.10.10.68,10.10.10.109,51442,1339,N/A,N/A,N/A,N/A,,,1
1759293209,any,68,N/A,IPv4,TCP,N/A,v4,10.10.10.109,10.10.10.68,1339,51442,N/A,N/A,N/A,N/A,,,1
1759293209,any,223,N/A,IPv4,TCP,N/A,v4,10.10.10.109,10.10.10.68,1339,51448,N/A,N/A,N/A,N/A,,,1
1759293209,eth1,66,Ethernet,IPv4,TCP,N/A,v4,10.10.10.68,10.10.10.109,51436,1339,N/A,N/A,N/A,N/A,,,1
1759293209,eth1,66,Ethernet,IPv4,TCP,N/A,v4,10.10.10.109,10.10.10.68,1339,51436,N/A,N/A,N/A,N/A,,,1
1759293209,eth1,220,Ethernet,IPv4,TCP,N/A,v4,10.10.10.109,10.10.10.68,1339,51442,N/A,N/A,N/A,N/A,,,1
1759293209,eth1,456,Ethernet,IPv4,TCP,N/A,v4,10.10.10.109,10.10.10.68,1339,51442,N/A,N/A,N/A,N/A,,,1
1759293209,eth1,66,Ethernet,IPv4,TCP,N/A,v4,10.10.10.68,10.10.10.109,51442,1339,N/A,N/A,N/A,N/A,,,1
1759293209,eth1,66,Ethernet,IPv4,TCP,N/A,v4,10.10.10.68,10.10.10.109,51442,1339,N/A,N/A,N/A,N/A,,,1
1759293209,eth1,66,Ethernet,IPv4,TCP,N/A,v4,10.10.10.109,10.10.10.68,1339,51442,N/A,N/A,N/A,N/A,,,1
1759293209,eth1,221,Ethernet,IPv4,TCP,N/A,v4,10.10.10.109,10.10.10.68,1339,51448,N/A,N/A,N/A,N/A,,,1
1759293209,eth1,1878,Ethernet,IPv4,TCP,N/A,v4,10.10.10.109,10.10.10.68,1339,51448,N/A,N/A,N/A,N/A,,,1
1759293209,eth1,66,Ethernet,IPv4,TCP,N/A,v4,10.10.10.68,10.10.10.109,51448,1339,N/A,N/A,N/A,N/A,,,1
1759293209,eth1,66,Ethernet,IPv4,TCP,N/A,v4,10.10.10.68,10.10.10.109,51448,1339,N/A,N/A,N/A,N/A,,,1
1759293209,eth1,66,Ethernet,IPv4,TCP,N/A,v4,10.10.10.68,10.10.10.109,51448,1339,N/A,N/A,N/A,N/A,,,1
1759293209,eth1,66,Ethernet,IPv4,TCP,N/A,v4,10.10.10.109,10.10.10.68,1339,51448,N/A,N/A,N/A,N/A,,,1
1759293209,eth1,74,Ethernet,IPv4,TCP,N/A,v4,10.10.10.68,10.10.10.109,51458,1339,N/A,N/A,N/A,N/A,,,1
1759293209,any,76,N/A,IPv4,TCP,N/A,v4,10.10.10.68,10.10.10.109,51458,1339,N/A,N/A,N/A,N/A,,,1
1759293209,any,76,N/A,IPv4,TCP,N/A,v4,10.10.10.109,10.10.10.68,1339,51458,N/A,N/A,N/A,N/A,,,1
1759293209,any,218,N/A,IPv4,TCP,N/A,v4,10.10.10.68,10.10.10.109,51458,1339,N/A,N/A,N/A,N/A,,,1
1759293209,any,68,N/A,IPv4,TCP,N/A,v4,10.10.10.109,10.10.10.68,1339,51458,N/A,N/A,N/A,N/A,,,1
1759293209,any,222,N/A,IPv4,TCP,N/A,v4,10.10.10.109,10.10.10.68,1339,51458,N/A,N/A,N/A,N/A,,,1
1759293209,any,68,N/A,IPv4,TCP,N/A,v4,10.10.10.68,10.10.10.109,51458,1339,N/A,N/A,N/A,N/A,,,1
1759293209,any,76,N/A,IPv4,TCP,N/A,v4,10.10.10.68,10.10.10.109,51470,1339,N/A,N/A,N/A,N/A,,,1
1759293209,any,68,N/A,IPv4,TCP,N/A,v4,10.10.10.109,10.10.10.68,1339,51458,N/A,N/A,N/A,N/A,,,1
1759293209,any,76,N/A,IPv4,TCP,N/A,v4,10.10.10.109,10.10.10.68,1339,51470,N/A,N/A,N/A,N/A,,,1
1759293209,any,219,N/A,IPv4,TCP,N/A,v4,10.10.10.68,10.10.10.109,51470,1339,N/A,N/A,N/A,N/A,,,1
1759293209,any,68,N/A,IPv4,TCP,N/A,v4,10.10.10.109,10.10.10.68,1339,51470,N/A,N/A,N/A,N/A,,,1
1759293209,eth1,74,Ethernet,IPv4,TCP,N/A,v4,10.10.10.109,10.10.10.68,1339,51458,N/A,N/A,N/A,N/A,,,1
1759293209,eth1,66,Ethernet,IPv4,TCP,N/A,v4,10.10.10.68,10.10.10.109,51458,1339,N/A,N/A,N/A,N/A,,,1
1759293209,eth1,216,Ethernet,IPv4,TCP,N/A,v4,10.10.10.68,10.10.10.109,51458,1339,N/A,N/A,N/A,N/A,,,1
1759293209,eth1,66,Ethernet,IPv4,TCP,N/A,v4,10.10.10.109,10.10.10.68,1339,51458,N/A,N/A,N/A,N/A,,,1
1759293209,eth1,220,Ethernet,IPv4,TCP,N/A,v4,10.10.10.109,10.10.10.68,1339,51458,N/A,N/A,N/A,N/A,,,1
1759293209,eth1,66,Ethernet,IPv4,TCP,N/A,v4,10.10.10.109,10.10.10.68,1339,51458,N/A,N/A,N/A,N/A,,,1
1759293209,eth1,66,Ethernet,IPv4,TCP,N/A,v4,10.10.10.68,10.10.10.109,51458,1339,N/A,N/A,N/A,N/A,,,1
1759293209,eth1,66,Ethernet,IPv4,TCP,N/A,v4,10.10.10.68,10.10.10.109,51458,1339,N/A,N/A,N/A,N/A,,,1
1759293209,eth1,74,Ethernet,IPv4,TCP,N/A,v4,10.10.10.68,10.10.10.109,51470,1339,N/A,N/A,N/A,N/A,,,1
1759293209,eth1,66,Ethernet,IPv4,TCP,N/A,v4,10.10.10.109,10.10.10.68,1339,51458,N/A,N/A,N/A,N/A,,,1
1759293209,eth1,74,Ethernet,IPv4,TCP,N/A,v4,10.10.10.109,10.10.10.68,1339,51470,N/A,N/A,N/A,N/A,,,1
1759293209,eth1,66,Ethernet,IPv4,TCP,N/A,v4,10.10.10.68,10.10.10.109,51470,1339,N/A,N/A,N/A,N/A,,,1
1759293209,eth1,217,Ethernet,IPv4,TCP,N/A,v4,10.10.10.68,10.10.10.109,51470,1339,N/A,N/A,N/A,N/A,,,1
1759293209,eth1,66,Ethernet,IPv4,TCP,N/A,v4,10.10.10.109,10.10.10.68,1339,51470,N/A,N/A,N/A,N/A,,,1
1759293209,eth1,220,Ethernet,IPv4,TCP,N/A,v4,10.10.10.109,10.10.10.68,1339,51470,N/A,N/A,N/A,N/A,,,1
1759293209,eth1,619,Ethernet,IPv4,TCP,N/A,v4,10.10.10.109,10.10.10.68,1339,51470,N/A,N/A,N/A,N/A,,,1
1759293209,eth1,66,Ethernet,IPv4,TCP,N/A,v4,10.10.10.68,10.10.10.109,51470,1339,N/A,N/A,N/A,N/A,,,1
1759293209,eth1,66,Ethernet,IPv4,TCP,N/A,v4,10.10.10.68,10.10.10.109,51470,1339,N/A,N/A,N/A,N/A,,,1
1759293209,eth1,66,Ethernet,IPv4,TCP,N/A,v4,10.10.10.68,10.10.10.109,51470,1339,N/A,N/A,N/A,N/A,,,1
1759293209,eth1,66,Ethernet,IPv4,TCP,N/A,v4,10.10.10.109,10.10.10.68,1339,51470,N/A,N/A,N/A,N/A,,,1
1759293209,any,222,N/A,IPv4,TCP,N/A,v4,10.10.10.109,10.10.10.68,1339,51470,N/A,N/A,N/A,N/A,,,1
1759293209,any,68,N/A,IPv4,TCP,N/A,v4,10.10.10.68,10.10.10.109,51470,1339,N/A,N/A,N/A,N/A,,,1
1759293209,any,68,N/A,IPv4,TCP,N/A,v4,10.10.10.109,10.10.10.68,1339,51470,N/A,N/A,N/A,N/A,,,1
1759293209,any,72,N/A,IPv6,ICMP,N/A,v6,fe80::dcac:f9ff:fe59:60,ff02::204,N/A,N/A,N/A,N/A,N/A,N/A,,,1
1759293209,eth2,70,Ethernet,IPv6,ICMP,N/A,v6,fe80::dcac:f9ff:fe59:60,ff02::204,N/A,N/A,N/A,N/A,N/A,N/A,,,1
1759293209,eth1,70,Ethernet,IPv6,ICMP,N/A,v6,fe80::f056:abff:fe65:143,ff02::204,N/A,N/A,N/A,N/A,N/A,N/A,,,1
1759293209,eth0,70,Ethernet,IPv6,ICMP,N/A,v6,fe80::e48e:99ff:fe5f:147,ff02::204,N/A,N/A,N/A,N/A,N/A,N/A,,,1
1759293209,any,112,N/A,IPv6,ICMP,N/A,v6,fe80::103b:bdff:fef0:169,ff02::179,N/A,N/A,N/A,N/A,N/A,N/A,,,1
1759293209,eth1,110,Ethernet,IPv6,ICMP,N/A,v6,fe80::103b:bdff:fef0:169,ff02::179,N/A,N/A,N/A,N/A,N/A,N/A,,,1
1759293209,any,112,N/A,IPv6,ICMP,N/A,v6,fe80::dcac:f9ff:fe59:60,ff02::179,N/A,N/A,N/A,N/A,N/A,N/A,,,1
1759293209,eth2,110,Ethernet,IPv6,ICMP,N/A,v6,fe80::dcac:f9ff:fe59:60,ff02::179,N/A,N/A,N/A,N/A,N/A,N/A,,,1
1759293209,eth1,110,Ethernet,IPv6,ICMP,N/A,v6,fe80::f056:abff:fe65:143,ff02::179,N/A,N/A,N/A,N/A,N/A,N/A,,,1
1759293209,any,112,N/A,IPv6,ICMP,N/A,v6,fe80::f056:abff:fe65:143,ff02::179,N/A,N/A,N/A,N/A,N/A,N/A,,,1
1759293209,eth0,111,Ethernet,N/A,N/A,N/A,N/A,N/A,N/A,N/A,N/A,N/A,N/A,N/A,N/A,,,1
1759293209,any,113,N/A,N/A,N/A,N/A,N/A,N/A,N/A,N/A,N/A,N/A,N/A,N/A,N/A,,,1
1759293209,any,76,N/A,IPv4,TCP,N/A,v4,10.10.10.68,10.10.10.109,50734,1339,N/A,N/A,N/A,N/A,,,1
1759293209,eth1,74,Ethernet,IPv4,TCP,N/A,v4,10.10.10.68,10.10.10.109,50734,1339,N/A,N/A,N/A,N/A,,,1
1759293209,eth1,74,Ethernet,IPv4,TCP,N/A,v4,10.10.10.68,10.10.10.109,50716,1339,N/A,N/A,N/A,N/A,,,1
1759293209,eth1,74,Ethernet,IPv4,TCP,N/A,v4,10.10.10.68,10.10.10.109,50712,1339,N/A,N/A,N/A,N/A,,,1
1759293209,any,76,N/A,IPv4,TCP,N/A,v4,10.10.10.109,10.10.10.68,1339,50734,N/A,N/A,N/A,N/A,,,1
1759293209,any,208,N/A,IPv4,TCP,N/A,v4,10.10.10.109,10.10.10.68,1339,50734,N/A,N/A,N/A,N/A,,,1
1759293209,any,205,N/A,IPv4,TCP,N/A,v4,10.10.10.68,10.10.10.109,51476,1339,N/A,N/A,N/A,N/A,,,1
1759293209,any,68,N/A,IPv4,TCP,N/A,v4,10.10.10.109,10.10.10.68,1339,51476,N/A,N/A,N/A,N/A,,,1
1759293209,any,211,N/A,IPv4,TCP,N/A,v4,10.10.10.109,10.10.10.68,1339,50712,N/A,N/A,N/A,N/A,,,1
1759293209,any,76,N/A,IPv4,TCP,N/A,v4,10.10.10.109,10.10.10.68,1339,51494,N/A,N/A,N/A,N/A,,,1
1759293209,any,208,N/A,IPv4,TCP,N/A,v4,10.10.10.68,10.10.10.109,51494,1339,N/A,N/A,N/A,N/A,,,1
1759293209,any,68,N/A,IPv4,TCP,N/A,v4,10.10.10.109,10.10.10.68,1339,51494,N/A,N/A,N/A,N/A,,,1
1759293209,eth1,74,Ethernet,IPv4,TCP,N/A,v4,10.10.10.109,10.10.10.68,1339,50734,N/A,N/A,N/A,N/A,,,1
1759293209,eth1,74,Ethernet,IPv4,TCP,N/A,v4,10.10.10.109,10.10.10.68,1339,50716,N/A,N/A,N/A,N/A,,,1
1759293209,eth1,74,Ethernet,IPv4,TCP,N/A,v4,10.10.10.109,10.10.10.68,1339,50712,N/A,N/A,N/A,N/A,,,1
1759293209,eth1,66,Ethernet,IPv4,TCP,N/A,v4,10.10.10.109,10.10.10.68,1339,50700,N/A,N/A,N/A,N/A,,,1
1759293209,eth1,66,Ethernet,IPv4,TCP,N/A,v4,10.10.10.109,10.10.10.68,1339,50694,N/A,N/A,N/A,N/A,,,1
1759293209,eth1,206,Ethernet,IPv4,TCP,N/A,v4,10.10.10.109,10.10.10.68,1339,50734,N/A,N/A,N/A,N/A,,,1
1759293209,eth1,66,Ethernet,IPv4,TCP,N/A,v4,10.10.10.109,10.10.10.68,1339,50734,N/A,N/A,N/A,N/A,,,1
1759293209,eth1,66,Ethernet,IPv4,TCP,N/A,v4,10.10.10.68,10.10.10.109,50734,1339,N/A,N/A,N/A,N/A,,,1
1759293209,eth1,206,Ethernet,IPv4,TCP,N/A,v4,10.10.10.109,10.10.10.68,1339,50716,N/A,N/A,N/A,N/A,,,1
1759293209,eth1,66,Ethernet,IPv4,TCP,N/A,v4,10.10.10.109,10.10.10.68,1339,50716,N/A,N/A,N/A,N/A,,,1
1759293209,eth1,66,Ethernet,IPv4,TCP,N/A,v4,10.10.10.68,10.10.10.109,50716,1339,N/A,N/A,N/A,N/A,,,1
1759293209,eth1,203,Ethernet,IPv4,TCP,N/A,v4,10.10.10.68,10.10.10.109,51476,1339,N/A,N/A,N/A,N/A,,,1
1759293209,eth1,74,Ethernet,IPv4,TCP,N/A,v4,10.10.10.109,10.10.10.68,1339,51488,N/A,N/A,N/A,N/A,,,1
1759293209,eth1,66,Ethernet,IPv4,TCP,N/A,v4,10.10.10.68,10.10.10.109,51488,1339,N/A,N/A,N/A,N/A,,,1
1759293209,eth1,66,Ethernet,IPv4,TCP,N/A,v4,10.10.10.109,10.10.10.68,1339,51476,N/A,N/A,N/A,N/A,,,1
1759293209,eth1,209,Ethernet,IPv4,TCP,N/A,v4,10.10.10.109,10.10.10.68,1339,50712,N/A,N/A,N/A,N/A,,,1
1759293209,eth1,66,Ethernet,IPv4,TCP,N/A,v4,10.10.10.68,10.10.10.109,50712,1339,N/A,N/A,N/A,N/A,,,1
1759293209,eth1,203,Ethernet,IPv4,TCP,N/A,v4,10.10.10.68,10.10.10.109,51488,1339,N/A,N/A,N/A,N/A,,,1
1759293209,eth1,74,Ethernet,IPv4,TCP,N/A,v4,10.10.10.109,10.10.10.68,1339,51494,N/A,N/A,N/A,N/A,,,1
1759293209,eth1,66,Ethernet,IPv4,TCP,N/A,v4,10.10.10.68,10.10.10.109,51494,1339,N/A,N/A,N/A,N/A,,,1
1759293209,eth1,206,Ethernet,IPv4,TCP,N/A,v4,10.10.10.68,10.10.10.109,51494,1339,N/A,N/A,N/A,N/A,,,1
1759293209,eth1,66,Ethernet,IPv4,TCP,N/A,v4,10.10.10.109,10.10.10.68,1339,51494,N/A,N/A,N/A,N/A,,,1
1759293209,eth1,204,Ethernet,IPv4,TCP,N/A,v4,10.10.10.109,10.10.10.68,1339,50700,N/A,N/A,N/A,N/A,,,1
1759293209,eth1,66,Ethernet,IPv4,TCP,N/A,v4,10.10.10.109,10.10.10.68,1339,50700,N/A,N/A,N/A,N/A,,,1
1759293209,eth1,66,Ethernet,IPv4,TCP,N/A,v4,10.10.10.68,10.10.10.109,50700,1339,N/A,N/A,N/A,N/A,,,1
1759293209,eth1,66,Ethernet,IPv4,TCP,N/A,v4,10.10.10.109,10.10.10.68,1339,50700,N/A,N/A,N/A,N/A,,,1
1759293209,eth1,74,Ethernet,IPv4,TCP,N/A,v4,10.10.10.109,10.10.10.68,1339,51510,N/A,N/A,N/A,N/A,,,1
1759293209,eth1,66,Ethernet,IPv4,TCP,N/A,v4,10.10.10.68,10.10.10.109,51510,1339,N/A,N/A,N/A,N/A,,,1
1759293209,eth1,201,Ethernet,IPv4,TCP,N/A,v4,10.10.10.68,10.10.10.109,51510,1339,N/A,N/A,N/A,N/A,,,1
1759293209,eth1,66,Ethernet,IPv4,TCP,N/A,v4,10.10.10.109,10.10.10.68,1339,51510,N/A,N/A,N/A,N/A,,,1
1759293209,eth1,209,Ethernet,IPv4,TCP,N/A,v4,10.10.10.109,10.10.10.68,1339,50694,N/A,N/A,N/A,N/A,,,1
1759293209,eth1,66,Ethernet,IPv4,TCP,N/A,v4,10.10.10.109,10.10.10.68,1339,50694,N/A,N/A,N/A,N/A,,,1
1759293209,eth1,66,Ethernet,IPv4,TCP,N/A,v4,10.10.10.68,10.10.10.109,50694,1339,N/A,N/A,N/A,N/A,,,1
1759293209,eth1,74,Ethernet,IPv4,TCP,N/A,v4,10.10.10.109,10.10.10.68,1339,51514,N/A,N/A,N/A,N/A,,,1
1759293209,eth1,66,Ethernet,IPv4,TCP,N/A,v4,10.10.10.68,10.10.10.109,51514,1339,N/A,N/A,N/A,N/A,,,1
1759293209,eth1,206,Ethernet,IPv4,TCP,N/A,v4,10.10.10.68,10.10.10.109,51514,1339,N/A,N/A,N/A,N/A,,,1
1759293209,eth1,66,Ethernet,IPv4,TCP,N/A,v4,10.10.10.109,10.10.10.68,1339,51514,N/A,N/A,N/A,N/A,,,1
1759293209,any,206,N/A,IPv4,TCP,N/A,v4,10.10.10.109,10.10.10.68,1339,50700,N/A,N/A,N/A,N/A,,,1
1759293209,any,76,N/A,IPv4,TCP,N/A,v4,10.10.10.109,10.10.10.68,1339,51510,N/A,N/A,N/A,N/A,,,1
1759293209,any,203,N/A,IPv4,TCP,N/A,v4,10.10.10.68,10.10.10.109,51510,1339,N/A,N/A,N/A,N/A,,,1
1759293209,any,68,N/A,IPv4,TCP,N/A,v4,10.10.10.109,10.10.10.68,1339,51510,N/A,N/A,N/A,N/A,,,1
1759293209,any,211,N/A,IPv4,TCP,N/A,v4,10.10.10.109,10.10.10.68,1339,50694,N/A,N/A,N/A,N/A,,,1
1759293209,any,76,N/A,IPv4,TCP,N/A,v4,10.10.10.109,10.10.10.68,1339,51514,N/A,N/A,N/A,N/A,,,1
1759293209,any,68,N/A,IPv4,TCP,N/A,v4,10.10.10.109,10.10.10.68,1339,51514,N/A,N/A,N/A,N/A,,,1
1759293209,any,223,N/A,IPv4,TCP,N/A,v4,10.10.10.109,10.10.10.68,1339,51476,N/A,N/A,N/A,N/A,,,1
1759293209,any,68,N/A,IPv4,TCP,N/A,v4,10.10.10.68,10.10.10.109,51476,1339,N/A,N/A,N/A,N/A,,,1
1759293209,eth1,221,Ethernet,IPv4,TCP,N/A,v4,10.10.10.109,10.10.10.68,1339,51476,N/A,N/A,N/A,N/A,,,1
1759293209,eth1,1198,Ethernet,IPv4,TCP,N/A,v4,10.10.10.109,10.10.10.68,1339,51476,N/A,N/A,N/A,N/A,,,1
1759293209,eth1,66,Ethernet,IPv4,TCP,N/A,v4,10.10.10.68,10.10.10.109,51476,1339,N/A,N/A,N/A,N/A,,,1
1759293209,eth1,66,Ethernet,IPv4,TCP,N/A,v4,10.10.10.68,10.10.10.109,51476,1339,N/A,N/A,N/A,N/A,,,1
1759293209,eth1,66,Ethernet,IPv4,TCP,N/A,v4,10.10.10.68,10.10.10.109,51476,1339,N/A,N/A,N/A,N/A,,,1
1759293209,eth1,66,Ethernet,IPv4,TCP,N/A,v4,10.10.10.109,10.10.10.68,1339,51476,N/A,N/A,N/A,N/A,,,1
1759293209,any,222,N/A,IPv4,TCP,N/A,v4,10.10.10.109,10.10.10.68,1339,51488,N/A,N/A,N/A,N/A,,,1
1759293209,any,68,N/A,IPv4,TCP,N/A,v4,10.10.10.68,10.10.10.109,51488,1339,N/A,N/A,N/A,N/A,,,1
1759293209,any,76,N/A,IPv4,TCP,N/A,v4,10.10.10.68,10.10.10.109,51528,1339,N/A,N/A,N/A,N/A,,,1
1759293209,any,76,N/A,IPv4,TCP,N/A,v4,10.10.10.68,10.10.10.109,51532,1339,N/A,N/A,N/A,N/A,,,1
1759293209,any,216,N/A,IPv4,TCP,N/A,v4,10.10.10.68,10.10.10.109,51528,1339,N/A,N/A,N/A,N/A,,,1
1759293209,any,68,N/A,IPv4,TCP,N/A,v4,10.10.10.109,10.10.10.68,1339,51528,N/A,N/A,N/A,N/A,,,1
1759293209,any,209,N/A,IPv4,TCP,N/A,v4,10.10.10.68,10.10.10.109,51532,1339,N/A,N/A,N/A,N/A,,,1
1759293209,any,68,N/A,IPv4,TCP,N/A,v4,10.10.10.109,10.10.10.68,1339,51532,N/A,N/A,N/A,N/A,,,1
1759293209,eth1,220,Ethernet,IPv4,TCP,N/A,v4,10.10.10.109,10.10.10.68,1339,51488,N/A,N/A,N/A,N/A,,,1
1759293209,eth1,676,Ethernet,IPv4,TCP,N/A,v4,10.10.10.109,10.10.10.68,1339,51488,N/A,N/A,N/A,N/A,,,1
1759293209,eth1,66,Ethernet,IPv4,TCP,N/A,v4,10.10.10.68,10.10.10.109,51488,1339,N/A,N/A,N/A,N/A,,,1
1759293209,eth1,66,Ethernet,IPv4,TCP,N/A,v4,10.10.10.68,10.10.10.109,51488,1339,N/A,N/A,N/A,N/A,,,1
1759293209,eth1,66,Ethernet,IPv4,TCP,N/A,v4,10.10.10.68,10.10.10.109,51488,1339,N/A,N/A,N/A,N/A,,,1
1759293209,eth1,74,Ethernet,IPv4,TCP,N/A,v4,10.10.10.68,10.10.10.109,51528,1339,N/A,N/A,N/A,N/A,,,1
1759293209,eth1,74,Ethernet,IPv4,TCP,N/A,v4,10.10.10.68,10.10.10.109,51532,1339,N/A,N/A,N/A,N/A,,,1
1759293209,eth1,66,Ethernet,IPv4,TCP,N/A,v4,10.10.10.109,10.10.10.68,1339,51488,N/A,N/A,N/A,N/A,,,1
1759293209,eth1,74,Ethernet,IPv4,TCP,N/A,v4,10.10.10.109,10.10.10.68,1339,51528,N/A,N/A,N/A,N/A,,,1
1759293209,eth1,214,Ethernet,IPv4,TCP,N/A,v4,10.10.10.68,10.10.10.109,51528,1339,N/A,N/A,N/A,N/A,,,1
1759293209,eth1,74,Ethernet,IPv4,TCP,N/A,v4,10.10.10.109,10.10.10.68,1339,51532,N/A,N/A,N/A,N/A,,,1
1759293209,eth1,66,Ethernet,IPv4,TCP,N/A,v4,10.10.10.68,10.10.10.109,51532,1339,N/A,N/A,N/A,N/A,,,1
1759293209,eth1,207,Ethernet,IPv4,TCP,N/A,v4,10.10.10.68,10.10.10.109,51532,1339,N/A,N/A,N/A,N/A,,,1
1759293209,eth1,66,Ethernet,IPv4,TCP,N/A,v4,10.10.10.109,10.10.10.68,1339,51532,N/A,N/A,N/A,N/A,,,1
1759293209,eth1,220,Ethernet,IPv4,TCP,N/A,v4,10.10.10.109,10.10.10.68,1339,51494,N/A,N/A,N/A,N/A,,,1
1759293209,eth1,66,Ethernet,IPv4,TCP,N/A,v4,10.10.10.68,10.10.10.109,51494,1339,N/A,N/A,N/A,N/A,,,1
1759293209,eth1,936,Ethernet,IPv4,TCP,N/A,v4,10.10.10.109,10.10.10.68,1339,51494,N/A,N/A,N/A,N/A,,,1
1759293209,eth1,66,Ethernet,IPv4,TCP,N/A,v4,10.10.10.68,10.10.10.109,51494,1339,N/A,N/A,N/A,N/A,,,1
1759293209,eth1,66,Ethernet,IPv4,TCP,N/A,v4,10.10.10.109,10.10.10.68,1339,51494,N/A,N/A,N/A,N/A,,,1
1759293209,eth1,74,Ethernet,IPv4,TCP,N/A,v4,10.10.10.68,10.10.10.109,51540,1339,N/A,N/A,N/A,N/A,,,1
1759293209,eth1,74,Ethernet,IPv4,TCP,N/A,v4,10.10.10.68,10.10.10.109,51546,1339,N/A,N/A,N/A,N/A,,,1
1759293209,eth1,220,Ethernet,IPv4,TCP,N/A,v4,10.10.10.109,10.10.10.68,1339,51510,N/A,N/A,N/A,N/A,,,1
1759293209,eth1,450,Ethernet,IPv4,TCP,N/A,v4,10.10.10.109,10.10.10.68,1339,51510,N/A,N/A,N/A,N/A,,,1
1759293209,eth1,66,Ethernet,IPv4,TCP,N/A,v4,10.10.10.68,10.10.10.109,51510,1339,N/A,N/A,N/A,N/A,,,1
1759293209,eth1,217,Ethernet,IPv4,TCP,N/A,v4,10.10.10.68,10.10.10.109,51546,1339,N/A,N/A,N/A,N/A,,,1
1759293209,any,222,N/A,IPv4,TCP,N/A,v4,10.10.10.109,10.10.10.68,1339,51494,N/A,N/A,N/A,N/A,,,1
1759293209,any,68,N/A,IPv4,TCP,N/A,v4,10.10.10.68,10.10.10.109,51494,1339,N/A,N/A,N/A,N/A,,,1
1759293209,any,68,N/A,IPv4,TCP,N/A,v4,10.10.10.109,10.10.10.68,1339,51494,N/A,N/A,N/A,N/A,,,1
1759293209,any,76,N/A,IPv4,TCP,N/A,v4,10.10.10.68,10.10.10.109,51540,1339,N/A,N/A,N/A,N/A,,,1
1759293209,any,76,N/A,IPv4,TCP,N/A,v4,10.10.10.68,10.10.10.109,51546,1339,N/A,N/A,N/A,N/A,,,1
1759293209,any,222,N/A,IPv4,TCP,N/A,v4,10.10.10.109,10.10.10.68,1339,51510,N/A,N/A,N/A,N/A,,,1
1759293209,any,219,N/A,IPv4,TCP,N/A,v4,10.10.10.68,10.10.10.109,51546,1339,N/A,N/A,N/A,N/A,,,1
1759293209,any,216,N/A,IPv4,TCP,N/A,v4,10.10.10.68,10.10.10.109,51540,1339,N/A,N/A,N/A,N/A,,,1
1759293209,any,223,N/A,IPv4,TCP,N/A,v4,10.10.10.109,10.10.10.68,1339,51514,N/A,N/A,N/A,N/A,,,1
1759293209,any,220,N/A,IPv4,TCP,N/A,v4,10.10.10.109,10.10.10.68,1339,51528,N/A,N/A,N/A,N/A,,,1
1759293209,any,217,N/A,IPv4,TCP,N/A,v4,10.10.10.68,10.10.10.109,51548,1339,N/A,N/A,N/A,N/A,,,1
1759293209,any,68,N/A,IPv4,TCP,N/A,v4,10.10.10.109,10.10.10.68,1339,51548,N/A,N/A,N/A,N/A,,,1
1759293209,eth1,214,Ethernet,IPv4,TCP,N/A,v4,10.10.10.68,10.10.10.109,51540,1339,N/A,N/A,N/A,N/A,,,1
1759293209,eth1,66,Ethernet,IPv4,TCP,N/A,v4,10.10.10.109,10.10.10.68,1339,51546,N/A,N/A,N/A,N/A,,,1
1759293209,eth1,66,Ethernet,IPv4,TCP,N/A,v4,10.10.10.109,10.10.10.68,1339,51540,N/A,N/A,N/A,N/A,,,1
1759293209,eth1,221,Ethernet,IPv4,TCP,N/A,v4,10.10.10.109,10.10.10.68,1339,51514,N/A,N/A,N/A,N/A,,,1
1759293209,eth1,66,Ethernet,IPv4,TCP,N/A,v4,10.10.10.68,10.10.10.109,51514,1339,N/A,N/A,N/A,N/A,,,1
1759293209,eth1,2916,Ethernet,IPv4,TCP,N/A,v4,10.10.10.109,10.10.10.68,1339,51514,N/A,N/A,N/A,N/A,,,1
1759293209,eth1,218,Ethernet,IPv4,TCP,N/A,v4,10.10.10.109,10.10.10.68,1339,51528,N/A,N/A,N/A,N/A,,,1
1759293209,eth1,66,Ethernet,IPv4,TCP,N/A,v4,10.10.10.109,10.10.10.68,1339,51528,N/A,N/A,N/A,N/A,,,1
1759293209,eth1,66,Ethernet,IPv4,TCP,N/A,v4,10.10.10.68,10.10.10.109,51528,1339,N/A,N/A,N/A,N/A,,,1
1759293209,eth1,74,Ethernet,IPv4,TCP,N/A,v4,10.10.10.109,10.10.10.68,1339,51548,N/A,N/A,N/A,N/A,,,1
1759293209,eth1,66,Ethernet,IPv4,TCP,N/A,v4,10.10.10.109,10.10.10.68,1339,51548,N/A,N/A,N/A,N/A,,,1
1759293209,any,213,N/A,IPv4,TCP,N/A,v4,10.10.10.109,10.10.10.68,1339,51532,N/A,N/A,N/A,N/A,,,1
1759293209,any,76,N/A,IPv4,TCP,N/A,v4,10.10.10.109,10.10.10.68,1339,51556,N/A,N/A,N/A,N/A,,,1
1759293209,eth1,211,Ethernet,IPv4,TCP,N/A,v4,10.10.10.109,10.10.10.68,1339,51532,N/A,N/A,N/A,N/A,,,1
1759293209,eth1,66,Ethernet,IPv4,TCP,N/A,v4,10.10.10.68,10.10.10.109,51532,1339,N/A,N/A,N/A,N/A,,,1
1759293209,eth1,66,Ethernet,IPv4,TCP,N/A,v4,10.10.10.109,10.10.10.68,1339,51532,N/A,N/A,N/A,N/A,,,1
1759293209,eth1,74,Ethernet,IPv4,TCP,N/A,v4,10.10.10.109,10.10.10.68,1339,51556,N/A,N/A,N/A,N/A,,,1
1759293209,eth1,66,Ethernet,IPv4,TCP,N/A,v4,10.10.10.68,10.10.10.109,51556,1339,N/A,N/A,N/A,N/A,,,1
1759293209,eth1,208,Ethernet,IPv4,TCP,N/A,v4,10.10.10.68,10.10.10.109,51556,1339,N/A,N/A,N/A,N/A,,,1
1759293209,eth1,66,Ethernet,IPv4,TCP,N/A,v4,10.10.10.109,10.10.10.68,1339,51556,N/A,N/A,N/A,N/A,,,1
1759293209,any,220,N/A,IPv4,TCP,N/A,v4,10.10.10.109,10.10.10.68,1339,51540,N/A,N/A,N/A,N/A,,,1
1759293209,any,68,N/A,IPv4,TCP,N/A,v4,10.10.10.68,10.10.10.109,51540,1339,N/A,N/A,N/A,N/A,,,1
1759293209,any,68,N/A,IPv4,TCP,N/A,v4,10.10.10.109,10.10.10.68,1339,51540,N/A,N/A,N/A,N/A,,,1
1759293209,any,76,N/A,IPv4,TCP,N/A,v4,10.10.10.68,10.10.10.109,51568,1339,N/A,N/A,N/A,N/A,,,1
1759293209,any,76,N/A,IPv4,TCP,N/A,v4,10.10.10.109,10.10.10.68,1339,51568,N/A,N/A,N/A,N/A,,,1
1759293209,any,217,N/A,IPv4,TCP,N/A,v4,10.10.10.68,10.10.10.109,51568,1339,N/A,N/A,N/A,N/A,,,1
1759293209,any,68,N/A,IPv4,TCP,N/A,v4,10.10.10.109,10.10.10.68,1339,51568,N/A,N/A,N/A,N/A,,,1
1759293209,eth1,218,Ethernet,IPv4,TCP,N/A,v4,10.10.10.109,10.10.10.68,1339,51540,N/A,N/A,N/A,N/A,,,1
1759293209,eth1,66,Ethernet,IPv4,TCP,N/A,v4,10.10.10.109,10.10.10.68,1339,51540,N/A,N/A,N/A,N/A,,,1
1759293209,eth1,66,Ethernet,IPv4,TCP,N/A,v4,10.10.10.68,10.10.10.109,51540,1339,N/A,N/A,N/A,N/A,,,1
1759293209,eth1,66,Ethernet,IPv4,TCP,N/A,v4,10.10.10.68,10.10.10.109,51540,1339,N/A,N/A,N/A,N/A,,,1
1759293209,eth1,66,Ethernet,IPv4,TCP,N/A,v4,10.10.10.109,10.10.10.68,1339,51540,N/A,N/A,N/A,N/A,,,1
1759293209,eth1,74,Ethernet,IPv4,TCP,N/A,v4,10.10.10.68,10.10.10.109,51568,1339,N/A,N/A,N/A,N/A,,,1
1759293209,eth1,74,Ethernet,IPv4,TCP,N/A,v4,10.10.10.109,10.10.10.68,1339,51568,N/A,N/A,N/A,N/A,,,1
1759293209,eth1,66,Ethernet,IPv4,TCP,N/A,v4,10.10.10.68,10.10.10.109,51568,1339,N/A,N/A,N/A,N/A,,,1
1759293209,eth1,215,Ethernet,IPv4,TCP,N/A,v4,10.10.10.68,10.10.10.109,51568,1339,N/A,N/A,N/A,N/A,,,1
1759293209,eth1,66,Ethernet,IPv4,TCP,N/A,v4,10.10.10.109,10.10.10.68,1339,51568,N/A,N/A,N/A,N/A,,,1
1759293209,any,223,N/A,IPv4,TCP,N/A,v4,10.10.10.109,10.10.10.68,1339,51546,N/A,N/A,N/A,N/A,,,1
1759293209,eth1,221,Ethernet,IPv4,TCP,N/A,v4,10.10.10.109,10.10.10.68,1339,51546,N/A,N/A,N/A,N/A,,,1
1759293209,eth1,66,Ethernet,IPv4,TCP,N/A,v4,10.10.10.109,10.10.10.68,1339,51546,N/A,N/A,N/A,N/A,,,1
1759293209,eth1,66,Ethernet,IPv4,TCP,N/A,v4,10.10.10.68,10.10.10.109,51546,1339,N/A,N/A,N/A,N/A,,,1
1759293209,eth1,66,Ethernet,IPv4,TCP,N/A,v4,10.10.10.68,10.10.10.109,51546,1339,N/A,N/A,N/A,N/A,,,1
1759293209,any,68,N/A,IPv4,TCP,N/A,v4,10.10.10.68,10.10.10.109,51546,1339,N/A,N/A,N/A,N/A,,,1
1759293209,eth1,66,Ethernet,IPv4,TCP,N/A,v4,10.10.10.109,10.10.10.68,1339,51546,N/A,N/A,N/A,N/A,,,1
1759293209,any,68,N/A,IPv4,TCP,N/A,v4,10.10.10.109,10.10.10.68,1339,51546,N/A,N/A,N/A,N/A,,,1
1759293209,eth1,74,Ethernet,IPv4,TCP,N/A,v4,10.10.10.68,10.10.10.109,51580,1339,N/A,N/A,N/A,N/A,,,1
1759293209,eth1,74,Ethernet,IPv4,TCP,N/A,v4,10.10.10.109,10.10.10.68,1339,51580,N/A,N/A,N/A,N/A,,,1
1759293209,eth1,66,Ethernet,IPv4,TCP,N/A,v4,10.10.10.68,10.10.10.109,51580,1339,N/A,N/A,N/A,N/A,,,1
1759293209,eth1,218,Ethernet,IPv4,TCP,N/A,v4,10.10.10.68,10.10.10.109,51580,1339,N/A,N/A,N/A,N/A,,,1
1759293209,eth1,66,Ethernet,IPv4,TCP,N/A,v4,10.10.10.109,10.10.10.68,1339,51580,N/A,N/A,N/A,N/A,,,1
1759293209,any,76,N/A,IPv4,TCP,N/A,v4,10.10.10.68,10.10.10.109,51580,1339,N/A,N/A,N/A,N/A,,,1
1759293209,any,76,N/A,IPv4,TCP,N/A,v4,10.10.10.109,10.10.10.68,1339,51580,N/A,N/A,N/A,N/A,,,1
1759293209,any,220,N/A,IPv4,TCP,N/A,v4,10.10.10.68,10.10.10.109,51580,1339,N/A,N/A,N/A,N/A,,,1
1759293209,any,68,N/A,IPv4,TCP,N/A,v4,10.10.10.109,10.10.10.68,1339,51580,N/A,N/A,N/A,N/A,,,1
1759293209,any,223,N/A,IPv4,TCP,N/A,v4,10.10.10.109,10.10.10.68,1339,51548,N/A,N/A,N/A,N/A,,,1
1759293209,eth1,221,Ethernet,IPv4,TCP,N/A,v4,10.10.10.109,10.10.10.68,1339,51548,N/A,N/A,N/A,N/A,,,1
1759293209,eth1,1402,Ethernet,IPv4,TCP,N/A,v4,10.10.10.109,10.10.10.68,1339,51548,N/A,N/A,N/A,N/A,,,1
1759293209,eth1,66,Ethernet,IPv4,TCP,N/A,v4,10.10.10.68,10.10.10.109,51548,1339,N/A,N/A,N/A,N/A,,,1
1759293209,any,223,N/A,IPv4,TCP,N/A,v4,10.10.10.109,10.10.10.68,1339,51556,N/A,N/A,N/A,N/A,,,1
1759293209,eth1,221,Ethernet,IPv4,TCP,N/A,v4,10.10.10.109,10.10.10.68,1339,51556,N/A,N/A,N/A,N/A,,,1
1759293209,eth1,66,Ethernet,IPv4,TCP,N/A,v4,10.10.10.68,10.10.10.109,51556,1339,N/A,N/A,N/A,N/A,,,1
1759293209,eth1,1388,Ethernet,IPv4,TCP,N/A,v4,10.10.10.109,10.10.10.68,1339,51556,N/A,N/A,N/A,N/A,,,1
1759293209,eth1,66,Ethernet,IPv4,TCP,N/A,v4,10.10.10.109,10.10.10.68,1339,51556,N/A,N/A,N/A,N/A,,,1
1759293209,eth1,74,Ethernet,IPv4,TCP,N/A,v4,10.10.10.68,10.10.10.109,51596,1339,N/A,N/A,N/A,N/A,,,1
1759293209,any,76,N/A,IPv4,TCP,N/A,v4,10.10.10.68,10.10.10.109,51596,1339,N/A,N/A,N/A,N/A,,,1
1759293209,any,76,N/A,IPv4,TCP,N/A,v4,10.10.10.109,10.10.10.68,1339,51596,N/A,N/A,N/A,N/A,,,1
1759293209,any,221,N/A,IPv4,TCP,N/A,v4,10.10.10.68,10.10.10.109,51596,1339,N/A,N/A,N/A,N/A,,,1
1759293209,any,222,N/A,IPv4,TCP,N/A,v4,10.10.10.109,10.10.10.68,1339,51568,N/A,N/A,N/A,N/A,,,1
1759293209,any,68,N/A,IPv4,TCP,N/A,v4,10.10.10.109,10.10.10.68,1339,51596,N/A,N/A,N/A,N/A,,,1
1759293209,any,749,N/A,IPv4,TCP,N/A,v4,10.10.10.109,10.10.10.68,1339,51568,N/A,N/A,N/A,N/A,,,1
1759293209,eth1,74,Ethernet,IPv4,TCP,N/A,v4,10.10.10.109,10.10.10.68,1339,51596,N/A,N/A,N/A,N/A,,,1
1759293209,eth1,66,Ethernet,IPv4,TCP,N/A,v4,10.10.10.68,10.10.10.109,51596,1339,N/A,N/A,N/A,N/A,,,1
1759293209,eth1,219,Ethernet,IPv4,TCP,N/A,v4,10.10.10.68,10.10.10.109,51596,1339,N/A,N/A,N/A,N/A,,,1
1759293209,eth1,220,Ethernet,IPv4,TCP,N/A,v4,10.10.10.109,10.10.10.68,1339,51568,N/A,N/A,N/A,N/A,,,1
1759293209,eth1,66,Ethernet,IPv4,TCP,N/A,v4,10.10.10.68,10.10.10.109,51568,1339,N/A,N/A,N/A,N/A,,,1
1759293209,eth1,221,Ethernet,IPv4,TCP,N/A,v4,10.10.10.109,10.10.10.68,1339,51580,N/A,N/A,N/A,N/A,,,1
1759293209,eth1,66,Ethernet,IPv4,TCP,N/A,v4,10.10.10.68,10.10.10.109,51580,1339,N/A,N/A,N/A,N/A,,,1
1759293209,eth1,1103,Ethernet,IPv4,TCP,N/A,v4,10.10.10.109,10.10.10.68,1339,51580,N/A,N/A,N/A,N/A,,,1
1759293209,eth1,66,Ethernet,IPv4,TCP,N/A,v4,10.10.10.68,10.10.10.109,51580,1339,N/A,N/A,N/A,N/A,,,1
1759293209,eth1,66,Ethernet,IPv4,TCP,N/A,v4,10.10.10.68,10.10.10.109,51580,1339,N/A,N/A,N/A,N/A,,,1
1759293209,eth1,66,Ethernet,IPv4,TCP,N/A,v4,10.10.10.109,10.10.10.68,1339,51580,N/A,N/A,N/A,N/A,,,1
1759293209,eth1,223,Ethernet,IPv4,TCP,N/A,v4,10.10.10.109,10.10.10.68,1339,51596,N/A,N/A,N/A,N/A,,,1
1759293209,eth1,66,Ethernet,IPv4,TCP,N/A,v4,10.10.10.109,10.10.10.68,1339,51596,N/A,N/A,N/A,N/A,,,1
1759293209,eth1,66,Ethernet,IPv4,TCP,N/A,v4,10.10.10.68,10.10.10.109,51596,1339,N/A,N/A,N/A,N/A,,,1
1759293209,eth1,66,Ethernet,IPv4,TCP,N/A,v4,10.10.10.68,10.10.10.109,51596,1339,N/A,N/A,N/A,N/A,,,1
1759293209,eth1,66,Ethernet,IPv4,TCP,N/A,v4,10.10.10.109,10.10.10.68,1339,51596,N/A,N/A,N/A,N/A,,,1
1759293209,eth1,74,Ethernet,IPv4,TCP,N/A,v4,10.10.10.68,10.10.10.109,51608,1339,N/A,N/A,N/A,N/A,,,1
1759293209,eth1,74,Ethernet,IPv4,TCP,N/A,v4,10.10.10.109,10.10.10.68,1339,51608,N/A,N/A,N/A,N/A,,,1
1759293209,eth1,66,Ethernet,IPv4,TCP,N/A,v4,10.10.10.68,10.10.10.109,51608,1339,N/A,N/A,N/A,N/A,,,1
1759293209,eth1,220,Ethernet,IPv4,TCP,N/A,v4,10.10.10.68,10.10.10.109,51608,1339,N/A,N/A,N/A,N/A,,,1
1759293209,eth1,66,Ethernet,IPv4,TCP,N/A,v4,10.10.10.109,10.10.10.68,1339,51608,N/A,N/A,N/A,N/A,,,1
1759293209,any,223,N/A,IPv4,TCP,N/A,v4,10.10.10.109,10.10.10.68,1339,51580,N/A,N/A,N/A,N/A,,,1
1759293209,any,225,N/A,IPv4,TCP,N/A,v4,10.10.10.109,10.10.10.68,1339,51596,N/A,N/A,N/A,N/A,,,1
1759293209,any,68,N/A,IPv4,TCP,N/A,v4,10.10.10.68,10.10.10.109,51596,1339,N/A,N/A,N/A,N/A,,,1
1759293209,any,68,N/A,IPv4,TCP,N/A,v4,10.10.10.109,10.10.10.68,1339,51596,N/A,N/A,N/A,N/A,,,1
1759293209,any,76,N/A,IPv4,TCP,N/A,v4,10.10.10.68,10.10.10.109,51608,1339,N/A,N/A,N/A,N/A,,,1
1759293209,any,76,N/A,IPv4,TCP,N/A,v4,10.10.10.109,10.10.10.68,1339,51608,N/A,N/A,N/A,N/A,,,1
1759293209,any,222,N/A,IPv4,TCP,N/A,v4,10.10.10.68,10.10.10.109,51608,1339,N/A,N/A,N/A,N/A,,,1
1759293209,any,68,N/A,IPv4,TCP,N/A,v4,10.10.10.109,10.10.10.68,1339,51608,N/A,N/A,N/A,N/A,,,1
1759293209,any,222,N/A,IPv4,TCP,N/A,v4,10.10.10.109,10.10.10.68,1339,51608,N/A,N/A,N/A,N/A,,,1
1759293209,any,68,N/A,IPv4,TCP,N/A,v4,10.10.10.68,10.10.10.109,51608,1339,N/A,N/A,N/A,N/A,,,1
1759293209,any,68,N/A,IPv4,TCP,N/A,v4,10.10.10.109,10.10.10.68,1339,51608,N/A,N/A,N/A,N/A,,,1
1759293209,eth1,220,Ethernet,IPv4,TCP,N/A,v4,10.10.10.109,10.10.10.68,1339,51608,N/A,N/A,N/A,N/A,,,1
1759293209,eth1,506,Ethernet,IPv4,TCP,N/A,v4,10.10.10.109,10.10.10.68,1339,51608,N/A,N/A,N/A,N/A,,,1
1759293209,eth1,66,Ethernet,IPv4,TCP,N/A,v4,10.10.10.68,10.10.10.109,51608,1339,N/A,N/A,N/A,N/A,,,1
1759293209,eth1,66,Ethernet,IPv4,TCP,N/A,v4,10.10.10.68,10.10.10.109,51608,1339,N/A,N/A,N/A,N/A,,,1
1759293209,eth1,66,Ethernet,IPv4,TCP,N/A,v4,10.10.10.109,10.10.10.68,1339,51608,N/A,N/A,N/A,N/A,,,1
1759293209,eth0,110,Ethernet,IPv6,ICMP,N/A,v6,fe80::ecf9:eff:fefb:55,ff02::179,N/A,N/A,N/A,N/A,N/A,N/A,,,1
1759293209,any,112,N/A,IPv6,ICMP,N/A,v6,fe80::ecf9:eff:fefb:55,ff02::179,N/A,N/A,N/A,N/A,N/A,N/A,,,1
1759293209,any,112,N/A,IPv6,ICMP,N/A,v6,fe80::a824:52ff:fe4f:69,ff02::179,N/A,N/A,N/A,N/A,N/A,N/A,,,0
1759293209,eth1,110,Ethernet,IPv6,ICMP,N/A,v6,fe80::a824:52ff:fe4f:69,ff02::179,N/A,N/A,N/A,N/A,N/A,N/A,,,0
1759293209,any,72,N/A,IPv6,ICMP,N/A,v6,fe80::a824:52ff:fe4f:69,ff02::204,N/A,N/A,N/A,N/A,N/A,N/A,,,0
1759293209,eth1,70,Ethernet,IPv6,ICMP,N/A,v6,fe80::a824:52ff:fe4f:69,ff02::204,N/A,N/A,N/A,N/A,N/A,N/A,,,0
1759293209,eth0,70,Ethernet,IPv6,ICMP,N/A,v6,fe80::5ca9:83ff:fe87:27,ff02::204,N/A,N/A,N/A,N/A,N/A,N/A,,,0
1759293209,any,112,N/A,IPv6,ICMP,N/A,v6,fe80::5ca9:83ff:fe87:27,ff02::179,N/A,N/A,N/A,N/A,N/A,N/A,,,0
1759293209,eth0,110,Ethernet,IPv6,ICMP,N/A,v6,fe80::5ca9:83ff:fe87:27,ff02::179,N/A,N/A,N/A,N/A,N/A,N/A,,,0
1759293209,eth0,54,Ethernet,IPv4,N/A,N/A,v4,172.30.0.220,224.0.0.22,N/A,N/A,N/A,N/A,N/A,N/A,,,0
1759293209,any,56,N/A,IPv4,N/A,N/A,v4,172.30.0.220,224.0.0.22,N/A,N/A,N/A,N/A,N/A,N/A,,,0
1759293210,any,195,N/A,IPv4,TCP,N/A,v4,10.10.10.68,10.10.10.109,49442,1339,N/A,N/A,N/A,N/A,,,1
1759293210,eth1,193,Ethernet,IPv4,TCP,N/A,v4,10.10.10.68,10.10.10.109,49442,1339,N/A,N/A,N/A,N/A,,,1
1759293210,eth1,194,Ethernet,IPv4,TCP,N/A,v4,10.10.10.68,10.10.10.109,49428,1339,N/A,N/A,N/A,N/A,,,1
1759293210,eth1,195,Ethernet,IPv4,TCP,N/A,v4,10.10.10.68,10.10.10.109,49420,1339,N/A,N/A,N/A,N/A,,,1
1759293210,any,68,N/A,IPv4,TCP,N/A,v4,10.10.10.109,10.10.10.68,1339,49442,N/A,N/A,N/A,N/A,,,1
1759293210,eth1,66,Ethernet,IPv4,TCP,N/A,v4,10.10.10.109,10.10.10.68,1339,49442,N/A,N/A,N/A,N/A,,,1
1759293210,eth1,66,Ethernet,IPv4,TCP,N/A,v4,10.10.10.109,10.10.10.68,1339,49428,N/A,N/A,N/A,N/A,,,1
1759293210,eth1,66,Ethernet,IPv4,TCP,N/A,v4,10.10.10.109,10.10.10.68,1339,49420,N/A,N/A,N/A,N/A,,,1
1759293210,any,199,N/A,IPv4,TCP,N/A,v4,10.10.10.109,10.10.10.68,1339,49442,N/A,N/A,N/A,N/A,,,1
1759293210,any,201,N/A,IPv4,TCP,N/A,v4,10.10.10.109,10.10.10.68,1339,49420,N/A,N/A,N/A,N/A,,,1
1759293210,eth1,197,Ethernet,IPv4,TCP,N/A,v4,10.10.10.109,10.10.10.68,1339,49442,N/A,N/A,N/A,N/A,,,1
1759293210,eth1,66,Ethernet,IPv4,TCP,N/A,v4,10.10.10.109,10.10.10.68,1339,49442,N/A,N/A,N/A,N/A,,,1
1759293210,eth1,66,Ethernet,IPv4,TCP,N/A,v4,10.10.10.68,10.10.10.109,49442,1339,N/A,N/A,N/A,N/A,,,1
1759293210,eth1,199,Ethernet,IPv4,TCP,N/A,v4,10.10.10.109,10.10.10.68,1339,49420,N/A,N/A,N/A,N/A,,,1
1759293210,eth1,66,Ethernet,IPv4,TCP,N/A,v4,10.10.10.109,10.10.10.68,1339,49428,N/A,N/A,N/A,N/A,,,1
1759293210,eth1,66,Ethernet,IPv4,TCP,N/A,v4,10.10.10.68,10.10.10.109,49420,1339,N/A,N/A,N/A,N/A,,,1
1759293210,eth1,74,Ethernet,IPv4,TCP,N/A,v4,10.10.10.109,10.10.10.68,1339,51632,N/A,N/A,N/A,N/A,,,1
1759293210,eth1,66,Ethernet,IPv4,TCP,N/A,v4,10.10.10.68,10.10.10.109,51632,1339,N/A,N/A,N/A,N/A,,,1
1759293210,eth1,197,Ethernet,IPv4,TCP,N/A,v4,10.10.10.109,10.10.10.68,1339,49418,N/A,N/A,N/A,N/A,,,1
1759293210,eth1,66,Ethernet,IPv4,TCP,N/A,v4,10.10.10.68,10.10.10.109,49418,1339,N/A,N/A,N/A,N/A,,,1
1759293210,eth1,66,Ethernet,IPv4,TCP,N/A,v4,10.10.10.109,10.10.10.68,1339,49418,N/A,N/A,N/A,N/A,,,1
1759293210,eth1,66,Ethernet,IPv4,TCP,N/A,v4,10.10.10.109,10.10.10.68,1339,49418,N/A,N/A,N/A,N/A,,,1
1759293210,eth1,196,Ethernet,IPv4,TCP,N/A,v4,10.10.10.68,10.10.10.109,51632,1339,N/A,N/A,N/A,N/A,,,1
1759293210,eth1,74,Ethernet,IPv4,TCP,N/A,v4,10.10.10.109,10.10.10.68,1339,51638,N/A,N/A,N/A,N/A,,,1
1759293210,eth1,195,Ethernet,IPv4,TCP,N/A,v4,10.10.10.68,10.10.10.109,51616,1339,N/A,N/A,N/A,N/A,,,1
1759293210,eth1,194,Ethernet,IPv4,TCP,N/A,v4,10.10.10.68,10.10.10.109,51638,1339,N/A,N/A,N/A,N/A,,,1
1759293210,eth1,66,Ethernet,IPv4,TCP,N/A,v4,10.10.10.109,10.10.10.68,1339,51616,N/A,N/A,N/A,N/A,,,1
1759293210,eth1,66,Ethernet,IPv4,TCP,N/A,v4,10.10.10.109,10.10.10.68,1339,51638,N/A,N/A,N/A,N/A,,,1
1759293210,eth1,220,Ethernet,IPv4,TCP,N/A,v4,10.10.10.109,10.10.10.68,1339,51614,N/A,N/A,N/A,N/A,,,1
1759293210,eth1,923,Ethernet,IPv4,TCP,N/A,v4,10.10.10.109,10.10.10.68,1339,51614,N/A,N/A,N/A,N/A,,,1
1759293210,eth1,66,Ethernet,IPv4,TCP,N/A,v4,10.10.10.68,10.10.10.109,51614,1339,N/A,N/A,N/A,N/A,,,1
1759293210,eth1,66,Ethernet,IPv4,TCP,N/A,v4,10.10.10.68,10.10.10.109,51614,1339,N/A,N/A,N/A,N/A,,,1
1759293210,eth1,66,Ethernet,IPv4,TCP,N/A,v4,10.10.10.68,10.10.10.109,51614,1339,N/A,N/A,N/A,N/A,,,1
1759293210,eth1,66,Ethernet,IPv4,TCP,N/A,v4,10.10.10.109,10.10.10.68,1339,51614,N/A,N/A,N/A,N/A,,,1
1759293210,any,76,N/A,IPv4,TCP,N/A,v4,10.10.10.109,10.10.10.68,1339,51632,N/A,N/A,N/A,N/A,,,1
1759293210,any,68,N/A,IPv4,TCP,N/A,v4,10.10.10.109,10.10.10.68,1339,49418,N/A,N/A,N/A,N/A,,,1
1759293210,any,68,N/A,IPv4,TCP,N/A,v4,10.10.10.109,10.10.10.68,1339,49418,N/A,N/A,N/A,N/A,,,1
1759293210,any,197,N/A,IPv4,TCP,N/A,v4,10.10.10.68,10.10.10.109,51616,1339,N/A,N/A,N/A,N/A,,,1
1759293210,any,196,N/A,IPv4,TCP,N/A,v4,10.10.10.68,10.10.10.109,51638,1339,N/A,N/A,N/A,N/A,,,1
1759293210,any,222,N/A,IPv4,TCP,N/A,v4,10.10.10.109,10.10.10.68,1339,51614,N/A,N/A,N/A,N/A,,,1
1759293210,any,68,N/A,IPv4,TCP,N/A,v4,10.10.10.68,10.10.10.109,51614,1339,N/A,N/A,N/A,N/A,,,1
1759293210,any,68,N/A,IPv4,TCP,N/A,v4,10.10.10.109,10.10.10.68,1339,51614,N/A,N/A,N/A,N/A,,,1
1759293210,any,223,N/A,IPv4,TCP,N/A,v4,10.10.10.109,10.10.10.68,1339,51616,N/A,N/A,N/A,N/A,,,1
1759293210,any,68,N/A,IPv4,TCP,N/A,v4,10.10.10.68,10.10.10.109,51616,1339,N/A,N/A,N/A,N/A,,,1
1759293210,any,68,N/A,IPv4,TCP,N/A,v4,10.10.10.68,10.10.10.109,51616,1339,N/A,N/A,N/A,N/A,,,1
1759293210,any,76,N/A,IPv4,TCP,N/A,v4,10.10.10.68,10.10.10.109,51646,1339,N/A,N/A,N/A,N/A,,,1
1759293210,any,76,N/A,IPv4,TCP,N/A,v4,10.10.10.68,10.10.10.109,51650,1339,N/A,N/A,N/A,N/A,,,1
1759293210,any,76,N/A,IPv4,TCP,N/A,v4,10.10.10.109,10.10.10.68,1339,51646,N/A,N/A,N/A,N/A,,,1
1759293210,any,76,N/A,IPv4,TCP,N/A,v4,10.10.10.109,10.10.10.68,1339,51650,N/A,N/A,N/A,N/A,,,1
1759293210,any,223,N/A,IPv4,TCP,N/A,v4,10.10.10.109,10.10.10.68,1339,51632,N/A,N/A,N/A,N/A,,,1
1759293210,any,68,N/A,IPv4,TCP,N/A,v4,10.10.10.68,10.10.10.109,51632,1339,N/A,N/A,N/A,N/A,,,1
1759293210,any,207,N/A,IPv4,TCP,N/A,v4,10.10.10.68,10.10.10.109,51646,1339,N/A,N/A,N/A,N/A,,,1
1759293210,any,68,N/A,IPv4,TCP,N/A,v4,10.10.10.109,10.10.10.68,1339,51646,N/A,N/A,N/A,N/A,,,1
1759293210,any,201,N/A,IPv4,TCP,N/A,v4,10.10.10.68,10.10.10.109,51650,1339,N/A,N/A,N/A,N/A,,,1
1759293210,any,68,N/A,IPv4,TCP,N/A,v4,10.10.10.109,10.10.10.68,1339,51650,N/A,N/A,N/A,N/A,,,1
1759293210,eth1,221,Ethernet,IPv4,TCP,N/A,v4,10.10.10.109,10.10.10.68,1339,51616,N/A,N/A,N/A,N/A,,,1
1759293210,eth1,1511,Ethernet,IPv4,TCP,N/A,v4,10.10.10.109,10.10.10.68,1339,51616,N/A,N/A,N/A,N/A,,,1
1759293210,eth1,66,Ethernet,IPv4,TCP,N/A,v4,10.10.10.68,10.10.10.109,51616,1339,N/A,N/A,N/A,N/A,,,1
1759293210,eth1,66,Ethernet,IPv4,TCP,N/A,v4,10.10.10.68,10.10.10.109,51616,1339,N/A,N/A,N/A,N/A,,,1
1759293210,eth1,66,Ethernet,IPv4,TCP,N/A,v4,10.10.10.68,10.10.10.109,51616,1339,N/A,N/A,N/A,N/A,,,1
1759293210,eth1,66,Ethernet,IPv4,TCP,N/A,v4,10.10.10.109,10.10.10.68,1339,51616,N/A,N/A,N/A,N/A,,,1
1759293210,eth1,74,Ethernet,IPv4,TCP,N/A,v4,10.10.10.68,10.10.10.109,51646,1339,N/A,N/A,N/A,N/A,,,1
1759293210,eth1,74,Ethernet,IPv4,TCP,N/A,v4,10.10.10.68,10.10.10.109,51650,1339,N/A,N/A,N/A,N/A,,,1
1759293210,eth1,74,Ethernet,IPv4,TCP,N/A,v4,10.10.10.109,10.10.10.68,1339,51646,N/A,N/A,N/A,N/A,,,1
1759293210,eth1,66,Ethernet,IPv4,TCP,N/A,v4,10.10.10.68,10.10.10.109,51646,1339,N/A,N/A,N/A,N/A,,,1
1759293210,eth1,74,Ethernet,IPv4,TCP,N/A,v4,10.10.10.109,10.10.10.68,1339,51650,N/A,N/A,N/A,N/A,,,1
1759293210,eth1,66,Ethernet,IPv4,TCP,N/A,v4,10.10.10.68,10.10.10.109,51650,1339,N/A,N/A,N/A,N/A,,,1
1759293210,eth1,221,Ethernet,IPv4,TCP,N/A,v4,10.10.10.109,10.10.10.68,1339,51632,N/A,N/A,N/A,N/A,,,1
1759293210,eth1,66,Ethernet,IPv4,TCP,N/A,v4,10.10.10.68,10.10.10.109,51632,1339,N/A,N/A,N/A,N/A,,,1
1759293210,eth1,1514,Ethernet,IPv4,TCP,N/A,v4,10.10.10.109,10.10.10.68,1339,51632,N/A,N/A,N/A,N/A,,,1
1759293210,eth1,66,Ethernet,IPv4,TCP,N/A,v4,10.10.10.68,10.10.10.109,51632,1339,N/A,N/A,N/A,N/A,,,1
1759293210,eth1,66,Ethernet,IPv4,TCP,N/A,v4,10.10.10.109,10.10.10.68,1339,51632,N/A,N/A,N/A,N/A,,,1
1759293210,eth1,205,Ethernet,IPv4,TCP,N/A,v4,10.10.10.68,10.10.10.109,51646,1339,N/A,N/A,N/A,N/A,,,1
1759293210,eth1,66,Ethernet,IPv4,TCP,N/A,v4,10.10.10.109,10.10.10.68,1339,51646,N/A,N/A,N/A,N/A,,,1
1759293210,eth1,199,Ethernet,IPv4,TCP,N/A,v4,10.10.10.68,10.10.10.109,51650,1339,N/A,N/A,N/A,N/A,,,1
1759293210,eth1,66,Ethernet,IPv4,TCP,N/A,v4,10.10.10.109,10.10.10.68,1339,51650,N/A,N/A,N/A,N/A,,,1
1759293210,eth1,220,Ethernet,IPv4,TCP,N/A,v4,10.10.10.109,10.10.10.68,1339,51638,N/A,N/A,N/A,N/A,,,1
1759293210,eth1,66,Ethernet,IPv4,TCP,N/A,v4,10.10.10.68,10.10.10.109,51638,1339,N/A,N/A,N/A,N/A,,,1
1759293210,eth1,475,Ethernet,IPv4,TCP,N/A,v4,10.10.10.109,10.10.10.68,1339,51638,N/A,N/A,N/A,N/A,,,1
1759293210,eth1,66,Ethernet,IPv4,TCP,N/A,v4,10.10.10.68,10.10.10.109,51638,1339,N/A,N/A,N/A,N/A,,,1
1759293210,eth1,66,Ethernet,IPv4,TCP,N/A,v4,10.10.10.109,10.10.10.68,1339,51638,N/A,N/A,N/A,N/A,,,1
1759293210,eth1,209,Ethernet,IPv4,TCP,N/A,v4,10.10.10.109,10.10.10.68,1339,51646,N/A,N/A,N/A,N/A,,,1
1759293210,eth1,66,Ethernet,IPv4,TCP,N/A,v4,10.10.10.109,10.10.10.68,1339,51646,N/A,N/A,N/A,N/A,,,1
1759293210,eth1,203,Ethernet,IPv4,TCP,N/A,v4,10.10.10.109,10.10.10.68,1339,51650,N/A,N/A,N/A,N/A,,,1
1759293210,eth1,66,Ethernet,IPv4,TCP,N/A,v4,10.10.10.109,10.10.10.68,1339,51650,N/A,N/A,N/A,N/A,,,1
1759293210,eth1,66,Ethernet,IPv4,TCP,N/A,v4,10.10.10.68,10.10.10.109,51650,1339,N/A,N/A,N/A,N/A,,,1
1759293210,eth1,66,Ethernet,IPv4,TCP,N/A,v4,10.10.10.68,10.10.10.109,51646,1339,N/A,N/A,N/A,N/A,,,1
1759293210,any,222,N/A,IPv4,TCP,N/A,v4,10.10.10.109,10.10.10.68,1339,51638,N/A,N/A,N/A,N/A,,,1
1759293210,any,68,N/A,IPv4,TCP,N/A,v4,10.10.10.68,10.10.10.109,51638,1339,N/A,N/A,N/A,N/A,,,1
1759293210,any,68,N/A,IPv4,TCP,N/A,v4,10.10.10.68,10.10.10.109,51646,1339,N/A,N/A,N/A,N/A,,,1
1759293210,any,68,N/A,IPv4,TCP,N/A,v4,10.10.10.109,10.10.10.68,1339,51646,N/A,N/A,N/A,N/A,,,1
1759293210,any,76,N/A,IPv4,TCP,N/A,v4,10.10.10.68,10.10.10.109,51666,1339,N/A,N/A,N/A,N/A,,,1
1759293210,any,76,N/A,IPv4,TCP,N/A,v4,10.10.10.109,10.10.10.68,1339,51666,N/A,N/A,N/A,N/A,,,1
1759293210,any,68,N/A,IPv4,TCP,N/A,v4,10.10.10.68,10.10.10.109,51650,1339,N/A,N/A,N/A,N/A,,,1
1759293210,any,68,N/A,IPv4,TCP,N/A,v4,10.10.10.109,10.10.10.68,1339,51650,N/A,N/A,N/A,N/A,,,1
1759293210,any,76,N/A,IPv4,TCP,N/A,v4,10.10.10.68,10.10.10.109,51674,1339,N/A,N/A,N/A,N/A,,,1
1759293210,any,208,N/A,IPv4,TCP,N/A,v4,10.10.10.68,10.10.10.109,51666,1339,N/A,N/A,N/A,N/A,,,1
1759293210,any,76,N/A,IPv4,TCP,N/A,v4,10.10.10.109,10.10.10.68,1339,51674,N/A,N/A,N/A,N/A,,,1
1759293210,any,202,N/A,IPv4,TCP,N/A,v4,10.10.10.68,10.10.10.109,51674,1339,N/A,N/A,N/A,N/A,,,1
1759293210,any,68,N/A,IPv4,TCP,N/A,v4,10.10.10.109,10.10.10.68,1339,51674,N/A,N/A,N/A,N/A,,,1
1759293210,any,76,N/A,IPv4,TCP,N/A,v4,10.10.10.68,10.10.10.109,51680,1339,N/A,N/A,N/A,N/A,,,1
1759293210,any,76,N/A,IPv4,TCP,N/A,v4,10.10.10.109,10.10.10.68,1339,51680,N/A,N/A,N/A,N/A,,,1
1759293210,eth1,66,Ethernet,IPv4,TCP,N/A,v4,10.10.10.109,10.10.10.68,1339,51646,N/A,N/A,N/A,N/A,,,1
1759293210,eth1,74,Ethernet,IPv4,TCP,N/A,v4,10.10.10.68,10.10.10.109,51666,1339,N/A,N/A,N/A,N/A,,,1
1759293210,eth1,74,Ethernet,IPv4,TCP,N/A,v4,10.10.10.109,10.10.10.68,1339,51666,N/A,N/A,N/A,N/A,,,1
1759293210,eth1,66,Ethernet,IPv4,TCP,N/A,v4,10.10.10.68,10.10.10.109,51666,1339,N/A,N/A,N/A,N/A,,,1
1759293210,eth1,66,Ethernet,IPv4,TCP,N/A,v4,10.10.10.68,10.10.10.109,51650,1339,N/A,N/A,N/A,N/A,,,1
1759293210,eth1,66,Ethernet,IPv4,TCP,N/A,v4,10.10.10.109,10.10.10.68,1339,51650,N/A,N/A,N/A,N/A,,,1
1759293210,eth1,74,Ethernet,IPv4,TCP,N/A,v4,10.10.10.68,10.10.10.109,51674,1339,N/A,N/A,N/A,N/A,,,1
1759293210,eth1,206,Ethernet,IPv4,TCP,N/A,v4,10.10.10.68,10.10.10.109,51666,1339,N/A,N/A,N/A,N/A,,,1
1759293210,eth1,74,Ethernet,IPv4,TCP,N/A,v4,10.10.10.109,10.10.10.68,1339,51674,N/A,N/A,N/A,N/A,,,1
1759293210,eth1,66,Ethernet,IPv4,TCP,N/A,v4,10.10.10.68,10.10.10.109,51674,1339,N/A,N/A,N/A,N/A,,,1
1759293210,eth1,66,Ethernet,IPv4,TCP,N/A,v4,10.10.10.109,10.10.10.68,1339,51666,N/A,N/A,N/A,N/A,,,1
1759293210,eth1,200,Ethernet,IPv4,TCP,N/A,v4,10.10.10.68,10.10.10.109,51674,1339,N/A,N/A,N/A,N/A,,,1
1759293210,eth1,66,Ethernet,IPv4,TCP,N/A,v4,10.10.10.109,10.10.10.68,1339,51674,N/A,N/A,N/A,N/A,,,1
1759293210,eth1,74,Ethernet,IPv4,TCP,N/A,v4,10.10.10.68,10.10.10.109,51680,1339,N/A,N/A,N/A,N/A,,,1
1759293210,eth1,74,Ethernet,IPv4,TCP,N/A,v4,10.10.10.109,10.10.10.68,1339,51680,N/A,N/A,N/A,N/A,,,1
1759293210,eth1,66,Ethernet,IPv4,TCP,N/A,v4,10.10.10.68,10.10.10.109,51680,1339,N/A,N/A,N/A,N/A,,,1
1759293210,eth1,220,Ethernet,IPv4,TCP,N/A,v4,10.10.10.109,10.10.10.68,1339,51666,N/A,N/A,N/A,N/A,,,1
1759293210,eth1,66,Ethernet,IPv4,TCP,N/A,v4,10.10.10.68,10.10.10.109,51666,1339,N/A,N/A,N/A,N/A,,,1
1759293210,eth1,689,Ethernet,IPv4,TCP,N/A,v4,10.10.10.109,10.10.10.68,1339,51666,N/A,N/A,N/A,N/A,,,1
1759293210,eth1,204,Ethernet,IPv4,TCP,N/A,v4,10.10.10.68,10.10.10.109,51680,1339,N/A,N/A,N/A,N/A,,,1
1759293210,eth1,66,Ethernet,IPv4,TCP,N/A,v4,10.10.10.109,10.10.10.68,1339,51680,N/A,N/A,N/A,N/A,,,1
1759293210,eth1,220,Ethernet,IPv4,TCP,N/A,v4,10.10.10.109,10.10.10.68,1339,51674,N/A,N/A,N/A,N/A,,,1
1759293210,eth1,603,Ethernet,IPv4,TCP,N/A,v4,10.10.10.109,10.10.10.68,1339,51674,N/A,N/A,N/A,N/A,,,1
1759293210,eth1,66,Ethernet,IPv4,TCP,N/A,v4,10.10.10.68,10.10.10.109,51674,1339,N/A,N/A,N/A,N/A,,,1
1759293210,eth1,66,Ethernet,IPv4,TCP,N/A,v4,10.10.10.109,10.10.10.68,1339,51674,N/A,N/A,N/A,N/A,,,1
1759293210,any,222,N/A,IPv4,TCP,N/A,v4,10.10.10.109,10.10.10.68,1339,51666,N/A,N/A,N/A,N/A,,,1
1759293210,any,68,N/A,IPv4,TCP,N/A,v4,10.10.10.68,10.10.10.109,51666,1339,N/A,N/A,N/A,N/A,,,1
1759293210,any,206,N/A,IPv4,TCP,N/A,v4,10.10.10.68,10.10.10.109,51680,1339,N/A,N/A,N/A,N/A,,,1
1759293210,any,68,N/A,IPv4,TCP,N/A,v4,10.10.10.109,10.10.10.68,1339,51680,N/A,N/A,N/A,N/A,,,1
1759293210,any,222,N/A,IPv4,TCP,N/A,v4,10.10.10.109,10.10.10.68,1339,51674,N/A,N/A,N/A,N/A,,,1
1759293210,any,68,N/A,IPv4,TCP,N/A,v4,10.10.10.68,10.10.10.109,51674,1339,N/A,N/A,N/A,N/A,,,1
1759293210,any,68,N/A,IPv4,TCP,N/A,v4,10.10.10.109,10.10.10.68,1339,51674,N/A,N/A,N/A,N/A,,,1
1759293210,eth1,208,Ethernet,IPv4,TCP,N/A,v4,10.10.10.109,10.10.10.68,1339,51680,N/A,N/A,N/A,N/A,,,1
1759293210,eth1,66,Ethernet,IPv4,TCP,N/A,v4,10.10.10.109,10.10.10.68,1339,51680,N/A,N/A,N/A,N/A,,,1
1759293210,eth1,66,Ethernet,IPv4,TCP,N/A,v4,10.10.10.68,10.10.10.109,51680,1339,N/A,N/A,N/A,N/A,,,1
1759293210,eth1,66,Ethernet,IPv4,TCP,N/A,v4,10.10.10.68,10.10.10.109,51680,1339,N/A,N/A,N/A,N/A,,,1
1759293210,eth1,66,Ethernet,IPv4,TCP,N/A,v4,10.10.10.109,10.10.10.68,1339,51680,N/A,N/A,N/A,N/A,,,1
1759293210,eth1,74,Ethernet,IPv4,TCP,N/A,v4,10.10.10.68,10.10.10.109,51682,1339,N/A,N/A,N/A,N/A,,,1
1759293210,eth1,74,Ethernet,IPv4,TCP,N/A,v4,10.10.10.109,10.10.10.68,1339,51682,N/A,N/A,N/A,N/A,,,1
1759293210,eth1,66,Ethernet,IPv4,TCP,N/A,v4,10.10.10.68,10.10.10.109,51682,1339,N/A,N/A,N/A,N/A,,,1
1759293210,eth1,74,Ethernet,IPv4,TCP,N/A,v4,10.10.10.68,10.10.10.109,51686,1339,N/A,N/A,N/A,N/A,,,1
1759293210,eth1,74,Ethernet,IPv4,TCP,N/A,v4,10.10.10.68,10.10.10.109,51688,1339,N/A,N/A,N/A,N/A,,,1
1759293210,eth1,74,Ethernet,IPv4,TCP,N/A,v4,10.10.10.109,10.10.10.68,1339,51686,N/A,N/A,N/A,N/A,,,1
1759293210,eth1,66,Ethernet,IPv4,TCP,N/A,v4,10.10.10.68,10.10.10.109,51686,1339,N/A,N/A,N/A,N/A,,,1
1759293210,eth1,205,Ethernet,IPv4,TCP,N/A,v4,10.10.10.68,10.10.10.109,51682,1339,N/A,N/A,N/A,N/A,,,1
1759293210,eth1,66,Ethernet,IPv4,TCP,N/A,v4,10.10.10.109,10.10.10.68,1339,51682,N/A,N/A,N/A,N/A,,,1
1759293210,eth1,74,Ethernet,IPv4,TCP,N/A,v4,10.10.10.68,10.10.10.109,51690,1339,N/A,N/A,N/A,N/A,,,1
1759293210,eth1,74,Ethernet,IPv4,TCP,N/A,v4,10.10.10.109,10.10.10.68,1339,51690,N/A,N/A,N/A,N/A,,,1
1759293210,eth1,66,Ethernet,IPv4,TCP,N/A,v4,10.10.10.68,10.10.10.109,51690,1339,N/A,N/A,N/A,N/A,,,1
1759293210,eth1,206,Ethernet,IPv4,TCP,N/A,v4,10.10.10.68,10.10.10.109,51690,1339,N/A,N/A,N/A,N/A,,,1
1759293210,eth1,66,Ethernet,IPv4,TCP,N/A,v4,10.10.10.109,10.10.10.68,1339,51690,N/A,N/A,N/A,N/A,,,1
1759293210,eth1,74,Ethernet,IPv4,TCP,N/A,v4,10.10.10.68,10.10.10.109,51700,1339,N/A,N/A,N/A,N/A,,,1
1759293210,eth1,198,Ethernet,IPv4,TCP,N/A,v4,10.10.10.68,10.10.10.109,51688,1339,N/A,N/A,N/A,N/A,,,1
1759293210,eth1,74,Ethernet,IPv4,TCP,N/A,v4,10.10.10.109,10.10.10.68,1339,51700,N/A,N/A,N/A,N/A,,,1
1759293210,eth1,66,Ethernet,IPv4,TCP,N/A,v4,10.10.10.68,10.10.10.109,51700,1339,N/A,N/A,N/A,N/A,,,1
1759293210,eth1,66,Ethernet,IPv4,TCP,N/A,v4,10.10.10.109,10.10.10.68,1339,51688,N/A,N/A,N/A,N/A,,,1
1759293210,eth1,207,Ethernet,IPv4,TCP,N/A,v4,10.10.10.68,10.10.10.109,51700,1339,N/A,N/A,N/A,N/A,,,1
1759293210,eth1,66,Ethernet,IPv4,TCP,N/A,v4,10.10.10.109,10.10.10.68,1339,51700,N/A,N/A,N/A,N/A,,,1
1759293210,any,210,N/A,IPv4,TCP,N/A,v4,10.10.10.109,10.10.10.68,1339,51680,N/A,N/A,N/A,N/A,,,1
1759293210,any,68,N/A,IPv4,TCP,N/A,v4,10.10.10.68,10.10.10.109,51680,1339,N/A,N/A,N/A,N/A,,,1
1759293210,any,68,N/A,IPv4,TCP,N/A,v4,10.10.10.109,10.10.10.68,1339,51680,N/A,N/A,N/A,N/A,,,1
1759293210,any,76,N/A,IPv4,TCP,N/A,v4,10.10.10.68,10.10.10.109,51682,1339,N/A,N/A,N/A,N/A,,,1
1759293210,any,76,N/A,IPv4,TCP,N/A,v4,10.10.10.109,10.10.10.68,1339,51682,N/A,N/A,N/A,N/A,,,1
1759293210,any,76,N/A,IPv4,TCP,N/A,v4,10.10.10.68,10.10.10.109,51686,1339,N/A,N/A,N/A,N/A,,,1
1759293210,any,76,N/A,IPv4,TCP,N/A,v4,10.10.10.68,10.10.10.109,51688,1339,N/A,N/A,N/A,N/A,,,1
1759293210,any,76,N/A,IPv4,TCP,N/A,v4,10.10.10.109,10.10.10.68,1339,51688,N/A,N/A,N/A,N/A,,,1
1759293210,any,207,N/A,IPv4,TCP,N/A,v4,10.10.10.68,10.10.10.109,51682,1339,N/A,N/A,N/A,N/A,,,1
1759293210,any,76,N/A,IPv4,TCP,N/A,v4,10.10.10.68,10.10.10.109,51690,1339,N/A,N/A,N/A,N/A,,,1
1759293210,any,76,N/A,IPv4,TCP,N/A,v4,10.10.10.109,10.10.10.68,1339,51690,N/A,N/A,N/A,N/A,,,1
1759293210,any,208,N/A,IPv4,TCP,N/A,v4,10.10.10.68,10.10.10.109,51690,1339,N/A,N/A,N/A,N/A,,,1
1759293210,any,68,N/A,IPv4,TCP,N/A,v4,10.10.10.109,10.10.10.68,1339,51690,N/A,N/A,N/A,N/A,,,1
1759293210,any,76,N/A,IPv4,TCP,N/A,v4,10.10.10.68,10.10.10.109,51700,1339,N/A,N/A,N/A,N/A,,,1
1759293210,any,200,N/A,IPv4,TCP,N/A,v4,10.10.10.68,10.10.10.109,51688,1339,N/A,N/A,N/A,N/A,,,1
1759293210,any,76,N/A,IPv4,TCP,N/A,v4,10.10.10.109,10.10.10.68,1339,51700,N/A,N/A,N/A,N/A,,,1
1759293210,any,209,N/A,IPv4,TCP,N/A,v4,10.10.10.68,10.10.10.109,51700,1339,N/A,N/A,N/A,N/A,,,1
1759293210,any,68,N/A,IPv4,TCP,N/A,v4,10.10.10.109,10.10.10.68,1339,51700,N/A,N/A,N/A,N/A,,,1
1759293210,any,207,N/A,IPv4,TCP,N/A,v4,10.10.10.68,10.10.10.109,51686,1339,N/A,N/A,N/A,N/A,,,1
1759293210,any,76,N/A,IPv4,TCP,N/A,v4,10.10.10.68,10.10.10.109,51704,1339,N/A,N/A,N/A,N/A,,,1
1759293210,any,76,N/A,IPv4,TCP,N/A,v4,10.10.10.109,10.10.10.68,1339,51704,N/A,N/A,N/A,N/A,,,1
1759293210,any,202,N/A,IPv4,TCP,N/A,v4,10.10.10.68,10.10.10.109,51704,1339,N/A,N/A,N/A,N/A,,,1
1759293210,any,68,N/A,IPv4,TCP,N/A,v4,10.10.10.68,10.10.10.109,51682,1339,N/A,N/A,N/A,N/A,,,1
1759293210,any,76,N/A,IPv4,TCP,N/A,v4,10.10.10.68,10.10.10.109,51712,1339,N/A,N/A,N/A,N/A,,,1
1759293210,any,76,N/A,IPv4,TCP,N/A,v4,10.10.10.109,10.10.10.68,1339,51712,N/A,N/A,N/A,N/A,,,1
1759293210,any,68,N/A,IPv4,TCP,N/A,v4,10.10.10.109,10.10.10.68,1339,51686,N/A,N/A,N/A,N/A,,,1
1759293210,any,213,N/A,IPv4,TCP,N/A,v4,10.10.10.68,10.10.10.109,51712,1339,N/A,N/A,N/A,N/A,,,1
1759293210,eth1,205,Ethernet,IPv4,TCP,N/A,v4,10.10.10.68,10.10.10.109,51686,1339,N/A,N/A,N/A,N/A,,,1
1759293210,eth1,66,Ethernet,IPv4,TCP,N/A,v4,10.10.10.109,10.10.10.68,1339,51686,N/A,N/A,N/A,N/A,,,1
1759293210,eth1,74,Ethernet,IPv4,TCP,N/A,v4,10.10.10.68,10.10.10.109,51704,1339,N/A,N/A,N/A,N/A,,,1
1759293210,eth1,74,Ethernet,IPv4,TCP,N/A,v4,10.10.10.109,10.10.10.68,1339,51704,N/A,N/A,N/A,N/A,,,1
1759293210,eth1,66,Ethernet,IPv4,TCP,N/A,v4,10.10.10.68,10.10.10.109,51704,1339,N/A,N/A,N/A,N/A,,,1
1759293210,eth1,200,Ethernet,IPv4,TCP,N/A,v4,10.10.10.68,10.10.10.109,51704,1339,N/A,N/A,N/A,N/A,,,1
1759293210,eth1,220,Ethernet,IPv4,TCP,N/A,v4,10.10.10.109,10.10.10.68,1339,51682,N/A,N/A,N/A,N/A,,,1
1759293210,eth1,707,Ethernet,IPv4,TCP,N/A,v4,10.10.10.109,10.10.10.68,1339,51682,N/A,N/A,N/A,N/A,,,1
1759293210,eth1,66,Ethernet,IPv4,TCP,N/A,v4,10.10.10.68,10.10.10.109,51682,1339,N/A,N/A,N/A,N/A,,,1
1759293210,eth1,66,Ethernet,IPv4,TCP,N/A,v4,10.10.10.68,10.10.10.109,51682,1339,N/A,N/A,N/A,N/A,,,1
1759293210,eth1,66,Ethernet,IPv4,TCP,N/A,v4,10.10.10.109,10.10.10.68,1339,51682,N/A,N/A,N/A,N/A,,,1
1759293210,eth1,74,Ethernet,IPv4,TCP,N/A,v4,10.10.10.68,10.10.10.109,51712,1339,N/A,N/A,N/A,N/A,,,1
1759293210,eth1,209,Ethernet,IPv4,TCP,N/A,v4,10.10.10.109,10.10.10.68,1339,51686,N/A,N/A,N/A,N/A,,,1
1759293210,eth1,66,Ethernet,IPv4,TCP,N/A,v4,10.10.10.68,10.10.10.109,51686,1339,N/A,N/A,N/A,N/A,,,1
1759293210,eth1,66,Ethernet,IPv4,TCP,N/A,v4,10.10.10.109,10.10.10.68,1339,51686,N/A,N/A,N/A,N/A,,,1
1759293210,eth1,66,Ethernet,IPv4,TCP,N/A,v4,10.10.10.68,10.10.10.109,51686,1339,N/A,N/A,N/A,N/A,,,1
1759293210,eth1,74,Ethernet,IPv4,TCP,N/A,v4,10.10.10.68,10.10.10.109,51722,1339,N/A,N/A,N/A,N/A,,,1
1759293210,eth1,211,Ethernet,IPv4,TCP,N/A,v4,10.10.10.68,10.10.10.109,51712,1339,N/A,N/A,N/A,N/A,,,1
1759293210,eth1,74,Ethernet,IPv4,TCP,N/A,v4,10.10.10.109,10.10.10.68,1339,51722,N/A,N/A,N/A,N/A,,,1
1759293210,eth1,66,Ethernet,IPv4,TCP,N/A,v4,10.10.10.68,10.10.10.109,51722,1339,N/A,N/A,N/A,N/A,,,1
1759293210,eth1,206,Ethernet,IPv4,TCP,N/A,v4,10.10.10.68,10.10.10.109,51722,1339,N/A,N/A,N/A,N/A,,,1
1759293210,eth1,66,Ethernet,IPv4,TCP,N/A,v4,10.10.10.109,10.10.10.68,1339,51722,N/A,N/A,N/A,N/A,,,1
1759293210,eth1,202,Ethernet,IPv4,TCP,N/A,v4,10.10.10.109,10.10.10.68,1339,51688,N/A,N/A,N/A,N/A,,,1
1759293210,eth1,66,Ethernet,IPv4,TCP,N/A,v4,10.10.10.68,10.10.10.109,51688,1339,N/A,N/A,N/A,N/A,,,1
1759293210,eth1,66,Ethernet,IPv4,TCP,N/A,v4,10.10.10.109,10.10.10.68,1339,51688,N/A,N/A,N/A,N/A,,,1
1759293210,eth1,66,Ethernet,IPv4,TCP,N/A,v4,10.10.10.68,10.10.10.109,51688,1339,N/A,N/A,N/A,N/A,,,1
1759293210,eth1,199,Ethernet,IPv4,TCP,N/A,v4,10.10.10.68,10.10.10.109,51730,1339,N/A,N/A,N/A,N/A,,,1
1759293210,eth1,74,Ethernet,IPv4,TCP,N/A,v4,10.10.10.68,10.10.10.109,51744,1339,N/A,N/A,N/A,N/A,,,1
1759293210,eth1,66,Ethernet,IPv4,TCP,N/A,v4,10.10.10.109,10.10.10.68,1339,51730,N/A,N/A,N/A,N/A,,,1
1759293210,eth1,74,Ethernet,IPv4,TCP,N/A,v4,10.10.10.109,10.10.10.68,1339,51744,N/A,N/A,N/A,N/A,,,1
1759293210,eth1,66,Ethernet,IPv4,TCP,N/A,v4,10.10.10.68,10.10.10.109,51744,1339,N/A,N/A,N/A,N/A,,,1
1759293210,eth1,216,Ethernet,IPv4,TCP,N/A,v4,10.10.10.68,10.10.10.109,51744,1339,N/A,N/A,N/A,N/A,,,1
1759293210,eth1,66,Ethernet,IPv4,TCP,N/A,v4,10.10.10.109,10.10.10.68,1339,51744,N/A,N/A,N/A,N/A,,,1
1759293210,eth1,210,Ethernet,IPv4,TCP,N/A,v4,10.10.10.109,10.10.10.68,1339,51690,N/A,N/A,N/A,N/A,,,1
1759293210,eth1,66,Ethernet,IPv4,TCP,N/A,v4,10.10.10.109,10.10.10.68,1339,51690,N/A,N/A,N/A,N/A,,,1
1759293210,eth1,66,Ethernet,IPv4,TCP,N/A,v4,10.10.10.68,10.10.10.109,51690,1339,N/A,N/A,N/A,N/A,,,1
1759293210,eth1,74,Ethernet,IPv4,TCP,N/A,v4,10.10.10.109,10.10.10.68,1339,51756,N/A,N/A,N/A,N/A,,,1
1759293210,eth1,66,Ethernet,IPv4,TCP,N/A,v4,10.10.10.68,10.10.10.109,51756,1339,N/A,N/A,N/A,N/A,,,1
1759293210,eth1,207,Ethernet,IPv4,TCP,N/A,v4,10.10.10.68,10.10.10.109,51756,1339,N/A,N/A,N/A,N/A,,,1
1759293210,eth1,66,Ethernet,IPv4,TCP,N/A,v4,10.10.10.109,10.10.10.68,1339,51756,N/A,N/A,N/A,N/A,,,1
1759293210,eth1,211,Ethernet,IPv4,TCP,N/A,v4,10.10.10.109,10.10.10.68,1339,51700,N/A,N/A,N/A,N/A,,,1
1759293210,eth1,66,Ethernet,IPv4,TCP,N/A,v4,10.10.10.109,10.10.10.68,1339,51700,N/A,N/A,N/A,N/A,,,1
1759293210,eth1,66,Ethernet,IPv4,TCP,N/A,v4,10.10.10.68,10.10.10.109,51700,1339,N/A,N/A,N/A,N/A,,,1
1759293210,eth1,208,Ethernet,IPv4,TCP,N/A,v4,10.10.10.68,10.10.10.109,51770,1339,N/A,N/A,N/A,N/A,,,1
1759293210,eth1,74,Ethernet,IPv4,TCP,N/A,v4,10.10.10.109,10.10.10.68,1339,51784,N/A,N/A,N/A,N/A,,,1
1759293210,eth1,66,Ethernet,IPv4,TCP,N/A,v4,10.10.10.68,10.10.10.109,51784,1339,N/A,N/A,N/A,N/A,,,1
1759293210,eth1,201,Ethernet,IPv4,TCP,N/A,v4,10.10.10.68,10.10.10.109,51784,1339,N/A,N/A,N/A,N/A,,,1
1759293210,eth1,66,Ethernet,IPv4,TCP,N/A,v4,10.10.10.109,10.10.10.68,1339,51784,N/A,N/A,N/A,N/A,,,1
1759293210,any,68,N/A,IPv4,TCP,N/A,v4,10.10.10.109,10.10.10.68,1339,51712,N/A,N/A,N/A,N/A,,,1
1759293210,any,208,N/A,IPv4,TCP,N/A,v4,10.10.10.68,10.10.10.109,51722,1339,N/A,N/A,N/A,N/A,,,1
1759293210,any,204,N/A,IPv4,TCP,N/A,v4,10.10.10.109,10.10.10.68,1339,51688,N/A,N/A,N/A,N/A,,,1
1759293210,any,76,N/A,IPv4,TCP,N/A,v4,10.10.10.109,10.10.10.68,1339,51730,N/A,N/A,N/A,N/A,,,1
1759293210,any,201,N/A,IPv4,TCP,N/A,v4,10.10.10.68,10.10.10.109,51730,1339,N/A,N/A,N/A,N/A,,,1
1759293210,any,76,N/A,IPv4,TCP,N/A,v4,10.10.10.68,10.10.10.109,51744,1339,N/A,N/A,N/A,N/A,,,1
1759293210,any,68,N/A,IPv4,TCP,N/A,v4,10.10.10.109,10.10.10.68,1339,51730,N/A,N/A,N/A,N/A,,,1
1759293210,any,76,N/A,IPv4,TCP,N/A,v4,10.10.10.109,10.10.10.68,1339,51744,N/A,N/A,N/A,N/A,,,1
1759293210,any,218,N/A,IPv4,TCP,N/A,v4,10.10.10.68,10.10.10.109,51744,1339,N/A,N/A,N/A,N/A,,,1
1759293210,any,68,N/A,IPv4,TCP,N/A,v4,10.10.10.109,10.10.10.68,1339,51744,N/A,N/A,N/A,N/A,,,1
1759293210,any,76,N/A,IPv4,TCP,N/A,v4,10.10.10.109,10.10.10.68,1339,51756,N/A,N/A,N/A,N/A,,,1
1759293210,any,209,N/A,IPv4,TCP,N/A,v4,10.10.10.68,10.10.10.109,51756,1339,N/A,N/A,N/A,N/A,,,1
1759293210,any,68,N/A,IPv4,TCP,N/A,v4,10.10.10.109,10.10.10.68,1339,51756,N/A,N/A,N/A,N/A,,,1
1759293210,any,213,N/A,IPv4,TCP,N/A,v4,10.10.10.109,10.10.10.68,1339,51700,N/A,N/A,N/A,N/A,,,1
1759293210,any,210,N/A,IPv4,TCP,N/A,v4,10.10.10.68,10.10.10.109,51770,1339,N/A,N/A,N/A,N/A,,,1
1759293210,any,203,N/A,IPv4,TCP,N/A,v4,10.10.10.68,10.10.10.109,51784,1339,N/A,N/A,N/A,N/A,,,1
1759293210,any,217,N/A,IPv4,TCP,N/A,v4,10.10.10.109,10.10.10.68,1339,51712,N/A,N/A,N/A,N/A,,,1
1759293210,any,214,N/A,IPv4,TCP,N/A,v4,10.10.10.68,10.10.10.109,51786,1339,N/A,N/A,N/A,N/A,,,1
1759293210,eth1,215,Ethernet,IPv4,TCP,N/A,v4,10.10.10.109,10.10.10.68,1339,51712,N/A,N/A,N/A,N/A,,,1
1759293210,eth1,66,Ethernet,IPv4,TCP,N/A,v4,10.10.10.109,10.10.10.68,1339,51712,N/A,N/A,N/A,N/A,,,1
1759293210,eth1,66,Ethernet,IPv4,TCP,N/A,v4,10.10.10.68,10.10.10.109,51712,1339,N/A,N/A,N/A,N/A,,,1
1759293210,eth1,74,Ethernet,IPv4,TCP,N/A,v4,10.10.10.109,10.10.10.68,1339,51786,N/A,N/A,N/A,N/A,,,1
1759293210,eth1,66,Ethernet,IPv4,TCP,N/A,v4,10.10.10.68,10.10.10.109,51786,1339,N/A,N/A,N/A,N/A,,,1
1759293210,eth1,212,Ethernet,IPv4,TCP,N/A,v4,10.10.10.68,10.10.10.109,51786,1339,N/A,N/A,N/A,N/A,,,1
1759293210,eth1,220,Ethernet,IPv4,TCP,N/A,v4,10.10.10.109,10.10.10.68,1339,51722,N/A,N/A,N/A,N/A,,,1
1759293210,eth1,66,Ethernet,IPv4,TCP,N/A,v4,10.10.10.68,10.10.10.109,51722,1339,N/A,N/A,N/A,N/A,,,1
1759293210,any,222,N/A,IPv4,TCP,N/A,v4,10.10.10.109,10.10.10.68,1339,51730,N/A,N/A,N/A,N/A,,,1
1759293210,any,222,N/A,IPv4,TCP,N/A,v4,10.10.10.109,10.10.10.68,1339,51744,N/A,N/A,N/A,N/A,,,1
1759293210,any,68,N/A,IPv4,TCP,N/A,v4,10.10.10.68,10.10.10.109,51744,1339,N/A,N/A,N/A,N/A,,,1
1759293210,any,68,N/A,IPv4,TCP,N/A,v4,10.10.10.109,10.10.10.68,1339,51744,N/A,N/A,N/A,N/A,,,1
1759293210,any,76,N/A,IPv4,TCP,N/A,v4,10.10.10.68,10.10.10.109,51794,1339,N/A,N/A,N/A,N/A,,,1
1759293210,any,76,N/A,IPv4,TCP,N/A,v4,10.10.10.109,10.10.10.68,1339,51794,N/A,N/A,N/A,N/A,,,1
1759293210,any,219,N/A,IPv4,TCP,N/A,v4,10.10.10.68,10.10.10.109,51794,1339,N/A,N/A,N/A,N/A,,,1
1759293210,any,68,N/A,IPv4,TCP,N/A,v4,10.10.10.109,10.10.10.68,1339,51794,N/A,N/A,N/A,N/A,,,1
1759293210,any,223,N/A,IPv4,TCP,N/A,v4,10.10.10.109,10.10.10.68,1339,51756,N/A,N/A,N/A,N/A,,,1
1759293210,eth1,220,Ethernet,IPv4,TCP,N/A,v4,10.10.10.109,10.10.10.68,1339,51730,N/A,N/A,N/A,N/A,,,1
1759293210,eth1,503,Ethernet,IPv4,TCP,N/A,v4,10.10.10.109,10.10.10.68,1339,51730,N/A,N/A,N/A,N/A,,,1
1759293210,eth1,66,Ethernet,IPv4,TCP,N/A,v4,10.10.10.68,10.10.10.109,51730,1339,N/A,N/A,N/A,N/A,,,1
1759293210,eth1,220,Ethernet,IPv4,TCP,N/A,v4,10.10.10.109,10.10.10.68,1339,51744,N/A,N/A,N/A,N/A,,,1
1759293210,eth1,66,Ethernet,IPv4,TCP,N/A,v4,10.10.10.68,10.10.10.109,51744,1339,N/A,N/A,N/A,N/A,,,1
1759293210,eth1,66,Ethernet,IPv4,TCP,N/A,v4,10.10.10.109,10.10.10.68,1339,51744,N/A,N/A,N/A,N/A,,,1
1759293210,eth1,66,Ethernet,IPv4,TCP,N/A,v4,10.10.10.68,10.10.10.109,51744,1339,N/A,N/A,N/A,N/A,,,1
1759293210,eth1,66,Ethernet,IPv4,TCP,N/A,v4,10.10.10.109,10.10.10.68,1339,51744,N/A,N/A,N/A,N/A,,,1
1759293210,eth1,74,Ethernet,IPv4,TCP,N/A,v4,10.10.10.68,10.10.10.109,51794,1339,N/A,N/A,N/A,N/A,,,1
1759293210,eth1,74,Ethernet,IPv4,TCP,N/A,v4,10.10.10.109,10.10.10.68,1339,51794,N/A,N/A,N/A,N/A,,,1
1759293210,eth1,66,Ethernet,IPv4,TCP,N/A,v4,10.10.10.68,10.10.10.109,51794,1339,N/A,N/A,N/A,N/A,,,1
1759293210,eth1,217,Ethernet,IPv4,TCP,N/A,v4,10.10.10.68,10.10.10.109,51794,1339,N/A,N/A,N/A,N/A,,,1
1759293210,eth1,66,Ethernet,IPv4,TCP,N/A,v4,10.10.10.109,10.10.10.68,1339,51794,N/A,N/A,N/A,N/A,,,1
1759293210,eth1,221,Ethernet,IPv4,TCP,N/A,v4,10.10.10.109,10.10.10.68,1339,51756,N/A,N/A,N/A,N/A,,,1
1759293210,eth1,66,Ethernet,IPv4,TCP,N/A,v4,10.10.10.68,10.10.10.109,51756,1339,N/A,N/A,N/A,N/A,,,1
1759293210,eth1,1514,Ethernet,IPv4,TCP,N/A,v4,10.10.10.109,10.10.10.68,1339,51756,N/A,N/A,N/A,N/A,,,1
1759293210,eth1,66,Ethernet,IPv4,TCP,N/A,v4,10.10.10.68,10.10.10.109,51756,1339,N/A,N/A,N/A,N/A,,,1
1759293210,eth1,263,Ethernet,IPv4,TCP,N/A,v4,10.10.10.109,10.10.10.68,1339,51756,N/A,N/A,N/A,N/A,,,1
1759293210,eth1,221,Ethernet,IPv4,TCP,N/A,v4,10.10.10.109,10.10.10.68,1339,51770,N/A,N/A,N/A,N/A,,,1
1759293210,eth1,1190,Ethernet,IPv4,TCP,N/A,v4,10.10.10.109,10.10.10.68,1339,51770,N/A,N/A,N/A,N/A,,,1
1759293210,eth1,66,Ethernet,IPv4,TCP,N/A,v4,10.10.10.68,10.10.10.109,51770,1339,N/A,N/A,N/A,N/A,,,1
1759293210,eth1,221,Ethernet,IPv4,TCP,N/A,v4,10.10.10.109,10.10.10.68,1339,51784,N/A,N/A,N/A,N/A,,,1
1759293210,eth1,1514,Ethernet,IPv4,TCP,N/A,v4,10.10.10.109,10.10.10.68,1339,51784,N/A,N/A,N/A,N/A,,,1
1759293210,eth1,66,Ethernet,IPv4,TCP,N/A,v4,10.10.10.68,10.10.10.109,51784,1339,N/A,N/A,N/A,N/A,,,1
1759293210,eth1,220,Ethernet,IPv4,TCP,N/A,v4,10.10.10.109,10.10.10.68,1339,51786,N/A,N/A,N/A,N/A,,,1
1759293210,eth1,66,Ethernet,IPv4,TCP,N/A,v4,10.10.10.68,10.10.10.109,51786,1339,N/A,N/A,N/A,N/A,,,1
1759293210,eth1,650,Ethernet,IPv4,TCP,N/A,v4,10.10.10.109,10.10.10.68,1339,51786,N/A,N/A,N/A,N/A,,,1
1759293210,eth1,66,Ethernet,IPv4,TCP,N/A,v4,10.10.10.68,10.10.10.109,51786,1339,N/A,N/A,N/A,N/A,,,1
1759293210,any,223,N/A,IPv4,TCP,N/A,v4,10.10.10.109,10.10.10.68,1339,51770,N/A,N/A,N/A,N/A,,,1
1759293210,any,68,N/A,IPv4,TCP,N/A,v4,10.10.10.68,10.10.10.109,51770,1339,N/A,N/A,N/A,N/A,,,1
1759293210,any,222,N/A,IPv4,TCP,N/A,v4,10.10.10.109,10.10.10.68,1339,51786,N/A,N/A,N/A,N/A,,,1
1759293210,eth1,66,Ethernet,IPv4,TCP,N/A,v4,10.10.10.68,10.10.10.109,51786,1339,N/A,N/A,N/A,N/A,,,1
1759293210,eth1,66,Ethernet,IPv4,TCP,N/A,v4,10.10.10.109,10.10.10.68,1339,51786,N/A,N/A,N/A,N/A,,,1
1759293210,any,68,N/A,IPv4,TCP,N/A,v4,10.10.10.68,10.10.10.109,51786,1339,N/A,N/A,N/A,N/A,,,1
1759293210,eth1,220,Ethernet,IPv4,TCP,N/A,v4,10.10.10.109,10.10.10.68,1339,51794,N/A,N/A,N/A,N/A,,,1
1759293210,eth1,66,Ethernet,IPv4,TCP,N/A,v4,10.10.10.68,10.10.10.109,51794,1339,N/A,N/A,N/A,N/A,,,1
1759293210,eth1,713,Ethernet,IPv4,TCP,N/A,v4,10.10.10.109,10.10.10.68,1339,51794,N/A,N/A,N/A,N/A,,,1
1759293210,eth1,66,Ethernet,IPv4,TCP,N/A,v4,10.10.10.68,10.10.10.109,51794,1339,N/A,N/A,N/A,N/A,,,1
1759293210,any,222,N/A,IPv4,TCP,N/A,v4,10.10.10.109,10.10.10.68,1339,51794,N/A,N/A,N/A,N/A,,,1
1759293210,any,715,N/A,IPv4,TCP,N/A,v4,10.10.10.109,10.10.10.68,1339,51794,N/A,N/A,N/A,N/A,,,1
1759293210,any,68,N/A,IPv4,TCP,N/A,v4,10.10.10.68,10.10.10.109,51794,1339,N/A,N/A,N/A,N/A,,,1
1759293210,eth1,66,Ethernet,IPv4,TCP,N/A,v4,10.10.10.68,10.10.10.109,51794,1339,N/A,N/A,N/A,N/A,,,1
1759293210,eth1,66,Ethernet,IPv4,TCP,N/A,v4,10.10.10.109,10.10.10.68,1339,51794,N/A,N/A,N/A,N/A,,,1
1759293210,eth1,74,Ethernet,IPv4,TCP,N/A,v4,10.10.10.68,10.10.10.109,51808,1339,N/A,N/A,N/A,N/A,,,1
1759293210,eth1,74,Ethernet,IPv4,TCP,N/A,v4,10.10.10.68,10.10.10.109,51820,1339,N/A,N/A,N/A,N/A,,,1
1759293210,eth1,74,Ethernet,IPv4,TCP,N/A,v4,10.10.10.109,10.10.10.68,1339,51808,N/A,N/A,N/A,N/A,,,1
1759293210,eth1,66,Ethernet,IPv4,TCP,N/A,v4,10.10.10.68,10.10.10.109,51808,1339,N/A,N/A,N/A,N/A,,,1
1759293210,eth1,212,Ethernet,IPv4,TCP,N/A,v4,10.10.10.68,10.10.10.109,51808,1339,N/A,N/A,N/A,N/A,,,1
1759293210,eth1,66,Ethernet,IPv4,TCP,N/A,v4,10.10.10.109,10.10.10.68,1339,51808,N/A,N/A,N/A,N/A,,,1
1759293210,eth1,204,Ethernet,IPv4,TCP,N/A,v4,10.10.10.68,10.10.10.109,51820,1339,N/A,N/A,N/A,N/A,,,1
1759293210,eth1,66,Ethernet,IPv4,TCP,N/A,v4,10.10.10.109,10.10.10.68,1339,51820,N/A,N/A,N/A,N/A,,,1
1759293210,eth1,216,Ethernet,IPv4,TCP,N/A,v4,10.10.10.109,10.10.10.68,1339,51808,N/A,N/A,N/A,N/A,,,1
1759293210,eth1,66,Ethernet,IPv4,TCP,N/A,v4,10.10.10.68,10.10.10.109,51808,1339,N/A,N/A,N/A,N/A,,,1
1759293210,eth1,66,Ethernet,IPv4,TCP,N/A,v4,10.10.10.109,10.10.10.68,1339,51808,N/A,N/A,N/A,N/A,,,1
1759293210,eth1,66,Ethernet,IPv4,TCP,N/A,v4,10.10.10.68,10.10.10.109,51808,1339,N/A,N/A,N/A,N/A,,,1
1759293210,eth1,66,Ethernet,IPv4,TCP,N/A,v4,10.10.10.109,10.10.10.68,1339,51808,N/A,N/A,N/A,N/A,,,1
1759293210,eth1,74,Ethernet,IPv4,TCP,N/A,v4,10.10.10.68,10.10.10.109,51834,1339,N/A,N/A,N/A,N/A,,,1
1759293210,eth1,74,Ethernet,IPv4,TCP,N/A,v4,10.10.10.109,10.10.10.68,1339,51834,N/A,N/A,N/A,N/A,,,1
1759293210,eth1,66,Ethernet,IPv4,TCP,N/A,v4,10.10.10.68,10.10.10.109,51834,1339,N/A,N/A,N/A,N/A,,,1
1759293210,eth1,213,Ethernet,IPv4,TCP,N/A,v4,10.10.10.68,10.10.10.109,51834,1339,N/A,N/A,N/A,N/A,,,1
1759293210,eth1,66,Ethernet,IPv4,TCP,N/A,v4,10.10.10.109,10.10.10.68,1339,51834,N/A,N/A,N/A,N/A,,,1
1759293210,eth1,208,Ethernet,IPv4,TCP,N/A,v4,10.10.10.109,10.10.10.68,1339,51820,N/A,N/A,N/A,N/A,,,1
1759293210,eth1,66,Ethernet,IPv4,TCP,N/A,v4,10.10.10.68,10.10.10.109,51820,1339,N/A,N/A,N/A,N/A,,,1
1759293210,eth1,66,Ethernet,IPv4,TCP,N/A,v4,10.10.10.109,10.10.10.68,1339,51820,N/A,N/A,N/A,N/A,,,1
1759293210,eth1,66,Ethernet,IPv4,TCP,N/A,v4,10.10.10.68,10.10.10.109,51820,1339,N/A,N/A,N/A,N/A,,,1
1759293210,eth1,66,Ethernet,IPv4,TCP,N/A,v4,10.10.10.109,10.10.10.68,1339,51820,N/A,N/A,N/A,N/A,,,1
1759293210,any,68,N/A,IPv4,TCP,N/A,v4,10.10.10.68,10.10.10.109,51794,1339,N/A,N/A,N/A,N/A,,,1
1759293210,any,76,N/A,IPv4,TCP,N/A,v4,10.10.10.68,10.10.10.109,51808,1339,N/A,N/A,N/A,N/A,,,1
1759293210,any,76,N/A,IPv4,TCP,N/A,v4,10.10.10.68,10.10.10.109,51820,1339,N/A,N/A,N/A,N/A,,,1
1759293210,any,76,N/A,IPv4,TCP,N/A,v4,10.10.10.109,10.10.10.68,1339,51820,N/A,N/A,N/A,N/A,,,1
1759293210,any,214,N/A,IPv4,TCP,N/A,v4,10.10.10.68,10.10.10.109,51808,1339,N/A,N/A,N/A,N/A,,,1
1759293210,any,68,N/A,IPv4,TCP,N/A,v4,10.10.10.109,10.10.10.68,1339,51808,N/A,N/A,N/A,N/A,,,1
1759293210,any,206,N/A,IPv4,TCP,N/A,v4,10.10.10.68,10.10.10.109,51820,1339,N/A,N/A,N/A,N/A,,,1
1759293210,any,68,N/A,IPv4,TCP,N/A,v4,10.10.10.109,10.10.10.68,1339,51820,N/A,N/A,N/A,N/A,,,1
1759293210,any,218,N/A,IPv4,TCP,N/A,v4,10.10.10.109,10.10.10.68,1339,51808,N/A,N/A,N/A,N/A,,,1
1759293210,any,68,N/A,IPv4,TCP,N/A,v4,10.10.10.68,10.10.10.109,51808,1339,N/A,N/A,N/A,N/A,,,1
1759293210,any,68,N/A,IPv4,TCP,N/A,v4,10.10.10.109,10.10.10.68,1339,51808,N/A,N/A,N/A,N/A,,,1
1759293210,any,76,N/A,IPv4,TCP,N/A,v4,10.10.10.68,10.10.10.109,51834,1339,N/A,N/A,N/A,N/A,,,1
1759293210,any,76,N/A,IPv4,TCP,N/A,v4,10.10.10.109,10.10.10.68,1339,51834,N/A,N/A,N/A,N/A,,,1
1759293210,any,215,N/A,IPv4,TCP,N/A,v4,10.10.10.68,10.10.10.109,51834,1339,N/A,N/A,N/A,N/A,,,1
1759293210,any,68,N/A,IPv4,TCP,N/A,v4,10.10.10.109,10.10.10.68,1339,51834,N/A,N/A,N/A,N/A,,,1
1759293210,any,210,N/A,IPv4,TCP,N/A,v4,10.10.10.109,10.10.10.68,1339,51820,N/A,N/A,N/A,N/A,,,1
1759293210,any,68,N/A,IPv4,TCP,N/A,v4,10.10.10.109,10.10.10.68,1339,51820,N/A,N/A,N/A,N/A,,,1
1759293210,any,68,N/A,IPv4,TCP,N/A,v4,10.10.10.68,10.10.10.109,51820,1339,N/A,N/A,N/A,N/A,,,1
1759293210,any,68,N/A,IPv4,TCP,N/A,v4,10.10.10.109,10.10.10.68,1339,51820,N/A,N/A,N/A,N/A,,,1
1759293210,any,76,N/A,IPv4,TCP,N/A,v4,10.10.10.68,10.10.10.109,51840,1339,N/A,N/A,N/A,N/A,,,1
1759293210,any,76,N/A,IPv4,TCP,N/A,v4,10.10.10.109,10.10.10.68,1339,51840,N/A,N/A,N/A,N/A,,,1
1759293210,any,207,N/A,IPv4,TCP,N/A,v4,10.10.10.68,10.10.10.109,51840,1339,N/A,N/A,N/A,N/A,,,1
1759293210,any,68,N/A,IPv4,TCP,N/A,v4,10.10.10.109,10.10.10.68,1339,51840,N/A,N/A,N/A,N/A,,,1
1759293210,any,223,N/A,IPv4,TCP,N/A,v4,10.10.10.109,10.10.10.68,1339,51834,N/A,N/A,N/A,N/A,,,1
1759293210,any,3097,N/A,IPv4,TCP,N/A,v4,10.10.10.109,10.10.10.68,1339,51834,N/A,N/A,N/A,N/A,,,1
1759293210,any,68,N/A,IPv4,TCP,N/A,v4,10.10.10.68,10.10.10.109,51834,1339,N/A,N/A,N/A,N/A,,,1
1759293210,eth1,74,Ethernet,IPv4,TCP,N/A,v4,10.10.10.68,10.10.10.109,51840,1339,N/A,N/A,N/A,N/A,,,1
1759293210,eth1,74,Ethernet,IPv4,TCP,N/A,v4,10.10.10.109,10.10.10.68,1339,51840,N/A,N/A,N/A,N/A,,,1
1759293210,eth1,66,Ethernet,IPv4,TCP,N/A,v4,10.10.10.68,10.10.10.109,51840,1339,N/A,N/A,N/A,N/A,,,1
1759293210,eth1,205,Ethernet,IPv4,TCP,N/A,v4,10.10.10.68,10.10.10.109,51840,1339,N/A,N/A,N/A,N/A,,,1
1759293210,eth1,66,Ethernet,IPv4,TCP,N/A,v4,10.10.10.109,10.10.10.68,1339,51840,N/A,N/A,N/A,N/A,,,1
1759293210,eth1,221,Ethernet,IPv4,TCP,N/A,v4,10.10.10.109,10.10.10.68,1339,51834,N/A,N/A,N/A,N/A,,,1
1759293210,eth1,66,Ethernet,IPv4,TCP,N/A,v4,10.10.10.68,10.10.10.109,51834,1339,N/A,N/A,N/A,N/A,,,1
1759293210,eth1,3095,Ethernet,IPv4,TCP,N/A,v4,10.10.10.109,10.10.10.68,1339,51834,N/A,N/A,N/A,N/A,,,1
1759293210,eth1,66,Ethernet,IPv4,TCP,N/A,v4,10.10.10.68,10.10.10.109,51834,1339,N/A,N/A,N/A,N/A,,,1
1759293210,eth1,66,Ethernet,IPv4,TCP,N/A,v4,10.10.10.109,10.10.10.68,1339,51834,N/A,N/A,N/A,N/A,,,1
1759293210,eth1,66,Ethernet,IPv4,TCP,N/A,v4,10.10.10.68,10.10.10.109,51834,1339,N/A,N/A,N/A,N/A,,,1
1759293210,eth1,66,Ethernet,IPv4,TCP,N/A,v4,10.10.10.109,10.10.10.68,1339,51834,N/A,N/A,N/A,N/A,,,1
1759293210,eth1,221,Ethernet,IPv4,TCP,N/A,v4,10.10.10.109,10.10.10.68,1339,51840,N/A,N/A,N/A,N/A,,,1
1759293210,eth1,66,Ethernet,IPv4,TCP,N/A,v4,10.10.10.68,10.10.10.109,51840,1339,N/A,N/A,N/A,N/A,,,1
1759293210,eth1,1514,Ethernet,IPv4,TCP,N/A,v4,10.10.10.109,10.10.10.68,1339,51840,N/A,N/A,N/A,N/A,,,1
1759293210,eth1,66,Ethernet,IPv4,TCP,N/A,v4,10.10.10.68,10.10.10.109,51840,1339,N/A,N/A,N/A,N/A,,,1
1759293210,eth1,66,Ethernet,IPv4,TCP,N/A,v4,10.10.10.109,10.10.10.68,1339,51840,N/A,N/A,N/A,N/A,,,1
1759293210,eth1,74,Ethernet,IPv4,TCP,N/A,v4,10.10.10.68,10.10.10.109,51852,1339,N/A,N/A,N/A,N/A,,,1
1759293210,eth1,74,Ethernet,IPv4,TCP,N/A,v4,10.10.10.109,10.10.10.68,1339,51852,N/A,N/A,N/A,N/A,,,1
1759293210,eth1,66,Ethernet,IPv4,TCP,N/A,v4,10.10.10.68,10.10.10.109,51852,1339,N/A,N/A,N/A,N/A,,,1
1759293210,any,68,N/A,IPv4,TCP,N/A,v4,10.10.10.109,10.10.10.68,1339,51834,N/A,N/A,N/A,N/A,,,1
1759293210,any,223,N/A,IPv4,TCP,N/A,v4,10.10.10.109,10.10.10.68,1339,51840,N/A,N/A,N/A,N/A,,,1
1759293210,any,166,N/A,IPv4,TCP,N/A,v4,10.10.10.109,10.10.10.68,1339,51840,N/A,N/A,N/A,N/A,,,1
1759293210,any,68,N/A,IPv4,TCP,N/A,v4,10.10.10.68,10.10.10.109,51840,1339,N/A,N/A,N/A,N/A,,,1
1759293210,any,68,N/A,IPv4,TCP,N/A,v4,10.10.10.109,10.10.10.68,1339,51840,N/A,N/A,N/A,N/A,,,1
1759293210,any,76,N/A,IPv4,TCP,N/A,v4,10.10.10.68,10.10.10.109,51852,1339,N/A,N/A,N/A,N/A,,,1
1759293210,any,76,N/A,IPv4,TCP,N/A,v4,10.10.10.109,10.10.10.68,1339,51852,N/A,N/A,N/A,N/A,,,1
1759293210,any,225,N/A,IPv4,TCP,N/A,v4,10.10.10.68,10.10.10.109,51852,1339,N/A,N/A,N/A,N/A,,,1
1759293210,any,68,N/A,IPv4,TCP,N/A,v4,10.10.10.109,10.10.10.68,1339,51852,N/A,N/A,N/A,N/A,,,1
1759293210,any,68,N/A,IPv4,TCP,N/A,v4,10.10.10.109,10.10.10.68,1339,51852,N/A,N/A,N/A,N/A,,,1
1759293210,any,68,N/A,IPv4,TCP,N/A,v4,10.10.10.68,10.10.10.109,51852,1339,N/A,N/A,N/A,N/A,,,1
1759293210,any,68,N/A,IPv4,TCP,N/A,v4,10.10.10.109,10.10.10.68,1339,51852,N/A,N/A,N/A,N/A,,,1
1759293210,eth1,223,Ethernet,IPv4,TCP,N/A,v4,10.10.10.68,10.10.10.109,51852,1339,N/A,N/A,N/A,N/A,,,1
1759293210,eth1,66,Ethernet,IPv4,TCP,N/A,v4,10.10.10.109,10.10.10.68,1339,51852,N/A,N/A,N/A,N/A,,,1
1759293210,eth1,227,Ethernet,IPv4,TCP,N/A,v4,10.10.10.109,10.10.10.68,1339,51852,N/A,N/A,N/A,N/A,,,1
1759293210,eth1,66,Ethernet,IPv4,TCP,N/A,v4,10.10.10.68,10.10.10.109,51852,1339,N/A,N/A,N/A,N/A,,,1
1759293210,eth1,66,Ethernet,IPv4,TCP,N/A,v4,10.10.10.109,10.10.10.68,1339,51852,N/A,N/A,N/A,N/A,,,1
1759293210,eth1,66,Ethernet,IPv4,TCP,N/A,v4,10.10.10.68,10.10.10.109,51852,1339,N/A,N/A,N/A,N/A,,,1
1759293210,eth1,66,Ethernet,IPv4,TCP,N/A,v4,10.10.10.109,10.10.10.68,1339,51852,N/A,N/A,N/A,N/A,,,1
1759293210,eth1,74,Ethernet,IPv4,TCP,N/A,v4,10.10.10.68,10.10.10.109,51874,1339,N/A,N/A,N/A,N/A,,,1
1759293210,eth1,74,Ethernet,IPv4,TCP,N/A,v4,10.10.10.68,10.10.10.109,51864,1339,N/A,N/A,N/A,N/A,,,1
1759293210,any,76,N/A,IPv4,TCP,N/A,v4,10.10.10.68,10.10.10.109,51874,1339,N/A,N/A,N/A,N/A,,,1
1759293210,any,76,N/A,IPv4,TCP,N/A,v4,10.10.10.68,10.10.10.109,51864,1339,N/A,N/A,N/A,N/A,,,1
1759293210,any,76,N/A,IPv4,TCP,N/A,v4,10.10.10.109,10.10.10.68,1339,51874,N/A,N/A,N/A,N/A,,,1
1759293210,any,223,N/A,IPv4,TCP,N/A,v4,10.10.10.68,10.10.10.109,51874,1339,N/A,N/A,N/A,N/A,,,1
1759293210,any,68,N/A,IPv4,TCP,N/A,v4,10.10.10.109,10.10.10.68,1339,51874,N/A,N/A,N/A,N/A,,,1
1759293210,any,226,N/A,IPv4,TCP,N/A,v4,10.10.10.68,10.10.10.109,51864,1339,N/A,N/A,N/A,N/A,,,1
1759293210,any,68,N/A,IPv4,TCP,N/A,v4,10.10.10.109,10.10.10.68,1339,51864,N/A,N/A,N/A,N/A,,,1
1759293210,eth1,74,Ethernet,IPv4,TCP,N/A,v4,10.10.10.109,10.10.10.68,1339,51874,N/A,N/A,N/A,N/A,,,1
1759293210,eth1,66,Ethernet,IPv4,TCP,N/A,v4,10.10.10.68,10.10.10.109,51874,1339,N/A,N/A,N/A,N/A,,,1
1759293210,eth1,74,Ethernet,IPv4,TCP,N/A,v4,10.10.10.109,10.10.10.68,1339,51864,N/A,N/A,N/A,N/A,,,1
1759293210,eth1,221,Ethernet,IPv4,TCP,N/A,v4,10.10.10.68,10.10.10.109,51874,1339,N/A,N/A,N/A,N/A,,,1
1759293210,eth1,224,Ethernet,IPv4,TCP,N/A,v4,10.10.10.68,10.10.10.109,51864,1339,N/A,N/A,N/A,N/A,,,1
1759293210,eth1,66,Ethernet,IPv4,TCP,N/A,v4,10.10.10.109,10.10.10.68,1339,51864,N/A,N/A,N/A,N/A,,,1
1759293210,eth1,74,Ethernet,IPv4,TCP,N/A,v4,10.10.10.68,10.10.10.109,51878,1339,N/A,N/A,N/A,N/A,,,1
1759293210,eth1,74,Ethernet,IPv4,TCP,N/A,v4,10.10.10.109,10.10.10.68,1339,51878,N/A,N/A,N/A,N/A,,,1
1759293210,eth1,66,Ethernet,IPv4,TCP,N/A,v4,10.10.10.68,10.10.10.109,51878,1339,N/A,N/A,N/A,N/A,,,1
1759293210,eth1,225,Ethernet,IPv4,TCP,N/A,v4,10.10.10.109,10.10.10.68,1339,51874,N/A,N/A,N/A,N/A,,,1
1759293210,eth1,66,Ethernet,IPv4,TCP,N/A,v4,10.10.10.68,10.10.10.109,51874,1339,N/A,N/A,N/A,N/A,,,1
1759293210,eth1,66,Ethernet,IPv4,TCP,N/A,v4,10.10.10.109,10.10.10.68,1339,51874,N/A,N/A,N/A,N/A,,,1
1759293210,eth1,66,Ethernet,IPv4,TCP,N/A,v4,10.10.10.68,10.10.10.109,51874,1339,N/A,N/A,N/A,N/A,,,1
1759293210,eth1,66,Ethernet,IPv4,TCP,N/A,v4,10.10.10.109,10.10.10.68,1339,51874,N/A,N/A,N/A,N/A,,,1
1759293210,eth1,74,Ethernet,IPv4,TCP,N/A,v4,10.10.10.68,10.10.10.109,51882,1339,N/A,N/A,N/A,N/A,,,1
1759293210,eth1,218,Ethernet,IPv4,TCP,N/A,v4,10.10.10.68,10.10.10.109,51878,1339,N/A,N/A,N/A,N/A,,,1
1759293210,eth1,74,Ethernet,IPv4,TCP,N/A,v4,10.10.10.109,10.10.10.68,1339,51882,N/A,N/A,N/A,N/A,,,1
1759293210,eth1,66,Ethernet,IPv4,TCP,N/A,v4,10.10.10.68,10.10.10.109,51882,1339,N/A,N/A,N/A,N/A,,,1
1759293210,eth1,222,Ethernet,IPv4,TCP,N/A,v4,10.10.10.68,10.10.10.109,51882,1339,N/A,N/A,N/A,N/A,,,1
1759293210,eth1,66,Ethernet,IPv4,TCP,N/A,v4,10.10.10.109,10.10.10.68,1339,51878,N/A,N/A,N/A,N/A,,,1
1759293210,eth1,66,Ethernet,IPv4,TCP,N/A,v4,10.10.10.109,10.10.10.68,1339,51882,N/A,N/A,N/A,N/A,,,1
1759293210,eth1,74,Ethernet,IPv4,TCP,N/A,v4,10.10.10.68,10.10.10.109,51888,1339,N/A,N/A,N/A,N/A,,,1
1759293210,eth1,74,Ethernet,IPv4,TCP,N/A,v4,10.10.10.109,10.10.10.68,1339,51888,N/A,N/A,N/A,N/A,,,1
1759293210,eth1,66,Ethernet,IPv4,TCP,N/A,v4,10.10.10.68,10.10.10.109,51888,1339,N/A,N/A,N/A,N/A,,,1
1759293210,eth1,220,Ethernet,IPv4,TCP,N/A,v4,10.10.10.109,10.10.10.68,1339,51864,N/A,N/A,N/A,N/A,,,1
1759293210,eth1,66,Ethernet,IPv4,TCP,N/A,v4,10.10.10.68,10.10.10.109,51864,1339,N/A,N/A,N/A,N/A,,,1
1759293210,eth1,537,Ethernet,IPv4,TCP,N/A,v4,10.10.10.109,10.10.10.68,1339,51864,N/A,N/A,N/A,N/A,,,1
1759293210,any,76,N/A,IPv4,TCP,N/A,v4,10.10.10.68,10.10.10.109,51878,1339,N/A,N/A,N/A,N/A,,,1
1759293210,any,76,N/A,IPv4,TCP,N/A,v4,10.10.10.109,10.10.10.68,1339,51878,N/A,N/A,N/A,N/A,,,1
1759293210,any,227,N/A,IPv4,TCP,N/A,v4,10.10.10.109,10.10.10.68,1339,51874,N/A,N/A,N/A,N/A,,,1
1759293210,any,68,N/A,IPv4,TCP,N/A,v4,10.10.10.68,10.10.10.109,51874,1339,N/A,N/A,N/A,N/A,,,1
1759293210,any,68,N/A,IPv4,TCP,N/A,v4,10.10.10.109,10.10.10.68,1339,51874,N/A,N/A,N/A,N/A,,,1
1759293210,any,76,N/A,IPv4,TCP,N/A,v4,10.10.10.68,10.10.10.109,51882,1339,N/A,N/A,N/A,N/A,,,1
1759293210,any,220,N/A,IPv4,TCP,N/A,v4,10.10.10.68,10.10.10.109,51878,1339,N/A,N/A,N/A,N/A,,,1
1759293210,any,224,N/A,IPv4,TCP,N/A,v4,10.10.10.68,10.10.10.109,51882,1339,N/A,N/A,N/A,N/A,,,1
1759293210,any,68,N/A,IPv4,TCP,N/A,v4,10.10.10.109,10.10.10.68,1339,51882,N/A,N/A,N/A,N/A,,,1
1759293210,any,76,N/A,IPv4,TCP,N/A,v4,10.10.10.68,10.10.10.109,51888,1339,N/A,N/A,N/A,N/A,,,1
1759293210,any,76,N/A,IPv4,TCP,N/A,v4,10.10.10.109,10.10.10.68,1339,51888,N/A,N/A,N/A,N/A,,,1
1759293210,any,222,N/A,IPv4,TCP,N/A,v4,10.10.10.109,10.10.10.68,1339,51864,N/A,N/A,N/A,N/A,,,1
1759293210,any,539,N/A,IPv4,TCP,N/A,v4,10.10.10.109,10.10.10.68,1339,51864,N/A,N/A,N/A,N/A,,,1
1759293210,any,68,N/A,IPv4,TCP,N/A,v4,10.10.10.109,10.10.10.68,1339,51864,N/A,N/A,N/A,N/A,,,1
1759293210,any,222,N/A,IPv4,TCP,N/A,v4,10.10.10.68,10.10.10.109,51888,1339,N/A,N/A,N/A,N/A,,,1
1759293210,any,224,N/A,IPv4,TCP,N/A,v4,10.10.10.109,10.10.10.68,1339,51878,N/A,N/A,N/A,N/A,,,1
1759293210,any,68,N/A,IPv4,TCP,N/A,v4,10.10.10.109,10.10.10.68,1339,51878,N/A,N/A,N/A,N/A,,,1
1759293210,any,68,N/A,IPv4,TCP,N/A,v4,10.10.10.109,10.10.10.68,1339,51888,N/A,N/A,N/A,N/A,,,1
1759293210,any,68,N/A,IPv4,TCP,N/A,v4,10.10.10.68,10.10.10.109,51878,1339,N/A,N/A,N/A,N/A,,,1
1759293210,any,68,N/A,IPv4,TCP,N/A,v4,10.10.10.109,10.10.10.68,1339,51878,N/A,N/A,N/A,N/A,,,1
1759293210,any,76,N/A,IPv4,TCP,N/A,v4,10.10.10.68,10.10.10.109,51898,1339,N/A,N/A,N/A,N/A,,,1
1759293210,any,76,N/A,IPv4,TCP,N/A,v4,10.10.10.109,10.10.10.68,1339,51898,N/A,N/A,N/A,N/A,,,1
1759293210,any,221,N/A,IPv4,TCP,N/A,v4,10.10.10.68,10.10.10.109,51898,1339,N/A,N/A,N/A,N/A,,,1
1759293210,any,68,N/A,IPv4,TCP,N/A,v4,10.10.10.109,10.10.10.68,1339,51898,N/A,N/A,N/A,N/A,,,1
1759293210,any,76,N/A,IPv4,TCP,N/A,v4,10.10.10.68,10.10.10.109,51908,1339,N/A,N/A,N/A,N/A,,,1
1759293210,any,76,N/A,IPv4,TCP,N/A,v4,10.10.10.109,10.10.10.68,1339,51908,N/A,N/A,N/A,N/A,,,1
1759293210,any,215,N/A,IPv4,TCP,N/A,v4,10.10.10.68,10.10.10.109,51908,1339,N/A,N/A,N/A,N/A,,,1
1759293210,any,68,N/A,IPv4,TCP,N/A,v4,10.10.10.109,10.10.10.68,1339,51908,N/A,N/A,N/A,N/A,,,1
1759293210,any,222,N/A,IPv4,TCP,N/A,v4,10.10.10.109,10.10.10.68,1339,51882,N/A,N/A,N/A,N/A,,,1
1759293210,any,490,N/A,IPv4,TCP,N/A,v4,10.10.10.109,10.10.10.68,1339,51882,N/A,N/A,N/A,N/A,,,1
1759293210,any,76,N/A,IPv4,TCP,N/A,v4,10.10.10.68,10.10.10.109,51922,1339,N/A,N/A,N/A,N/A,,,1
1759293210,any,76,N/A,IPv4,TCP,N/A,v4,10.10.10.109,10.10.10.68,1339,51922,N/A,N/A,N/A,N/A,,,1
1759293210,any,210,N/A,IPv4,TCP,N/A,v4,10.10.10.68,10.10.10.109,51922,1339,N/A,N/A,N/A,N/A,,,1
1759293210,any,68,N/A,IPv4,TCP,N/A,v4,10.10.10.109,10.10.10.68,1339,51922,N/A,N/A,N/A,N/A,,,1
1759293210,any,226,N/A,IPv4,TCP,N/A,v4,10.10.10.109,10.10.10.68,1339,51888,N/A,N/A,N/A,N/A,,,1
1759293210,any,68,N/A,IPv4,TCP,N/A,v4,10.10.10.109,10.10.10.68,1339,51888,N/A,N/A,N/A,N/A,,,1
1759293210,any,68,N/A,IPv4,TCP,N/A,v4,10.10.10.68,10.10.10.109,51888,1339,N/A,N/A,N/A,N/A,,,1
1759293210,any,76,N/A,IPv4,TCP,N/A,v4,10.10.10.68,10.10.10.109,51940,1339,N/A,N/A,N/A,N/A,,,1
1759293210,any,76,N/A,IPv4,TCP,N/A,v4,10.10.10.109,10.10.10.68,1339,51932,N/A,N/A,N/A,N/A,,,1
1759293210,any,76,N/A,IPv4,TCP,N/A,v4,10.10.10.109,10.10.10.68,1339,51940,N/A,N/A,N/A,N/A,,,1
1759293210,any,223,N/A,IPv4,TCP,N/A,v4,10.10.10.68,10.10.10.109,51932,1339,N/A,N/A,N/A,N/A,,,1
1759293210,any,213,N/A,IPv4,TCP,N/A,v4,10.10.10.68,10.10.10.109,51940,1339,N/A,N/A,N/A,N/A,,,1
1759293210,any,68,N/A,IPv4,TCP,N/A,v4,10.10.10.109,10.10.10.68,1339,51940,N/A,N/A,N/A,N/A,,,1
1759293210,any,76,N/A,IPv4,TCP,N/A,v4,10.10.10.68,10.10.10.109,51948,1339,N/A,N/A,N/A,N/A,,,1
1759293210,any,76,N/A,IPv4,TCP,N/A,v4,10.10.10.109,10.10.10.68,1339,51948,N/A,N/A,N/A,N/A,,,1
1759293210,any,219,N/A,IPv4,TCP,N/A,v4,10.10.10.68,10.10.10.109,51948,1339,N/A,N/A,N/A,N/A,,,1
1759293210,any,68,N/A,IPv4,TCP,N/A,v4,10.10.10.109,10.10.10.68,1339,51948,N/A,N/A,N/A,N/A,,,1
1759293210,any,76,N/A,IPv4,TCP,N/A,v4,10.10.10.68,10.10.10.109,51964,1339,N/A,N/A,N/A,N/A,,,1
1759293210,any,76,N/A,IPv4,TCP,N/A,v4,10.10.10.109,10.10.10.68,1339,51964,N/A,N/A,N/A,N/A,,,1
1759293210,any,213,N/A,IPv4,TCP,N/A,v4,10.10.10.68,10.10.10.109,51964,1339,N/A,N/A,N/A,N/A,,,1
1759293210,eth1,66,Ethernet,IPv4,TCP,N/A,v4,10.10.10.68,10.10.10.109,51864,1339,N/A,N/A,N/A,N/A,,,1
1759293210,eth1,66,Ethernet,IPv4,TCP,N/A,v4,10.10.10.109,10.10.10.68,1339,51864,N/A,N/A,N/A,N/A,,,1
1759293210,eth1,220,Ethernet,IPv4,TCP,N/A,v4,10.10.10.68,10.10.10.109,51888,1339,N/A,N/A,N/A,N/A,,,1
1759293210,eth1,222,Ethernet,IPv4,TCP,N/A,v4,10.10.10.109,10.10.10.68,1339,51878,N/A,N/A,N/A,N/A,,,1
1759293210,eth1,66,Ethernet,IPv4,TCP,N/A,v4,10.10.10.68,10.10.10.109,51878,1339,N/A,N/A,N/A,N/A,,,1
1759293210,eth1,66,Ethernet,IPv4,TCP,N/A,v4,10.10.10.109,10.10.10.68,1339,51888,N/A,N/A,N/A,N/A,,,1
1759293210,eth1,66,Ethernet,IPv4,TCP,N/A,v4,10.10.10.68,10.10.10.109,51878,1339,N/A,N/A,N/A,N/A,,,1
1759293210,eth1,66,Ethernet,IPv4,TCP,N/A,v4,10.10.10.109,10.10.10.68,1339,51878,N/A,N/A,N/A,N/A,,,1
1759293210,eth1,74,Ethernet,IPv4,TCP,N/A,v4,10.10.10.68,10.10.10.109,51898,1339,N/A,N/A,N/A,N/A,,,1
1759293210,eth1,74,Ethernet,IPv4,TCP,N/A,v4,10.10.10.109,10.10.10.68,1339,51898,N/A,N/A,N/A,N/A,,,1
1759293210,eth1,66,Ethernet,IPv4,TCP,N/A,v4,10.10.10.68,10.10.10.109,51898,1339,N/A,N/A,N/A,N/A,,,1
1759293210,eth1,219,Ethernet,IPv4,TCP,N/A,v4,10.10.10.68,10.10.10.109,51898,1339,N/A,N/A,N/A,N/A,,,1
1759293210,eth1,66,Ethernet,IPv4,TCP,N/A,v4,10.10.10.109,10.10.10.68,1339,51898,N/A,N/A,N/A,N/A,,,1
1759293210,eth1,74,Ethernet,IPv4,TCP,N/A,v4,10.10.10.68,10.10.10.109,51908,1339,N/A,N/A,N/A,N/A,,,1
1759293210,eth1,74,Ethernet,IPv4,TCP,N/A,v4,10.10.10.109,10.10.10.68,1339,51908,N/A,N/A,N/A,N/A,,,1
1759293210,eth1,66,Ethernet,IPv4,TCP,N/A,v4,10.10.10.68,10.10.10.109,51908,1339,N/A,N/A,N/A,N/A,,,1
1759293210,eth1,213,Ethernet,IPv4,TCP,N/A,v4,10.10.10.68,10.10.10.109,51908,1339,N/A,N/A,N/A,N/A,,,1
1759293210,eth1,66,Ethernet,IPv4,TCP,N/A,v4,10.10.10.109,10.10.10.68,1339,51908,N/A,N/A,N/A,N/A,,,1
1759293210,eth1,220,Ethernet,IPv4,TCP,N/A,v4,10.10.10.109,10.10.10.68,1339,51882,N/A,N/A,N/A,N/A,,,1
1759293210,eth1,66,Ethernet,IPv4,TCP,N/A,v4,10.10.10.68,10.10.10.109,51882,1339,N/A,N/A,N/A,N/A,,,1
1759293210,eth1,488,Ethernet,IPv4,TCP,N/A,v4,10.10.10.109,10.10.10.68,1339,51882,N/A,N/A,N/A,N/A,,,1
1759293210,eth1,66,Ethernet,IPv4,TCP,N/A,v4,10.10.10.68,10.10.10.109,51882,1339,N/A,N/A,N/A,N/A,,,1
1759293210,eth1,66,Ethernet,IPv4,TCP,N/A,v4,10.10.10.109,10.10.10.68,1339,51882,N/A,N/A,N/A,N/A,,,1
1759293210,eth1,74,Ethernet,IPv4,TCP,N/A,v4,10.10.10.68,10.10.10.109,51922,1339,N/A,N/A,N/A,N/A,,,1
1759293210,eth1,74,Ethernet,IPv4,TCP,N/A,v4,10.10.10.109,10.10.10.68,1339,51922,N/A,N/A,N/A,N/A,,,1
1759293210,eth1,66,Ethernet,IPv4,TCP,N/A,v4,10.10.10.68,10.10.10.109,51922,1339,N/A,N/A,N/A,N/A,,,1
1759293210,eth1,208,Ethernet,IPv4,TCP,N/A,v4,10.10.10.68,10.10.10.109,51922,1339,N/A,N/A,N/A,N/A,,,1
1759293210,eth1,66,Ethernet,IPv4,TCP,N/A,v4,10.10.10.109,10.10.10.68,1339,51922,N/A,N/A,N/A,N/A,,,1
1759293210,eth1,224,Ethernet,IPv4,TCP,N/A,v4,10.10.10.109,10.10.10.68,1339,51888,N/A,N/A,N/A,N/A,,,1
1759293210,eth1,66,Ethernet,IPv4,TCP,N/A,v4,10.10.10.68,10.10.10.109,51888,1339,N/A,N/A,N/A,N/A,,,1
1759293210,eth1,66,Ethernet,IPv4,TCP,N/A,v4,10.10.10.109,10.10.10.68,1339,51888,N/A,N/A,N/A,N/A,,,1
1759293210,eth1,66,Ethernet,IPv4,TCP,N/A,v4,10.10.10.68,10.10.10.109,51888,1339,N/A,N/A,N/A,N/A,,,1
1759293210,eth1,66,Ethernet,IPv4,TCP,N/A,v4,10.10.10.109,10.10.10.68,1339,51888,N/A,N/A,N/A,N/A,,,1
1759293210,eth1,74,Ethernet,IPv4,TCP,N/A,v4,10.10.10.68,10.10.10.109,51932,1339,N/A,N/A,N/A,N/A,,,1
1759293210,eth1,74,Ethernet,IPv4,TCP,N/A,v4,10.10.10.68,10.10.10.109,51940,1339,N/A,N/A,N/A,N/A,,,1
1759293210,eth1,211,Ethernet,IPv4,TCP,N/A,v4,10.10.10.68,10.10.10.109,51940,1339,N/A,N/A,N/A,N/A,,,1
1759293210,eth1,66,Ethernet,IPv4,TCP,N/A,v4,10.10.10.109,10.10.10.68,1339,51932,N/A,N/A,N/A,N/A,,,1
1759293210,eth1,66,Ethernet,IPv4,TCP,N/A,v4,10.10.10.109,10.10.10.68,1339,51940,N/A,N/A,N/A,N/A,,,1
1759293210,eth1,74,Ethernet,IPv4,TCP,N/A,v4,10.10.10.68,10.10.10.109,51948,1339,N/A,N/A,N/A,N/A,,,1
1759293210,eth1,74,Ethernet,IPv4,TCP,N/A,v4,10.10.10.109,10.10.10.68,1339,51948,N/A,N/A,N/A,N/A,,,1
1759293210,eth1,66,Ethernet,IPv4,TCP,N/A,v4,10.10.10.68,10.10.10.109,51948,1339,N/A,N/A,N/A,N/A,,,1
1759293210,eth1,217,Ethernet,IPv4,TCP,N/A,v4,10.10.10.68,10.10.10.109,51948,1339,N/A,N/A,N/A,N/A,,,1
1759293210,eth1,66,Ethernet,IPv4,TCP,N/A,v4,10.10.10.109,10.10.10.68,1339,51948,N/A,N/A,N/A,N/A,,,1
1759293210,eth1,74,Ethernet,IPv4,TCP,N/A,v4,10.10.10.68,10.10.10.109,51964,1339,N/A,N/A,N/A,N/A,,,1
1759293210,eth1,74,Ethernet,IPv4,TCP,N/A,v4,10.10.10.109,10.10.10.68,1339,51964,N/A,N/A,N/A,N/A,,,1
1759293210,eth1,66,Ethernet,IPv4,TCP,N/A,v4,10.10.10.68,10.10.10.109,51964,1339,N/A,N/A,N/A,N/A,,,1
1759293210,eth1,211,Ethernet,IPv4,TCP,N/A,v4,10.10.10.68,10.10.10.109,51964,1339,N/A,N/A,N/A,N/A,,,1
1759293210,eth1,66,Ethernet,IPv4,TCP,N/A,v4,10.10.10.109,10.10.10.68,1339,51964,N/A,N/A,N/A,N/A,,,1
1759293210,eth1,74,Ethernet,IPv4,TCP,N/A,v4,10.10.10.68,10.10.10.109,51976,1339,N/A,N/A,N/A,N/A,,,1
1759293210,eth1,74,Ethernet,IPv4,TCP,N/A,v4,10.10.10.109,10.10.10.68,1339,51976,N/A,N/A,N/A,N/A,,,1
1759293210,any,68,N/A,IPv4,TCP,N/A,v4,10.10.10.109,10.10.10.68,1339,51964,N/A,N/A,N/A,N/A,,,1
1759293210,any,76,N/A,IPv4,TCP,N/A,v4,10.10.10.68,10.10.10.109,51976,1339,N/A,N/A,N/A,N/A,,,1
1759293210,any,76,N/A,IPv4,TCP,N/A,v4,10.10.10.109,10.10.10.68,1339,51976,N/A,N/A,N/A,N/A,,,1
1759293210,any,217,N/A,IPv4,TCP,N/A,v4,10.10.10.68,10.10.10.109,51976,1339,N/A,N/A,N/A,N/A,,,1
1759293210,any,76,N/A,IPv4,TCP,N/A,v4,10.10.10.68,10.10.10.109,51988,1339,N/A,N/A,N/A,N/A,,,1
1759293210,any,68,N/A,IPv4,TCP,N/A,v4,10.10.10.109,10.10.10.68,1339,51976,N/A,N/A,N/A,N/A,,,1
1759293210,any,222,N/A,IPv4,TCP,N/A,v4,10.10.10.109,10.10.10.68,1339,51898,N/A,N/A,N/A,N/A,,,1
1759293210,any,68,N/A,IPv4,TCP,N/A,v4,10.10.10.68,10.10.10.109,51898,1339,N/A,N/A,N/A,N/A,,,1
1759293210,any,76,N/A,IPv4,TCP,N/A,v4,10.10.10.68,10.10.10.109,51994,1339,N/A,N/A,N/A,N/A,,,1
1759293210,any,76,N/A,IPv4,TCP,N/A,v4,10.10.10.68,10.10.10.109,52004,1339,N/A,N/A,N/A,N/A,,,1
1759293210,any,76,N/A,IPv4,TCP,N/A,v4,10.10.10.68,10.10.10.109,52006,1339,N/A,N/A,N/A,N/A,,,1
1759293210,any,76,N/A,IPv4,TCP,N/A,v4,10.10.10.68,10.10.10.109,52008,1339,N/A,N/A,N/A,N/A,,,1
1759293210,any,76,N/A,IPv4,TCP,N/A,v4,10.10.10.109,10.10.10.68,1339,52008,N/A,N/A,N/A,N/A,,,1
1759293210,any,219,N/A,IPv4,TCP,N/A,v4,10.10.10.109,10.10.10.68,1339,51908,N/A,N/A,N/A,N/A,,,1
1759293210,any,68,N/A,IPv4,TCP,N/A,v4,10.10.10.109,10.10.10.68,1339,51908,N/A,N/A,N/A,N/A,,,1
1759293210,any,222,N/A,IPv4,TCP,N/A,v4,10.10.10.68,10.10.10.109,52008,1339,N/A,N/A,N/A,N/A,,,1
1759293210,any,68,N/A,IPv4,TCP,N/A,v4,10.10.10.109,10.10.10.68,1339,52008,N/A,N/A,N/A,N/A,,,1
1759293210,any,76,N/A,IPv4,TCP,N/A,v4,10.10.10.68,10.10.10.109,52024,1339,N/A,N/A,N/A,N/A,,,1
1759293210,any,76,N/A,IPv4,TCP,N/A,v4,10.10.10.68,10.10.10.109,52026,1339,N/A,N/A,N/A,N/A,,,1
1759293210,any,214,N/A,IPv4,TCP,N/A,v4,10.10.10.109,10.10.10.68,1339,51922,N/A,N/A,N/A,N/A,,,1
1759293210,any,68,N/A,IPv4,TCP,N/A,v4,10.10.10.109,10.10.10.68,1339,51922,N/A,N/A,N/A,N/A,,,1
1759293210,any,68,N/A,IPv4,TCP,N/A,v4,10.10.10.68,10.10.10.109,51922,1339,N/A,N/A,N/A,N/A,,,1
1759293210,any,76,N/A,IPv4,TCP,N/A,v4,10.10.10.68,10.10.10.109,52054,1339,N/A,N/A,N/A,N/A,,,1
1759293210,any,76,N/A,IPv4,TCP,N/A,v4,10.10.10.109,10.10.10.68,1339,52042,N/A,N/A,N/A,N/A,,,1
1759293210,any,211,N/A,IPv4,TCP,N/A,v4,10.10.10.68,10.10.10.109,52042,1339,N/A,N/A,N/A,N/A,,,1
1759293210,any,68,N/A,IPv4,TCP,N/A,v4,10.10.10.109,10.10.10.68,1339,52042,N/A,N/A,N/A,N/A,,,1
1759293210,any,217,N/A,IPv4,TCP,N/A,v4,10.10.10.68,10.10.10.109,52054,1339,N/A,N/A,N/A,N/A,,,1
1759293210,any,76,N/A,IPv4,TCP,N/A,v4,10.10.10.68,10.10.10.109,52058,1339,N/A,N/A,N/A,N/A,,,1
1759293210,any,76,N/A,IPv4,TCP,N/A,v4,10.10.10.68,10.10.10.109,52064,1339,N/A,N/A,N/A,N/A,,,1
1759293210,any,76,N/A,IPv4,TCP,N/A,v4,10.10.10.68,10.10.10.109,52068,1339,N/A,N/A,N/A,N/A,,,1
1759293210,any,76,N/A,IPv4,TCP,N/A,v4,10.10.10.68,10.10.10.109,52074,1339,N/A,N/A,N/A,N/A,,,1
1759293210,any,76,N/A,IPv4,TCP,N/A,v4,10.10.10.109,10.10.10.68,1339,52074,N/A,N/A,N/A,N/A,,,1
1759293210,any,221,N/A,IPv4,TCP,N/A,v4,10.10.10.68,10.10.10.109,52074,1339,N/A,N/A,N/A,N/A,,,1
1759293210,any,68,N/A,IPv4,TCP,N/A,v4,10.10.10.109,10.10.10.68,1339,52074,N/A,N/A,N/A,N/A,,,1
1759293210,any,222,N/A,IPv4,TCP,N/A,v4,10.10.10.109,10.10.10.68,1339,51932,N/A,N/A,N/A,N/A,,,1
1759293210,any,474,N/A,IPv4,TCP,N/A,v4,10.10.10.109,10.10.10.68,1339,51932,N/A,N/A,N/A,N/A,,,1
1759293210,any,68,N/A,IPv4,TCP,N/A,v4,10.10.10.68,10.10.10.109,51932,1339,N/A,N/A,N/A,N/A,,,1
1759293210,any,76,N/A,IPv4,TCP,N/A,v4,10.10.10.68,10.10.10.109,52078,1339,N/A,N/A,N/A,N/A,,,1
1759293210,any,76,N/A,IPv4,TCP,N/A,v4,10.10.10.68,10.10.10.109,52084,1339,N/A,N/A,N/A,N/A,,,1
1759293210,any,76,N/A,IPv4,TCP,N/A,v4,10.10.10.68,10.10.10.109,52094,1339,N/A,N/A,N/A,N/A,,,1
1759293210,any,76,N/A,IPv4,TCP,N/A,v4,10.10.10.68,10.10.10.109,52106,1339,N/A,N/A,N/A,N/A,,,1
1759293210,any,217,N/A,IPv4,TCP,N/A,v4,10.10.10.109,10.10.10.68,1339,51940,N/A,N/A,N/A,N/A,,,1
1759293210,any,68,N/A,IPv4,TCP,N/A,v4,10.10.10.109,10.10.10.68,1339,51940,N/A,N/A,N/A,N/A,,,1
1759293210,any,68,N/A,IPv4,TCP,N/A,v4,10.10.10.68,10.10.10.109,51940,1339,N/A,N/A,N/A,N/A,,,1
1759293210,any,76,N/A,IPv4,TCP,N/A,v4,10.10.10.109,10.10.10.68,1339,52118,N/A,N/A,N/A,N/A,,,1
1759293210,any,214,N/A,IPv4,TCP,N/A,v4,10.10.10.68,10.10.10.109,52118,1339,N/A,N/A,N/A,N/A,,,1
1759293210,any,223,N/A,IPv4,TCP,N/A,v4,10.10.10.109,10.10.10.68,1339,51948,N/A,N/A,N/A,N/A,,,1
1759293210,any,76,N/A,IPv4,TCP,N/A,v4,10.10.10.109,10.10.10.68,1339,52120,N/A,N/A,N/A,N/A,,,1
1759293210,any,220,N/A,IPv4,TCP,N/A,v4,10.10.10.68,10.10.10.109,52120,1339,N/A,N/A,N/A,N/A,,,1
1759293210,any,68,N/A,IPv4,TCP,N/A,v4,10.10.10.109,10.10.10.68,1339,52120,N/A,N/A,N/A,N/A,,,1
1759293210,eth1,66,Ethernet,IPv4,TCP,N/A,v4,10.10.10.68,10.10.10.109,51976,1339,N/A,N/A,N/A,N/A,,,1
1759293210,eth1,215,Ethernet,IPv4,TCP,N/A,v4,10.10.10.68,10.10.10.109,51976,1339,N/A,N/A,N/A,N/A,,,1
1759293210,eth1,74,Ethernet,IPv4,TCP,N/A,v4,10.10.10.68,10.10.10.109,51988,1339,N/A,N/A,N/A,N/A,,,1
1759293210,eth1,66,Ethernet,IPv4,TCP,N/A,v4,10.10.10.109,10.10.10.68,1339,51976,N/A,N/A,N/A,N/A,,,1
1759293210,eth1,220,Ethernet,IPv4,TCP,N/A,v4,10.10.10.109,10.10.10.68,1339,51898,N/A,N/A,N/A,N/A,,,1
1759293210,eth1,66,Ethernet,IPv4,TCP,N/A,v4,10.10.10.68,10.10.10.109,51898,1339,N/A,N/A,N/A,N/A,,,1
1759293210,eth1,676,Ethernet,IPv4,TCP,N/A,v4,10.10.10.109,10.10.10.68,1339,51898,N/A,N/A,N/A,N/A,,,1
1759293210,eth1,66,Ethernet,IPv4,TCP,N/A,v4,10.10.10.68,10.10.10.109,51898,1339,N/A,N/A,N/A,N/A,,,1
1759293210,eth1,66,Ethernet,IPv4,TCP,N/A,v4,10.10.10.109,10.10.10.68,1339,51898,N/A,N/A,N/A,N/A,,,1
1759293210,eth1,66,Ethernet,IPv4,TCP,N/A,v4,10.10.10.68,10.10.10.109,51898,1339,N/A,N/A,N/A,N/A,,,1
1759293210,eth1,66,Ethernet,IPv4,TCP,N/A,v4,10.10.10.109,10.10.10.68,1339,51898,N/A,N/A,N/A,N/A,,,1
1759293210,eth1,74,Ethernet,IPv4,TCP,N/A,v4,10.10.10.68,10.10.10.109,51994,1339,N/A,N/A,N/A,N/A,,,1
1759293210,eth1,74,Ethernet,IPv4,TCP,N/A,v4,10.10.10.68,10.10.10.109,52004,1339,N/A,N/A,N/A,N/A,,,1
1759293210,eth1,74,Ethernet,IPv4,TCP,N/A,v4,10.10.10.68,10.10.10.109,52006,1339,N/A,N/A,N/A,N/A,,,1
1759293210,eth1,74,Ethernet,IPv4,TCP,N/A,v4,10.10.10.68,10.10.10.109,52008,1339,N/A,N/A,N/A,N/A,,,1
1759293210,eth1,74,Ethernet,IPv4,TCP,N/A,v4,10.10.10.109,10.10.10.68,1339,52008,N/A,N/A,N/A,N/A,,,1
1759293210,eth1,66,Ethernet,IPv4,TCP,N/A,v4,10.10.10.68,10.10.10.109,52008,1339,N/A,N/A,N/A,N/A,,,1
1759293210,eth1,217,Ethernet,IPv4,TCP,N/A,v4,10.10.10.109,10.10.10.68,1339,51908,N/A,N/A,N/A,N/A,,,1
1759293210,eth1,66,Ethernet,IPv4,TCP,N/A,v4,10.10.10.68,10.10.10.109,51908,1339,N/A,N/A,N/A,N/A,,,1
1759293210,eth1,66,Ethernet,IPv4,TCP,N/A,v4,10.10.10.109,10.10.10.68,1339,51908,N/A,N/A,N/A,N/A,,,1
1759293210,eth1,66,Ethernet,IPv4,TCP,N/A,v4,10.10.10.68,10.10.10.109,51908,1339,N/A,N/A,N/A,N/A,,,1
1759293210,eth1,66,Ethernet,IPv4,TCP,N/A,v4,10.10.10.109,10.10.10.68,1339,51908,N/A,N/A,N/A,N/A,,,1
1759293210,eth1,74,Ethernet,IPv4,TCP,N/A,v4,10.10.10.68,10.10.10.109,52018,1339,N/A,N/A,N/A,N/A,,,1
1759293210,eth1,220,Ethernet,IPv4,TCP,N/A,v4,10.10.10.68,10.10.10.109,52008,1339,N/A,N/A,N/A,N/A,,,1
1759293210,eth1,66,Ethernet,IPv4,TCP,N/A,v4,10.10.10.109,10.10.10.68,1339,52008,N/A,N/A,N/A,N/A,,,1
1759293210,eth1,74,Ethernet,IPv4,TCP,N/A,v4,10.10.10.68,10.10.10.109,52024,1339,N/A,N/A,N/A,N/A,,,1
1759293210,eth1,74,Ethernet,IPv4,TCP,N/A,v4,10.10.10.68,10.10.10.109,52026,1339,N/A,N/A,N/A,N/A,,,1
1759293210,eth1,212,Ethernet,IPv4,TCP,N/A,v4,10.10.10.109,10.10.10.68,1339,51922,N/A,N/A,N/A,N/A,,,1
1759293210,eth1,66,Ethernet,IPv4,TCP,N/A,v4,10.10.10.68,10.10.10.109,51922,1339,N/A,N/A,N/A,N/A,,,1
1759293210,eth1,66,Ethernet,IPv4,TCP,N/A,v4,10.10.10.109,10.10.10.68,1339,51922,N/A,N/A,N/A,N/A,,,1
1759293210,eth1,66,Ethernet,IPv4,TCP,N/A,v4,10.10.10.68,10.10.10.109,51922,1339,N/A,N/A,N/A,N/A,,,1
1759293210,eth1,66,Ethernet,IPv4,TCP,N/A,v4,10.10.10.109,10.10.10.68,1339,51922,N/A,N/A,N/A,N/A,,,1
1759293210,eth1,74,Ethernet,IPv4,TCP,N/A,v4,10.10.10.68,10.10.10.109,52042,1339,N/A,N/A,N/A,N/A,,,1
1759293210,eth1,74,Ethernet,IPv4,TCP,N/A,v4,10.10.10.68,10.10.10.109,52054,1339,N/A,N/A,N/A,N/A,,,1
1759293210,eth1,74,Ethernet,IPv4,TCP,N/A,v4,10.10.10.109,10.10.10.68,1339,52042,N/A,N/A,N/A,N/A,,,1
1759293210,eth1,66,Ethernet,IPv4,TCP,N/A,v4,10.10.10.68,10.10.10.109,52042,1339,N/A,N/A,N/A,N/A,,,1
1759293210,eth1,74,Ethernet,IPv4,TCP,N/A,v4,10.10.10.109,10.10.10.68,1339,52054,N/A,N/A,N/A,N/A,,,1
1759293210,eth1,209,Ethernet,IPv4,TCP,N/A,v4,10.10.10.68,10.10.10.109,52042,1339,N/A,N/A,N/A,N/A,,,1
1759293210,eth1,66,Ethernet,IPv4,TCP,N/A,v4,10.10.10.109,10.10.10.68,1339,52042,N/A,N/A,N/A,N/A,,,1
1759293210,eth1,215,Ethernet,IPv4,TCP,N/A,v4,10.10.10.68,10.10.10.109,52054,1339,N/A,N/A,N/A,N/A,,,1
1759293210,eth1,74,Ethernet,IPv4,TCP,N/A,v4,10.10.10.68,10.10.10.109,52058,1339,N/A,N/A,N/A,N/A,,,1
1759293210,eth1,74,Ethernet,IPv4,TCP,N/A,v4,10.10.10.68,10.10.10.109,52064,1339,N/A,N/A,N/A,N/A,,,1
1759293210,eth1,74,Ethernet,IPv4,TCP,N/A,v4,10.10.10.68,10.10.10.109,52068,1339,N/A,N/A,N/A,N/A,,,1
1759293210,eth1,74,Ethernet,IPv4,TCP,N/A,v4,10.10.10.68,10.10.10.109,52074,1339,N/A,N/A,N/A,N/A,,,1
1759293210,eth1,74,Ethernet,IPv4,TCP,N/A,v4,10.10.10.109,10.10.10.68,1339,52074,N/A,N/A,N/A,N/A,,,1
1759293210,eth1,66,Ethernet,IPv4,TCP,N/A,v4,10.10.10.68,10.10.10.109,52074,1339,N/A,N/A,N/A,N/A,,,1
1759293210,eth1,219,Ethernet,IPv4,TCP,N/A,v4,10.10.10.68,10.10.10.109,52074,1339,N/A,N/A,N/A,N/A,,,1
1759293210,eth1,66,Ethernet,IPv4,TCP,N/A,v4,10.10.10.109,10.10.10.68,1339,52074,N/A,N/A,N/A,N/A,,,1
1759293210,eth1,220,Ethernet,IPv4,TCP,N/A,v4,10.10.10.109,10.10.10.68,1339,51932,N/A,N/A,N/A,N/A,,,1
1759293210,eth1,66,Ethernet,IPv4,TCP,N/A,v4,10.10.10.68,10.10.10.109,51932,1339,N/A,N/A,N/A,N/A,,,1
1759293210,any,217,N/A,IPv4,TCP,N/A,v4,10.10.10.109,10.10.10.68,1339,51964,N/A,N/A,N/A,N/A,,,1
1759293210,any,76,N/A,IPv4,TCP,N/A,v4,10.10.10.109,10.10.10.68,1339,52126,N/A,N/A,N/A,N/A,,,1
1759293210,any,214,N/A,IPv4,TCP,N/A,v4,10.10.10.68,10.10.10.109,52126,1339,N/A,N/A,N/A,N/A,,,1
1759293210,any,68,N/A,IPv4,TCP,N/A,v4,10.10.10.109,10.10.10.68,1339,52126,N/A,N/A,N/A,N/A,,,1
1759293210,any,221,N/A,IPv4,TCP,N/A,v4,10.10.10.109,10.10.10.68,1339,51976,N/A,N/A,N/A,N/A,,,1
1759293210,any,68,N/A,IPv4,TCP,N/A,v4,10.10.10.109,10.10.10.68,1339,51976,N/A,N/A,N/A,N/A,,,1
1759293210,any,68,N/A,IPv4,TCP,N/A,v4,10.10.10.68,10.10.10.109,51976,1339,N/A,N/A,N/A,N/A,,,1
1759293210,any,76,N/A,IPv4,TCP,N/A,v4,10.10.10.109,10.10.10.68,1339,52138,N/A,N/A,N/A,N/A,,,1
1759293210,any,218,N/A,IPv4,TCP,N/A,v4,10.10.10.68,10.10.10.109,52138,1339,N/A,N/A,N/A,N/A,,,1
1759293210,any,68,N/A,IPv4,TCP,N/A,v4,10.10.10.109,10.10.10.68,1339,52138,N/A,N/A,N/A,N/A,,,1
1759293210,any,226,N/A,IPv4,TCP,N/A,v4,10.10.10.109,10.10.10.68,1339,52008,N/A,N/A,N/A,N/A,,,1
1759293210,any,76,N/A,IPv4,TCP,N/A,v4,10.10.10.109,10.10.10.68,1339,52140,N/A,N/A,N/A,N/A,,,1
1759293210,any,223,N/A,IPv4,TCP,N/A,v4,10.10.10.68,10.10.10.109,52140,1339,N/A,N/A,N/A,N/A,,,1
1759293210,any,68,N/A,IPv4,TCP,N/A,v4,10.10.10.109,10.10.10.68,1339,52140,N/A,N/A,N/A,N/A,,,1
1759293210,any,222,N/A,IPv4,TCP,N/A,v4,10.10.10.109,10.10.10.68,1339,52042,N/A,N/A,N/A,N/A,,,1
1759293210,any,225,N/A,IPv4,TCP,N/A,v4,10.10.10.109,10.10.10.68,1339,52074,N/A,N/A,N/A,N/A,,,1
1759293210,any,76,N/A,IPv4,TCP,N/A,v4,10.10.10.109,10.10.10.68,1339,52148,N/A,N/A,N/A,N/A,,,1
1759293210,any,222,N/A,IPv4,TCP,N/A,v4,10.10.10.68,10.10.10.109,52148,1339,N/A,N/A,N/A,N/A,,,1
1759293210,any,68,N/A,IPv4,TCP,N/A,v4,10.10.10.109,10.10.10.68,1339,52148,N/A,N/A,N/A,N/A,,,1
1759293210,any,222,N/A,IPv4,TCP,N/A,v4,10.10.10.109,10.10.10.68,1339,52118,N/A,N/A,N/A,N/A,,,1
1759293210,any,222,N/A,IPv4,TCP,N/A,v4,10.10.10.109,10.10.10.68,1339,52126,N/A,N/A,N/A,N/A,,,1
1759293210,any,76,N/A,IPv4,TCP,N/A,v4,10.10.10.68,10.10.10.109,52158,1339,N/A,N/A,N/A,N/A,,,1
1759293210,any,76,N/A,IPv4,TCP,N/A,v4,10.10.10.109,10.10.10.68,1339,52158,N/A,N/A,N/A,N/A,,,1
1759293210,any,226,N/A,IPv4,TCP,N/A,v4,10.10.10.68,10.10.10.109,52158,1339,N/A,N/A,N/A,N/A,,,1
1759293210,any,68,N/A,IPv4,TCP,N/A,v4,10.10.10.109,10.10.10.68,1339,52158,N/A,N/A,N/A,N/A,,,1
1759293210,any,222,N/A,IPv4,TCP,N/A,v4,10.10.10.109,10.10.10.68,1339,52138,N/A,N/A,N/A,N/A,,,1
1759293210,any,222,N/A,IPv4,TCP,N/A,v4,10.10.10.109,10.10.10.68,1339,52140,N/A,N/A,N/A,N/A,,,1
1759293210,any,68,N/A,IPv4,TCP,N/A,v4,10.10.10.68,10.10.10.109,52148,1339,N/A,N/A,N/A,N/A,,,1
1759293210,eth1,472,Ethernet,IPv4,TCP,N/A,v4,10.10.10.109,10.10.10.68,1339,51932,N/A,N/A,N/A,N/A,,,1
1759293210,eth1,66,Ethernet,IPv4,TCP,N/A,v4,10.10.10.68,10.10.10.109,51932,1339,N/A,N/A,N/A,N/A,,,1
1759293210,eth1,66,Ethernet,IPv4,TCP,N/A,v4,10.10.10.109,10.10.10.68,1339,51932,N/A,N/A,N/A,N/A,,,1
1759293210,eth1,74,Ethernet,IPv4,TCP,N/A,v4,10.10.10.68,10.10.10.109,52078,1339,N/A,N/A,N/A,N/A,,,1
1759293210,eth1,74,Ethernet,IPv4,TCP,N/A,v4,10.10.10.68,10.10.10.109,52084,1339,N/A,N/A,N/A,N/A,,,1
1759293210,eth1,74,Ethernet,IPv4,TCP,N/A,v4,10.10.10.68,10.10.10.109,52094,1339,N/A,N/A,N/A,N/A,,,1
1759293210,eth1,74,Ethernet,IPv4,TCP,N/A,v4,10.10.10.68,10.10.10.109,52106,1339,N/A,N/A,N/A,N/A,,,1
1759293210,eth1,215,Ethernet,IPv4,TCP,N/A,v4,10.10.10.109,10.10.10.68,1339,51940,N/A,N/A,N/A,N/A,,,1
1759293210,eth1,66,Ethernet,IPv4,TCP,N/A,v4,10.10.10.68,10.10.10.109,51940,1339,N/A,N/A,N/A,N/A,,,1
1759293210,eth1,66,Ethernet,IPv4,TCP,N/A,v4,10.10.10.109,10.10.10.68,1339,51940,N/A,N/A,N/A,N/A,,,1
1759293210,eth1,66,Ethernet,IPv4,TCP,N/A,v4,10.10.10.68,10.10.10.109,51940,1339,N/A,N/A,N/A,N/A,,,1
1759293210,eth1,66,Ethernet,IPv4,TCP,N/A,v4,10.10.10.109,10.10.10.68,1339,51940,N/A,N/A,N/A,N/A,,,1
1759293210,eth1,74,Ethernet,IPv4,TCP,N/A,v4,10.10.10.68,10.10.10.109,52118,1339,N/A,N/A,N/A,N/A,,,1
1759293210,eth1,74,Ethernet,IPv4,TCP,N/A,v4,10.10.10.109,10.10.10.68,1339,52118,N/A,N/A,N/A,N/A,,,1
1759293210,eth1,66,Ethernet,IPv4,TCP,N/A,v4,10.10.10.68,10.10.10.109,52118,1339,N/A,N/A,N/A,N/A,,,1
1759293210,eth1,212,Ethernet,IPv4,TCP,N/A,v4,10.10.10.68,10.10.10.109,52118,1339,N/A,N/A,N/A,N/A,,,1
1759293210,eth1,66,Ethernet,IPv4,TCP,N/A,v4,10.10.10.109,10.10.10.68,1339,52118,N/A,N/A,N/A,N/A,,,1
1759293210,eth1,221,Ethernet,IPv4,TCP,N/A,v4,10.10.10.109,10.10.10.68,1339,51948,N/A,N/A,N/A,N/A,,,1
1759293210,eth1,66,Ethernet,IPv4,TCP,N/A,v4,10.10.10.68,10.10.10.109,51948,1339,N/A,N/A,N/A,N/A,,,1
1759293210,eth1,66,Ethernet,IPv4,TCP,N/A,v4,10.10.10.109,10.10.10.68,1339,51948,N/A,N/A,N/A,N/A,,,1
1759293210,eth1,74,Ethernet,IPv4,TCP,N/A,v4,10.10.10.109,10.10.10.68,1339,52120,N/A,N/A,N/A,N/A,,,1
1759293210,eth1,66,Ethernet,IPv4,TCP,N/A,v4,10.10.10.68,10.10.10.109,52120,1339,N/A,N/A,N/A,N/A,,,1
1759293210,eth1,218,Ethernet,IPv4,TCP,N/A,v4,10.10.10.68,10.10.10.109,52120,1339,N/A,N/A,N/A,N/A,,,1
1759293210,eth1,66,Ethernet,IPv4,TCP,N/A,v4,10.10.10.109,10.10.10.68,1339,52120,N/A,N/A,N/A,N/A,,,1
1759293210,eth1,215,Ethernet,IPv4,TCP,N/A,v4,10.10.10.109,10.10.10.68,1339,51964,N/A,N/A,N/A,N/A,,,1
1759293210,eth1,66,Ethernet,IPv4,TCP,N/A,v4,10.10.10.68,10.10.10.109,51964,1339,N/A,N/A,N/A,N/A,,,1
1759293210,eth1,66,Ethernet,IPv4,TCP,N/A,v4,10.10.10.109,10.10.10.68,1339,51964,N/A,N/A,N/A,N/A,,,1
1759293210,eth1,74,Ethernet,IPv4,TCP,N/A,v4,10.10.10.109,10.10.10.68,1339,52126,N/A,N/A,N/A,N/A,,,1
1759293210,eth1,66,Ethernet,IPv4,TCP,N/A,v4,10.10.10.68,10.10.10.109,52126,1339,N/A,N/A,N/A,N/A,,,1
1759293210,eth1,212,Ethernet,IPv4,TCP,N/A,v4,10.10.10.68,10.10.10.109,52126,1339,N/A,N/A,N/A,N/A,,,1
1759293210,eth1,66,Ethernet,IPv4,TCP,N/A,v4,10.10.10.109,10.10.10.68,1339,52126,N/A,N/A,N/A,N/A,,,1
1759293210,eth1,219,Ethernet,IPv4,TCP,N/A,v4,10.10.10.109,10.10.10.68,1339,51976,N/A,N/A,N/A,N/A,,,1
1759293210,eth1,66,Ethernet,IPv4,TCP,N/A,v4,10.10.10.68,10.10.10.109,51976,1339,N/A,N/A,N/A,N/A,,,1
1759293210,eth1,66,Ethernet,IPv4,TCP,N/A,v4,10.10.10.109,10.10.10.68,1339,51976,N/A,N/A,N/A,N/A,,,1
1759293210,eth1,66,Ethernet,IPv4,TCP,N/A,v4,10.10.10.68,10.10.10.109,51976,1339,N/A,N/A,N/A,N/A,,,1
1759293210,eth1,66,Ethernet,IPv4,TCP,N/A,v4,10.10.10.109,10.10.10.68,1339,51976,N/A,N/A,N/A,N/A,,,1
1759293210,eth1,74,Ethernet,IPv4,TCP,N/A,v4,10.10.10.68,10.10.10.109,52138,1339,N/A,N/A,N/A,N/A,,,1
1759293210,eth1,74,Ethernet,IPv4,TCP,N/A,v4,10.10.10.109,10.10.10.68,1339,52138,N/A,N/A,N/A,N/A,,,1
1759293210,eth1,66,Ethernet,IPv4,TCP,N/A,v4,10.10.10.68,10.10.10.109,52138,1339,N/A,N/A,N/A,N/A,,,1
1759293210,eth1,216,Ethernet,IPv4,TCP,N/A,v4,10.10.10.68,10.10.10.109,52138,1339,N/A,N/A,N/A,N/A,,,1
1759293210,eth1,66,Ethernet,IPv4,TCP,N/A,v4,10.10.10.109,10.10.10.68,1339,52138,N/A,N/A,N/A,N/A,,,1
1759293210,eth1,224,Ethernet,IPv4,TCP,N/A,v4,10.10.10.109,10.10.10.68,1339,52008,N/A,N/A,N/A,N/A,,,1
1759293210,eth1,66,Ethernet,IPv4,TCP,N/A,v4,10.10.10.68,10.10.10.109,52008,1339,N/A,N/A,N/A,N/A,,,1
1759293210,eth1,66,Ethernet,IPv4,TCP,N/A,v4,10.10.10.109,10.10.10.68,1339,52008,N/A,N/A,N/A,N/A,,,1
1759293210,eth1,74,Ethernet,IPv4,TCP,N/A,v4,10.10.10.109,10.10.10.68,1339,52140,N/A,N/A,N/A,N/A,,,1
1759293210,eth1,66,Ethernet,IPv4,TCP,N/A,v4,10.10.10.68,10.10.10.109,52140,1339,N/A,N/A,N/A,N/A,,,1
1759293210,eth1,221,Ethernet,IPv4,TCP,N/A,v4,10.10.10.68,10.10.10.109,52140,1339,N/A,N/A,N/A,N/A,,,1
1759293210,any,267,N/A,IPv4,TCP,N/A,v4,10.10.10.109,10.10.10.68,1339,52158,N/A,N/A,N/A,N/A,,,1
1759293210,any,150,N/A,IPv4,TCP,N/A,v4,10.10.10.109,10.10.10.68,1339,52158,N/A,N/A,N/A,N/A,,,1
1759293210,any,68,N/A,IPv4,TCP,N/A,v4,10.10.10.109,10.10.10.68,1339,52158,N/A,N/A,N/A,N/A,,,1
1759293210,any,68,N/A,IPv4,TCP,N/A,v4,10.10.10.68,10.10.10.109,52158,1339,N/A,N/A,N/A,N/A,,,1
1759293210,any,68,N/A,IPv4,TCP,N/A,v4,10.10.10.109,10.10.10.68,1339,52158,N/A,N/A,N/A,N/A,,,1
1759293210,eth1,66,Ethernet,IPv4,TCP,N/A,v4,10.10.10.109,10.10.10.68,1339,52140,N/A,N/A,N/A,N/A,,,1
1759293210,eth1,220,Ethernet,IPv4,TCP,N/A,v4,10.10.10.109,10.10.10.68,1339,52042,N/A,N/A,N/A,N/A,,,1
1759293210,eth1,66,Ethernet,IPv4,TCP,N/A,v4,10.10.10.68,10.10.10.109,52042,1339,N/A,N/A,N/A,N/A,,,1
1759293210,eth1,546,Ethernet,IPv4,TCP,N/A,v4,10.10.10.109,10.10.10.68,1339,52042,N/A,N/A,N/A,N/A,,,1
1759293210,eth1,223,Ethernet,IPv4,TCP,N/A,v4,10.10.10.109,10.10.10.68,1339,52074,N/A,N/A,N/A,N/A,,,1
1759293210,eth1,66,Ethernet,IPv4,TCP,N/A,v4,10.10.10.68,10.10.10.109,52074,1339,N/A,N/A,N/A,N/A,,,1
1759293210,eth1,66,Ethernet,IPv4,TCP,N/A,v4,10.10.10.109,10.10.10.68,1339,52074,N/A,N/A,N/A,N/A,,,1
1759293210,eth1,74,Ethernet,IPv4,TCP,N/A,v4,10.10.10.109,10.10.10.68,1339,52148,N/A,N/A,N/A,N/A,,,1
1759293210,eth1,66,Ethernet,IPv4,TCP,N/A,v4,10.10.10.68,10.10.10.109,52148,1339,N/A,N/A,N/A,N/A,,,1
1759293210,eth1,220,Ethernet,IPv4,TCP,N/A,v4,10.10.10.68,10.10.10.109,52148,1339,N/A,N/A,N/A,N/A,,,1
1759293210,eth1,66,Ethernet,IPv4,TCP,N/A,v4,10.10.10.109,10.10.10.68,1339,52148,N/A,N/A,N/A,N/A,,,1
1759293210,eth1,220,Ethernet,IPv4,TCP,N/A,v4,10.10.10.109,10.10.10.68,1339,52118,N/A,N/A,N/A,N/A,,,1
1759293210,eth1,66,Ethernet,IPv4,TCP,N/A,v4,10.10.10.68,10.10.10.109,52118,1339,N/A,N/A,N/A,N/A,,,1
1759293210,eth1,505,Ethernet,IPv4,TCP,N/A,v4,10.10.10.109,10.10.10.68,1339,52118,N/A,N/A,N/A,N/A,,,1
1759293210,eth1,66,Ethernet,IPv4,TCP,N/A,v4,10.10.10.68,10.10.10.109,52118,1339,N/A,N/A,N/A,N/A,,,1
1759293210,eth1,66,Ethernet,IPv4,TCP,N/A,v4,10.10.10.109,10.10.10.68,1339,52118,N/A,N/A,N/A,N/A,,,1
1759293210,eth1,221,Ethernet,IPv4,TCP,N/A,v4,10.10.10.109,10.10.10.68,1339,52120,N/A,N/A,N/A,N/A,,,1
1759293210,eth1,66,Ethernet,IPv4,TCP,N/A,v4,10.10.10.68,10.10.10.109,52120,1339,N/A,N/A,N/A,N/A,,,1
1759293210,eth1,1402,Ethernet,IPv4,TCP,N/A,v4,10.10.10.109,10.10.10.68,1339,52120,N/A,N/A,N/A,N/A,,,1
1759293210,eth1,220,Ethernet,IPv4,TCP,N/A,v4,10.10.10.109,10.10.10.68,1339,52126,N/A,N/A,N/A,N/A,,,1
1759293210,eth1,66,Ethernet,IPv4,TCP,N/A,v4,10.10.10.68,10.10.10.109,52126,1339,N/A,N/A,N/A,N/A,,,1
1759293210,eth1,533,Ethernet,IPv4,TCP,N/A,v4,10.10.10.109,10.10.10.68,1339,52126,N/A,N/A,N/A,N/A,,,1
1759293210,eth1,74,Ethernet,IPv4,TCP,N/A,v4,10.10.10.68,10.10.10.109,52158,1339,N/A,N/A,N/A,N/A,,,1
1759293210,eth1,74,Ethernet,IPv4,TCP,N/A,v4,10.10.10.109,10.10.10.68,1339,52158,N/A,N/A,N/A,N/A,,,1
1759293210,eth1,66,Ethernet,IPv4,TCP,N/A,v4,10.10.10.68,10.10.10.109,52158,1339,N/A,N/A,N/A,N/A,,,1
1759293210,eth1,224,Ethernet,IPv4,TCP,N/A,v4,10.10.10.68,10.10.10.109,52158,1339,N/A,N/A,N/A,N/A,,,1
1759293210,eth1,66,Ethernet,IPv4,TCP,N/A,v4,10.10.10.109,10.10.10.68,1339,52158,N/A,N/A,N/A,N/A,,,1
1759293210,eth1,220,Ethernet,IPv4,TCP,N/A,v4,10.10.10.109,10.10.10.68,1339,52138,N/A,N/A,N/A,N/A,,,1
1759293210,eth1,66,Ethernet,IPv4,TCP,N/A,v4,10.10.10.68,10.10.10.109,52138,1339,N/A,N/A,N/A,N/A,,,1
1759293210,eth1,478,Ethernet,IPv4,TCP,N/A,v4,10.10.10.109,10.10.10.68,1339,52138,N/A,N/A,N/A,N/A,,,1
1759293210,eth1,66,Ethernet,IPv4,TCP,N/A,v4,10.10.10.68,10.10.10.109,52138,1339,N/A,N/A,N/A,N/A,,,1
1759293210,eth1,66,Ethernet,IPv4,TCP,N/A,v4,10.10.10.109,10.10.10.68,1339,52138,N/A,N/A,N/A,N/A,,,1
1759293210,eth1,220,Ethernet,IPv4,TCP,N/A,v4,10.10.10.109,10.10.10.68,1339,52140,N/A,N/A,N/A,N/A,,,1
1759293210,eth1,66,Ethernet,IPv4,TCP,N/A,v4,10.10.10.68,10.10.10.109,52140,1339,N/A,N/A,N/A,N/A,,,1
1759293210,eth1,492,Ethernet,IPv4,TCP,N/A,v4,10.10.10.109,10.10.10.68,1339,52140,N/A,N/A,N/A,N/A,,,1
1759293210,eth1,220,Ethernet,IPv4,TCP,N/A,v4,10.10.10.109,10.10.10.68,1339,52148,N/A,N/A,N/A,N/A,,,1
1759293210,eth1,66,Ethernet,IPv4,TCP,N/A,v4,10.10.10.68,10.10.10.109,52148,1339,N/A,N/A,N/A,N/A,,,1
1759293210,eth1,517,Ethernet,IPv4,TCP,N/A,v4,10.10.10.109,10.10.10.68,1339,52148,N/A,N/A,N/A,N/A,,,1
1759293210,eth1,66,Ethernet,IPv4,TCP,N/A,v4,10.10.10.68,10.10.10.109,52148,1339,N/A,N/A,N/A,N/A,,,1
1759293210,eth1,66,Ethernet,IPv4,TCP,N/A,v4,10.10.10.109,10.10.10.68,1339,52148,N/A,N/A,N/A,N/A,,,1
1759293210,eth1,265,Ethernet,IPv4,TCP,N/A,v4,10.10.10.109,10.10.10.68,1339,52158,N/A,N/A,N/A,N/A,,,1
1759293210,eth1,66,Ethernet,IPv4,TCP,N/A,v4,10.10.10.68,10.10.10.109,52158,1339,N/A,N/A,N/A,N/A,,,1
1759293210,eth1,148,Ethernet,IPv4,TCP,N/A,v4,10.10.10.109,10.10.10.68,1339,52158,N/A,N/A,N/A,N/A,,,1
1759293210,eth1,66,Ethernet,IPv4,TCP,N/A,v4,10.10.10.68,10.10.10.109,52158,1339,N/A,N/A,N/A,N/A,,,1
1759293210,eth1,66,Ethernet,IPv4,TCP,N/A,v4,10.10.10.109,10.10.10.68,1339,52158,N/A,N/A,N/A,N/A,,,1
1759293210,eth1,66,Ethernet,IPv4,TCP,N/A,v4,10.10.10.68,10.10.10.109,52158,1339,N/A,N/A,N/A,N/A,,,1
1759293210,eth1,66,Ethernet,IPv4,TCP,N/A,v4,10.10.10.109,10.10.10.68,1339,52158,N/A,N/A,N/A,N/A,,,1
1759293210,any,76,N/A,IPv4,TCP,N/A,v4,10.10.10.68,10.10.10.109,51292,1339,N/A,N/A,N/A,N/A,,,1
1759293210,eth1,74,Ethernet,IPv4,TCP,N/A,v4,10.10.10.68,10.10.10.109,51292,1339,N/A,N/A,N/A,N/A,,,1
1759293210,eth1,74,Ethernet,IPv4,TCP,N/A,v4,10.10.10.68,10.10.10.109,51290,1339,N/A,N/A,N/A,N/A,,,1
1759293210,eth1,74,Ethernet,IPv4,TCP,N/A,v4,10.10.10.68,10.10.10.109,51274,1339,N/A,N/A,N/A,N/A,,,1
1759293210,any,76,N/A,IPv4,TCP,N/A,v4,10.10.10.109,10.10.10.68,1339,51292,N/A,N/A,N/A,N/A,,,1
1759293210,eth1,74,Ethernet,IPv4,TCP,N/A,v4,10.10.10.109,10.10.10.68,1339,51292,N/A,N/A,N/A,N/A,,,1
1759293210,eth1,74,Ethernet,IPv4,TCP,N/A,v4,10.10.10.109,10.10.10.68,1339,51290,N/A,N/A,N/A,N/A,,,1
1759293210,eth1,74,Ethernet,IPv4,TCP,N/A,v4,10.10.10.109,10.10.10.68,1339,51274,N/A,N/A,N/A,N/A,,,1
1759293210,eth1,66,Ethernet,IPv4,TCP,N/A,v4,10.10.10.109,10.10.10.68,1339,51262,N/A,N/A,N/A,N/A,,,1
1759293210,any,214,N/A,IPv4,TCP,N/A,v4,10.10.10.109,10.10.10.68,1339,51292,N/A,N/A,N/A,N/A,,,1
1759293210,any,76,N/A,IPv4,TCP,N/A,v4,10.10.10.109,10.10.10.68,1339,52168,N/A,N/A,N/A,N/A,,,1
1759293210,any,215,N/A,IPv4,TCP,N/A,v4,10.10.10.109,10.10.10.68,1339,51290,N/A,N/A,N/A,N/A,,,1
1759293210,any,212,N/A,IPv4,TCP,N/A,v4,10.10.10.68,10.10.10.109,52174,1339,N/A,N/A,N/A,N/A,,,1
1759293210,any,68,N/A,IPv4,TCP,N/A,v4,10.10.10.109,10.10.10.68,1339,52174,N/A,N/A,N/A,N/A,,,1
1759293210,any,68,N/A,IPv4,TCP,N/A,v4,10.10.10.109,10.10.10.68,1339,52180,N/A,N/A,N/A,N/A,,,1
1759293210,eth1,212,Ethernet,IPv4,TCP,N/A,v4,10.10.10.109,10.10.10.68,1339,51292,N/A,N/A,N/A,N/A,,,1
1759293210,eth1,66,Ethernet,IPv4,TCP,N/A,v4,10.10.10.68,10.10.10.109,51292,1339,N/A,N/A,N/A,N/A,,,1
1759293210,eth1,66,Ethernet,IPv4,TCP,N/A,v4,10.10.10.109,10.10.10.68,1339,51292,N/A,N/A,N/A,N/A,,,1
1759293210,eth1,66,Ethernet,IPv4,TCP,N/A,v4,10.10.10.68,10.10.10.109,51292,1339,N/A,N/A,N/A,N/A,,,1
1759293210,eth1,66,Ethernet,IPv4,TCP,N/A,v4,10.10.10.109,10.10.10.68,1339,51292,N/A,N/A,N/A,N/A,,,1
1759293210,eth1,74,Ethernet,IPv4,TCP,N/A,v4,10.10.10.68,10.10.10.109,52168,1339,N/A,N/A,N/A,N/A,,,1
1759293210,eth1,74,Ethernet,IPv4,TCP,N/A,v4,10.10.10.109,10.10.10.68,1339,52168,N/A,N/A,N/A,N/A,,,1
1759293210,eth1,66,Ethernet,IPv4,TCP,N/A,v4,10.10.10.68,10.10.10.109,52168,1339,N/A,N/A,N/A,N/A,,,1
1759293210,eth1,213,Ethernet,IPv4,TCP,N/A,v4,10.10.10.109,10.10.10.68,1339,51290,N/A,N/A,N/A,N/A,,,1
1759293210,eth1,66,Ethernet,IPv4,TCP,N/A,v4,10.10.10.68,10.10.10.109,51290,1339,N/A,N/A,N/A,N/A,,,1
1759293210,eth1,66,Ethernet,IPv4,TCP,N/A,v4,10.10.10.109,10.10.10.68,1339,51290,N/A,N/A,N/A,N/A,,,1
1759293210,eth1,66,Ethernet,IPv4,TCP,N/A,v4,10.10.10.109,10.10.10.68,1339,51274,N/A,N/A,N/A,N/A,,,1
1759293210,eth1,210,Ethernet,IPv4,TCP,N/A,v4,10.10.10.68,10.10.10.109,52174,1339,N/A,N/A,N/A,N/A,,,1
1759293210,eth1,74,Ethernet,IPv4,TCP,N/A,v4,10.10.10.109,10.10.10.68,1339,52180,N/A,N/A,N/A,N/A,,,1
1759293210,eth1,66,Ethernet,IPv4,TCP,N/A,v4,10.10.10.68,10.10.10.109,52180,1339,N/A,N/A,N/A,N/A,,,1
1759293210,eth1,66,Ethernet,IPv4,TCP,N/A,v4,10.10.10.109,10.10.10.68,1339,52174,N/A,N/A,N/A,N/A,,,1
1759293210,eth1,219,Ethernet,IPv4,TCP,N/A,v4,10.10.10.68,10.10.10.109,52180,1339,N/A,N/A,N/A,N/A,,,1
1759293210,eth1,66,Ethernet,IPv4,TCP,N/A,v4,10.10.10.109,10.10.10.68,1339,52180,N/A,N/A,N/A,N/A,,,1
1759293210,eth1,220,Ethernet,IPv4,TCP,N/A,v4,10.10.10.109,10.10.10.68,1339,51262,N/A,N/A,N/A,N/A,,,1
1759293210,eth1,66,Ethernet,IPv4,TCP,N/A,v4,10.10.10.68,10.10.10.109,51262,1339,N/A,N/A,N/A,N/A,,,1
1759293210,eth1,597,Ethernet,IPv4,TCP,N/A,v4,10.10.10.109,10.10.10.68,1339,51262,N/A,N/A,N/A,N/A,,,1
1759293210,eth1,66,Ethernet,IPv4,TCP,N/A,v4,10.10.10.109,10.10.10.68,1339,51262,N/A,N/A,N/A,N/A,,,1
1759293210,eth1,74,Ethernet,IPv4,TCP,N/A,v4,10.10.10.68,10.10.10.109,52194,1339,N/A,N/A,N/A,N/A,,,1
1759293210,eth1,74,Ethernet,IPv4,TCP,N/A,v4,10.10.10.109,10.10.10.68,1339,52194,N/A,N/A,N/A,N/A,,,1
1759293210,eth1,66,Ethernet,IPv4,TCP,N/A,v4,10.10.10.68,10.10.10.109,52194,1339,N/A,N/A,N/A,N/A,,,1
1759293210,eth1,214,Ethernet,IPv4,TCP,N/A,v4,10.10.10.68,10.10.10.109,52194,1339,N/A,N/A,N/A,N/A,,,1
1759293210,eth1,66,Ethernet,IPv4,TCP,N/A,v4,10.10.10.109,10.10.10.68,1339,52194,N/A,N/A,N/A,N/A,,,1
1759293210,eth1,220,Ethernet,IPv4,TCP,N/A,v4,10.10.10.109,10.10.10.68,1339,52168,N/A,N/A,N/A,N/A,,,1
1759293210,eth1,66,Ethernet,IPv4,TCP,N/A,v4,10.10.10.68,10.10.10.109,52168,1339,N/A,N/A,N/A,N/A,,,1
1759293210,eth1,776,Ethernet,IPv4,TCP,N/A,v4,10.10.10.109,10.10.10.68,1339,52168,N/A,N/A,N/A,N/A,,,1
1759293210,eth1,66,Ethernet,IPv4,TCP,N/A,v4,10.10.10.68,10.10.10.109,52168,1339,N/A,N/A,N/A,N/A,,,1
1759293210,eth1,66,Ethernet,IPv4,TCP,N/A,v4,10.10.10.109,10.10.10.68,1339,52168,N/A,N/A,N/A,N/A,,,1
1759293210,any,222,N/A,IPv4,TCP,N/A,v4,10.10.10.109,10.10.10.68,1339,51262,N/A,N/A,N/A,N/A,,,1
1759293210,any,68,N/A,IPv4,TCP,N/A,v4,10.10.10.109,10.10.10.68,1339,51262,N/A,N/A,N/A,N/A,,,1
1759293210,any,76,N/A,IPv4,TCP,N/A,v4,10.10.10.68,10.10.10.109,52194,1339,N/A,N/A,N/A,N/A,,,1
1759293210,any,76,N/A,IPv4,TCP,N/A,v4,10.10.10.109,10.10.10.68,1339,52194,N/A,N/A,N/A,N/A,,,1
1759293210,any,216,N/A,IPv4,TCP,N/A,v4,10.10.10.68,10.10.10.109,52194,1339,N/A,N/A,N/A,N/A,,,1
1759293210,any,68,N/A,IPv4,TCP,N/A,v4,10.10.10.109,10.10.10.68,1339,52194,N/A,N/A,N/A,N/A,,,1
1759293210,any,222,N/A,IPv4,TCP,N/A,v4,10.10.10.109,10.10.10.68,1339,52168,N/A,N/A,N/A,N/A,,,1
1759293210,any,68,N/A,IPv4,TCP,N/A,v4,10.10.10.68,10.10.10.109,52168,1339,N/A,N/A,N/A,N/A,,,1
1759293210,any,76,N/A,IPv4,TCP,N/A,v4,10.10.10.68,10.10.10.109,52204,1339,N/A,N/A,N/A,N/A,,,1
1759293210,any,222,N/A,IPv4,TCP,N/A,v4,10.10.10.68,10.10.10.109,52204,1339,N/A,N/A,N/A,N/A,,,1
1759293210,any,68,N/A,IPv4,TCP,N/A,v4,10.10.10.109,10.10.10.68,1339,52204,N/A,N/A,N/A,N/A,,,1
1759293210,any,223,N/A,IPv4,TCP,N/A,v4,10.10.10.109,10.10.10.68,1339,52174,N/A,N/A,N/A,N/A,,,1
1759293210,any,68,N/A,IPv4,TCP,N/A,v4,10.10.10.109,10.10.10.68,1339,52174,N/A,N/A,N/A,N/A,,,1
1759293210,eth1,74,Ethernet,IPv4,TCP,N/A,v4,10.10.10.68,10.10.10.109,52204,1339,N/A,N/A,N/A,N/A,,,1
1759293210,eth1,74,Ethernet,IPv4,TCP,N/A,v4,10.10.10.109,10.10.10.68,1339,52204,N/A,N/A,N/A,N/A,,,1
1759293210,eth1,66,Ethernet,IPv4,TCP,N/A,v4,10.10.10.68,10.10.10.109,52204,1339,N/A,N/A,N/A,N/A,,,1
1759293210,eth1,220,Ethernet,IPv4,TCP,N/A,v4,10.10.10.68,10.10.10.109,52204,1339,N/A,N/A,N/A,N/A,,,1
1759293210,eth1,66,Ethernet,IPv4,TCP,N/A,v4,10.10.10.109,10.10.10.68,1339,52204,N/A,N/A,N/A,N/A,,,1
1759293210,eth1,221,Ethernet,IPv4,TCP,N/A,v4,10.10.10.109,10.10.10.68,1339,52174,N/A,N/A,N/A,N/A,,,1
1759293210,eth1,1302,Ethernet,IPv4,TCP,N/A,v4,10.10.10.109,10.10.10.68,1339,52174,N/A,N/A,N/A,N/A,,,1
1759293210,eth1,66,Ethernet,IPv4,TCP,N/A,v4,10.10.10.68,10.10.10.109,52174,1339,N/A,N/A,N/A,N/A,,,1
1759293210,eth1,66,Ethernet,IPv4,TCP,N/A,v4,10.10.10.109,10.10.10.68,1339,52174,N/A,N/A,N/A,N/A,,,1
1759293210,any,223,N/A,IPv4,TCP,N/A,v4,10.10.10.109,10.10.10.68,1339,52180,N/A,N/A,N/A,N/A,,,1
1759293210,any,852,N/A,IPv4,TCP,N/A,v4,10.10.10.109,10.10.10.68,1339,52180,N/A,N/A,N/A,N/A,,,1
1759293210,eth1,221,Ethernet,IPv4,TCP,N/A,v4,10.10.10.109,10.10.10.68,1339,52180,N/A,N/A,N/A,N/A,,,1
1759293210,eth1,1514,Ethernet,IPv4,TCP,N/A,v4,10.10.10.109,10.10.10.68,1339,52180,N/A,N/A,N/A,N/A,,,1
1759293210,eth1,66,Ethernet,IPv4,TCP,N/A,v4,10.10.10.68,10.10.10.109,52180,1339,N/A,N/A,N/A,N/A,,,1
1759293210,eth1,850,Ethernet,IPv4,TCP,N/A,v4,10.10.10.109,10.10.10.68,1339,52180,N/A,N/A,N/A,N/A,,,1
1759293210,eth1,66,Ethernet,IPv4,TCP,N/A,v4,10.10.10.68,10.10.10.109,52180,1339,N/A,N/A,N/A,N/A,,,1
1759293210,eth1,218,Ethernet,IPv4,TCP,N/A,v4,10.10.10.109,10.10.10.68,1339,52194,N/A,N/A,N/A,N/A,,,1
1759293210,eth1,66,Ethernet,IPv4,TCP,N/A,v4,10.10.10.109,10.10.10.68,1339,52180,N/A,N/A,N/A,N/A,,,1
1759293210,eth1,66,Ethernet,IPv4,TCP,N/A,v4,10.10.10.68,10.10.10.109,52194,1339,N/A,N/A,N/A,N/A,,,1
1759293210,eth1,74,Ethernet,IPv4,TCP,N/A,v4,10.10.10.68,10.10.10.109,52218,1339,N/A,N/A,N/A,N/A,,,1
1759293210,eth1,66,Ethernet,IPv4,TCP,N/A,v4,10.10.10.109,10.10.10.68,1339,52194,N/A,N/A,N/A,N/A,,,1
1759293210,eth1,74,Ethernet,IPv4,TCP,N/A,v4,10.10.10.68,10.10.10.109,52230,1339,N/A,N/A,N/A,N/A,,,1
1759293210,eth1,74,Ethernet,IPv4,TCP,N/A,v4,10.10.10.109,10.10.10.68,1339,52218,N/A,N/A,N/A,N/A,,,1
1759293210,eth1,66,Ethernet,IPv4,TCP,N/A,v4,10.10.10.68,10.10.10.109,52218,1339,N/A,N/A,N/A,N/A,,,1
1759293210,eth1,66,Ethernet,IPv4,TCP,N/A,v4,10.10.10.109,10.10.10.68,1339,52204,N/A,N/A,N/A,N/A,,,1
1759293210,eth1,66,Ethernet,IPv4,TCP,N/A,v4,10.10.10.68,10.10.10.109,52204,1339,N/A,N/A,N/A,N/A,,,1
1759293210,eth1,66,Ethernet,IPv4,TCP,N/A,v4,10.10.10.109,10.10.10.68,1339,52204,N/A,N/A,N/A,N/A,,,1
1759293210,eth1,215,Ethernet,IPv4,TCP,N/A,v4,10.10.10.68,10.10.10.109,52218,1339,N/A,N/A,N/A,N/A,,,1
1759293210,eth1,66,Ethernet,IPv4,TCP,N/A,v4,10.10.10.109,10.10.10.68,1339,52218,N/A,N/A,N/A,N/A,,,1
1759293210,eth1,221,Ethernet,IPv4,TCP,N/A,v4,10.10.10.68,10.10.10.109,52238,1339,N/A,N/A,N/A,N/A,,,1
1759293210,eth1,66,Ethernet,IPv4,TCP,N/A,v4,10.10.10.109,10.10.10.68,1339,52238,N/A,N/A,N/A,N/A,,,1
1759293210,eth1,221,Ethernet,IPv4,TCP,N/A,v4,10.10.10.68,10.10.10.109,52230,1339,N/A,N/A,N/A,N/A,,,1
1759293210,eth1,66,Ethernet,IPv4,TCP,N/A,v4,10.10.10.109,10.10.10.68,1339,52230,N/A,N/A,N/A,N/A,,,1
1759293210,any,68,N/A,IPv4,TCP,N/A,v4,10.10.10.68,10.10.10.109,52194,1339,N/A,N/A,N/A,N/A,,,1
1759293210,any,76,N/A,IPv4,TCP,N/A,v4,10.10.10.68,10.10.10.109,52230,1339,N/A,N/A,N/A,N/A,,,1
1759293210,any,226,N/A,IPv4,TCP,N/A,v4,10.10.10.109,10.10.10.68,1339,52204,N/A,N/A,N/A,N/A,,,1
1759293210,any,68,N/A,IPv4,TCP,N/A,v4,10.10.10.109,10.10.10.68,1339,52218,N/A,N/A,N/A,N/A,,,1
1759293210,any,68,N/A,IPv4,TCP,N/A,v4,10.10.10.109,10.10.10.68,1339,52238,N/A,N/A,N/A,N/A,,,1
1759293210,any,223,N/A,IPv4,TCP,N/A,v4,10.10.10.68,10.10.10.109,52230,1339,N/A,N/A,N/A,N/A,,,1
1759293210,any,68,N/A,IPv4,TCP,N/A,v4,10.10.10.109,10.10.10.68,1339,52230,N/A,N/A,N/A,N/A,,,1
1759293210,any,68,N/A,IPv4,TCP,N/A,v4,10.10.10.68,10.10.10.109,52218,1339,N/A,N/A,N/A,N/A,,,1
1759293210,any,227,N/A,IPv4,TCP,N/A,v4,10.10.10.109,10.10.10.68,1339,52230,N/A,N/A,N/A,N/A,,,1
1759293210,any,68,N/A,IPv4,TCP,N/A,v4,10.10.10.109,10.10.10.68,1339,52230,N/A,N/A,N/A,N/A,,,1
1759293210,any,68,N/A,IPv4,TCP,N/A,v4,10.10.10.68,10.10.10.109,52230,1339,N/A,N/A,N/A,N/A,,,1
1759293210,any,68,N/A,IPv4,TCP,N/A,v4,10.10.10.109,10.10.10.68,1339,52230,N/A,N/A,N/A,N/A,,,1
1759293210,any,76,N/A,IPv4,TCP,N/A,v4,10.10.10.68,10.10.10.109,52240,1339,N/A,N/A,N/A,N/A,,,1
1759293210,any,76,N/A,IPv4,TCP,N/A,v4,10.10.10.109,10.10.10.68,1339,52240,N/A,N/A,N/A,N/A,,,1
1759293210,any,224,N/A,IPv4,TCP,N/A,v4,10.10.10.68,10.10.10.109,52240,1339,N/A,N/A,N/A,N/A,,,1
1759293210,any,68,N/A,IPv4,TCP,N/A,v4,10.10.10.109,10.10.10.68,1339,52240,N/A,N/A,N/A,N/A,,,1
1759293210,eth1,220,Ethernet,IPv4,TCP,N/A,v4,10.10.10.109,10.10.10.68,1339,52218,N/A,N/A,N/A,N/A,,,1
1759293210,eth1,66,Ethernet,IPv4,TCP,N/A,v4,10.10.10.68,10.10.10.109,52218,1339,N/A,N/A,N/A,N/A,,,1
1759293210,eth1,644,Ethernet,IPv4,TCP,N/A,v4,10.10.10.109,10.10.10.68,1339,52218,N/A,N/A,N/A,N/A,,,1
1759293210,eth1,66,Ethernet,IPv4,TCP,N/A,v4,10.10.10.68,10.10.10.109,52218,1339,N/A,N/A,N/A,N/A,,,1
1759293210,eth1,66,Ethernet,IPv4,TCP,N/A,v4,10.10.10.68,10.10.10.109,52218,1339,N/A,N/A,N/A,N/A,,,1
1759293210,eth1,70,Ethernet,IPv6,ICMP,N/A,v6,fe80::103b:bdff:fef0:169,ff02::204,N/A,N/A,N/A,N/A,N/A,N/A,,,1
1759293210,eth1,225,Ethernet,IPv4,TCP,N/A,v4,10.10.10.109,10.10.10.68,1339,52230,N/A,N/A,N/A,N/A,,,1
1759293210,eth1,66,Ethernet,IPv4,TCP,N/A,v4,10.10.10.68,10.10.10.109,52230,1339,N/A,N/A,N/A,N/A,,,1
1759293210,eth1,66,Ethernet,IPv4,TCP,N/A,v4,10.10.10.109,10.10.10.68,1339,52230,N/A,N/A,N/A,N/A,,,1
1759293210,eth1,66,Ethernet,IPv4,TCP,N/A,v4,10.10.10.68,10.10.10.109,52230,1339,N/A,N/A,N/A,N/A,,,1
1759293210,eth1,66,Ethernet,IPv4,TCP,N/A,v4,10.10.10.109,10.10.10.68,1339,52230,N/A,N/A,N/A,N/A,,,1
1759293210,eth1,74,Ethernet,IPv4,TCP,N/A,v4,10.10.10.68,10.10.10.109,52240,1339,N/A,N/A,N/A,N/A,,,1
1759293210,eth1,74,Ethernet,IPv4,TCP,N/A,v4,10.10.10.109,10.10.10.68,1339,52240,N/A,N/A,N/A,N/A,,,1
1759293210,eth1,66,Ethernet,IPv4,TCP,N/A,v4,10.10.10.68,10.10.10.109,52240,1339,N/A,N/A,N/A,N/A,,,1
1759293210,eth0,70,Ethernet,IPv6,ICMP,N/A,v6,fe80::ecf9:eff:fefb:55,ff02::204,N/A,N/A,N/A,N/A,N/A,N/A,,,1
1759293210,any,222,N/A,IPv4,TCP,N/A,v4,10.10.10.109,10.10.10.68,1339,52238,N/A,N/A,N/A,N/A,,,1
1759293210,any,76,N/A,IPv4,TCP,N/A,v4,10.10.10.68,10.10.10.109,51320,1339,N/A,N/A,N/A,N/A,,,1
1759293210,any,76,N/A,IPv4,TCP,N/A,v4,10.10.10.109,10.10.10.68,1339,51320,N/A,N/A,N/A,N/A,,,1
1759293210,any,68,N/A,IPv4,TCP,N/A,v4,10.10.10.109,10.10.10.68,1339,51304,N/A,N/A,N/A,N/A,,,1
1759293210,any,223,N/A,IPv4,TCP,N/A,v4,10.10.10.109,10.10.10.68,1339,52240,N/A,N/A,N/A,N/A,,,1
1759293210,any,167,N/A,IPv4,TCP,N/A,v4,10.10.10.109,10.10.10.68,1339,52240,N/A,N/A,N/A,N/A,,,1
1759293210,eth1,222,Ethernet,IPv4,TCP,N/A,v4,10.10.10.68,10.10.10.109,52240,1339,N/A,N/A,N/A,N/A,,,1
1759293210,eth1,66,Ethernet,IPv4,TCP,N/A,v4,10.10.10.109,10.10.10.68,1339,52240,N/A,N/A,N/A,N/A,,,1
1759293210,eth1,220,Ethernet,IPv4,TCP,N/A,v4,10.10.10.109,10.10.10.68,1339,52238,N/A,N/A,N/A,N/A,,,1
1759293210,eth1,895,Ethernet,IPv4,TCP,N/A,v4,10.10.10.109,10.10.10.68,1339,52238,N/A,N/A,N/A,N/A,,,1
1759293210,eth1,66,Ethernet,IPv4,TCP,N/A,v4,10.10.10.68,10.10.10.109,52238,1339,N/A,N/A,N/A,N/A,,,1
1759293210,eth1,66,Ethernet,IPv4,TCP,N/A,v4,10.10.10.68,10.10.10.109,52238,1339,N/A,N/A,N/A,N/A,,,1
1759293210,eth1,66,Ethernet,IPv4,TCP,N/A,v4,10.10.10.68,10.10.10.109,52238,1339,N/A,N/A,N/A,N/A,,,1
1759293210,eth1,66,Ethernet,IPv4,TCP,N/A,v4,10.10.10.109,10.10.10.68,1339,52238,N/A,N/A,N/A,N/A,,,1
1759293210,eth1,74,Ethernet,IPv4,TCP,N/A,v4,10.10.10.68,10.10.10.109,51320,1339,N/A,N/A,N/A,N/A,,,1
1759293210,eth1,74,Ethernet,IPv4,TCP,N/A,v4,10.10.10.68,10.10.10.109,51310,1339,N/A,N/A,N/A,N/A,,,1
1759293210,eth1,74,Ethernet,IPv4,TCP,N/A,v4,10.10.10.68,10.10.10.109,51304,1339,N/A,N/A,N/A,N/A,,,1
1759293210,eth1,74,Ethernet,IPv4,TCP,N/A,v4,10.10.10.109,10.10.10.68,1339,51320,N/A,N/A,N/A,N/A,,,1
1759293210,eth1,74,Ethernet,IPv4,TCP,N/A,v4,10.10.10.109,10.10.10.68,1339,51310,N/A,N/A,N/A,N/A,,,1
1759293210,eth1,74,Ethernet,IPv4,TCP,N/A,v4,10.10.10.109,10.10.10.68,1339,51304,N/A,N/A,N/A,N/A,,,1
1759293210,eth1,221,Ethernet,IPv4,TCP,N/A,v4,10.10.10.109,10.10.10.68,1339,52240,N/A,N/A,N/A,N/A,,,1
1759293210,eth1,66,Ethernet,IPv4,TCP,N/A,v4,10.10.10.68,10.10.10.109,52240,1339,N/A,N/A,N/A,N/A,,,1
1759293210,eth1,1514,Ethernet,IPv4,TCP,N/A,v4,10.10.10.109,10.10.10.68,1339,52240,N/A,N/A,N/A,N/A,,,1
1759293210,eth1,165,Ethernet,IPv4,TCP,N/A,v4,10.10.10.109,10.10.10.68,1339,52240,N/A,N/A,N/A,N/A,,,1
1759293210,eth1,66,Ethernet,IPv4,TCP,N/A,v4,10.10.10.68,10.10.10.109,52240,1339,N/A,N/A,N/A,N/A,,,1
1759293210,eth1,66,Ethernet,IPv4,TCP,N/A,v4,10.10.10.109,10.10.10.68,1339,52240,N/A,N/A,N/A,N/A,,,1
1759293210,eth1,66,Ethernet,IPv4,TCP,N/A,v4,10.10.10.68,10.10.10.109,52240,1339,N/A,N/A,N/A,N/A,,,1
1759293210,eth1,66,Ethernet,IPv4,TCP,N/A,v4,10.10.10.109,10.10.10.68,1339,52240,N/A,N/A,N/A,N/A,,,1
1759293210,eth1,220,Ethernet,IPv4,TCP,N/A,v4,10.10.10.109,10.10.10.68,1339,51320,N/A,N/A,N/A,N/A,,,1
1759293210,eth1,66,Ethernet,IPv4,TCP,N/A,v4,10.10.10.68,10.10.10.109,51320,1339,N/A,N/A,N/A,N/A,,,1
1759293210,eth1,66,Ethernet,IPv4,TCP,N/A,v4,10.10.10.109,10.10.10.68,1339,51320,N/A,N/A,N/A,N/A,,,1
1759293210,eth1,66,Ethernet,IPv4,TCP,N/A,v4,10.10.10.68,10.10.10.109,51320,1339,N/A,N/A,N/A,N/A,,,1
1759293210,eth1,74,Ethernet,IPv4,TCP,N/A,v4,10.10.10.68,10.10.10.109,52256,1339,N/A,N/A,N/A,N/A,,,1
1759293210,eth1,66,Ethernet,IPv4,TCP,N/A,v4,10.10.10.109,10.10.10.68,1339,51320,N/A,N/A,N/A,N/A,,,1
1759293210,eth1,74,Ethernet,IPv4,TCP,N/A,v4,10.10.10.109,10.10.10.68,1339,52256,N/A,N/A,N/A,N/A,,,1
1759293210,eth1,66,Ethernet,IPv4,TCP,N/A,v4,10.10.10.68,10.10.10.109,52256,1339,N/A,N/A,N/A,N/A,,,1
1759293210,eth1,217,Ethernet,IPv4,TCP,N/A,v4,10.10.10.68,10.10.10.109,52256,1339,N/A,N/A,N/A,N/A,,,1
1759293210,eth1,66,Ethernet,IPv4,TCP,N/A,v4,10.10.10.109,10.10.10.68,1339,52256,N/A,N/A,N/A,N/A,,,1
1759293210,eth1,213,Ethernet,IPv4,TCP,N/A,v4,10.10.10.109,10.10.10.68,1339,51310,N/A,N/A,N/A,N/A,,,1
1759293210,eth1,66,Ethernet,IPv4,TCP,N/A,v4,10.10.10.68,10.10.10.109,51310,1339,N/A,N/A,N/A,N/A,,,1
1759293210,eth1,66,Ethernet,IPv4,TCP,N/A,v4,10.10.10.109,10.10.10.68,1339,51310,N/A,N/A,N/A,N/A,,,1
1759293210,eth1,74,Ethernet,IPv4,TCP,N/A,v4,10.10.10.109,10.10.10.68,1339,52262,N/A,N/A,N/A,N/A,,,1
1759293210,eth1,66,Ethernet,IPv4,TCP,N/A,v4,10.10.10.68,10.10.10.109,52262,1339,N/A,N/A,N/A,N/A,,,1
1759293210,eth1,210,Ethernet,IPv4,TCP,N/A,v4,10.10.10.68,10.10.10.109,52262,1339,N/A,N/A,N/A,N/A,,,1
1759293210,eth1,66,Ethernet,IPv4,TCP,N/A,v4,10.10.10.109,10.10.10.68,1339,52262,N/A,N/A,N/A,N/A,,,1
1759293210,any,68,N/A,IPv4,TCP,N/A,v4,10.10.10.68,10.10.10.109,52240,1339,N/A,N/A,N/A,N/A,,,1
1759293210,any,68,N/A,IPv4,TCP,N/A,v4,10.10.10.109,10.10.10.68,1339,52240,N/A,N/A,N/A,N/A,,,1
1759293210,any,222,N/A,IPv4,TCP,N/A,v4,10.10.10.109,10.10.10.68,1339,51320,N/A,N/A,N/A,N/A,,,1
1759293210,any,68,N/A,IPv4,TCP,N/A,v4,10.10.10.68,10.10.10.109,51320,1339,N/A,N/A,N/A,N/A,,,1
1759293210,any,68,N/A,IPv4,TCP,N/A,v4,10.10.10.109,10.10.10.68,1339,51320,N/A,N/A,N/A,N/A,,,1
1759293210,any,76,N/A,IPv4,TCP,N/A,v4,10.10.10.109,10.10.10.68,1339,52256,N/A,N/A,N/A,N/A,,,1
1759293210,any,219,N/A,IPv4,TCP,N/A,v4,10.10.10.68,10.10.10.109,52256,1339,N/A,N/A,N/A,N/A,,,1
1759293210,any,215,N/A,IPv4,TCP,N/A,v4,10.10.10.109,10.10.10.68,1339,51310,N/A,N/A,N/A,N/A,,,1
1759293210,any,76,N/A,IPv4,TCP,N/A,v4,10.10.10.109,10.10.10.68,1339,52262,N/A,N/A,N/A,N/A,,,1
1759293210,any,212,N/A,IPv4,TCP,N/A,v4,10.10.10.68,10.10.10.109,52262,1339,N/A,N/A,N/A,N/A,,,1
1759293210,any,68,N/A,IPv4,TCP,N/A,v4,10.10.10.109,10.10.10.68,1339,52262,N/A,N/A,N/A,N/A,,,1
1759293210,any,212,N/A,IPv4,TCP,N/A,v4,10.10.10.109,10.10.10.68,1339,51304,N/A,N/A,N/A,N/A,,,1
1759293210,any,76,N/A,IPv4,TCP,N/A,v4,10.10.10.109,10.10.10.68,1339,52270,N/A,N/A,N/A,N/A,,,1
1759293210,any,209,N/A,IPv4,TCP,N/A,v4,10.10.10.68,10.10.10.109,52270,1339,N/A,N/A,N/A,N/A,,,1
1759293210,eth1,210,Ethernet,IPv4,TCP,N/A,v4,10.10.10.109,10.10.10.68,1339,51304,N/A,N/A,N/A,N/A,,,1
1759293210,eth1,66,Ethernet,IPv4,TCP,N/A,v4,10.10.10.68,10.10.10.109,51304,1339,N/A,N/A,N/A,N/A,,,1
1759293210,eth1,66,Ethernet,IPv4,TCP,N/A,v4,10.10.10.109,10.10.10.68,1339,51304,N/A,N/A,N/A,N/A,,,1
1759293210,eth1,74,Ethernet,IPv4,TCP,N/A,v4,10.10.10.109,10.10.10.68,1339,52270,N/A,N/A,N/A,N/A,,,1
1759293210,eth1,66,Ethernet,IPv4,TCP,N/A,v4,10.10.10.68,10.10.10.109,52270,1339,N/A,N/A,N/A,N/A,,,1
1759293210,eth1,207,Ethernet,IPv4,TCP,N/A,v4,10.10.10.68,10.10.10.109,52270,1339,N/A,N/A,N/A,N/A,,,1
1759293210,eth1,66,Ethernet,IPv4,TCP,N/A,v4,10.10.10.109,10.10.10.68,1339,52270,N/A,N/A,N/A,N/A,,,1
1759293210,any,223,N/A,IPv4,TCP,N/A,v4,10.10.10.109,10.10.10.68,1339,52256,N/A,N/A,N/A,N/A,,,1
1759293210,any,1516,N/A,IPv4,TCP,N/A,v4,10.10.10.109,10.10.10.68,1339,52256,N/A,N/A,N/A,N/A,,,1
1759293210,any,68,N/A,IPv4,TCP,N/A,v4,10.10.10.68,10.10.10.109,52256,1339,N/A,N/A,N/A,N/A,,,1
1759293210,any,68,N/A,IPv4,TCP,N/A,v4,10.10.10.68,10.10.10.109,52262,1339,N/A,N/A,N/A,N/A,,,1
1759293210,eth1,221,Ethernet,IPv4,TCP,N/A,v4,10.10.10.109,10.10.10.68,1339,52256,N/A,N/A,N/A,N/A,,,1
1759293210,eth1,66,Ethernet,IPv4,TCP,N/A,v4,10.10.10.68,10.10.10.109,52256,1339,N/A,N/A,N/A,N/A,,,1
1759293210,eth1,1514,Ethernet,IPv4,TCP,N/A,v4,10.10.10.109,10.10.10.68,1339,52256,N/A,N/A,N/A,N/A,,,1
1759293210,eth1,66,Ethernet,IPv4,TCP,N/A,v4,10.10.10.68,10.10.10.109,52256,1339,N/A,N/A,N/A,N/A,,,1
1759293210,eth1,66,Ethernet,IPv4,TCP,N/A,v4,10.10.10.109,10.10.10.68,1339,52256,N/A,N/A,N/A,N/A,,,1
1759293210,eth1,220,Ethernet,IPv4,TCP,N/A,v4,10.10.10.109,10.10.10.68,1339,52262,N/A,N/A,N/A,N/A,,,1
1759293210,eth1,66,Ethernet,IPv4,TCP,N/A,v4,10.10.10.68,10.10.10.109,52262,1339,N/A,N/A,N/A,N/A,,,1
1759293210,eth1,66,Ethernet,IPv4,TCP,N/A,v4,10.10.10.68,10.10.10.109,52262,1339,N/A,N/A,N/A,N/A,,,1
1759293210,eth1,66,Ethernet,IPv4,TCP,N/A,v4,10.10.10.109,10.10.10.68,1339,52262,N/A,N/A,N/A,N/A,,,1
1759293210,eth1,74,Ethernet,IPv4,TCP,N/A,v4,10.10.10.68,10.10.10.109,52272,1339,N/A,N/A,N/A,N/A,,,1
1759293210,eth1,220,Ethernet,IPv4,TCP,N/A,v4,10.10.10.109,10.10.10.68,1339,52270,N/A,N/A,N/A,N/A,,,1
1759293210,eth1,74,Ethernet,IPv4,TCP,N/A,v4,10.10.10.109,10.10.10.68,1339,52272,N/A,N/A,N/A,N/A,,,1
1759293210,eth1,66,Ethernet,IPv4,TCP,N/A,v4,10.10.10.68,10.10.10.109,52270,1339,N/A,N/A,N/A,N/A,,,1
1759293210,eth1,221,Ethernet,IPv4,TCP,N/A,v4,10.10.10.68,10.10.10.109,52272,1339,N/A,N/A,N/A,N/A,,,1
1759293210,eth1,66,Ethernet,IPv4,TCP,N/A,v4,10.10.10.109,10.10.10.68,1339,52272,N/A,N/A,N/A,N/A,,,1
1759293210,eth1,74,Ethernet,IPv4,TCP,N/A,v4,10.10.10.68,10.10.10.109,52288,1339,N/A,N/A,N/A,N/A,,,1
1759293210,eth1,74,Ethernet,IPv4,TCP,N/A,v4,10.10.10.109,10.10.10.68,1339,52288,N/A,N/A,N/A,N/A,,,1
1759293210,eth1,66,Ethernet,IPv4,TCP,N/A,v4,10.10.10.68,10.10.10.109,52288,1339,N/A,N/A,N/A,N/A,,,1
1759293210,eth1,218,Ethernet,IPv4,TCP,N/A,v4,10.10.10.68,10.10.10.109,52288,1339,N/A,N/A,N/A,N/A,,,1
1759293210,eth1,66,Ethernet,IPv4,TCP,N/A,v4,10.10.10.109,10.10.10.68,1339,52288,N/A,N/A,N/A,N/A,,,1
1759293210,any,76,N/A,IPv4,TCP,N/A,v4,10.10.10.68,10.10.10.109,52272,1339,N/A,N/A,N/A,N/A,,,1
1759293210,any,222,N/A,IPv4,TCP,N/A,v4,10.10.10.109,10.10.10.68,1339,52270,N/A,N/A,N/A,N/A,,,1
1759293210,any,223,N/A,IPv4,TCP,N/A,v4,10.10.10.68,10.10.10.109,52272,1339,N/A,N/A,N/A,N/A,,,1
1759293210,any,68,N/A,IPv4,TCP,N/A,v4,10.10.10.109,10.10.10.68,1339,52272,N/A,N/A,N/A,N/A,,,1
1759293210,any,76,N/A,IPv4,TCP,N/A,v4,10.10.10.68,10.10.10.109,52288,1339,N/A,N/A,N/A,N/A,,,1
1759293210,any,76,N/A,IPv4,TCP,N/A,v4,10.10.10.109,10.10.10.68,1339,52288,N/A,N/A,N/A,N/A,,,1
1759293210,any,220,N/A,IPv4,TCP,N/A,v4,10.10.10.68,10.10.10.109,52288,1339,N/A,N/A,N/A,N/A,,,1
1759293210,any,68,N/A,IPv4,TCP,N/A,v4,10.10.10.109,10.10.10.68,1339,52288,N/A,N/A,N/A,N/A,,,1
1759293210,eth1,225,Ethernet,IPv4,TCP,N/A,v4,10.10.10.109,10.10.10.68,1339,52272,N/A,N/A,N/A,N/A,,,1
1759293210,eth1,66,Ethernet,IPv4,TCP,N/A,v4,10.10.10.68,10.10.10.109,52272,1339,N/A,N/A,N/A,N/A,,,1
1759293210,eth1,66,Ethernet,IPv4,TCP,N/A,v4,10.10.10.109,10.10.10.68,1339,52272,N/A,N/A,N/A,N/A,,,1
1759293210,eth1,66,Ethernet,IPv4,TCP,N/A,v4,10.10.10.68,10.10.10.109,52272,1339,N/A,N/A,N/A,N/A,,,1
1759293210,eth1,222,Ethernet,IPv4,TCP,N/A,v4,10.10.10.109,10.10.10.68,1339,52288,N/A,N/A,N/A,N/A,,,1
1759293210,eth1,66,Ethernet,IPv4,TCP,N/A,v4,10.10.10.109,10.10.10.68,1339,52272,N/A,N/A,N/A,N/A,,,1
1759293210,eth1,74,Ethernet,IPv4,TCP,N/A,v4,10.10.10.109,10.10.10.68,1339,52290,N/A,N/A,N/A,N/A,,,1
1759293210,eth1,66,Ethernet,IPv4,TCP,N/A,v4,10.10.10.68,10.10.10.109,52290,1339,N/A,N/A,N/A,N/A,,,1
1759293210,eth1,222,Ethernet,IPv4,TCP,N/A,v4,10.10.10.68,10.10.10.109,52290,1339,N/A,N/A,N/A,N/A,,,1
1759293210,eth1,66,Ethernet,IPv4,TCP,N/A,v4,10.10.10.109,10.10.10.68,1339,52290,N/A,N/A,N/A,N/A,,,1
1759293210,eth1,66,Ethernet,IPv4,TCP,N/A,v4,10.10.10.68,10.10.10.109,52288,1339,N/A,N/A,N/A,N/A,,,1
1759293210,eth1,66,Ethernet,IPv4,TCP,N/A,v4,10.10.10.109,10.10.10.68,1339,52288,N/A,N/A,N/A,N/A,,,1
1759293210,eth1,74,Ethernet,IPv4,TCP,N/A,v4,10.10.10.68,10.10.10.109,52298,1339,N/A,N/A,N/A,N/A,,,1
1759293210,eth1,74,Ethernet,IPv4,TCP,N/A,v4,10.10.10.109,10.10.10.68,1339,52298,N/A,N/A,N/A,N/A,,,1
1759293210,eth1,66,Ethernet,IPv4,TCP,N/A,v4,10.10.10.68,10.10.10.109,52298,1339,N/A,N/A,N/A,N/A,,,1
1759293210,eth1,219,Ethernet,IPv4,TCP,N/A,v4,10.10.10.68,10.10.10.109,52298,1339,N/A,N/A,N/A,N/A,,,1
1759293210,eth1,66,Ethernet,IPv4,TCP,N/A,v4,10.10.10.109,10.10.10.68,1339,52298,N/A,N/A,N/A,N/A,,,1
1759293210,eth1,220,Ethernet,IPv4,TCP,N/A,v4,10.10.10.109,10.10.10.68,1339,52290,N/A,N/A,N/A,N/A,,,1
1759293210,eth1,66,Ethernet,IPv4,TCP,N/A,v4,10.10.10.68,10.10.10.109,52290,1339,N/A,N/A,N/A,N/A,,,1
1759293210,eth1,808,Ethernet,IPv4,TCP,N/A,v4,10.10.10.109,10.10.10.68,1339,52290,N/A,N/A,N/A,N/A,,,1
1759293210,eth1,66,Ethernet,IPv4,TCP,N/A,v4,10.10.10.68,10.10.10.109,52290,1339,N/A,N/A,N/A,N/A,,,1
1759293210,eth1,66,Ethernet,IPv4,TCP,N/A,v4,10.10.10.68,10.10.10.109,52290,1339,N/A,N/A,N/A,N/A,,,1
1759293210,eth1,66,Ethernet,IPv4,TCP,N/A,v4,10.10.10.109,10.10.10.68,1339,52290,N/A,N/A,N/A,N/A,,,1
1759293210,any,227,N/A,IPv4,TCP,N/A,v4,10.10.10.109,10.10.10.68,1339,52272,N/A,N/A,N/A,N/A,,,1
1759293210,any,68,N/A,IPv4,TCP,N/A,v4,10.10.10.68,10.10.10.109,52272,1339,N/A,N/A,N/A,N/A,,,1
1759293210,any,76,N/A,IPv4,TCP,N/A,v4,10.10.10.109,10.10.10.68,1339,52290,N/A,N/A,N/A,N/A,,,1
1759293210,any,224,N/A,IPv4,TCP,N/A,v4,10.10.10.68,10.10.10.109,52290,1339,N/A,N/A,N/A,N/A,,,1
1759293210,any,68,N/A,IPv4,TCP,N/A,v4,10.10.10.109,10.10.10.68,1339,52290,N/A,N/A,N/A,N/A,,,1
1759293210,any,68,N/A,IPv4,TCP,N/A,v4,10.10.10.68,10.10.10.109,52288,1339,N/A,N/A,N/A,N/A,,,1
1759293210,any,68,N/A,IPv4,TCP,N/A,v4,10.10.10.109,10.10.10.68,1339,52288,N/A,N/A,N/A,N/A,,,1
1759293210,any,76,N/A,IPv4,TCP,N/A,v4,10.10.10.68,10.10.10.109,52298,1339,N/A,N/A,N/A,N/A,,,1
1759293210,any,76,N/A,IPv4,TCP,N/A,v4,10.10.10.109,10.10.10.68,1339,52298,N/A,N/A,N/A,N/A,,,1
1759293210,any,221,N/A,IPv4,TCP,N/A,v4,10.10.10.68,10.10.10.109,52298,1339,N/A,N/A,N/A,N/A,,,1
1759293210,any,68,N/A,IPv4,TCP,N/A,v4,10.10.10.109,10.10.10.68,1339,52298,N/A,N/A,N/A,N/A,,,1
1759293210,any,222,N/A,IPv4,TCP,N/A,v4,10.10.10.109,10.10.10.68,1339,52290,N/A,N/A,N/A,N/A,,,1
1759293210,any,68,N/A,IPv4,TCP,N/A,v4,10.10.10.68,10.10.10.109,52290,1339,N/A,N/A,N/A,N/A,,,1
1759293210,any,68,N/A,IPv4,TCP,N/A,v4,10.10.10.68,10.10.10.109,52298,1339,N/A,N/A,N/A,N/A,,,1
1759293210,any,68,N/A,IPv4,TCP,N/A,v4,10.10.10.109,10.10.10.68,1339,52298,N/A,N/A,N/A,N/A,,,1
1759293210,any,221,N/A,IPv4,TCP,N/A,v4,10.10.10.109,10.10.10.68,1339,52054,N/A,N/A,N/A,N/A,,,1
1759293210,any,68,N/A,IPv4,TCP,N/A,v4,10.10.10.68,10.10.10.109,52054,1339,N/A,N/A,N/A,N/A,,,1
1759293210,any,76,N/A,IPv4,TCP,N/A,v4,10.10.10.109,10.10.10.68,1339,52302,N/A,N/A,N/A,N/A,,,1
1759293210,any,218,N/A,IPv4,TCP,N/A,v4,10.10.10.68,10.10.10.109,52302,1339,N/A,N/A,N/A,N/A,,,1
1759293210,any,68,N/A,IPv4,TCP,N/A,v4,10.10.10.109,10.10.10.68,1339,52302,N/A,N/A,N/A,N/A,,,1
1759293210,eth1,220,Ethernet,IPv4,TCP,N/A,v4,10.10.10.109,10.10.10.68,1339,52298,N/A,N/A,N/A,N/A,,,1
1759293210,eth1,66,Ethernet,IPv4,TCP,N/A,v4,10.10.10.68,10.10.10.109,52298,1339,N/A,N/A,N/A,N/A,,,1
1759293210,eth1,581,Ethernet,IPv4,TCP,N/A,v4,10.10.10.109,10.10.10.68,1339,52298,N/A,N/A,N/A,N/A,,,1
1759293210,eth1,66,Ethernet,IPv4,TCP,N/A,v4,10.10.10.68,10.10.10.109,52298,1339,N/A,N/A,N/A,N/A,,,1
1759293210,eth1,66,Ethernet,IPv4,TCP,N/A,v4,10.10.10.109,10.10.10.68,1339,52298,N/A,N/A,N/A,N/A,,,1
1759293210,eth1,219,Ethernet,IPv4,TCP,N/A,v4,10.10.10.109,10.10.10.68,1339,52054,N/A,N/A,N/A,N/A,,,1
1759293210,eth1,66,Ethernet,IPv4,TCP,N/A,v4,10.10.10.68,10.10.10.109,52054,1339,N/A,N/A,N/A,N/A,,,1
1759293210,eth1,66,Ethernet,IPv4,TCP,N/A,v4,10.10.10.109,10.10.10.68,1339,52054,N/A,N/A,N/A,N/A,,,1
1759293210,eth1,66,Ethernet,IPv4,TCP,N/A,v4,10.10.10.68,10.10.10.109,52054,1339,N/A,N/A,N/A,N/A,,,1
1759293210,eth1,66,Ethernet,IPv4,TCP,N/A,v4,10.10.10.109,10.10.10.68,1339,52054,N/A,N/A,N/A,N/A,,,1
1759293210,eth1,74,Ethernet,IPv4,TCP,N/A,v4,10.10.10.68,10.10.10.109,52302,1339,N/A,N/A,N/A,N/A,,,1
1759293210,eth1,74,Ethernet,IPv4,TCP,N/A,v4,10.10.10.109,10.10.10.68,1339,52302,N/A,N/A,N/A,N/A,,,1
1759293210,eth1,66,Ethernet,IPv4,TCP,N/A,v4,10.10.10.68,10.10.10.109,52302,1339,N/A,N/A,N/A,N/A,,,1
1759293210,eth1,216,Ethernet,IPv4,TCP,N/A,v4,10.10.10.68,10.10.10.109,52302,1339,N/A,N/A,N/A,N/A,,,1
1759293210,eth1,66,Ethernet,IPv4,TCP,N/A,v4,10.10.10.109,10.10.10.68,1339,52302,N/A,N/A,N/A,N/A,,,1
1759293210,eth1,220,Ethernet,IPv4,TCP,N/A,v4,10.10.10.109,10.10.10.68,1339,52302,N/A,N/A,N/A,N/A,,,1
1759293210,eth1,66,Ethernet,IPv4,TCP,N/A,v4,10.10.10.68,10.10.10.109,52302,1339,N/A,N/A,N/A,N/A,,,1
1759293210,eth1,725,Ethernet,IPv4,TCP,N/A,v4,10.10.10.109,10.10.10.68,1339,52302,N/A,N/A,N/A,N/A,,,1
1759293210,eth1,66,Ethernet,IPv4,TCP,N/A,v4,10.10.10.68,10.10.10.109,52302,1339,N/A,N/A,N/A,N/A,,,1
1759293210,eth1,66,Ethernet,IPv4,TCP,N/A,v4,10.10.10.109,10.10.10.68,1339,52302,N/A,N/A,N/A,N/A,,,1
1759293210,any,222,N/A,IPv4,TCP,N/A,v4,10.10.10.109,10.10.10.68,1339,52302,N/A,N/A,N/A,N/A,,,1
1759293210,eth0,107,Ethernet,N/A,N/A,N/A,N/A,N/A,N/A,N/A,N/A,N/A,N/A,N/A,N/A,,,0
1759293210,any,109,N/A,N/A,N/A,N/A,N/A,N/A,N/A,N/A,N/A,N/A,N/A,N/A,N/A,,,0
1759293211,any,113,N/A,N/A,N/A,N/A,N/A,N/A,N/A,N/A,N/A,N/A,N/A,N/A,N/A,,,1
1759293211,eth0,111,Ethernet,N/A,N/A,N/A,N/A,N/A,N/A,N/A,N/A,N/A,N/A,N/A,N/A,,,1
1759293211,any,76,N/A,IPv4,TCP,N/A,v4,10.10.10.68,10.10.10.109,52106,1339,N/A,N/A,N/A,N/A,,,1
1759293211,eth1,74,Ethernet,IPv4,TCP,N/A,v4,10.10.10.68,10.10.10.109,52106,1339,N/A,N/A,N/A,N/A,,,1
1759293211,eth1,74,Ethernet,IPv4,TCP,N/A,v4,10.10.10.68,10.10.10.109,52094,1339,N/A,N/A,N/A,N/A,,,1
1759293211,eth1,74,Ethernet,IPv4,TCP,N/A,v4,10.10.10.68,10.10.10.109,52084,1339,N/A,N/A,N/A,N/A,,,1
1759293211,any,76,N/A,IPv4,TCP,N/A,v4,10.10.10.109,10.10.10.68,1339,52106,N/A,N/A,N/A,N/A,,,1
1759293211,eth1,74,Ethernet,IPv4,TCP,N/A,v4,10.10.10.109,10.10.10.68,1339,52106,N/A,N/A,N/A,N/A,,,1
1759293211,eth1,74,Ethernet,IPv4,TCP,N/A,v4,10.10.10.109,10.10.10.68,1339,52094,N/A,N/A,N/A,N/A,,,1
1759293211,eth1,74,Ethernet,IPv4,TCP,N/A,v4,10.10.10.109,10.10.10.68,1339,52084,N/A,N/A,N/A,N/A,,,1
1759293211,any,225,N/A,IPv4,TCP,N/A,v4,10.10.10.109,10.10.10.68,1339,52106,N/A,N/A,N/A,N/A,,,1
1759293211,any,76,N/A,IPv4,TCP,N/A,v4,10.10.10.109,10.10.10.68,1339,52934,N/A,N/A,N/A,N/A,,,1
1759293211,any,222,N/A,IPv4,TCP,N/A,v4,10.10.10.68,10.10.10.109,52934,1339,N/A,N/A,N/A,N/A,,,1
1759293211,any,76,N/A,IPv4,TCP,N/A,v4,10.10.10.109,10.10.10.68,1339,52940,N/A,N/A,N/A,N/A,,,1
1759293211,any,214,N/A,IPv4,TCP,N/A,v4,10.10.10.68,10.10.10.109,52940,1339,N/A,N/A,N/A,N/A,,,1
1759293211,any,68,N/A,IPv4,TCP,N/A,v4,10.10.10.109,10.10.10.68,1339,52940,N/A,N/A,N/A,N/A,,,1
1759293211,any,215,N/A,IPv4,TCP,N/A,v4,10.10.10.109,10.10.10.68,1339,52084,N/A,N/A,N/A,N/A,,,1
1759293211,any,76,N/A,IPv4,TCP,N/A,v4,10.10.10.109,10.10.10.68,1339,52952,N/A,N/A,N/A,N/A,,,1
1759293211,any,212,N/A,IPv4,TCP,N/A,v4,10.10.10.68,10.10.10.109,52952,1339,N/A,N/A,N/A,N/A,,,1
1759293211,eth1,223,Ethernet,IPv4,TCP,N/A,v4,10.10.10.109,10.10.10.68,1339,52106,N/A,N/A,N/A,N/A,,,1
1759293211,eth1,66,Ethernet,IPv4,TCP,N/A,v4,10.10.10.68,10.10.10.109,52106,1339,N/A,N/A,N/A,N/A,,,1
1759293211,eth1,66,Ethernet,IPv4,TCP,N/A,v4,10.10.10.109,10.10.10.68,1339,52106,N/A,N/A,N/A,N/A,,,1
1759293211,eth1,74,Ethernet,IPv4,TCP,N/A,v4,10.10.10.109,10.10.10.68,1339,52934,N/A,N/A,N/A,N/A,,,1
1759293211,eth1,66,Ethernet,IPv4,TCP,N/A,v4,10.10.10.68,10.10.10.109,52934,1339,N/A,N/A,N/A,N/A,,,1
1759293211,eth1,220,Ethernet,IPv4,TCP,N/A,v4,10.10.10.68,10.10.10.109,52934,1339,N/A,N/A,N/A,N/A,,,1
1759293211,eth1,66,Ethernet,IPv4,TCP,N/A,v4,10.10.10.109,10.10.10.68,1339,52934,N/A,N/A,N/A,N/A,,,1
1759293211,eth1,215,Ethernet,IPv4,TCP,N/A,v4,10.10.10.109,10.10.10.68,1339,52094,N/A,N/A,N/A,N/A,,,1
1759293211,eth1,66,Ethernet,IPv4,TCP,N/A,v4,10.10.10.68,10.10.10.109,52094,1339,N/A,N/A,N/A,N/A,,,1
1759293211,eth1,66,Ethernet,IPv4,TCP,N/A,v4,10.10.10.109,10.10.10.68,1339,52094,N/A,N/A,N/A,N/A,,,1
1759293211,eth1,74,Ethernet,IPv4,TCP,N/A,v4,10.10.10.109,10.10.10.68,1339,52940,N/A,N/A,N/A,N/A,,,1
1759293211,eth1,66,Ethernet,IPv4,TCP,N/A,v4,10.10.10.68,10.10.10.109,52940,1339,N/A,N/A,N/A,N/A,,,1
1759293211,eth1,212,Ethernet,IPv4,TCP,N/A,v4,10.10.10.68,10.10.10.109,52940,1339,N/A,N/A,N/A,N/A,,,1
1759293211,eth1,66,Ethernet,IPv4,TCP,N/A,v4,10.10.10.109,10.10.10.68,1339,52940,N/A,N/A,N/A,N/A,,,1
1759293211,eth1,213,Ethernet,IPv4,TCP,N/A,v4,10.10.10.109,10.10.10.68,1339,52084,N/A,N/A,N/A,N/A,,,1
1759293211,eth1,66,Ethernet,IPv4,TCP,N/A,v4,10.10.10.109,10.10.10.68,1339,52084,N/A,N/A,N/A,N/A,,,1
1759293211,eth1,66,Ethernet,IPv4,TCP,N/A,v4,10.10.10.68,10.10.10.109,52084,1339,N/A,N/A,N/A,N/A,,,1
1759293211,eth1,74,Ethernet,IPv4,TCP,N/A,v4,10.10.10.109,10.10.10.68,1339,52952,N/A,N/A,N/A,N/A,,,1
1759293211,eth1,66,Ethernet,IPv4,TCP,N/A,v4,10.10.10.68,10.10.10.109,52952,1339,N/A,N/A,N/A,N/A,,,1
1759293211,eth1,210,Ethernet,IPv4,TCP,N/A,v4,10.10.10.68,10.10.10.109,52952,1339,N/A,N/A,N/A,N/A,,,1
1759293211,eth1,66,Ethernet,IPv4,TCP,N/A,v4,10.10.10.109,10.10.10.68,1339,52952,N/A,N/A,N/A,N/A,,,1
1759293211,eth1,220,Ethernet,IPv4,TCP,N/A,v4,10.10.10.109,10.10.10.68,1339,52078,N/A,N/A,N/A,N/A,,,1
1759293211,eth1,66,Ethernet,IPv4,TCP,N/A,v4,10.10.10.68,10.10.10.109,52078,1339,N/A,N/A,N/A,N/A,,,1
1759293211,eth1,66,Ethernet,IPv4,TCP,N/A,v4,10.10.10.109,10.10.10.68,1339,52078,N/A,N/A,N/A,N/A,,,1
1759293211,eth1,74,Ethernet,IPv4,TCP,N/A,v4,10.10.10.109,10.10.10.68,1339,52968,N/A,N/A,N/A,N/A,,,1
1759293211,eth1,223,Ethernet,IPv4,TCP,N/A,v4,10.10.10.109,10.10.10.68,1339,52068,N/A,N/A,N/A,N/A,,,1
1759293211,eth1,66,Ethernet,IPv4,TCP,N/A,v4,10.10.10.68,10.10.10.109,52068,1339,N/A,N/A,N/A,N/A,,,1
1759293211,eth1,66,Ethernet,IPv4,TCP,N/A,v4,10.10.10.109,10.10.10.68,1339,52068,N/A,N/A,N/A,N/A,,,1
1759293211,eth1,74,Ethernet,IPv4,TCP,N/A,v4,10.10.10.109,10.10.10.68,1339,52974,N/A,N/A,N/A,N/A,,,1
1759293211,eth1,66,Ethernet,IPv4,TCP,N/A,v4,10.10.10.68,10.10.10.109,52974,1339,N/A,N/A,N/A,N/A,,,1
1759293211,eth1,220,Ethernet,IPv4,TCP,N/A,v4,10.10.10.68,10.10.10.109,52974,1339,N/A,N/A,N/A,N/A,,,1
1759293211,eth1,66,Ethernet,IPv4,TCP,N/A,v4,10.10.10.109,10.10.10.68,1339,52974,N/A,N/A,N/A,N/A,,,1
1759293211,eth1,223,Ethernet,IPv4,TCP,N/A,v4,10.10.10.109,10.10.10.68,1339,52064,N/A,N/A,N/A,N/A,,,1
1759293211,eth1,66,Ethernet,IPv4,TCP,N/A,v4,10.10.10.68,10.10.10.109,52064,1339,N/A,N/A,N/A,N/A,,,1
1759293211,eth1,66,Ethernet,IPv4,TCP,N/A,v4,10.10.10.109,10.10.10.68,1339,52064,N/A,N/A,N/A,N/A,,,1
1759293211,eth1,74,Ethernet,IPv4,TCP,N/A,v4,10.10.10.109,10.10.10.68,1339,52984,N/A,N/A,N/A,N/A,,,1
1759293211,eth1,66,Ethernet,IPv4,TCP,N/A,v4,10.10.10.68,10.10.10.109,52984,1339,N/A,N/A,N/A,N/A,,,1
1759293211,eth1,220,Ethernet,IPv4,TCP,N/A,v4,10.10.10.68,10.10.10.109,52984,1339,N/A,N/A,N/A,N/A,,,1
1759293211,eth1,66,Ethernet,IPv4,TCP,N/A,v4,10.10.10.109,10.10.10.68,1339,52984,N/A,N/A,N/A,N/A,,,1
1759293211,any,222,N/A,IPv4,TCP,N/A,v4,10.10.10.109,10.10.10.68,1339,52078,N/A,N/A,N/A,N/A,,,1
1759293211,any,68,N/A,IPv4,TCP,N/A,v4,10.10.10.109,10.10.10.68,1339,52078,N/A,N/A,N/A,N/A,,,1
1759293211,any,76,N/A,IPv4,TCP,N/A,v4,10.10.10.109,10.10.10.68,1339,52968,N/A,N/A,N/A,N/A,,,1
1759293211,any,225,N/A,IPv4,TCP,N/A,v4,10.10.10.109,10.10.10.68,1339,52068,N/A,N/A,N/A,N/A,,,1
1759293211,any,76,N/A,IPv4,TCP,N/A,v4,10.10.10.109,10.10.10.68,1339,52974,N/A,N/A,N/A,N/A,,,1
1759293211,any,76,N/A,IPv4,TCP,N/A,v4,10.10.10.109,10.10.10.68,1339,52984,N/A,N/A,N/A,N/A,,,1
1759293211,any,68,N/A,IPv4,TCP,N/A,v4,10.10.10.109,10.10.10.68,1339,52984,N/A,N/A,N/A,N/A,,,1
1759293211,any,227,N/A,IPv4,TCP,N/A,v4,10.10.10.109,10.10.10.68,1339,52058,N/A,N/A,N/A,N/A,,,1
1759293211,any,76,N/A,IPv4,TCP,N/A,v4,10.10.10.109,10.10.10.68,1339,52990,N/A,N/A,N/A,N/A,,,1
1759293211,eth1,225,Ethernet,IPv4,TCP,N/A,v4,10.10.10.109,10.10.10.68,1339,52058,N/A,N/A,N/A,N/A,,,1
1759293211,eth1,66,Ethernet,IPv4,TCP,N/A,v4,10.10.10.68,10.10.10.109,52058,1339,N/A,N/A,N/A,N/A,,,1
1759293211,eth1,66,Ethernet,IPv4,TCP,N/A,v4,10.10.10.109,10.10.10.68,1339,52058,N/A,N/A,N/A,N/A,,,1
1759293211,eth1,74,Ethernet,IPv4,TCP,N/A,v4,10.10.10.109,10.10.10.68,1339,52990,N/A,N/A,N/A,N/A,,,1
1759293211,eth1,66,Ethernet,IPv4,TCP,N/A,v4,10.10.10.68,10.10.10.109,52990,1339,N/A,N/A,N/A,N/A,,,1
1759293211,eth1,222,Ethernet,IPv4,TCP,N/A,v4,10.10.10.68,10.10.10.109,52990,1339,N/A,N/A,N/A,N/A,,,1
1759293211,eth1,66,Ethernet,IPv4,TCP,N/A,v4,10.10.10.109,10.10.10.68,1339,52990,N/A,N/A,N/A,N/A,,,1
1759293211,eth1,220,Ethernet,IPv4,TCP,N/A,v4,10.10.10.109,10.10.10.68,1339,52934,N/A,N/A,N/A,N/A,,,1
1759293211,eth1,66,Ethernet,IPv4,TCP,N/A,v4,10.10.10.68,10.10.10.109,52934,1339,N/A,N/A,N/A,N/A,,,1
1759293211,eth1,482,Ethernet,IPv4,TCP,N/A,v4,10.10.10.109,10.10.10.68,1339,52934,N/A,N/A,N/A,N/A,,,1
1759293211,eth1,66,Ethernet,IPv4,TCP,N/A,v4,10.10.10.68,10.10.10.109,52934,1339,N/A,N/A,N/A,N/A,,,1
1759293211,eth1,66,Ethernet,IPv4,TCP,N/A,v4,10.10.10.109,10.10.10.68,1339,52934,N/A,N/A,N/A,N/A,,,1
1759293211,any,222,N/A,IPv4,TCP,N/A,v4,10.10.10.109,10.10.10.68,1339,52940,N/A,N/A,N/A,N/A,,,1
1759293211,eth1,220,Ethernet,IPv4,TCP,N/A,v4,10.10.10.109,10.10.10.68,1339,52940,N/A,N/A,N/A,N/A,,,1
1759293211,eth1,66,Ethernet,IPv4,TCP,N/A,v4,10.10.10.68,10.10.10.109,52940,1339,N/A,N/A,N/A,N/A,,,1
1759293211,eth1,854,Ethernet,IPv4,TCP,N/A,v4,10.10.10.109,10.10.10.68,1339,52940,N/A,N/A,N/A,N/A,,,1
1759293211,eth1,66,Ethernet,IPv4,TCP,N/A,v4,10.10.10.109,10.10.10.68,1339,52940,N/A,N/A,N/A,N/A,,,1
1759293211,eth1,66,Ethernet,IPv4,TCP,N/A,v4,10.10.10.68,10.10.10.109,52940,1339,N/A,N/A,N/A,N/A,,,1
1759293211,any,222,N/A,IPv4,TCP,N/A,v4,10.10.10.109,10.10.10.68,1339,52952,N/A,N/A,N/A,N/A,,,1
1759293211,eth1,220,Ethernet,IPv4,TCP,N/A,v4,10.10.10.109,10.10.10.68,1339,52952,N/A,N/A,N/A,N/A,,,1
1759293211,eth1,454,Ethernet,IPv4,TCP,N/A,v4,10.10.10.109,10.10.10.68,1339,52952,N/A,N/A,N/A,N/A,,,1
1759293211,eth1,66,Ethernet,IPv4,TCP,N/A,v4,10.10.10.68,10.10.10.109,52952,1339,N/A,N/A,N/A,N/A,,,1
1759293211,eth1,220,Ethernet,IPv4,TCP,N/A,v4,10.10.10.109,10.10.10.68,1339,52968,N/A,N/A,N/A,N/A,,,1
1759293211,eth1,511,Ethernet,IPv4,TCP,N/A,v4,10.10.10.109,10.10.10.68,1339,52968,N/A,N/A,N/A,N/A,,,1
1759293211,eth1,66,Ethernet,IPv4,TCP,N/A,v4,10.10.10.68,10.10.10.109,52968,1339,N/A,N/A,N/A,N/A,,,1
1759293211,any,222,N/A,IPv4,TCP,N/A,v4,10.10.10.109,10.10.10.68,1339,52968,N/A,N/A,N/A,N/A,,,1
1759293211,any,222,N/A,IPv4,TCP,N/A,v4,10.10.10.109,10.10.10.68,1339,52974,N/A,N/A,N/A,N/A,,,1
1759293211,eth1,220,Ethernet,IPv4,TCP,N/A,v4,10.10.10.109,10.10.10.68,1339,52974,N/A,N/A,N/A,N/A,,,1
1759293211,eth1,517,Ethernet,IPv4,TCP,N/A,v4,10.10.10.109,10.10.10.68,1339,52974,N/A,N/A,N/A,N/A,,,1
1759293211,eth1,66,Ethernet,IPv4,TCP,N/A,v4,10.10.10.68,10.10.10.109,52974,1339,N/A,N/A,N/A,N/A,,,1
1759293211,any,222,N/A,IPv4,TCP,N/A,v4,10.10.10.109,10.10.10.68,1339,52984,N/A,N/A,N/A,N/A,,,1
1759293211,eth1,220,Ethernet,IPv4,TCP,N/A,v4,10.10.10.109,10.10.10.68,1339,52984,N/A,N/A,N/A,N/A,,,1
1759293211,eth1,66,Ethernet,IPv4,TCP,N/A,v4,10.10.10.68,10.10.10.109,52984,1339,N/A,N/A,N/A,N/A,,,1
1759293211,any,519,N/A,IPv4,TCP,N/A,v4,10.10.10.109,10.10.10.68,1339,52984,N/A,N/A,N/A,N/A,,,1
1759293211,eth1,517,Ethernet,IPv4,TCP,N/A,v4,10.10.10.109,10.10.10.68,1339,52984,N/A,N/A,N/A,N/A,,,1
1759293211,eth1,66,Ethernet,IPv4,TCP,N/A,v4,10.10.10.109,10.10.10.68,1339,52984,N/A,N/A,N/A,N/A,,,1
1759293211,eth1,66,Ethernet,IPv4,TCP,N/A,v4,10.10.10.68,10.10.10.109,52984,1339,N/A,N/A,N/A,N/A,,,1
1759293211,eth1,66,Ethernet,IPv4,TCP,N/A,v4,10.10.10.68,10.10.10.109,52984,1339,N/A,N/A,N/A,N/A,,,1
1759293211,eth1,66,Ethernet,IPv4,TCP,N/A,v4,10.10.10.109,10.10.10.68,1339,52984,N/A,N/A,N/A,N/A,,,1
1759293211,any,222,N/A,IPv4,TCP,N/A,v4,10.10.10.109,10.10.10.68,1339,52990,N/A,N/A,N/A,N/A,,,1
1759293211,eth1,220,Ethernet,IPv4,TCP,N/A,v4,10.10.10.109,10.10.10.68,1339,52990,N/A,N/A,N/A,N/A,,,1
1759293211,eth1,521,Ethernet,IPv4,TCP,N/A,v4,10.10.10.109,10.10.10.68,1339,52990,N/A,N/A,N/A,N/A,,,1
1759293211,eth1,66,Ethernet,IPv4,TCP,N/A,v4,10.10.10.68,10.10.10.109,52990,1339,N/A,N/A,N/A,N/A,,,1
1759293211,any,211,N/A,IPv4,TCP,N/A,v4,10.10.10.68,10.10.10.109,51988,1339,N/A,N/A,N/A,N/A,,,1
1759293211,any,68,N/A,IPv4,TCP,N/A,v4,10.10.10.109,10.10.10.68,1339,51988,N/A,N/A,N/A,N/A,,,1
1759293211,any,215,N/A,IPv4,TCP,N/A,v4,10.10.10.109,10.10.10.68,1339,51988,N/A,N/A,N/A,N/A,,,1
1759293211,eth1,209,Ethernet,IPv4,TCP,N/A,v4,10.10.10.68,10.10.10.109,51988,1339,N/A,N/A,N/A,N/A,,,1
1759293211,eth1,210,Ethernet,IPv4,TCP,N/A,v4,10.10.10.68,10.10.10.109,51994,1339,N/A,N/A,N/A,N/A,,,1
1759293211,eth1,212,Ethernet,IPv4,TCP,N/A,v4,10.10.10.68,10.10.10.109,52004,1339,N/A,N/A,N/A,N/A,,,1
1759293211,eth1,66,Ethernet,IPv4,TCP,N/A,v4,10.10.10.109,10.10.10.68,1339,51988,N/A,N/A,N/A,N/A,,,1
1759293211,eth1,66,Ethernet,IPv4,TCP,N/A,v4,10.10.10.109,10.10.10.68,1339,51994,N/A,N/A,N/A,N/A,,,1
1759293211,eth1,66,Ethernet,IPv4,TCP,N/A,v4,10.10.10.109,10.10.10.68,1339,52004,N/A,N/A,N/A,N/A,,,1
1759293211,eth1,213,Ethernet,IPv4,TCP,N/A,v4,10.10.10.109,10.10.10.68,1339,51988,N/A,N/A,N/A,N/A,,,1
1759293211,eth1,66,Ethernet,IPv4,TCP,N/A,v4,10.10.10.68,10.10.10.109,51988,1339,N/A,N/A,N/A,N/A,,,1
1759293211,eth1,66,Ethernet,IPv4,TCP,N/A,v4,10.10.10.109,10.10.10.68,1339,51988,N/A,N/A,N/A,N/A,,,1
1759293211,eth1,74,Ethernet,IPv4,TCP,N/A,v4,10.10.10.109,10.10.10.68,1339,53006,N/A,N/A,N/A,N/A,,,1
1759293211,eth1,66,Ethernet,IPv4,TCP,N/A,v4,10.10.10.68,10.10.10.109,53006,1339,N/A,N/A,N/A,N/A,,,1
1759293211,eth1,210,Ethernet,IPv4,TCP,N/A,v4,10.10.10.68,10.10.10.109,53006,1339,N/A,N/A,N/A,N/A,,,1
1759293211,eth1,66,Ethernet,IPv4,TCP,N/A,v4,10.10.10.109,10.10.10.68,1339,53006,N/A,N/A,N/A,N/A,,,1
1759293211,any,216,N/A,IPv4,TCP,N/A,v4,10.10.10.109,10.10.10.68,1339,51994,N/A,N/A,N/A,N/A,,,1
1759293211,any,76,N/A,IPv4,TCP,N/A,v4,10.10.10.109,10.10.10.68,1339,53016,N/A,N/A,N/A,N/A,,,1
1759293211,any,68,N/A,IPv4,TCP,N/A,v4,10.10.10.109,10.10.10.68,1339,53016,N/A,N/A,N/A,N/A,,,1
1759293211,eth1,214,Ethernet,IPv4,TCP,N/A,v4,10.10.10.109,10.10.10.68,1339,51994,N/A,N/A,N/A,N/A,,,1
1759293211,eth1,66,Ethernet,IPv4,TCP,N/A,v4,10.10.10.68,10.10.10.109,51994,1339,N/A,N/A,N/A,N/A,,,1
1759293211,eth1,66,Ethernet,IPv4,TCP,N/A,v4,10.10.10.109,10.10.10.68,1339,51994,N/A,N/A,N/A,N/A,,,1
1759293211,eth1,74,Ethernet,IPv4,TCP,N/A,v4,10.10.10.109,10.10.10.68,1339,53016,N/A,N/A,N/A,N/A,,,1
1759293211,eth1,66,Ethernet,IPv4,TCP,N/A,v4,10.10.10.68,10.10.10.109,53016,1339,N/A,N/A,N/A,N/A,,,1
1759293211,eth1,211,Ethernet,IPv4,TCP,N/A,v4,10.10.10.68,10.10.10.109,53016,1339,N/A,N/A,N/A,N/A,,,1
1759293211,eth1,66,Ethernet,IPv4,TCP,N/A,v4,10.10.10.109,10.10.10.68,1339,53016,N/A,N/A,N/A,N/A,,,1
1759293211,any,218,N/A,IPv4,TCP,N/A,v4,10.10.10.109,10.10.10.68,1339,52004,N/A,N/A,N/A,N/A,,,1
1759293211,any,76,N/A,IPv4,TCP,N/A,v4,10.10.10.109,10.10.10.68,1339,53030,N/A,N/A,N/A,N/A,,,1
1759293211,any,97,N/A,IPv4,TCP,N/A,v4,10.10.10.109,10.10.10.68,1339,52006,N/A,N/A,N/A,N/A,,,1
1759293211,any,222,N/A,IPv4,TCP,N/A,v4,10.10.10.109,10.10.10.68,1339,52018,N/A,N/A,N/A,N/A,,,1
1759293211,any,644,N/A,IPv4,TCP,N/A,v4,10.10.10.109,10.10.10.68,1339,52018,N/A,N/A,N/A,N/A,,,1
1759293211,eth1,216,Ethernet,IPv4,TCP,N/A,v4,10.10.10.109,10.10.10.68,1339,52004,N/A,N/A,N/A,N/A,,,1
1759293211,eth1,66,Ethernet,IPv4,TCP,N/A,v4,10.10.10.109,10.10.10.68,1339,52004,N/A,N/A,N/A,N/A,,,1
1759293211,eth1,66,Ethernet,IPv4,TCP,N/A,v4,10.10.10.68,10.10.10.109,52004,1339,N/A,N/A,N/A,N/A,,,1
1759293211,eth1,74,Ethernet,IPv4,TCP,N/A,v4,10.10.10.109,10.10.10.68,1339,53030,N/A,N/A,N/A,N/A,,,1
1759293211,eth1,66,Ethernet,IPv4,TCP,N/A,v4,10.10.10.68,10.10.10.109,53030,1339,N/A,N/A,N/A,N/A,,,1
1759293211,eth1,213,Ethernet,IPv4,TCP,N/A,v4,10.10.10.68,10.10.10.109,53030,1339,N/A,N/A,N/A,N/A,,,1
1759293211,eth1,66,Ethernet,IPv4,TCP,N/A,v4,10.10.10.109,10.10.10.68,1339,53030,N/A,N/A,N/A,N/A,,,1
1759293211,eth1,265,Ethernet,IPv4,TCP,N/A,v4,10.10.10.109,10.10.10.68,1339,52006,N/A,N/A,N/A,N/A,,,1
1759293211,eth1,66,Ethernet,IPv4,TCP,N/A,v4,10.10.10.68,10.10.10.109,52006,1339,N/A,N/A,N/A,N/A,,,1
1759293211,eth1,95,Ethernet,IPv4,TCP,N/A,v4,10.10.10.109,10.10.10.68,1339,52006,N/A,N/A,N/A,N/A,,,1
1759293211,eth1,66,Ethernet,IPv4,TCP,N/A,v4,10.10.10.109,10.10.10.68,1339,52006,N/A,N/A,N/A,N/A,,,1
1759293211,eth1,66,Ethernet,IPv4,TCP,N/A,v4,10.10.10.68,10.10.10.109,52006,1339,N/A,N/A,N/A,N/A,,,1
1759293211,eth1,220,Ethernet,IPv4,TCP,N/A,v4,10.10.10.109,10.10.10.68,1339,52018,N/A,N/A,N/A,N/A,,,1
1759293211,eth1,66,Ethernet,IPv4,TCP,N/A,v4,10.10.10.68,10.10.10.109,52018,1339,N/A,N/A,N/A,N/A,,,1
1759293211,eth1,642,Ethernet,IPv4,TCP,N/A,v4,10.10.10.109,10.10.10.68,1339,52018,N/A,N/A,N/A,N/A,,,1
1759293211,eth1,66,Ethernet,IPv4,TCP,N/A,v4,10.10.10.109,10.10.10.68,1339,52018,N/A,N/A,N/A,N/A,,,1
1759293211,eth1,66,Ethernet,IPv4,TCP,N/A,v4,10.10.10.68,10.10.10.109,52018,1339,N/A,N/A,N/A,N/A,,,1
1759293211,eth1,218,Ethernet,IPv4,TCP,N/A,v4,10.10.10.109,10.10.10.68,1339,52024,N/A,N/A,N/A,N/A,,,1
1759293211,eth1,66,Ethernet,IPv4,TCP,N/A,v4,10.10.10.68,10.10.10.109,52024,1339,N/A,N/A,N/A,N/A,,,1
1759293211,eth1,66,Ethernet,IPv4,TCP,N/A,v4,10.10.10.109,10.10.10.68,1339,52024,N/A,N/A,N/A,N/A,,,1
1759293211,eth1,74,Ethernet,IPv4,TCP,N/A,v4,10.10.10.109,10.10.10.68,1339,53044,N/A,N/A,N/A,N/A,,,1
1759293211,eth1,66,Ethernet,IPv4,TCP,N/A,v4,10.10.10.68,10.10.10.109,53044,1339,N/A,N/A,N/A,N/A,,,1
1759293211,eth1,215,Ethernet,IPv4,TCP,N/A,v4,10.10.10.68,10.10.10.109,53044,1339,N/A,N/A,N/A,N/A,,,1
1759293211,eth1,66,Ethernet,IPv4,TCP,N/A,v4,10.10.10.109,10.10.10.68,1339,53044,N/A,N/A,N/A,N/A,,,1
1759293211,eth1,220,Ethernet,IPv4,TCP,N/A,v4,10.10.10.109,10.10.10.68,1339,53006,N/A,N/A,N/A,N/A,,,1
1759293211,eth1,66,Ethernet,IPv4,TCP,N/A,v4,10.10.10.68,10.10.10.109,53006,1339,N/A,N/A,N/A,N/A,,,1
1759293211,eth1,454,Ethernet,IPv4,TCP,N/A,v4,10.10.10.109,10.10.10.68,1339,53006,N/A,N/A,N/A,N/A,,,1
1759293211,eth1,66,Ethernet,IPv4,TCP,N/A,v4,10.10.10.109,10.10.10.68,1339,53006,N/A,N/A,N/A,N/A,,,1
1759293211,any,220,N/A,IPv4,TCP,N/A,v4,10.10.10.109,10.10.10.68,1339,52024,N/A,N/A,N/A,N/A,,,1
1759293211,any,76,N/A,IPv4,TCP,N/A,v4,10.10.10.109,10.10.10.68,1339,53044,N/A,N/A,N/A,N/A,,,1
1759293211,any,222,N/A,IPv4,TCP,N/A,v4,10.10.10.109,10.10.10.68,1339,53006,N/A,N/A,N/A,N/A,,,1
1759293211,eth1,220,Ethernet,IPv4,TCP,N/A,v4,10.10.10.109,10.10.10.68,1339,53016,N/A,N/A,N/A,N/A,,,1
1759293211,eth1,552,Ethernet,IPv4,TCP,N/A,v4,10.10.10.109,10.10.10.68,1339,53016,N/A,N/A,N/A,N/A,,,1
1759293211,eth1,66,Ethernet,IPv4,TCP,N/A,v4,10.10.10.68,10.10.10.109,53016,1339,N/A,N/A,N/A,N/A,,,1
1759293211,any,222,N/A,IPv4,TCP,N/A,v4,10.10.10.109,10.10.10.68,1339,53016,N/A,N/A,N/A,N/A,,,1
1759293211,any,222,N/A,IPv4,TCP,N/A,v4,10.10.10.109,10.10.10.68,1339,53030,N/A,N/A,N/A,N/A,,,1
1759293211,eth1,220,Ethernet,IPv4,TCP,N/A,v4,10.10.10.109,10.10.10.68,1339,53030,N/A,N/A,N/A,N/A,,,1
1759293211,eth1,592,Ethernet,IPv4,TCP,N/A,v4,10.10.10.109,10.10.10.68,1339,53030,N/A,N/A,N/A,N/A,,,1
1759293211,eth1,66,Ethernet,IPv4,TCP,N/A,v4,10.10.10.68,10.10.10.109,53030,1339,N/A,N/A,N/A,N/A,,,1
1759293211,eth1,74,Ethernet,IPv4,TCP,N/A,v4,10.10.10.68,10.10.10.109,53058,1339,N/A,N/A,N/A,N/A,,,1
1759293211,any,76,N/A,IPv4,TCP,N/A,v4,10.10.10.68,10.10.10.109,53058,1339,N/A,N/A,N/A,N/A,,,1
1759293211,any,76,N/A,IPv4,TCP,N/A,v4,10.10.10.109,10.10.10.68,1339,53058,N/A,N/A,N/A,N/A,,,1
1759293211,any,222,N/A,IPv4,TCP,N/A,v4,10.10.10.68,10.10.10.109,53058,1339,N/A,N/A,N/A,N/A,,,1
1759293211,eth1,74,Ethernet,IPv4,TCP,N/A,v4,10.10.10.109,10.10.10.68,1339,53058,N/A,N/A,N/A,N/A,,,1
1759293211,eth1,66,Ethernet,IPv4,TCP,N/A,v4,10.10.10.68,10.10.10.109,53058,1339,N/A,N/A,N/A,N/A,,,1
1759293211,eth1,220,Ethernet,IPv4,TCP,N/A,v4,10.10.10.68,10.10.10.109,53058,1339,N/A,N/A,N/A,N/A,,,1
1759293211,eth1,66,Ethernet,IPv4,TCP,N/A,v4,10.10.10.109,10.10.10.68,1339,53058,N/A,N/A,N/A,N/A,,,1
1759293211,any,68,N/A,IPv4,TCP,N/A,v4,10.10.10.109,10.10.10.68,1339,53058,N/A,N/A,N/A,N/A,,,1
1759293211,any,222,N/A,IPv4,TCP,N/A,v4,10.10.10.109,10.10.10.68,1339,53044,N/A,N/A,N/A,N/A,,,1
1759293211,eth1,220,Ethernet,IPv4,TCP,N/A,v4,10.10.10.109,10.10.10.68,1339,53044,N/A,N/A,N/A,N/A,,,1
1759293211,eth1,66,Ethernet,IPv4,TCP,N/A,v4,10.10.10.68,10.10.10.109,53044,1339,N/A,N/A,N/A,N/A,,,1
1759293211,eth1,811,Ethernet,IPv4,TCP,N/A,v4,10.10.10.109,10.10.10.68,1339,53044,N/A,N/A,N/A,N/A,,,1
1759293211,eth1,66,Ethernet,IPv4,TCP,N/A,v4,10.10.10.68,10.10.10.109,53044,1339,N/A,N/A,N/A,N/A,,,1
1759293211,eth1,66,Ethernet,IPv4,TCP,N/A,v4,10.10.10.68,10.10.10.109,53044,1339,N/A,N/A,N/A,N/A,,,1
1759293211,any,226,N/A,IPv4,TCP,N/A,v4,10.10.10.109,10.10.10.68,1339,53058,N/A,N/A,N/A,N/A,,,1
1759293211,eth1,224,Ethernet,IPv4,TCP,N/A,v4,10.10.10.109,10.10.10.68,1339,53058,N/A,N/A,N/A,N/A,,,1
1759293211,eth1,66,Ethernet,IPv4,TCP,N/A,v4,10.10.10.109,10.10.10.68,1339,53058,N/A,N/A,N/A,N/A,,,1
1759293211,eth1,66,Ethernet,IPv4,TCP,N/A,v4,10.10.10.68,10.10.10.109,53058,1339,N/A,N/A,N/A,N/A,,,1
1759293211,eth1,66,Ethernet,IPv4,TCP,N/A,v4,10.10.10.68,10.10.10.109,53058,1339,N/A,N/A,N/A,N/A,,,1
1759293211,any,68,N/A,IPv4,TCP,N/A,v4,10.10.10.68,10.10.10.109,53058,1339,N/A,N/A,N/A,N/A,,,1
1759293211,eth1,66,Ethernet,IPv4,TCP,N/A,v4,10.10.10.109,10.10.10.68,1339,53058,N/A,N/A,N/A,N/A,,,1
1759293211,any,68,N/A,IPv4,TCP,N/A,v4,10.10.10.109,10.10.10.68,1339,53058,N/A,N/A,N/A,N/A,,,1
1759293211,eth1,74,Ethernet,IPv4,TCP,N/A,v4,10.10.10.68,10.10.10.109,53068,1339,N/A,N/A,N/A,N/A,,,1
1759293211,any,76,N/A,IPv4,TCP,N/A,v4,10.10.10.68,10.10.10.109,53068,1339,N/A,N/A,N/A,N/A,,,1
1759293211,any,76,N/A,IPv4,TCP,N/A,v4,10.10.10.109,10.10.10.68,1339,53068,N/A,N/A,N/A,N/A,,,1
1759293211,any,223,N/A,IPv4,TCP,N/A,v4,10.10.10.68,10.10.10.109,53068,1339,N/A,N/A,N/A,N/A,,,1
1759293211,any,68,N/A,IPv4,TCP,N/A,v4,10.10.10.109,10.10.10.68,1339,53068,N/A,N/A,N/A,N/A,,,1
1759293211,eth1,74,Ethernet,IPv4,TCP,N/A,v4,10.10.10.109,10.10.10.68,1339,53068,N/A,N/A,N/A,N/A,,,1
1759293211,eth1,66,Ethernet,IPv4,TCP,N/A,v4,10.10.10.68,10.10.10.109,53068,1339,N/A,N/A,N/A,N/A,,,1
1759293211,eth1,221,Ethernet,IPv4,TCP,N/A,v4,10.10.10.68,10.10.10.109,53068,1339,N/A,N/A,N/A,N/A,,,1
1759293211,eth1,66,Ethernet,IPv4,TCP,N/A,v4,10.10.10.109,10.10.10.68,1339,53068,N/A,N/A,N/A,N/A,,,1
1759293211,eth1,220,Ethernet,IPv4,TCP,N/A,v4,10.10.10.109,10.10.10.68,1339,53068,N/A,N/A,N/A,N/A,,,1
1759293211,eth1,527,Ethernet,IPv4,TCP,N/A,v4,10.10.10.109,10.10.10.68,1339,53068,N/A,N/A,N/A,N/A,,,1
1759293211,eth1,66,Ethernet,IPv4,TCP,N/A,v4,10.10.10.68,10.10.10.109,53068,1339,N/A,N/A,N/A,N/A,,,1
1759293211,eth1,66,Ethernet,IPv4,TCP,N/A,v4,10.10.10.68,10.10.10.109,53068,1339,N/A,N/A,N/A,N/A,,,1
1759293211,eth1,66,Ethernet,IPv4,TCP,N/A,v4,10.10.10.109,10.10.10.68,1339,53068,N/A,N/A,N/A,N/A,,,1
1759293211,any,222,N/A,IPv4,TCP,N/A,v4,10.10.10.109,10.10.10.68,1339,53068,N/A,N/A,N/A,N/A,,,1
1759293211,any,68,N/A,IPv4,TCP,N/A,v4,10.10.10.68,10.10.10.109,53068,1339,N/A,N/A,N/A,N/A,,,1
1759293211,any,68,N/A,IPv4,TCP,N/A,v4,10.10.10.109,10.10.10.68,1339,53068,N/A,N/A,N/A,N/A,,,1
1759293211,any,223,N/A,IPv4,TCP,N/A,v4,10.10.10.68,10.10.10.109,52026,1339,N/A,N/A,N/A,N/A,,,1
1759293211,eth1,221,Ethernet,IPv4,TCP,N/A,v4,10.10.10.68,10.10.10.109,52026,1339,N/A,N/A,N/A,N/A,,,1
1759293211,any,68,N/A,IPv4,TCP,N/A,v4,10.10.10.109,10.10.10.68,1339,52026,N/A,N/A,N/A,N/A,,,1
1759293211,eth1,66,Ethernet,IPv4,TCP,N/A,v4,10.10.10.109,10.10.10.68,1339,52026,N/A,N/A,N/A,N/A,,,1
1759293211,any,227,N/A,IPv4,TCP,N/A,v4,10.10.10.109,10.10.10.68,1339,52026,N/A,N/A,N/A,N/A,,,1
1759293211,eth1,225,Ethernet,IPv4,TCP,N/A,v4,10.10.10.109,10.10.10.68,1339,52026,N/A,N/A,N/A,N/A,,,1
1759293211,eth1,66,Ethernet,IPv4,TCP,N/A,v4,10.10.10.109,10.10.10.68,1339,52026,N/A,N/A,N/A,N/A,,,1
1759293211,eth1,66,Ethernet,IPv4,TCP,N/A,v4,10.10.10.68,10.10.10.109,52026,1339,N/A,N/A,N/A,N/A,,,1
1759293211,any,76,N/A,IPv4,TCP,N/A,v4,10.10.10.109,10.10.10.68,1339,53070,N/A,N/A,N/A,N/A,,,1
1759293211,any,224,N/A,IPv4,TCP,N/A,v4,10.10.10.68,10.10.10.109,53070,1339,N/A,N/A,N/A,N/A,,,1
1759293211,any,68,N/A,IPv4,TCP,N/A,v4,10.10.10.109,10.10.10.68,1339,53070,N/A,N/A,N/A,N/A,,,1
1759293211,eth1,74,Ethernet,IPv4,TCP,N/A,v4,10.10.10.109,10.10.10.68,1339,53070,N/A,N/A,N/A,N/A,,,1
1759293211,eth1,66,Ethernet,IPv4,TCP,N/A,v4,10.10.10.68,10.10.10.109,53070,1339,N/A,N/A,N/A,N/A,,,1
1759293211,eth1,222,Ethernet,IPv4,TCP,N/A,v4,10.10.10.68,10.10.10.109,53070,1339,N/A,N/A,N/A,N/A,,,1
1759293211,eth1,66,Ethernet,IPv4,TCP,N/A,v4,10.10.10.109,10.10.10.68,1339,53070,N/A,N/A,N/A,N/A,,,1
1759293211,any,222,N/A,IPv4,TCP,N/A,v4,10.10.10.109,10.10.10.68,1339,53070,N/A,N/A,N/A,N/A,,,1
1759293211,any,68,N/A,IPv4,TCP,N/A,v4,10.10.10.68,10.10.10.109,53070,1339,N/A,N/A,N/A,N/A,,,1
1759293211,any,109,N/A,N/A,N/A,N/A,N/A,N/A,N/A,N/A,N/A,N/A,N/A,N/A,N/A,,,0
1759293211,eth0,107,Ethernet,N/A,N/A,N/A,N/A,N/A,N/A,N/A,N/A,N/A,N/A,N/A,N/A,,,0
1759293211,eth1,220,Ethernet,IPv4,TCP,N/A,v4,10.10.10.109,10.10.10.68,1339,53070,N/A,N/A,N/A,N/A,,,1
1759293211,eth1,474,Ethernet,IPv4,TCP,N/A,v4,10.10.10.109,10.10.10.68,1339,53070,N/A,N/A,N/A,N/A,,,1
1759293211,eth1,66,Ethernet,IPv4,TCP,N/A,v4,10.10.10.68,10.10.10.109,53070,1339,N/A,N/A,N/A,N/A,,,1
1759293211,eth1,66,Ethernet,IPv4,TCP,N/A,v4,10.10.10.68,10.10.10.109,53070,1339,N/A,N/A,N/A,N/A,,,1
1759293211,eth1,66,Ethernet,IPv4,TCP,N/A,v4,10.10.10.109,10.10.10.68,1339,53070,N/A,N/A,N/A,N/A,,,1
1759293211,any,72,N/A,IPv6,ICMP,N/A,v6,fe80::24f1:23ff:fe29:66,ff02::204,N/A,N/A,N/A,N/A,N/A,N/A,,,1
1759293211,eth0,70,Ethernet,IPv6,ICMP,N/A,v6,fe80::24f1:23ff:fe29:66,ff02::204,N/A,N/A,N/A,N/A,N/A,N/A,,,1
1759293211,any,72,N/A,IPv6,ICMP,N/A,v6,fe80::780a:a9ff:fee6:89,ff02::204,N/A,N/A,N/A,N/A,N/A,N/A,,,1
1759293211,eth1,70,Ethernet,IPv6,ICMP,N/A,v6,fe80::780a:a9ff:fee6:89,ff02::204,N/A,N/A,N/A,N/A,N/A,N/A,,,1
1759293211,any,72,N/A,IPv6,ICMP,N/A,v6,fe80::b0b5:44ff:feea:219,ff02::204,N/A,N/A,N/A,N/A,N/A,N/A,,,1
1759293211,eth0,70,Ethernet,IPv6,ICMP,N/A,v6,fe80::b0b5:44ff:feea:219,ff02::204,N/A,N/A,N/A,N/A,N/A,N/A,,,1
1759293212,any,109,N/A,N/A,N/A,N/A,N/A,N/A,N/A,N/A,N/A,N/A,N/A,N/A,N/A,,,0
1759293212,eth0,107,Ethernet,N/A,N/A,N/A,N/A,N/A,N/A,N/A,N/A,N/A,N/A,N/A,N/A,,,0
1759293212,eth0,90,Ethernet,IPv6,ICMP,N/A,v6,fe80::5ca9:83ff:fe87:27,ff02::179,N/A,N/A,N/A,N/A,N/A,N/A,,,0
1759293212,eth0,54,Ethernet,IPv4,N/A,N/A,v4,172.30.0.220,224.0.0.22,N/A,N/A,N/A,N/A,N/A,N/A,,,0
1759293212,any,92,N/A,IPv6,ICMP,N/A,v6,fe80::5ca9:83ff:fe87:27,ff02::179,N/A,N/A,N/A,N/A,N/A,N/A,,,0
1759293212,eth0,87,Ethernet,IPv6,UDP,N/A,v6,fe80::5ca9:83ff:fe87:27,ff02::1:52,5355,5355,N/A,N/A,N/A,N/A,,,0
1759293212,eth0,67,Ethernet,IPv4,UDP,N/A,v4,172.30.0.220,224.0.0.252,5355,5355,N/A,N/A,N/A,N/A,,,0
1759293212,any,89,N/A,IPv6,UDP,N/A,v6,fe80::5ca9:83ff:fe87:27,ff02::1:52,5355,5355,N/A,N/A,N/A,N/A,,,0
1759293212,eth0,356,Ethernet,IPv4,UDP,N/A,v4,0.0.0.0,255.255.255.255,68,67,N/A,N/A,N/A,N/A,,,0
1759293212,any,358,N/A,IPv4,UDP,N/A,v4,0.0.0.0,255.255.255.255,68,67,N/A,N/A,N/A,N/A,,,0
1759293212,any,72,N/A,IPv6,ICMP,N/A,v6,fe80::7827:e3ff:fe68:239,ff02::204,N/A,N/A,N/A,N/A,N/A,N/A,,,1
1759293212,eth1,70,Ethernet,IPv6,ICMP,N/A,v6,fe80::7827:e3ff:fe68:239,ff02::204,N/A,N/A,N/A,N/A,N/A,N/A,,,1
1759293212,eth0,90,Ethernet,IPv6,ICMP,N/A,v6,fe80::b0b5:44ff:feea:219,ff02::179,N/A,N/A,N/A,N/A,N/A,N/A,,,1
1759293212,eth0,54,Ethernet,IPv4,N/A,N/A,v4,172.30.0.163,224.0.0.22,N/A,N/A,N/A,N/A,N/A,N/A,,,1
1759293212,any,92,N/A,IPv6,ICMP,N/A,v6,fe80::b0b5:44ff:feea:219,ff02::179,N/A,N/A,N/A,N/A,N/A,N/A,,,1
1759293212,any,90,N/A,IPv6,UDP,N/A,v6,fe80::b0b5:44ff:feea:219,ff02::1:52,5355,5355,N/A,N/A,N/A,N/A,,,1
1759293212,eth0,88,Ethernet,IPv6,UDP,N/A,v6,fe80::b0b5:44ff:feea:219,ff02::1:52,5355,5355,N/A,N/A,N/A,N/A,,,1
1759293212,eth0,68,Ethernet,IPv4,UDP,N/A,v4,172.30.0.163,224.0.0.252,5355,5355,N/A,N/A,N/A,N/A,,,1
1759293212,eth0,357,Ethernet,IPv4,UDP,N/A,v4,0.0.0.0,255.255.255.255,68,67,N/A,N/A,N/A,N/A,,,1
1759293212,any,359,N/A,IPv4,UDP,N/A,v4,0.0.0.0,255.255.255.255,68,67,N/A,N/A,N/A,N/A,,,1
1759293212,eth0,369,Ethernet,IPv4,UDP,N/A,v4,0.0.0.0,255.255.255.255,68,67,N/A,N/A,N/A,N/A,,,1
1759293212,any,371,N/A,IPv4,UDP,N/A,v4,0.0.0.0,255.255.255.255,68,67,N/A,N/A,N/A,N/A,,,1
1759293212,any,112,N/A,IPv6,ICMP,N/A,v6,fe80::780a:a9ff:fee6:89,ff02::179,N/A,N/A,N/A,N/A,N/A,N/A,,,1
1759293212,eth1,110,Ethernet,IPv6,ICMP,N/A,v6,fe80::780a:a9ff:fee6:89,ff02::179,N/A,N/A,N/A,N/A,N/A,N/A,,,1
1759293212,eth0,110,Ethernet,IPv6,ICMP,N/A,v6,fe80::b0b5:44ff:feea:219,ff02::179,N/A,N/A,N/A,N/A,N/A,N/A,,,1
1759293212,eth0,110,Ethernet,IPv6,ICMP,N/A,v6,fe80::b0b5:44ff:feea:219,ff02::179,N/A,N/A,N/A,N/A,N/A,N/A,,,1
1759293212,eth0,54,Ethernet,IPv4,N/A,N/A,v4,172.30.0.163,224.0.0.22,N/A,N/A,N/A,N/A,N/A,N/A,,,1
1759293212,any,112,N/A,IPv6,ICMP,N/A,v6,fe80::b0b5:44ff:feea:219,ff02::179,N/A,N/A,N/A,N/A,N/A,N/A,,,1
1759293212,any,44,ARP,N/A,N/A,N/A,N/A,N/A,N/A,N/A,N/A,1,2048,172.30.0.163,172.30.0.122,,,1
1759293212,eth0,42,Ethernet,N/A,N/A,N/A,N/A,N/A,N/A,N/A,N/A,N/A,N/A,N/A,N/A,,,1
1759293212,any,113,N/A,N/A,N/A,N/A,N/A,N/A,N/A,N/A,N/A,N/A,N/A,N/A,N/A,,,1
1759293212,eth0,111,Ethernet,N/A,N/A,N/A,N/A,N/A,N/A,N/A,N/A,N/A,N/A,N/A,N/A,,,1
1759293212,any,92,N/A,IPv6,ICMP,N/A,v6,fe80::24f1:23ff:fe29:66,ff02::179,N/A,N/A,N/A,N/A,N/A,N/A,,,1
1759293212,eth0,90,Ethernet,IPv6,ICMP,N/A,v6,fe80::24f1:23ff:fe29:66,ff02::179,N/A,N/A,N/A,N/A,N/A,N/A,,,1
1759293212,eth0,54,Ethernet,IPv4,N/A,N/A,v4,172.30.0.23,224.0.0.22,N/A,N/A,N/A,N/A,N/A,N/A,,,1
1759293212,eth0,67,Ethernet,IPv4,UDP,N/A,v4,172.30.0.23,224.0.0.252,5355,5355,N/A,N/A,N/A,N/A,,,1
1759293212,any,69,N/A,IPv4,UDP,N/A,v4,172.30.0.23,224.0.0.252,5355,5355,N/A,N/A,N/A,N/A,,,1
1759293212,any,358,N/A,IPv4,UDP,N/A,v4,0.0.0.0,255.255.255.255,68,67,N/A,N/A,N/A,N/A,,,1
1759293212,eth0,356,Ethernet,IPv4,UDP,N/A,v4,0.0.0.0,255.255.255.255,68,67,N/A,N/A,N/A,N/A,,,1
1759293212,eth0,368,Ethernet,IPv4,UDP,N/A,v4,0.0.0.0,255.255.255.255,68,67,N/A,N/A,N/A,N/A,,,1
1759293212,any,370,N/A,IPv4,UDP,N/A,v4,0.0.0.0,255.255.255.255,68,67,N/A,N/A,N/A,N/A,,,1
1759293212,any,112,N/A,IPv6,ICMP,N/A,v6,fe80::7827:e3ff:fe68:239,ff02::179,N/A,N/A,N/A,N/A,N/A,N/A,,,1
1759293212,eth1,110,Ethernet,IPv6,ICMP,N/A,v6,fe80::7827:e3ff:fe68:239,ff02::179,N/A,N/A,N/A,N/A,N/A,N/A,,,1
1759293212,any,112,N/A,IPv6,ICMP,N/A,v6,fe80::24f1:23ff:fe29:66,ff02::179,N/A,N/A,N/A,N/A,N/A,N/A,,,1
1759293212,eth0,110,Ethernet,IPv6,ICMP,N/A,v6,fe80::24f1:23ff:fe29:66,ff02::179,N/A,N/A,N/A,N/A,N/A,N/A,,,1
1759293212,eth0,54,Ethernet,IPv4,N/A,N/A,v4,172.30.0.23,224.0.0.22,N/A,N/A,N/A,N/A,N/A,N/A,,,1
1759293212,eth0,42,Ethernet,N/A,N/A,N/A,N/A,N/A,N/A,N/A,N/A,N/A,N/A,N/A,N/A,,,1
1759293212,any,44,ARP,N/A,N/A,N/A,N/A,N/A,N/A,N/A,N/A,1,2048,172.30.0.23,172.30.0.122,,,1
1759293212,any,92,N/A,IPv6,ICMP,N/A,v6,fe80::b0b5:44ff:feea:219,ff02::179,N/A,N/A,N/A,N/A,N/A,N/A,,,1
1759293212,eth0,90,Ethernet,IPv6,ICMP,N/A,v6,fe80::b0b5:44ff:feea:219,ff02::179,N/A,N/A,N/A,N/A,N/A,N/A,,,1
1759293212,eth1,110,Ethernet,IPv6,ICMP,N/A,v6,fe80::780a:a9ff:fee6:89,ff02::179,N/A,N/A,N/A,N/A,N/A,N/A,,,1
1759293212,any,112,N/A,IPv6,ICMP,N/A,v6,fe80::780a:a9ff:fee6:89,ff02::179,N/A,N/A,N/A,N/A,N/A,N/A,,,1
1759293212,eth0,90,Ethernet,IPv6,ICMP,N/A,v6,fe80::e48e:99ff:fe5f:147,ff02::179,N/A,N/A,N/A,N/A,N/A,N/A,,,1
1759293212,eth0,54,Ethernet,IPv4,N/A,N/A,v4,172.30.0.220,224.0.0.22,N/A,N/A,N/A,N/A,N/A,N/A,,,1
1759293212,any,92,N/A,IPv6,ICMP,N/A,v6,fe80::e48e:99ff:fe5f:147,ff02::179,N/A,N/A,N/A,N/A,N/A,N/A,,,1
1759293212,eth1,110,Ethernet,IPv6,ICMP,N/A,v6,fe80::7827:e3ff:fe68:239,ff02::179,N/A,N/A,N/A,N/A,N/A,N/A,,,1
1759293212,any,112,N/A,IPv6,ICMP,N/A,v6,fe80::7827:e3ff:fe68:239,ff02::179,N/A,N/A,N/A,N/A,N/A,N/A,,,1
1759293212,eth0,71,Ethernet,IPv4,UDP,N/A,v4,172.30.0.220,224.0.0.252,5355,5355,N/A,N/A,N/A,N/A,,,1
1759293212,any,73,N/A,IPv4,UDP,N/A,v4,172.30.0.220,224.0.0.252,5355,5355,N/A,N/A,N/A,N/A,,,1
1759293212,eth0,368,Ethernet,IPv4,UDP,N/A,v4,0.0.0.0,255.255.255.255,68,67,N/A,N/A,N/A,N/A,,,0
1759293212,eth1,110,Ethernet,IPv6,ICMP,N/A,v6,fe80::a824:52ff:fe4f:69,ff02::179,N/A,N/A,N/A,N/A,N/A,N/A,,,0
1759293213,eth0,360,Ethernet,IPv4,UDP,N/A,v4,0.0.0.0,255.255.255.255,68,67,N/A,N/A,N/A,N/A,,,1
1759293213,any,362,N/A,IPv4,UDP,N/A,v4,0.0.0.0,255.255.255.255,68,67,N/A,N/A,N/A,N/A,,,1
1759293213,eth0,372,Ethernet,IPv4,UDP,N/A,v4,0.0.0.0,255.255.255.255,68,67,N/A,N/A,N/A,N/A,,,1
1759293213,any,374,N/A,IPv4,UDP,N/A,v4,0.0.0.0,255.255.255.255,68,67,N/A,N/A,N/A,N/A,,,1
1759293213,eth2,110,Ethernet,IPv6,ICMP,N/A,v6,fe80::dcac:f9ff:fe59:60,ff02::179,N/A,N/A,N/A,N/A,N/A,N/A,,,1
1759293213,any,112,N/A,IPv6,ICMP,N/A,v6,fe80::f056:abff:fe65:143,ff02::179,N/A,N/A,N/A,N/A,N/A,N/A,,,1
1759293213,eth1,110,Ethernet,IPv6,ICMP,N/A,v6,fe80::f056:abff:fe65:143,ff02::179,N/A,N/A,N/A,N/A,N/A,N/A,,,1
1759293213,any,112,N/A,IPv6,ICMP,N/A,v6,fe80::e48e:99ff:fe5f:147,ff02::179,N/A,N/A,N/A,N/A,N/A,N/A,,,1
1759293213,eth0,110,Ethernet,IPv6,ICMP,N/A,v6,fe80::e48e:99ff:fe5f:147,ff02::179,N/A,N/A,N/A,N/A,N/A,N/A,,,1
1759293213,eth0,54,Ethernet,IPv4,N/A,N/A,v4,172.30.0.220,224.0.0.22,N/A,N/A,N/A,N/A,N/A,N/A,,,1
1759293213,any,72,N/A,IPv6,ICMP,N/A,v6,fe80::24f1:23ff:fe29:66,ff02::204,N/A,N/A,N/A,N/A,N/A,N/A,,,1
1759293213,eth0,70,Ethernet,IPv6,ICMP,N/A,v6,fe80::24f1:23ff:fe29:66,ff02::204,N/A,N/A,N/A,N/A,N/A,N/A,,,1
1759293213,eth1,70,Ethernet,IPv6,ICMP,N/A,v6,fe80::7827:e3ff:fe68:239,ff02::204,N/A,N/A,N/A,N/A,N/A,N/A,,,1
1759293213,eth0,54,Ethernet,IPv4,N/A,N/A,v4,172.30.0.163,224.0.0.22,N/A,N/A,N/A,N/A,N/A,N/A,,,1
1759293213,any,56,N/A,IPv4,N/A,N/A,v4,172.30.0.163,224.0.0.22,N/A,N/A,N/A,N/A,N/A,N/A,,,1
1759293213,any,44,ARP,N/A,N/A,N/A,N/A,N/A,N/A,N/A,N/A,1,2048,172.30.0.220,172.30.0.122,,,1
1759293213,any,58,ARP,N/A,N/A,N/A,N/A,N/A,N/A,N/A,N/A,2,2048,172.30.0.122,172.30.0.220,,,1
1759293213,any,58,ARP,N/A,N/A,N/A,N/A,N/A,N/A,N/A,N/A,2,2048,172.30.0.122,172.30.0.220,,,1
1759293213,eth0,42,Ethernet,N/A,N/A,N/A,N/A,N/A,N/A,N/A,N/A,N/A,N/A,N/A,N/A,,,1
1759293213,eth0,56,Ethernet,N/A,N/A,N/A,N/A,N/A,N/A,N/A,N/A,N/A,N/A,N/A,N/A,,,1
1759293213,eth0,56,Ethernet,N/A,N/A,N/A,N/A,N/A,N/A,N/A,N/A,N/A,N/A,N/A,N/A,,,1
1759293213,any,56,N/A,IPv4,N/A,N/A,v4,172.30.0.220,224.0.0.22,N/A,N/A,N/A,N/A,N/A,N/A,,,1
1759293213,eth0,54,Ethernet,IPv4,N/A,N/A,v4,172.30.0.220,224.0.0.22,N/A,N/A,N/A,N/A,N/A,N/A,,,1
1759293213,eth0,70,Ethernet,IPv6,ICMP,N/A,v6,fe80::b0b5:44ff:feea:219,ff02::204,N/A,N/A,N/A,N/A,N/A,N/A,,,1
1759293213,eth1,70,Ethernet,IPv6,ICMP,N/A,v6,fe80::780a:a9ff:fee6:89,ff02::204,N/A,N/A,N/A,N/A,N/A,N/A,,,1
1759293213,any,72,N/A,IPv6,ICMP,N/A,v6,fe80::b0b5:44ff:feea:219,ff02::204,N/A,N/A,N/A,N/A,N/A,N/A,,,1
1759293213,eth0,54,Ethernet,IPv4,N/A,N/A,v4,172.30.0.23,224.0.0.22,N/A,N/A,N/A,N/A,N/A,N/A,,,1
1759293213,eth0,110,Ethernet,IPv6,ICMP,N/A,v6,fe80::24f1:23ff:fe29:66,ff02::179,N/A,N/A,N/A,N/A,N/A,N/A,,,1
1759293213,any,56,N/A,IPv4,N/A,N/A,v4,172.30.0.23,224.0.0.22,N/A,N/A,N/A,N/A,N/A,N/A,,,1
1759293213,any,112,N/A,IPv6,ICMP,N/A,v6,fe80::e48e:99ff:fe5f:147,ff02::179,N/A,N/A,N/A,N/A,N/A,N/A,,,1
1759293213,eth0,110,Ethernet,IPv6,ICMP,N/A,v6,fe80::e48e:99ff:fe5f:147,ff02::179,N/A,N/A,N/A,N/A,N/A,N/A,,,1
1759293213,eth0,90,Ethernet,IPv6,ICMP,N/A,v6,fe80::ecf9:eff:fefb:55,ff02::179,N/A,N/A,N/A,N/A,N/A,N/A,,,1
1759293213,eth0,56,Ethernet,IPv4,N/A,N/A,v4,172.30.0.89,224.0.0.22,N/A,N/A,N/A,N/A,N/A,N/A,,,1
1759293213,any,92,N/A,IPv6,ICMP,N/A,v6,fe80::ecf9:eff:fefb:55,ff02::179,N/A,N/A,N/A,N/A,N/A,N/A,,,1
1759293213,any,58,N/A,IPv4,N/A,N/A,v4,172.30.0.89,224.0.0.22,N/A,N/A,N/A,N/A,N/A,N/A,,,1
1759293213,any,69,N/A,IPv4,UDP,N/A,v4,172.30.0.89,224.0.0.252,5355,5355,N/A,N/A,N/A,N/A,,,1
1759293213,eth0,67,Ethernet,IPv4,UDP,N/A,v4,172.30.0.89,224.0.0.252,5355,5355,N/A,N/A,N/A,N/A,,,1
1759293213,any,358,N/A,IPv4,UDP,N/A,v4,0.0.0.0,255.255.255.255,68,67,N/A,N/A,N/A,N/A,,,1
1759293213,eth0,356,Ethernet,IPv4,UDP,N/A,v4,0.0.0.0,255.255.255.255,68,67,N/A,N/A,N/A,N/A,,,1
1759293213,eth0,368,Ethernet,IPv4,UDP,N/A,v4,0.0.0.0,255.255.255.255,68,67,N/A,N/A,N/A,N/A,,,1
1759293213,eth0,56,Ethernet,N/A,N/A,N/A,N/A,N/A,N/A,N/A,N/A,N/A,N/A,N/A,N/A,,,1
1759293213,any,370,N/A,IPv4,UDP,N/A,v4,0.0.0.0,255.255.255.255,68,67,N/A,N/A,N/A,N/A,,,1
1759293213,any,112,N/A,IPv6,ICMP,N/A,v6,fe80::f056:abff:fe65:143,ff02::179,N/A,N/A,N/A,N/A,N/A,N/A,,,1
1759293213,any,58,ARP,N/A,N/A,N/A,N/A,N/A,N/A,N/A,N/A,1,2048,172.30.0.89,172.30.0.122,,,1
1759293213,eth1,110,Ethernet,IPv6,ICMP,N/A,v6,fe80::f056:abff:fe65:143,ff02::179,N/A,N/A,N/A,N/A,N/A,N/A,,,1
1759293213,any,112,N/A,IPv6,ICMP,N/A,v6,fe80::103b:bdff:fef0:169,ff02::179,N/A,N/A,N/A,N/A,N/A,N/A,,,1
1759293213,eth1,110,Ethernet,IPv6,ICMP,N/A,v6,fe80::103b:bdff:fef0:169,ff02::179,N/A,N/A,N/A,N/A,N/A,N/A,,,1
1759293213,any,58,N/A,IPv4,N/A,N/A,v4,172.30.0.89,224.0.0.22,N/A,N/A,N/A,N/A,N/A,N/A,,,1
1759293213,eth0,56,Ethernet,IPv4,N/A,N/A,v4,172.30.0.89,224.0.0.22,N/A,N/A,N/A,N/A,N/A,N/A,,,1
1759293213,any,112,N/A,IPv6,ICMP,N/A,v6,fe80::ecf9:eff:fefb:55,ff02::179,N/A,N/A,N/A,N/A,N/A,N/A,,,1
1759293213,eth0,110,Ethernet,IPv6,ICMP,N/A,v6,fe80::ecf9:eff:fefb:55,ff02::179,N/A,N/A,N/A,N/A,N/A,N/A,,,1
1759293213,eth0,110,Ethernet,IPv6,ICMP,N/A,v6,fe80::ecf9:eff:fefb:55,ff02::179,N/A,N/A,N/A,N/A,N/A,N/A,,,1
1759293213,any,112,N/A,IPv6,ICMP,N/A,v6,fe80::ecf9:eff:fefb:55,ff02::179,N/A,N/A,N/A,N/A,N/A,N/A,,,1
1759293213,eth0,70,Ethernet,IPv6,ICMP,N/A,v6,fe80::e48e:99ff:fe5f:147,ff02::204,N/A,N/A,N/A,N/A,N/A,N/A,,,1
1759293213,eth2,70,Ethernet,IPv6,ICMP,N/A,v6,fe80::dcac:f9ff:fe59:60,ff02::204,N/A,N/A,N/A,N/A,N/A,N/A,,,1
1759293213,any,72,N/A,IPv6,ICMP,N/A,v6,fe80::dcac:f9ff:fe59:60,ff02::204,N/A,N/A,N/A,N/A,N/A,N/A,,,1
1759293213,any,72,N/A,IPv6,ICMP,N/A,v6,fe80::e48e:99ff:fe5f:147,ff02::204,N/A,N/A,N/A,N/A,N/A,N/A,,,1
1759293213,eth1,70,Ethernet,IPv6,ICMP,N/A,v6,fe80::f056:abff:fe65:143,ff02::204,N/A,N/A,N/A,N/A,N/A,N/A,,,1
1759293213,any,112,N/A,IPv6,ICMP,N/A,v6,fe80::dcac:f9ff:fe59:60,ff02::179,N/A,N/A,N/A,N/A,N/A,N/A,,,1
1759293213,eth2,110,Ethernet,IPv6,ICMP,N/A,v6,fe80::dcac:f9ff:fe59:60,ff02::179,N/A,N/A,N/A,N/A,N/A,N/A,,,1
1759293213,any,58,N/A,IPv4,N/A,N/A,v4,172.30.0.89,224.0.0.22,N/A,N/A,N/A,N/A,N/A,N/A,,,1
1759293213,eth0,56,Ethernet,IPv4,N/A,N/A,v4,172.30.0.89,224.0.0.22,N/A,N/A,N/A,N/A,N/A,N/A,,,1
1759293213,any,370,N/A,IPv4,UDP,N/A,v4,0.0.0.0,255.255.255.255,68,67,N/A,N/A,N/A,N/A,,,0
1759293213,any,112,N/A,IPv6,ICMP,N/A,v6,fe80::a824:52ff:fe4f:69,ff02::179,N/A,N/A,N/A,N/A,N/A,N/A,,,0
1759293213,any,112,N/A,IPv6,ICMP,N/A,v6,fe80::5ca9:83ff:fe87:27,ff02::179,N/A,N/A,N/A,N/A,N/A,N/A,,,0
1759293213,any,44,ARP,N/A,N/A,N/A,N/A,N/A,N/A,N/A,N/A,1,2048,172.30.0.220,172.30.0.122,,,0
1759293213,any,58,ARP,N/A,N/A,N/A,N/A,N/A,N/A,N/A,N/A,2,2048,172.30.0.122,172.30.0.220,,,0
1759293213,eth0,110,Ethernet,IPv6,ICMP,N/A,v6,fe80::5ca9:83ff:fe87:27,ff02::179,N/A,N/A,N/A,N/A,N/A,N/A,,,0
1759293213,eth0,54,Ethernet,IPv4,N/A,N/A,v4,172.30.0.220,224.0.0.22,N/A,N/A,N/A,N/A,N/A,N/A,,,0
1759293213,eth0,42,Ethernet,N/A,N/A,N/A,N/A,N/A,N/A,N/A,N/A,N/A,N/A,N/A,N/A,,,0
1759293213,eth0,56,Ethernet,N/A,N/A,N/A,N/A,N/A,N/A,N/A,N/A,N/A,N/A,N/A,N/A,,,0
1759293213,eth0,56,Ethernet,N/A,N/A,N/A,N/A,N/A,N/A,N/A,N/A,N/A,N/A,N/A,N/A,,,0
1759293213,eth0,110,Ethernet,IPv6,ICMP,N/A,v6,fe80::5ca9:83ff:fe87:27,ff02::179,N/A,N/A,N/A,N/A,N/A,N/A,,,0
1759293213,any,112,N/A,IPv6,ICMP,N/A,v6,fe80::5ca9:83ff:fe87:27,ff02::179,N/A,N/A,N/A,N/A,N/A,N/A,,,0
1759293213,eth1,70,Ethernet,IPv6,ICMP,N/A,v6,fe80::a824:52ff:fe4f:69,ff02::204,N/A,N/A,N/A,N/A,N/A,N/A,,,0
1759293213,any,72,N/A,IPv6,ICMP,N/A,v6,fe80::a824:52ff:fe4f:69,ff02::204,N/A,N/A,N/A,N/A,N/A,N/A,,,0
1759293213,any,72,N/A,IPv6,ICMP,N/A,v6,fe80::5ca9:83ff:fe87:27,ff02::204,N/A,N/A,N/A,N/A,N/A,N/A,,,0
1759293213,eth0,70,Ethernet,IPv6,ICMP,N/A,v6,fe80::5ca9:83ff:fe87:27,ff02::204,N/A,N/A,N/A,N/A,N/A,N/A,,,0
1759293213,any,112,N/A,IPv6,ICMP,N/A,v6,fe80::a824:52ff:fe4f:69,ff02::179,N/A,N/A,N/A,N/A,N/A,N/A,,,0
1759293213,eth1,110,Ethernet,IPv6,ICMP,N/A,v6,fe80::a824:52ff:fe4f:69,ff02::179,N/A,N/A,N/A,N/A,N/A,N/A,,,0
1759293213,any,56,N/A,IPv4,N/A,N/A,v4,172.30.0.220,224.0.0.22,N/A,N/A,N/A,N/A,N/A,N/A,,,0
1759293213,eth0,54,Ethernet,IPv4,N/A,N/A,v4,172.30.0.220,224.0.0.22,N/A,N/A,N/A,N/A,N/A,N/A,,,0
1759293214,eth0,111,Ethernet,N/A,N/A,N/A,N/A,N/A,N/A,N/A,N/A,N/A,N/A,N/A,N/A,,,1
1759293214,any,113,N/A,N/A,N/A,N/A,N/A,N/A,N/A,N/A,N/A,N/A,N/A,N/A,N/A,,,1
1759293214,any,112,N/A,IPv6,ICMP,N/A,v6,fe80::103b:bdff:fef0:169,ff02::179,N/A,N/A,N/A,N/A,N/A,N/A,,,1
1759293214,any,109,N/A,N/A,N/A,N/A,N/A,N/A,N/A,N/A,N/A,N/A,N/A,N/A,N/A,,,0
1759293214,eth0,107,Ethernet,N/A,N/A,N/A,N/A,N/A,N/A,N/A,N/A,N/A,N/A,N/A,N/A,,,0
1759293214,eth1,110,Ethernet,IPv6,ICMP,N/A,v6,fe80::103b:bdff:fef0:169,ff02::179,N/A,N/A,N/A,N/A,N/A,N/A,,,1
1759293214,eth0,70,Ethernet,IPv6,ICMP,N/A,v6,fe80::ecf9:eff:fefb:55,ff02::204,N/A,N/A,N/A,N/A,N/A,N/A,,,1
1759293214,any,72,N/A,IPv6,ICMP,N/A,v6,fe80::ecf9:eff:fefb:55,ff02::204,N/A,N/A,N/A,N/A,N/A,N/A,,,1
1759293214,any,72,N/A,IPv6,ICMP,N/A,v6,fe80::103b:bdff:fef0:169,ff02::204,N/A,N/A,N/A,N/A,N/A,N/A,,,1
1759293214,eth1,70,Ethernet,IPv6,ICMP,N/A,v6,fe80::103b:bdff:fef0:169,ff02::204,N/A,N/A,N/A,N/A,N/A,N/A,,,1
1759293215,eth0,107,Ethernet,N/A,N/A,N/A,N/A,N/A,N/A,N/A,N/A,N/A,N/A,N/A,N/A,,,0
1759293215,eth0,111,Ethernet,N/A,N/A,N/A,N/A,N/A,N/A,N/A,N/A,N/A,N/A,N/A,N/A,,,1
1759293215,any,113,N/A,N/A,N/A,N/A,N/A,N/A,N/A,N/A,N/A,N/A,N/A,N/A,N/A,,,1
1759293215,any,109,N/A,N/A,N/A,N/A,N/A,N/A,N/A,N/A,N/A,N/A,N/A,N/A,N/A,,,0
1759293216,eth0,111,Ethernet,N/A,N/A,N/A,N/A,N/A,N/A,N/A,N/A,N/A,N/A,N/A,N/A,,,1
1759293216,any,113,N/A,N/A,N/A,N/A,N/A,N/A,N/A,N/A,N/A,N/A,N/A,N/A,N/A,,,1
1759293216,any,92,N/A,IPv6,ICMP,N/A,v6,fe80::b0b5:44ff:feea:219,ff02::179,N/A,N/A,N/A,N/A,N/A,N/A,,,1
1759293216,eth0,90,Ethernet,IPv6,ICMP,N/A,v6,fe80::b0b5:44ff:feea:219,ff02::179,N/A,N/A,N/A,N/A,N/A,N/A,,,1
1759293216,eth0,54,Ethernet,IPv4,N/A,N/A,v4,172.30.0.163,224.0.0.22,N/A,N/A,N/A,N/A,N/A,N/A,,,1
1759293216,eth0,88,Ethernet,IPv6,UDP,N/A,v6,fe80::b0b5:44ff:feea:219,ff02::1:52,5355,5355,N/A,N/A,N/A,N/A,,,1
1759293216,any,90,N/A,IPv6,UDP,N/A,v6,fe80::b0b5:44ff:feea:219,ff02::1:52,5355,5355,N/A,N/A,N/A,N/A,,,1
1759293216,any,359,N/A,IPv4,UDP,N/A,v4,0.0.0.0,255.255.255.255,68,67,N/A,N/A,N/A,N/A,,,1
1759293216,eth0,357,Ethernet,IPv4,UDP,N/A,v4,0.0.0.0,255.255.255.255,68,67,N/A,N/A,N/A,N/A,,,1
1759293216,eth0,369,Ethernet,IPv4,UDP,N/A,v4,0.0.0.0,255.255.255.255,68,67,N/A,N/A,N/A,N/A,,,1
1759293216,any,371,N/A,IPv4,UDP,N/A,v4,0.0.0.0,255.255.255.255,68,67,N/A,N/A,N/A,N/A,,,1
1759293216,any,112,N/A,IPv6,ICMP,N/A,v6,fe80::780a:a9ff:fee6:89,ff02::179,N/A,N/A,N/A,N/A,N/A,N/A,,,1
1759293216,eth1,110,Ethernet,IPv6,ICMP,N/A,v6,fe80::780a:a9ff:fee6:89,ff02::179,N/A,N/A,N/A,N/A,N/A,N/A,,,1
1759293216,any,112,N/A,IPv6,ICMP,N/A,v6,fe80::b0b5:44ff:feea:219,ff02::179,N/A,N/A,N/A,N/A,N/A,N/A,,,1
1759293216,eth0,110,Ethernet,IPv6,ICMP,N/A,v6,fe80::b0b5:44ff:feea:219,ff02::179,N/A,N/A,N/A,N/A,N/A,N/A,,,1
1759293216,eth0,54,Ethernet,IPv4,N/A,N/A,v4,172.30.0.163,224.0.0.22,N/A,N/A,N/A,N/A,N/A,N/A,,,1
1759293216,eth0,42,Ethernet,N/A,N/A,N/A,N/A,N/A,N/A,N/A,N/A,N/A,N/A,N/A,N/A,,,1
1759293216,any,44,ARP,N/A,N/A,N/A,N/A,N/A,N/A,N/A,N/A,1,2048,172.30.0.163,172.30.0.122,,,1
1759293216,any,92,N/A,IPv6,ICMP,N/A,v6,fe80::24f1:23ff:fe29:66,ff02::179,N/A,N/A,N/A,N/A,N/A,N/A,,,1
1759293216,eth0,90,Ethernet,IPv6,ICMP,N/A,v6,fe80::24f1:23ff:fe29:66,ff02::179,N/A,N/A,N/A,N/A,N/A,N/A,,,1
1759293216,eth0,54,Ethernet,IPv4,N/A,N/A,v4,172.30.0.23,224.0.0.22,N/A,N/A,N/A,N/A,N/A,N/A,,,1
1759293216,eth0,87,Ethernet,IPv6,UDP,N/A,v6,fe80::24f1:23ff:fe29:66,ff02::1:52,5355,5355,N/A,N/A,N/A,N/A,,,1
1759293216,any,89,N/A,IPv6,UDP,N/A,v6,fe80::24f1:23ff:fe29:66,ff02::1:52,5355,5355,N/A,N/A,N/A,N/A,,,1
1759293216,any,358,N/A,IPv4,UDP,N/A,v4,0.0.0.0,255.255.255.255,68,67,N/A,N/A,N/A,N/A,,,1
1759293216,eth0,356,Ethernet,IPv4,UDP,N/A,v4,0.0.0.0,255.255.255.255,68,67,N/A,N/A,N/A,N/A,,,1
1759293216,any,370,N/A,IPv4,UDP,N/A,v4,0.0.0.0,255.255.255.255,68,67,N/A,N/A,N/A,N/A,,,1
1759293216,eth0,368,Ethernet,IPv4,UDP,N/A,v4,0.0.0.0,255.255.255.255,68,67,N/A,N/A,N/A,N/A,,,1
1759293216,any,112,N/A,IPv6,ICMP,N/A,v6,fe80::7827:e3ff:fe68:239,ff02::179,N/A,N/A,N/A,N/A,N/A,N/A,,,1
1759293216,eth1,110,Ethernet,IPv6,ICMP,N/A,v6,fe80::7827:e3ff:fe68:239,ff02::179,N/A,N/A,N/A,N/A,N/A,N/A,,,1
1759293216,any,112,N/A,IPv6,ICMP,N/A,v6,fe80::24f1:23ff:fe29:66,ff02::179,N/A,N/A,N/A,N/A,N/A,N/A,,,1
1759293216,eth0,110,Ethernet,IPv6,ICMP,N/A,v6,fe80::24f1:23ff:fe29:66,ff02::179,N/A,N/A,N/A,N/A,N/A,N/A,,,1
1759293216,eth0,54,Ethernet,IPv4,N/A,N/A,v4,172.30.0.23,224.0.0.22,N/A,N/A,N/A,N/A,N/A,N/A,,,1
1759293216,eth0,42,Ethernet,N/A,N/A,N/A,N/A,N/A,N/A,N/A,N/A,N/A,N/A,N/A,N/A,,,1
1759293216,any,44,ARP,N/A,N/A,N/A,N/A,N/A,N/A,N/A,N/A,1,2048,172.30.0.23,172.30.0.122,,,1
1759293216,any,112,N/A,IPv6,ICMP,N/A,v6,fe80::24f1:23ff:fe29:66,ff02::179,N/A,N/A,N/A,N/A,N/A,N/A,,,1
1759293216,eth0,110,Ethernet,IPv6,ICMP,N/A,v6,fe80::24f1:23ff:fe29:66,ff02::179,N/A,N/A,N/A,N/A,N/A,N/A,,,1
1759293216,eth0,54,Ethernet,IPv4,N/A,N/A,v4,172.30.0.163,224.0.0.22,N/A,N/A,N/A,N/A,N/A,N/A,,,1
1759293216,any,56,N/A,IPv4,N/A,N/A,v4,172.30.0.163,224.0.0.22,N/A,N/A,N/A,N/A,N/A,N/A,,,1
1759293216,eth0,107,Ethernet,N/A,N/A,N/A,N/A,N/A,N/A,N/A,N/A,N/A,N/A,N/A,N/A,,,0
1759293216,any,109,N/A,N/A,N/A,N/A,N/A,N/A,N/A,N/A,N/A,N/A,N/A,N/A,N/A,,,0
1759293217,eth0,110,Ethernet,IPv6,ICMP,N/A,v6,fe80::b0b5:44ff:feea:219,ff02::179,N/A,N/A,N/A,N/A,N/A,N/A,,,1
1759293217,any,112,N/A,IPv6,ICMP,N/A,v6,fe80::b0b5:44ff:feea:219,ff02::179,N/A,N/A,N/A,N/A,N/A,N/A,,,1
1759293217,any,56,N/A,IPv4,N/A,N/A,v4,172.30.0.23,224.0.0.22,N/A,N/A,N/A,N/A,N/A,N/A,,,1
1759293217,eth0,54,Ethernet,IPv4,N/A,N/A,v4,172.30.0.23,224.0.0.22,N/A,N/A,N/A,N/A,N/A,N/A,,,1
1759293217,any,112,N/A,IPv6,ICMP,N/A,v6,fe80::780a:a9ff:fee6:89,ff02::179,N/A,N/A,N/A,N/A,N/A,N/A,,,1
1759293217,eth0,107,Ethernet,N/A,N/A,N/A,N/A,N/A,N/A,N/A,N/A,N/A,N/A,N/A,N/A,,,0
1759293217,eth0,70,Ethernet,IPv6,ICMP,N/A,v6,fe80::5ca9:83ff:fe87:27,ff02::204,N/A,N/A,N/A,N/A,N/A,N/A,,,0
1759293217,any,109,N/A,N/A,N/A,N/A,N/A,N/A,N/A,N/A,N/A,N/A,N/A,N/A,N/A,,,0
1759293217,any,72,N/A,IPv6,ICMP,N/A,v6,fe80::a824:52ff:fe4f:69,ff02::204,N/A,N/A,N/A,N/A,N/A,N/A,,,0
1759293217,eth1,70,Ethernet,IPv6,ICMP,N/A,v6,fe80::a824:52ff:fe4f:69,ff02::204,N/A,N/A,N/A,N/A,N/A,N/A,,,0
1759293217,eth1,110,Ethernet,IPv6,ICMP,N/A,v6,fe80::780a:a9ff:fee6:89,ff02::179,N/A,N/A,N/A,N/A,N/A,N/A,,,1
1759293217,eth1,70,Ethernet,IPv6,ICMP,N/A,v6,fe80::780a:a9ff:fee6:89,ff02::204,N/A,N/A,N/A,N/A,N/A,N/A,,,1
1759293217,eth0,70,Ethernet,IPv6,ICMP,N/A,v6,fe80::b0b5:44ff:feea:219,ff02::204,N/A,N/A,N/A,N/A,N/A,N/A,,,1
1759293217,any,72,N/A,IPv6,ICMP,N/A,v6,fe80::b0b5:44ff:feea:219,ff02::204,N/A,N/A,N/A,N/A,N/A,N/A,,,1
1759293217,any,72,N/A,IPv6,ICMP,N/A,v6,fe80::780a:a9ff:fee6:89,ff02::204,N/A,N/A,N/A,N/A,N/A,N/A,,,1
1759293217,any,113,N/A,N/A,N/A,N/A,N/A,N/A,N/A,N/A,N/A,N/A,N/A,N/A,N/A,,,1
1759293217,eth0,111,Ethernet,N/A,N/A,N/A,N/A,N/A,N/A,N/A,N/A,N/A,N/A,N/A,N/A,,,1
1759293217,any,72,N/A,IPv6,ICMP,N/A,v6,fe80::dcac:f9ff:fe59:60,ff02::204,N/A,N/A,N/A,N/A,N/A,N/A,,,1
1759293217,eth2,70,Ethernet,IPv6,ICMP,N/A,v6,fe80::dcac:f9ff:fe59:60,ff02::204,N/A,N/A,N/A,N/A,N/A,N/A,,,1
1759293217,any,112,N/A,IPv6,ICMP,N/A,v6,fe80::7827:e3ff:fe68:239,ff02::179,N/A,N/A,N/A,N/A,N/A,N/A,,,1
1759293217,eth1,110,Ethernet,IPv6,ICMP,N/A,v6,fe80::7827:e3ff:fe68:239,ff02::179,N/A,N/A,N/A,N/A,N/A,N/A,,,1
1759293217,any,72,N/A,IPv6,ICMP,N/A,v6,fe80::f056:abff:fe65:143,ff02::204,N/A,N/A,N/A,N/A,N/A,N/A,,,1
1759293217,eth1,70,Ethernet,IPv6,ICMP,N/A,v6,fe80::f056:abff:fe65:143,ff02::204,N/A,N/A,N/A,N/A,N/A,N/A,,,1
1759293217,any,72,N/A,IPv6,ICMP,N/A,v6,fe80::24f1:23ff:fe29:66,ff02::204,N/A,N/A,N/A,N/A,N/A,N/A,,,1
1759293217,eth1,70,Ethernet,IPv6,ICMP,N/A,v6,fe80::7827:e3ff:fe68:239,ff02::204,N/A,N/A,N/A,N/A,N/A,N/A,,,1
1759293217,eth0,70,Ethernet,IPv6,ICMP,N/A,v6,fe80::24f1:23ff:fe29:66,ff02::204,N/A,N/A,N/A,N/A,N/A,N/A,,,1
1759293217,any,72,N/A,IPv6,ICMP,N/A,v6,fe80::e48e:99ff:fe5f:147,ff02::204,N/A,N/A,N/A,N/A,N/A,N/A,,,1
1759293217,eth0,70,Ethernet,IPv6,ICMP,N/A,v6,fe80::e48e:99ff:fe5f:147,ff02::204,N/A,N/A,N/A,N/A,N/A,N/A,,,1
1759293218,eth0,90,Ethernet,IPv6,ICMP,N/A,v6,fe80::5ca9:83ff:fe87:27,ff02::179,N/A,N/A,N/A,N/A,N/A,N/A,,,0
1759293218,eth0,54,Ethernet,IPv4,N/A,N/A,v4,172.30.0.220,224.0.0.22,N/A,N/A,N/A,N/A,N/A,N/A,,,0
1759293218,any,92,N/A,IPv6,ICMP,N/A,v6,fe80::5ca9:83ff:fe87:27,ff02::179,N/A,N/A,N/A,N/A,N/A,N/A,,,0
1759293218,eth0,87,Ethernet,IPv6,UDP,N/A,v6,fe80::5ca9:83ff:fe87:27,ff02::1:52,5355,5355,N/A,N/A,N/A,N/A,,,0
1759293218,any,89,N/A,IPv6,UDP,N/A,v6,fe80::5ca9:83ff:fe87:27,ff02::1:52,5355,5355,N/A,N/A,N/A,N/A,,,0
1759293218,eth0,356,Ethernet,IPv4,UDP,N/A,v4,0.0.0.0,255.255.255.255,68,67,N/A,N/A,N/A,N/A,,,0
1759293218,any,358,N/A,IPv4,UDP,N/A,v4,0.0.0.0,255.255.255.255,68,67,N/A,N/A,N/A,N/A,,,0
1759293218,eth0,368,Ethernet,IPv4,UDP,N/A,v4,0.0.0.0,255.255.255.255,68,67,N/A,N/A,N/A,N/A,,,0
1759293218,any,370,N/A,IPv4,UDP,N/A,v4,0.0.0.0,255.255.255.255,68,67,N/A,N/A,N/A,N/A,,,0
1759293218,eth1,110,Ethernet,IPv6,ICMP,N/A,v6,fe80::a824:52ff:fe4f:69,ff02::179,N/A,N/A,N/A,N/A,N/A,N/A,,,0
1759293218,any,112,N/A,IPv6,ICMP,N/A,v6,fe80::a824:52ff:fe4f:69,ff02::179,N/A,N/A,N/A,N/A,N/A,N/A,,,0
1759293218,eth0,54,Ethernet,IPv4,N/A,N/A,v4,172.30.0.220,224.0.0.22,N/A,N/A,N/A,N/A,N/A,N/A,,,0
1759293218,any,56,N/A,IPv4,N/A,N/A,v4,172.30.0.220,224.0.0.22,N/A,N/A,N/A,N/A,N/A,N/A,,,0
1759293218,eth0,110,Ethernet,IPv6,ICMP,N/A,v6,fe80::5ca9:83ff:fe87:27,ff02::179,N/A,N/A,N/A,N/A,N/A,N/A,,,0
1759293218,any,112,N/A,IPv6,ICMP,N/A,v6,fe80::5ca9:83ff:fe87:27,ff02::179,N/A,N/A,N/A,N/A,N/A,N/A,,,0
1759293218,eth0,42,Ethernet,N/A,N/A,N/A,N/A,N/A,N/A,N/A,N/A,N/A,N/A,N/A,N/A,,,0
1759293218,eth0,56,Ethernet,N/A,N/A,N/A,N/A,N/A,N/A,N/A,N/A,N/A,N/A,N/A,N/A,,,0
1759293218,eth0,90,Ethernet,IPv6,ICMP,N/A,v6,fe80::e48e:99ff:fe5f:147,ff02::179,N/A,N/A,N/A,N/A,N/A,N/A,,,1
1759293218,eth0,54,Ethernet,IPv4,N/A,N/A,v4,172.30.0.220,224.0.0.22,N/A,N/A,N/A,N/A,N/A,N/A,,,1
1759293218,any,92,N/A,IPv6,ICMP,N/A,v6,fe80::e48e:99ff:fe5f:147,ff02::179,N/A,N/A,N/A,N/A,N/A,N/A,,,1
1759293218,eth0,71,Ethernet,IPv4,UDP,N/A,v4,172.30.0.220,224.0.0.252,5355,5355,N/A,N/A,N/A,N/A,,,1
1759293218,any,73,N/A,IPv4,UDP,N/A,v4,172.30.0.220,224.0.0.252,5355,5355,N/A,N/A,N/A,N/A,,,1
1759293218,eth0,91,Ethernet,IPv6,UDP,N/A,v6,fe80::e48e:99ff:fe5f:147,ff02::1:52,5355,5355,N/A,N/A,N/A,N/A,,,1
1759293218,any,93,N/A,IPv6,UDP,N/A,v6,fe80::e48e:99ff:fe5f:147,ff02::1:52,5355,5355,N/A,N/A,N/A,N/A,,,1
1759293218,eth0,360,Ethernet,IPv4,UDP,N/A,v4,0.0.0.0,255.255.255.255,68,67,N/A,N/A,N/A,N/A,,,1
1759293218,any,362,N/A,IPv4,UDP,N/A,v4,0.0.0.0,255.255.255.255,68,67,N/A,N/A,N/A,N/A,,,1
1759293218,eth0,372,Ethernet,IPv4,UDP,N/A,v4,0.0.0.0,255.255.255.255,68,67,N/A,N/A,N/A,N/A,,,1
1759293218,any,374,N/A,IPv4,UDP,N/A,v4,0.0.0.0,255.255.255.255,68,67,N/A,N/A,N/A,N/A,,,1
1759293218,eth2,110,Ethernet,IPv6,ICMP,N/A,v6,fe80::dcac:f9ff:fe59:60,ff02::179,N/A,N/A,N/A,N/A,N/A,N/A,,,1
1759293218,any,112,N/A,IPv6,ICMP,N/A,v6,fe80::dcac:f9ff:fe59:60,ff02::179,N/A,N/A,N/A,N/A,N/A,N/A,,,1
1759293218,eth1,70,Ethernet,IPv6,ICMP,N/A,v6,fe80::103b:bdff:fef0:169,ff02::204,N/A,N/A,N/A,N/A,N/A,N/A,,,1
1759293218,any,72,N/A,IPv6,ICMP,N/A,v6,fe80::103b:bdff:fef0:169,ff02::204,N/A,N/A,N/A,N/A,N/A,N/A,,,1
1759293218,eth1,110,Ethernet,IPv6,ICMP,N/A,v6,fe80::f056:abff:fe65:143,ff02::179,N/A,N/A,N/A,N/A,N/A,N/A,,,1
1759293218,any,112,N/A,IPv6,ICMP,N/A,v6,fe80::f056:abff:fe65:143,ff02::179,N/A,N/A,N/A,N/A,N/A,N/A,,,1
1759293218,eth0,110,Ethernet,IPv6,ICMP,N/A,v6,fe80::e48e:99ff:fe5f:147,ff02::179,N/A,N/A,N/A,N/A,N/A,N/A,,,1
1759293218,eth0,54,Ethernet,IPv4,N/A,N/A,v4,172.30.0.220,224.0.0.22,N/A,N/A,N/A,N/A,N/A,N/A,,,1
1759293218,any,112,N/A,IPv6,ICMP,N/A,v6,fe80::e48e:99ff:fe5f:147,ff02::179,N/A,N/A,N/A,N/A,N/A,N/A,,,1
1759293218,eth0,42,Ethernet,N/A,N/A,N/A,N/A,N/A,N/A,N/A,N/A,N/A,N/A,N/A,N/A,,,1
1759293218,any,44,ARP,N/A,N/A,N/A,N/A,N/A,N/A,N/A,N/A,1,2048,172.30.0.220,172.30.0.122,,,1
1759293218,any,58,ARP,N/A,N/A,N/A,N/A,N/A,N/A,N/A,N/A,2,2048,172.30.0.122,172.30.0.220,,,1
1759293218,eth0,56,Ethernet,N/A,N/A,N/A,N/A,N/A,N/A,N/A,N/A,N/A,N/A,N/A,N/A,,,1
1759293218,eth0,56,Ethernet,N/A,N/A,N/A,N/A,N/A,N/A,N/A,N/A,N/A,N/A,N/A,N/A,,,1
1759293218,any,72,N/A,IPv6,ICMP,N/A,v6,fe80::ecf9:eff:fefb:55,ff02::204,N/A,N/A,N/A,N/A,N/A,N/A,,,1
1759293218,eth0,70,Ethernet,IPv6,ICMP,N/A,v6,fe80::ecf9:eff:fefb:55,ff02::204,N/A,N/A,N/A,N/A,N/A,N/A,,,1
1759293218,eth0,90,Ethernet,IPv6,ICMP,N/A,v6,fe80::ecf9:eff:fefb:55,ff02::179,N/A,N/A,N/A,N/A,N/A,N/A,,,1
1759293218,eth0,56,Ethernet,IPv4,N/A,N/A,v4,172.30.0.89,224.0.0.22,N/A,N/A,N/A,N/A,N/A,N/A,,,1
1759293218,any,92,N/A,IPv6,ICMP,N/A,v6,fe80::ecf9:eff:fefb:55,ff02::179,N/A,N/A,N/A,N/A,N/A,N/A,,,1
1759293218,any,58,N/A,IPv4,N/A,N/A,v4,172.30.0.89,224.0.0.22,N/A,N/A,N/A,N/A,N/A,N/A,,,1
1759293218,eth0,56,Ethernet,IPv4,N/A,N/A,v4,172.30.0.89,224.0.0.22,N/A,N/A,N/A,N/A,N/A,N/A,,,1
1759293218,any,72,N/A,IPv6,ICMP,N/A,v6,fe80::dcac:f9ff:fe59:60,ff02::204,N/A,N/A,N/A,N/A,N/A,N/A,,,1
1759293218,eth2,70,Ethernet,IPv6,ICMP,N/A,v6,fe80::dcac:f9ff:fe59:60,ff02::204,N/A,N/A,N/A,N/A,N/A,N/A,,,1
1759293218,eth1,70,Ethernet,IPv6,ICMP,N/A,v6,fe80::f056:abff:fe65:143,ff02::204,N/A,N/A,N/A,N/A,N/A,N/A,,,1
1759293218,eth0,70,Ethernet,IPv6,ICMP,N/A,v6,fe80::e48e:99ff:fe5f:147,ff02::204,N/A,N/A,N/A,N/A,N/A,N/A,,,1
1759293218,any,69,N/A,IPv4,UDP,N/A,v4,172.30.0.89,224.0.0.252,5355,5355,N/A,N/A,N/A,N/A,,,1
1759293218,eth0,67,Ethernet,IPv4,UDP,N/A,v4,172.30.0.89,224.0.0.252,5355,5355,N/A,N/A,N/A,N/A,,,1
1759293218,eth0,87,Ethernet,IPv6,UDP,N/A,v6,fe80::ecf9:eff:fefb:55,ff02::1:52,5355,5355,N/A,N/A,N/A,N/A,,,1
1759293218,eth0,90,Ethernet,IPv6,ICMP,N/A,v6,fe80::ecf9:eff:fefb:55,ff02::179,N/A,N/A,N/A,N/A,N/A,N/A,,,1
1759293218,any,92,N/A,IPv6,ICMP,N/A,v6,fe80::ecf9:eff:fefb:55,ff02::179,N/A,N/A,N/A,N/A,N/A,N/A,,,1
1759293218,eth0,356,Ethernet,IPv4,UDP,N/A,v4,0.0.0.0,255.255.255.255,68,67,N/A,N/A,N/A,N/A,,,1
1759293218,any,358,N/A,IPv4,UDP,N/A,v4,0.0.0.0,255.255.255.255,68,67,N/A,N/A,N/A,N/A,,,1
1759293218,any,370,N/A,IPv4,UDP,N/A,v4,0.0.0.0,255.255.255.255,68,67,N/A,N/A,N/A,N/A,,,1
1759293218,eth0,368,Ethernet,IPv4,UDP,N/A,v4,0.0.0.0,255.255.255.255,68,67,N/A,N/A,N/A,N/A,,,1
1759293218,any,112,N/A,IPv6,ICMP,N/A,v6,fe80::103b:bdff:fef0:169,ff02::179,N/A,N/A,N/A,N/A,N/A,N/A,,,1
1759293218,eth1,110,Ethernet,IPv6,ICMP,N/A,v6,fe80::103b:bdff:fef0:169,ff02::179,N/A,N/A,N/A,N/A,N/A,N/A,,,1
1759293218,any,112,N/A,IPv6,ICMP,N/A,v6,fe80::ecf9:eff:fefb:55,ff02::179,N/A,N/A,N/A,N/A,N/A,N/A,,,1
1759293218,eth0,110,Ethernet,IPv6,ICMP,N/A,v6,fe80::ecf9:eff:fefb:55,ff02::179,N/A,N/A,N/A,N/A,N/A,N/A,,,1
1759293218,eth0,56,Ethernet,IPv4,N/A,N/A,v4,172.30.0.89,224.0.0.22,N/A,N/A,N/A,N/A,N/A,N/A,,,1
1759293218,eth0,56,Ethernet,N/A,N/A,N/A,N/A,N/A,N/A,N/A,N/A,N/A,N/A,N/A,N/A,,,1
1759293218,any,58,ARP,N/A,N/A,N/A,N/A,N/A,N/A,N/A,N/A,1,2048,172.30.0.89,172.30.0.122,,,1
1759293218,any,112,N/A,IPv6,ICMP,N/A,v6,fe80::f056:abff:fe65:143,ff02::179,N/A,N/A,N/A,N/A,N/A,N/A,,,1
1759293218,eth1,110,Ethernet,IPv6,ICMP,N/A,v6,fe80::f056:abff:fe65:143,ff02::179,N/A,N/A,N/A,N/A,N/A,N/A,,,1
1759293218,any,112,N/A,IPv6,ICMP,N/A,v6,fe80::e48e:99ff:fe5f:147,ff02::179,N/A,N/A,N/A,N/A,N/A,N/A,,,1
1759293218,eth0,110,Ethernet,IPv6,ICMP,N/A,v6,fe80::e48e:99ff:fe5f:147,ff02::179,N/A,N/A,N/A,N/A,N/A,N/A,,,1
1759293218,any,112,N/A,IPv6,ICMP,N/A,v6,fe80::ecf9:eff:fefb:55,ff02::179,N/A,N/A,N/A,N/A,N/A,N/A,,,1
1759293218,eth0,110,Ethernet,IPv6,ICMP,N/A,v6,fe80::ecf9:eff:fefb:55,ff02::179,N/A,N/A,N/A,N/A,N/A,N/A,,,1
1759293218,eth0,54,Ethernet,IPv4,N/A,N/A,v4,172.30.0.220,224.0.0.22,N/A,N/A,N/A,N/A,N/A,N/A,,,1
1759293218,any,56,N/A,IPv4,N/A,N/A,v4,172.30.0.220,224.0.0.22,N/A,N/A,N/A,N/A,N/A,N/A,,,1
1759293218,eth0,56,Ethernet,N/A,N/A,N/A,N/A,N/A,N/A,N/A,N/A,N/A,N/A,N/A,N/A,,,0
1759293218,any,44,ARP,N/A,N/A,N/A,N/A,N/A,N/A,N/A,N/A,1,2048,172.30.0.220,172.30.0.122,,,0
1759293218,any,58,ARP,N/A,N/A,N/A,N/A,N/A,N/A,N/A,N/A,2,2048,172.30.0.122,172.30.0.220,,,0
1759293218,eth1,110,Ethernet,IPv6,ICMP,N/A,v6,fe80::a824:52ff:fe4f:69,ff02::179,N/A,N/A,N/A,N/A,N/A,N/A,,,0
1759293218,any,72,N/A,IPv6,ICMP,N/A,v6,fe80::a824:52ff:fe4f:69,ff02::204,N/A,N/A,N/A,N/A,N/A,N/A,,,0
1759293218,eth1,70,Ethernet,IPv6,ICMP,N/A,v6,fe80::a824:52ff:fe4f:69,ff02::204,N/A,N/A,N/A,N/A,N/A,N/A,,,0
1759293218,any,112,N/A,IPv6,ICMP,N/A,v6,fe80::5ca9:83ff:fe87:27,ff02::179,N/A,N/A,N/A,N/A,N/A,N/A,,,0
1759293218,eth0,110,Ethernet,IPv6,ICMP,N/A,v6,fe80::5ca9:83ff:fe87:27,ff02::179,N/A,N/A,N/A,N/A,N/A,N/A,,,0
1759293218,eth0,54,Ethernet,IPv4,N/A,N/A,v4,172.30.0.220,224.0.0.22,N/A,N/A,N/A,N/A,N/A,N/A,,,0
1759293218,any,56,N/A,IPv4,N/A,N/A,v4,172.30.0.220,224.0.0.22,N/A,N/A,N/A,N/A,N/A,N/A,,,0
1759293219,eth0,111,Ethernet,N/A,N/A,N/A,N/A,N/A,N/A,N/A,N/A,N/A,N/A,N/A,N/A,,,1
1759293219,any,113,N/A,N/A,N/A,N/A,N/A,N/A,N/A,N/A,N/A,N/A,N/A,N/A,N/A,,,1
1759293219,any,112,N/A,IPv6,ICMP,N/A,v6,fe80::dcac:f9ff:fe59:60,ff02::179,N/A,N/A,N/A,N/A,N/A,N/A,,,1
1759293219,eth2,110,Ethernet,IPv6,ICMP,N/A,v6,fe80::dcac:f9ff:fe59:60,ff02::179,N/A,N/A,N/A,N/A,N/A,N/A,,,1
1759293219,any,58,N/A,IPv4,N/A,N/A,v4,172.30.0.89,224.0.0.22,N/A,N/A,N/A,N/A,N/A,N/A,,,1
1759293219,eth0,56,Ethernet,IPv4,N/A,N/A,v4,172.30.0.89,224.0.0.22,N/A,N/A,N/A,N/A,N/A,N/A,,,1
1759293219,any,72,N/A,IPv6,ICMP,N/A,v6,fe80::ecf9:eff:fefb:55,ff02::204,N/A,N/A,N/A,N/A,N/A,N/A,,,1
1759293219,eth0,70,Ethernet,IPv6,ICMP,N/A,v6,fe80::ecf9:eff:fefb:55,ff02::204,N/A,N/A,N/A,N/A,N/A,N/A,,,1
1759293219,any,72,N/A,IPv6,ICMP,N/A,v6,fe80::103b:bdff:fef0:169,ff02::204,N/A,N/A,N/A,N/A,N/A,N/A,,,1
1759293219,eth1,70,Ethernet,IPv6,ICMP,N/A,v6,fe80::103b:bdff:fef0:169,ff02::204,N/A,N/A,N/A,N/A,N/A,N/A,,,1
1759293219,any,112,N/A,IPv6,ICMP,N/A,v6,fe80::103b:bdff:fef0:169,ff02::179,N/A,N/A,N/A,N/A,N/A,N/A,,,1
1759293219,eth1,110,Ethernet,IPv6,ICMP,N/A,v6,fe80::103b:bdff:fef0:169,ff02::179,N/A,N/A,N/A,N/A,N/A,N/A,,,1
1759293219,eth0,70,Ethernet,IPv6,ICMP,N/A,v6,fe80::5ca9:83ff:fe87:27,ff02::204,N/A,N/A,N/A,N/A,N/A,N/A,,,0
1759293219,eth0,107,Ethernet,N/A,N/A,N/A,N/A,N/A,N/A,N/A,N/A,N/A,N/A,N/A,N/A,,,0
1759293219,any,72,N/A,IPv6,ICMP,N/A,v6,fe80::5ca9:83ff:fe87:27,ff02::204,N/A,N/A,N/A,N/A,N/A,N/A,,,0
1759293220,any,113,N/A,N/A,N/A,N/A,N/A,N/A,N/A,N/A,N/A,N/A,N/A,N/A,N/A,,,1
1759293220,eth0,111,Ethernet,N/A,N/A,N/A,N/A,N/A,N/A,N/A,N/A,N/A,N/A,N/A,N/A,,,1
1759293220,any,109,N/A,N/A,N/A,N/A,N/A,N/A,N/A,N/A,N/A,N/A,N/A,N/A,N/A,,,0
1759293220,eth0,107,Ethernet,N/A,N/A,N/A,N/A,N/A,N/A,N/A,N/A,N/A,N/A,N/A,N/A,,,0
1759293221,any,113,N/A,N/A,N/A,N/A,N/A,N/A,N/A,N/A,N/A,N/A,N/A,N/A,N/A,,,1
1759293221,eth0,111,Ethernet,N/A,N/A,N/A,N/A,N/A,N/A,N/A,N/A,N/A,N/A,N/A,N/A,,,1
1759293221,any,92,N/A,IPv6,ICMP,N/A,v6,fe80::b0b5:44ff:feea:219,ff02::179,N/A,N/A,N/A,N/A,N/A,N/A,,,1
1759293221,eth0,90,Ethernet,IPv6,ICMP,N/A,v6,fe80::b0b5:44ff:feea:219,ff02::179,N/A,N/A,N/A,N/A,N/A,N/A,,,1
1759293221,eth0,54,Ethernet,IPv4,N/A,N/A,v4,172.30.0.163,224.0.0.22,N/A,N/A,N/A,N/A,N/A,N/A,,,1
1759293221,eth0,68,Ethernet,IPv4,UDP,N/A,v4,172.30.0.163,224.0.0.252,5355,5355,N/A,N/A,N/A,N/A,,,1
1759293221,any,70,N/A,IPv4,UDP,N/A,v4,172.30.0.163,224.0.0.252,5355,5355,N/A,N/A,N/A,N/A,,,1
1759293221,any,112,N/A,IPv6,ICMP,N/A,v6,fe80::780a:a9ff:fee6:89,ff02::179,N/A,N/A,N/A,N/A,N/A,N/A,,,1
1759293221,any,359,N/A,IPv4,UDP,N/A,v4,0.0.0.0,255.255.255.255,68,67,N/A,N/A,N/A,N/A,,,1
1759293221,eth1,110,Ethernet,IPv6,ICMP,N/A,v6,fe80::780a:a9ff:fee6:89,ff02::179,N/A,N/A,N/A,N/A,N/A,N/A,,,1
1759293221,eth0,110,Ethernet,IPv6,ICMP,N/A,v6,fe80::b0b5:44ff:feea:219,ff02::179,N/A,N/A,N/A,N/A,N/A,N/A,,,1
1759293221,eth0,357,Ethernet,IPv4,UDP,N/A,v4,0.0.0.0,255.255.255.255,68,67,N/A,N/A,N/A,N/A,,,1
1759293221,eth0,369,Ethernet,IPv4,UDP,N/A,v4,0.0.0.0,255.255.255.255,68,67,N/A,N/A,N/A,N/A,,,1
1759293221,any,112,N/A,IPv6,ICMP,N/A,v6,fe80::b0b5:44ff:feea:219,ff02::179,N/A,N/A,N/A,N/A,N/A,N/A,,,1
1759293221,eth0,110,Ethernet,IPv6,ICMP,N/A,v6,fe80::b0b5:44ff:feea:219,ff02::179,N/A,N/A,N/A,N/A,N/A,N/A,,,1
1759293221,eth0,54,Ethernet,IPv4,N/A,N/A,v4,172.30.0.163,224.0.0.22,N/A,N/A,N/A,N/A,N/A,N/A,,,1
1759293221,any,72,N/A,IPv6,ICMP,N/A,v6,fe80::7827:e3ff:fe68:239,ff02::204,N/A,N/A,N/A,N/A,N/A,N/A,,,1
1759293221,eth1,70,Ethernet,IPv6,ICMP,N/A,v6,fe80::7827:e3ff:fe68:239,ff02::204,N/A,N/A,N/A,N/A,N/A,N/A,,,1
1759293221,eth0,42,Ethernet,N/A,N/A,N/A,N/A,N/A,N/A,N/A,N/A,N/A,N/A,N/A,N/A,,,1
1759293221,any,44,ARP,N/A,N/A,N/A,N/A,N/A,N/A,N/A,N/A,1,2048,172.30.0.163,172.30.0.122,,,1
1759293221,eth0,70,Ethernet,IPv6,ICMP,N/A,v6,fe80::24f1:23ff:fe29:66,ff02::204,N/A,N/A,N/A,N/A,N/A,N/A,,,1
1759293221,any,72,N/A,IPv6,ICMP,N/A,v6,fe80::24f1:23ff:fe29:66,ff02::204,N/A,N/A,N/A,N/A,N/A,N/A,,,1
1759293221,any,92,N/A,IPv6,ICMP,N/A,v6,fe80::24f1:23ff:fe29:66,ff02::179,N/A,N/A,N/A,N/A,N/A,N/A,,,1
1759293221,eth0,90,Ethernet,IPv6,ICMP,N/A,v6,fe80::24f1:23ff:fe29:66,ff02::179,N/A,N/A,N/A,N/A,N/A,N/A,,,1
1759293221,eth0,54,Ethernet,IPv4,N/A,N/A,v4,172.30.0.23,224.0.0.22,N/A,N/A,N/A,N/A,N/A,N/A,,,1
1759293221,eth0,356,Ethernet,IPv4,UDP,N/A,v4,0.0.0.0,255.255.255.255,68,67,N/A,N/A,N/A,N/A,,,1
1759293221,any,358,N/A,IPv4,UDP,N/A,v4,0.0.0.0,255.255.255.255,68,67,N/A,N/A,N/A,N/A,,,1
1759293221,eth0,368,Ethernet,IPv4,UDP,N/A,v4,0.0.0.0,255.255.255.255,68,67,N/A,N/A,N/A,N/A,,,1
1759293221,any,370,N/A,IPv4,UDP,N/A,v4,0.0.0.0,255.255.255.255,68,67,N/A,N/A,N/A,N/A,,,1
1759293221,any,112,N/A,IPv6,ICMP,N/A,v6,fe80::7827:e3ff:fe68:239,ff02::179,N/A,N/A,N/A,N/A,N/A,N/A,,,1
1759293221,eth1,110,Ethernet,IPv6,ICMP,N/A,v6,fe80::7827:e3ff:fe68:239,ff02::179,N/A,N/A,N/A,N/A,N/A,N/A,,,1
1759293221,any,112,N/A,IPv6,ICMP,N/A,v6,fe80::24f1:23ff:fe29:66,ff02::179,N/A,N/A,N/A,N/A,N/A,N/A,,,1
1759293221,eth0,110,Ethernet,IPv6,ICMP,N/A,v6,fe80::24f1:23ff:fe29:66,ff02::179,N/A,N/A,N/A,N/A,N/A,N/A,,,1
1759293221,any,109,N/A,N/A,N/A,N/A,N/A,N/A,N/A,N/A,N/A,N/A,N/A,N/A,N/A,,,0
1759293221,eth0,107,Ethernet,N/A,N/A,N/A,N/A,N/A,N/A,N/A,N/A,N/A,N/A,N/A,N/A,,,0
1759293221,eth0,54,Ethernet,IPv4,N/A,N/A,v4,172.30.0.23,224.0.0.22,N/A,N/A,N/A,N/A,N/A,N/A,,,1
1759293221,any,44,ARP,N/A,N/A,N/A,N/A,N/A,N/A,N/A,N/A,1,2048,172.30.0.23,172.30.0.122,,,1
1759293221,eth0,42,Ethernet,N/A,N/A,N/A,N/A,N/A,N/A,N/A,N/A,N/A,N/A,N/A,N/A,,,1
1759293221,any,112,N/A,IPv6,ICMP,N/A,v6,fe80::7827:e3ff:fe68:239,ff02::179,N/A,N/A,N/A,N/A,N/A,N/A,,,1
1759293221,eth1,110,Ethernet,IPv6,ICMP,N/A,v6,fe80::7827:e3ff:fe68:239,ff02::179,N/A,N/A,N/A,N/A,N/A,N/A,,,1
1759293222,eth0,90,Ethernet,IPv6,ICMP,N/A,v6,fe80::5ca9:83ff:fe87:27,ff02::179,N/A,N/A,N/A,N/A,N/A,N/A,,,0
1759293222,eth0,54,Ethernet,IPv4,N/A,N/A,v4,172.30.0.220,224.0.0.22,N/A,N/A,N/A,N/A,N/A,N/A,,,0
1759293222,any,92,N/A,IPv6,ICMP,N/A,v6,fe80::5ca9:83ff:fe87:27,ff02::179,N/A,N/A,N/A,N/A,N/A,N/A,,,0
1759293222,eth0,67,Ethernet,IPv4,UDP,N/A,v4,172.30.0.220,224.0.0.252,5355,5355,N/A,N/A,N/A,N/A,,,0
1759293222,any,69,N/A,IPv4,UDP,N/A,v4,172.30.0.220,224.0.0.252,5355,5355,N/A,N/A,N/A,N/A,,,0
1759293222,eth0,356,Ethernet,IPv4,UDP,N/A,v4,0.0.0.0,255.255.255.255,68,67,N/A,N/A,N/A,N/A,,,0
1759293222,any,358,N/A,IPv4,UDP,N/A,v4,0.0.0.0,255.255.255.255,68,67,N/A,N/A,N/A,N/A,,,0
1759293222,eth0,368,Ethernet,IPv4,UDP,N/A,v4,0.0.0.0,255.255.255.255,68,67,N/A,N/A,N/A,N/A,,,0
1759293222,any,92,N/A,IPv6,ICMP,N/A,v6,fe80::b0b5:44ff:feea:219,ff02::179,N/A,N/A,N/A,N/A,N/A,N/A,,,1
1759293222,eth0,90,Ethernet,IPv6,ICMP,N/A,v6,fe80::b0b5:44ff:feea:219,ff02::179,N/A,N/A,N/A,N/A,N/A,N/A,,,1
1759293222,any,112,N/A,IPv6,ICMP,N/A,v6,fe80::780a:a9ff:fee6:89,ff02::179,N/A,N/A,N/A,N/A,N/A,N/A,,,1
1759293222,eth1,110,Ethernet,IPv6,ICMP,N/A,v6,fe80::780a:a9ff:fee6:89,ff02::179,N/A,N/A,N/A,N/A,N/A,N/A,,,1
1759293222,any,113,N/A,N/A,N/A,N/A,N/A,N/A,N/A,N/A,N/A,N/A,N/A,N/A,N/A,,,1
1759293222,eth0,111,Ethernet,N/A,N/A,N/A,N/A,N/A,N/A,N/A,N/A,N/A,N/A,N/A,N/A,,,1
1759293222,eth0,90,Ethernet,IPv6,ICMP,N/A,v6,fe80::e48e:99ff:fe5f:147,ff02::179,N/A,N/A,N/A,N/A,N/A,N/A,,,1
1759293222,eth0,54,Ethernet,IPv4,N/A,N/A,v4,172.30.0.220,224.0.0.22,N/A,N/A,N/A,N/A,N/A,N/A,,,1
1759293222,any,92,N/A,IPv6,ICMP,N/A,v6,fe80::e48e:99ff:fe5f:147,ff02::179,N/A,N/A,N/A,N/A,N/A,N/A,,,1
1759293222,eth0,71,Ethernet,IPv4,UDP,N/A,v4,172.30.0.220,224.0.0.252,5355,5355,N/A,N/A,N/A,N/A,,,1
1759293222,any,73,N/A,IPv4,UDP,N/A,v4,172.30.0.220,224.0.0.252,5355,5355,N/A,N/A,N/A,N/A,,,1
1759293222,eth0,360,Ethernet,IPv4,UDP,N/A,v4,0.0.0.0,255.255.255.255,68,67,N/A,N/A,N/A,N/A,,,1
1759293222,any,362,N/A,IPv4,UDP,N/A,v4,0.0.0.0,255.255.255.255,68,67,N/A,N/A,N/A,N/A,,,1
1759293222,eth0,372,Ethernet,IPv4,UDP,N/A,v4,0.0.0.0,255.255.255.255,68,67,N/A,N/A,N/A,N/A,,,1
1759293222,any,374,N/A,IPv4,UDP,N/A,v4,0.0.0.0,255.255.255.255,68,67,N/A,N/A,N/A,N/A,,,1
1759293222,eth2,110,Ethernet,IPv6,ICMP,N/A,v6,fe80::dcac:f9ff:fe59:60,ff02::179,N/A,N/A,N/A,N/A,N/A,N/A,,,1
1759293222,any,112,N/A,IPv6,ICMP,N/A,v6,fe80::f056:abff:fe65:143,ff02::179,N/A,N/A,N/A,N/A,N/A,N/A,,,1
1759293222,eth1,110,Ethernet,IPv6,ICMP,N/A,v6,fe80::f056:abff:fe65:143,ff02::179,N/A,N/A,N/A,N/A,N/A,N/A,,,1
1759293222,any,112,N/A,IPv6,ICMP,N/A,v6,fe80::e48e:99ff:fe5f:147,ff02::179,N/A,N/A,N/A,N/A,N/A,N/A,,,1
1759293222,eth0,110,Ethernet,IPv6,ICMP,N/A,v6,fe80::e48e:99ff:fe5f:147,ff02::179,N/A,N/A,N/A,N/A,N/A,N/A,,,1
1759293222,eth0,54,Ethernet,IPv4,N/A,N/A,v4,172.30.0.220,224.0.0.22,N/A,N/A,N/A,N/A,N/A,N/A,,,1
1759293222,eth0,42,Ethernet,N/A,N/A,N/A,N/A,N/A,N/A,N/A,N/A,N/A,N/A,N/A,N/A,,,1
1759293222,eth0,56,Ethernet,N/A,N/A,N/A,N/A,N/A,N/A,N/A,N/A,N/A,N/A,N/A,N/A,,,1
1759293222,eth0,56,Ethernet,N/A,N/A,N/A,N/A,N/A,N/A,N/A,N/A,N/A,N/A,N/A,N/A,,,1
1759293222,any,44,ARP,N/A,N/A,N/A,N/A,N/A,N/A,N/A,N/A,1,2048,172.30.0.220,172.30.0.122,,,1
1759293222,any,58,ARP,N/A,N/A,N/A,N/A,N/A,N/A,N/A,N/A,2,2048,172.30.0.122,172.30.0.220,,,1
1759293222,any,58,ARP,N/A,N/A,N/A,N/A,N/A,N/A,N/A,N/A,2,2048,172.30.0.122,172.30.0.220,,,1
1759293222,eth1,70,Ethernet,IPv6,ICMP,N/A,v6,fe80::780a:a9ff:fee6:89,ff02::204,N/A,N/A,N/A,N/A,N/A,N/A,,,1
1759293222,any,72,N/A,IPv6,ICMP,N/A,v6,fe80::b0b5:44ff:feea:219,ff02::204,N/A,N/A,N/A,N/A,N/A,N/A,,,1
1759293222,any,72,N/A,IPv6,ICMP,N/A,v6,fe80::780a:a9ff:fee6:89,ff02::204,N/A,N/A,N/A,N/A,N/A,N/A,,,1
1759293222,eth0,70,Ethernet,IPv6,ICMP,N/A,v6,fe80::b0b5:44ff:feea:219,ff02::204,N/A,N/A,N/A,N/A,N/A,N/A,,,1
1759293222,any,56,N/A,IPv4,N/A,N/A,v4,172.30.0.23,224.0.0.22,N/A,N/A,N/A,N/A,N/A,N/A,,,1
1759293222,eth0,54,Ethernet,IPv4,N/A,N/A,v4,172.30.0.23,224.0.0.22,N/A,N/A,N/A,N/A,N/A,N/A,,,1
1759293222,any,56,N/A,IPv4,N/A,N/A,v4,172.30.0.163,224.0.0.22,N/A,N/A,N/A,N/A,N/A,N/A,,,1
1759293222,eth0,54,Ethernet,IPv4,N/A,N/A,v4,172.30.0.163,224.0.0.22,N/A,N/A,N/A,N/A,N/A,N/A,,,1
1759293222,any,112,N/A,IPv6,ICMP,N/A,v6,fe80::dcac:f9ff:fe59:60,ff02::179,N/A,N/A,N/A,N/A,N/A,N/A,,,1
1759293222,eth2,110,Ethernet,IPv6,ICMP,N/A,v6,fe80::dcac:f9ff:fe59:60,ff02::179,N/A,N/A,N/A,N/A,N/A,N/A,,,1
1759293222,any,112,N/A,IPv6,ICMP,N/A,v6,fe80::f056:abff:fe65:143,ff02::179,N/A,N/A,N/A,N/A,N/A,N/A,,,1
1759293222,eth1,110,Ethernet,IPv6,ICMP,N/A,v6,fe80::f056:abff:fe65:143,ff02::179,N/A,N/A,N/A,N/A,N/A,N/A,,,1
1759293222,any,112,N/A,IPv6,ICMP,N/A,v6,fe80::24f1:23ff:fe29:66,ff02::179,N/A,N/A,N/A,N/A,N/A,N/A,,,1
1759293222,eth0,110,Ethernet,IPv6,ICMP,N/A,v6,fe80::24f1:23ff:fe29:66,ff02::179,N/A,N/A,N/A,N/A,N/A,N/A,,,1
1759293222,any,72,N/A,IPv6,ICMP,N/A,v6,fe80::24f1:23ff:fe29:66,ff02::204,N/A,N/A,N/A,N/A,N/A,N/A,,,1
1759293222,eth1,70,Ethernet,IPv6,ICMP,N/A,v6,fe80::7827:e3ff:fe68:239,ff02::204,N/A,N/A,N/A,N/A,N/A,N/A,,,1
1759293222,eth0,70,Ethernet,IPv6,ICMP,N/A,v6,fe80::24f1:23ff:fe29:66,ff02::204,N/A,N/A,N/A,N/A,N/A,N/A,,,1
1759293222,any,56,N/A,IPv4,N/A,N/A,v4,172.30.0.220,224.0.0.22,N/A,N/A,N/A,N/A,N/A,N/A,,,1
1759293222,eth0,54,Ethernet,IPv4,N/A,N/A,v4,172.30.0.220,224.0.0.22,N/A,N/A,N/A,N/A,N/A,N/A,,,1
1759293222,any,92,N/A,IPv6,ICMP,N/A,v6,fe80::ecf9:eff:fefb:55,ff02::179,N/A,N/A,N/A,N/A,N/A,N/A,,,1
1759293222,eth0,90,Ethernet,IPv6,ICMP,N/A,v6,fe80::ecf9:eff:fefb:55,ff02::179,N/A,N/A,N/A,N/A,N/A,N/A,,,1
1759293222,eth0,56,Ethernet,IPv4,N/A,N/A,v4,172.30.0.89,224.0.0.22,N/A,N/A,N/A,N/A,N/A,N/A,,,1
1759293222,eth0,54,Ethernet,IPv4,N/A,N/A,v4,172.30.0.220,224.0.0.22,N/A,N/A,N/A,N/A,N/A,N/A,,,0
1759293222,eth0,110,Ethernet,IPv6,ICMP,N/A,v6,fe80::5ca9:83ff:fe87:27,ff02::179,N/A,N/A,N/A,N/A,N/A,N/A,,,0
1759293222,eth0,42,Ethernet,N/A,N/A,N/A,N/A,N/A,N/A,N/A,N/A,N/A,N/A,N/A,N/A,,,0
1759293222,eth0,56,Ethernet,N/A,N/A,N/A,N/A,N/A,N/A,N/A,N/A,N/A,N/A,N/A,N/A,,,0
1759293222,eth0,56,Ethernet,N/A,N/A,N/A,N/A,N/A,N/A,N/A,N/A,N/A,N/A,N/A,N/A,,,0
1759293222,any,370,N/A,IPv4,UDP,N/A,v4,0.0.0.0,255.255.255.255,68,67,N/A,N/A,N/A,N/A,,,0
1759293222,any,112,N/A,IPv6,ICMP,N/A,v6,fe80::a824:52ff:fe4f:69,ff02::179,N/A,N/A,N/A,N/A,N/A,N/A,,,0
1759293222,any,56,N/A,IPv4,N/A,N/A,v4,172.30.0.220,224.0.0.22,N/A,N/A,N/A,N/A,N/A,N/A,,,0
1759293222,any,44,ARP,N/A,N/A,N/A,N/A,N/A,N/A,N/A,N/A,1,2048,172.30.0.220,172.30.0.122,,,0
1759293222,any,58,ARP,N/A,N/A,N/A,N/A,N/A,N/A,N/A,N/A,2,2048,172.30.0.122,172.30.0.220,,,0
1759293222,eth1,110,Ethernet,IPv6,ICMP,N/A,v6,fe80::a824:52ff:fe4f:69,ff02::179,N/A,N/A,N/A,N/A,N/A,N/A,,,0
1759293223,eth0,87,Ethernet,IPv6,UDP,N/A,v6,fe80::ecf9:eff:fefb:55,ff02::1:52,5355,5355,N/A,N/A,N/A,N/A,,,1
1759293223,any,89,N/A,IPv6,UDP,N/A,v6,fe80::ecf9:eff:fefb:55,ff02::1:52,5355,5355,N/A,N/A,N/A,N/A,,,1
1759293223,any,358,N/A,IPv4,UDP,N/A,v4,0.0.0.0,255.255.255.255,68,67,N/A,N/A,N/A,N/A,,,1
1759293223,eth0,356,Ethernet,IPv4,UDP,N/A,v4,0.0.0.0,255.255.255.255,68,67,N/A,N/A,N/A,N/A,,,1
1759293223,eth0,368,Ethernet,IPv4,UDP,N/A,v4,0.0.0.0,255.255.255.255,68,67,N/A,N/A,N/A,N/A,,,1
1759293223,any,370,N/A,IPv4,UDP,N/A,v4,0.0.0.0,255.255.255.255,68,67,N/A,N/A,N/A,N/A,,,1
1759293223,any,112,N/A,IPv6,ICMP,N/A,v6,fe80::103b:bdff:fef0:169,ff02::179,N/A,N/A,N/A,N/A,N/A,N/A,,,1
1759293223,eth1,110,Ethernet,IPv6,ICMP,N/A,v6,fe80::103b:bdff:fef0:169,ff02::179,N/A,N/A,N/A,N/A,N/A,N/A,,,1
1759293223,any,58,ARP,N/A,N/A,N/A,N/A,N/A,N/A,N/A,N/A,1,2048,172.30.0.89,172.30.0.122,,,1
1759293223,eth0,56,Ethernet,N/A,N/A,N/A,N/A,N/A,N/A,N/A,N/A,N/A,N/A,N/A,N/A,,,1
1759293223,any,112,N/A,IPv6,ICMP,N/A,v6,fe80::ecf9:eff:fefb:55,ff02::179,N/A,N/A,N/A,N/A,N/A,N/A,,,1
1759293223,eth0,110,Ethernet,IPv6,ICMP,N/A,v6,fe80::ecf9:eff:fefb:55,ff02::179,N/A,N/A,N/A,N/A,N/A,N/A,,,1
1759293223,eth0,56,Ethernet,IPv4,N/A,N/A,v4,172.30.0.89,224.0.0.22,N/A,N/A,N/A,N/A,N/A,N/A,,,1
1759293223,eth0,110,Ethernet,IPv6,ICMP,N/A,v6,fe80::e48e:99ff:fe5f:147,ff02::179,N/A,N/A,N/A,N/A,N/A,N/A,,,1
1759293223,any,112,N/A,IPv6,ICMP,N/A,v6,fe80::e48e:99ff:fe5f:147,ff02::179,N/A,N/A,N/A,N/A,N/A,N/A,,,1
1759293223,eth1,70,Ethernet,IPv6,ICMP,N/A,v6,fe80::f056:abff:fe65:143,ff02::204,N/A,N/A,N/A,N/A,N/A,N/A,,,1
1759293223,any,72,N/A,IPv6,ICMP,N/A,v6,fe80::dcac:f9ff:fe59:60,ff02::204,N/A,N/A,N/A,N/A,N/A,N/A,,,1
1759293223,eth2,70,Ethernet,IPv6,ICMP,N/A,v6,fe80::dcac:f9ff:fe59:60,ff02::204,N/A,N/A,N/A,N/A,N/A,N/A,,,1
1759293223,eth0,111,Ethernet,N/A,N/A,N/A,N/A,N/A,N/A,N/A,N/A,N/A,N/A,N/A,N/A,,,1
1759293223,eth0,70,Ethernet,IPv6,ICMP,N/A,v6,fe80::e48e:99ff:fe5f:147,ff02::204,N/A,N/A,N/A,N/A,N/A,N/A,,,1
1759293223,any,58,N/A,IPv4,N/A,N/A,v4,172.30.0.89,224.0.0.22,N/A,N/A,N/A,N/A,N/A,N/A,,,1
1759293223,eth0,110,Ethernet,IPv6,ICMP,N/A,v6,fe80::5ca9:83ff:fe87:27,ff02::179,N/A,N/A,N/A,N/A,N/A,N/A,,,0
1759293223,any,112,N/A,IPv6,ICMP,N/A,v6,fe80::5ca9:83ff:fe87:27,ff02::179,N/A,N/A,N/A,N/A,N/A,N/A,,,0
1759293223,eth1,110,Ethernet,IPv6,ICMP,N/A,v6,fe80::a824:52ff:fe4f:69,ff02::179,N/A,N/A,N/A,N/A,N/A,N/A,,,0
1759293223,any,112,N/A,IPv6,ICMP,N/A,v6,fe80::a824:52ff:fe4f:69,ff02::179,N/A,N/A,N/A,N/A,N/A,N/A,,,0
1759293223,eth0,54,Ethernet,IPv4,N/A,N/A,v4,172.30.0.220,224.0.0.22,N/A,N/A,N/A,N/A,N/A,N/A,,,0
1759293223,any,56,N/A,IPv4,N/A,N/A,v4,172.30.0.220,224.0.0.22,N/A,N/A,N/A,N/A,N/A,N/A,,,0
1759293223,any,72,N/A,IPv6,ICMP,N/A,v6,fe80::a824:52ff:fe4f:69,ff02::204,N/A,N/A,N/A,N/A,N/A,N/A,,,0
1759293223,eth1,70,Ethernet,IPv6,ICMP,N/A,v6,fe80::a824:52ff:fe4f:69,ff02::204,N/A,N/A,N/A,N/A,N/A,N/A,,,0
1759293223,eth0,107,Ethernet,N/A,N/A,N/A,N/A,N/A,N/A,N/A,N/A,N/A,N/A,N/A,N/A,,,0
1759293223,eth0,70,Ethernet,IPv6,ICMP,N/A,v6,fe80::5ca9:83ff:fe87:27,ff02::204,N/A,N/A,N/A,N/A,N/A,N/A,,,0
1759293223,eth0,56,Ethernet,IPv4,N/A,N/A,v4,172.30.0.89,224.0.0.22,N/A,N/A,N/A,N/A,N/A,N/A,,,1
1759293223,any,112,N/A,IPv6,ICMP,N/A,v6,fe80::ecf9:eff:fefb:55,ff02::179,N/A,N/A,N/A,N/A,N/A,N/A,,,1
1759293223,eth0,110,Ethernet,IPv6,ICMP,N/A,v6,fe80::ecf9:eff:fefb:55,ff02::179,N/A,N/A,N/A,N/A,N/A,N/A,,,1
1759293223,eth0,70,Ethernet,IPv6,ICMP,N/A,v6,fe80::ecf9:eff:fefb:55,ff02::204,N/A,N/A,N/A,N/A,N/A,N/A,,,1
1759293223,any,72,N/A,IPv6,ICMP,N/A,v6,fe80::ecf9:eff:fefb:55,ff02::204,N/A,N/A,N/A,N/A,N/A,N/A,,,1
1759293223,any,72,N/A,IPv6,ICMP,N/A,v6,fe80::103b:bdff:fef0:169,ff02::204,N/A,N/A,N/A,N/A,N/A,N/A,,,1
1759293223,eth1,70,Ethernet,IPv6,ICMP,N/A,v6,fe80::103b:bdff:fef0:169,ff02::204,N/A,N/A,N/A,N/A,N/A,N/A,,,1
1759293224,eth0,107,Ethernet,N/A,N/A,N/A,N/A,N/A,N/A,N/A,N/A,N/A,N/A,N/A,N/A,,,0
1759293224,any,109,N/A,N/A,N/A,N/A,N/A,N/A,N/A,N/A,N/A,N/A,N/A,N/A,N/A,,,0
1759293224,any,112,N/A,IPv6,ICMP,N/A,v6,fe80::103b:bdff:fef0:169,ff02::179,N/A,N/A,N/A,N/A,N/A,N/A,,,1
1759293224,eth1,110,Ethernet,IPv6,ICMP,N/A,v6,fe80::103b:bdff:fef0:169,ff02::179,N/A,N/A,N/A,N/A,N/A,N/A,,,1
1759293224,eth0,111,Ethernet,N/A,N/A,N/A,N/A,N/A,N/A,N/A,N/A,N/A,N/A,N/A,N/A,,,1
1759293224,any,113,N/A,N/A,N/A,N/A,N/A,N/A,N/A,N/A,N/A,N/A,N/A,N/A,N/A,,,1
1759293225,eth0,107,Ethernet,N/A,N/A,N/A,N/A,N/A,N/A,N/A,N/A,N/A,N/A,N/A,N/A,,,0
1759293225,any,109,N/A,N/A,N/A,N/A,N/A,N/A,N/A,N/A,N/A,N/A,N/A,N/A,N/A,,,0
1759293225,eth0,90,Ethernet,IPv6,ICMP,N/A,v6,fe80::b0b5:44ff:feea:219,ff02::179,N/A,N/A,N/A,N/A,N/A,N/A,,,1
1759293225,eth0,54,Ethernet,IPv4,N/A,N/A,v4,172.30.0.163,224.0.0.22,N/A,N/A,N/A,N/A,N/A,N/A,,,1
1759293225,any,92,N/A,IPv6,ICMP,N/A,v6,fe80::b0b5:44ff:feea:219,ff02::179,N/A,N/A,N/A,N/A,N/A,N/A,,,1
1759293225,any,56,N/A,IPv4,N/A,N/A,v4,172.30.0.163,224.0.0.22,N/A,N/A,N/A,N/A,N/A,N/A,,,1
1759293225,any,70,N/A,IPv4,UDP,N/A,v4,172.30.0.163,224.0.0.252,5355,5355,N/A,N/A,N/A,N/A,,,1
1759293225,eth0,68,Ethernet,IPv4,UDP,N/A,v4,172.30.0.163,224.0.0.252,5355,5355,N/A,N/A,N/A,N/A,,,1
1759293225,any,90,N/A,IPv6,UDP,N/A,v6,fe80::b0b5:44ff:feea:219,ff02::1:52,5355,5355,N/A,N/A,N/A,N/A,,,1
1759293225,eth0,88,Ethernet,IPv6,UDP,N/A,v6,fe80::b0b5:44ff:feea:219,ff02::1:52,5355,5355,N/A,N/A,N/A,N/A,,,1
1759293225,eth0,357,Ethernet,IPv4,UDP,N/A,v4,0.0.0.0,255.255.255.255,68,67,N/A,N/A,N/A,N/A,,,1
1759293225,any,359,N/A,IPv4,UDP,N/A,v4,0.0.0.0,255.255.255.255,68,67,N/A,N/A,N/A,N/A,,,1
1759293225,any,371,N/A,IPv4,UDP,N/A,v4,0.0.0.0,255.255.255.255,68,67,N/A,N/A,N/A,N/A,,,1
1759293225,eth0,369,Ethernet,IPv4,UDP,N/A,v4,0.0.0.0,255.255.255.255,68,67,N/A,N/A,N/A,N/A,,,1
1759293225,any,112,N/A,IPv6,ICMP,N/A,v6,fe80::780a:a9ff:fee6:89,ff02::179,N/A,N/A,N/A,N/A,N/A,N/A,,,1
1759293225,eth1,110,Ethernet,IPv6,ICMP,N/A,v6,fe80::780a:a9ff:fee6:89,ff02::179,N/A,N/A,N/A,N/A,N/A,N/A,,,1
1759293225,any,112,N/A,IPv6,ICMP,N/A,v6,fe80::b0b5:44ff:feea:219,ff02::179,N/A,N/A,N/A,N/A,N/A,N/A,,,1
1759293225,eth0,110,Ethernet,IPv6,ICMP,N/A,v6,fe80::b0b5:44ff:feea:219,ff02::179,N/A,N/A,N/A,N/A,N/A,N/A,,,1
1759293225,eth0,54,Ethernet,IPv4,N/A,N/A,v4,172.30.0.163,224.0.0.22,N/A,N/A,N/A,N/A,N/A,N/A,,,1
1759293225,any,44,ARP,N/A,N/A,N/A,N/A,N/A,N/A,N/A,N/A,1,2048,172.30.0.163,172.30.0.122,,,1
1759293225,eth0,42,Ethernet,N/A,N/A,N/A,N/A,N/A,N/A,N/A,N/A,N/A,N/A,N/A,N/A,,,1
1759293225,eth0,90,Ethernet,IPv6,ICMP,N/A,v6,fe80::24f1:23ff:fe29:66,ff02::179,N/A,N/A,N/A,N/A,N/A,N/A,,,1
1759293225,eth0,54,Ethernet,IPv4,N/A,N/A,v4,172.30.0.23,224.0.0.22,N/A,N/A,N/A,N/A,N/A,N/A,,,1
1759293225,any,92,N/A,IPv6,ICMP,N/A,v6,fe80::24f1:23ff:fe29:66,ff02::179,N/A,N/A,N/A,N/A,N/A,N/A,,,1
1759293225,any,113,N/A,N/A,N/A,N/A,N/A,N/A,N/A,N/A,N/A,N/A,N/A,N/A,N/A,,,1
1759293225,eth0,111,Ethernet,N/A,N/A,N/A,N/A,N/A,N/A,N/A,N/A,N/A,N/A,N/A,N/A,,,1
1759293225,eth0,110,Ethernet,IPv6,ICMP,N/A,v6,fe80::b0b5:44ff:feea:219,ff02::179,N/A,N/A,N/A,N/A,N/A,N/A,,,1
1759293225,any,112,N/A,IPv6,ICMP,N/A,v6,fe80::b0b5:44ff:feea:219,ff02::179,N/A,N/A,N/A,N/A,N/A,N/A,,,1
1759293225,any,358,N/A,IPv4,UDP,N/A,v4,0.0.0.0,255.255.255.255,68,67,N/A,N/A,N/A,N/A,,,1
1759293225,eth0,356,Ethernet,IPv4,UDP,N/A,v4,0.0.0.0,255.255.255.255,68,67,N/A,N/A,N/A,N/A,,,1
1759293225,eth0,368,Ethernet,IPv4,UDP,N/A,v4,0.0.0.0,255.255.255.255,68,67,N/A,N/A,N/A,N/A,,,1
1759293225,any,370,N/A,IPv4,UDP,N/A,v4,0.0.0.0,255.255.255.255,68,67,N/A,N/A,N/A,N/A,,,1
1759293225,any,112,N/A,IPv6,ICMP,N/A,v6,fe80::7827:e3ff:fe68:239,ff02::179,N/A,N/A,N/A,N/A,N/A,N/A,,,1
1759293225,eth1,110,Ethernet,IPv6,ICMP,N/A,v6,fe80::7827:e3ff:fe68:239,ff02::179,N/A,N/A,N/A,N/A,N/A,N/A,,,1
1759293225,any,112,N/A,IPv6,ICMP,N/A,v6,fe80::24f1:23ff:fe29:66,ff02::179,N/A,N/A,N/A,N/A,N/A,N/A,,,1
1759293225,eth0,110,Ethernet,IPv6,ICMP,N/A,v6,fe80::24f1:23ff:fe29:66,ff02::179,N/A,N/A,N/A,N/A,N/A,N/A,,,1
1759293225,eth0,54,Ethernet,IPv4,N/A,N/A,v4,172.30.0.23,224.0.0.22,N/A,N/A,N/A,N/A,N/A,N/A,,,1
1759293225,eth0,42,Ethernet,N/A,N/A,N/A,N/A,N/A,N/A,N/A,N/A,N/A,N/A,N/A,N/A,,,1
1759293225,any,44,ARP,N/A,N/A,N/A,N/A,N/A,N/A,N/A,N/A,1,2048,172.30.0.23,172.30.0.122,,,1
1759293226,any,56,N/A,IPv4,N/A,N/A,v4,172.30.0.163,224.0.0.22,N/A,N/A,N/A,N/A,N/A,N/A,,,1
1759293226,eth0,54,Ethernet,IPv4,N/A,N/A,v4,172.30.0.163,224.0.0.22,N/A,N/A,N/A,N/A,N/A,N/A,,,1
1759293226,eth0,107,Ethernet,N/A,N/A,N/A,N/A,N/A,N/A,N/A,N/A,N/A,N/A,N/A,N/A,,,0
1759293226,any,109,N/A,N/A,N/A,N/A,N/A,N/A,N/A,N/A,N/A,N/A,N/A,N/A,N/A,,,0
1759293226,eth1,110,Ethernet,IPv6,ICMP,N/A,v6,fe80::780a:a9ff:fee6:89,ff02::179,N/A,N/A,N/A,N/A,N/A,N/A,,,1
1759293226,any,112,N/A,IPv6,ICMP,N/A,v6,fe80::780a:a9ff:fee6:89,ff02::179,N/A,N/A,N/A,N/A,N/A,N/A,,,1
1759293226,any,72,N/A,IPv6,ICMP,N/A,v6,fe80::780a:a9ff:fee6:89,ff02::204,N/A,N/A,N/A,N/A,N/A,N/A,,,1
1759293226,eth0,70,Ethernet,IPv6,ICMP,N/A,v6,fe80::b0b5:44ff:feea:219,ff02::204,N/A,N/A,N/A,N/A,N/A,N/A,,,1
1759293226,eth1,70,Ethernet,IPv6,ICMP,N/A,v6,fe80::780a:a9ff:fee6:89,ff02::204,N/A,N/A,N/A,N/A,N/A,N/A,,,1
1759293226,eth0,54,Ethernet,IPv4,N/A,N/A,v4,172.30.0.23,224.0.0.22,N/A,N/A,N/A,N/A,N/A,N/A,,,1
1759293226,any,56,N/A,IPv4,N/A,N/A,v4,172.30.0.23,224.0.0.22,N/A,N/A,N/A,N/A,N/A,N/A,,,1
1759293226,any,112,N/A,IPv6,ICMP,N/A,v6,fe80::7827:e3ff:fe68:239,ff02::179,N/A,N/A,N/A,N/A,N/A,N/A,,,1
1759293226,eth1,110,Ethernet,IPv6,ICMP,N/A,v6,fe80::7827:e3ff:fe68:239,ff02::179,N/A,N/A,N/A,N/A,N/A,N/A,,,1
1759293226,eth0,110,Ethernet,IPv6,ICMP,N/A,v6,fe80::24f1:23ff:fe29:66,ff02::179,N/A,N/A,N/A,N/A,N/A,N/A,,,1
1759293226,any,112,N/A,IPv6,ICMP,N/A,v6,fe80::24f1:23ff:fe29:66,ff02::179,N/A,N/A,N/A,N/A,N/A,N/A,,,1
1759293226,any,113,N/A,N/A,N/A,N/A,N/A,N/A,N/A,N/A,N/A,N/A,N/A,N/A,N/A,,,1
1759293226,eth0,111,Ethernet,N/A,N/A,N/A,N/A,N/A,N/A,N/A,N/A,N/A,N/A,N/A,N/A,,,1
1759293227,eth0,90,Ethernet,IPv6,ICMP,N/A,v6,fe80::5ca9:83ff:fe87:27,ff02::179,N/A,N/A,N/A,N/A,N/A,N/A,,,0
1759293227,eth0,54,Ethernet,IPv4,N/A,N/A,v4,172.30.0.220,224.0.0.22,N/A,N/A,N/A,N/A,N/A,N/A,,,0
1759293227,any,92,N/A,IPv6,ICMP,N/A,v6,fe80::5ca9:83ff:fe87:27,ff02::179,N/A,N/A,N/A,N/A,N/A,N/A,,,0
1759293227,eth0,67,Ethernet,IPv4,UDP,N/A,v4,172.30.0.220,224.0.0.252,5355,5355,N/A,N/A,N/A,N/A,,,0
1759293227,eth0,87,Ethernet,IPv6,UDP,N/A,v6,fe80::5ca9:83ff:fe87:27,ff02::1:52,5355,5355,N/A,N/A,N/A,N/A,,,0
1759293227,any,69,N/A,IPv4,UDP,N/A,v4,172.30.0.220,224.0.0.252,5355,5355,N/A,N/A,N/A,N/A,,,0
1759293227,eth0,356,Ethernet,IPv4,UDP,N/A,v4,0.0.0.0,255.255.255.255,68,67,N/A,N/A,N/A,N/A,,,0
1759293227,any,358,N/A,IPv4,UDP,N/A,v4,0.0.0.0,255.255.255.255,68,67,N/A,N/A,N/A,N/A,,,0
1759293227,eth0,368,Ethernet,IPv4,UDP,N/A,v4,0.0.0.0,255.255.255.255,68,67,N/A,N/A,N/A,N/A,,,0
1759293227,any,370,N/A,IPv4,UDP,N/A,v4,0.0.0.0,255.255.255.255,68,67,N/A,N/A,N/A,N/A,,,0
1759293227,eth1,110,Ethernet,IPv6,ICMP,N/A,v6,fe80::a824:52ff:fe4f:69,ff02::179,N/A,N/A,N/A,N/A,N/A,N/A,,,0
1759293227,any,112,N/A,IPv6,ICMP,N/A,v6,fe80::a824:52ff:fe4f:69,ff02::179,N/A,N/A,N/A,N/A,N/A,N/A,,,0
1759293227,eth0,54,Ethernet,IPv4,N/A,N/A,v4,172.30.0.220,224.0.0.22,N/A,N/A,N/A,N/A,N/A,N/A,,,0
1759293227,any,56,N/A,IPv4,N/A,N/A,v4,172.30.0.220,224.0.0.22,N/A,N/A,N/A,N/A,N/A,N/A,,,0
1759293227,eth0,110,Ethernet,IPv6,ICMP,N/A,v6,fe80::5ca9:83ff:fe87:27,ff02::179,N/A,N/A,N/A,N/A,N/A,N/A,,,0
1759293227,any,112,N/A,IPv6,ICMP,N/A,v6,fe80::5ca9:83ff:fe87:27,ff02::179,N/A,N/A,N/A,N/A,N/A,N/A,,,0
1759293227,eth0,42,Ethernet,N/A,N/A,N/A,N/A,N/A,N/A,N/A,N/A,N/A,N/A,N/A,N/A,,,0
1759293227,eth0,56,Ethernet,N/A,N/A,N/A,N/A,N/A,N/A,N/A,N/A,N/A,N/A,N/A,N/A,,,0
1759293227,eth0,56,Ethernet,N/A,N/A,N/A,N/A,N/A,N/A,N/A,N/A,N/A,N/A,N/A,N/A,,,0
1759293227,any,44,ARP,N/A,N/A,N/A,N/A,N/A,N/A,N/A,N/A,1,2048,172.30.0.220,172.30.0.122,,,0
1759293227,any,58,ARP,N/A,N/A,N/A,N/A,N/A,N/A,N/A,N/A,2,2048,172.30.0.122,172.30.0.220,,,0
1759293227,eth0,54,Ethernet,IPv4,N/A,N/A,v4,172.30.0.220,224.0.0.22,N/A,N/A,N/A,N/A,N/A,N/A,,,0
1759293227,any,56,N/A,IPv4,N/A,N/A,v4,172.30.0.220,224.0.0.22,N/A,N/A,N/A,N/A,N/A,N/A,,,0
1759293227,eth0,70,Ethernet,IPv6,ICMP,N/A,v6,fe80::24f1:23ff:fe29:66,ff02::204,N/A,N/A,N/A,N/A,N/A,N/A,,,1
1759293227,eth1,70,Ethernet,IPv6,ICMP,N/A,v6,fe80::7827:e3ff:fe68:239,ff02::204,N/A,N/A,N/A,N/A,N/A,N/A,,,1
1759293227,any,72,N/A,IPv6,ICMP,N/A,v6,fe80::7827:e3ff:fe68:239,ff02::204,N/A,N/A,N/A,N/A,N/A,N/A,,,1
1759293227,eth0,90,Ethernet,IPv6,ICMP,N/A,v6,fe80::e48e:99ff:fe5f:147,ff02::179,N/A,N/A,N/A,N/A,N/A,N/A,,,1
1759293227,eth0,54,Ethernet,IPv4,N/A,N/A,v4,172.30.0.220,224.0.0.22,N/A,N/A,N/A,N/A,N/A,N/A,,,1
1759293227,any,92,N/A,IPv6,ICMP,N/A,v6,fe80::e48e:99ff:fe5f:147,ff02::179,N/A,N/A,N/A,N/A,N/A,N/A,,,1
1759293227,eth0,360,Ethernet,IPv4,UDP,N/A,v4,0.0.0.0,255.255.255.255,68,67,N/A,N/A,N/A,N/A,,,1
1759293227,any,362,N/A,IPv4,UDP,N/A,v4,0.0.0.0,255.255.255.255,68,67,N/A,N/A,N/A,N/A,,,1
1759293227,any,374,N/A,IPv4,UDP,N/A,v4,0.0.0.0,255.255.255.255,68,67,N/A,N/A,N/A,N/A,,,1
1759293227,eth0,372,Ethernet,IPv4,UDP,N/A,v4,0.0.0.0,255.255.255.255,68,67,N/A,N/A,N/A,N/A,,,1
1759293227,eth2,110,Ethernet,IPv6,ICMP,N/A,v6,fe80::dcac:f9ff:fe59:60,ff02::179,N/A,N/A,N/A,N/A,N/A,N/A,,,1
1759293227,any,112,N/A,IPv6,ICMP,N/A,v6,fe80::f056:abff:fe65:143,ff02::179,N/A,N/A,N/A,N/A,N/A,N/A,,,1
1759293227,any,112,N/A,IPv6,ICMP,N/A,v6,fe80::e48e:99ff:fe5f:147,ff02::179,N/A,N/A,N/A,N/A,N/A,N/A,,,1
1759293227,any,44,ARP,N/A,N/A,N/A,N/A,N/A,N/A,N/A,N/A,1,2048,172.30.0.220,172.30.0.122,,,1
1759293227,any,58,ARP,N/A,N/A,N/A,N/A,N/A,N/A,N/A,N/A,2,2048,172.30.0.122,172.30.0.220,,,1
1759293227,eth1,110,Ethernet,IPv6,ICMP,N/A,v6,fe80::f056:abff:fe65:143,ff02::179,N/A,N/A,N/A,N/A,N/A,N/A,,,1
1759293227,eth0,110,Ethernet,IPv6,ICMP,N/A,v6,fe80::e48e:99ff:fe5f:147,ff02::179,N/A,N/A,N/A,N/A,N/A,N/A,,,1
1759293227,eth0,54,Ethernet,IPv4,N/A,N/A,v4,172.30.0.220,224.0.0.22,N/A,N/A,N/A,N/A,N/A,N/A,,,1
1759293227,eth0,42,Ethernet,N/A,N/A,N/A,N/A,N/A,N/A,N/A,N/A,N/A,N/A,N/A,N/A,,,1
1759293227,eth0,56,Ethernet,N/A,N/A,N/A,N/A,N/A,N/A,N/A,N/A,N/A,N/A,N/A,N/A,,,1
1759293227,eth0,56,Ethernet,N/A,N/A,N/A,N/A,N/A,N/A,N/A,N/A,N/A,N/A,N/A,N/A,,,1
1759293227,any,112,N/A,IPv6,ICMP,N/A,v6,fe80::dcac:f9ff:fe59:60,ff02::179,N/A,N/A,N/A,N/A,N/A,N/A,,,1
1759293227,eth2,110,Ethernet,IPv6,ICMP,N/A,v6,fe80::dcac:f9ff:fe59:60,ff02::179,N/A,N/A,N/A,N/A,N/A,N/A,,,1
1759293227,eth0,110,Ethernet,IPv6,ICMP,N/A,v6,fe80::e48e:99ff:fe5f:147,ff02::179,N/A,N/A,N/A,N/A,N/A,N/A,,,1
1759293227,any,112,N/A,IPv6,ICMP,N/A,v6,fe80::e48e:99ff:fe5f:147,ff02::179,N/A,N/A,N/A,N/A,N/A,N/A,,,1
1759293227,any,72,N/A,IPv6,ICMP,N/A,v6,fe80::103b:bdff:fef0:169,ff02::204,N/A,N/A,N/A,N/A,N/A,N/A,,,1
1759293227,eth1,70,Ethernet,IPv6,ICMP,N/A,v6,fe80::103b:bdff:fef0:169,ff02::204,N/A,N/A,N/A,N/A,N/A,N/A,,,1
1759293228,any,92,N/A,IPv6,ICMP,N/A,v6,fe80::ecf9:eff:fefb:55,ff02::179,N/A,N/A,N/A,N/A,N/A,N/A,,,1
1759293228,eth0,90,Ethernet,IPv6,ICMP,N/A,v6,fe80::ecf9:eff:fefb:55,ff02::179,N/A,N/A,N/A,N/A,N/A,N/A,,,1
1759293228,eth0,56,Ethernet,IPv4,N/A,N/A,v4,172.30.0.89,224.0.0.22,N/A,N/A,N/A,N/A,N/A,N/A,,,1
1759293228,eth0,54,Ethernet,IPv4,N/A,N/A,v4,172.30.0.220,224.0.0.22,N/A,N/A,N/A,N/A,N/A,N/A,,,1
1759293228,any,56,N/A,IPv4,N/A,N/A,v4,172.30.0.220,224.0.0.22,N/A,N/A,N/A,N/A,N/A,N/A,,,1
1759293228,any,69,N/A,IPv4,UDP,N/A,v4,172.30.0.89,224.0.0.252,5355,5355,N/A,N/A,N/A,N/A,,,1
1759293228,eth0,67,Ethernet,IPv4,UDP,N/A,v4,172.30.0.89,224.0.0.252,5355,5355,N/A,N/A,N/A,N/A,,,1
1759293228,eth0,356,Ethernet,IPv4,UDP,N/A,v4,0.0.0.0,255.255.255.255,68,67,N/A,N/A,N/A,N/A,,,1
1759293228,any,358,N/A,IPv4,UDP,N/A,v4,0.0.0.0,255.255.255.255,68,67,N/A,N/A,N/A,N/A,,,1
1759293228,any,370,N/A,IPv4,UDP,N/A,v4,0.0.0.0,255.255.255.255,68,67,N/A,N/A,N/A,N/A,,,1
1759293228,eth0,368,Ethernet,IPv4,UDP,N/A,v4,0.0.0.0,255.255.255.255,68,67,N/A,N/A,N/A,N/A,,,1
1759293228,any,112,N/A,IPv6,ICMP,N/A,v6,fe80::103b:bdff:fef0:169,ff02::179,N/A,N/A,N/A,N/A,N/A,N/A,,,1
1759293228,eth1,110,Ethernet,IPv6,ICMP,N/A,v6,fe80::103b:bdff:fef0:169,ff02::179,N/A,N/A,N/A,N/A,N/A,N/A,,,1
1759293228,any,58,ARP,N/A,N/A,N/A,N/A,N/A,N/A,N/A,N/A,1,2048,172.30.0.89,172.30.0.122,,,1
1759293228,eth0,56,Ethernet,N/A,N/A,N/A,N/A,N/A,N/A,N/A,N/A,N/A,N/A,N/A,N/A,,,1
1759293228,any,112,N/A,IPv6,ICMP,N/A,v6,fe80::ecf9:eff:fefb:55,ff02::179,N/A,N/A,N/A,N/A,N/A,N/A,,,1
1759293228,eth0,110,Ethernet,IPv6,ICMP,N/A,v6,fe80::ecf9:eff:fefb:55,ff02::179,N/A,N/A,N/A,N/A,N/A,N/A,,,1
1759293228,eth0,56,Ethernet,IPv4,N/A,N/A,v4,172.30.0.89,224.0.0.22,N/A,N/A,N/A,N/A,N/A,N/A,,,1
1759293228,eth0,56,Ethernet,IPv4,N/A,N/A,v4,172.30.0.89,224.0.0.22,N/A,N/A,N/A,N/A,N/A,N/A,,,1
1759293228,any,58,N/A,IPv4,N/A,N/A,v4,172.30.0.89,224.0.0.22,N/A,N/A,N/A,N/A,N/A,N/A,,,1
1759293228,eth1,110,Ethernet,IPv6,ICMP,N/A,v6,fe80::f056:abff:fe65:143,ff02::179,N/A,N/A,N/A,N/A,N/A,N/A,,,1
1759293228,any,112,N/A,IPv6,ICMP,N/A,v6,fe80::f056:abff:fe65:143,ff02::179,N/A,N/A,N/A,N/A,N/A,N/A,,,1
1759293228,any,72,N/A,IPv6,ICMP,N/A,v6,fe80::dcac:f9ff:fe59:60,ff02::204,N/A,N/A,N/A,N/A,N/A,N/A,,,1
1759293228,eth2,70,Ethernet,IPv6,ICMP,N/A,v6,fe80::dcac:f9ff:fe59:60,ff02::204,N/A,N/A,N/A,N/A,N/A,N/A,,,1
1759293228,eth1,70,Ethernet,IPv6,ICMP,N/A,v6,fe80::f056:abff:fe65:143,ff02::204,N/A,N/A,N/A,N/A,N/A,N/A,,,1
1759293228,eth0,111,Ethernet,N/A,N/A,N/A,N/A,N/A,N/A,N/A,N/A,N/A,N/A,N/A,N/A,,,1
1759293228,eth0,70,Ethernet,IPv6,ICMP,N/A,v6,fe80::e48e:99ff:fe5f:147,ff02::204,N/A,N/A,N/A,N/A,N/A,N/A,,,1
1759293228,any,112,N/A,IPv6,ICMP,N/A,v6,fe80::ecf9:eff:fefb:55,ff02::179,N/A,N/A,N/A,N/A,N/A,N/A,,,1
1759293228,eth0,110,Ethernet,IPv6,ICMP,N/A,v6,fe80::ecf9:eff:fefb:55,ff02::179,N/A,N/A,N/A,N/A,N/A,N/A,,,1
1759293228,eth1,110,Ethernet,IPv6,ICMP,N/A,v6,fe80::a824:52ff:fe4f:69,ff02::179,N/A,N/A,N/A,N/A,N/A,N/A,,,0
1759293228,any,112,N/A,IPv6,ICMP,N/A,v6,fe80::a824:52ff:fe4f:69,ff02::179,N/A,N/A,N/A,N/A,N/A,N/A,,,0
1759293228,eth0,110,Ethernet,IPv6,ICMP,N/A,v6,fe80::5ca9:83ff:fe87:27,ff02::179,N/A,N/A,N/A,N/A,N/A,N/A,,,0
1759293228,any,112,N/A,IPv6,ICMP,N/A,v6,fe80::5ca9:83ff:fe87:27,ff02::179,N/A,N/A,N/A,N/A,N/A,N/A,,,0
1759293228,any,72,N/A,IPv6,ICMP,N/A,v6,fe80::a824:52ff:fe4f:69,ff02::204,N/A,N/A,N/A,N/A,N/A,N/A,,,0
1759293228,eth1,70,Ethernet,IPv6,ICMP,N/A,v6,fe80::a824:52ff:fe4f:69,ff02::204,N/A,N/A,N/A,N/A,N/A,N/A,,,0
1759293228,eth0,107,Ethernet,N/A,N/A,N/A,N/A,N/A,N/A,N/A,N/A,N/A,N/A,N/A,N/A,,,0
1759293228,eth0,70,Ethernet,IPv6,ICMP,N/A,v6,fe80::5ca9:83ff:fe87:27,ff02::204,N/A,N/A,N/A,N/A,N/A,N/A,,,0
1759293229,any,112,N/A,IPv6,ICMP,N/A,v6,fe80::103b:bdff:fef0:169,ff02::179,N/A,N/A,N/A,N/A,N/A,N/A,,,1
1759293229,eth1,110,Ethernet,IPv6,ICMP,N/A,v6,fe80::103b:bdff:fef0:169,ff02::179,N/A,N/A,N/A,N/A,N/A,N/A,,,1
1759293229,eth1,70,Ethernet,IPv6,ICMP,N/A,v6,fe80::103b:bdff:fef0:169,ff02::204,N/A,N/A,N/A,N/A,N/A,N/A,,,1
1759293229,any,72,N/A,IPv6,ICMP,N/A,v6,fe80::ecf9:eff:fefb:55,ff02::204,N/A,N/A,N/A,N/A,N/A,N/A,,,1
1759293229,any,72,N/A,IPv6,ICMP,N/A,v6,fe80::103b:bdff:fef0:169,ff02::204,N/A,N/A,N/A,N/A,N/A,N/A,,,1
1759293229,eth0,70,Ethernet,IPv6,ICMP,N/A,v6,fe80::ecf9:eff:fefb:55,ff02::204,N/A,N/A,N/A,N/A,N/A,N/A,,,1
1759293229,any,113,N/A,N/A,N/A,N/A,N/A,N/A,N/A,N/A,N/A,N/A,N/A,N/A,N/A,,,1
1759293229,eth0,111,Ethernet,N/A,N/A,N/A,N/A,N/A,N/A,N/A,N/A,N/A,N/A,N/A,N/A,,,1
1759293229,any,109,N/A,N/A,N/A,N/A,N/A,N/A,N/A,N/A,N/A,N/A,N/A,N/A,N/A,,,0
1759293229,eth0,107,Ethernet,N/A,N/A,N/A,N/A,N/A,N/A,N/A,N/A,N/A,N/A,N/A,N/A,,,0
1759293230,eth0,70,Ethernet,IPv6,ICMP,N/A,v6,fe80::b0b5:44ff:feea:219,ff02::204,N/A,N/A,N/A,N/A,N/A,N/A,,,1
1759293230,any,72,N/A,IPv6,ICMP,N/A,v6,fe80::b0b5:44ff:feea:219,ff02::204,N/A,N/A,N/A,N/A,N/A,N/A,,,1
1759293230,any,92,N/A,IPv6,ICMP,N/A,v6,fe80::b0b5:44ff:feea:219,ff02::179,N/A,N/A,N/A,N/A,N/A,N/A,,,1
1759293230,eth0,90,Ethernet,IPv6,ICMP,N/A,v6,fe80::b0b5:44ff:feea:219,ff02::179,N/A,N/A,N/A,N/A,N/A,N/A,,,1
1759293230,eth0,54,Ethernet,IPv4,N/A,N/A,v4,172.30.0.163,224.0.0.22,N/A,N/A,N/A,N/A,N/A,N/A,,,1
1759293230,eth0,88,Ethernet,IPv6,UDP,N/A,v6,fe80::b0b5:44ff:feea:219,ff02::1:52,5355,5355,N/A,N/A,N/A,N/A,,,1
1759293230,any,90,N/A,IPv6,UDP,N/A,v6,fe80::b0b5:44ff:feea:219,ff02::1:52,5355,5355,N/A,N/A,N/A,N/A,,,1
1759293230,any,359,N/A,IPv4,UDP,N/A,v4,0.0.0.0,255.255.255.255,68,67,N/A,N/A,N/A,N/A,,,1
1759293230,eth0,357,Ethernet,IPv4,UDP,N/A,v4,0.0.0.0,255.255.255.255,68,67,N/A,N/A,N/A,N/A,,,1
1759293230,any,371,N/A,IPv4,UDP,N/A,v4,0.0.0.0,255.255.255.255,68,67,N/A,N/A,N/A,N/A,,,1
1759293230,eth0,369,Ethernet,IPv4,UDP,N/A,v4,0.0.0.0,255.255.255.255,68,67,N/A,N/A,N/A,N/A,,,1
1759293230,any,112,N/A,IPv6,ICMP,N/A,v6,fe80::780a:a9ff:fee6:89,ff02::179,N/A,N/A,N/A,N/A,N/A,N/A,,,1
1759293230,eth1,110,Ethernet,IPv6,ICMP,N/A,v6,fe80::780a:a9ff:fee6:89,ff02::179,N/A,N/A,N/A,N/A,N/A,N/A,,,1
1759293230,any,112,N/A,IPv6,ICMP,N/A,v6,fe80::b0b5:44ff:feea:219,ff02::179,N/A,N/A,N/A,N/A,N/A,N/A,,,1
1759293230,eth0,110,Ethernet,IPv6,ICMP,N/A,v6,fe80::b0b5:44ff:feea:219,ff02::179,N/A,N/A,N/A,N/A,N/A,N/A,,,1
1759293230,eth0,54,Ethernet,IPv4,N/A,N/A,v4,172.30.0.163,224.0.0.22,N/A,N/A,N/A,N/A,N/A,N/A,,,1
1759293230,eth0,42,Ethernet,N/A,N/A,N/A,N/A,N/A,N/A,N/A,N/A,N/A,N/A,N/A,N/A,,,1
1759293230,any,44,ARP,N/A,N/A,N/A,N/A,N/A,N/A,N/A,N/A,1,2048,172.30.0.163,172.30.0.122,,,1
1759293230,any,113,N/A,N/A,N/A,N/A,N/A,N/A,N/A,N/A,N/A,N/A,N/A,N/A,N/A,,,1
1759293230,eth0,111,Ethernet,N/A,N/A,N/A,N/A,N/A,N/A,N/A,N/A,N/A,N/A,N/A,N/A,,,1
1759293230,eth0,90,Ethernet,IPv6,ICMP,N/A,v6,fe80::24f1:23ff:fe29:66,ff02::179,N/A,N/A,N/A,N/A,N/A,N/A,,,1
1759293230,eth0,54,Ethernet,IPv4,N/A,N/A,v4,172.30.0.23,224.0.0.22,N/A,N/A,N/A,N/A,N/A,N/A,,,1
1759293230,any,92,N/A,IPv6,ICMP,N/A,v6,fe80::24f1:23ff:fe29:66,ff02::179,N/A,N/A,N/A,N/A,N/A,N/A,,,1
1759293230,any,109,N/A,N/A,N/A,N/A,N/A,N/A,N/A,N/A,N/A,N/A,N/A,N/A,N/A,,,0
1759293230,eth0,107,Ethernet,N/A,N/A,N/A,N/A,N/A,N/A,N/A,N/A,N/A,N/A,N/A,N/A,,,0
1759293231,eth0,90,Ethernet,IPv6,ICMP,N/A,v6,fe80::5ca9:83ff:fe87:27,ff02::179,N/A,N/A,N/A,N/A,N/A,N/A,,,0
1759293231,eth0,54,Ethernet,IPv4,N/A,N/A,v4,172.30.0.220,224.0.0.22,N/A,N/A,N/A,N/A,N/A,N/A,,,0
1759293231,any,92,N/A,IPv6,ICMP,N/A,v6,fe80::5ca9:83ff:fe87:27,ff02::179,N/A,N/A,N/A,N/A,N/A,N/A,,,0
1759293231,eth0,90,Ethernet,IPv6,ICMP,N/A,v6,fe80::5ca9:83ff:fe87:27,ff02::179,N/A,N/A,N/A,N/A,N/A,N/A,,,0
1759293231,any,92,N/A,IPv6,ICMP,N/A,v6,fe80::5ca9:83ff:fe87:27,ff02::179,N/A,N/A,N/A,N/A,N/A,N/A,,,0
1759293231,eth0,356,Ethernet,IPv4,UDP,N/A,v4,0.0.0.0,255.255.255.255,68,67,N/A,N/A,N/A,N/A,,,0
1759293231,any,358,N/A,IPv4,UDP,N/A,v4,0.0.0.0,255.255.255.255,68,67,N/A,N/A,N/A,N/A,,,0
1759293231,eth0,368,Ethernet,IPv4,UDP,N/A,v4,0.0.0.0,255.255.255.255,68,67,N/A,N/A,N/A,N/A,,,0
1759293231,any,370,N/A,IPv4,UDP,N/A,v4,0.0.0.0,255.255.255.255,68,67,N/A,N/A,N/A,N/A,,,0
1759293231,eth1,110,Ethernet,IPv6,ICMP,N/A,v6,fe80::a824:52ff:fe4f:69,ff02::179,N/A,N/A,N/A,N/A,N/A,N/A,,,0
1759293231,any,112,N/A,IPv6,ICMP,N/A,v6,fe80::a824:52ff:fe4f:69,ff02::179,N/A,N/A,N/A,N/A,N/A,N/A,,,0
1759293231,eth0,54,Ethernet,IPv4,N/A,N/A,v4,172.30.0.220,224.0.0.22,N/A,N/A,N/A,N/A,N/A,N/A,,,0
1759293231,any,56,N/A,IPv4,N/A,N/A,v4,172.30.0.220,224.0.0.22,N/A,N/A,N/A,N/A,N/A,N/A,,,0
1759293231,eth0,67,Ethernet,IPv4,UDP,N/A,v4,172.30.0.23,224.0.0.252,5355,5355,N/A,N/A,N/A,N/A,,,1
1759293231,eth0,87,Ethernet,IPv6,UDP,N/A,v6,fe80::24f1:23ff:fe29:66,ff02::1:52,5355,5355,N/A,N/A,N/A,N/A,,,1
1759293231,any,69,N/A,IPv4,UDP,N/A,v4,172.30.0.23,224.0.0.252,5355,5355,N/A,N/A,N/A,N/A,,,1
1759293231,any,112,N/A,IPv6,ICMP,N/A,v6,fe80::780a:a9ff:fee6:89,ff02::179,N/A,N/A,N/A,N/A,N/A,N/A,,,1
1759293231,eth1,110,Ethernet,IPv6,ICMP,N/A,v6,fe80::780a:a9ff:fee6:89,ff02::179,N/A,N/A,N/A,N/A,N/A,N/A,,,1
1759293231,any,358,N/A,IPv4,UDP,N/A,v4,0.0.0.0,255.255.255.255,68,67,N/A,N/A,N/A,N/A,,,1
1759293231,eth0,356,Ethernet,IPv4,UDP,N/A,v4,0.0.0.0,255.255.255.255,68,67,N/A,N/A,N/A,N/A,,,1
1759293231,eth0,368,Ethernet,IPv4,UDP,N/A,v4,0.0.0.0,255.255.255.255,68,67,N/A,N/A,N/A,N/A,,,1
1759293231,any,370,N/A,IPv4,UDP,N/A,v4,0.0.0.0,255.255.255.255,68,67,N/A,N/A,N/A,N/A,,,1
1759293231,any,112,N/A,IPv6,ICMP,N/A,v6,fe80::7827:e3ff:fe68:239,ff02::179,N/A,N/A,N/A,N/A,N/A,N/A,,,1
1759293231,eth1,110,Ethernet,IPv6,ICMP,N/A,v6,fe80::7827:e3ff:fe68:239,ff02::179,N/A,N/A,N/A,N/A,N/A,N/A,,,1
1759293231,any,112,N/A,IPv6,ICMP,N/A,v6,fe80::24f1:23ff:fe29:66,ff02::179,N/A,N/A,N/A,N/A,N/A,N/A,,,1
1759293231,eth0,110,Ethernet,IPv6,ICMP,N/A,v6,fe80::24f1:23ff:fe29:66,ff02::179,N/A,N/A,N/A,N/A,N/A,N/A,,,1
1759293231,eth0,54,Ethernet,IPv4,N/A,N/A,v4,172.30.0.23,224.0.0.22,N/A,N/A,N/A,N/A,N/A,N/A,,,1
1759293231,eth0,42,Ethernet,N/A,N/A,N/A,N/A,N/A,N/A,N/A,N/A,N/A,N/A,N/A,N/A,,,1
1759293231,any,44,ARP,N/A,N/A,N/A,N/A,N/A,N/A,N/A,N/A,1,2048,172.30.0.23,172.30.0.122,,,1
1759293231,any,56,N/A,IPv4,N/A,N/A,v4,172.30.0.163,224.0.0.22,N/A,N/A,N/A,N/A,N/A,N/A,,,1
1759293231,eth0,54,Ethernet,IPv4,N/A,N/A,v4,172.30.0.163,224.0.0.22,N/A,N/A,N/A,N/A,N/A,N/A,,,1
1759293231,any,112,N/A,IPv6,ICMP,N/A,v6,fe80::7827:e3ff:fe68:239,ff02::179,N/A,N/A,N/A,N/A,N/A,N/A,,,1
1759293231,eth1,110,Ethernet,IPv6,ICMP,N/A,v6,fe80::7827:e3ff:fe68:239,ff02::179,N/A,N/A,N/A,N/A,N/A,N/A,,,1
1759293231,eth0,70,Ethernet,IPv6,ICMP,N/A,v6,fe80::b0b5:44ff:feea:219,ff02::204,N/A,N/A,N/A,N/A,N/A,N/A,,,1
1759293231,eth1,70,Ethernet,IPv6,ICMP,N/A,v6,fe80::780a:a9ff:fee6:89,ff02::204,N/A,N/A,N/A,N/A,N/A,N/A,,,1
1759293231,any,72,N/A,IPv6,ICMP,N/A,v6,fe80::780a:a9ff:fee6:89,ff02::204,N/A,N/A,N/A,N/A,N/A,N/A,,,1
1759293231,eth0,54,Ethernet,IPv4,N/A,N/A,v4,172.30.0.23,224.0.0.22,N/A,N/A,N/A,N/A,N/A,N/A,,,1
1759293231,any,56,N/A,IPv4,N/A,N/A,v4,172.30.0.23,224.0.0.22,N/A,N/A,N/A,N/A,N/A,N/A,,,1
1759293231,eth0,90,Ethernet,IPv6,ICMP,N/A,v6,fe80::e48e:99ff:fe5f:147,ff02::179,N/A,N/A,N/A,N/A,N/A,N/A,,,1
1759293231,eth0,54,Ethernet,IPv4,N/A,N/A,v4,172.30.0.220,224.0.0.22,N/A,N/A,N/A,N/A,N/A,N/A,,,1
1759293231,any,92,N/A,IPv6,ICMP,N/A,v6,fe80::e48e:99ff:fe5f:147,ff02::179,N/A,N/A,N/A,N/A,N/A,N/A,,,1
1759293231,eth0,91,Ethernet,IPv6,UDP,N/A,v6,fe80::e48e:99ff:fe5f:147,ff02::1:52,5355,5355,N/A,N/A,N/A,N/A,,,1
1759293231,any,93,N/A,IPv6,UDP,N/A,v6,fe80::e48e:99ff:fe5f:147,ff02::1:52,5355,5355,N/A,N/A,N/A,N/A,,,1
1759293231,eth0,360,Ethernet,IPv4,UDP,N/A,v4,0.0.0.0,255.255.255.255,68,67,N/A,N/A,N/A,N/A,,,1
1759293231,any,362,N/A,IPv4,UDP,N/A,v4,0.0.0.0,255.255.255.255,68,67,N/A,N/A,N/A,N/A,,,1
1759293231,eth0,372,Ethernet,IPv4,UDP,N/A,v4,0.0.0.0,255.255.255.255,68,67,N/A,N/A,N/A,N/A,,,1
1759293231,any,374,N/A,IPv4,UDP,N/A,v4,0.0.0.0,255.255.255.255,68,67,N/A,N/A,N/A,N/A,,,1
1759293231,eth0,110,Ethernet,IPv6,ICMP,N/A,v6,fe80::b0b5:44ff:feea:219,ff02::179,N/A,N/A,N/A,N/A,N/A,N/A,,,1
1759293231,any,112,N/A,IPv6,ICMP,N/A,v6,fe80::b0b5:44ff:feea:219,ff02::179,N/A,N/A,N/A,N/A,N/A,N/A,,,1
1759293231,eth2,110,Ethernet,IPv6,ICMP,N/A,v6,fe80::dcac:f9ff:fe59:60,ff02::179,N/A,N/A,N/A,N/A,N/A,N/A,,,1
1759293231,any,112,N/A,IPv6,ICMP,N/A,v6,fe80::f056:abff:fe65:143,ff02::179,N/A,N/A,N/A,N/A,N/A,N/A,,,1
1759293231,eth1,110,Ethernet,IPv6,ICMP,N/A,v6,fe80::f056:abff:fe65:143,ff02::179,N/A,N/A,N/A,N/A,N/A,N/A,,,1
1759293231,any,112,N/A,IPv6,ICMP,N/A,v6,fe80::e48e:99ff:fe5f:147,ff02::179,N/A,N/A,N/A,N/A,N/A,N/A,,,1
1759293231,eth0,110,Ethernet,IPv6,ICMP,N/A,v6,fe80::e48e:99ff:fe5f:147,ff02::179,N/A,N/A,N/A,N/A,N/A,N/A,,,1
1759293231,eth0,54,Ethernet,IPv4,N/A,N/A,v4,172.30.0.220,224.0.0.22,N/A,N/A,N/A,N/A,N/A,N/A,,,1
1759293231,any,112,N/A,IPv6,ICMP,N/A,v6,fe80::e48e:99ff:fe5f:147,ff02::179,N/A,N/A,N/A,N/A,N/A,N/A,,,1
1759293231,eth0,110,Ethernet,IPv6,ICMP,N/A,v6,fe80::e48e:99ff:fe5f:147,ff02::179,N/A,N/A,N/A,N/A,N/A,N/A,,,1
1759293231,any,112,N/A,IPv6,ICMP,N/A,v6,fe80::f056:abff:fe65:143,ff02::179,N/A,N/A,N/A,N/A,N/A,N/A,,,1
1759293231,eth1,110,Ethernet,IPv6,ICMP,N/A,v6,fe80::f056:abff:fe65:143,ff02::179,N/A,N/A,N/A,N/A,N/A,N/A,,,1
1759293231,eth0,110,Ethernet,IPv6,ICMP,N/A,v6,fe80::24f1:23ff:fe29:66,ff02::179,N/A,N/A,N/A,N/A,N/A,N/A,,,1
1759293231,any,112,N/A,IPv6,ICMP,N/A,v6,fe80::24f1:23ff:fe29:66,ff02::179,N/A,N/A,N/A,N/A,N/A,N/A,,,1
1759293231,any,44,ARP,N/A,N/A,N/A,N/A,N/A,N/A,N/A,N/A,1,2048,172.30.0.220,172.30.0.122,,,0
1759293231,any,58,ARP,N/A,N/A,N/A,N/A,N/A,N/A,N/A,N/A,2,2048,172.30.0.122,172.30.0.220,,,0
1759293231,any,112,N/A,IPv6,ICMP,N/A,v6,fe80::5ca9:83ff:fe87:27,ff02::179,N/A,N/A,N/A,N/A,N/A,N/A,,,0
1759293231,eth0,42,Ethernet,N/A,N/A,N/A,N/A,N/A,N/A,N/A,N/A,N/A,N/A,N/A,N/A,,,0
1759293231,eth0,56,Ethernet,N/A,N/A,N/A,N/A,N/A,N/A,N/A,N/A,N/A,N/A,N/A,N/A,,,0
1759293231,eth0,56,Ethernet,N/A,N/A,N/A,N/A,N/A,N/A,N/A,N/A,N/A,N/A,N/A,N/A,,,0
1759293231,eth0,110,Ethernet,IPv6,ICMP,N/A,v6,fe80::5ca9:83ff:fe87:27,ff02::179,N/A,N/A,N/A,N/A,N/A,N/A,,,0
1759293231,any,112,N/A,IPv6,ICMP,N/A,v6,fe80::a824:52ff:fe4f:69,ff02::179,N/A,N/A,N/A,N/A,N/A,N/A,,,0
1759293231,eth1,110,Ethernet,IPv6,ICMP,N/A,v6,fe80::a824:52ff:fe4f:69,ff02::179,N/A,N/A,N/A,N/A,N/A,N/A,,,0
1759293231,any,112,N/A,IPv6,ICMP,N/A,v6,fe80::5ca9:83ff:fe87:27,ff02::179,N/A,N/A,N/A,N/A,N/A,N/A,,,0
1759293231,eth0,110,Ethernet,IPv6,ICMP,N/A,v6,fe80::5ca9:83ff:fe87:27,ff02::179,N/A,N/A,N/A,N/A,N/A,N/A,,,0
1759293232,any,72,N/A,IPv6,ICMP,N/A,v6,fe80::24f1:23ff:fe29:66,ff02::204,N/A,N/A,N/A,N/A,N/A,N/A,,,1
1759293232,eth0,70,Ethernet,IPv6,ICMP,N/A,v6,fe80::24f1:23ff:fe29:66,ff02::204,N/A,N/A,N/A,N/A,N/A,N/A,,,1
1759293232,eth0,42,Ethernet,N/A,N/A,N/A,N/A,N/A,N/A,N/A,N/A,N/A,N/A,N/A,N/A,,,1
1759293232,eth0,56,Ethernet,N/A,N/A,N/A,N/A,N/A,N/A,N/A,N/A,N/A,N/A,N/A,N/A,,,1
1759293232,eth0,56,Ethernet,N/A,N/A,N/A,N/A,N/A,N/A,N/A,N/A,N/A,N/A,N/A,N/A,,,1
1759293232,eth0,70,Ethernet,IPv6,ICMP,N/A,v6,fe80::e48e:99ff:fe5f:147,ff02::204,N/A,N/A,N/A,N/A,N/A,N/A,,,1
1759293232,eth1,70,Ethernet,IPv6,ICMP,N/A,v6,fe80::7827:e3ff:fe68:239,ff02::204,N/A,N/A,N/A,N/A,N/A,N/A,,,1
1759293232,eth1,70,Ethernet,IPv6,ICMP,N/A,v6,fe80::f056:abff:fe65:143,ff02::204,N/A,N/A,N/A,N/A,N/A,N/A,,,1
1759293232,any,44,ARP,N/A,N/A,N/A,N/A,N/A,N/A,N/A,N/A,1,2048,172.30.0.220,172.30.0.122,,,1
1759293232,any,58,ARP,N/A,N/A,N/A,N/A,N/A,N/A,N/A,N/A,2,2048,172.30.0.122,172.30.0.220,,,1
1759293232,any,58,ARP,N/A,N/A,N/A,N/A,N/A,N/A,N/A,N/A,2,2048,172.30.0.122,172.30.0.220,,,1
1759293232,any,72,N/A,IPv6,ICMP,N/A,v6,fe80::e48e:99ff:fe5f:147,ff02::204,N/A,N/A,N/A,N/A,N/A,N/A,,,1
1759293232,any,72,N/A,IPv6,ICMP,N/A,v6,fe80::f056:abff:fe65:143,ff02::204,N/A,N/A,N/A,N/A,N/A,N/A,,,1
1759293232,any,72,N/A,IPv6,ICMP,N/A,v6,fe80::dcac:f9ff:fe59:60,ff02::204,N/A,N/A,N/A,N/A,N/A,N/A,,,1
1759293232,eth2,70,Ethernet,IPv6,ICMP,N/A,v6,fe80::dcac:f9ff:fe59:60,ff02::204,N/A,N/A,N/A,N/A,N/A,N/A,,,1
1759293232,eth0,54,Ethernet,IPv4,N/A,N/A,v4,172.30.0.220,224.0.0.22,N/A,N/A,N/A,N/A,N/A,N/A,,,1
1759293232,any,56,N/A,IPv4,N/A,N/A,v4,172.30.0.220,224.0.0.22,N/A,N/A,N/A,N/A,N/A,N/A,,,1
1759293232,any,112,N/A,IPv6,ICMP,N/A,v6,fe80::dcac:f9ff:fe59:60,ff02::179,N/A,N/A,N/A,N/A,N/A,N/A,,,1
1759293232,eth2,110,Ethernet,IPv6,ICMP,N/A,v6,fe80::dcac:f9ff:fe59:60,ff02::179,N/A,N/A,N/A,N/A,N/A,N/A,,,1
1759293232,eth0,90,Ethernet,IPv6,ICMP,N/A,v6,fe80::ecf9:eff:fefb:55,ff02::179,N/A,N/A,N/A,N/A,N/A,N/A,,,1
1759293232,eth0,56,Ethernet,IPv4,N/A,N/A,v4,172.30.0.89,224.0.0.22,N/A,N/A,N/A,N/A,N/A,N/A,,,1
1759293232,any,92,N/A,IPv6,ICMP,N/A,v6,fe80::ecf9:eff:fefb:55,ff02::179,N/A,N/A,N/A,N/A,N/A,N/A,,,1
1759293232,any,58,N/A,IPv4,N/A,N/A,v4,172.30.0.89,224.0.0.22,N/A,N/A,N/A,N/A,N/A,N/A,,,1
1759293232,eth0,90,Ethernet,IPv6,ICMP,N/A,v6,fe80::ecf9:eff:fefb:55,ff02::179,N/A,N/A,N/A,N/A,N/A,N/A,,,1
1759293232,any,92,N/A,IPv6,ICMP,N/A,v6,fe80::ecf9:eff:fefb:55,ff02::179,N/A,N/A,N/A,N/A,N/A,N/A,,,1
1759293232,any,69,N/A,IPv4,UDP,N/A,v4,172.30.0.89,224.0.0.252,5355,5355,N/A,N/A,N/A,N/A,,,1
1759293232,eth0,67,Ethernet,IPv4,UDP,N/A,v4,172.30.0.89,224.0.0.252,5355,5355,N/A,N/A,N/A,N/A,,,1
1759293232,eth0,356,Ethernet,IPv4,UDP,N/A,v4,0.0.0.0,255.255.255.255,68,67,N/A,N/A,N/A,N/A,,,1
1759293232,any,358,N/A,IPv4,UDP,N/A,v4,0.0.0.0,255.255.255.255,68,67,N/A,N/A,N/A,N/A,,,1
1759293232,any,370,N/A,IPv4,UDP,N/A,v4,0.0.0.0,255.255.255.255,68,67,N/A,N/A,N/A,N/A,,,1
1759293232,eth0,368,Ethernet,IPv4,UDP,N/A,v4,0.0.0.0,255.255.255.255,68,67,N/A,N/A,N/A,N/A,,,1
1759293232,any,112,N/A,IPv6,ICMP,N/A,v6,fe80::103b:bdff:fef0:169,ff02::179,N/A,N/A,N/A,N/A,N/A,N/A,,,1
1759293232,eth1,110,Ethernet,IPv6,ICMP,N/A,v6,fe80::103b:bdff:fef0:169,ff02::179,N/A,N/A,N/A,N/A,N/A,N/A,,,1
1759293232,any,112,N/A,IPv6,ICMP,N/A,v6,fe80::ecf9:eff:fefb:55,ff02::179,N/A,N/A,N/A,N/A,N/A,N/A,,,1
1759293232,eth0,110,Ethernet,IPv6,ICMP,N/A,v6,fe80::ecf9:eff:fefb:55,ff02::179,N/A,N/A,N/A,N/A,N/A,N/A,,,1
1759293232,any,58,N/A,IPv4,N/A,N/A,v4,172.30.0.89,224.0.0.22,N/A,N/A,N/A,N/A,N/A,N/A,,,1
1759293232,eth0,56,Ethernet,IPv4,N/A,N/A,v4,172.30.0.89,224.0.0.22,N/A,N/A,N/A,N/A,N/A,N/A,,,1
1759293232,any,113,N/A,N/A,N/A,N/A,N/A,N/A,N/A,N/A,N/A,N/A,N/A,N/A,N/A,,,1
1759293232,eth0,111,Ethernet,N/A,N/A,N/A,N/A,N/A,N/A,N/A,N/A,N/A,N/A,N/A,N/A,,,1
1759293232,eth0,56,Ethernet,N/A,N/A,N/A,N/A,N/A,N/A,N/A,N/A,N/A,N/A,N/A,N/A,,,1
1759293232,any,58,ARP,N/A,N/A,N/A,N/A,N/A,N/A,N/A,N/A,1,2048,172.30.0.89,172.30.0.122,,,1
1759293232,any,112,N/A,IPv6,ICMP,N/A,v6,fe80::103b:bdff:fef0:169,ff02::179,N/A,N/A,N/A,N/A,N/A,N/A,,,1
1759293232,eth1,110,Ethernet,IPv6,ICMP,N/A,v6,fe80::103b:bdff:fef0:169,ff02::179,N/A,N/A,N/A,N/A,N/A,N/A,,,1
1759293232,any,56,N/A,IPv4,N/A,N/A,v4,172.30.0.220,224.0.0.22,N/A,N/A,N/A,N/A,N/A,N/A,,,0
1759293232,eth0,54,Ethernet,IPv4,N/A,N/A,v4,172.30.0.220,224.0.0.22,N/A,N/A,N/A,N/A,N/A,N/A,,,0
1759293232,eth0,70,Ethernet,IPv6,ICMP,N/A,v6,fe80::5ca9:83ff:fe87:27,ff02::204,N/A,N/A,N/A,N/A,N/A,N/A,,,0
1759293232,any,72,N/A,IPv6,ICMP,N/A,v6,fe80::a824:52ff:fe4f:69,ff02::204,N/A,N/A,N/A,N/A,N/A,N/A,,,0
1759293232,eth1,70,Ethernet,IPv6,ICMP,N/A,v6,fe80::a824:52ff:fe4f:69,ff02::204,N/A,N/A,N/A,N/A,N/A,N/A,,,0
1759293232,any,109,N/A,N/A,N/A,N/A,N/A,N/A,N/A,N/A,N/A,N/A,N/A,N/A,N/A,,,0
1759293232,eth0,107,Ethernet,N/A,N/A,N/A,N/A,N/A,N/A,N/A,N/A,N/A,N/A,N/A,N/A,,,0
1759293233,any,58,N/A,IPv4,N/A,N/A,v4,172.30.0.89,224.0.0.22,N/A,N/A,N/A,N/A,N/A,N/A,,,1
1759293233,eth0,56,Ethernet,IPv4,N/A,N/A,v4,172.30.0.89,224.0.0.22,N/A,N/A,N/A,N/A,N/A,N/A,,,1
1759293233,eth0,110,Ethernet,IPv6,ICMP,N/A,v6,fe80::ecf9:eff:fefb:55,ff02::179,N/A,N/A,N/A,N/A,N/A,N/A,,,1
1759293233,any,112,N/A,IPv6,ICMP,N/A,v6,fe80::ecf9:eff:fefb:55,ff02::179,N/A,N/A,N/A,N/A,N/A,N/A,,,1
1759293233,any,72,N/A,IPv6,ICMP,N/A,v6,fe80::ecf9:eff:fefb:55,ff02::204,N/A,N/A,N/A,N/A,N/A,N/A,,,1
1759293233,eth0,70,Ethernet,IPv6,ICMP,N/A,v6,fe80::ecf9:eff:fefb:55,ff02::204,N/A,N/A,N/A,N/A,N/A,N/A,,,1
1759293233,eth1,70,Ethernet,IPv6,ICMP,N/A,v6,fe80::103b:bdff:fef0:169,ff02::204,N/A,N/A,N/A,N/A,N/A,N/A,,,1
1759293233,any,72,N/A,IPv6,ICMP,N/A,v6,fe80::103b:bdff:fef0:169,ff02::204,N/A,N/A,N/A,N/A,N/A,N/A,,,1
1759293233,any,113,N/A,N/A,N/A,N/A,N/A,N/A,N/A,N/A,N/A,N/A,N/A,N/A,N/A,,,1
1759293233,eth0,111,Ethernet,N/A,N/A,N/A,N/A,N/A,N/A,N/A,N/A,N/A,N/A,N/A,N/A,,,1
1759293233,eth0,107,Ethernet,N/A,N/A,N/A,N/A,N/A,N/A,N/A,N/A,N/A,N/A,N/A,N/A,,,0
1759293233,any,109,N/A,N/A,N/A,N/A,N/A,N/A,N/A,N/A,N/A,N/A,N/A,N/A,N/A,,,0
1759293234,eth0,90,Ethernet,IPv6,ICMP,N/A,v6,fe80::b0b5:44ff:feea:219,ff02::179,N/A,N/A,N/A,N/A,N/A,N/A,,,1
1759293234,eth0,54,Ethernet,IPv4,N/A,N/A,v4,172.30.0.163,224.0.0.22,N/A,N/A,N/A,N/A,N/A,N/A,,,1
1759293234,any,92,N/A,IPv6,ICMP,N/A,v6,fe80::b0b5:44ff:feea:219,ff02::179,N/A,N/A,N/A,N/A,N/A,N/A,,,1
1759293234,any,70,N/A,IPv4,UDP,N/A,v4,172.30.0.163,224.0.0.252,5355,5355,N/A,N/A,N/A,N/A,,,1
1759293234,eth0,68,Ethernet,IPv4,UDP,N/A,v4,172.30.0.163,224.0.0.252,5355,5355,N/A,N/A,N/A,N/A,,,1
1759293234,any,90,N/A,IPv6,UDP,N/A,v6,fe80::b0b5:44ff:feea:219,ff02::1:52,5355,5355,N/A,N/A,N/A,N/A,,,1
1759293234,eth0,88,Ethernet,IPv6,UDP,N/A,v6,fe80::b0b5:44ff:feea:219,ff02::1:52,5355,5355,N/A,N/A,N/A,N/A,,,1
1759293234,eth0,357,Ethernet,IPv4,UDP,N/A,v4,0.0.0.0,255.255.255.255,68,67,N/A,N/A,N/A,N/A,,,1
1759293234,any,359,N/A,IPv4,UDP,N/A,v4,0.0.0.0,255.255.255.255,68,67,N/A,N/A,N/A,N/A,,,1
1759293234,any,371,N/A,IPv4,UDP,N/A,v4,0.0.0.0,255.255.255.255,68,67,N/A,N/A,N/A,N/A,,,1
1759293234,eth0,369,Ethernet,IPv4,UDP,N/A,v4,0.0.0.0,255.255.255.255,68,67,N/A,N/A,N/A,N/A,,,1
1759293234,eth1,110,Ethernet,IPv6,ICMP,N/A,v6,fe80::780a:a9ff:fee6:89,ff02::179,N/A,N/A,N/A,N/A,N/A,N/A,,,1
1759293234,any,112,N/A,IPv6,ICMP,N/A,v6,fe80::780a:a9ff:fee6:89,ff02::179,N/A,N/A,N/A,N/A,N/A,N/A,,,1
1759293234,any,112,N/A,IPv6,ICMP,N/A,v6,fe80::b0b5:44ff:feea:219,ff02::179,N/A,N/A,N/A,N/A,N/A,N/A,,,1
1759293234,eth0,110,Ethernet,IPv6,ICMP,N/A,v6,fe80::b0b5:44ff:feea:219,ff02::179,N/A,N/A,N/A,N/A,N/A,N/A,,,1
1759293234,eth0,54,Ethernet,IPv4,N/A,N/A,v4,172.30.0.163,224.0.0.22,N/A,N/A,N/A,N/A,N/A,N/A,,,1
1759293234,eth1,110,Ethernet,IPv6,ICMP,N/A,v6,fe80::780a:a9ff:fee6:89,ff02::179,N/A,N/A,N/A,N/A,N/A,N/A,,,1
1759293234,any,112,N/A,IPv6,ICMP,N/A,v6,fe80::780a:a9ff:fee6:89,ff02::179,N/A,N/A,N/A,N/A,N/A,N/A,,,1
1759293234,any,113,N/A,N/A,N/A,N/A,N/A,N/A,N/A,N/A,N/A,N/A,N/A,N/A,N/A,,,1
1759293234,eth0,111,Ethernet,N/A,N/A,N/A,N/A,N/A,N/A,N/A,N/A,N/A,N/A,N/A,N/A,,,1
1759293234,any,44,ARP,N/A,N/A,N/A,N/A,N/A,N/A,N/A,N/A,1,2048,172.30.0.163,172.30.0.122,,,1
1759293234,eth0,42,Ethernet,N/A,N/A,N/A,N/A,N/A,N/A,N/A,N/A,N/A,N/A,N/A,N/A,,,1
1759293235,eth0,54,Ethernet,IPv4,N/A,N/A,v4,172.30.0.163,224.0.0.22,N/A,N/A,N/A,N/A,N/A,N/A,,,1
1759293235,any,56,N/A,IPv4,N/A,N/A,v4,172.30.0.163,224.0.0.22,N/A,N/A,N/A,N/A,N/A,N/A,,,1
1759293235,any,92,N/A,IPv6,ICMP,N/A,v6,fe80::24f1:23ff:fe29:66,ff02::179,N/A,N/A,N/A,N/A,N/A,N/A,,,1
1759293235,eth0,90,Ethernet,IPv6,ICMP,N/A,v6,fe80::24f1:23ff:fe29:66,ff02::179,N/A,N/A,N/A,N/A,N/A,N/A,,,1
1759293235,eth0,54,Ethernet,IPv4,N/A,N/A,v4,172.30.0.23,224.0.0.22,N/A,N/A,N/A,N/A,N/A,N/A,,,1
1759293235,eth0,87,Ethernet,IPv6,UDP,N/A,v6,fe80::24f1:23ff:fe29:66,ff02::1:52,5355,5355,N/A,N/A,N/A,N/A,,,1
1759293235,any,89,N/A,IPv6,UDP,N/A,v6,fe80::24f1:23ff:fe29:66,ff02::1:52,5355,5355,N/A,N/A,N/A,N/A,,,1
1759293235,any,358,N/A,IPv4,UDP,N/A,v4,0.0.0.0,255.255.255.255,68,67,N/A,N/A,N/A,N/A,,,1
1759293235,eth0,356,Ethernet,IPv4,UDP,N/A,v4,0.0.0.0,255.255.255.255,68,67,N/A,N/A,N/A,N/A,,,1
1759293235,eth0,368,Ethernet,IPv4,UDP,N/A,v4,0.0.0.0,255.255.255.255,68,67,N/A,N/A,N/A,N/A,,,1
1759293235,any,370,N/A,IPv4,UDP,N/A,v4,0.0.0.0,255.255.255.255,68,67,N/A,N/A,N/A,N/A,,,1
1759293235,any,112,N/A,IPv6,ICMP,N/A,v6,fe80::7827:e3ff:fe68:239,ff02::179,N/A,N/A,N/A,N/A,N/A,N/A,,,1
1759293235,eth1,110,Ethernet,IPv6,ICMP,N/A,v6,fe80::7827:e3ff:fe68:239,ff02::179,N/A,N/A,N/A,N/A,N/A,N/A,,,1
1759293235,any,112,N/A,IPv6,ICMP,N/A,v6,fe80::24f1:23ff:fe29:66,ff02::179,N/A,N/A,N/A,N/A,N/A,N/A,,,1
1759293235,eth0,110,Ethernet,IPv6,ICMP,N/A,v6,fe80::24f1:23ff:fe29:66,ff02::179,N/A,N/A,N/A,N/A,N/A,N/A,,,1
1759293235,eth0,54,Ethernet,IPv4,N/A,N/A,v4,172.30.0.23,224.0.0.22,N/A,N/A,N/A,N/A,N/A,N/A,,,1
1759293235,eth0,110,Ethernet,IPv6,ICMP,N/A,v6,fe80::24f1:23ff:fe29:66,ff02::179,N/A,N/A,N/A,N/A,N/A,N/A,,,1
1759293235,any,112,N/A,IPv6,ICMP,N/A,v6,fe80::24f1:23ff:fe29:66,ff02::179,N/A,N/A,N/A,N/A,N/A,N/A,,,1
1759293235,any,44,ARP,N/A,N/A,N/A,N/A,N/A,N/A,N/A,N/A,1,2048,172.30.0.23,172.30.0.122,,,1
1759293235,eth0,42,Ethernet,N/A,N/A,N/A,N/A,N/A,N/A,N/A,N/A,N/A,N/A,N/A,N/A,,,1
1759293235,eth1,70,Ethernet,IPv6,ICMP,N/A,v6,fe80::780a:a9ff:fee6:89,ff02::204,N/A,N/A,N/A,N/A,N/A,N/A,,,1
1759293235,any,72,N/A,IPv6,ICMP,N/A,v6,fe80::780a:a9ff:fee6:89,ff02::204,N/A,N/A,N/A,N/A,N/A,N/A,,,1
1759293235,eth0,70,Ethernet,IPv6,ICMP,N/A,v6,fe80::b0b5:44ff:feea:219,ff02::204,N/A,N/A,N/A,N/A,N/A,N/A,,,1
1759293235,any,72,N/A,IPv6,ICMP,N/A,v6,fe80::b0b5:44ff:feea:219,ff02::204,N/A,N/A,N/A,N/A,N/A,N/A,,,1
1759293235,eth1,110,Ethernet,IPv6,ICMP,N/A,v6,fe80::7827:e3ff:fe68:239,ff02::179,N/A,N/A,N/A,N/A,N/A,N/A,,,1
1759293235,any,112,N/A,IPv6,ICMP,N/A,v6,fe80::7827:e3ff:fe68:239,ff02::179,N/A,N/A,N/A,N/A,N/A,N/A,,,1
1759293235,any,112,N/A,IPv6,ICMP,N/A,v6,fe80::b0b5:44ff:feea:219,ff02::179,N/A,N/A,N/A,N/A,N/A,N/A,,,1
1759293235,eth0,107,Ethernet,N/A,N/A,N/A,N/A,N/A,N/A,N/A,N/A,N/A,N/A,N/A,N/A,,,0
1759293235,any,109,N/A,N/A,N/A,N/A,N/A,N/A,N/A,N/A,N/A,N/A,N/A,N/A,N/A,,,0
1759293235,eth0,110,Ethernet,IPv6,ICMP,N/A,v6,fe80::b0b5:44ff:feea:219,ff02::179,N/A,N/A,N/A,N/A,N/A,N/A,,,1
1759293235,eth0,111,Ethernet,N/A,N/A,N/A,N/A,N/A,N/A,N/A,N/A,N/A,N/A,N/A,N/A,,,1
1759293235,any,113,N/A,N/A,N/A,N/A,N/A,N/A,N/A,N/A,N/A,N/A,N/A,N/A,N/A,,,1
1759293235,any,56,N/A,IPv4,N/A,N/A,v4,172.30.0.23,224.0.0.22,N/A,N/A,N/A,N/A,N/A,N/A,,,1
1759293235,eth0,54,Ethernet,IPv4,N/A,N/A,v4,172.30.0.23,224.0.0.22,N/A,N/A,N/A,N/A,N/A,N/A,,,1
1759293235,eth0,70,Ethernet,IPv6,ICMP,N/A,v6,fe80::e48e:99ff:fe5f:147,ff02::204,N/A,N/A,N/A,N/A,N/A,N/A,,,1
1759293235,any,72,N/A,IPv6,ICMP,N/A,v6,fe80::e48e:99ff:fe5f:147,ff02::204,N/A,N/A,N/A,N/A,N/A,N/A,,,1
1759293236,eth0,107,Ethernet,N/A,N/A,N/A,N/A,N/A,N/A,N/A,N/A,N/A,N/A,N/A,N/A,,,0
1759293236,any,109,N/A,N/A,N/A,N/A,N/A,N/A,N/A,N/A,N/A,N/A,N/A,N/A,N/A,,,0
1759293236,eth0,90,Ethernet,IPv6,ICMP,N/A,v6,fe80::5ca9:83ff:fe87:27,ff02::179,N/A,N/A,N/A,N/A,N/A,N/A,,,0
1759293236,eth0,70,Ethernet,IPv6,ICMP,N/A,v6,fe80::24f1:23ff:fe29:66,ff02::204,N/A,N/A,N/A,N/A,N/A,N/A,,,1
1759293236,eth1,70,Ethernet,IPv6,ICMP,N/A,v6,fe80::7827:e3ff:fe68:239,ff02::204,N/A,N/A,N/A,N/A,N/A,N/A,,,1
1759293236,any,72,N/A,IPv6,ICMP,N/A,v6,fe80::24f1:23ff:fe29:66,ff02::204,N/A,N/A,N/A,N/A,N/A,N/A,,,1
1759293236,any,72,N/A,IPv6,ICMP,N/A,v6,fe80::dcac:f9ff:fe59:60,ff02::204,N/A,N/A,N/A,N/A,N/A,N/A,,,1
1759293236,eth2,70,Ethernet,IPv6,ICMP,N/A,v6,fe80::dcac:f9ff:fe59:60,ff02::204,N/A,N/A,N/A,N/A,N/A,N/A,,,1
1759293236,any,72,N/A,IPv6,ICMP,N/A,v6,fe80::f056:abff:fe65:143,ff02::204,N/A,N/A,N/A,N/A,N/A,N/A,,,1
1759293236,eth1,70,Ethernet,IPv6,ICMP,N/A,v6,fe80::f056:abff:fe65:143,ff02::204,N/A,N/A,N/A,N/A,N/A,N/A,,,1
1759293236,eth0,90,Ethernet,IPv6,ICMP,N/A,v6,fe80::e48e:99ff:fe5f:147,ff02::179,N/A,N/A,N/A,N/A,N/A,N/A,,,1
1759293236,eth0,54,Ethernet,IPv4,N/A,N/A,v4,172.30.0.220,224.0.0.22,N/A,N/A,N/A,N/A,N/A,N/A,,,1
1759293236,any,92,N/A,IPv6,ICMP,N/A,v6,fe80::e48e:99ff:fe5f:147,ff02::179,N/A,N/A,N/A,N/A,N/A,N/A,,,1
1759293236,eth0,71,Ethernet,IPv4,UDP,N/A,v4,172.30.0.220,224.0.0.252,5355,5355,N/A,N/A,N/A,N/A,,,1
1759293236,eth0,91,Ethernet,IPv6,UDP,N/A,v6,fe80::e48e:99ff:fe5f:147,ff02::1:52,5355,5355,N/A,N/A,N/A,N/A,,,1
1759293236,any,73,N/A,IPv4,UDP,N/A,v4,172.30.0.220,224.0.0.252,5355,5355,N/A,N/A,N/A,N/A,,,1
1759293236,eth0,360,Ethernet,IPv4,UDP,N/A,v4,0.0.0.0,255.255.255.255,68,67,N/A,N/A,N/A,N/A,,,1
1759293236,any,362,N/A,IPv4,UDP,N/A,v4,0.0.0.0,255.255.255.255,68,67,N/A,N/A,N/A,N/A,,,1
1759293236,eth0,372,Ethernet,IPv4,UDP,N/A,v4,0.0.0.0,255.255.255.255,68,67,N/A,N/A,N/A,N/A,,,1
1759293236,any,374,N/A,IPv4,UDP,N/A,v4,0.0.0.0,255.255.255.255,68,67,N/A,N/A,N/A,N/A,,,1
1759293236,eth2,110,Ethernet,IPv6,ICMP,N/A,v6,fe80::dcac:f9ff:fe59:60,ff02::179,N/A,N/A,N/A,N/A,N/A,N/A,,,1
1759293236,eth0,54,Ethernet,IPv4,N/A,N/A,v4,172.30.0.220,224.0.0.22,N/A,N/A,N/A,N/A,N/A,N/A,,,0
1759293236,any,92,N/A,IPv6,ICMP,N/A,v6,fe80::5ca9:83ff:fe87:27,ff02::179,N/A,N/A,N/A,N/A,N/A,N/A,,,0
1759293236,eth0,87,Ethernet,IPv6,UDP,N/A,v6,fe80::5ca9:83ff:fe87:27,ff02::1:52,5355,5355,N/A,N/A,N/A,N/A,,,0
1759293236,eth0,67,Ethernet,IPv4,UDP,N/A,v4,172.30.0.220,224.0.0.252,5355,5355,N/A,N/A,N/A,N/A,,,0
1759293236,any,89,N/A,IPv6,UDP,N/A,v6,fe80::5ca9:83ff:fe87:27,ff02::1:52,5355,5355,N/A,N/A,N/A,N/A,,,0
1759293236,eth0,356,Ethernet,IPv4,UDP,N/A,v4,0.0.0.0,255.255.255.255,68,67,N/A,N/A,N/A,N/A,,,0
1759293236,any,358,N/A,IPv4,UDP,N/A,v4,0.0.0.0,255.255.255.255,68,67,N/A,N/A,N/A,N/A,,,0
1759293236,eth0,368,Ethernet,IPv4,UDP,N/A,v4,0.0.0.0,255.255.255.255,68,67,N/A,N/A,N/A,N/A,,,0
1759293236,any,370,N/A,IPv4,UDP,N/A,v4,0.0.0.0,255.255.255.255,68,67,N/A,N/A,N/A,N/A,,,0
1759293236,any,112,N/A,IPv6,ICMP,N/A,v6,fe80::a824:52ff:fe4f:69,ff02::179,N/A,N/A,N/A,N/A,N/A,N/A,,,0
1759293236,eth1,110,Ethernet,IPv6,ICMP,N/A,v6,fe80::a824:52ff:fe4f:69,ff02::179,N/A,N/A,N/A,N/A,N/A,N/A,,,0
1759293236,eth0,110,Ethernet,IPv6,ICMP,N/A,v6,fe80::5ca9:83ff:fe87:27,ff02::179,N/A,N/A,N/A,N/A,N/A,N/A,,,0
1759293236,eth0,54,Ethernet,IPv4,N/A,N/A,v4,172.30.0.220,224.0.0.22,N/A,N/A,N/A,N/A,N/A,N/A,,,0
1759293236,any,112,N/A,IPv6,ICMP,N/A,v6,fe80::5ca9:83ff:fe87:27,ff02::179,N/A,N/A,N/A,N/A,N/A,N/A,,,0
1759293236,eth0,42,Ethernet,N/A,N/A,N/A,N/A,N/A,N/A,N/A,N/A,N/A,N/A,N/A,N/A,,,0
1759293236,eth0,56,Ethernet,N/A,N/A,N/A,N/A,N/A,N/A,N/A,N/A,N/A,N/A,N/A,N/A,,,0
1759293236,eth0,56,Ethernet,N/A,N/A,N/A,N/A,N/A,N/A,N/A,N/A,N/A,N/A,N/A,N/A,,,0
1759293236,any,44,ARP,N/A,N/A,N/A,N/A,N/A,N/A,N/A,N/A,1,2048,172.30.0.220,172.30.0.122,,,0
1759293236,any,58,ARP,N/A,N/A,N/A,N/A,N/A,N/A,N/A,N/A,2,2048,172.30.0.122,172.30.0.220,,,0
1759293236,eth0,54,Ethernet,IPv4,N/A,N/A,v4,172.30.0.220,224.0.0.22,N/A,N/A,N/A,N/A,N/A,N/A,,,0
1759293236,any,56,N/A,IPv4,N/A,N/A,v4,172.30.0.220,224.0.0.22,N/A,N/A,N/A,N/A,N/A,N/A,,,0
1759293236,any,112,N/A,IPv6,ICMP,N/A,v6,fe80::5ca9:83ff:fe87:27,ff02::179,N/A,N/A,N/A,N/A,N/A,N/A,,,0
1759293236,eth0,110,Ethernet,IPv6,ICMP,N/A,v6,fe80::5ca9:83ff:fe87:27,ff02::179,N/A,N/A,N/A,N/A,N/A,N/A,,,0
1759293236,eth2,110,Ethernet,IPv6,ICMP,N/A,v6,fe80::dcac:f9ff:fe59:60,ff02::179,N/A,N/A,N/A,N/A,N/A,N/A,,,1
1759293236,any,112,N/A,IPv6,ICMP,N/A,v6,fe80::dcac:f9ff:fe59:60,ff02::179,N/A,N/A,N/A,N/A,N/A,N/A,,,1
1759293236,any,112,N/A,IPv6,ICMP,N/A,v6,fe80::f056:abff:fe65:143,ff02::179,N/A,N/A,N/A,N/A,N/A,N/A,,,1
1759293236,any,56,N/A,IPv4,N/A,N/A,v4,172.30.0.220,224.0.0.22,N/A,N/A,N/A,N/A,N/A,N/A,,,1
1759293236,any,112,N/A,IPv6,ICMP,N/A,v6,fe80::e48e:99ff:fe5f:147,ff02::179,N/A,N/A,N/A,N/A,N/A,N/A,,,1
1759293236,any,112,N/A,IPv6,ICMP,N/A,v6,fe80::f056:abff:fe65:143,ff02::179,N/A,N/A,N/A,N/A,N/A,N/A,,,1
1759293236,any,44,ARP,N/A,N/A,N/A,N/A,N/A,N/A,N/A,N/A,1,2048,172.30.0.220,172.30.0.122,,,1
1759293236,any,58,ARP,N/A,N/A,N/A,N/A,N/A,N/A,N/A,N/A,2,2048,172.30.0.122,172.30.0.220,,,1
1759293236,any,112,N/A,IPv6,ICMP,N/A,v6,fe80::dcac:f9ff:fe59:60,ff02::179,N/A,N/A,N/A,N/A,N/A,N/A,,,1
1759293236,any,112,N/A,IPv6,ICMP,N/A,v6,fe80::e48e:99ff:fe5f:147,ff02::179,N/A,N/A,N/A,N/A,N/A,N/A,,,1
1759293236,eth1,110,Ethernet,IPv6,ICMP,N/A,v6,fe80::f056:abff:fe65:143,ff02::179,N/A,N/A,N/A,N/A,N/A,N/A,,,1
1759293236,eth1,110,Ethernet,IPv6,ICMP,N/A,v6,fe80::f056:abff:fe65:143,ff02::179,N/A,N/A,N/A,N/A,N/A,N/A,,,1
1759293236,eth0,54,Ethernet,IPv4,N/A,N/A,v4,172.30.0.220,224.0.0.22,N/A,N/A,N/A,N/A,N/A,N/A,,,1
1759293236,eth0,110,Ethernet,IPv6,ICMP,N/A,v6,fe80::e48e:99ff:fe5f:147,ff02::179,N/A,N/A,N/A,N/A,N/A,N/A,,,1
1759293236,eth0,42,Ethernet,N/A,N/A,N/A,N/A,N/A,N/A,N/A,N/A,N/A,N/A,N/A,N/A,,,1
1759293236,eth0,56,Ethernet,N/A,N/A,N/A,N/A,N/A,N/A,N/A,N/A,N/A,N/A,N/A,N/A,,,1
1759293236,eth0,56,Ethernet,N/A,N/A,N/A,N/A,N/A,N/A,N/A,N/A,N/A,N/A,N/A,N/A,,,1
1759293236,eth0,110,Ethernet,IPv6,ICMP,N/A,v6,fe80::e48e:99ff:fe5f:147,ff02::179,N/A,N/A,N/A,N/A,N/A,N/A,,,1
1759293237,any,112,N/A,IPv6,ICMP,N/A,v6,fe80::a824:52ff:fe4f:69,ff02::179,N/A,N/A,N/A,N/A,N/A,N/A,,,0
1759293237,eth1,110,Ethernet,IPv6,ICMP,N/A,v6,fe80::a824:52ff:fe4f:69,ff02::179,N/A,N/A,N/A,N/A,N/A,N/A,,,0
1759293237,eth0,70,Ethernet,IPv6,ICMP,N/A,v6,fe80::ecf9:eff:fefb:55,ff02::204,N/A,N/A,N/A,N/A,N/A,N/A,,,1
1759293237,any,72,N/A,IPv6,ICMP,N/A,v6,fe80::ecf9:eff:fefb:55,ff02::204,N/A,N/A,N/A,N/A,N/A,N/A,,,1
1759293237,any,56,N/A,IPv4,N/A,N/A,v4,172.30.0.220,224.0.0.22,N/A,N/A,N/A,N/A,N/A,N/A,,,1
1759293237,eth0,54,Ethernet,IPv4,N/A,N/A,v4,172.30.0.220,224.0.0.22,N/A,N/A,N/A,N/A,N/A,N/A,,,1
1759293237,eth0,90,Ethernet,IPv6,ICMP,N/A,v6,fe80::ecf9:eff:fefb:55,ff02::179,N/A,N/A,N/A,N/A,N/A,N/A,,,1
1759293237,eth0,56,Ethernet,IPv4,N/A,N/A,v4,172.30.0.89,224.0.0.22,N/A,N/A,N/A,N/A,N/A,N/A,,,1
1759293237,any,92,N/A,IPv6,ICMP,N/A,v6,fe80::ecf9:eff:fefb:55,ff02::179,N/A,N/A,N/A,N/A,N/A,N/A,,,1
1759293237,any,89,N/A,IPv6,UDP,N/A,v6,fe80::ecf9:eff:fefb:55,ff02::1:52,5355,5355,N/A,N/A,N/A,N/A,,,1
1759293237,eth0,87,Ethernet,IPv6,UDP,N/A,v6,fe80::ecf9:eff:fefb:55,ff02::1:52,5355,5355,N/A,N/A,N/A,N/A,,,1
1759293237,any,72,N/A,IPv6,ICMP,N/A,v6,fe80::dcac:f9ff:fe59:60,ff02::204,N/A,N/A,N/A,N/A,N/A,N/A,,,1
1759293237,eth2,70,Ethernet,IPv6,ICMP,N/A,v6,fe80::dcac:f9ff:fe59:60,ff02::204,N/A,N/A,N/A,N/A,N/A,N/A,,,1
1759293237,eth1,70,Ethernet,IPv6,ICMP,N/A,v6,fe80::f056:abff:fe65:143,ff02::204,N/A,N/A,N/A,N/A,N/A,N/A,,,1
1759293237,eth0,111,Ethernet,N/A,N/A,N/A,N/A,N/A,N/A,N/A,N/A,N/A,N/A,N/A,N/A,,,1
1759293237,eth0,70,Ethernet,IPv6,ICMP,N/A,v6,fe80::e48e:99ff:fe5f:147,ff02::204,N/A,N/A,N/A,N/A,N/A,N/A,,,1
1759293237,any,358,N/A,IPv4,UDP,N/A,v4,0.0.0.0,255.255.255.255,68,67,N/A,N/A,N/A,N/A,,,1
1759293237,eth0,356,Ethernet,IPv4,UDP,N/A,v4,0.0.0.0,255.255.255.255,68,67,N/A,N/A,N/A,N/A,,,1
1759293237,any,370,N/A,IPv4,UDP,N/A,v4,0.0.0.0,255.255.255.255,68,67,N/A,N/A,N/A,N/A,,,1
1759293237,eth0,368,Ethernet,IPv4,UDP,N/A,v4,0.0.0.0,255.255.255.255,68,67,N/A,N/A,N/A,N/A,,,1
1759293237,any,112,N/A,IPv6,ICMP,N/A,v6,fe80::103b:bdff:fef0:169,ff02::179,N/A,N/A,N/A,N/A,N/A,N/A,,,1
1759293237,eth1,110,Ethernet,IPv6,ICMP,N/A,v6,fe80::103b:bdff:fef0:169,ff02::179,N/A,N/A,N/A,N/A,N/A,N/A,,,1
1759293237,any,58,N/A,IPv4,N/A,N/A,v4,172.30.0.89,224.0.0.22,N/A,N/A,N/A,N/A,N/A,N/A,,,1
1759293237,eth0,56,Ethernet,IPv4,N/A,N/A,v4,172.30.0.89,224.0.0.22,N/A,N/A,N/A,N/A,N/A,N/A,,,1
1759293237,eth0,110,Ethernet,IPv6,ICMP,N/A,v6,fe80::ecf9:eff:fefb:55,ff02::179,N/A,N/A,N/A,N/A,N/A,N/A,,,1
1759293237,any,112,N/A,IPv6,ICMP,N/A,v6,fe80::ecf9:eff:fefb:55,ff02::179,N/A,N/A,N/A,N/A,N/A,N/A,,,1
1759293237,any,58,ARP,N/A,N/A,N/A,N/A,N/A,N/A,N/A,N/A,1,2048,172.30.0.89,172.30.0.122,,,1
1759293237,eth0,56,Ethernet,N/A,N/A,N/A,N/A,N/A,N/A,N/A,N/A,N/A,N/A,N/A,N/A,,,1
1759293237,any,112,N/A,IPv6,ICMP,N/A,v6,fe80::103b:bdff:fef0:169,ff02::179,N/A,N/A,N/A,N/A,N/A,N/A,,,1
1759293237,eth1,110,Ethernet,IPv6,ICMP,N/A,v6,fe80::103b:bdff:fef0:169,ff02::179,N/A,N/A,N/A,N/A,N/A,N/A,,,1
1759293237,eth0,107,Ethernet,N/A,N/A,N/A,N/A,N/A,N/A,N/A,N/A,N/A,N/A,N/A,N/A,,,0
1759293237,eth0,70,Ethernet,IPv6,ICMP,N/A,v6,fe80::5ca9:83ff:fe87:27,ff02::204,N/A,N/A,N/A,N/A,N/A,N/A,,,0
1759293237,any,72,N/A,IPv6,ICMP,N/A,v6,fe80::a824:52ff:fe4f:69,ff02::204,N/A,N/A,N/A,N/A,N/A,N/A,,,0
1759293237,eth1,70,Ethernet,IPv6,ICMP,N/A,v6,fe80::a824:52ff:fe4f:69,ff02::204,N/A,N/A,N/A,N/A,N/A,N/A,,,0
1759293238,any,58,N/A,IPv4,N/A,N/A,v4,172.30.0.89,224.0.0.22,N/A,N/A,N/A,N/A,N/A,N/A,,,1
1759293238,eth0,56,Ethernet,IPv4,N/A,N/A,v4,172.30.0.89,224.0.0.22,N/A,N/A,N/A,N/A,N/A,N/A,,,1
1759293238,eth1,70,Ethernet,IPv6,ICMP,N/A,v6,fe80::103b:bdff:fef0:169,ff02::204,N/A,N/A,N/A,N/A,N/A,N/A,,,1
1759293238,any,72,N/A,IPv6,ICMP,N/A,v6,fe80::ecf9:eff:fefb:55,ff02::204,N/A,N/A,N/A,N/A,N/A,N/A,,,1
1759293238,any,72,N/A,IPv6,ICMP,N/A,v6,fe80::103b:bdff:fef0:169,ff02::204,N/A,N/A,N/A,N/A,N/A,N/A,,,1
1759293238,eth0,70,Ethernet,IPv6,ICMP,N/A,v6,fe80::ecf9:eff:fefb:55,ff02::204,N/A,N/A,N/A,N/A,N/A,N/A,,,1
1759293238,eth0,110,Ethernet,IPv6,ICMP,N/A,v6,fe80::ecf9:eff:fefb:55,ff02::179,N/A,N/A,N/A,N/A,N/A,N/A,,,1
1759293238,any,112,N/A,IPv6,ICMP,N/A,v6,fe80::ecf9:eff:fefb:55,ff02::179,N/A,N/A,N/A,N/A,N/A,N/A,,,1
1759293238,any,113,N/A,N/A,N/A,N/A,N/A,N/A,N/A,N/A,N/A,N/A,N/A,N/A,N/A,,,1
1759293238,eth0,111,Ethernet,N/A,N/A,N/A,N/A,N/A,N/A,N/A,N/A,N/A,N/A,N/A,N/A,,,1
1759293238,any,109,N/A,N/A,N/A,N/A,N/A,N/A,N/A,N/A,N/A,N/A,N/A,N/A,N/A,,,0
1759293238,eth0,107,Ethernet,N/A,N/A,N/A,N/A,N/A,N/A,N/A,N/A,N/A,N/A,N/A,N/A,,,0
1759293239,any,72,N/A,IPv6,ICMP,N/A,v6,fe80::780a:a9ff:fee6:89,ff02::204,N/A,N/A,N/A,N/A,N/A,N/A,,,1
1759293239,eth1,70,Ethernet,IPv6,ICMP,N/A,v6,fe80::780a:a9ff:fee6:89,ff02::204,N/A,N/A,N/A,N/A,N/A,N/A,,,1
1759293239,any,72,N/A,IPv6,ICMP,N/A,v6,fe80::b0b5:44ff:feea:219,ff02::204,N/A,N/A,N/A,N/A,N/A,N/A,,,1
1759293239,eth0,70,Ethernet,IPv6,ICMP,N/A,v6,fe80::b0b5:44ff:feea:219,ff02::204,N/A,N/A,N/A,N/A,N/A,N/A,,,1
1759293239,any,92,N/A,IPv6,ICMP,N/A,v6,fe80::b0b5:44ff:feea:219,ff02::179,N/A,N/A,N/A,N/A,N/A,N/A,,,1
1759293239,eth0,90,Ethernet,IPv6,ICMP,N/A,v6,fe80::b0b5:44ff:feea:219,ff02::179,N/A,N/A,N/A,N/A,N/A,N/A,,,1
1759293239,eth0,54,Ethernet,IPv4,N/A,N/A,v4,172.30.0.163,224.0.0.22,N/A,N/A,N/A,N/A,N/A,N/A,,,1
1759293239,any,72,N/A,IPv6,ICMP,N/A,v6,fe80::24f1:23ff:fe29:66,ff02::204,N/A,N/A,N/A,N/A,N/A,N/A,,,1
1759293239,eth0,70,Ethernet,IPv6,ICMP,N/A,v6,fe80::24f1:23ff:fe29:66,ff02::204,N/A,N/A,N/A,N/A,N/A,N/A,,,1
1759293239,any,359,N/A,IPv4,UDP,N/A,v4,0.0.0.0,255.255.255.255,68,67,N/A,N/A,N/A,N/A,,,1
1759293239,eth0,357,Ethernet,IPv4,UDP,N/A,v4,0.0.0.0,255.255.255.255,68,67,N/A,N/A,N/A,N/A,,,1
1759293239,eth0,369,Ethernet,IPv4,UDP,N/A,v4,0.0.0.0,255.255.255.255,68,67,N/A,N/A,N/A,N/A,,,1
1759293239,any,371,N/A,IPv4,UDP,N/A,v4,0.0.0.0,255.255.255.255,68,67,N/A,N/A,N/A,N/A,,,1
1759293239,any,112,N/A,IPv6,ICMP,N/A,v6,fe80::780a:a9ff:fee6:89,ff02::179,N/A,N/A,N/A,N/A,N/A,N/A,,,1
1759293239,eth1,110,Ethernet,IPv6,ICMP,N/A,v6,fe80::780a:a9ff:fee6:89,ff02::179,N/A,N/A,N/A,N/A,N/A,N/A,,,1
1759293239,eth0,110,Ethernet,IPv6,ICMP,N/A,v6,fe80::b0b5:44ff:feea:219,ff02::179,N/A,N/A,N/A,N/A,N/A,N/A,,,1
1759293239,any,112,N/A,IPv6,ICMP,N/A,v6,fe80::b0b5:44ff:feea:219,ff02::179,N/A,N/A,N/A,N/A,N/A,N/A,,,1
1759293239,any,56,N/A,IPv4,N/A,N/A,v4,172.30.0.163,224.0.0.22,N/A,N/A,N/A,N/A,N/A,N/A,,,1
1759293239,eth0,54,Ethernet,IPv4,N/A,N/A,v4,172.30.0.163,224.0.0.22,N/A,N/A,N/A,N/A,N/A,N/A,,,1
1759293239,eth0,110,Ethernet,IPv6,ICMP,N/A,v6,fe80::b0b5:44ff:feea:219,ff02::179,N/A,N/A,N/A,N/A,N/A,N/A,,,1
1759293239,any,112,N/A,IPv6,ICMP,N/A,v6,fe80::b0b5:44ff:feea:219,ff02::179,N/A,N/A,N/A,N/A,N/A,N/A,,,1
1759293239,eth0,42,Ethernet,N/A,N/A,N/A,N/A,N/A,N/A,N/A,N/A,N/A,N/A,N/A,N/A,,,1
1759293239,any,44,ARP,N/A,N/A,N/A,N/A,N/A,N/A,N/A,N/A,1,2048,172.30.0.163,172.30.0.122,,,1
1759293239,any,112,N/A,IPv6,ICMP,N/A,v6,fe80::780a:a9ff:fee6:89,ff02::179,N/A,N/A,N/A,N/A,N/A,N/A,,,1
1759293239,eth1,110,Ethernet,IPv6,ICMP,N/A,v6,fe80::780a:a9ff:fee6:89,ff02::179,N/A,N/A,N/A,N/A,N/A,N/A,,,1
1759293240,any,109,N/A,N/A,N/A,N/A,N/A,N/A,N/A,N/A,N/A,N/A,N/A,N/A,N/A,,,0
1759293240,eth0,107,Ethernet,N/A,N/A,N/A,N/A,N/A,N/A,N/A,N/A,N/A,N/A,N/A,N/A,,,0
1759293240,eth0,90,Ethernet,IPv6,ICMP,N/A,v6,fe80::5ca9:83ff:fe87:27,ff02::179,N/A,N/A,N/A,N/A,N/A,N/A,,,0
1759293240,eth0,54,Ethernet,IPv4,N/A,N/A,v4,172.30.0.220,224.0.0.22,N/A,N/A,N/A,N/A,N/A,N/A,,,0
1759293240,any,92,N/A,IPv6,ICMP,N/A,v6,fe80::5ca9:83ff:fe87:27,ff02::179,N/A,N/A,N/A,N/A,N/A,N/A,,,0
1759293240,eth0,67,Ethernet,IPv4,UDP,N/A,v4,172.30.0.220,224.0.0.252,5355,5355,N/A,N/A,N/A,N/A,,,0
1759293240,any,69,N/A,IPv4,UDP,N/A,v4,172.30.0.220,224.0.0.252,5355,5355,N/A,N/A,N/A,N/A,,,0
1759293240,eth0,356,Ethernet,IPv4,UDP,N/A,v4,0.0.0.0,255.255.255.255,68,67,N/A,N/A,N/A,N/A,,,0
1759293240,any,358,N/A,IPv4,UDP,N/A,v4,0.0.0.0,255.255.255.255,68,67,N/A,N/A,N/A,N/A,,,0
1759293240,eth0,368,Ethernet,IPv4,UDP,N/A,v4,0.0.0.0,255.255.255.255,68,67,N/A,N/A,N/A,N/A,,,0
1759293240,any,370,N/A,IPv4,UDP,N/A,v4,0.0.0.0,255.255.255.255,68,67,N/A,N/A,N/A,N/A,,,0
1759293240,eth1,110,Ethernet,IPv6,ICMP,N/A,v6,fe80::a824:52ff:fe4f:69,ff02::179,N/A,N/A,N/A,N/A,N/A,N/A,,,0
1759293240,any,112,N/A,IPv6,ICMP,N/A,v6,fe80::a824:52ff:fe4f:69,ff02::179,N/A,N/A,N/A,N/A,N/A,N/A,,,0
1759293240,any,112,N/A,IPv6,ICMP,N/A,v6,fe80::5ca9:83ff:fe87:27,ff02::179,N/A,N/A,N/A,N/A,N/A,N/A,,,0
1759293240,eth0,110,Ethernet,IPv6,ICMP,N/A,v6,fe80::5ca9:83ff:fe87:27,ff02::179,N/A,N/A,N/A,N/A,N/A,N/A,,,0
1759293240,eth0,54,Ethernet,IPv4,N/A,N/A,v4,172.30.0.220,224.0.0.22,N/A,N/A,N/A,N/A,N/A,N/A,,,0
1759293240,any,112,N/A,IPv6,ICMP,N/A,v6,fe80::5ca9:83ff:fe87:27,ff02::179,N/A,N/A,N/A,N/A,N/A,N/A,,,0
1759293240,eth0,110,Ethernet,IPv6,ICMP,N/A,v6,fe80::5ca9:83ff:fe87:27,ff02::179,N/A,N/A,N/A,N/A,N/A,N/A,,,0
1759293240,any,112,N/A,IPv6,ICMP,N/A,v6,fe80::a824:52ff:fe4f:69,ff02::179,N/A,N/A,N/A,N/A,N/A,N/A,,,0
1759293240,any,92,N/A,IPv6,ICMP,N/A,v6,fe80::b0b5:44ff:feea:219,ff02::179,N/A,N/A,N/A,N/A,N/A,N/A,,,1
1759293240,eth0,90,Ethernet,IPv6,ICMP,N/A,v6,fe80::b0b5:44ff:feea:219,ff02::179,N/A,N/A,N/A,N/A,N/A,N/A,,,1
1759293240,eth0,111,Ethernet,N/A,N/A,N/A,N/A,N/A,N/A,N/A,N/A,N/A,N/A,N/A,N/A,,,1
1759293240,eth1,70,Ethernet,IPv6,ICMP,N/A,v6,fe80::7827:e3ff:fe68:239,ff02::204,N/A,N/A,N/A,N/A,N/A,N/A,,,1
1759293240,any,72,N/A,IPv6,ICMP,N/A,v6,fe80::7827:e3ff:fe68:239,ff02::204,N/A,N/A,N/A,N/A,N/A,N/A,,,1
1759293240,any,113,N/A,N/A,N/A,N/A,N/A,N/A,N/A,N/A,N/A,N/A,N/A,N/A,N/A,,,1
1759293240,any,92,N/A,IPv6,ICMP,N/A,v6,fe80::24f1:23ff:fe29:66,ff02::179,N/A,N/A,N/A,N/A,N/A,N/A,,,1
1759293240,eth0,90,Ethernet,IPv6,ICMP,N/A,v6,fe80::24f1:23ff:fe29:66,ff02::179,N/A,N/A,N/A,N/A,N/A,N/A,,,1
1759293240,eth0,54,Ethernet,IPv4,N/A,N/A,v4,172.30.0.23,224.0.0.22,N/A,N/A,N/A,N/A,N/A,N/A,,,1
1759293240,eth0,87,Ethernet,IPv6,UDP,N/A,v6,fe80::24f1:23ff:fe29:66,ff02::1:52,5355,5355,N/A,N/A,N/A,N/A,,,1
1759293240,any,89,N/A,IPv6,UDP,N/A,v6,fe80::24f1:23ff:fe29:66,ff02::1:52,5355,5355,N/A,N/A,N/A,N/A,,,1
1759293240,eth0,356,Ethernet,IPv4,UDP,N/A,v4,0.0.0.0,255.255.255.255,68,67,N/A,N/A,N/A,N/A,,,1
1759293240,any,358,N/A,IPv4,UDP,N/A,v4,0.0.0.0,255.255.255.255,68,67,N/A,N/A,N/A,N/A,,,1
1759293240,any,370,N/A,IPv4,UDP,N/A,v4,0.0.0.0,255.255.255.255,68,67,N/A,N/A,N/A,N/A,,,1
1759293240,eth0,368,Ethernet,IPv4,UDP,N/A,v4,0.0.0.0,255.255.255.255,68,67,N/A,N/A,N/A,N/A,,,1
1759293240,any,112,N/A,IPv6,ICMP,N/A,v6,fe80::7827:e3ff:fe68:239,ff02::179,N/A,N/A,N/A,N/A,N/A,N/A,,,1
1759293240,eth1,110,Ethernet,IPv6,ICMP,N/A,v6,fe80::7827:e3ff:fe68:239,ff02::179,N/A,N/A,N/A,N/A,N/A,N/A,,,1
1759293240,any,112,N/A,IPv6,ICMP,N/A,v6,fe80::24f1:23ff:fe29:66,ff02::179,N/A,N/A,N/A,N/A,N/A,N/A,,,1
1759293240,eth0,110,Ethernet,IPv6,ICMP,N/A,v6,fe80::24f1:23ff:fe29:66,ff02::179,N/A,N/A,N/A,N/A,N/A,N/A,,,1
1759293240,eth0,54,Ethernet,IPv4,N/A,N/A,v4,172.30.0.23,224.0.0.22,N/A,N/A,N/A,N/A,N/A,N/A,,,1
1759293240,eth0,42,Ethernet,N/A,N/A,N/A,N/A,N/A,N/A,N/A,N/A,N/A,N/A,N/A,N/A,,,1
1759293240,any,44,ARP,N/A,N/A,N/A,N/A,N/A,N/A,N/A,N/A,1,2048,172.30.0.23,172.30.0.122,,,1
1759293240,eth0,54,Ethernet,IPv4,N/A,N/A,v4,172.30.0.163,224.0.0.22,N/A,N/A,N/A,N/A,N/A,N/A,,,1
1759293240,any,56,N/A,IPv4,N/A,N/A,v4,172.30.0.163,224.0.0.22,N/A,N/A,N/A,N/A,N/A,N/A,,,1
1759293240,eth0,90,Ethernet,IPv6,ICMP,N/A,v6,fe80::e48e:99ff:fe5f:147,ff02::179,N/A,N/A,N/A,N/A,N/A,N/A,,,1
1759293240,eth0,54,Ethernet,IPv4,N/A,N/A,v4,172.30.0.220,224.0.0.22,N/A,N/A,N/A,N/A,N/A,N/A,,,1
1759293240,any,92,N/A,IPv6,ICMP,N/A,v6,fe80::e48e:99ff:fe5f:147,ff02::179,N/A,N/A,N/A,N/A,N/A,N/A,,,1
1759293240,eth0,360,Ethernet,IPv4,UDP,N/A,v4,0.0.0.0,255.255.255.255,68,67,N/A,N/A,N/A,N/A,,,1
1759293240,any,362,N/A,IPv4,UDP,N/A,v4,0.0.0.0,255.255.255.255,68,67,N/A,N/A,N/A,N/A,,,1
1759293240,eth0,372,Ethernet,IPv4,UDP,N/A,v4,0.0.0.0,255.255.255.255,68,67,N/A,N/A,N/A,N/A,,,1
1759293240,any,374,N/A,IPv4,UDP,N/A,v4,0.0.0.0,255.255.255.255,68,67,N/A,N/A,N/A,N/A,,,1
1759293240,eth2,110,Ethernet,IPv6,ICMP,N/A,v6,fe80::dcac:f9ff:fe59:60,ff02::179,N/A,N/A,N/A,N/A,N/A,N/A,,,1
1759293240,any,112,N/A,IPv6,ICMP,N/A,v6,fe80::dcac:f9ff:fe59:60,ff02::179,N/A,N/A,N/A,N/A,N/A,N/A,,,1
1759293240,eth1,110,Ethernet,IPv6,ICMP,N/A,v6,fe80::f056:abff:fe65:143,ff02::179,N/A,N/A,N/A,N/A,N/A,N/A,,,1
1759293240,any,56,N/A,IPv4,N/A,N/A,v4,172.30.0.220,224.0.0.22,N/A,N/A,N/A,N/A,N/A,N/A,,,1
1759293240,eth0,54,Ethernet,IPv4,N/A,N/A,v4,172.30.0.220,224.0.0.22,N/A,N/A,N/A,N/A,N/A,N/A,,,1
1759293240,eth0,110,Ethernet,IPv6,ICMP,N/A,v6,fe80::e48e:99ff:fe5f:147,ff02::179,N/A,N/A,N/A,N/A,N/A,N/A,,,1
1759293240,any,112,N/A,IPv6,ICMP,N/A,v6,fe80::7827:e3ff:fe68:239,ff02::179,N/A,N/A,N/A,N/A,N/A,N/A,,,1
1759293240,eth1,110,Ethernet,IPv6,ICMP,N/A,v6,fe80::7827:e3ff:fe68:239,ff02::179,N/A,N/A,N/A,N/A,N/A,N/A,,,1
1759293240,any,112,N/A,IPv6,ICMP,N/A,v6,fe80::24f1:23ff:fe29:66,ff02::179,N/A,N/A,N/A,N/A,N/A,N/A,,,1
1759293240,eth0,110,Ethernet,IPv6,ICMP,N/A,v6,fe80::24f1:23ff:fe29:66,ff02::179,N/A,N/A,N/A,N/A,N/A,N/A,,,1
1759293240,any,44,ARP,N/A,N/A,N/A,N/A,N/A,N/A,N/A,N/A,1,2048,172.30.0.220,172.30.0.122,,,0
1759293240,any,58,ARP,N/A,N/A,N/A,N/A,N/A,N/A,N/A,N/A,2,2048,172.30.0.122,172.30.0.220,,,0
1759293240,eth1,110,Ethernet,IPv6,ICMP,N/A,v6,fe80::a824:52ff:fe4f:69,ff02::179,N/A,N/A,N/A,N/A,N/A,N/A,,,0
1759293240,eth0,42,Ethernet,N/A,N/A,N/A,N/A,N/A,N/A,N/A,N/A,N/A,N/A,N/A,N/A,,,0
1759293240,eth0,56,Ethernet,N/A,N/A,N/A,N/A,N/A,N/A,N/A,N/A,N/A,N/A,N/A,N/A,,,0
1759293240,eth0,56,Ethernet,N/A,N/A,N/A,N/A,N/A,N/A,N/A,N/A,N/A,N/A,N/A,N/A,,,0
1759293241,eth0,54,Ethernet,IPv4,N/A,N/A,v4,172.30.0.23,224.0.0.22,N/A,N/A,N/A,N/A,N/A,N/A,,,1
1759293241,any,56,N/A,IPv4,N/A,N/A,v4,172.30.0.23,224.0.0.22,N/A,N/A,N/A,N/A,N/A,N/A,,,1
1759293241,any,72,N/A,IPv6,ICMP,N/A,v6,fe80::7827:e3ff:fe68:239,ff02::204,N/A,N/A,N/A,N/A,N/A,N/A,,,1
1759293241,any,44,ARP,N/A,N/A,N/A,N/A,N/A,N/A,N/A,N/A,1,2048,172.30.0.220,172.30.0.122,,,1
1759293241,any,58,ARP,N/A,N/A,N/A,N/A,N/A,N/A,N/A,N/A,2,2048,172.30.0.122,172.30.0.220,,,1
1759293241,eth1,70,Ethernet,IPv6,ICMP,N/A,v6,fe80::7827:e3ff:fe68:239,ff02::204,N/A,N/A,N/A,N/A,N/A,N/A,,,1
1759293241,eth0,70,Ethernet,IPv6,ICMP,N/A,v6,fe80::24f1:23ff:fe29:66,ff02::204,N/A,N/A,N/A,N/A,N/A,N/A,,,1
1759293241,eth0,42,Ethernet,N/A,N/A,N/A,N/A,N/A,N/A,N/A,N/A,N/A,N/A,N/A,N/A,,,1
1759293241,eth0,56,Ethernet,N/A,N/A,N/A,N/A,N/A,N/A,N/A,N/A,N/A,N/A,N/A,N/A,,,1
1759293241,any,72,N/A,IPv6,ICMP,N/A,v6,fe80::b0b5:44ff:feea:219,ff02::204,N/A,N/A,N/A,N/A,N/A,N/A,,,1
1759293241,eth0,70,Ethernet,IPv6,ICMP,N/A,v6,fe80::b0b5:44ff:feea:219,ff02::204,N/A,N/A,N/A,N/A,N/A,N/A,,,1
1759293241,any,72,N/A,IPv6,ICMP,N/A,v6,fe80::780a:a9ff:fee6:89,ff02::204,N/A,N/A,N/A,N/A,N/A,N/A,,,1
1759293241,eth1,70,Ethernet,IPv6,ICMP,N/A,v6,fe80::780a:a9ff:fee6:89,ff02::204,N/A,N/A,N/A,N/A,N/A,N/A,,,1
1759293241,any,112,N/A,IPv6,ICMP,N/A,v6,fe80::f056:abff:fe65:143,ff02::179,N/A,N/A,N/A,N/A,N/A,N/A,,,1
1759293241,eth2,110,Ethernet,IPv6,ICMP,N/A,v6,fe80::dcac:f9ff:fe59:60,ff02::179,N/A,N/A,N/A,N/A,N/A,N/A,,,1
1759293241,eth1,110,Ethernet,IPv6,ICMP,N/A,v6,fe80::f056:abff:fe65:143,ff02::179,N/A,N/A,N/A,N/A,N/A,N/A,,,1
1759293241,any,56,N/A,IPv4,N/A,N/A,v4,172.30.0.220,224.0.0.22,N/A,N/A,N/A,N/A,N/A,N/A,,,1
1759293241,eth0,54,Ethernet,IPv4,N/A,N/A,v4,172.30.0.220,224.0.0.22,N/A,N/A,N/A,N/A,N/A,N/A,,,1
1759293241,eth0,70,Ethernet,IPv6,ICMP,N/A,v6,fe80::e48e:99ff:fe5f:147,ff02::204,N/A,N/A,N/A,N/A,N/A,N/A,,,1
1759293241,any,72,N/A,IPv6,ICMP,N/A,v6,fe80::dcac:f9ff:fe59:60,ff02::204,N/A,N/A,N/A,N/A,N/A,N/A,,,1
1759293241,any,72,N/A,IPv6,ICMP,N/A,v6,fe80::e48e:99ff:fe5f:147,ff02::204,N/A,N/A,N/A,N/A,N/A,N/A,,,1
1759293241,eth2,70,Ethernet,IPv6,ICMP,N/A,v6,fe80::dcac:f9ff:fe59:60,ff02::204,N/A,N/A,N/A,N/A,N/A,N/A,,,1
1759293241,eth1,70,Ethernet,IPv6,ICMP,N/A,v6,fe80::f056:abff:fe65:143,ff02::204,N/A,N/A,N/A,N/A,N/A,N/A,,,1
1759293241,any,72,N/A,IPv6,ICMP,N/A,v6,fe80::f056:abff:fe65:143,ff02::204,N/A,N/A,N/A,N/A,N/A,N/A,,,1
1759293241,any,112,N/A,IPv6,ICMP,N/A,v6,fe80::e48e:99ff:fe5f:147,ff02::179,N/A,N/A,N/A,N/A,N/A,N/A,,,1
1759293241,eth0,110,Ethernet,IPv6,ICMP,N/A,v6,fe80::e48e:99ff:fe5f:147,ff02::179,N/A,N/A,N/A,N/A,N/A,N/A,,,1
1759293241,eth0,90,Ethernet,IPv6,ICMP,N/A,v6,fe80::ecf9:eff:fefb:55,ff02::179,N/A,N/A,N/A,N/A,N/A,N/A,,,1
1759293241,eth0,56,Ethernet,IPv4,N/A,N/A,v4,172.30.0.89,224.0.0.22,N/A,N/A,N/A,N/A,N/A,N/A,,,1
1759293241,any,92,N/A,IPv6,ICMP,N/A,v6,fe80::ecf9:eff:fefb:55,ff02::179,N/A,N/A,N/A,N/A,N/A,N/A,,,1
1759293241,any,58,N/A,IPv4,N/A,N/A,v4,172.30.0.89,224.0.0.22,N/A,N/A,N/A,N/A,N/A,N/A,,,1
1759293241,any,358,N/A,IPv4,UDP,N/A,v4,0.0.0.0,255.255.255.255,68,67,N/A,N/A,N/A,N/A,,,1
1759293241,eth0,356,Ethernet,IPv4,UDP,N/A,v4,0.0.0.0,255.255.255.255,68,67,N/A,N/A,N/A,N/A,,,1
1759293241,eth0,368,Ethernet,IPv4,UDP,N/A,v4,0.0.0.0,255.255.255.255,68,67,N/A,N/A,N/A,N/A,,,1
1759293241,any,370,N/A,IPv4,UDP,N/A,v4,0.0.0.0,255.255.255.255,68,67,N/A,N/A,N/A,N/A,,,1
1759293241,eth1,110,Ethernet,IPv6,ICMP,N/A,v6,fe80::103b:bdff:fef0:169,ff02::179,N/A,N/A,N/A,N/A,N/A,N/A,,,1
1759293241,any,58,ARP,N/A,N/A,N/A,N/A,N/A,N/A,N/A,N/A,1,2048,172.30.0.89,172.30.0.122,,,1
1759293241,any,112,N/A,IPv6,ICMP,N/A,v6,fe80::103b:bdff:fef0:169,ff02::179,N/A,N/A,N/A,N/A,N/A,N/A,,,1
1759293241,eth0,56,Ethernet,N/A,N/A,N/A,N/A,N/A,N/A,N/A,N/A,N/A,N/A,N/A,N/A,,,1
1759293241,any,112,N/A,IPv6,ICMP,N/A,v6,fe80::ecf9:eff:fefb:55,ff02::179,N/A,N/A,N/A,N/A,N/A,N/A,,,1
1759293241,any,58,N/A,IPv4,N/A,N/A,v4,172.30.0.89,224.0.0.22,N/A,N/A,N/A,N/A,N/A,N/A,,,1
1759293241,eth0,110,Ethernet,IPv6,ICMP,N/A,v6,fe80::ecf9:eff:fefb:55,ff02::179,N/A,N/A,N/A,N/A,N/A,N/A,,,1
1759293241,eth0,56,Ethernet,IPv4,N/A,N/A,v4,172.30.0.89,224.0.0.22,N/A,N/A,N/A,N/A,N/A,N/A,,,1
1759293241,any,56,N/A,IPv4,N/A,N/A,v4,172.30.0.220,224.0.0.22,N/A,N/A,N/A,N/A,N/A,N/A,,,0
1759293241,eth0,54,Ethernet,IPv4,N/A,N/A,v4,172.30.0.220,224.0.0.22,N/A,N/A,N/A,N/A,N/A,N/A,,,0
1759293241,eth0,70,Ethernet,IPv6,ICMP,N/A,v6,fe80::5ca9:83ff:fe87:27,ff02::204,N/A,N/A,N/A,N/A,N/A,N/A,,,0
1759293241,any,72,N/A,IPv6,ICMP,N/A,v6,fe80::a824:52ff:fe4f:69,ff02::204,N/A,N/A,N/A,N/A,N/A,N/A,,,0
1759293241,any,72,N/A,IPv6,ICMP,N/A,v6,fe80::5ca9:83ff:fe87:27,ff02::204,N/A,N/A,N/A,N/A,N/A,N/A,,,0
1759293241,eth1,70,Ethernet,IPv6,ICMP,N/A,v6,fe80::a824:52ff:fe4f:69,ff02::204,N/A,N/A,N/A,N/A,N/A,N/A,,,0
1759293242,any,113,N/A,N/A,N/A,N/A,N/A,N/A,N/A,N/A,N/A,N/A,N/A,N/A,N/A,,,1
1759293242,eth0,111,Ethernet,N/A,N/A,N/A,N/A,N/A,N/A,N/A,N/A,N/A,N/A,N/A,N/A,,,1
1759293242,any,112,N/A,IPv6,ICMP,N/A,v6,fe80::103b:bdff:fef0:169,ff02::179,N/A,N/A,N/A,N/A,N/A,N/A,,,1
1759293242,eth1,110,Ethernet,IPv6,ICMP,N/A,v6,fe80::103b:bdff:fef0:169,ff02::179,N/A,N/A,N/A,N/A,N/A,N/A,,,1
1759293242,eth0,56,Ethernet,IPv4,N/A,N/A,v4,172.30.0.89,224.0.0.22,N/A,N/A,N/A,N/A,N/A,N/A,,,1
1759293242,any,58,N/A,IPv4,N/A,N/A,v4,172.30.0.89,224.0.0.22,N/A,N/A,N/A,N/A,N/A,N/A,,,1
1759293242,any,112,N/A,IPv6,ICMP,N/A,v6,fe80::ecf9:eff:fefb:55,ff02::179,N/A,N/A,N/A,N/A,N/A,N/A,,,1
1759293242,eth0,110,Ethernet,IPv6,ICMP,N/A,v6,fe80::ecf9:eff:fefb:55,ff02::179,N/A,N/A,N/A,N/A,N/A,N/A,,,1
1759293242,eth0,70,Ethernet,IPv6,ICMP,N/A,v6,fe80::ecf9:eff:fefb:55,ff02::204,N/A,N/A,N/A,N/A,N/A,N/A,,,1
1759293242,eth1,70,Ethernet,IPv6,ICMP,N/A,v6,fe80::103b:bdff:fef0:169,ff02::204,N/A,N/A,N/A,N/A,N/A,N/A,,,1
1759293242,any,72,N/A,IPv6,ICMP,N/A,v6,fe80::ecf9:eff:fefb:55,ff02::204,N/A,N/A,N/A,N/A,N/A,N/A,,,1
1759293242,eth0,107,Ethernet,N/A,N/A,N/A,N/A,N/A,N/A,N/A,N/A,N/A,N/A,N/A,N/A,,,0
1759293242,any,109,N/A,N/A,N/A,N/A,N/A,N/A,N/A,N/A,N/A,N/A,N/A,N/A,N/A,,,0
1759293243,eth0,111,Ethernet,N/A,N/A,N/A,N/A,N/A,N/A,N/A,N/A,N/A,N/A,N/A,N/A,,,1
1759293243,any,113,N/A,N/A,N/A,N/A,N/A,N/A,N/A,N/A,N/A,N/A,N/A,N/A,N/A,,,1
1759293243,eth0,90,Ethernet,IPv6,ICMP,N/A,v6,fe80::b0b5:44ff:feea:219,ff02::179,N/A,N/A,N/A,N/A,N/A,N/A,,,1
1759293243,eth0,54,Ethernet,IPv4,N/A,N/A,v4,172.30.0.163,224.0.0.22,N/A,N/A,N/A,N/A,N/A,N/A,,,1
1759293243,any,92,N/A,IPv6,ICMP,N/A,v6,fe80::b0b5:44ff:feea:219,ff02::179,N/A,N/A,N/A,N/A,N/A,N/A,,,1
1759293243,any,56,N/A,IPv4,N/A,N/A,v4,172.30.0.163,224.0.0.22,N/A,N/A,N/A,N/A,N/A,N/A,,,1
1759293243,any,56,N/A,IPv4,N/A,N/A,v4,172.30.0.163,224.0.0.22,N/A,N/A,N/A,N/A,N/A,N/A,,,1
1759293243,eth0,54,Ethernet,IPv4,N/A,N/A,v4,172.30.0.163,224.0.0.22,N/A,N/A,N/A,N/A,N/A,N/A,,,1
1759293243,any,90,N/A,IPv6,UDP,N/A,v6,fe80::b0b5:44ff:feea:219,ff02::1:52,5355,5355,N/A,N/A,N/A,N/A,,,1
1759293243,eth0,88,Ethernet,IPv6,UDP,N/A,v6,fe80::b0b5:44ff:feea:219,ff02::1:52,5355,5355,N/A,N/A,N/A,N/A,,,1
1759293243,eth0,357,Ethernet,IPv4,UDP,N/A,v4,0.0.0.0,255.255.255.255,68,67,N/A,N/A,N/A,N/A,,,1
1759293243,any,359,N/A,IPv4,UDP,N/A,v4,0.0.0.0,255.255.255.255,68,67,N/A,N/A,N/A,N/A,,,1
1759293243,any,371,N/A,IPv4,UDP,N/A,v4,0.0.0.0,255.255.255.255,68,67,N/A,N/A,N/A,N/A,,,1
1759293243,eth0,369,Ethernet,IPv4,UDP,N/A,v4,0.0.0.0,255.255.255.255,68,67,N/A,N/A,N/A,N/A,,,1
1759293243,any,109,N/A,N/A,N/A,N/A,N/A,N/A,N/A,N/A,N/A,N/A,N/A,N/A,N/A,,,0
1759293243,eth0,107,Ethernet,N/A,N/A,N/A,N/A,N/A,N/A,N/A,N/A,N/A,N/A,N/A,N/A,,,0
1759293244,any,112,N/A,IPv6,ICMP,N/A,v6,fe80::780a:a9ff:fee6:89,ff02::179,N/A,N/A,N/A,N/A,N/A,N/A,,,1
1759293244,eth1,110,Ethernet,IPv6,ICMP,N/A,v6,fe80::780a:a9ff:fee6:89,ff02::179,N/A,N/A,N/A,N/A,N/A,N/A,,,1
1759293244,any,112,N/A,IPv6,ICMP,N/A,v6,fe80::b0b5:44ff:feea:219,ff02::179,N/A,N/A,N/A,N/A,N/A,N/A,,,1
1759293244,eth0,110,Ethernet,IPv6,ICMP,N/A,v6,fe80::b0b5:44ff:feea:219,ff02::179,N/A,N/A,N/A,N/A,N/A,N/A,,,1
1759293244,eth0,54,Ethernet,IPv4,N/A,N/A,v4,172.30.0.163,224.0.0.22,N/A,N/A,N/A,N/A,N/A,N/A,,,1
1759293244,eth1,110,Ethernet,IPv6,ICMP,N/A,v6,fe80::780a:a9ff:fee6:89,ff02::179,N/A,N/A,N/A,N/A,N/A,N/A,,,1
1759293244,any,112,N/A,IPv6,ICMP,N/A,v6,fe80::780a:a9ff:fee6:89,ff02::179,N/A,N/A,N/A,N/A,N/A,N/A,,,1
1759293244,any,44,ARP,N/A,N/A,N/A,N/A,N/A,N/A,N/A,N/A,1,2048,172.30.0.163,172.30.0.122,,,1
1759293244,eth0,42,Ethernet,N/A,N/A,N/A,N/A,N/A,N/A,N/A,N/A,N/A,N/A,N/A,N/A,,,1
1759293244,any,56,N/A,IPv4,N/A,N/A,v4,172.30.0.163,224.0.0.22,N/A,N/A,N/A,N/A,N/A,N/A,,,1
1759293244,eth0,54,Ethernet,IPv4,N/A,N/A,v4,172.30.0.163,224.0.0.22,N/A,N/A,N/A,N/A,N/A,N/A,,,1
1759293244,eth0,107,Ethernet,N/A,N/A,N/A,N/A,N/A,N/A,N/A,N/A,N/A,N/A,N/A,N/A,,,0
1759293244,any,109,N/A,N/A,N/A,N/A,N/A,N/A,N/A,N/A,N/A,N/A,N/A,N/A,N/A,,,0
1759293244,any,92,N/A,IPv6,ICMP,N/A,v6,fe80::24f1:23ff:fe29:66,ff02::179,N/A,N/A,N/A,N/A,N/A,N/A,,,1
1759293244,eth0,90,Ethernet,IPv6,ICMP,N/A,v6,fe80::24f1:23ff:fe29:66,ff02::179,N/A,N/A,N/A,N/A,N/A,N/A,,,1
1759293244,eth0,54,Ethernet,IPv4,N/A,N/A,v4,172.30.0.23,224.0.0.22,N/A,N/A,N/A,N/A,N/A,N/A,,,1
1759293244,any,69,N/A,IPv4,UDP,N/A,v4,172.30.0.23,224.0.0.252,5355,5355,N/A,N/A,N/A,N/A,,,1
1759293244,eth0,67,Ethernet,IPv4,UDP,N/A,v4,172.30.0.23,224.0.0.252,5355,5355,N/A,N/A,N/A,N/A,,,1
1759293244,eth0,356,Ethernet,IPv4,UDP,N/A,v4,0.0.0.0,255.255.255.255,68,67,N/A,N/A,N/A,N/A,,,1
1759293244,any,358,N/A,IPv4,UDP,N/A,v4,0.0.0.0,255.255.255.255,68,67,N/A,N/A,N/A,N/A,,,1
1759293244,eth0,368,Ethernet,IPv4,UDP,N/A,v4,0.0.0.0,255.255.255.255,68,67,N/A,N/A,N/A,N/A,,,1
1759293244,any,370,N/A,IPv4,UDP,N/A,v4,0.0.0.0,255.255.255.255,68,67,N/A,N/A,N/A,N/A,,,1
1759293244,any,112,N/A,IPv6,ICMP,N/A,v6,fe80::7827:e3ff:fe68:239,ff02::179,N/A,N/A,N/A,N/A,N/A,N/A,,,1
1759293244,eth1,110,Ethernet,IPv6,ICMP,N/A,v6,fe80::7827:e3ff:fe68:239,ff02::179,N/A,N/A,N/A,N/A,N/A,N/A,,,1
1759293244,any,112,N/A,IPv6,ICMP,N/A,v6,fe80::24f1:23ff:fe29:66,ff02::179,N/A,N/A,N/A,N/A,N/A,N/A,,,1
1759293244,eth0,110,Ethernet,IPv6,ICMP,N/A,v6,fe80::24f1:23ff:fe29:66,ff02::179,N/A,N/A,N/A,N/A,N/A,N/A,,,1
1759293244,eth0,54,Ethernet,IPv4,N/A,N/A,v4,172.30.0.23,224.0.0.22,N/A,N/A,N/A,N/A,N/A,N/A,,,1
1759293244,eth0,111,Ethernet,N/A,N/A,N/A,N/A,N/A,N/A,N/A,N/A,N/A,N/A,N/A,N/A,,,1
1759293244,any,113,N/A,N/A,N/A,N/A,N/A,N/A,N/A,N/A,N/A,N/A,N/A,N/A,N/A,,,1
1759293244,any,56,N/A,IPv4,N/A,N/A,v4,172.30.0.23,224.0.0.22,N/A,N/A,N/A,N/A,N/A,N/A,,,1
1759293244,eth0,54,Ethernet,IPv4,N/A,N/A,v4,172.30.0.23,224.0.0.22,N/A,N/A,N/A,N/A,N/A,N/A,,,1
1759293245,eth0,107,Ethernet,N/A,N/A,N/A,N/A,N/A,N/A,N/A,N/A,N/A,N/A,N/A,N/A,,,0
1759293245,any,109,N/A,N/A,N/A,N/A,N/A,N/A,N/A,N/A,N/A,N/A,N/A,N/A,N/A,,,0
1759293245,eth1,70,Ethernet,IPv6,ICMP,N/A,v6,fe80::a824:52ff:fe4f:69,ff02::204,N/A,N/A,N/A,N/A,N/A,N/A,,,0
1759293245,any,72,N/A,IPv6,ICMP,N/A,v6,fe80::a824:52ff:fe4f:69,ff02::204,N/A,N/A,N/A,N/A,N/A,N/A,,,0
1759293245,eth0,70,Ethernet,IPv6,ICMP,N/A,v6,fe80::5ca9:83ff:fe87:27,ff02::204,N/A,N/A,N/A,N/A,N/A,N/A,,,0
1759293245,any,72,N/A,IPv6,ICMP,N/A,v6,fe80::5ca9:83ff:fe87:27,ff02::204,N/A,N/A,N/A,N/A,N/A,N/A,,,0
1759293245,eth0,90,Ethernet,IPv6,ICMP,N/A,v6,fe80::5ca9:83ff:fe87:27,ff02::179,N/A,N/A,N/A,N/A,N/A,N/A,,,0
1759293245,eth0,110,Ethernet,IPv6,ICMP,N/A,v6,fe80::b0b5:44ff:feea:219,ff02::179,N/A,N/A,N/A,N/A,N/A,N/A,,,1
1759293245,any,112,N/A,IPv6,ICMP,N/A,v6,fe80::b0b5:44ff:feea:219,ff02::179,N/A,N/A,N/A,N/A,N/A,N/A,,,1
1759293245,any,72,N/A,IPv6,ICMP,N/A,v6,fe80::24f1:23ff:fe29:66,ff02::204,N/A,N/A,N/A,N/A,N/A,N/A,,,1
1759293245,eth0,70,Ethernet,IPv6,ICMP,N/A,v6,fe80::24f1:23ff:fe29:66,ff02::204,N/A,N/A,N/A,N/A,N/A,N/A,,,1
1759293245,eth1,70,Ethernet,IPv6,ICMP,N/A,v6,fe80::7827:e3ff:fe68:239,ff02::204,N/A,N/A,N/A,N/A,N/A,N/A,,,1
1759293245,eth0,42,Ethernet,N/A,N/A,N/A,N/A,N/A,N/A,N/A,N/A,N/A,N/A,N/A,N/A,,,1
1759293245,any,44,ARP,N/A,N/A,N/A,N/A,N/A,N/A,N/A,N/A,1,2048,172.30.0.23,172.30.0.122,,,1
1759293245,any,72,N/A,IPv6,ICMP,N/A,v6,fe80::7827:e3ff:fe68:239,ff02::204,N/A,N/A,N/A,N/A,N/A,N/A,,,1
1759293245,any,112,N/A,IPv6,ICMP,N/A,v6,fe80::7827:e3ff:fe68:239,ff02::179,N/A,N/A,N/A,N/A,N/A,N/A,,,1
1759293245,eth1,110,Ethernet,IPv6,ICMP,N/A,v6,fe80::7827:e3ff:fe68:239,ff02::179,N/A,N/A,N/A,N/A,N/A,N/A,,,1
1759293245,eth0,70,Ethernet,IPv6,ICMP,N/A,v6,fe80::b0b5:44ff:feea:219,ff02::204,N/A,N/A,N/A,N/A,N/A,N/A,,,1
1759293245,any,72,N/A,IPv6,ICMP,N/A,v6,fe80::b0b5:44ff:feea:219,ff02::204,N/A,N/A,N/A,N/A,N/A,N/A,,,1
1759293245,any,72,N/A,IPv6,ICMP,N/A,v6,fe80::780a:a9ff:fee6:89,ff02::204,N/A,N/A,N/A,N/A,N/A,N/A,,,1
1759293245,eth1,70,Ethernet,IPv6,ICMP,N/A,v6,fe80::780a:a9ff:fee6:89,ff02::204,N/A,N/A,N/A,N/A,N/A,N/A,,,1
1759293245,eth0,110,Ethernet,IPv6,ICMP,N/A,v6,fe80::24f1:23ff:fe29:66,ff02::179,N/A,N/A,N/A,N/A,N/A,N/A,,,1
1759293245,any,112,N/A,IPv6,ICMP,N/A,v6,fe80::24f1:23ff:fe29:66,ff02::179,N/A,N/A,N/A,N/A,N/A,N/A,,,1
1759293245,eth0,111,Ethernet,N/A,N/A,N/A,N/A,N/A,N/A,N/A,N/A,N/A,N/A,N/A,N/A,,,1
1759293245,any,113,N/A,N/A,N/A,N/A,N/A,N/A,N/A,N/A,N/A,N/A,N/A,N/A,N/A,,,1
1759293245,eth0,90,Ethernet,IPv6,ICMP,N/A,v6,fe80::e48e:99ff:fe5f:147,ff02::179,N/A,N/A,N/A,N/A,N/A,N/A,,,1
1759293245,eth0,54,Ethernet,IPv4,N/A,N/A,v4,172.30.0.220,224.0.0.22,N/A,N/A,N/A,N/A,N/A,N/A,,,1
1759293245,any,92,N/A,IPv6,ICMP,N/A,v6,fe80::e48e:99ff:fe5f:147,ff02::179,N/A,N/A,N/A,N/A,N/A,N/A,,,1
1759293245,eth0,91,Ethernet,IPv6,UDP,N/A,v6,fe80::e48e:99ff:fe5f:147,ff02::1:52,5355,5355,N/A,N/A,N/A,N/A,,,1
1759293245,any,93,N/A,IPv6,UDP,N/A,v6,fe80::e48e:99ff:fe5f:147,ff02::1:52,5355,5355,N/A,N/A,N/A,N/A,,,1
1759293245,eth2,110,Ethernet,IPv6,ICMP,N/A,v6,fe80::dcac:f9ff:fe59:60,ff02::179,N/A,N/A,N/A,N/A,N/A,N/A,,,1
1759293245,any,112,N/A,IPv6,ICMP,N/A,v6,fe80::dcac:f9ff:fe59:60,ff02::179,N/A,N/A,N/A,N/A,N/A,N/A,,,1
1759293245,eth0,71,Ethernet,IPv4,UDP,N/A,v4,172.30.0.220,224.0.0.252,5355,5355,N/A,N/A,N/A,N/A,,,1
1759293245,any,73,N/A,IPv4,UDP,N/A,v4,172.30.0.220,224.0.0.252,5355,5355,N/A,N/A,N/A,N/A,,,1
1759293245,eth1,110,Ethernet,IPv6,ICMP,N/A,v6,fe80::f056:abff:fe65:143,ff02::179,N/A,N/A,N/A,N/A,N/A,N/A,,,1
1759293245,any,112,N/A,IPv6,ICMP,N/A,v6,fe80::f056:abff:fe65:143,ff02::179,N/A,N/A,N/A,N/A,N/A,N/A,,,1
1759293245,eth0,360,Ethernet,IPv4,UDP,N/A,v4,0.0.0.0,255.255.255.255,68,67,N/A,N/A,N/A,N/A,,,1
1759293245,any,362,N/A,IPv4,UDP,N/A,v4,0.0.0.0,255.255.255.255,68,67,N/A,N/A,N/A,N/A,,,1
1759293245,eth0,372,Ethernet,IPv4,UDP,N/A,v4,0.0.0.0,255.255.255.255,68,67,N/A,N/A,N/A,N/A,,,1
1759293245,eth0,54,Ethernet,IPv4,N/A,N/A,v4,172.30.0.220,224.0.0.22,N/A,N/A,N/A,N/A,N/A,N/A,,,0
1759293245,any,92,N/A,IPv6,ICMP,N/A,v6,fe80::5ca9:83ff:fe87:27,ff02::179,N/A,N/A,N/A,N/A,N/A,N/A,,,0
1759293245,eth0,67,Ethernet,IPv4,UDP,N/A,v4,172.30.0.220,224.0.0.252,5355,5355,N/A,N/A,N/A,N/A,,,0
1759293245,any,69,N/A,IPv4,UDP,N/A,v4,172.30.0.220,224.0.0.252,5355,5355,N/A,N/A,N/A,N/A,,,0
1759293245,eth0,356,Ethernet,IPv4,UDP,N/A,v4,0.0.0.0,255.255.255.255,68,67,N/A,N/A,N/A,N/A,,,0
1759293245,any,358,N/A,IPv4,UDP,N/A,v4,0.0.0.0,255.255.255.255,68,67,N/A,N/A,N/A,N/A,,,0
1759293245,eth0,368,Ethernet,IPv4,UDP,N/A,v4,0.0.0.0,255.255.255.255,68,67,N/A,N/A,N/A,N/A,,,0
1759293245,any,370,N/A,IPv4,UDP,N/A,v4,0.0.0.0,255.255.255.255,68,67,N/A,N/A,N/A,N/A,,,0
1759293245,eth1,110,Ethernet,IPv6,ICMP,N/A,v6,fe80::a824:52ff:fe4f:69,ff02::179,N/A,N/A,N/A,N/A,N/A,N/A,,,0
1759293245,any,112,N/A,IPv6,ICMP,N/A,v6,fe80::a824:52ff:fe4f:69,ff02::179,N/A,N/A,N/A,N/A,N/A,N/A,,,0
1759293245,eth0,110,Ethernet,IPv6,ICMP,N/A,v6,fe80::5ca9:83ff:fe87:27,ff02::179,N/A,N/A,N/A,N/A,N/A,N/A,,,0
1759293245,eth0,54,Ethernet,IPv4,N/A,N/A,v4,172.30.0.220,224.0.0.22,N/A,N/A,N/A,N/A,N/A,N/A,,,0
1759293245,eth0,42,Ethernet,N/A,N/A,N/A,N/A,N/A,N/A,N/A,N/A,N/A,N/A,N/A,N/A,,,0
1759293245,any,112,N/A,IPv6,ICMP,N/A,v6,fe80::5ca9:83ff:fe87:27,ff02::179,N/A,N/A,N/A,N/A,N/A,N/A,,,0
1759293245,eth0,56,Ethernet,N/A,N/A,N/A,N/A,N/A,N/A,N/A,N/A,N/A,N/A,N/A,N/A,,,0
1759293245,eth0,56,Ethernet,N/A,N/A,N/A,N/A,N/A,N/A,N/A,N/A,N/A,N/A,N/A,N/A,,,0
1759293245,any,58,ARP,N/A,N/A,N/A,N/A,N/A,N/A,N/A,N/A,2,2048,172.30.0.122,172.30.0.220,,,0
1759293245,any,58,ARP,N/A,N/A,N/A,N/A,N/A,N/A,N/A,N/A,2,2048,172.30.0.122,172.30.0.220,,,0
1759293245,any,374,N/A,IPv4,UDP,N/A,v4,0.0.0.0,255.255.255.255,68,67,N/A,N/A,N/A,N/A,,,1
1759293245,eth1,110,Ethernet,IPv6,ICMP,N/A,v6,fe80::f056:abff:fe65:143,ff02::179,N/A,N/A,N/A,N/A,N/A,N/A,,,1
1759293246,any,56,N/A,IPv4,N/A,N/A,v4,172.30.0.220,224.0.0.22,N/A,N/A,N/A,N/A,N/A,N/A,,,0
1759293246,eth0,54,Ethernet,IPv4,N/A,N/A,v4,172.30.0.220,224.0.0.22,N/A,N/A,N/A,N/A,N/A,N/A,,,0
1759293246,eth0,110,Ethernet,IPv6,ICMP,N/A,v6,fe80::5ca9:83ff:fe87:27,ff02::179,N/A,N/A,N/A,N/A,N/A,N/A,,,0
1759293246,any,112,N/A,IPv6,ICMP,N/A,v6,fe80::5ca9:83ff:fe87:27,ff02::179,N/A,N/A,N/A,N/A,N/A,N/A,,,0
1759293246,any,72,N/A,IPv6,ICMP,N/A,v6,fe80::a824:52ff:fe4f:69,ff02::204,N/A,N/A,N/A,N/A,N/A,N/A,,,0
1759293246,eth1,70,Ethernet,IPv6,ICMP,N/A,v6,fe80::a824:52ff:fe4f:69,ff02::204,N/A,N/A,N/A,N/A,N/A,N/A,,,0
1759293246,eth0,70,Ethernet,IPv6,ICMP,N/A,v6,fe80::5ca9:83ff:fe87:27,ff02::204,N/A,N/A,N/A,N/A,N/A,N/A,,,0
1759293246,eth0,110,Ethernet,IPv6,ICMP,N/A,v6,fe80::e48e:99ff:fe5f:147,ff02::179,N/A,N/A,N/A,N/A,N/A,N/A,,,1
1759293246,eth0,54,Ethernet,IPv4,N/A,N/A,v4,172.30.0.220,224.0.0.22,N/A,N/A,N/A,N/A,N/A,N/A,,,1
1759293246,eth0,42,Ethernet,N/A,N/A,N/A,N/A,N/A,N/A,N/A,N/A,N/A,N/A,N/A,N/A,,,1
1759293246,eth0,56,Ethernet,N/A,N/A,N/A,N/A,N/A,N/A,N/A,N/A,N/A,N/A,N/A,N/A,,,1
1759293246,eth0,56,Ethernet,N/A,N/A,N/A,N/A,N/A,N/A,N/A,N/A,N/A,N/A,N/A,N/A,,,1
1759293246,any,112,N/A,IPv6,ICMP,N/A,v6,fe80::e48e:99ff:fe5f:147,ff02::179,N/A,N/A,N/A,N/A,N/A,N/A,,,1
1759293246,any,44,ARP,N/A,N/A,N/A,N/A,N/A,N/A,N/A,N/A,1,2048,172.30.0.220,172.30.0.122,,,1
1759293246,any,58,ARP,N/A,N/A,N/A,N/A,N/A,N/A,N/A,N/A,2,2048,172.30.0.122,172.30.0.220,,,1
1759293246,any,112,N/A,IPv6,ICMP,N/A,v6,fe80::f056:abff:fe65:143,ff02::179,N/A,N/A,N/A,N/A,N/A,N/A,,,1
1759293246,any,112,N/A,IPv6,ICMP,N/A,v6,fe80::dcac:f9ff:fe59:60,ff02::179,N/A,N/A,N/A,N/A,N/A,N/A,,,1
1759293246,eth2,110,Ethernet,IPv6,ICMP,N/A,v6,fe80::dcac:f9ff:fe59:60,ff02::179,N/A,N/A,N/A,N/A,N/A,N/A,,,1
1759293246,any,56,N/A,IPv4,N/A,N/A,v4,172.30.0.220,224.0.0.22,N/A,N/A,N/A,N/A,N/A,N/A,,,1
1759293246,eth0,54,Ethernet,IPv4,N/A,N/A,v4,172.30.0.220,224.0.0.22,N/A,N/A,N/A,N/A,N/A,N/A,,,1
1759293246,eth0,70,Ethernet,IPv6,ICMP,N/A,v6,fe80::e48e:99ff:fe5f:147,ff02::204,N/A,N/A,N/A,N/A,N/A,N/A,,,1
1759293246,eth1,70,Ethernet,IPv6,ICMP,N/A,v6,fe80::f056:abff:fe65:143,ff02::204,N/A,N/A,N/A,N/A,N/A,N/A,,,1
1759293246,eth2,70,Ethernet,IPv6,ICMP,N/A,v6,fe80::dcac:f9ff:fe59:60,ff02::204,N/A,N/A,N/A,N/A,N/A,N/A,,,1
1759293246,any,72,N/A,IPv6,ICMP,N/A,v6,fe80::dcac:f9ff:fe59:60,ff02::204,N/A,N/A,N/A,N/A,N/A,N/A,,,1
1759293246,eth0,70,Ethernet,IPv6,ICMP,N/A,v6,fe80::ecf9:eff:fefb:55,ff02::204,N/A,N/A,N/A,N/A,N/A,N/A,,,1
1759293246,any,72,N/A,IPv6,ICMP,N/A,v6,fe80::ecf9:eff:fefb:55,ff02::204,N/A,N/A,N/A,N/A,N/A,N/A,,,1
1759293246,any,72,N/A,IPv6,ICMP,N/A,v6,fe80::103b:bdff:fef0:169,ff02::204,N/A,N/A,N/A,N/A,N/A,N/A,,,1
1759293246,eth1,70,Ethernet,IPv6,ICMP,N/A,v6,fe80::103b:bdff:fef0:169,ff02::204,N/A,N/A,N/A,N/A,N/A,N/A,,,1
1759293246,eth0,90,Ethernet,IPv6,ICMP,N/A,v6,fe80::ecf9:eff:fefb:55,ff02::179,N/A,N/A,N/A,N/A,N/A,N/A,,,1
1759293246,eth0,56,Ethernet,IPv4,N/A,N/A,v4,172.30.0.89,224.0.0.22,N/A,N/A,N/A,N/A,N/A,N/A,,,1
1759293246,any,92,N/A,IPv6,ICMP,N/A,v6,fe80::ecf9:eff:fefb:55,ff02::179,N/A,N/A,N/A,N/A,N/A,N/A,,,1
1759293246,eth0,110,Ethernet,IPv6,ICMP,N/A,v6,fe80::e48e:99ff:fe5f:147,ff02::179,N/A,N/A,N/A,N/A,N/A,N/A,,,1
1759293246,any,112,N/A,IPv6,ICMP,N/A,v6,fe80::e48e:99ff:fe5f:147,ff02::179,N/A,N/A,N/A,N/A,N/A,N/A,,,1
1759293246,eth0,356,Ethernet,IPv4,UDP,N/A,v4,0.0.0.0,255.255.255.255,68,67,N/A,N/A,N/A,N/A,,,1
1759293246,any,358,N/A,IPv4,UDP,N/A,v4,0.0.0.0,255.255.255.255,68,67,N/A,N/A,N/A,N/A,,,1
1759293246,eth0,368,Ethernet,IPv4,UDP,N/A,v4,0.0.0.0,255.255.255.255,68,67,N/A,N/A,N/A,N/A,,,1
1759293246,any,370,N/A,IPv4,UDP,N/A,v4,0.0.0.0,255.255.255.255,68,67,N/A,N/A,N/A,N/A,,,1
1759293246,eth0,111,Ethernet,N/A,N/A,N/A,N/A,N/A,N/A,N/A,N/A,N/A,N/A,N/A,N/A,,,1
1759293246,any,113,N/A,N/A,N/A,N/A,N/A,N/A,N/A,N/A,N/A,N/A,N/A,N/A,N/A,,,1
1759293246,eth1,110,Ethernet,IPv6,ICMP,N/A,v6,fe80::103b:bdff:fef0:169,ff02::179,N/A,N/A,N/A,N/A,N/A,N/A,,,1
1759293246,any,112,N/A,IPv6,ICMP,N/A,v6,fe80::103b:bdff:fef0:169,ff02::179,N/A,N/A,N/A,N/A,N/A,N/A,,,1
1759293246,eth0,110,Ethernet,IPv6,ICMP,N/A,v6,fe80::ecf9:eff:fefb:55,ff02::179,N/A,N/A,N/A,N/A,N/A,N/A,,,1
1759293246,eth0,56,Ethernet,IPv4,N/A,N/A,v4,172.30.0.89,224.0.0.22,N/A,N/A,N/A,N/A,N/A,N/A,,,1
1759293246,any,112,N/A,IPv6,ICMP,N/A,v6,fe80::ecf9:eff:fefb:55,ff02::179,N/A,N/A,N/A,N/A,N/A,N/A,,,1
1759293246,any,58,ARP,N/A,N/A,N/A,N/A,N/A,N/A,N/A,N/A,1,2048,172.30.0.89,172.30.0.122,,,1
1759293246,eth0,56,Ethernet,N/A,N/A,N/A,N/A,N/A,N/A,N/A,N/A,N/A,N/A,N/A,N/A,,,1
1759293246,eth1,110,Ethernet,IPv6,ICMP,N/A,v6,fe80::a824:52ff:fe4f:69,ff02::179,N/A,N/A,N/A,N/A,N/A,N/A,,,0
1759293246,any,112,N/A,IPv6,ICMP,N/A,v6,fe80::a824:52ff:fe4f:69,ff02::179,N/A,N/A,N/A,N/A,N/A,N/A,,,0
1759293246,any,109,N/A,N/A,N/A,N/A,N/A,N/A,N/A,N/A,N/A,N/A,N/A,N/A,N/A,,,0
1759293246,eth0,107,Ethernet,N/A,N/A,N/A,N/A,N/A,N/A,N/A,N/A,N/A,N/A,N/A,N/A,,,0
1759293247,eth0,70,Ethernet,IPv6,ICMP,N/A,v6,fe80::ecf9:eff:fefb:55,ff02::204,N/A,N/A,N/A,N/A,N/A,N/A,,,1
1759293247,any,72,N/A,IPv6,ICMP,N/A,v6,fe80::ecf9:eff:fefb:55,ff02::204,N/A,N/A,N/A,N/A,N/A,N/A,,,1
1759293247,eth1,70,Ethernet,IPv6,ICMP,N/A,v6,fe80::103b:bdff:fef0:169,ff02::204,N/A,N/A,N/A,N/A,N/A,N/A,,,1
1759293247,any,112,N/A,IPv6,ICMP,N/A,v6,fe80::103b:bdff:fef0:169,ff02::179,N/A,N/A,N/A,N/A,N/A,N/A,,,1
1759293247,eth1,110,Ethernet,IPv6,ICMP,N/A,v6,fe80::103b:bdff:fef0:169,ff02::179,N/A,N/A,N/A,N/A,N/A,N/A,,,1
1759293247,any,112,N/A,IPv6,ICMP,N/A,v6,fe80::ecf9:eff:fefb:55,ff02::179,N/A,N/A,N/A,N/A,N/A,N/A,,,1
1759293247,eth0,110,Ethernet,IPv6,ICMP,N/A,v6,fe80::ecf9:eff:fefb:55,ff02::179,N/A,N/A,N/A,N/A,N/A,N/A,,,1
1759293247,any,58,N/A,IPv4,N/A,N/A,v4,172.30.0.89,224.0.0.22,N/A,N/A,N/A,N/A,N/A,N/A,,,1
1759293247,eth0,56,Ethernet,IPv4,N/A,N/A,v4,172.30.0.89,224.0.0.22,N/A,N/A,N/A,N/A,N/A,N/A,,,1
1759293247,any,109,N/A,N/A,N/A,N/A,N/A,N/A,N/A,N/A,N/A,N/A,N/A,N/A,N/A,,,0
1759293247,eth0,107,Ethernet,N/A,N/A,N/A,N/A,N/A,N/A,N/A,N/A,N/A,N/A,N/A,N/A,,,0
1759293247,any,113,N/A,N/A,N/A,N/A,N/A,N/A,N/A,N/A,N/A,N/A,N/A,N/A,N/A,,,1
1759293247,eth0,111,Ethernet,N/A,N/A,N/A,N/A,N/A,N/A,N/A,N/A,N/A,N/A,N/A,N/A,,,1
1759293248,any,72,N/A,IPv6,ICMP,N/A,v6,fe80::7827:e3ff:fe68:239,ff02::204,N/A,N/A,N/A,N/A,N/A,N/A,,,1
1759293248,eth1,70,Ethernet,IPv6,ICMP,N/A,v6,fe80::7827:e3ff:fe68:239,ff02::204,N/A,N/A,N/A,N/A,N/A,N/A,,,1
1759293249,any,109,N/A,N/A,N/A,N/A,N/A,N/A,N/A,N/A,N/A,N/A,N/A,N/A,N/A,,,0
1759293249,eth0,107,Ethernet,N/A,N/A,N/A,N/A,N/A,N/A,N/A,N/A,N/A,N/A,N/A,N/A,,,0
1759293249,eth0,90,Ethernet,IPv6,ICMP,N/A,v6,fe80::5ca9:83ff:fe87:27,ff02::179,N/A,N/A,N/A,N/A,N/A,N/A,,,0
1759293249,eth0,54,Ethernet,IPv4,N/A,N/A,v4,172.30.0.220,224.0.0.22,N/A,N/A,N/A,N/A,N/A,N/A,,,0
1759293249,any,92,N/A,IPv6,ICMP,N/A,v6,fe80::5ca9:83ff:fe87:27,ff02::179,N/A,N/A,N/A,N/A,N/A,N/A,,,0
1759293249,eth0,67,Ethernet,IPv4,UDP,N/A,v4,172.30.0.220,224.0.0.252,5355,5355,N/A,N/A,N/A,N/A,,,0
1759293249,any,69,N/A,IPv4,UDP,N/A,v4,172.30.0.220,224.0.0.252,5355,5355,N/A,N/A,N/A,N/A,,,0
1759293249,eth0,356,Ethernet,IPv4,UDP,N/A,v4,0.0.0.0,255.255.255.255,68,67,N/A,N/A,N/A,N/A,,,0
1759293249,any,358,N/A,IPv4,UDP,N/A,v4,0.0.0.0,255.255.255.255,68,67,N/A,N/A,N/A,N/A,,,0
1759293249,eth0,368,Ethernet,IPv4,UDP,N/A,v4,0.0.0.0,255.255.255.255,68,67,N/A,N/A,N/A,N/A,,,0
1759293249,any,370,N/A,IPv4,UDP,N/A,v4,0.0.0.0,255.255.255.255,68,67,N/A,N/A,N/A,N/A,,,0
1759293249,eth1,110,Ethernet,IPv6,ICMP,N/A,v6,fe80::a824:52ff:fe4f:69,ff02::179,N/A,N/A,N/A,N/A,N/A,N/A,,,0
1759293249,any,56,N/A,IPv4,N/A,N/A,v4,172.30.0.220,224.0.0.22,N/A,N/A,N/A,N/A,N/A,N/A,,,0
1759293249,eth0,54,Ethernet,IPv4,N/A,N/A,v4,172.30.0.220,224.0.0.22,N/A,N/A,N/A,N/A,N/A,N/A,,,0
1759293249,any,112,N/A,IPv6,ICMP,N/A,v6,fe80::5ca9:83ff:fe87:27,ff02::179,N/A,N/A,N/A,N/A,N/A,N/A,,,0
1759293249,eth0,110,Ethernet,IPv6,ICMP,N/A,v6,fe80::5ca9:83ff:fe87:27,ff02::179,N/A,N/A,N/A,N/A,N/A,N/A,,,0
1759293249,eth0,42,Ethernet,N/A,N/A,N/A,N/A,N/A,N/A,N/A,N/A,N/A,N/A,N/A,N/A,,,0
1759293249,any,44,ARP,N/A,N/A,N/A,N/A,N/A,N/A,N/A,N/A,1,2048,172.30.0.220,172.30.0.122,,,0
1759293249,any,58,ARP,N/A,N/A,N/A,N/A,N/A,N/A,N/A,N/A,2,2048,172.30.0.122,172.30.0.220,,,0
1759293249,any,92,N/A,IPv6,ICMP,N/A,v6,fe80::b0b5:44ff:feea:219,ff02::179,N/A,N/A,N/A,N/A,N/A,N/A,,,1
1759293249,eth0,90,Ethernet,IPv6,ICMP,N/A,v6,fe80::b0b5:44ff:feea:219,ff02::179,N/A,N/A,N/A,N/A,N/A,N/A,,,1
1759293249,eth0,54,Ethernet,IPv4,N/A,N/A,v4,172.30.0.163,224.0.0.22,N/A,N/A,N/A,N/A,N/A,N/A,,,1
1759293249,eth0,111,Ethernet,N/A,N/A,N/A,N/A,N/A,N/A,N/A,N/A,N/A,N/A,N/A,N/A,,,1
1759293249,any,113,N/A,N/A,N/A,N/A,N/A,N/A,N/A,N/A,N/A,N/A,N/A,N/A,N/A,,,1
1759293249,any,70,N/A,IPv4,UDP,N/A,v4,172.30.0.163,224.0.0.252,5355,5355,N/A,N/A,N/A,N/A,,,1
1759293249,eth0,68,Ethernet,IPv4,UDP,N/A,v4,172.30.0.163,224.0.0.252,5355,5355,N/A,N/A,N/A,N/A,,,1
1759293249,eth0,88,Ethernet,IPv6,UDP,N/A,v6,fe80::b0b5:44ff:feea:219,ff02::1:52,5355,5355,N/A,N/A,N/A,N/A,,,1
1759293249,eth0,357,Ethernet,IPv4,UDP,N/A,v4,0.0.0.0,255.255.255.255,68,67,N/A,N/A,N/A,N/A,,,1
1759293249,any,359,N/A,IPv4,UDP,N/A,v4,0.0.0.0,255.255.255.255,68,67,N/A,N/A,N/A,N/A,,,1
1759293249,any,112,N/A,IPv6,ICMP,N/A,v6,fe80::780a:a9ff:fee6:89,ff02::179,N/A,N/A,N/A,N/A,N/A,N/A,,,1
1759293249,eth1,110,Ethernet,IPv6,ICMP,N/A,v6,fe80::780a:a9ff:fee6:89,ff02::179,N/A,N/A,N/A,N/A,N/A,N/A,,,1
1759293249,any,371,N/A,IPv4,UDP,N/A,v4,0.0.0.0,255.255.255.255,68,67,N/A,N/A,N/A,N/A,,,1
1759293249,eth0,369,Ethernet,IPv4,UDP,N/A,v4,0.0.0.0,255.255.255.255,68,67,N/A,N/A,N/A,N/A,,,1
1759293249,eth0,110,Ethernet,IPv6,ICMP,N/A,v6,fe80::b0b5:44ff:feea:219,ff02::179,N/A,N/A,N/A,N/A,N/A,N/A,,,1
1759293249,eth0,54,Ethernet,IPv4,N/A,N/A,v4,172.30.0.163,224.0.0.22,N/A,N/A,N/A,N/A,N/A,N/A,,,1
1759293249,any,112,N/A,IPv6,ICMP,N/A,v6,fe80::b0b5:44ff:feea:219,ff02::179,N/A,N/A,N/A,N/A,N/A,N/A,,,1
1759293249,eth0,42,Ethernet,N/A,N/A,N/A,N/A,N/A,N/A,N/A,N/A,N/A,N/A,N/A,N/A,,,1
1759293249,any,44,ARP,N/A,N/A,N/A,N/A,N/A,N/A,N/A,N/A,1,2048,172.30.0.163,172.30.0.122,,,1
1759293249,any,112,N/A,IPv6,ICMP,N/A,v6,fe80::780a:a9ff:fee6:89,ff02::179,N/A,N/A,N/A,N/A,N/A,N/A,,,1
1759293249,eth1,110,Ethernet,IPv6,ICMP,N/A,v6,fe80::780a:a9ff:fee6:89,ff02::179,N/A,N/A,N/A,N/A,N/A,N/A,,,1
1759293249,eth0,70,Ethernet,IPv6,ICMP,N/A,v6,fe80::24f1:23ff:fe29:66,ff02::204,N/A,N/A,N/A,N/A,N/A,N/A,,,1
1759293249,any,72,N/A,IPv6,ICMP,N/A,v6,fe80::24f1:23ff:fe29:66,ff02::204,N/A,N/A,N/A,N/A,N/A,N/A,,,1
1759293249,any,92,N/A,IPv6,ICMP,N/A,v6,fe80::24f1:23ff:fe29:66,ff02::179,N/A,N/A,N/A,N/A,N/A,N/A,,,1
1759293249,eth0,90,Ethernet,IPv6,ICMP,N/A,v6,fe80::24f1:23ff:fe29:66,ff02::179,N/A,N/A,N/A,N/A,N/A,N/A,,,1
1759293249,eth0,54,Ethernet,IPv4,N/A,N/A,v4,172.30.0.23,224.0.0.22,N/A,N/A,N/A,N/A,N/A,N/A,,,1
1759293249,eth0,356,Ethernet,IPv4,UDP,N/A,v4,0.0.0.0,255.255.255.255,68,67,N/A,N/A,N/A,N/A,,,1
1759293249,any,358,N/A,IPv4,UDP,N/A,v4,0.0.0.0,255.255.255.255,68,67,N/A,N/A,N/A,N/A,,,1
1759293249,any,370,N/A,IPv4,UDP,N/A,v4,0.0.0.0,255.255.255.255,68,67,N/A,N/A,N/A,N/A,,,1
1759293249,eth0,368,Ethernet,IPv4,UDP,N/A,v4,0.0.0.0,255.255.255.255,68,67,N/A,N/A,N/A,N/A,,,1
1759293249,any,112,N/A,IPv6,ICMP,N/A,v6,fe80::7827:e3ff:fe68:239,ff02::179,N/A,N/A,N/A,N/A,N/A,N/A,,,1
1759293249,eth1,110,Ethernet,IPv6,ICMP,N/A,v6,fe80::7827:e3ff:fe68:239,ff02::179,N/A,N/A,N/A,N/A,N/A,N/A,,,1
1759293249,any,56,N/A,IPv4,N/A,N/A,v4,172.30.0.23,224.0.0.22,N/A,N/A,N/A,N/A,N/A,N/A,,,1
1759293249,eth0,54,Ethernet,IPv4,N/A,N/A,v4,172.30.0.23,224.0.0.22,N/A,N/A,N/A,N/A,N/A,N/A,,,1
1759293249,eth0,110,Ethernet,IPv6,ICMP,N/A,v6,fe80::24f1:23ff:fe29:66,ff02::179,N/A,N/A,N/A,N/A,N/A,N/A,,,1
1759293249,any,112,N/A,IPv6,ICMP,N/A,v6,fe80::24f1:23ff:fe29:66,ff02::179,N/A,N/A,N/A,N/A,N/A,N/A,,,1
1759293249,any,44,ARP,N/A,N/A,N/A,N/A,N/A,N/A,N/A,N/A,1,2048,172.30.0.23,172.30.0.122,,,1
1759293249,eth0,42,Ethernet,N/A,N/A,N/A,N/A,N/A,N/A,N/A,N/A,N/A,N/A,N/A,N/A,,,1
1759293249,any,112,N/A,IPv6,ICMP,N/A,v6,fe80::7827:e3ff:fe68:239,ff02::179,N/A,N/A,N/A,N/A,N/A,N/A,,,1
1759293249,eth1,110,Ethernet,IPv6,ICMP,N/A,v6,fe80::7827:e3ff:fe68:239,ff02::179,N/A,N/A,N/A,N/A,N/A,N/A,,,1
1759293249,eth0,54,Ethernet,IPv4,N/A,N/A,v4,172.30.0.23,224.0.0.22,N/A,N/A,N/A,N/A,N/A,N/A,,,1
1759293249,any,56,N/A,IPv4,N/A,N/A,v4,172.30.0.23,224.0.0.22,N/A,N/A,N/A,N/A,N/A,N/A,,,1
1759293249,eth0,90,Ethernet,IPv6,ICMP,N/A,v6,fe80::e48e:99ff:fe5f:147,ff02::179,N/A,N/A,N/A,N/A,N/A,N/A,,,1
1759293249,eth0,54,Ethernet,IPv4,N/A,N/A,v4,172.30.0.220,224.0.0.22,N/A,N/A,N/A,N/A,N/A,N/A,,,1
1759293249,any,92,N/A,IPv6,ICMP,N/A,v6,fe80::e48e:99ff:fe5f:147,ff02::179,N/A,N/A,N/A,N/A,N/A,N/A,,,1
1759293249,eth0,71,Ethernet,IPv4,UDP,N/A,v4,172.30.0.220,224.0.0.252,5355,5355,N/A,N/A,N/A,N/A,,,1
1759293249,any,73,N/A,IPv4,UDP,N/A,v4,172.30.0.220,224.0.0.252,5355,5355,N/A,N/A,N/A,N/A,,,1
1759293249,any,58,ARP,N/A,N/A,N/A,N/A,N/A,N/A,N/A,N/A,2,2048,172.30.0.122,172.30.0.220,,,0
1759293249,eth0,56,Ethernet,N/A,N/A,N/A,N/A,N/A,N/A,N/A,N/A,N/A,N/A,N/A,N/A,,,0
1759293249,eth0,56,Ethernet,N/A,N/A,N/A,N/A,N/A,N/A,N/A,N/A,N/A,N/A,N/A,N/A,,,0
1759293250,eth0,360,Ethernet,IPv4,UDP,N/A,v4,0.0.0.0,255.255.255.255,68,67,N/A,N/A,N/A,N/A,,,1
1759293250,any,362,N/A,IPv4,UDP,N/A,v4,0.0.0.0,255.255.255.255,68,67,N/A,N/A,N/A,N/A,,,1
1759293250,eth0,372,Ethernet,IPv4,UDP,N/A,v4,0.0.0.0,255.255.255.255,68,67,N/A,N/A,N/A,N/A,,,1
1759293250,any,374,N/A,IPv4,UDP,N/A,v4,0.0.0.0,255.255.255.255,68,67,N/A,N/A,N/A,N/A,,,1
1759293250,eth2,110,Ethernet,IPv6,ICMP,N/A,v6,fe80::dcac:f9ff:fe59:60,ff02::179,N/A,N/A,N/A,N/A,N/A,N/A,,,1
1759293250,any,112,N/A,IPv6,ICMP,N/A,v6,fe80::dcac:f9ff:fe59:60,ff02::179,N/A,N/A,N/A,N/A,N/A,N/A,,,1
1759293250,eth1,110,Ethernet,IPv6,ICMP,N/A,v6,fe80::f056:abff:fe65:143,ff02::179,N/A,N/A,N/A,N/A,N/A,N/A,,,1
1759293250,any,112,N/A,IPv6,ICMP,N/A,v6,fe80::f056:abff:fe65:143,ff02::179,N/A,N/A,N/A,N/A,N/A,N/A,,,1
1759293250,any,112,N/A,IPv6,ICMP,N/A,v6,fe80::e48e:99ff:fe5f:147,ff02::179,N/A,N/A,N/A,N/A,N/A,N/A,,,1
1759293250,eth0,110,Ethernet,IPv6,ICMP,N/A,v6,fe80::e48e:99ff:fe5f:147,ff02::179,N/A,N/A,N/A,N/A,N/A,N/A,,,1
1759293250,eth0,54,Ethernet,IPv4,N/A,N/A,v4,172.30.0.220,224.0.0.22,N/A,N/A,N/A,N/A,N/A,N/A,,,1
1759293250,eth1,70,Ethernet,IPv6,ICMP,N/A,v6,fe80::7827:e3ff:fe68:239,ff02::204,N/A,N/A,N/A,N/A,N/A,N/A,,,1
1759293250,eth0,70,Ethernet,IPv6,ICMP,N/A,v6,fe80::24f1:23ff:fe29:66,ff02::204,N/A,N/A,N/A,N/A,N/A,N/A,,,1
1759293250,any,72,N/A,IPv6,ICMP,N/A,v6,fe80::24f1:23ff:fe29:66,ff02::204,N/A,N/A,N/A,N/A,N/A,N/A,,,1
1759293250,any,72,N/A,IPv6,ICMP,N/A,v6,fe80::7827:e3ff:fe68:239,ff02::204,N/A,N/A,N/A,N/A,N/A,N/A,,,1
1759293250,any,56,N/A,IPv4,N/A,N/A,v4,172.30.0.163,224.0.0.22,N/A,N/A,N/A,N/A,N/A,N/A,,,1
1759293250,eth0,54,Ethernet,IPv4,N/A,N/A,v4,172.30.0.163,224.0.0.22,N/A,N/A,N/A,N/A,N/A,N/A,,,1
1759293250,eth0,110,Ethernet,IPv6,ICMP,N/A,v6,fe80::24f1:23ff:fe29:66,ff02::179,N/A,N/A,N/A,N/A,N/A,N/A,,,1
1759293250,any,112,N/A,IPv6,ICMP,N/A,v6,fe80::24f1:23ff:fe29:66,ff02::179,N/A,N/A,N/A,N/A,N/A,N/A,,,1
1759293250,any,44,ARP,N/A,N/A,N/A,N/A,N/A,N/A,N/A,N/A,1,2048,172.30.0.220,172.30.0.122,,,1
1759293250,eth0,42,Ethernet,N/A,N/A,N/A,N/A,N/A,N/A,N/A,N/A,N/A,N/A,N/A,N/A,,,1
1759293250,any,58,ARP,N/A,N/A,N/A,N/A,N/A,N/A,N/A,N/A,2,2048,172.30.0.122,172.30.0.220,,,1
1759293250,any,58,ARP,N/A,N/A,N/A,N/A,N/A,N/A,N/A,N/A,2,2048,172.30.0.122,172.30.0.220,,,1
1759293250,eth0,56,Ethernet,N/A,N/A,N/A,N/A,N/A,N/A,N/A,N/A,N/A,N/A,N/A,N/A,,,1
1759293250,eth0,56,Ethernet,N/A,N/A,N/A,N/A,N/A,N/A,N/A,N/A,N/A,N/A,N/A,N/A,,,1
1759293250,eth0,110,Ethernet,IPv6,ICMP,N/A,v6,fe80::b0b5:44ff:feea:219,ff02::179,N/A,N/A,N/A,N/A,N/A,N/A,,,1
1759293250,any,112,N/A,IPv6,ICMP,N/A,v6,fe80::b0b5:44ff:feea:219,ff02::179,N/A,N/A,N/A,N/A,N/A,N/A,,,1
1759293250,any,112,N/A,IPv6,ICMP,N/A,v6,fe80::f056:abff:fe65:143,ff02::179,N/A,N/A,N/A,N/A,N/A,N/A,,,1
1759293250,eth1,110,Ethernet,IPv6,ICMP,N/A,v6,fe80::f056:abff:fe65:143,ff02::179,N/A,N/A,N/A,N/A,N/A,N/A,,,1
1759293250,any,72,N/A,IPv6,ICMP,N/A,v6,fe80::780a:a9ff:fee6:89,ff02::204,N/A,N/A,N/A,N/A,N/A,N/A,,,1
1759293250,eth1,70,Ethernet,IPv6,ICMP,N/A,v6,fe80::780a:a9ff:fee6:89,ff02::204,N/A,N/A,N/A,N/A,N/A,N/A,,,1
1759293250,eth0,70,Ethernet,IPv6,ICMP,N/A,v6,fe80::b0b5:44ff:feea:219,ff02::204,N/A,N/A,N/A,N/A,N/A,N/A,,,1
1759293250,eth1,70,Ethernet,IPv6,ICMP,N/A,v6,fe80::f056:abff:fe65:143,ff02::204,N/A,N/A,N/A,N/A,N/A,N/A,,,1
1759293250,eth2,70,Ethernet,IPv6,ICMP,N/A,v6,fe80::dcac:f9ff:fe59:60,ff02::204,N/A,N/A,N/A,N/A,N/A,N/A,,,1
1759293250,any,72,N/A,IPv6,ICMP,N/A,v6,fe80::dcac:f9ff:fe59:60,ff02::204,N/A,N/A,N/A,N/A,N/A,N/A,,,1
1759293250,any,72,N/A,IPv6,ICMP,N/A,v6,fe80::e48e:99ff:fe5f:147,ff02::204,N/A,N/A,N/A,N/A,N/A,N/A,,,1
1759293250,any,72,N/A,IPv6,ICMP,N/A,v6,fe80::f056:abff:fe65:143,ff02::204,N/A,N/A,N/A,N/A,N/A,N/A,,,1
1759293250,eth0,70,Ethernet,IPv6,ICMP,N/A,v6,fe80::e48e:99ff:fe5f:147,ff02::204,N/A,N/A,N/A,N/A,N/A,N/A,,,1
1759293250,eth2,110,Ethernet,IPv6,ICMP,N/A,v6,fe80::dcac:f9ff:fe59:60,ff02::179,N/A,N/A,N/A,N/A,N/A,N/A,,,1
1759293250,any,112,N/A,IPv6,ICMP,N/A,v6,fe80::dcac:f9ff:fe59:60,ff02::179,N/A,N/A,N/A,N/A,N/A,N/A,,,1
1759293250,any,92,N/A,IPv6,ICMP,N/A,v6,fe80::ecf9:eff:fefb:55,ff02::179,N/A,N/A,N/A,N/A,N/A,N/A,,,1
1759293250,eth0,90,Ethernet,IPv6,ICMP,N/A,v6,fe80::ecf9:eff:fefb:55,ff02::179,N/A,N/A,N/A,N/A,N/A,N/A,,,1
1759293250,eth0,56,Ethernet,IPv4,N/A,N/A,v4,172.30.0.89,224.0.0.22,N/A,N/A,N/A,N/A,N/A,N/A,,,1
1759293250,any,58,N/A,IPv4,N/A,N/A,v4,172.30.0.89,224.0.0.22,N/A,N/A,N/A,N/A,N/A,N/A,,,1
1759293250,eth0,356,Ethernet,IPv4,UDP,N/A,v4,0.0.0.0,255.255.255.255,68,67,N/A,N/A,N/A,N/A,,,1
1759293250,any,358,N/A,IPv4,UDP,N/A,v4,0.0.0.0,255.255.255.255,68,67,N/A,N/A,N/A,N/A,,,1
1759293250,any,370,N/A,IPv4,UDP,N/A,v4,0.0.0.0,255.255.255.255,68,67,N/A,N/A,N/A,N/A,,,1
1759293250,eth0,368,Ethernet,IPv4,UDP,N/A,v4,0.0.0.0,255.255.255.255,68,67,N/A,N/A,N/A,N/A,,,1
1759293250,any,112,N/A,IPv6,ICMP,N/A,v6,fe80::103b:bdff:fef0:169,ff02::179,N/A,N/A,N/A,N/A,N/A,N/A,,,1
1759293250,any,58,ARP,N/A,N/A,N/A,N/A,N/A,N/A,N/A,N/A,1,2048,172.30.0.89,172.30.0.122,,,1
1759293250,any,112,N/A,IPv6,ICMP,N/A,v6,fe80::ecf9:eff:fefb:55,ff02::179,N/A,N/A,N/A,N/A,N/A,N/A,,,1
1759293250,any,58,N/A,IPv4,N/A,N/A,v4,172.30.0.89,224.0.0.22,N/A,N/A,N/A,N/A,N/A,N/A,,,1
1759293250,eth1,110,Ethernet,IPv6,ICMP,N/A,v6,fe80::103b:bdff:fef0:169,ff02::179,N/A,N/A,N/A,N/A,N/A,N/A,,,1
1759293250,eth0,56,Ethernet,N/A,N/A,N/A,N/A,N/A,N/A,N/A,N/A,N/A,N/A,N/A,N/A,,,1
1759293250,eth0,110,Ethernet,IPv6,ICMP,N/A,v6,fe80::ecf9:eff:fefb:55,ff02::179,N/A,N/A,N/A,N/A,N/A,N/A,,,1
1759293250,eth0,56,Ethernet,IPv4,N/A,N/A,v4,172.30.0.89,224.0.0.22,N/A,N/A,N/A,N/A,N/A,N/A,,,1
1759293250,eth0,110,Ethernet,IPv6,ICMP,N/A,v6,fe80::5ca9:83ff:fe87:27,ff02::179,N/A,N/A,N/A,N/A,N/A,N/A,,,0
1759293250,any,112,N/A,IPv6,ICMP,N/A,v6,fe80::5ca9:83ff:fe87:27,ff02::179,N/A,N/A,N/A,N/A,N/A,N/A,,,0
1759293250,eth1,110,Ethernet,IPv6,ICMP,N/A,v6,fe80::a824:52ff:fe4f:69,ff02::179,N/A,N/A,N/A,N/A,N/A,N/A,,,0
1759293250,any,112,N/A,IPv6,ICMP,N/A,v6,fe80::a824:52ff:fe4f:69,ff02::179,N/A,N/A,N/A,N/A,N/A,N/A,,,0
1759293250,any,72,N/A,IPv6,ICMP,N/A,v6,fe80::a824:52ff:fe4f:69,ff02::204,N/A,N/A,N/A,N/A,N/A,N/A,,,0
1759293250,eth1,70,Ethernet,IPv6,ICMP,N/A,v6,fe80::a824:52ff:fe4f:69,ff02::204,N/A,N/A,N/A,N/A,N/A,N/A,,,0
1759293250,eth0,70,Ethernet,IPv6,ICMP,N/A,v6,fe80::5ca9:83ff:fe87:27,ff02::204,N/A,N/A,N/A,N/A,N/A,N/A,,,0
1759293250,eth0,54,Ethernet,IPv4,N/A,N/A,v4,172.30.0.220,224.0.0.22,N/A,N/A,N/A,N/A,N/A,N/A,,,0
1759293250,any,56,N/A,IPv4,N/A,N/A,v4,172.30.0.220,224.0.0.22,N/A,N/A,N/A,N/A,N/A,N/A,,,0
1759293250,any,109,N/A,N/A,N/A,N/A,N/A,N/A,N/A,N/A,N/A,N/A,N/A,N/A,N/A,,,0
1759293250,eth0,107,Ethernet,N/A,N/A,N/A,N/A,N/A,N/A,N/A,N/A,N/A,N/A,N/A,N/A,,,0
1759293251,eth0,54,Ethernet,IPv4,N/A,N/A,v4,172.30.0.220,224.0.0.22,N/A,N/A,N/A,N/A,N/A,N/A,,,1
1759293251,eth0,110,Ethernet,IPv6,ICMP,N/A,v6,fe80::e48e:99ff:fe5f:147,ff02::179,N/A,N/A,N/A,N/A,N/A,N/A,,,1
1759293251,any,56,N/A,IPv4,N/A,N/A,v4,172.30.0.220,224.0.0.22,N/A,N/A,N/A,N/A,N/A,N/A,,,1
1759293251,any,112,N/A,IPv6,ICMP,N/A,v6,fe80::ecf9:eff:fefb:55,ff02::179,N/A,N/A,N/A,N/A,N/A,N/A,,,1
1759293251,eth0,110,Ethernet,IPv6,ICMP,N/A,v6,fe80::ecf9:eff:fefb:55,ff02::179,N/A,N/A,N/A,N/A,N/A,N/A,,,1
1759293251,any,112,N/A,IPv6,ICMP,N/A,v6,fe80::103b:bdff:fef0:169,ff02::179,N/A,N/A,N/A,N/A,N/A,N/A,,,1
1759293251,eth1,110,Ethernet,IPv6,ICMP,N/A,v6,fe80::103b:bdff:fef0:169,ff02::179,N/A,N/A,N/A,N/A,N/A,N/A,,,1
1759293251,eth0,111,Ethernet,N/A,N/A,N/A,N/A,N/A,N/A,N/A,N/A,N/A,N/A,N/A,N/A,,,1
1759293251,any,113,N/A,N/A,N/A,N/A,N/A,N/A,N/A,N/A,N/A,N/A,N/A,N/A,N/A,,,1
1759293251,any,58,N/A,IPv4,N/A,N/A,v4,172.30.0.89,224.0.0.22,N/A,N/A,N/A,N/A,N/A,N/A,,,1
1759293251,eth0,56,Ethernet,IPv4,N/A,N/A,v4,172.30.0.89,224.0.0.22,N/A,N/A,N/A,N/A,N/A,N/A,,,1
1759293251,eth0,107,Ethernet,N/A,N/A,N/A,N/A,N/A,N/A,N/A,N/A,N/A,N/A,N/A,N/A,,,0
1759293251,any,109,N/A,N/A,N/A,N/A,N/A,N/A,N/A,N/A,N/A,N/A,N/A,N/A,N/A,,,0
1759293252,eth1,70,Ethernet,IPv6,ICMP,N/A,v6,fe80::103b:bdff:fef0:169,ff02::204,N/A,N/A,N/A,N/A,N/A,N/A,,,1
1759293252,any,72,N/A,IPv6,ICMP,N/A,v6,fe80::ecf9:eff:fefb:55,ff02::204,N/A,N/A,N/A,N/A,N/A,N/A,,,1
1759293252,any,72,N/A,IPv6,ICMP,N/A,v6,fe80::103b:bdff:fef0:169,ff02::204,N/A,N/A,N/A,N/A,N/A,N/A,,,1
1759293252,eth0,70,Ethernet,IPv6,ICMP,N/A,v6,fe80::ecf9:eff:fefb:55,ff02::204,N/A,N/A,N/A,N/A,N/A,N/A,,,1
1759293252,any,113,N/A,N/A,N/A,N/A,N/A,N/A,N/A,N/A,N/A,N/A,N/A,N/A,N/A,,,1
1759293252,eth0,111,Ethernet,N/A,N/A,N/A,N/A,N/A,N/A,N/A,N/A,N/A,N/A,N/A,N/A,,,1
1759293253,eth0,90,Ethernet,IPv6,ICMP,N/A,v6,fe80::b0b5:44ff:feea:219,ff02::179,N/A,N/A,N/A,N/A,N/A,N/A,,,1
1759293253,eth0,54,Ethernet,IPv4,N/A,N/A,v4,172.30.0.163,224.0.0.22,N/A,N/A,N/A,N/A,N/A,N/A,,,1
1759293253,any,92,N/A,IPv6,ICMP,N/A,v6,fe80::b0b5:44ff:feea:219,ff02::179,N/A,N/A,N/A,N/A,N/A,N/A,,,1
1759293253,eth0,68,Ethernet,IPv4,UDP,N/A,v4,172.30.0.163,224.0.0.252,5355,5355,N/A,N/A,N/A,N/A,,,1
1759293253,eth0,88,Ethernet,IPv6,UDP,N/A,v6,fe80::b0b5:44ff:feea:219,ff02::1:52,5355,5355,N/A,N/A,N/A,N/A,,,1
1759293253,any,70,N/A,IPv4,UDP,N/A,v4,172.30.0.163,224.0.0.252,5355,5355,N/A,N/A,N/A,N/A,,,1
1759293253,any,359,N/A,IPv4,UDP,N/A,v4,0.0.0.0,255.255.255.255,68,67,N/A,N/A,N/A,N/A,,,1
1759293253,eth0,357,Ethernet,IPv4,UDP,N/A,v4,0.0.0.0,255.255.255.255,68,67,N/A,N/A,N/A,N/A,,,1
1759293253,eth0,369,Ethernet,IPv4,UDP,N/A,v4,0.0.0.0,255.255.255.255,68,67,N/A,N/A,N/A,N/A,,,1
1759293253,any,371,N/A,IPv4,UDP,N/A,v4,0.0.0.0,255.255.255.255,68,67,N/A,N/A,N/A,N/A,,,1
1759293253,eth0,54,Ethernet,IPv4,N/A,N/A,v4,172.30.0.163,224.0.0.22,N/A,N/A,N/A,N/A,N/A,N/A,,,1
1759293253,eth0,110,Ethernet,IPv6,ICMP,N/A,v6,fe80::b0b5:44ff:feea:219,ff02::179,N/A,N/A,N/A,N/A,N/A,N/A,,,1
1759293253,eth0,42,Ethernet,N/A,N/A,N/A,N/A,N/A,N/A,N/A,N/A,N/A,N/A,N/A,N/A,,,1
1759293253,eth1,110,Ethernet,IPv6,ICMP,N/A,v6,fe80::780a:a9ff:fee6:89,ff02::179,N/A,N/A,N/A,N/A,N/A,N/A,,,1
1759293253,any,112,N/A,IPv6,ICMP,N/A,v6,fe80::780a:a9ff:fee6:89,ff02::179,N/A,N/A,N/A,N/A,N/A,N/A,,,1
1759293253,any,44,ARP,N/A,N/A,N/A,N/A,N/A,N/A,N/A,N/A,1,2048,172.30.0.163,172.30.0.122,,,1
1759293253,eth0,54,Ethernet,IPv4,N/A,N/A,v4,172.30.0.163,224.0.0.22,N/A,N/A,N/A,N/A,N/A,N/A,,,1
1759293253,any,56,N/A,IPv4,N/A,N/A,v4,172.30.0.163,224.0.0.22,N/A,N/A,N/A,N/A,N/A,N/A,,,1
1759293253,eth0,90,Ethernet,IPv6,ICMP,N/A,v6,fe80::24f1:23ff:fe29:66,ff02::179,N/A,N/A,N/A,N/A,N/A,N/A,,,1
1759293253,eth0,54,Ethernet,IPv4,N/A,N/A,v4,172.30.0.23,224.0.0.22,N/A,N/A,N/A,N/A,N/A,N/A,,,1
1759293253,any,92,N/A,IPv6,ICMP,N/A,v6,fe80::24f1:23ff:fe29:66,ff02::179,N/A,N/A,N/A,N/A,N/A,N/A,,,1
1759293253,any,56,N/A,IPv4,N/A,N/A,v4,172.30.0.23,224.0.0.22,N/A,N/A,N/A,N/A,N/A,N/A,,,1
1759293253,eth0,356,Ethernet,IPv4,UDP,N/A,v4,0.0.0.0,255.255.255.255,68,67,N/A,N/A,N/A,N/A,,,1
1759293253,any,358,N/A,IPv4,UDP,N/A,v4,0.0.0.0,255.255.255.255,68,67,N/A,N/A,N/A,N/A,,,1
1759293253,any,370,N/A,IPv4,UDP,N/A,v4,0.0.0.0,255.255.255.255,68,67,N/A,N/A,N/A,N/A,,,1
1759293253,eth0,368,Ethernet,IPv4,UDP,N/A,v4,0.0.0.0,255.255.255.255,68,67,N/A,N/A,N/A,N/A,,,1
1759293253,eth1,110,Ethernet,IPv6,ICMP,N/A,v6,fe80::7827:e3ff:fe68:239,ff02::179,N/A,N/A,N/A,N/A,N/A,N/A,,,1
1759293253,any,112,N/A,IPv6,ICMP,N/A,v6,fe80::7827:e3ff:fe68:239,ff02::179,N/A,N/A,N/A,N/A,N/A,N/A,,,1
1759293253,eth0,42,Ethernet,N/A,N/A,N/A,N/A,N/A,N/A,N/A,N/A,N/A,N/A,N/A,N/A,,,1
1759293253,any,44,ARP,N/A,N/A,N/A,N/A,N/A,N/A,N/A,N/A,1,2048,172.30.0.23,172.30.0.122,,,1
1759293253,any,112,N/A,IPv6,ICMP,N/A,v6,fe80::24f1:23ff:fe29:66,ff02::179,N/A,N/A,N/A,N/A,N/A,N/A,,,1
1759293253,eth0,110,Ethernet,IPv6,ICMP,N/A,v6,fe80::24f1:23ff:fe29:66,ff02::179,N/A,N/A,N/A,N/A,N/A,N/A,,,1
1759293253,eth0,54,Ethernet,IPv4,N/A,N/A,v4,172.30.0.23,224.0.0.22,N/A,N/A,N/A,N/A,N/A,N/A,,,1
1759293253,eth0,110,Ethernet,IPv6,ICMP,N/A,v6,fe80::b0b5:44ff:feea:219,ff02::179,N/A,N/A,N/A,N/A,N/A,N/A,,,1
1759293253,any,112,N/A,IPv6,ICMP,N/A,v6,fe80::b0b5:44ff:feea:219,ff02::179,N/A,N/A,N/A,N/A,N/A,N/A,,,1
1759293253,any,113,N/A,N/A,N/A,N/A,N/A,N/A,N/A,N/A,N/A,N/A,N/A,N/A,N/A,,,1
1759293253,eth0,111,Ethernet,N/A,N/A,N/A,N/A,N/A,N/A,N/A,N/A,N/A,N/A,N/A,N/A,,,1
1759293253,eth0,107,Ethernet,N/A,N/A,N/A,N/A,N/A,N/A,N/A,N/A,N/A,N/A,N/A,N/A,,,0
1759293253,any,109,N/A,N/A,N/A,N/A,N/A,N/A,N/A,N/A,N/A,N/A,N/A,N/A,N/A,,,0
1759293254,eth1,110,Ethernet,IPv6,ICMP,N/A,v6,fe80::780a:a9ff:fee6:89,ff02::179,N/A,N/A,N/A,N/A,N/A,N/A,,,1
1759293254,any,112,N/A,IPv6,ICMP,N/A,v6,fe80::780a:a9ff:fee6:89,ff02::179,N/A,N/A,N/A,N/A,N/A,N/A,,,1
1759293254,any,112,N/A,IPv6,ICMP,N/A,v6,fe80::7827:e3ff:fe68:239,ff02::179,N/A,N/A,N/A,N/A,N/A,N/A,,,1
1759293254,eth1,110,Ethernet,IPv6,ICMP,N/A,v6,fe80::7827:e3ff:fe68:239,ff02::179,N/A,N/A,N/A,N/A,N/A,N/A,,,1
1759293254,any,72,N/A,IPv6,ICMP,N/A,v6,fe80::b0b5:44ff:feea:219,ff02::204,N/A,N/A,N/A,N/A,N/A,N/A,,,1
1759293254,eth0,70,Ethernet,IPv6,ICMP,N/A,v6,fe80::b0b5:44ff:feea:219,ff02::204,N/A,N/A,N/A,N/A,N/A,N/A,,,1
1759293254,eth1,70,Ethernet,IPv6,ICMP,N/A,v6,fe80::780a:a9ff:fee6:89,ff02::204,N/A,N/A,N/A,N/A,N/A,N/A,,,1
1759293254,any,56,N/A,IPv4,N/A,N/A,v4,172.30.0.23,224.0.0.22,N/A,N/A,N/A,N/A,N/A,N/A,,,1
1759293254,eth0,54,Ethernet,IPv4,N/A,N/A,v4,172.30.0.23,224.0.0.22,N/A,N/A,N/A,N/A,N/A,N/A,,,1
1759293254,eth1,70,Ethernet,IPv6,ICMP,N/A,v6,fe80::7827:e3ff:fe68:239,ff02::204,N/A,N/A,N/A,N/A,N/A,N/A,,,1
1759293254,any,72,N/A,IPv6,ICMP,N/A,v6,fe80::24f1:23ff:fe29:66,ff02::204,N/A,N/A,N/A,N/A,N/A,N/A,,,1
1759293254,any,72,N/A,IPv6,ICMP,N/A,v6,fe80::7827:e3ff:fe68:239,ff02::204,N/A,N/A,N/A,N/A,N/A,N/A,,,1
1759293254,eth0,70,Ethernet,IPv6,ICMP,N/A,v6,fe80::24f1:23ff:fe29:66,ff02::204,N/A,N/A,N/A,N/A,N/A,N/A,,,1
1759293254,any,112,N/A,IPv6,ICMP,N/A,v6,fe80::24f1:23ff:fe29:66,ff02::179,N/A,N/A,N/A,N/A,N/A,N/A,,,1
1759293254,eth0,107,Ethernet,N/A,N/A,N/A,N/A,N/A,N/A,N/A,N/A,N/A,N/A,N/A,N/A,,,0
1759293254,any,109,N/A,N/A,N/A,N/A,N/A,N/A,N/A,N/A,N/A,N/A,N/A,N/A,N/A,,,0
1759293254,any,72,N/A,IPv6,ICMP,N/A,v6,fe80::5ca9:83ff:fe87:27,ff02::204,N/A,N/A,N/A,N/A,N/A,N/A,,,0
1759293254,eth0,70,Ethernet,IPv6,ICMP,N/A,v6,fe80::5ca9:83ff:fe87:27,ff02::204,N/A,N/A,N/A,N/A,N/A,N/A,,,0
1759293254,any,72,N/A,IPv6,ICMP,N/A,v6,fe80::a824:52ff:fe4f:69,ff02::204,N/A,N/A,N/A,N/A,N/A,N/A,,,0
1759293254,eth1,70,Ethernet,IPv6,ICMP,N/A,v6,fe80::a824:52ff:fe4f:69,ff02::204,N/A,N/A,N/A,N/A,N/A,N/A,,,0
1759293254,any,72,N/A,IPv6,ICMP,N/A,v6,fe80::dcac:f9ff:fe59:60,ff02::204,N/A,N/A,N/A,N/A,N/A,N/A,,,1
1759293254,eth0,110,Ethernet,IPv6,ICMP,N/A,v6,fe80::24f1:23ff:fe29:66,ff02::179,N/A,N/A,N/A,N/A,N/A,N/A,,,1
1759293254,eth2,70,Ethernet,IPv6,ICMP,N/A,v6,fe80::dcac:f9ff:fe59:60,ff02::204,N/A,N/A,N/A,N/A,N/A,N/A,,,1
1759293254,eth0,70,Ethernet,IPv6,ICMP,N/A,v6,fe80::e48e:99ff:fe5f:147,ff02::204,N/A,N/A,N/A,N/A,N/A,N/A,,,1
1759293254,any,72,N/A,IPv6,ICMP,N/A,v6,fe80::e48e:99ff:fe5f:147,ff02::204,N/A,N/A,N/A,N/A,N/A,N/A,,,1
1759293254,any,113,N/A,N/A,N/A,N/A,N/A,N/A,N/A,N/A,N/A,N/A,N/A,N/A,N/A,,,1
1759293254,eth0,111,Ethernet,N/A,N/A,N/A,N/A,N/A,N/A,N/A,N/A,N/A,N/A,N/A,N/A,,,1
1759293254,any,72,N/A,IPv6,ICMP,N/A,v6,fe80::f056:abff:fe65:143,ff02::204,N/A,N/A,N/A,N/A,N/A,N/A,,,1
1759293254,eth1,70,Ethernet,IPv6,ICMP,N/A,v6,fe80::f056:abff:fe65:143,ff02::204,N/A,N/A,N/A,N/A,N/A,N/A,,,1
1759293255,eth0,90,Ethernet,IPv6,ICMP,N/A,v6,fe80::5ca9:83ff:fe87:27,ff02::179,N/A,N/A,N/A,N/A,N/A,N/A,,,0
1759293255,eth0,90,Ethernet,IPv6,ICMP,N/A,v6,fe80::e48e:99ff:fe5f:147,ff02::179,N/A,N/A,N/A,N/A,N/A,N/A,,,1
1759293255,eth0,54,Ethernet,IPv4,N/A,N/A,v4,172.30.0.220,224.0.0.22,N/A,N/A,N/A,N/A,N/A,N/A,,,1
1759293255,any,92,N/A,IPv6,ICMP,N/A,v6,fe80::e48e:99ff:fe5f:147,ff02::179,N/A,N/A,N/A,N/A,N/A,N/A,,,1
1759293255,eth0,360,Ethernet,IPv4,UDP,N/A,v4,0.0.0.0,255.255.255.255,68,67,N/A,N/A,N/A,N/A,,,1
1759293255,any,362,N/A,IPv4,UDP,N/A,v4,0.0.0.0,255.255.255.255,68,67,N/A,N/A,N/A,N/A,,,1
1759293255,eth0,372,Ethernet,IPv4,UDP,N/A,v4,0.0.0.0,255.255.255.255,68,67,N/A,N/A,N/A,N/A,,,1
1759293255,any,374,N/A,IPv4,UDP,N/A,v4,0.0.0.0,255.255.255.255,68,67,N/A,N/A,N/A,N/A,,,1
1759293255,eth2,110,Ethernet,IPv6,ICMP,N/A,v6,fe80::dcac:f9ff:fe59:60,ff02::179,N/A,N/A,N/A,N/A,N/A,N/A,,,1
1759293255,any,112,N/A,IPv6,ICMP,N/A,v6,fe80::f056:abff:fe65:143,ff02::179,N/A,N/A,N/A,N/A,N/A,N/A,,,1
1759293255,eth1,110,Ethernet,IPv6,ICMP,N/A,v6,fe80::f056:abff:fe65:143,ff02::179,N/A,N/A,N/A,N/A,N/A,N/A,,,1
1759293255,eth0,110,Ethernet,IPv6,ICMP,N/A,v6,fe80::e48e:99ff:fe5f:147,ff02::179,N/A,N/A,N/A,N/A,N/A,N/A,,,1
1759293255,eth0,54,Ethernet,IPv4,N/A,N/A,v4,172.30.0.220,224.0.0.22,N/A,N/A,N/A,N/A,N/A,N/A,,,1
1759293255,any,112,N/A,IPv6,ICMP,N/A,v6,fe80::e48e:99ff:fe5f:147,ff02::179,N/A,N/A,N/A,N/A,N/A,N/A,,,1
1759293255,eth0,42,Ethernet,N/A,N/A,N/A,N/A,N/A,N/A,N/A,N/A,N/A,N/A,N/A,N/A,,,1
1759293255,any,44,ARP,N/A,N/A,N/A,N/A,N/A,N/A,N/A,N/A,1,2048,172.30.0.220,172.30.0.122,,,1
1759293255,any,58,ARP,N/A,N/A,N/A,N/A,N/A,N/A,N/A,N/A,2,2048,172.30.0.122,172.30.0.220,,,1
1759293255,eth0,54,Ethernet,IPv4,N/A,N/A,v4,172.30.0.220,224.0.0.22,N/A,N/A,N/A,N/A,N/A,N/A,,,0
1759293255,any,92,N/A,IPv6,ICMP,N/A,v6,fe80::5ca9:83ff:fe87:27,ff02::179,N/A,N/A,N/A,N/A,N/A,N/A,,,0
1759293255,eth0,356,Ethernet,IPv4,UDP,N/A,v4,0.0.0.0,255.255.255.255,68,67,N/A,N/A,N/A,N/A,,,0
1759293255,any,358,N/A,IPv4,UDP,N/A,v4,0.0.0.0,255.255.255.255,68,67,N/A,N/A,N/A,N/A,,,0
1759293255,eth0,368,Ethernet,IPv4,UDP,N/A,v4,0.0.0.0,255.255.255.255,68,67,N/A,N/A,N/A,N/A,,,0
1759293255,any,370,N/A,IPv4,UDP,N/A,v4,0.0.0.0,255.255.255.255,68,67,N/A,N/A,N/A,N/A,,,0
1759293255,eth1,110,Ethernet,IPv6,ICMP,N/A,v6,fe80::a824:52ff:fe4f:69,ff02::179,N/A,N/A,N/A,N/A,N/A,N/A,,,0
1759293255,any,112,N/A,IPv6,ICMP,N/A,v6,fe80::a824:52ff:fe4f:69,ff02::179,N/A,N/A,N/A,N/A,N/A,N/A,,,0
1759293255,eth0,54,Ethernet,IPv4,N/A,N/A,v4,172.30.0.220,224.0.0.22,N/A,N/A,N/A,N/A,N/A,N/A,,,0
1759293255,any,56,N/A,IPv4,N/A,N/A,v4,172.30.0.220,224.0.0.22,N/A,N/A,N/A,N/A,N/A,N/A,,,0
1759293255,eth0,110,Ethernet,IPv6,ICMP,N/A,v6,fe80::5ca9:83ff:fe87:27,ff02::179,N/A,N/A,N/A,N/A,N/A,N/A,,,0
1759293255,any,112,N/A,IPv6,ICMP,N/A,v6,fe80::5ca9:83ff:fe87:27,ff02::179,N/A,N/A,N/A,N/A,N/A,N/A,,,0
1759293255,eth0,42,Ethernet,N/A,N/A,N/A,N/A,N/A,N/A,N/A,N/A,N/A,N/A,N/A,N/A,,,0
1759293255,eth0,56,Ethernet,N/A,N/A,N/A,N/A,N/A,N/A,N/A,N/A,N/A,N/A,N/A,N/A,,,0
1759293255,eth0,56,Ethernet,N/A,N/A,N/A,N/A,N/A,N/A,N/A,N/A,N/A,N/A,N/A,N/A,,,0
1759293255,any,44,ARP,N/A,N/A,N/A,N/A,N/A,N/A,N/A,N/A,1,2048,172.30.0.220,172.30.0.122,,,0
1759293255,any,58,ARP,N/A,N/A,N/A,N/A,N/A,N/A,N/A,N/A,2,2048,172.30.0.122,172.30.0.220,,,0
1759293255,eth0,54,Ethernet,IPv4,N/A,N/A,v4,172.30.0.220,224.0.0.22,N/A,N/A,N/A,N/A,N/A,N/A,,,0
1759293255,any,56,N/A,IPv4,N/A,N/A,v4,172.30.0.220,224.0.0.22,N/A,N/A,N/A,N/A,N/A,N/A,,,0
1759293255,any,112,N/A,IPv6,ICMP,N/A,v6,fe80::5ca9:83ff:fe87:27,ff02::179,N/A,N/A,N/A,N/A,N/A,N/A,,,0
1759293255,eth0,110,Ethernet,IPv6,ICMP,N/A,v6,fe80::5ca9:83ff:fe87:27,ff02::179,N/A,N/A,N/A,N/A,N/A,N/A,,,0
1759293255,eth0,70,Ethernet,IPv6,ICMP,N/A,v6,fe80::5ca9:83ff:fe87:27,ff02::204,N/A,N/A,N/A,N/A,N/A,N/A,,,0
1759293255,any,72,N/A,IPv6,ICMP,N/A,v6,fe80::a824:52ff:fe4f:69,ff02::204,N/A,N/A,N/A,N/A,N/A,N/A,,,0
1759293255,eth1,70,Ethernet,IPv6,ICMP,N/A,v6,fe80::a824:52ff:fe4f:69,ff02::204,N/A,N/A,N/A,N/A,N/A,N/A,,,0
1759293255,eth0,56,Ethernet,N/A,N/A,N/A,N/A,N/A,N/A,N/A,N/A,N/A,N/A,N/A,N/A,,,1
1759293255,eth0,56,Ethernet,N/A,N/A,N/A,N/A,N/A,N/A,N/A,N/A,N/A,N/A,N/A,N/A,,,1
1759293255,any,112,N/A,IPv6,ICMP,N/A,v6,fe80::dcac:f9ff:fe59:60,ff02::179,N/A,N/A,N/A,N/A,N/A,N/A,,,1
1759293255,eth2,110,Ethernet,IPv6,ICMP,N/A,v6,fe80::dcac:f9ff:fe59:60,ff02::179,N/A,N/A,N/A,N/A,N/A,N/A,,,1
1759293255,any,112,N/A,IPv6,ICMP,N/A,v6,fe80::e48e:99ff:fe5f:147,ff02::179,N/A,N/A,N/A,N/A,N/A,N/A,,,1
1759293255,eth0,110,Ethernet,IPv6,ICMP,N/A,v6,fe80::e48e:99ff:fe5f:147,ff02::179,N/A,N/A,N/A,N/A,N/A,N/A,,,1
1759293255,any,112,N/A,IPv6,ICMP,N/A,v6,fe80::f056:abff:fe65:143,ff02::179,N/A,N/A,N/A,N/A,N/A,N/A,,,1
1759293255,eth1,110,Ethernet,IPv6,ICMP,N/A,v6,fe80::f056:abff:fe65:143,ff02::179,N/A,N/A,N/A,N/A,N/A,N/A,,,1
1759293255,eth0,54,Ethernet,IPv4,N/A,N/A,v4,172.30.0.220,224.0.0.22,N/A,N/A,N/A,N/A,N/A,N/A,,,1
1759293255,any,56,N/A,IPv4,N/A,N/A,v4,172.30.0.220,224.0.0.22,N/A,N/A,N/A,N/A,N/A,N/A,,,1
1759293255,eth1,70,Ethernet,IPv6,ICMP,N/A,v6,fe80::f056:abff:fe65:143,ff02::204,N/A,N/A,N/A,N/A,N/A,N/A,,,1
1759293255,any,72,N/A,IPv6,ICMP,N/A,v6,fe80::dcac:f9ff:fe59:60,ff02::204,N/A,N/A,N/A,N/A,N/A,N/A,,,1
1759293255,eth2,70,Ethernet,IPv6,ICMP,N/A,v6,fe80::dcac:f9ff:fe59:60,ff02::204,N/A,N/A,N/A,N/A,N/A,N/A,,,1
1759293255,eth0,70,Ethernet,IPv6,ICMP,N/A,v6,fe80::e48e:99ff:fe5f:147,ff02::204,N/A,N/A,N/A,N/A,N/A,N/A,,,1
1759293255,any,72,N/A,IPv6,ICMP,N/A,v6,fe80::ecf9:eff:fefb:55,ff02::204,N/A,N/A,N/A,N/A,N/A,N/A,,,1
1759293255,eth0,70,Ethernet,IPv6,ICMP,N/A,v6,fe80::ecf9:eff:fefb:55,ff02::204,N/A,N/A,N/A,N/A,N/A,N/A,,,1
1759293255,any,72,N/A,IPv6,ICMP,N/A,v6,fe80::103b:bdff:fef0:169,ff02::204,N/A,N/A,N/A,N/A,N/A,N/A,,,1
1759293255,eth1,70,Ethernet,IPv6,ICMP,N/A,v6,fe80::103b:bdff:fef0:169,ff02::204,N/A,N/A,N/A,N/A,N/A,N/A,,,1
1759293256,eth1,110,Ethernet,IPv6,ICMP,N/A,v6,fe80::a824:52ff:fe4f:69,ff02::179,N/A,N/A,N/A,N/A,N/A,N/A,,,0
1759293256,eth0,90,Ethernet,IPv6,ICMP,N/A,v6,fe80::ecf9:eff:fefb:55,ff02::179,N/A,N/A,N/A,N/A,N/A,N/A,,,1
1759293256,any,92,N/A,IPv6,ICMP,N/A,v6,fe80::ecf9:eff:fefb:55,ff02::179,N/A,N/A,N/A,N/A,N/A,N/A,,,1
1759293256,any,58,N/A,IPv4,N/A,N/A,v4,172.30.0.89,224.0.0.22,N/A,N/A,N/A,N/A,N/A,N/A,,,1
1759293256,eth0,56,Ethernet,IPv4,N/A,N/A,v4,172.30.0.89,224.0.0.22,N/A,N/A,N/A,N/A,N/A,N/A,,,1
1759293256,eth0,87,Ethernet,IPv6,UDP,N/A,v6,fe80::ecf9:eff:fefb:55,ff02::1:52,5355,5355,N/A,N/A,N/A,N/A,,,1
1759293256,any,89,N/A,IPv6,UDP,N/A,v6,fe80::ecf9:eff:fefb:55,ff02::1:52,5355,5355,N/A,N/A,N/A,N/A,,,1
1759293256,eth0,356,Ethernet,IPv4,UDP,N/A,v4,0.0.0.0,255.255.255.255,68,67,N/A,N/A,N/A,N/A,,,1
1759293256,eth0,368,Ethernet,IPv4,UDP,N/A,v4,0.0.0.0,255.255.255.255,68,67,N/A,N/A,N/A,N/A,,,1
1759293256,any,358,N/A,IPv4,UDP,N/A,v4,0.0.0.0,255.255.255.255,68,67,N/A,N/A,N/A,N/A,,,1
1759293256,any,370,N/A,IPv4,UDP,N/A,v4,0.0.0.0,255.255.255.255,68,67,N/A,N/A,N/A,N/A,,,1
1759293256,eth1,110,Ethernet,IPv6,ICMP,N/A,v6,fe80::103b:bdff:fef0:169,ff02::179,N/A,N/A,N/A,N/A,N/A,N/A,,,1
1759293256,any,112,N/A,IPv6,ICMP,N/A,v6,fe80::103b:bdff:fef0:169,ff02::179,N/A,N/A,N/A,N/A,N/A,N/A,,,1
1759293256,eth0,110,Ethernet,IPv6,ICMP,N/A,v6,fe80::ecf9:eff:fefb:55,ff02::179,N/A,N/A,N/A,N/A,N/A,N/A,,,1
1759293256,eth0,56,Ethernet,IPv4,N/A,N/A,v4,172.30.0.89,224.0.0.22,N/A,N/A,N/A,N/A,N/A,N/A,,,1
1759293256,any,112,N/A,IPv6,ICMP,N/A,v6,fe80::ecf9:eff:fefb:55,ff02::179,N/A,N/A,N/A,N/A,N/A,N/A,,,1
1759293256,any,58,N/A,IPv4,N/A,N/A,v4,172.30.0.89,224.0.0.22,N/A,N/A,N/A,N/A,N/A,N/A,,,1
1759293256,eth0,56,Ethernet,N/A,N/A,N/A,N/A,N/A,N/A,N/A,N/A,N/A,N/A,N/A,N/A,,,1
1759293256,any,58,ARP,N/A,N/A,N/A,N/A,N/A,N/A,N/A,N/A,1,2048,172.30.0.89,172.30.0.122,,,1
1759293256,any,58,N/A,IPv4,N/A,N/A,v4,172.30.0.89,224.0.0.22,N/A,N/A,N/A,N/A,N/A,N/A,,,1
1759293256,eth0,56,Ethernet,IPv4,N/A,N/A,v4,172.30.0.89,224.0.0.22,N/A,N/A,N/A,N/A,N/A,N/A,,,1
1759293256,eth0,111,Ethernet,N/A,N/A,N/A,N/A,N/A,N/A,N/A,N/A,N/A,N/A,N/A,N/A,,,1
1759293256,any,113,N/A,N/A,N/A,N/A,N/A,N/A,N/A,N/A,N/A,N/A,N/A,N/A,N/A,,,1
1759293256,any,112,N/A,IPv6,ICMP,N/A,v6,fe80::a824:52ff:fe4f:69,ff02::179,N/A,N/A,N/A,N/A,N/A,N/A,,,0
1759293256,eth0,107,Ethernet,N/A,N/A,N/A,N/A,N/A,N/A,N/A,N/A,N/A,N/A,N/A,N/A,,,0
1759293256,any,109,N/A,N/A,N/A,N/A,N/A,N/A,N/A,N/A,N/A,N/A,N/A,N/A,N/A,,,0
1759293257,eth0,110,Ethernet,IPv6,ICMP,N/A,v6,fe80::ecf9:eff:fefb:55,ff02::179,N/A,N/A,N/A,N/A,N/A,N/A,,,1
1759293257,eth1,110,Ethernet,IPv6,ICMP,N/A,v6,fe80::103b:bdff:fef0:169,ff02::179,N/A,N/A,N/A,N/A,N/A,N/A,,,1
1759293257,any,112,N/A,IPv6,ICMP,N/A,v6,fe80::103b:bdff:fef0:169,ff02::179,N/A,N/A,N/A,N/A,N/A,N/A,,,1
1759293257,eth0,111,Ethernet,N/A,N/A,N/A,N/A,N/A,N/A,N/A,N/A,N/A,N/A,N/A,N/A,,,1
1759293257,any,113,N/A,N/A,N/A,N/A,N/A,N/A,N/A,N/A,N/A,N/A,N/A,N/A,N/A,,,1
1759293257,eth1,70,Ethernet,IPv6,ICMP,N/A,v6,fe80::103b:bdff:fef0:169,ff02::204,N/A,N/A,N/A,N/A,N/A,N/A,,,1
1759293257,eth0,70,Ethernet,IPv6,ICMP,N/A,v6,fe80::ecf9:eff:fefb:55,ff02::204,N/A,N/A,N/A,N/A,N/A,N/A,,,1
1759293257,any,72,N/A,IPv6,ICMP,N/A,v6,fe80::ecf9:eff:fefb:55,ff02::204,N/A,N/A,N/A,N/A,N/A,N/A,,,1
1759293257,any,72,N/A,IPv6,ICMP,N/A,v6,fe80::103b:bdff:fef0:169,ff02::204,N/A,N/A,N/A,N/A,N/A,N/A,,,1
1759293257,any,109,N/A,N/A,N/A,N/A,N/A,N/A,N/A,N/A,N/A,N/A,N/A,N/A,N/A,,,0
1759293257,eth0,107,Ethernet,N/A,N/A,N/A,N/A,N/A,N/A,N/A,N/A,N/A,N/A,N/A,N/A,,,0
1759293258,eth0,90,Ethernet,IPv6,ICMP,N/A,v6,fe80::b0b5:44ff:feea:219,ff02::179,N/A,N/A,N/A,N/A,N/A,N/A,,,1
1759293258,eth0,54,Ethernet,IPv4,N/A,N/A,v4,172.30.0.163,224.0.0.22,N/A,N/A,N/A,N/A,N/A,N/A,,,1
1759293258,any,92,N/A,IPv6,ICMP,N/A,v6,fe80::b0b5:44ff:feea:219,ff02::179,N/A,N/A,N/A,N/A,N/A,N/A,,,1
1759293258,any,56,N/A,IPv4,N/A,N/A,v4,172.30.0.163,224.0.0.22,N/A,N/A,N/A,N/A,N/A,N/A,,,1
1759293258,any,90,N/A,IPv6,UDP,N/A,v6,fe80::b0b5:44ff:feea:219,ff02::1:52,5355,5355,N/A,N/A,N/A,N/A,,,1
1759293258,eth0,88,Ethernet,IPv6,UDP,N/A,v6,fe80::b0b5:44ff:feea:219,ff02::1:52,5355,5355,N/A,N/A,N/A,N/A,,,1
1759293258,any,72,N/A,IPv6,ICMP,N/A,v6,fe80::7827:e3ff:fe68:239,ff02::204,N/A,N/A,N/A,N/A,N/A,N/A,,,1
1759293258,eth1,70,Ethernet,IPv6,ICMP,N/A,v6,fe80::7827:e3ff:fe68:239,ff02::204,N/A,N/A,N/A,N/A,N/A,N/A,,,1
1759293258,eth0,111,Ethernet,N/A,N/A,N/A,N/A,N/A,N/A,N/A,N/A,N/A,N/A,N/A,N/A,,,1
1759293258,any,113,N/A,N/A,N/A,N/A,N/A,N/A,N/A,N/A,N/A,N/A,N/A,N/A,N/A,,,1
1759293258,eth0,68,Ethernet,IPv4,UDP,N/A,v4,172.30.0.163,224.0.0.252,5355,5355,N/A,N/A,N/A,N/A,,,1
1759293258,any,70,N/A,IPv4,UDP,N/A,v4,172.30.0.163,224.0.0.252,5355,5355,N/A,N/A,N/A,N/A,,,1
1759293258,any,359,N/A,IPv4,UDP,N/A,v4,0.0.0.0,255.255.255.255,68,67,N/A,N/A,N/A,N/A,,,1
1759293258,eth0,357,Ethernet,IPv4,UDP,N/A,v4,0.0.0.0,255.255.255.255,68,67,N/A,N/A,N/A,N/A,,,1
1759293258,any,371,N/A,IPv4,UDP,N/A,v4,0.0.0.0,255.255.255.255,68,67,N/A,N/A,N/A,N/A,,,1
1759293258,eth0,369,Ethernet,IPv4,UDP,N/A,v4,0.0.0.0,255.255.255.255,68,67,N/A,N/A,N/A,N/A,,,1
1759293258,any,112,N/A,IPv6,ICMP,N/A,v6,fe80::780a:a9ff:fee6:89,ff02::179,N/A,N/A,N/A,N/A,N/A,N/A,,,1
1759293258,eth1,110,Ethernet,IPv6,ICMP,N/A,v6,fe80::780a:a9ff:fee6:89,ff02::179,N/A,N/A,N/A,N/A,N/A,N/A,,,1
1759293258,any,112,N/A,IPv6,ICMP,N/A,v6,fe80::b0b5:44ff:feea:219,ff02::179,N/A,N/A,N/A,N/A,N/A,N/A,,,1
1759293258,eth0,110,Ethernet,IPv6,ICMP,N/A,v6,fe80::b0b5:44ff:feea:219,ff02::179,N/A,N/A,N/A,N/A,N/A,N/A,,,1
1759293258,eth0,54,Ethernet,IPv4,N/A,N/A,v4,172.30.0.163,224.0.0.22,N/A,N/A,N/A,N/A,N/A,N/A,,,1
1759293258,eth0,42,Ethernet,N/A,N/A,N/A,N/A,N/A,N/A,N/A,N/A,N/A,N/A,N/A,N/A,,,1
1759293258,any,44,ARP,N/A,N/A,N/A,N/A,N/A,N/A,N/A,N/A,1,2048,172.30.0.163,172.30.0.122,,,1
1759293258,eth0,70,Ethernet,IPv6,ICMP,N/A,v6,fe80::24f1:23ff:fe29:66,ff02::204,N/A,N/A,N/A,N/A,N/A,N/A,,,1
1759293258,any,72,N/A,IPv6,ICMP,N/A,v6,fe80::24f1:23ff:fe29:66,ff02::204,N/A,N/A,N/A,N/A,N/A,N/A,,,1
1759293258,any,92,N/A,IPv6,ICMP,N/A,v6,fe80::24f1:23ff:fe29:66,ff02::179,N/A,N/A,N/A,N/A,N/A,N/A,,,1
1759293258,any,109,N/A,N/A,N/A,N/A,N/A,N/A,N/A,N/A,N/A,N/A,N/A,N/A,N/A,,,0
1759293258,eth0,107,Ethernet,N/A,N/A,N/A,N/A,N/A,N/A,N/A,N/A,N/A,N/A,N/A,N/A,,,0
1759293258,eth0,90,Ethernet,IPv6,ICMP,N/A,v6,fe80::24f1:23ff:fe29:66,ff02::179,N/A,N/A,N/A,N/A,N/A,N/A,,,1
1759293258,eth0,54,Ethernet,IPv4,N/A,N/A,v4,172.30.0.23,224.0.0.22,N/A,N/A,N/A,N/A,N/A,N/A,,,1
1759293258,any,56,N/A,IPv4,N/A,N/A,v4,172.30.0.163,224.0.0.22,N/A,N/A,N/A,N/A,N/A,N/A,,,1
1759293258,eth0,54,Ethernet,IPv4,N/A,N/A,v4,172.30.0.163,224.0.0.22,N/A,N/A,N/A,N/A,N/A,N/A,,,1
1759293258,any,89,N/A,IPv6,UDP,N/A,v6,fe80::24f1:23ff:fe29:66,ff02::1:52,5355,5355,N/A,N/A,N/A,N/A,,,1
1759293258,eth0,87,Ethernet,IPv6,UDP,N/A,v6,fe80::24f1:23ff:fe29:66,ff02::1:52,5355,5355,N/A,N/A,N/A,N/A,,,1
1759293258,eth0,67,Ethernet,IPv4,UDP,N/A,v4,172.30.0.23,224.0.0.252,5355,5355,N/A,N/A,N/A,N/A,,,1
1759293258,any,358,N/A,IPv4,UDP,N/A,v4,0.0.0.0,255.255.255.255,68,67,N/A,N/A,N/A,N/A,,,1
1759293258,eth0,356,Ethernet,IPv4,UDP,N/A,v4,0.0.0.0,255.255.255.255,68,67,N/A,N/A,N/A,N/A,,,1
1759293258,any,370,N/A,IPv4,UDP,N/A,v4,0.0.0.0,255.255.255.255,68,67,N/A,N/A,N/A,N/A,,,1
1759293258,eth0,368,Ethernet,IPv4,UDP,N/A,v4,0.0.0.0,255.255.255.255,68,67,N/A,N/A,N/A,N/A,,,1
1759293258,any,112,N/A,IPv6,ICMP,N/A,v6,fe80::7827:e3ff:fe68:239,ff02::179,N/A,N/A,N/A,N/A,N/A,N/A,,,1
1759293258,eth1,110,Ethernet,IPv6,ICMP,N/A,v6,fe80::7827:e3ff:fe68:239,ff02::179,N/A,N/A,N/A,N/A,N/A,N/A,,,1
1759293258,eth0,110,Ethernet,IPv6,ICMP,N/A,v6,fe80::24f1:23ff:fe29:66,ff02::179,N/A,N/A,N/A,N/A,N/A,N/A,,,1
1759293258,eth0,54,Ethernet,IPv4,N/A,N/A,v4,172.30.0.23,224.0.0.22,N/A,N/A,N/A,N/A,N/A,N/A,,,1
1759293258,any,112,N/A,IPv6,ICMP,N/A,v6,fe80::24f1:23ff:fe29:66,ff02::179,N/A,N/A,N/A,N/A,N/A,N/A,,,1
1759293258,any,44,ARP,N/A,N/A,N/A,N/A,N/A,N/A,N/A,N/A,1,2048,172.30.0.23,172.30.0.122,,,1
1759293258,eth0,42,Ethernet,N/A,N/A,N/A,N/A,N/A,N/A,N/A,N/A,N/A,N/A,N/A,N/A,,,1
1759293258,eth0,110,Ethernet,IPv6,ICMP,N/A,v6,fe80::24f1:23ff:fe29:66,ff02::179,N/A,N/A,N/A,N/A,N/A,N/A,,,1
1759293258,any,112,N/A,IPv6,ICMP,N/A,v6,fe80::24f1:23ff:fe29:66,ff02::179,N/A,N/A,N/A,N/A,N/A,N/A,,,1
1759293259,eth0,90,Ethernet,IPv6,ICMP,N/A,v6,fe80::5ca9:83ff:fe87:27,ff02::179,N/A,N/A,N/A,N/A,N/A,N/A,,,0
1759293259,eth0,54,Ethernet,IPv4,N/A,N/A,v4,172.30.0.220,224.0.0.22,N/A,N/A,N/A,N/A,N/A,N/A,,,0
1759293259,any,92,N/A,IPv6,ICMP,N/A,v6,fe80::5ca9:83ff:fe87:27,ff02::179,N/A,N/A,N/A,N/A,N/A,N/A,,,0
1759293259,eth0,67,Ethernet,IPv4,UDP,N/A,v4,172.30.0.220,224.0.0.252,5355,5355,N/A,N/A,N/A,N/A,,,0
1759293259,any,69,N/A,IPv4,UDP,N/A,v4,172.30.0.220,224.0.0.252,5355,5355,N/A,N/A,N/A,N/A,,,0
1759293259,eth0,356,Ethernet,IPv4,UDP,N/A,v4,0.0.0.0,255.255.255.255,68,67,N/A,N/A,N/A,N/A,,,0
1759293259,any,358,N/A,IPv4,UDP,N/A,v4,0.0.0.0,255.255.255.255,68,67,N/A,N/A,N/A,N/A,,,0
1759293259,eth0,368,Ethernet,IPv4,UDP,N/A,v4,0.0.0.0,255.255.255.255,68,67,N/A,N/A,N/A,N/A,,,0
1759293259,any,370,N/A,IPv4,UDP,N/A,v4,0.0.0.0,255.255.255.255,68,67,N/A,N/A,N/A,N/A,,,0
1759293259,eth1,110,Ethernet,IPv6,ICMP,N/A,v6,fe80::a824:52ff:fe4f:69,ff02::179,N/A,N/A,N/A,N/A,N/A,N/A,,,0
1759293259,any,112,N/A,IPv6,ICMP,N/A,v6,fe80::a824:52ff:fe4f:69,ff02::179,N/A,N/A,N/A,N/A,N/A,N/A,,,0
1759293259,eth0,54,Ethernet,IPv4,N/A,N/A,v4,172.30.0.220,224.0.0.22,N/A,N/A,N/A,N/A,N/A,N/A,,,0
1759293259,eth0,110,Ethernet,IPv6,ICMP,N/A,v6,fe80::5ca9:83ff:fe87:27,ff02::179,N/A,N/A,N/A,N/A,N/A,N/A,,,0
1759293259,any,56,N/A,IPv4,N/A,N/A,v4,172.30.0.220,224.0.0.22,N/A,N/A,N/A,N/A,N/A,N/A,,,0
1759293259,any,56,N/A,IPv4,N/A,N/A,v4,172.30.0.220,224.0.0.22,N/A,N/A,N/A,N/A,N/A,N/A,,,0
1759293259,eth0,54,Ethernet,IPv4,N/A,N/A,v4,172.30.0.220,224.0.0.22,N/A,N/A,N/A,N/A,N/A,N/A,,,0
1759293259,eth0,110,Ethernet,IPv6,ICMP,N/A,v6,fe80::5ca9:83ff:fe87:27,ff02::179,N/A,N/A,N/A,N/A,N/A,N/A,,,0
1759293259,any,112,N/A,IPv6,ICMP,N/A,v6,fe80::5ca9:83ff:fe87:27,ff02::179,N/A,N/A,N/A,N/A,N/A,N/A,,,0
1759293259,any,112,N/A,IPv6,ICMP,N/A,v6,fe80::b0b5:44ff:feea:219,ff02::179,N/A,N/A,N/A,N/A,N/A,N/A,,,1
1759293259,eth0,110,Ethernet,IPv6,ICMP,N/A,v6,fe80::b0b5:44ff:feea:219,ff02::179,N/A,N/A,N/A,N/A,N/A,N/A,,,1
1759293259,eth0,90,Ethernet,IPv6,ICMP,N/A,v6,fe80::e48e:99ff:fe5f:147,ff02::179,N/A,N/A,N/A,N/A,N/A,N/A,,,1
1759293259,eth0,54,Ethernet,IPv4,N/A,N/A,v4,172.30.0.220,224.0.0.22,N/A,N/A,N/A,N/A,N/A,N/A,,,1
1759293259,any,92,N/A,IPv6,ICMP,N/A,v6,fe80::e48e:99ff:fe5f:147,ff02::179,N/A,N/A,N/A,N/A,N/A,N/A,,,1
1759293259,any,112,N/A,IPv6,ICMP,N/A,v6,fe80::780a:a9ff:fee6:89,ff02::179,N/A,N/A,N/A,N/A,N/A,N/A,,,1
1759293259,eth1,110,Ethernet,IPv6,ICMP,N/A,v6,fe80::780a:a9ff:fee6:89,ff02::179,N/A,N/A,N/A,N/A,N/A,N/A,,,1
1759293259,eth0,91,Ethernet,IPv6,UDP,N/A,v6,fe80::e48e:99ff:fe5f:147,ff02::1:52,5355,5355,N/A,N/A,N/A,N/A,,,1
1759293259,any,93,N/A,IPv6,UDP,N/A,v6,fe80::e48e:99ff:fe5f:147,ff02::1:52,5355,5355,N/A,N/A,N/A,N/A,,,1
1759293259,eth0,71,Ethernet,IPv4,UDP,N/A,v4,172.30.0.220,224.0.0.252,5355,5355,N/A,N/A,N/A,N/A,,,1
1759293259,any,73,N/A,IPv4,UDP,N/A,v4,172.30.0.220,224.0.0.252,5355,5355,N/A,N/A,N/A,N/A,,,1
1759293259,eth0,360,Ethernet,IPv4,UDP,N/A,v4,0.0.0.0,255.255.255.255,68,67,N/A,N/A,N/A,N/A,,,1
1759293259,any,362,N/A,IPv4,UDP,N/A,v4,0.0.0.0,255.255.255.255,68,67,N/A,N/A,N/A,N/A,,,1
1759293259,eth2,110,Ethernet,IPv6,ICMP,N/A,v6,fe80::dcac:f9ff:fe59:60,ff02::179,N/A,N/A,N/A,N/A,N/A,N/A,,,1
1759293259,any,112,N/A,IPv6,ICMP,N/A,v6,fe80::e48e:99ff:fe5f:147,ff02::179,N/A,N/A,N/A,N/A,N/A,N/A,,,1
1759293259,eth0,110,Ethernet,IPv6,ICMP,N/A,v6,fe80::e48e:99ff:fe5f:147,ff02::179,N/A,N/A,N/A,N/A,N/A,N/A,,,1
1759293259,eth1,110,Ethernet,IPv6,ICMP,N/A,v6,fe80::f056:abff:fe65:143,ff02::179,N/A,N/A,N/A,N/A,N/A,N/A,,,1
1759293259,eth0,372,Ethernet,IPv4,UDP,N/A,v4,0.0.0.0,255.255.255.255,68,67,N/A,N/A,N/A,N/A,,,1
1759293259,any,374,N/A,IPv4,UDP,N/A,v4,0.0.0.0,255.255.255.255,68,67,N/A,N/A,N/A,N/A,,,1
1759293259,eth0,110,Ethernet,IPv6,ICMP,N/A,v6,fe80::e48e:99ff:fe5f:147,ff02::179,N/A,N/A,N/A,N/A,N/A,N/A,,,1
1759293259,eth0,54,Ethernet,IPv4,N/A,N/A,v4,172.30.0.220,224.0.0.22,N/A,N/A,N/A,N/A,N/A,N/A,,,1
1759293259,any,112,N/A,IPv6,ICMP,N/A,v6,fe80::e48e:99ff:fe5f:147,ff02::179,N/A,N/A,N/A,N/A,N/A,N/A,,,1
1759293259,eth2,110,Ethernet,IPv6,ICMP,N/A,v6,fe80::dcac:f9ff:fe59:60,ff02::179,N/A,N/A,N/A,N/A,N/A,N/A,,,1
1759293259,any,112,N/A,IPv6,ICMP,N/A,v6,fe80::dcac:f9ff:fe59:60,ff02::179,N/A,N/A,N/A,N/A,N/A,N/A,,,1
1759293259,eth0,360,Ethernet,IPv4,UDP,N/A,v4,0.0.0.0,255.255.255.255,68,67,N/A,N/A,N/A,N/A,,,1
1759293259,any,362,N/A,IPv4,UDP,N/A,v4,0.0.0.0,255.255.255.255,68,67,N/A,N/A,N/A,N/A,,,1
1759293259,eth0,372,Ethernet,IPv4,UDP,N/A,v4,0.0.0.0,255.255.255.255,68,67,N/A,N/A,N/A,N/A,,,1
1759293259,any,374,N/A,IPv4,UDP,N/A,v4,0.0.0.0,255.255.255.255,68,67,N/A,N/A,N/A,N/A,,,1
1759293259,eth2,110,Ethernet,IPv6,ICMP,N/A,v6,fe80::dcac:f9ff:fe59:60,ff02::179,N/A,N/A,N/A,N/A,N/A,N/A,,,1
1759293259,any,112,N/A,IPv6,ICMP,N/A,v6,fe80::e48e:99ff:fe5f:147,ff02::179,N/A,N/A,N/A,N/A,N/A,N/A,,,1
1759293259,any,44,ARP,N/A,N/A,N/A,N/A,N/A,N/A,N/A,N/A,1,2048,172.30.0.220,172.30.0.122,,,1
1759293259,any,58,ARP,N/A,N/A,N/A,N/A,N/A,N/A,N/A,N/A,2,2048,172.30.0.122,172.30.0.220,,,1
1759293259,any,58,ARP,N/A,N/A,N/A,N/A,N/A,N/A,N/A,N/A,2,2048,172.30.0.122,172.30.0.220,,,1
1759293259,eth0,110,Ethernet,IPv6,ICMP,N/A,v6,fe80::e48e:99ff:fe5f:147,ff02::179,N/A,N/A,N/A,N/A,N/A,N/A,,,1
1759293259,eth0,42,Ethernet,N/A,N/A,N/A,N/A,N/A,N/A,N/A,N/A,N/A,N/A,N/A,N/A,,,1
1759293259,eth0,56,Ethernet,N/A,N/A,N/A,N/A,N/A,N/A,N/A,N/A,N/A,N/A,N/A,N/A,,,1
1759293259,eth0,56,Ethernet,N/A,N/A,N/A,N/A,N/A,N/A,N/A,N/A,N/A,N/A,N/A,N/A,,,1
1759293259,eth1,110,Ethernet,IPv6,ICMP,N/A,v6,fe80::f056:abff:fe65:143,ff02::179,N/A,N/A,N/A,N/A,N/A,N/A,,,1
1759293259,eth0,54,Ethernet,IPv4,N/A,N/A,v4,172.30.0.23,224.0.0.22,N/A,N/A,N/A,N/A,N/A,N/A,,,1
1759293259,any,56,N/A,IPv4,N/A,N/A,v4,172.30.0.23,224.0.0.22,N/A,N/A,N/A,N/A,N/A,N/A,,,1
1759293259,eth1,70,Ethernet,IPv6,ICMP,N/A,v6,fe80::780a:a9ff:fee6:89,ff02::204,N/A,N/A,N/A,N/A,N/A,N/A,,,1
1759293259,eth0,70,Ethernet,IPv6,ICMP,N/A,v6,fe80::b0b5:44ff:feea:219,ff02::204,N/A,N/A,N/A,N/A,N/A,N/A,,,1
1759293259,any,72,N/A,IPv6,ICMP,N/A,v6,fe80::b0b5:44ff:feea:219,ff02::204,N/A,N/A,N/A,N/A,N/A,N/A,,,1
1759293259,any,72,N/A,IPv6,ICMP,N/A,v6,fe80::780a:a9ff:fee6:89,ff02::204,N/A,N/A,N/A,N/A,N/A,N/A,,,1
1759293259,any,112,N/A,IPv6,ICMP,N/A,v6,fe80::7827:e3ff:fe68:239,ff02::179,N/A,N/A,N/A,N/A,N/A,N/A,,,1
1759293259,eth1,110,Ethernet,IPv6,ICMP,N/A,v6,fe80::7827:e3ff:fe68:239,ff02::179,N/A,N/A,N/A,N/A,N/A,N/A,,,1
1759293259,any,92,N/A,IPv6,ICMP,N/A,v6,fe80::e48e:99ff:fe5f:147,ff02::179,N/A,N/A,N/A,N/A,N/A,N/A,,,1
1759293259,eth0,90,Ethernet,IPv6,ICMP,N/A,v6,fe80::e48e:99ff:fe5f:147,ff02::179,N/A,N/A,N/A,N/A,N/A,N/A,,,1
1759293259,eth0,70,Ethernet,IPv6,ICMP,N/A,v6,fe80::24f1:23ff:fe29:66,ff02::204,N/A,N/A,N/A,N/A,N/A,N/A,,,1
1759293259,eth1,70,Ethernet,IPv6,ICMP,N/A,v6,fe80::7827:e3ff:fe68:239,ff02::204,N/A,N/A,N/A,N/A,N/A,N/A,,,1
1759293259,any,72,N/A,IPv6,ICMP,N/A,v6,fe80::7827:e3ff:fe68:239,ff02::204,N/A,N/A,N/A,N/A,N/A,N/A,,,1
1759293259,eth0,54,Ethernet,IPv4,N/A,N/A,v4,172.30.0.220,224.0.0.22,N/A,N/A,N/A,N/A,N/A,N/A,,,1
1759293259,any,56,N/A,IPv4,N/A,N/A,v4,172.30.0.220,224.0.0.22,N/A,N/A,N/A,N/A,N/A,N/A,,,1
1759293259,any,112,N/A,IPv6,ICMP,N/A,v6,fe80::f056:abff:fe65:143,ff02::179,N/A,N/A,N/A,N/A,N/A,N/A,,,1
1759293259,eth1,110,Ethernet,IPv6,ICMP,N/A,v6,fe80::f056:abff:fe65:143,ff02::179,N/A,N/A,N/A,N/A,N/A,N/A,,,1
1759293259,any,112,N/A,IPv6,ICMP,N/A,v6,fe80::dcac:f9ff:fe59:60,ff02::179,N/A,N/A,N/A,N/A,N/A,N/A,,,1
1759293259,eth2,110,Ethernet,IPv6,ICMP,N/A,v6,fe80::dcac:f9ff:fe59:60,ff02::179,N/A,N/A,N/A,N/A,N/A,N/A,,,1
1759293259,any,44,ARP,N/A,N/A,N/A,N/A,N/A,N/A,N/A,N/A,1,2048,172.30.0.220,172.30.0.122,,,0
1759293259,any,58,ARP,N/A,N/A,N/A,N/A,N/A,N/A,N/A,N/A,2,2048,172.30.0.122,172.30.0.220,,,0
1759293259,any,72,N/A,IPv6,ICMP,N/A,v6,fe80::5ca9:83ff:fe87:27,ff02::204,N/A,N/A,N/A,N/A,N/A,N/A,,,0
1759293259,any,72,N/A,IPv6,ICMP,N/A,v6,fe80::a824:52ff:fe4f:69,ff02::204,N/A,N/A,N/A,N/A,N/A,N/A,,,0
1759293259,eth0,42,Ethernet,N/A,N/A,N/A,N/A,N/A,N/A,N/A,N/A,N/A,N/A,N/A,N/A,,,0
1759293259,eth0,56,Ethernet,N/A,N/A,N/A,N/A,N/A,N/A,N/A,N/A,N/A,N/A,N/A,N/A,,,0
1759293259,eth0,56,Ethernet,N/A,N/A,N/A,N/A,N/A,N/A,N/A,N/A,N/A,N/A,N/A,N/A,,,0
1759293259,eth0,70,Ethernet,IPv6,ICMP,N/A,v6,fe80::5ca9:83ff:fe87:27,ff02::204,N/A,N/A,N/A,N/A,N/A,N/A,,,0
1759293259,eth1,70,Ethernet,IPv6,ICMP,N/A,v6,fe80::a824:52ff:fe4f:69,ff02::204,N/A,N/A,N/A,N/A,N/A,N/A,,,0
1759293260,eth0,90,Ethernet,IPv6,ICMP,N/A,v6,fe80::ecf9:eff:fefb:55,ff02::179,N/A,N/A,N/A,N/A,N/A,N/A,,,1
1759293260,eth0,56,Ethernet,IPv4,N/A,N/A,v4,172.30.0.89,224.0.0.22,N/A,N/A,N/A,N/A,N/A,N/A,,,1
1759293260,any,92,N/A,IPv6,ICMP,N/A,v6,fe80::ecf9:eff:fefb:55,ff02::179,N/A,N/A,N/A,N/A,N/A,N/A,,,1
1759293260,any,58,N/A,IPv4,N/A,N/A,v4,172.30.0.89,224.0.0.22,N/A,N/A,N/A,N/A,N/A,N/A,,,1
1759293260,eth0,87,Ethernet,IPv6,UDP,N/A,v6,fe80::ecf9:eff:fefb:55,ff02::1:52,5355,5355,N/A,N/A,N/A,N/A,,,1
1759293260,eth0,67,Ethernet,IPv4,UDP,N/A,v4,172.30.0.89,224.0.0.252,5355,5355,N/A,N/A,N/A,N/A,,,1
1759293260,any,89,N/A,IPv6,UDP,N/A,v6,fe80::ecf9:eff:fefb:55,ff02::1:52,5355,5355,N/A,N/A,N/A,N/A,,,1
1759293260,any,358,N/A,IPv4,UDP,N/A,v4,0.0.0.0,255.255.255.255,68,67,N/A,N/A,N/A,N/A,,,1
1759293260,eth0,356,Ethernet,IPv4,UDP,N/A,v4,0.0.0.0,255.255.255.255,68,67,N/A,N/A,N/A,N/A,,,1
1759293260,any,370,N/A,IPv4,UDP,N/A,v4,0.0.0.0,255.255.255.255,68,67,N/A,N/A,N/A,N/A,,,1
1759293260,eth0,368,Ethernet,IPv4,UDP,N/A,v4,0.0.0.0,255.255.255.255,68,67,N/A,N/A,N/A,N/A,,,1
1759293260,any,112,N/A,IPv6,ICMP,N/A,v6,fe80::103b:bdff:fef0:169,ff02::179,N/A,N/A,N/A,N/A,N/A,N/A,,,1
1759293260,eth1,110,Ethernet,IPv6,ICMP,N/A,v6,fe80::103b:bdff:fef0:169,ff02::179,N/A,N/A,N/A,N/A,N/A,N/A,,,1
1759293260,any,112,N/A,IPv6,ICMP,N/A,v6,fe80::ecf9:eff:fefb:55,ff02::179,N/A,N/A,N/A,N/A,N/A,N/A,,,1
1759293260,any,58,N/A,IPv4,N/A,N/A,v4,172.30.0.89,224.0.0.22,N/A,N/A,N/A,N/A,N/A,N/A,,,1
1759293260,eth0,110,Ethernet,IPv6,ICMP,N/A,v6,fe80::ecf9:eff:fefb:55,ff02::179,N/A,N/A,N/A,N/A,N/A,N/A,,,1
1759293260,eth0,56,Ethernet,IPv4,N/A,N/A,v4,172.30.0.89,224.0.0.22,N/A,N/A,N/A,N/A,N/A,N/A,,,1
1759293260,any,58,ARP,N/A,N/A,N/A,N/A,N/A,N/A,N/A,N/A,1,2048,172.30.0.89,172.30.0.122,,,1
1759293260,eth0,56,Ethernet,N/A,N/A,N/A,N/A,N/A,N/A,N/A,N/A,N/A,N/A,N/A,N/A,,,1
1759293260,eth0,111,Ethernet,N/A,N/A,N/A,N/A,N/A,N/A,N/A,N/A,N/A,N/A,N/A,N/A,,,1
1759293260,eth0,70,Ethernet,IPv6,ICMP,N/A,v6,fe80::e48e:99ff:fe5f:147,ff02::204,N/A,N/A,N/A,N/A,N/A,N/A,,,1
1759293260,eth2,70,Ethernet,IPv6,ICMP,N/A,v6,fe80::dcac:f9ff:fe59:60,ff02::204,N/A,N/A,N/A,N/A,N/A,N/A,,,1
1759293260,eth1,70,Ethernet,IPv6,ICMP,N/A,v6,fe80::f056:abff:fe65:143,ff02::204,N/A,N/A,N/A,N/A,N/A,N/A,,,1
1759293260,any,72,N/A,IPv6,ICMP,N/A,v6,fe80::dcac:f9ff:fe59:60,ff02::204,N/A,N/A,N/A,N/A,N/A,N/A,,,1
1759293260,any,112,N/A,IPv6,ICMP,N/A,v6,fe80::103b:bdff:fef0:169,ff02::179,N/A,N/A,N/A,N/A,N/A,N/A,,,1
1759293260,eth1,110,Ethernet,IPv6,ICMP,N/A,v6,fe80::103b:bdff:fef0:169,ff02::179,N/A,N/A,N/A,N/A,N/A,N/A,,,1
1759293260,any,112,N/A,IPv6,ICMP,N/A,v6,fe80::ecf9:eff:fefb:55,ff02::179,N/A,N/A,N/A,N/A,N/A,N/A,,,1
1759293260,eth0,110,Ethernet,IPv6,ICMP,N/A,v6,fe80::ecf9:eff:fefb:55,ff02::179,N/A,N/A,N/A,N/A,N/A,N/A,,,1
1759293260,any,112,N/A,IPv6,ICMP,N/A,v6,fe80::a824:52ff:fe4f:69,ff02::179,N/A,N/A,N/A,N/A,N/A,N/A,,,0
1759293260,eth1,110,Ethernet,IPv6,ICMP,N/A,v6,fe80::a824:52ff:fe4f:69,ff02::179,N/A,N/A,N/A,N/A,N/A,N/A,,,0
1759293260,eth0,107,Ethernet,N/A,N/A,N/A,N/A,N/A,N/A,N/A,N/A,N/A,N/A,N/A,N/A,,,0
1759293260,any,109,N/A,N/A,N/A,N/A,N/A,N/A,N/A,N/A,N/A,N/A,N/A,N/A,N/A,,,0
1759293261,eth0,56,Ethernet,IPv4,N/A,N/A,v4,172.30.0.89,224.0.0.22,N/A,N/A,N/A,N/A,N/A,N/A,,,1
1759293261,any,58,N/A,IPv4,N/A,N/A,v4,172.30.0.89,224.0.0.22,N/A,N/A,N/A,N/A,N/A,N/A,,,1
1759293261,any,113,N/A,N/A,N/A,N/A,N/A,N/A,N/A,N/A,N/A,N/A,N/A,N/A,N/A,,,1
1759293261,eth0,111,Ethernet,N/A,N/A,N/A,N/A,N/A,N/A,N/A,N/A,N/A,N/A,N/A,N/A,,,1
1759293261,eth0,70,Ethernet,IPv6,ICMP,N/A,v6,fe80::ecf9:eff:fefb:55,ff02::204,N/A,N/A,N/A,N/A,N/A,N/A,,,1
1759293261,any,72,N/A,IPv6,ICMP,N/A,v6,fe80::ecf9:eff:fefb:55,ff02::204,N/A,N/A,N/A,N/A,N/A,N/A,,,1
1759293261,any,72,N/A,IPv6,ICMP,N/A,v6,fe80::103b:bdff:fef0:169,ff02::204,N/A,N/A,N/A,N/A,N/A,N/A,,,1
1759293261,eth1,70,Ethernet,IPv6,ICMP,N/A,v6,fe80::103b:bdff:fef0:169,ff02::204,N/A,N/A,N/A,N/A,N/A,N/A,,,1
1759293261,eth0,107,Ethernet,N/A,N/A,N/A,N/A,N/A,N/A,N/A,N/A,N/A,N/A,N/A,N/A,,,0
1759293261,any,109,N/A,N/A,N/A,N/A,N/A,N/A,N/A,N/A,N/A,N/A,N/A,N/A,N/A,,,0
1759293262,eth0,90,Ethernet,IPv6,ICMP,N/A,v6,fe80::b0b5:44ff:feea:219,ff02::179,N/A,N/A,N/A,N/A,N/A,N/A,,,1
1759293262,eth0,54,Ethernet,IPv4,N/A,N/A,v4,172.30.0.163,224.0.0.22,N/A,N/A,N/A,N/A,N/A,N/A,,,1
1759293262,any,92,N/A,IPv6,ICMP,N/A,v6,fe80::b0b5:44ff:feea:219,ff02::179,N/A,N/A,N/A,N/A,N/A,N/A,,,1
1759293262,any,56,N/A,IPv4,N/A,N/A,v4,172.30.0.163,224.0.0.22,N/A,N/A,N/A,N/A,N/A,N/A,,,1
1759293262,eth0,88,Ethernet,IPv6,UDP,N/A,v6,fe80::b0b5:44ff:feea:219,ff02::1:52,5355,5355,N/A,N/A,N/A,N/A,,,1
1759293262,any,90,N/A,IPv6,UDP,N/A,v6,fe80::b0b5:44ff:feea:219,ff02::1:52,5355,5355,N/A,N/A,N/A,N/A,,,1
1759293262,any,70,N/A,IPv4,UDP,N/A,v4,172.30.0.163,224.0.0.252,5355,5355,N/A,N/A,N/A,N/A,,,1
1759293262,eth0,68,Ethernet,IPv4,UDP,N/A,v4,172.30.0.163,224.0.0.252,5355,5355,N/A,N/A,N/A,N/A,,,1
1759293262,any,359,N/A,IPv4,UDP,N/A,v4,0.0.0.0,255.255.255.255,68,67,N/A,N/A,N/A,N/A,,,1
1759293262,eth0,357,Ethernet,IPv4,UDP,N/A,v4,0.0.0.0,255.255.255.255,68,67,N/A,N/A,N/A,N/A,,,1
1759293262,any,371,N/A,IPv4,UDP,N/A,v4,0.0.0.0,255.255.255.255,68,67,N/A,N/A,N/A,N/A,,,1
1759293262,eth0,369,Ethernet,IPv4,UDP,N/A,v4,0.0.0.0,255.255.255.255,68,67,N/A,N/A,N/A,N/A,,,1
1759293262,any,112,N/A,IPv6,ICMP,N/A,v6,fe80::780a:a9ff:fee6:89,ff02::179,N/A,N/A,N/A,N/A,N/A,N/A,,,1
1759293262,eth1,110,Ethernet,IPv6,ICMP,N/A,v6,fe80::780a:a9ff:fee6:89,ff02::179,N/A,N/A,N/A,N/A,N/A,N/A,,,1
1759293262,eth0,110,Ethernet,IPv6,ICMP,N/A,v6,fe80::b0b5:44ff:feea:219,ff02::179,N/A,N/A,N/A,N/A,N/A,N/A,,,1
1759293262,eth0,54,Ethernet,IPv4,N/A,N/A,v4,172.30.0.163,224.0.0.22,N/A,N/A,N/A,N/A,N/A,N/A,,,1
1759293262,any,112,N/A,IPv6,ICMP,N/A,v6,fe80::b0b5:44ff:feea:219,ff02::179,N/A,N/A,N/A,N/A,N/A,N/A,,,1
1759293262,any,56,N/A,IPv4,N/A,N/A,v4,172.30.0.163,224.0.0.22,N/A,N/A,N/A,N/A,N/A,N/A,,,1
1759293262,any,44,ARP,N/A,N/A,N/A,N/A,N/A,N/A,N/A,N/A,1,2048,172.30.0.163,172.30.0.122,,,1
1759293262,eth0,42,Ethernet,N/A,N/A,N/A,N/A,N/A,N/A,N/A,N/A,N/A,N/A,N/A,N/A,,,1
1759293262,eth0,111,Ethernet,N/A,N/A,N/A,N/A,N/A,N/A,N/A,N/A,N/A,N/A,N/A,N/A,,,1
1759293262,any,113,N/A,N/A,N/A,N/A,N/A,N/A,N/A,N/A,N/A,N/A,N/A,N/A,N/A,,,1
1759293262,any,112,N/A,IPv6,ICMP,N/A,v6,fe80::780a:a9ff:fee6:89,ff02::179,N/A,N/A,N/A,N/A,N/A,N/A,,,1
1759293262,eth1,110,Ethernet,IPv6,ICMP,N/A,v6,fe80::780a:a9ff:fee6:89,ff02::179,N/A,N/A,N/A,N/A,N/A,N/A,,,1
1759293262,eth0,54,Ethernet,IPv4,N/A,N/A,v4,172.30.0.163,224.0.0.22,N/A,N/A,N/A,N/A,N/A,N/A,,,1
1759293262,any,92,N/A,IPv6,ICMP,N/A,v6,fe80::24f1:23ff:fe29:66,ff02::179,N/A,N/A,N/A,N/A,N/A,N/A,,,1
1759293262,eth0,90,Ethernet,IPv6,ICMP,N/A,v6,fe80::24f1:23ff:fe29:66,ff02::179,N/A,N/A,N/A,N/A,N/A,N/A,,,1
1759293262,eth0,54,Ethernet,IPv4,N/A,N/A,v4,172.30.0.23,224.0.0.22,N/A,N/A,N/A,N/A,N/A,N/A,,,1
1759293262,eth0,87,Ethernet,IPv6,UDP,N/A,v6,fe80::24f1:23ff:fe29:66,ff02::1:52,5355,5355,N/A,N/A,N/A,N/A,,,1
1759293262,any,89,N/A,IPv6,UDP,N/A,v6,fe80::24f1:23ff:fe29:66,ff02::1:52,5355,5355,N/A,N/A,N/A,N/A,,,1
1759293262,eth0,356,Ethernet,IPv4,UDP,N/A,v4,0.0.0.0,255.255.255.255,68,67,N/A,N/A,N/A,N/A,,,1
1759293262,any,358,N/A,IPv4,UDP,N/A,v4,0.0.0.0,255.255.255.255,68,67,N/A,N/A,N/A,N/A,,,1
1759293262,any,370,N/A,IPv4,UDP,N/A,v4,0.0.0.0,255.255.255.255,68,67,N/A,N/A,N/A,N/A,,,1
1759293262,eth0,368,Ethernet,IPv4,UDP,N/A,v4,0.0.0.0,255.255.255.255,68,67,N/A,N/A,N/A,N/A,,,1
1759293262,any,112,N/A,IPv6,ICMP,N/A,v6,fe80::7827:e3ff:fe68:239,ff02::179,N/A,N/A,N/A,N/A,N/A,N/A,,,1
1759293262,eth1,110,Ethernet,IPv6,ICMP,N/A,v6,fe80::7827:e3ff:fe68:239,ff02::179,N/A,N/A,N/A,N/A,N/A,N/A,,,1
1759293262,any,112,N/A,IPv6,ICMP,N/A,v6,fe80::24f1:23ff:fe29:66,ff02::179,N/A,N/A,N/A,N/A,N/A,N/A,,,1
1759293262,eth0,110,Ethernet,IPv6,ICMP,N/A,v6,fe80::24f1:23ff:fe29:66,ff02::179,N/A,N/A,N/A,N/A,N/A,N/A,,,1
1759293262,eth0,54,Ethernet,IPv4,N/A,N/A,v4,172.30.0.23,224.0.0.22,N/A,N/A,N/A,N/A,N/A,N/A,,,1
1759293262,eth0,107,Ethernet,N/A,N/A,N/A,N/A,N/A,N/A,N/A,N/A,N/A,N/A,N/A,N/A,,,0
1759293262,any,109,N/A,N/A,N/A,N/A,N/A,N/A,N/A,N/A,N/A,N/A,N/A,N/A,N/A,,,0
1759293263,any,112,N/A,IPv6,ICMP,N/A,v6,fe80::7827:e3ff:fe68:239,ff02::179,N/A,N/A,N/A,N/A,N/A,N/A,,,1
1759293263,eth1,110,Ethernet,IPv6,ICMP,N/A,v6,fe80::7827:e3ff:fe68:239,ff02::179,N/A,N/A,N/A,N/A,N/A,N/A,,,1
1759293263,eth0,110,Ethernet,IPv6,ICMP,N/A,v6,fe80::24f1:23ff:fe29:66,ff02::179,N/A,N/A,N/A,N/A,N/A,N/A,,,1
1759293263,any,112,N/A,IPv6,ICMP,N/A,v6,fe80::24f1:23ff:fe29:66,ff02::179,N/A,N/A,N/A,N/A,N/A,N/A,,,1
1759293263,eth0,70,Ethernet,IPv6,ICMP,N/A,v6,fe80::b0b5:44ff:feea:219,ff02::204,N/A,N/A,N/A,N/A,N/A,N/A,,,1
1759293263,any,72,N/A,IPv6,ICMP,N/A,v6,fe80::780a:a9ff:fee6:89,ff02::204,N/A,N/A,N/A,N/A,N/A,N/A,,,1
1759293263,eth1,70,Ethernet,IPv6,ICMP,N/A,v6,fe80::780a:a9ff:fee6:89,ff02::204,N/A,N/A,N/A,N/A,N/A,N/A,,,1
1759293263,any,352,N/A,IPv4,TCP,N/A,v4,10.10.10.109,10.10.10.68,1337,55078,N/A,N/A,N/A,N/A,,,1
1759293263,any,76,N/A,IPv4,TCP,N/A,v4,10.10.10.109,10.10.10.68,1338,54246,N/A,N/A,N/A,N/A,,,1
1759293263,any,206,N/A,IPv4,TCP,N/A,v4,10.10.10.68,10.10.10.109,54246,1338,N/A,N/A,N/A,N/A,,,1
1759293263,eth1,350,Ethernet,IPv4,TCP,N/A,v4,10.10.10.109,10.10.10.68,1337,55078,N/A,N/A,N/A,N/A,,,1
1759293263,eth1,74,Ethernet,IPv4,TCP,N/A,v4,10.10.10.68,10.10.10.109,54246,1338,N/A,N/A,N/A,N/A,,,1
1759293263,eth1,74,Ethernet,IPv4,TCP,N/A,v4,10.10.10.109,10.10.10.68,1338,54246,N/A,N/A,N/A,N/A,,,1
1759293263,eth1,66,Ethernet,IPv4,TCP,N/A,v4,10.10.10.68,10.10.10.109,54246,1338,N/A,N/A,N/A,N/A,,,1
1759293263,eth1,204,Ethernet,IPv4,TCP,N/A,v4,10.10.10.68,10.10.10.109,54246,1338,N/A,N/A,N/A,N/A,,,1
1759293263,eth1,66,Ethernet,IPv4,TCP,N/A,v4,10.10.10.109,10.10.10.68,1338,54246,N/A,N/A,N/A,N/A,,,1
1759293263,any,68,N/A,IPv4,TCP,N/A,v4,10.10.10.109,10.10.10.68,1338,54246,N/A,N/A,N/A,N/A,,,1
1759293263,any,252,N/A,IPv4,TCP,N/A,v4,10.10.10.109,10.10.10.68,1338,54246,N/A,N/A,N/A,N/A,,,1
1759293263,eth1,250,Ethernet,IPv4,TCP,N/A,v4,10.10.10.109,10.10.10.68,1338,54246,N/A,N/A,N/A,N/A,,,1
1759293263,eth1,66,Ethernet,IPv4,TCP,N/A,v4,10.10.10.68,10.10.10.109,54246,1338,N/A,N/A,N/A,N/A,,,1
1759293263,eth1,535,Ethernet,IPv4,TCP,N/A,v4,10.10.10.109,10.10.10.68,1338,54246,N/A,N/A,N/A,N/A,,,1
1759293263,eth1,66,Ethernet,IPv4,TCP,N/A,v4,10.10.10.109,10.10.10.68,1338,54246,N/A,N/A,N/A,N/A,,,1
1759293263,eth1,66,Ethernet,IPv4,TCP,N/A,v4,10.10.10.68,10.10.10.109,54246,1338,N/A,N/A,N/A,N/A,,,1
1759293263,eth1,66,Ethernet,IPv4,TCP,N/A,v4,10.10.10.68,10.10.10.109,54246,1338,N/A,N/A,N/A,N/A,,,1
1759293263,eth1,74,Ethernet,IPv4,TCP,N/A,v4,10.10.10.68,10.10.10.109,54258,1338,N/A,N/A,N/A,N/A,,,1
1759293263,eth1,74,Ethernet,IPv4,TCP,N/A,v4,10.10.10.109,10.10.10.68,1338,54258,N/A,N/A,N/A,N/A,,,1
1759293263,eth1,66,Ethernet,IPv4,TCP,N/A,v4,10.10.10.68,10.10.10.109,54258,1338,N/A,N/A,N/A,N/A,,,1
1759293263,eth1,195,Ethernet,IPv4,TCP,N/A,v4,10.10.10.68,10.10.10.109,54258,1338,N/A,N/A,N/A,N/A,,,1
1759293263,eth1,66,Ethernet,IPv4,TCP,N/A,v4,10.10.10.109,10.10.10.68,1338,54258,N/A,N/A,N/A,N/A,,,1
1759293263,eth1,257,Ethernet,IPv4,TCP,N/A,v4,10.10.10.109,10.10.10.68,1338,54258,N/A,N/A,N/A,N/A,,,1
1759293263,eth1,66,Ethernet,IPv4,TCP,N/A,v4,10.10.10.68,10.10.10.109,54258,1338,N/A,N/A,N/A,N/A,,,1
1759293263,eth1,7306,Ethernet,IPv4,TCP,N/A,v4,10.10.10.109,10.10.10.68,1338,54258,N/A,N/A,N/A,N/A,,,1
1759293263,eth1,7306,Ethernet,IPv4,TCP,N/A,v4,10.10.10.109,10.10.10.68,1338,54258,N/A,N/A,N/A,N/A,,,1
1759293263,eth1,66,Ethernet,IPv4,TCP,N/A,v4,10.10.10.68,10.10.10.109,54258,1338,N/A,N/A,N/A,N/A,,,1
1759293263,eth1,3121,Ethernet,IPv4,TCP,N/A,v4,10.10.10.109,10.10.10.68,1338,54258,N/A,N/A,N/A,N/A,,,1
1759293263,eth1,66,Ethernet,IPv4,TCP,N/A,v4,10.10.10.68,10.10.10.109,54258,1338,N/A,N/A,N/A,N/A,,,1
1759293263,eth1,66,Ethernet,IPv4,TCP,N/A,v4,10.10.10.68,10.10.10.109,54258,1338,N/A,N/A,N/A,N/A,,,1
1759293263,eth1,66,Ethernet,IPv4,TCP,N/A,v4,10.10.10.109,10.10.10.68,1338,54258,N/A,N/A,N/A,N/A,,,1
1759293263,any,537,N/A,IPv4,TCP,N/A,v4,10.10.10.109,10.10.10.68,1338,54246,N/A,N/A,N/A,N/A,,,1
1759293263,any,68,N/A,IPv4,TCP,N/A,v4,10.10.10.68,10.10.10.109,54246,1338,N/A,N/A,N/A,N/A,,,1
1759293263,any,76,N/A,IPv4,TCP,N/A,v4,10.10.10.68,10.10.10.109,54258,1338,N/A,N/A,N/A,N/A,,,1
1759293263,any,76,N/A,IPv4,TCP,N/A,v4,10.10.10.109,10.10.10.68,1338,54258,N/A,N/A,N/A,N/A,,,1
1759293263,any,197,N/A,IPv4,TCP,N/A,v4,10.10.10.68,10.10.10.109,54258,1338,N/A,N/A,N/A,N/A,,,1
1759293263,any,68,N/A,IPv4,TCP,N/A,v4,10.10.10.109,10.10.10.68,1338,54258,N/A,N/A,N/A,N/A,,,1
1759293263,any,259,N/A,IPv4,TCP,N/A,v4,10.10.10.109,10.10.10.68,1338,54258,N/A,N/A,N/A,N/A,,,1
1759293263,any,7308,N/A,IPv4,TCP,N/A,v4,10.10.10.109,10.10.10.68,1338,54258,N/A,N/A,N/A,N/A,,,1
1759293263,any,3123,N/A,IPv4,TCP,N/A,v4,10.10.10.109,10.10.10.68,1338,54258,N/A,N/A,N/A,N/A,,,1
1759293263,any,68,N/A,IPv4,TCP,N/A,v4,10.10.10.68,10.10.10.109,54258,1338,N/A,N/A,N/A,N/A,,,1
1759293263,any,68,N/A,IPv4,TCP,N/A,v4,10.10.10.109,10.10.10.68,1338,54258,N/A,N/A,N/A,N/A,,,1
1759293263,eth1,66,Ethernet,IPv4,TCP,N/A,v4,10.10.10.68,10.10.10.109,55078,1337,N/A,N/A,N/A,N/A,,,1
1759293263,any,68,N/A,IPv4,TCP,N/A,v4,10.10.10.68,10.10.10.109,55078,1337,N/A,N/A,N/A,N/A,,,1
1759293263,eth0,110,Ethernet,IPv6,ICMP,N/A,v6,fe80::b0b5:44ff:feea:219,ff02::179,N/A,N/A,N/A,N/A,N/A,N/A,,,1
1759293263,any,112,N/A,IPv6,ICMP,N/A,v6,fe80::b0b5:44ff:feea:219,ff02::179,N/A,N/A,N/A,N/A,N/A,N/A,,,1
1759293263,eth0,74,Ethernet,IPv4,TCP,N/A,v4,172.30.0.220,64.233.185.31,59522,465,N/A,N/A,N/A,N/A,,,1
1759293263,any,76,N/A,IPv4,TCP,N/A,v4,172.30.0.220,64.233.185.31,59522,465,N/A,N/A,N/A,N/A,,,1
1759293263,any,76,N/A,IPv4,TCP,N/A,v4,64.233.185.31,172.30.0.220,465,59522,N/A,N/A,N/A,N/A,,,1
1759293263,eth0,74,Ethernet,IPv4,TCP,N/A,v4,64.233.185.31,172.30.0.220,465,59522,N/A,N/A,N/A,N/A,,,1
1759293263,eth0,66,Ethernet,IPv4,TCP,N/A,v4,172.30.0.220,64.233.185.31,59522,465,N/A,N/A,N/A,N/A,,,1
1759293263,eth0,583,Ethernet,IPv4,TCP,N/A,v4,172.30.0.220,64.233.185.31,59522,465,N/A,N/A,N/A,N/A,,,1
1759293263,any,585,N/A,IPv4,TCP,N/A,v4,172.30.0.220,64.233.185.31,59522,465,N/A,N/A,N/A,N/A,,,1
1759293263,any,68,N/A,IPv4,TCP,N/A,v4,64.233.185.31,172.30.0.220,465,59522,N/A,N/A,N/A,N/A,,,1
1759293263,eth0,66,Ethernet,IPv4,TCP,N/A,v4,64.233.185.31,172.30.0.220,465,59522,N/A,N/A,N/A,N/A,,,1
1759293263,eth0,2866,Ethernet,IPv4,TCP,N/A,v4,64.233.185.31,172.30.0.220,465,59522,N/A,N/A,N/A,N/A,,,1
1759293263,eth0,72,Ethernet,IPv4,TCP,N/A,v4,64.233.185.31,172.30.0.220,465,59522,N/A,N/A,N/A,N/A,,,1
1759293263,eth0,66,Ethernet,IPv4,TCP,N/A,v4,172.30.0.220,64.233.185.31,59522,465,N/A,N/A,N/A,N/A,,,1
1759293263,any,2868,N/A,IPv4,TCP,N/A,v4,64.233.185.31,172.30.0.220,465,59522,N/A,N/A,N/A,N/A,,,1
1759293263,eth0,146,Ethernet,IPv4,TCP,N/A,v4,172.30.0.220,64.233.185.31,59522,465,N/A,N/A,N/A,N/A,,,1
1759293263,any,148,N/A,IPv4,TCP,N/A,v4,172.30.0.220,64.233.185.31,59522,465,N/A,N/A,N/A,N/A,,,1
1759293263,eth0,706,Ethernet,IPv4,TCP,N/A,v4,64.233.185.31,172.30.0.220,465,59522,N/A,N/A,N/A,N/A,,,1
1759293263,any,708,N/A,IPv4,TCP,N/A,v4,64.233.185.31,172.30.0.220,465,59522,N/A,N/A,N/A,N/A,,,1
1759293263,any,138,N/A,IPv4,TCP,N/A,v4,172.30.0.220,64.233.185.31,59522,465,N/A,N/A,N/A,N/A,,,1
1759293263,eth0,136,Ethernet,IPv4,TCP,N/A,v4,172.30.0.220,64.233.185.31,59522,465,N/A,N/A,N/A,N/A,,,1
1759293263,any,44,ARP,N/A,N/A,N/A,N/A,N/A,N/A,N/A,N/A,1,2048,172.30.0.23,172.30.0.122,,,1
1759293263,any,72,N/A,IPv6,ICMP,N/A,v6,fe80::24f1:23ff:fe29:66,ff02::204,N/A,N/A,N/A,N/A,N/A,N/A,,,1
1759293263,any,72,N/A,IPv6,ICMP,N/A,v6,fe80::7827:e3ff:fe68:239,ff02::204,N/A,N/A,N/A,N/A,N/A,N/A,,,1
1759293263,eth0,42,Ethernet,N/A,N/A,N/A,N/A,N/A,N/A,N/A,N/A,N/A,N/A,N/A,N/A,,,1
1759293263,eth0,70,Ethernet,IPv6,ICMP,N/A,v6,fe80::24f1:23ff:fe29:66,ff02::204,N/A,N/A,N/A,N/A,N/A,N/A,,,1
1759293263,eth1,70,Ethernet,IPv6,ICMP,N/A,v6,fe80::7827:e3ff:fe68:239,ff02::204,N/A,N/A,N/A,N/A,N/A,N/A,,,1
1759293263,any,68,N/A,IPv4,TCP,N/A,v4,64.233.185.31,172.30.0.220,465,59522,N/A,N/A,N/A,N/A,,,1
1759293263,eth0,66,Ethernet,IPv4,TCP,N/A,v4,64.233.185.31,172.30.0.220,465,59522,N/A,N/A,N/A,N/A,,,1
1759293263,eth0,309,Ethernet,IPv4,TCP,N/A,v4,64.233.185.31,172.30.0.220,465,59522,N/A,N/A,N/A,N/A,,,1
1759293263,any,311,N/A,IPv4,TCP,N/A,v4,64.233.185.31,172.30.0.220,465,59522,N/A,N/A,N/A,N/A,,,1
1759293263,eth0,157,Ethernet,IPv4,TCP,N/A,v4,172.30.0.220,64.233.185.31,59522,465,N/A,N/A,N/A,N/A,,,1
1759293263,any,159,N/A,IPv4,TCP,N/A,v4,172.30.0.220,64.233.185.31,59522,465,N/A,N/A,N/A,N/A,,,1
1759293263,any,68,N/A,IPv4,TCP,N/A,v4,64.233.185.31,172.30.0.220,465,59522,N/A,N/A,N/A,N/A,,,1
1759293263,eth0,66,Ethernet,IPv4,TCP,N/A,v4,64.233.185.31,172.30.0.220,465,59522,N/A,N/A,N/A,N/A,,,1
1759293263,any,110,N/A,IPv4,TCP,N/A,v4,64.233.185.31,172.30.0.220,465,59522,N/A,N/A,N/A,N/A,,,1
1759293263,eth0,108,Ethernet,IPv4,TCP,N/A,v4,64.233.185.31,172.30.0.220,465,59522,N/A,N/A,N/A,N/A,,,1
1759293263,eth0,132,Ethernet,IPv4,TCP,N/A,v4,172.30.0.220,64.233.185.31,59522,465,N/A,N/A,N/A,N/A,,,1
1759293263,any,134,N/A,IPv4,TCP,N/A,v4,172.30.0.220,64.233.185.31,59522,465,N/A,N/A,N/A,N/A,,,1
1759293263,eth0,54,Ethernet,IPv4,N/A,N/A,v4,172.30.0.23,224.0.0.22,N/A,N/A,N/A,N/A,N/A,N/A,,,1
1759293263,any,56,N/A,IPv4,N/A,N/A,v4,172.30.0.23,224.0.0.22,N/A,N/A,N/A,N/A,N/A,N/A,,,1
1759293263,eth0,66,Ethernet,IPv4,TCP,N/A,v4,64.233.185.31,172.30.0.220,465,59522,N/A,N/A,N/A,N/A,,,1
1759293263,any,68,N/A,IPv4,TCP,N/A,v4,64.233.185.31,172.30.0.220,465,59522,N/A,N/A,N/A,N/A,,,1
1759293263,any,152,N/A,IPv4,TCP,N/A,v4,64.233.185.31,172.30.0.220,465,59522,N/A,N/A,N/A,N/A,,,1
1759293263,eth0,150,Ethernet,IPv4,TCP,N/A,v4,64.233.185.31,172.30.0.220,465,59522,N/A,N/A,N/A,N/A,,,1
1759293263,eth0,120,Ethernet,IPv4,TCP,N/A,v4,172.30.0.220,64.233.185.31,59522,465,N/A,N/A,N/A,N/A,,,1
1759293263,any,122,N/A,IPv4,TCP,N/A,v4,172.30.0.220,64.233.185.31,59522,465,N/A,N/A,N/A,N/A,,,1
1759293263,any,72,N/A,IPv6,ICMP,N/A,v6,fe80::5ca9:83ff:fe87:27,ff02::204,N/A,N/A,N/A,N/A,N/A,N/A,,,0
1759293263,eth0,70,Ethernet,IPv6,ICMP,N/A,v6,fe80::5ca9:83ff:fe87:27,ff02::204,N/A,N/A,N/A,N/A,N/A,N/A,,,0
1759293263,any,72,N/A,IPv6,ICMP,N/A,v6,fe80::a824:52ff:fe4f:69,ff02::204,N/A,N/A,N/A,N/A,N/A,N/A,,,0
1759293263,eth1,70,Ethernet,IPv6,ICMP,N/A,v6,fe80::a824:52ff:fe4f:69,ff02::204,N/A,N/A,N/A,N/A,N/A,N/A,,,0
1759293263,eth0,111,Ethernet,N/A,N/A,N/A,N/A,N/A,N/A,N/A,N/A,N/A,N/A,N/A,N/A,,,1
1759293263,any,113,N/A,N/A,N/A,N/A,N/A,N/A,N/A,N/A,N/A,N/A,N/A,N/A,N/A,,,1
1759293263,eth0,150,Ethernet,IPv4,TCP,N/A,v4,64.233.185.31,172.30.0.220,465,59522,N/A,N/A,N/A,N/A,,,1
1759293263,any,152,N/A,IPv4,TCP,N/A,v4,64.233.185.31,172.30.0.220,465,59522,N/A,N/A,N/A,N/A,,,1
1759293263,eth0,94,Ethernet,IPv4,TCP,N/A,v4,172.30.0.220,64.233.185.31,59522,465,N/A,N/A,N/A,N/A,,,1
1759293263,any,96,N/A,IPv4,TCP,N/A,v4,172.30.0.220,64.233.185.31,59522,465,N/A,N/A,N/A,N/A,,,1
1759293263,any,68,N/A,IPv4,TCP,N/A,v4,64.233.185.31,172.30.0.220,465,59522,N/A,N/A,N/A,N/A,,,1
1759293263,eth0,66,Ethernet,IPv4,TCP,N/A,v4,64.233.185.31,172.30.0.220,465,59522,N/A,N/A,N/A,N/A,,,1
1759293264,eth0,107,Ethernet,N/A,N/A,N/A,N/A,N/A,N/A,N/A,N/A,N/A,N/A,N/A,N/A,,,0
1759293264,any,109,N/A,N/A,N/A,N/A,N/A,N/A,N/A,N/A,N/A,N/A,N/A,N/A,N/A,,,0
1759293264,eth0,90,Ethernet,IPv6,ICMP,N/A,v6,fe80::5ca9:83ff:fe87:27,ff02::179,N/A,N/A,N/A,N/A,N/A,N/A,,,0
1759293264,eth0,54,Ethernet,IPv4,N/A,N/A,v4,172.30.0.220,224.0.0.22,N/A,N/A,N/A,N/A,N/A,N/A,,,0
1759293264,eth0,150,Ethernet,IPv4,TCP,N/A,v4,64.233.185.31,172.30.0.220,465,59522,N/A,N/A,N/A,N/A,,,1
1759293264,any,152,N/A,IPv4,TCP,N/A,v4,64.233.185.31,172.30.0.220,465,59522,N/A,N/A,N/A,N/A,,,1
1759293264,eth0,2178,Ethernet,IPv4,TCP,N/A,v4,172.30.0.220,64.233.185.31,59522,465,N/A,N/A,N/A,N/A,,,1
1759293264,any,2180,N/A,IPv4,TCP,N/A,v4,172.30.0.220,64.233.185.31,59522,465,N/A,N/A,N/A,N/A,,,1
1759293264,eth1,70,Ethernet,IPv6,ICMP,N/A,v6,fe80::f056:abff:fe65:143,ff02::204,N/A,N/A,N/A,N/A,N/A,N/A,,,1
1759293264,any,72,N/A,IPv6,ICMP,N/A,v6,fe80::f056:abff:fe65:143,ff02::204,N/A,N/A,N/A,N/A,N/A,N/A,,,1
1759293264,any,68,N/A,IPv4,TCP,N/A,v4,64.233.185.31,172.30.0.220,465,59522,N/A,N/A,N/A,N/A,,,1
1759293264,eth0,66,Ethernet,IPv4,TCP,N/A,v4,64.233.185.31,172.30.0.220,465,59522,N/A,N/A,N/A,N/A,,,1
1759293264,eth0,70,Ethernet,IPv6,ICMP,N/A,v6,fe80::e48e:99ff:fe5f:147,ff02::204,N/A,N/A,N/A,N/A,N/A,N/A,,,1
1759293264,any,72,N/A,IPv6,ICMP,N/A,v6,fe80::e48e:99ff:fe5f:147,ff02::204,N/A,N/A,N/A,N/A,N/A,N/A,,,1
1759293264,eth0,90,Ethernet,IPv6,ICMP,N/A,v6,fe80::e48e:99ff:fe5f:147,ff02::179,N/A,N/A,N/A,N/A,N/A,N/A,,,1
1759293264,eth0,54,Ethernet,IPv4,N/A,N/A,v4,172.30.0.220,224.0.0.22,N/A,N/A,N/A,N/A,N/A,N/A,,,1
1759293264,any,92,N/A,IPv6,ICMP,N/A,v6,fe80::e48e:99ff:fe5f:147,ff02::179,N/A,N/A,N/A,N/A,N/A,N/A,,,1
1759293264,eth0,91,Ethernet,IPv6,UDP,N/A,v6,fe80::e48e:99ff:fe5f:147,ff02::1:52,5355,5355,N/A,N/A,N/A,N/A,,,1
1759293264,eth0,71,Ethernet,IPv4,UDP,N/A,v4,172.30.0.220,224.0.0.252,5355,5355,N/A,N/A,N/A,N/A,,,1
1759293264,any,93,N/A,IPv6,UDP,N/A,v6,fe80::e48e:99ff:fe5f:147,ff02::1:52,5355,5355,N/A,N/A,N/A,N/A,,,1
1759293264,eth0,360,Ethernet,IPv4,UDP,N/A,v4,0.0.0.0,255.255.255.255,68,67,N/A,N/A,N/A,N/A,,,1
1759293264,eth0,372,Ethernet,IPv4,UDP,N/A,v4,0.0.0.0,255.255.255.255,68,67,N/A,N/A,N/A,N/A,,,1
1759293264,eth0,110,Ethernet,IPv6,ICMP,N/A,v6,fe80::e48e:99ff:fe5f:147,ff02::179,N/A,N/A,N/A,N/A,N/A,N/A,,,1
1759293264,eth0,54,Ethernet,IPv4,N/A,N/A,v4,172.30.0.220,224.0.0.22,N/A,N/A,N/A,N/A,N/A,N/A,,,1
1759293264,eth0,42,Ethernet,N/A,N/A,N/A,N/A,N/A,N/A,N/A,N/A,N/A,N/A,N/A,N/A,,,1
1759293264,eth0,56,Ethernet,N/A,N/A,N/A,N/A,N/A,N/A,N/A,N/A,N/A,N/A,N/A,N/A,,,1
1759293264,eth0,56,Ethernet,N/A,N/A,N/A,N/A,N/A,N/A,N/A,N/A,N/A,N/A,N/A,N/A,,,1
1759293264,eth0,360,Ethernet,IPv4,UDP,N/A,v4,0.0.0.0,255.255.255.255,68,67,N/A,N/A,N/A,N/A,,,1
1759293264,eth0,372,Ethernet,IPv4,UDP,N/A,v4,0.0.0.0,255.255.255.255,68,67,N/A,N/A,N/A,N/A,,,1
1759293264,eth0,110,Ethernet,IPv6,ICMP,N/A,v6,fe80::e48e:99ff:fe5f:147,ff02::179,N/A,N/A,N/A,N/A,N/A,N/A,,,1
1759293264,eth0,42,Ethernet,N/A,N/A,N/A,N/A,N/A,N/A,N/A,N/A,N/A,N/A,N/A,N/A,,,1
1759293264,eth0,56,Ethernet,N/A,N/A,N/A,N/A,N/A,N/A,N/A,N/A,N/A,N/A,N/A,N/A,,,1
1759293264,eth0,56,Ethernet,N/A,N/A,N/A,N/A,N/A,N/A,N/A,N/A,N/A,N/A,N/A,N/A,,,1
1759293264,any,362,N/A,IPv4,UDP,N/A,v4,0.0.0.0,255.255.255.255,68,67,N/A,N/A,N/A,N/A,,,1
1759293264,any,374,N/A,IPv4,UDP,N/A,v4,0.0.0.0,255.255.255.255,68,67,N/A,N/A,N/A,N/A,,,1
1759293264,any,112,N/A,IPv6,ICMP,N/A,v6,fe80::f056:abff:fe65:143,ff02::179,N/A,N/A,N/A,N/A,N/A,N/A,,,1
1759293264,any,112,N/A,IPv6,ICMP,N/A,v6,fe80::e48e:99ff:fe5f:147,ff02::179,N/A,N/A,N/A,N/A,N/A,N/A,,,1
1759293264,any,44,ARP,N/A,N/A,N/A,N/A,N/A,N/A,N/A,N/A,1,2048,172.30.0.220,172.30.0.122,,,1
1759293264,any,58,ARP,N/A,N/A,N/A,N/A,N/A,N/A,N/A,N/A,2,2048,172.30.0.122,172.30.0.220,,,1
1759293264,any,362,N/A,IPv4,UDP,N/A,v4,0.0.0.0,255.255.255.255,68,67,N/A,N/A,N/A,N/A,,,1
1759293264,any,374,N/A,IPv4,UDP,N/A,v4,0.0.0.0,255.255.255.255,68,67,N/A,N/A,N/A,N/A,,,1
1759293264,any,112,N/A,IPv6,ICMP,N/A,v6,fe80::e48e:99ff:fe5f:147,ff02::179,N/A,N/A,N/A,N/A,N/A,N/A,,,1
1759293264,any,44,ARP,N/A,N/A,N/A,N/A,N/A,N/A,N/A,N/A,1,2048,172.30.0.220,172.30.0.122,,,1
1759293264,any,58,ARP,N/A,N/A,N/A,N/A,N/A,N/A,N/A,N/A,2,2048,172.30.0.122,172.30.0.220,,,1
1759293264,any,58,ARP,N/A,N/A,N/A,N/A,N/A,N/A,N/A,N/A,2,2048,172.30.0.122,172.30.0.220,,,1
1759293264,eth2,110,Ethernet,IPv6,ICMP,N/A,v6,fe80::dcac:f9ff:fe59:60,ff02::179,N/A,N/A,N/A,N/A,N/A,N/A,,,1
1759293264,any,92,N/A,IPv6,ICMP,N/A,v6,fe80::5ca9:83ff:fe87:27,ff02::179,N/A,N/A,N/A,N/A,N/A,N/A,,,0
1759293264,eth0,356,Ethernet,IPv4,UDP,N/A,v4,0.0.0.0,255.255.255.255,68,67,N/A,N/A,N/A,N/A,,,0
1759293264,any,358,N/A,IPv4,UDP,N/A,v4,0.0.0.0,255.255.255.255,68,67,N/A,N/A,N/A,N/A,,,0
1759293264,eth0,368,Ethernet,IPv4,UDP,N/A,v4,0.0.0.0,255.255.255.255,68,67,N/A,N/A,N/A,N/A,,,0
1759293264,any,370,N/A,IPv4,UDP,N/A,v4,0.0.0.0,255.255.255.255,68,67,N/A,N/A,N/A,N/A,,,0
1759293264,eth0,42,Ethernet,N/A,N/A,N/A,N/A,N/A,N/A,N/A,N/A,N/A,N/A,N/A,N/A,,,0
1759293264,any,112,N/A,IPv6,ICMP,N/A,v6,fe80::a824:52ff:fe4f:69,ff02::179,N/A,N/A,N/A,N/A,N/A,N/A,,,0
1759293264,eth1,110,Ethernet,IPv6,ICMP,N/A,v6,fe80::a824:52ff:fe4f:69,ff02::179,N/A,N/A,N/A,N/A,N/A,N/A,,,0
1759293264,eth0,56,Ethernet,N/A,N/A,N/A,N/A,N/A,N/A,N/A,N/A,N/A,N/A,N/A,N/A,,,0
1759293264,eth0,56,Ethernet,N/A,N/A,N/A,N/A,N/A,N/A,N/A,N/A,N/A,N/A,N/A,N/A,,,0
1759293264,any,58,ARP,N/A,N/A,N/A,N/A,N/A,N/A,N/A,N/A,2,2048,172.30.0.122,172.30.0.220,,,0
1759293264,any,58,ARP,N/A,N/A,N/A,N/A,N/A,N/A,N/A,N/A,2,2048,172.30.0.122,172.30.0.220,,,0
1759293264,eth0,54,Ethernet,IPv4,N/A,N/A,v4,172.30.0.220,224.0.0.22,N/A,N/A,N/A,N/A,N/A,N/A,,,0
1759293264,any,56,N/A,IPv4,N/A,N/A,v4,172.30.0.220,224.0.0.22,N/A,N/A,N/A,N/A,N/A,N/A,,,0
1759293264,eth0,110,Ethernet,IPv6,ICMP,N/A,v6,fe80::5ca9:83ff:fe87:27,ff02::179,N/A,N/A,N/A,N/A,N/A,N/A,,,0
1759293264,any,112,N/A,IPv6,ICMP,N/A,v6,fe80::5ca9:83ff:fe87:27,ff02::179,N/A,N/A,N/A,N/A,N/A,N/A,,,0
1759293264,any,56,N/A,IPv4,N/A,N/A,v4,172.30.0.220,224.0.0.22,N/A,N/A,N/A,N/A,N/A,N/A,,,0
1759293264,eth0,54,Ethernet,IPv4,N/A,N/A,v4,172.30.0.220,224.0.0.22,N/A,N/A,N/A,N/A,N/A,N/A,,,0
1759293264,any,112,N/A,IPv6,ICMP,N/A,v6,fe80::a824:52ff:fe4f:69,ff02::179,N/A,N/A,N/A,N/A,N/A,N/A,,,0
1759293264,eth1,110,Ethernet,IPv6,ICMP,N/A,v6,fe80::a824:52ff:fe4f:69,ff02::179,N/A,N/A,N/A,N/A,N/A,N/A,,,0
1759293264,eth0,110,Ethernet,IPv6,ICMP,N/A,v6,fe80::5ca9:83ff:fe87:27,ff02::179,N/A,N/A,N/A,N/A,N/A,N/A,,,0
1759293264,any,112,N/A,IPv6,ICMP,N/A,v6,fe80::5ca9:83ff:fe87:27,ff02::179,N/A,N/A,N/A,N/A,N/A,N/A,,,0
1759293264,eth2,110,Ethernet,IPv6,ICMP,N/A,v6,fe80::dcac:f9ff:fe59:60,ff02::179,N/A,N/A,N/A,N/A,N/A,N/A,,,1
1759293264,eth1,110,Ethernet,IPv6,ICMP,N/A,v6,fe80::f056:abff:fe65:143,ff02::179,N/A,N/A,N/A,N/A,N/A,N/A,,,1
1759293264,eth1,110,Ethernet,IPv6,ICMP,N/A,v6,fe80::f056:abff:fe65:143,ff02::179,N/A,N/A,N/A,N/A,N/A,N/A,,,1
1759293264,eth1,110,Ethernet,IPv6,ICMP,N/A,v6,fe80::f056:abff:fe65:143,ff02::179,N/A,N/A,N/A,N/A,N/A,N/A,,,1
1759293264,any,164,N/A,IPv4,TCP,N/A,v4,64.233.185.31,172.30.0.220,465,59522,N/A,N/A,N/A,N/A,,,1
1759293264,eth0,162,Ethernet,IPv4,TCP,N/A,v4,64.233.185.31,172.30.0.220,465,59522,N/A,N/A,N/A,N/A,,,1
1759293264,eth0,94,Ethernet,IPv4,TCP,N/A,v4,172.30.0.220,64.233.185.31,59522,465,N/A,N/A,N/A,N/A,,,1
1759293264,any,68,N/A,IPv4,TCP,N/A,v4,64.233.185.31,172.30.0.220,465,59522,N/A,N/A,N/A,N/A,,,1
1759293264,eth0,66,Ethernet,IPv4,TCP,N/A,v4,64.233.185.31,172.30.0.220,465,59522,N/A,N/A,N/A,N/A,,,1
1759293264,eth0,166,Ethernet,IPv4,TCP,N/A,v4,64.233.185.31,172.30.0.220,465,59522,N/A,N/A,N/A,N/A,,,1
1759293264,eth0,66,Ethernet,IPv4,TCP,N/A,v4,64.233.185.31,172.30.0.220,465,59522,N/A,N/A,N/A,N/A,,,1
1759293264,eth0,66,Ethernet,IPv4,TCP,N/A,v4,172.30.0.220,64.233.185.31,59522,465,N/A,N/A,N/A,N/A,,,1
1759293264,any,168,N/A,IPv4,TCP,N/A,v4,64.233.185.31,172.30.0.220,465,59522,N/A,N/A,N/A,N/A,,,1
1759293264,eth1,414,Ethernet,IPv4,TCP,N/A,v4,10.10.10.68,10.10.10.109,55078,1337,N/A,N/A,N/A,N/A,,,1
1759293264,any,416,N/A,IPv4,TCP,N/A,v4,10.10.10.68,10.10.10.109,55078,1337,N/A,N/A,N/A,N/A,,,1
1759293264,any,68,N/A,IPv4,TCP,N/A,v4,10.10.10.109,10.10.10.68,1337,55078,N/A,N/A,N/A,N/A,,,1
1759293264,eth1,66,Ethernet,IPv4,TCP,N/A,v4,10.10.10.109,10.10.10.68,1337,55078,N/A,N/A,N/A,N/A,,,1
1759293264,eth1,198,Ethernet,IPv4,TCP,N/A,v4,10.10.10.68,10.10.10.109,55078,1337,N/A,N/A,N/A,N/A,,,1
1759293264,any,68,N/A,IPv4,TCP,N/A,v4,10.10.10.109,10.10.10.68,1337,55078,N/A,N/A,N/A,N/A,,,1
1759293264,eth1,66,Ethernet,IPv4,TCP,N/A,v4,10.10.10.109,10.10.10.68,1337,55078,N/A,N/A,N/A,N/A,,,1
1759293264,any,68,N/A,IPv4,TCP,N/A,v4,64.233.185.31,172.30.0.220,465,59522,N/A,N/A,N/A,N/A,,,1
1759293264,eth0,66,Ethernet,IPv4,TCP,N/A,v4,64.233.185.31,172.30.0.220,465,59522,N/A,N/A,N/A,N/A,,,1
1759293265,eth0,107,Ethernet,N/A,N/A,N/A,N/A,N/A,N/A,N/A,N/A,N/A,N/A,N/A,N/A,,,0
1759293265,eth0,70,Ethernet,IPv6,ICMP,N/A,v6,fe80::5ca9:83ff:fe87:27,ff02::204,N/A,N/A,N/A,N/A,N/A,N/A,,,0
1759293265,any,72,N/A,IPv6,ICMP,N/A,v6,fe80::a824:52ff:fe4f:69,ff02::204,N/A,N/A,N/A,N/A,N/A,N/A,,,0
1759293265,any,112,N/A,IPv6,ICMP,N/A,v6,fe80::dcac:f9ff:fe59:60,ff02::179,N/A,N/A,N/A,N/A,N/A,N/A,,,1
1759293265,eth2,110,Ethernet,IPv6,ICMP,N/A,v6,fe80::dcac:f9ff:fe59:60,ff02::179,N/A,N/A,N/A,N/A,N/A,N/A,,,1
1759293265,any,92,N/A,IPv6,ICMP,N/A,v6,fe80::e48e:99ff:fe5f:147,ff02::179,N/A,N/A,N/A,N/A,N/A,N/A,,,1
1759293265,eth0,90,Ethernet,IPv6,ICMP,N/A,v6,fe80::e48e:99ff:fe5f:147,ff02::179,N/A,N/A,N/A,N/A,N/A,N/A,,,1
1759293265,eth0,54,Ethernet,IPv4,N/A,N/A,v4,172.30.0.220,224.0.0.22,N/A,N/A,N/A,N/A,N/A,N/A,,,1
1759293265,eth0,90,Ethernet,IPv6,ICMP,N/A,v6,fe80::ecf9:eff:fefb:55,ff02::179,N/A,N/A,N/A,N/A,N/A,N/A,,,1
1759293265,eth0,56,Ethernet,IPv4,N/A,N/A,v4,172.30.0.89,224.0.0.22,N/A,N/A,N/A,N/A,N/A,N/A,,,1
1759293265,any,92,N/A,IPv6,ICMP,N/A,v6,fe80::ecf9:eff:fefb:55,ff02::179,N/A,N/A,N/A,N/A,N/A,N/A,,,1
1759293265,any,58,N/A,IPv4,N/A,N/A,v4,172.30.0.89,224.0.0.22,N/A,N/A,N/A,N/A,N/A,N/A,,,1
1759293265,eth0,67,Ethernet,IPv4,UDP,N/A,v4,172.30.0.89,224.0.0.252,5355,5355,N/A,N/A,N/A,N/A,,,1
1759293265,any,69,N/A,IPv4,UDP,N/A,v4,172.30.0.89,224.0.0.252,5355,5355,N/A,N/A,N/A,N/A,,,1
1759293265,eth0,87,Ethernet,IPv6,UDP,N/A,v6,fe80::ecf9:eff:fefb:55,ff02::1:52,5355,5355,N/A,N/A,N/A,N/A,,,1
1759293265,any,89,N/A,IPv6,UDP,N/A,v6,fe80::ecf9:eff:fefb:55,ff02::1:52,5355,5355,N/A,N/A,N/A,N/A,,,1
1759293265,any,358,N/A,IPv4,UDP,N/A,v4,0.0.0.0,255.255.255.255,68,67,N/A,N/A,N/A,N/A,,,1
1759293265,eth0,356,Ethernet,IPv4,UDP,N/A,v4,0.0.0.0,255.255.255.255,68,67,N/A,N/A,N/A,N/A,,,1
1759293265,any,370,N/A,IPv4,UDP,N/A,v4,0.0.0.0,255.255.255.255,68,67,N/A,N/A,N/A,N/A,,,1
1759293265,eth0,368,Ethernet,IPv4,UDP,N/A,v4,0.0.0.0,255.255.255.255,68,67,N/A,N/A,N/A,N/A,,,1
1759293265,any,112,N/A,IPv6,ICMP,N/A,v6,fe80::103b:bdff:fef0:169,ff02::179,N/A,N/A,N/A,N/A,N/A,N/A,,,1
1759293265,eth1,110,Ethernet,IPv6,ICMP,N/A,v6,fe80::103b:bdff:fef0:169,ff02::179,N/A,N/A,N/A,N/A,N/A,N/A,,,1
1759293265,any,112,N/A,IPv6,ICMP,N/A,v6,fe80::ecf9:eff:fefb:55,ff02::179,N/A,N/A,N/A,N/A,N/A,N/A,,,1
1759293265,eth0,110,Ethernet,IPv6,ICMP,N/A,v6,fe80::ecf9:eff:fefb:55,ff02::179,N/A,N/A,N/A,N/A,N/A,N/A,,,1
1759293265,eth0,56,Ethernet,IPv4,N/A,N/A,v4,172.30.0.89,224.0.0.22,N/A,N/A,N/A,N/A,N/A,N/A,,,1
1759293265,eth0,56,Ethernet,N/A,N/A,N/A,N/A,N/A,N/A,N/A,N/A,N/A,N/A,N/A,N/A,,,1
1759293265,any,58,ARP,N/A,N/A,N/A,N/A,N/A,N/A,N/A,N/A,1,2048,172.30.0.89,172.30.0.122,,,1
1759293265,any,72,N/A,IPv6,ICMP,N/A,v6,fe80::dcac:f9ff:fe59:60,ff02::204,N/A,N/A,N/A,N/A,N/A,N/A,,,1
1759293265,eth2,70,Ethernet,IPv6,ICMP,N/A,v6,fe80::dcac:f9ff:fe59:60,ff02::204,N/A,N/A,N/A,N/A,N/A,N/A,,,1
1759293265,eth1,70,Ethernet,IPv6,ICMP,N/A,v6,fe80::f056:abff:fe65:143,ff02::204,N/A,N/A,N/A,N/A,N/A,N/A,,,1
1759293265,eth0,111,Ethernet,N/A,N/A,N/A,N/A,N/A,N/A,N/A,N/A,N/A,N/A,N/A,N/A,,,1
1759293265,eth0,70,Ethernet,IPv6,ICMP,N/A,v6,fe80::e48e:99ff:fe5f:147,ff02::204,N/A,N/A,N/A,N/A,N/A,N/A,,,1
1759293265,eth0,110,Ethernet,IPv6,ICMP,N/A,v6,fe80::ecf9:eff:fefb:55,ff02::179,N/A,N/A,N/A,N/A,N/A,N/A,,,1
1759293265,any,112,N/A,IPv6,ICMP,N/A,v6,fe80::ecf9:eff:fefb:55,ff02::179,N/A,N/A,N/A,N/A,N/A,N/A,,,1
1759293265,any,109,N/A,N/A,N/A,N/A,N/A,N/A,N/A,N/A,N/A,N/A,N/A,N/A,N/A,,,0
1759293265,eth1,70,Ethernet,IPv6,ICMP,N/A,v6,fe80::a824:52ff:fe4f:69,ff02::204,N/A,N/A,N/A,N/A,N/A,N/A,,,0
1759293266,any,112,N/A,IPv6,ICMP,N/A,v6,fe80::103b:bdff:fef0:169,ff02::179,N/A,N/A,N/A,N/A,N/A,N/A,,,1
1759293266,eth1,110,Ethernet,IPv6,ICMP,N/A,v6,fe80::103b:bdff:fef0:169,ff02::179,N/A,N/A,N/A,N/A,N/A,N/A,,,1
1759293266,eth0,56,Ethernet,IPv4,N/A,N/A,v4,172.30.0.89,224.0.0.22,N/A,N/A,N/A,N/A,N/A,N/A,,,1
1759293266,any,58,N/A,IPv4,N/A,N/A,v4,172.30.0.89,224.0.0.22,N/A,N/A,N/A,N/A,N/A,N/A,,,1
1759293266,eth1,70,Ethernet,IPv6,ICMP,N/A,v6,fe80::103b:bdff:fef0:169,ff02::204,N/A,N/A,N/A,N/A,N/A,N/A,,,1
1759293266,any,72,N/A,IPv6,ICMP,N/A,v6,fe80::ecf9:eff:fefb:55,ff02::204,N/A,N/A,N/A,N/A,N/A,N/A,,,1
1759293266,any,72,N/A,IPv6,ICMP,N/A,v6,fe80::103b:bdff:fef0:169,ff02::204,N/A,N/A,N/A,N/A,N/A,N/A,,,1
1759293266,eth0,70,Ethernet,IPv6,ICMP,N/A,v6,fe80::ecf9:eff:fefb:55,ff02::204,N/A,N/A,N/A,N/A,N/A,N/A,,,1
1759293266,any,113,N/A,N/A,N/A,N/A,N/A,N/A,N/A,N/A,N/A,N/A,N/A,N/A,N/A,,,1
1759293266,eth0,111,Ethernet,N/A,N/A,N/A,N/A,N/A,N/A,N/A,N/A,N/A,N/A,N/A,N/A,,,1
1759293266,eth0,107,Ethernet,N/A,N/A,N/A,N/A,N/A,N/A,N/A,N/A,N/A,N/A,N/A,N/A,,,0
1759293266,any,109,N/A,N/A,N/A,N/A,N/A,N/A,N/A,N/A,N/A,N/A,N/A,N/A,N/A,,,0
1759293267,eth0,70,Ethernet,IPv6,ICMP,N/A,v6,fe80::b0b5:44ff:feea:219,ff02::204,N/A,N/A,N/A,N/A,N/A,N/A,,,1
1759293267,any,72,N/A,IPv6,ICMP,N/A,v6,fe80::b0b5:44ff:feea:219,ff02::204,N/A,N/A,N/A,N/A,N/A,N/A,,,1
1759293267,any,72,N/A,IPv6,ICMP,N/A,v6,fe80::780a:a9ff:fee6:89,ff02::204,N/A,N/A,N/A,N/A,N/A,N/A,,,1
1759293267,eth1,70,Ethernet,IPv6,ICMP,N/A,v6,fe80::780a:a9ff:fee6:89,ff02::204,N/A,N/A,N/A,N/A,N/A,N/A,,,1
1759293267,any,72,N/A,IPv6,ICMP,N/A,v6,fe80::7827:e3ff:fe68:239,ff02::204,N/A,N/A,N/A,N/A,N/A,N/A,,,1
1759293267,eth1,70,Ethernet,IPv6,ICMP,N/A,v6,fe80::7827:e3ff:fe68:239,ff02::204,N/A,N/A,N/A,N/A,N/A,N/A,,,1
1759293267,any,92,N/A,IPv6,ICMP,N/A,v6,fe80::b0b5:44ff:feea:219,ff02::179,N/A,N/A,N/A,N/A,N/A,N/A,,,1
1759293267,eth0,90,Ethernet,IPv6,ICMP,N/A,v6,fe80::b0b5:44ff:feea:219,ff02::179,N/A,N/A,N/A,N/A,N/A,N/A,,,1
1759293267,eth0,54,Ethernet,IPv4,N/A,N/A,v4,172.30.0.163,224.0.0.22,N/A,N/A,N/A,N/A,N/A,N/A,,,1
1759293267,eth0,68,Ethernet,IPv4,UDP,N/A,v4,172.30.0.163,224.0.0.252,5355,5355,N/A,N/A,N/A,N/A,,,1
1759293267,any,70,N/A,IPv4,UDP,N/A,v4,172.30.0.163,224.0.0.252,5355,5355,N/A,N/A,N/A,N/A,,,1
1759293267,any,90,N/A,IPv6,UDP,N/A,v6,fe80::b0b5:44ff:feea:219,ff02::1:52,5355,5355,N/A,N/A,N/A,N/A,,,1
1759293267,eth0,88,Ethernet,IPv6,UDP,N/A,v6,fe80::b0b5:44ff:feea:219,ff02::1:52,5355,5355,N/A,N/A,N/A,N/A,,,1
1759293267,eth0,110,Ethernet,IPv6,ICMP,N/A,v6,fe80::b0b5:44ff:feea:219,ff02::179,N/A,N/A,N/A,N/A,N/A,N/A,,,1
1759293267,any,112,N/A,IPv6,ICMP,N/A,v6,fe80::b0b5:44ff:feea:219,ff02::179,N/A,N/A,N/A,N/A,N/A,N/A,,,1
1759293267,eth1,110,Ethernet,IPv6,ICMP,N/A,v6,fe80::780a:a9ff:fee6:89,ff02::179,N/A,N/A,N/A,N/A,N/A,N/A,,,1
1759293267,any,359,N/A,IPv4,UDP,N/A,v4,0.0.0.0,255.255.255.255,68,67,N/A,N/A,N/A,N/A,,,1
1759293267,eth0,357,Ethernet,IPv4,UDP,N/A,v4,0.0.0.0,255.255.255.255,68,67,N/A,N/A,N/A,N/A,,,1
1759293267,eth0,369,Ethernet,IPv4,UDP,N/A,v4,0.0.0.0,255.255.255.255,68,67,N/A,N/A,N/A,N/A,,,1
1759293267,any,371,N/A,IPv4,UDP,N/A,v4,0.0.0.0,255.255.255.255,68,67,N/A,N/A,N/A,N/A,,,1
1759293267,eth0,110,Ethernet,IPv6,ICMP,N/A,v6,fe80::b0b5:44ff:feea:219,ff02::179,N/A,N/A,N/A,N/A,N/A,N/A,,,1
1759293267,eth0,54,Ethernet,IPv4,N/A,N/A,v4,172.30.0.163,224.0.0.22,N/A,N/A,N/A,N/A,N/A,N/A,,,1
1759293267,any,112,N/A,IPv6,ICMP,N/A,v6,fe80::b0b5:44ff:feea:219,ff02::179,N/A,N/A,N/A,N/A,N/A,N/A,,,1
1759293267,eth0,42,Ethernet,N/A,N/A,N/A,N/A,N/A,N/A,N/A,N/A,N/A,N/A,N/A,N/A,,,1
1759293267,any,44,ARP,N/A,N/A,N/A,N/A,N/A,N/A,N/A,N/A,1,2048,172.30.0.163,172.30.0.122,,,1
1759293267,any,72,N/A,IPv6,ICMP,N/A,v6,fe80::24f1:23ff:fe29:66,ff02::204,N/A,N/A,N/A,N/A,N/A,N/A,,,1
1759293267,eth0,70,Ethernet,IPv6,ICMP,N/A,v6,fe80::24f1:23ff:fe29:66,ff02::204,N/A,N/A,N/A,N/A,N/A,N/A,,,1
1759293267,eth0,111,Ethernet,N/A,N/A,N/A,N/A,N/A,N/A,N/A,N/A,N/A,N/A,N/A,N/A,,,1
1759293267,any,113,N/A,N/A,N/A,N/A,N/A,N/A,N/A,N/A,N/A,N/A,N/A,N/A,N/A,,,1
1759293267,any,112,N/A,IPv6,ICMP,N/A,v6,fe80::780a:a9ff:fee6:89,ff02::179,N/A,N/A,N/A,N/A,N/A,N/A,,,1
1759293267,eth1,110,Ethernet,IPv6,ICMP,N/A,v6,fe80::780a:a9ff:fee6:89,ff02::179,N/A,N/A,N/A,N/A,N/A,N/A,,,1
1759293267,any,92,N/A,IPv6,ICMP,N/A,v6,fe80::24f1:23ff:fe29:66,ff02::179,N/A,N/A,N/A,N/A,N/A,N/A,,,1
1759293267,eth0,90,Ethernet,IPv6,ICMP,N/A,v6,fe80::24f1:23ff:fe29:66,ff02::179,N/A,N/A,N/A,N/A,N/A,N/A,,,1
1759293267,eth0,54,Ethernet,IPv4,N/A,N/A,v4,172.30.0.23,224.0.0.22,N/A,N/A,N/A,N/A,N/A,N/A,,,1
1759293267,any,109,N/A,N/A,N/A,N/A,N/A,N/A,N/A,N/A,N/A,N/A,N/A,N/A,N/A,,,0
1759293267,eth0,107,Ethernet,N/A,N/A,N/A,N/A,N/A,N/A,N/A,N/A,N/A,N/A,N/A,N/A,,,0
1759293268,eth0,356,Ethernet,IPv4,UDP,N/A,v4,0.0.0.0,255.255.255.255,68,67,N/A,N/A,N/A,N/A,,,1
1759293268,any,358,N/A,IPv4,UDP,N/A,v4,0.0.0.0,255.255.255.255,68,67,N/A,N/A,N/A,N/A,,,1
1759293268,any,370,N/A,IPv4,UDP,N/A,v4,0.0.0.0,255.255.255.255,68,67,N/A,N/A,N/A,N/A,,,1
1759293268,any,112,N/A,IPv6,ICMP,N/A,v6,fe80::7827:e3ff:fe68:239,ff02::179,N/A,N/A,N/A,N/A,N/A,N/A,,,1
1759293268,any,44,ARP,N/A,N/A,N/A,N/A,N/A,N/A,N/A,N/A,1,2048,172.30.0.23,172.30.0.122,,,1
1759293268,eth0,368,Ethernet,IPv4,UDP,N/A,v4,0.0.0.0,255.255.255.255,68,67,N/A,N/A,N/A,N/A,,,1
1759293268,eth0,42,Ethernet,N/A,N/A,N/A,N/A,N/A,N/A,N/A,N/A,N/A,N/A,N/A,N/A,,,1
1759293268,eth1,110,Ethernet,IPv6,ICMP,N/A,v6,fe80::7827:e3ff:fe68:239,ff02::179,N/A,N/A,N/A,N/A,N/A,N/A,,,1
1759293268,any,112,N/A,IPv6,ICMP,N/A,v6,fe80::24f1:23ff:fe29:66,ff02::179,N/A,N/A,N/A,N/A,N/A,N/A,,,1
1759293268,eth0,110,Ethernet,IPv6,ICMP,N/A,v6,fe80::24f1:23ff:fe29:66,ff02::179,N/A,N/A,N/A,N/A,N/A,N/A,,,1
1759293268,eth0,54,Ethernet,IPv4,N/A,N/A,v4,172.30.0.23,224.0.0.22,N/A,N/A,N/A,N/A,N/A,N/A,,,1
1759293268,eth0,90,Ethernet,IPv6,ICMP,N/A,v6,fe80::b0b5:44ff:feea:219,ff02::179,N/A,N/A,N/A,N/A,N/A,N/A,,,1
1759293268,any,92,N/A,IPv6,ICMP,N/A,v6,fe80::b0b5:44ff:feea:219,ff02::179,N/A,N/A,N/A,N/A,N/A,N/A,,,1
1759293268,any,72,N/A,IPv6,ICMP,N/A,v6,fe80::b0b5:44ff:feea:219,ff02::204,N/A,N/A,N/A,N/A,N/A,N/A,,,1
1759293268,eth1,70,Ethernet,IPv6,ICMP,N/A,v6,fe80::780a:a9ff:fee6:89,ff02::204,N/A,N/A,N/A,N/A,N/A,N/A,,,1
1759293268,eth0,70,Ethernet,IPv6,ICMP,N/A,v6,fe80::b0b5:44ff:feea:219,ff02::204,N/A,N/A,N/A,N/A,N/A,N/A,,,1
1759293268,eth0,54,Ethernet,IPv4,N/A,N/A,v4,172.30.0.163,224.0.0.22,N/A,N/A,N/A,N/A,N/A,N/A,,,1
1759293268,any,56,N/A,IPv4,N/A,N/A,v4,172.30.0.163,224.0.0.22,N/A,N/A,N/A,N/A,N/A,N/A,,,1
1759293268,eth0,110,Ethernet,IPv6,ICMP,N/A,v6,fe80::24f1:23ff:fe29:66,ff02::179,N/A,N/A,N/A,N/A,N/A,N/A,,,1
1759293268,any,112,N/A,IPv6,ICMP,N/A,v6,fe80::24f1:23ff:fe29:66,ff02::179,N/A,N/A,N/A,N/A,N/A,N/A,,,1
1759293268,eth0,90,Ethernet,IPv6,ICMP,N/A,v6,fe80::ecf9:eff:fefb:55,ff02::179,N/A,N/A,N/A,N/A,N/A,N/A,,,1
1759293268,eth0,56,Ethernet,IPv4,N/A,N/A,v4,172.30.0.89,224.0.0.22,N/A,N/A,N/A,N/A,N/A,N/A,,,1
1759293268,any,92,N/A,IPv6,ICMP,N/A,v6,fe80::ecf9:eff:fefb:55,ff02::179,N/A,N/A,N/A,N/A,N/A,N/A,,,1
1759293268,eth1,110,Ethernet,IPv6,ICMP,N/A,v6,fe80::7827:e3ff:fe68:239,ff02::179,N/A,N/A,N/A,N/A,N/A,N/A,,,1
1759293268,any,112,N/A,IPv6,ICMP,N/A,v6,fe80::7827:e3ff:fe68:239,ff02::179,N/A,N/A,N/A,N/A,N/A,N/A,,,1
1759293268,eth0,90,Ethernet,IPv6,ICMP,N/A,v6,fe80::e48e:99ff:fe5f:147,ff02::179,N/A,N/A,N/A,N/A,N/A,N/A,,,1
1759293268,eth0,54,Ethernet,IPv4,N/A,N/A,v4,172.30.0.220,224.0.0.22,N/A,N/A,N/A,N/A,N/A,N/A,,,1
1759293268,any,92,N/A,IPv6,ICMP,N/A,v6,fe80::e48e:99ff:fe5f:147,ff02::179,N/A,N/A,N/A,N/A,N/A,N/A,,,1
1759293268,eth0,356,Ethernet,IPv4,UDP,N/A,v4,0.0.0.0,255.255.255.255,68,67,N/A,N/A,N/A,N/A,,,1
1759293268,any,358,N/A,IPv4,UDP,N/A,v4,0.0.0.0,255.255.255.255,68,67,N/A,N/A,N/A,N/A,,,1
1759293268,eth0,368,Ethernet,IPv4,UDP,N/A,v4,0.0.0.0,255.255.255.255,68,67,N/A,N/A,N/A,N/A,,,1
1759293268,any,370,N/A,IPv4,UDP,N/A,v4,0.0.0.0,255.255.255.255,68,67,N/A,N/A,N/A,N/A,,,1
1759293268,eth0,56,Ethernet,N/A,N/A,N/A,N/A,N/A,N/A,N/A,N/A,N/A,N/A,N/A,N/A,,,1
1759293268,any,58,ARP,N/A,N/A,N/A,N/A,N/A,N/A,N/A,N/A,1,2048,172.30.0.89,172.30.0.122,,,1
1759293268,any,112,N/A,IPv6,ICMP,N/A,v6,fe80::103b:bdff:fef0:169,ff02::179,N/A,N/A,N/A,N/A,N/A,N/A,,,1
1759293268,eth1,110,Ethernet,IPv6,ICMP,N/A,v6,fe80::103b:bdff:fef0:169,ff02::179,N/A,N/A,N/A,N/A,N/A,N/A,,,1
1759293268,eth0,110,Ethernet,IPv6,ICMP,N/A,v6,fe80::ecf9:eff:fefb:55,ff02::179,N/A,N/A,N/A,N/A,N/A,N/A,,,1
1759293268,eth0,56,Ethernet,IPv4,N/A,N/A,v4,172.30.0.89,224.0.0.22,N/A,N/A,N/A,N/A,N/A,N/A,,,1
1759293268,any,112,N/A,IPv6,ICMP,N/A,v6,fe80::ecf9:eff:fefb:55,ff02::179,N/A,N/A,N/A,N/A,N/A,N/A,,,1
1759293268,eth0,91,Ethernet,IPv6,UDP,N/A,v6,fe80::e48e:99ff:fe5f:147,ff02::1:52,5355,5355,N/A,N/A,N/A,N/A,,,1
1759293268,eth0,71,Ethernet,IPv4,UDP,N/A,v4,172.30.0.220,224.0.0.252,5355,5355,N/A,N/A,N/A,N/A,,,1
1759293268,any,93,N/A,IPv6,UDP,N/A,v6,fe80::e48e:99ff:fe5f:147,ff02::1:52,5355,5355,N/A,N/A,N/A,N/A,,,1
1759293268,eth0,360,Ethernet,IPv4,UDP,N/A,v4,0.0.0.0,255.255.255.255,68,67,N/A,N/A,N/A,N/A,,,1
1759293268,any,362,N/A,IPv4,UDP,N/A,v4,0.0.0.0,255.255.255.255,68,67,N/A,N/A,N/A,N/A,,,1
1759293268,eth0,372,Ethernet,IPv4,UDP,N/A,v4,0.0.0.0,255.255.255.255,68,67,N/A,N/A,N/A,N/A,,,1
1759293268,any,374,N/A,IPv4,UDP,N/A,v4,0.0.0.0,255.255.255.255,68,67,N/A,N/A,N/A,N/A,,,1
1759293268,eth2,110,Ethernet,IPv6,ICMP,N/A,v6,fe80::dcac:f9ff:fe59:60,ff02::179,N/A,N/A,N/A,N/A,N/A,N/A,,,1
1759293268,any,112,N/A,IPv6,ICMP,N/A,v6,fe80::f056:abff:fe65:143,ff02::179,N/A,N/A,N/A,N/A,N/A,N/A,,,1
1759293268,eth1,110,Ethernet,IPv6,ICMP,N/A,v6,fe80::f056:abff:fe65:143,ff02::179,N/A,N/A,N/A,N/A,N/A,N/A,,,1
1759293268,any,112,N/A,IPv6,ICMP,N/A,v6,fe80::e48e:99ff:fe5f:147,ff02::179,N/A,N/A,N/A,N/A,N/A,N/A,,,1
1759293268,eth0,110,Ethernet,IPv6,ICMP,N/A,v6,fe80::e48e:99ff:fe5f:147,ff02::179,N/A,N/A,N/A,N/A,N/A,N/A,,,1
1759293268,eth0,54,Ethernet,IPv4,N/A,N/A,v4,172.30.0.220,224.0.0.22,N/A,N/A,N/A,N/A,N/A,N/A,,,1
1759293268,any,56,N/A,IPv4,N/A,N/A,v4,172.30.0.23,224.0.0.22,N/A,N/A,N/A,N/A,N/A,N/A,,,1
1759293268,eth0,90,Ethernet,IPv6,ICMP,N/A,v6,fe80::5ca9:83ff:fe87:27,ff02::179,N/A,N/A,N/A,N/A,N/A,N/A,,,0
1759293268,eth0,54,Ethernet,IPv4,N/A,N/A,v4,172.30.0.220,224.0.0.22,N/A,N/A,N/A,N/A,N/A,N/A,,,0
1759293268,any,92,N/A,IPv6,ICMP,N/A,v6,fe80::5ca9:83ff:fe87:27,ff02::179,N/A,N/A,N/A,N/A,N/A,N/A,,,0
1759293268,eth0,87,Ethernet,IPv6,UDP,N/A,v6,fe80::5ca9:83ff:fe87:27,ff02::1:52,5355,5355,N/A,N/A,N/A,N/A,,,0
1759293268,any,89,N/A,IPv6,UDP,N/A,v6,fe80::5ca9:83ff:fe87:27,ff02::1:52,5355,5355,N/A,N/A,N/A,N/A,,,0
1759293268,eth0,356,Ethernet,IPv4,UDP,N/A,v4,0.0.0.0,255.255.255.255,68,67,N/A,N/A,N/A,N/A,,,0
1759293268,any,358,N/A,IPv4,UDP,N/A,v4,0.0.0.0,255.255.255.255,68,67,N/A,N/A,N/A,N/A,,,0
1759293268,eth0,368,Ethernet,IPv4,UDP,N/A,v4,0.0.0.0,255.255.255.255,68,67,N/A,N/A,N/A,N/A,,,0
1759293268,any,370,N/A,IPv4,UDP,N/A,v4,0.0.0.0,255.255.255.255,68,67,N/A,N/A,N/A,N/A,,,0
1759293268,eth1,110,Ethernet,IPv6,ICMP,N/A,v6,fe80::a824:52ff:fe4f:69,ff02::179,N/A,N/A,N/A,N/A,N/A,N/A,,,0
1759293268,any,56,N/A,IPv4,N/A,N/A,v4,172.30.0.220,224.0.0.22,N/A,N/A,N/A,N/A,N/A,N/A,,,0
1759293268,eth0,54,Ethernet,IPv4,N/A,N/A,v4,172.30.0.220,224.0.0.22,N/A,N/A,N/A,N/A,N/A,N/A,,,0
1759293268,any,112,N/A,IPv6,ICMP,N/A,v6,fe80::5ca9:83ff:fe87:27,ff02::179,N/A,N/A,N/A,N/A,N/A,N/A,,,0
1759293268,eth0,110,Ethernet,IPv6,ICMP,N/A,v6,fe80::5ca9:83ff:fe87:27,ff02::179,N/A,N/A,N/A,N/A,N/A,N/A,,,0
1759293268,any,112,N/A,IPv6,ICMP,N/A,v6,fe80::a824:52ff:fe4f:69,ff02::179,N/A,N/A,N/A,N/A,N/A,N/A,,,0
1759293268,eth1,110,Ethernet,IPv6,ICMP,N/A,v6,fe80::a824:52ff:fe4f:69,ff02::179,N/A,N/A,N/A,N/A,N/A,N/A,,,0
1759293268,any,56,N/A,IPv4,N/A,N/A,v4,172.30.0.220,224.0.0.22,N/A,N/A,N/A,N/A,N/A,N/A,,,0
1759293268,eth0,54,Ethernet,IPv4,N/A,N/A,v4,172.30.0.220,224.0.0.22,N/A,N/A,N/A,N/A,N/A,N/A,,,0
1759293268,any,44,ARP,N/A,N/A,N/A,N/A,N/A,N/A,N/A,N/A,1,2048,172.30.0.220,172.30.0.122,,,1
1759293268,any,58,ARP,N/A,N/A,N/A,N/A,N/A,N/A,N/A,N/A,2,2048,172.30.0.122,172.30.0.220,,,1
1759293268,any,58,ARP,N/A,N/A,N/A,N/A,N/A,N/A,N/A,N/A,2,2048,172.30.0.122,172.30.0.220,,,1
1759293268,eth0,54,Ethernet,IPv4,N/A,N/A,v4,172.30.0.23,224.0.0.22,N/A,N/A,N/A,N/A,N/A,N/A,,,1
1759293268,eth0,42,Ethernet,N/A,N/A,N/A,N/A,N/A,N/A,N/A,N/A,N/A,N/A,N/A,N/A,,,1
1759293268,eth0,56,Ethernet,N/A,N/A,N/A,N/A,N/A,N/A,N/A,N/A,N/A,N/A,N/A,N/A,,,1
1759293268,eth0,56,Ethernet,N/A,N/A,N/A,N/A,N/A,N/A,N/A,N/A,N/A,N/A,N/A,N/A,,,1
1759293268,any,56,N/A,IPv4,N/A,N/A,v4,172.30.0.220,224.0.0.22,N/A,N/A,N/A,N/A,N/A,N/A,,,1
1759293268,eth0,54,Ethernet,IPv4,N/A,N/A,v4,172.30.0.220,224.0.0.22,N/A,N/A,N/A,N/A,N/A,N/A,,,1
1759293268,any,112,N/A,IPv6,ICMP,N/A,v6,fe80::103b:bdff:fef0:169,ff02::179,N/A,N/A,N/A,N/A,N/A,N/A,,,1
1759293268,eth1,110,Ethernet,IPv6,ICMP,N/A,v6,fe80::103b:bdff:fef0:169,ff02::179,N/A,N/A,N/A,N/A,N/A,N/A,,,1
1759293268,any,112,N/A,IPv6,ICMP,N/A,v6,fe80::f056:abff:fe65:143,ff02::179,N/A,N/A,N/A,N/A,N/A,N/A,,,1
1759293268,eth1,110,Ethernet,IPv6,ICMP,N/A,v6,fe80::f056:abff:fe65:143,ff02::179,N/A,N/A,N/A,N/A,N/A,N/A,,,1
1759293269,eth0,110,Ethernet,IPv6,ICMP,N/A,v6,fe80::5ca9:83ff:fe87:27,ff02::179,N/A,N/A,N/A,N/A,N/A,N/A,,,0
1759293269,eth1,70,Ethernet,IPv6,ICMP,N/A,v6,fe80::7827:e3ff:fe68:239,ff02::204,N/A,N/A,N/A,N/A,N/A,N/A,,,1
1759293269,eth0,70,Ethernet,IPv6,ICMP,N/A,v6,fe80::24f1:23ff:fe29:66,ff02::204,N/A,N/A,N/A,N/A,N/A,N/A,,,1
1759293269,any,72,N/A,IPv6,ICMP,N/A,v6,fe80::24f1:23ff:fe29:66,ff02::204,N/A,N/A,N/A,N/A,N/A,N/A,,,1
1759293269,any,72,N/A,IPv6,ICMP,N/A,v6,fe80::7827:e3ff:fe68:239,ff02::204,N/A,N/A,N/A,N/A,N/A,N/A,,,1
1759293269,any,112,N/A,IPv6,ICMP,N/A,v6,fe80::dcac:f9ff:fe59:60,ff02::179,N/A,N/A,N/A,N/A,N/A,N/A,,,1
1759293269,eth2,110,Ethernet,IPv6,ICMP,N/A,v6,fe80::dcac:f9ff:fe59:60,ff02::179,N/A,N/A,N/A,N/A,N/A,N/A,,,1
1759293269,any,58,N/A,IPv4,N/A,N/A,v4,172.30.0.89,224.0.0.22,N/A,N/A,N/A,N/A,N/A,N/A,,,1
1759293269,eth0,56,Ethernet,IPv4,N/A,N/A,v4,172.30.0.89,224.0.0.22,N/A,N/A,N/A,N/A,N/A,N/A,,,1
1759293269,eth1,70,Ethernet,IPv6,ICMP,N/A,v6,fe80::103b:bdff:fef0:169,ff02::204,N/A,N/A,N/A,N/A,N/A,N/A,,,1
1759293269,eth0,70,Ethernet,IPv6,ICMP,N/A,v6,fe80::ecf9:eff:fefb:55,ff02::204,N/A,N/A,N/A,N/A,N/A,N/A,,,1
1759293269,any,72,N/A,IPv6,ICMP,N/A,v6,fe80::ecf9:eff:fefb:55,ff02::204,N/A,N/A,N/A,N/A,N/A,N/A,,,1
1759293269,any,72,N/A,IPv6,ICMP,N/A,v6,fe80::103b:bdff:fef0:169,ff02::204,N/A,N/A,N/A,N/A,N/A,N/A,,,1
1759293269,any,112,N/A,IPv6,ICMP,N/A,v6,fe80::ecf9:eff:fefb:55,ff02::179,N/A,N/A,N/A,N/A,N/A,N/A,,,1
1759293269,eth0,110,Ethernet,IPv6,ICMP,N/A,v6,fe80::ecf9:eff:fefb:55,ff02::179,N/A,N/A,N/A,N/A,N/A,N/A,,,1
1759293269,any,72,N/A,IPv6,ICMP,N/A,v6,fe80::dcac:f9ff:fe59:60,ff02::204,N/A,N/A,N/A,N/A,N/A,N/A,,,1
1759293269,eth2,70,Ethernet,IPv6,ICMP,N/A,v6,fe80::dcac:f9ff:fe59:60,ff02::204,N/A,N/A,N/A,N/A,N/A,N/A,,,1
1759293269,eth1,70,Ethernet,IPv6,ICMP,N/A,v6,fe80::f056:abff:fe65:143,ff02::204,N/A,N/A,N/A,N/A,N/A,N/A,,,1
1759293269,eth0,70,Ethernet,IPv6,ICMP,N/A,v6,fe80::e48e:99ff:fe5f:147,ff02::204,N/A,N/A,N/A,N/A,N/A,N/A,,,1
1759293269,eth0,110,Ethernet,IPv6,ICMP,N/A,v6,fe80::e48e:99ff:fe5f:147,ff02::179,N/A,N/A,N/A,N/A,N/A,N/A,,,1
1759293269,any,112,N/A,IPv6,ICMP,N/A,v6,fe80::e48e:99ff:fe5f:147,ff02::179,N/A,N/A,N/A,N/A,N/A,N/A,,,1
1759293269,any,113,N/A,N/A,N/A,N/A,N/A,N/A,N/A,N/A,N/A,N/A,N/A,N/A,N/A,,,1
1759293269,eth0,111,Ethernet,N/A,N/A,N/A,N/A,N/A,N/A,N/A,N/A,N/A,N/A,N/A,N/A,,,1
1759293269,eth0,42,Ethernet,N/A,N/A,N/A,N/A,N/A,N/A,N/A,N/A,N/A,N/A,N/A,N/A,,,0
1759293269,eth0,56,Ethernet,N/A,N/A,N/A,N/A,N/A,N/A,N/A,N/A,N/A,N/A,N/A,N/A,,,0
1759293269,eth0,56,Ethernet,N/A,N/A,N/A,N/A,N/A,N/A,N/A,N/A,N/A,N/A,N/A,N/A,,,0
1759293269,eth0,70,Ethernet,IPv6,ICMP,N/A,v6,fe80::5ca9:83ff:fe87:27,ff02::204,N/A,N/A,N/A,N/A,N/A,N/A,,,0
1759293269,any,112,N/A,IPv6,ICMP,N/A,v6,fe80::5ca9:83ff:fe87:27,ff02::179,N/A,N/A,N/A,N/A,N/A,N/A,,,0
1759293269,any,44,ARP,N/A,N/A,N/A,N/A,N/A,N/A,N/A,N/A,1,2048,172.30.0.220,172.30.0.122,,,0
1759293269,any,58,ARP,N/A,N/A,N/A,N/A,N/A,N/A,N/A,N/A,2,2048,172.30.0.122,172.30.0.220,,,0
1759293269,any,72,N/A,IPv6,ICMP,N/A,v6,fe80::5ca9:83ff:fe87:27,ff02::204,N/A,N/A,N/A,N/A,N/A,N/A,,,0
1759293269,any,72,N/A,IPv6,ICMP,N/A,v6,fe80::a824:52ff:fe4f:69,ff02::204,N/A,N/A,N/A,N/A,N/A,N/A,,,0
1759293269,eth1,70,Ethernet,IPv6,ICMP,N/A,v6,fe80::a824:52ff:fe4f:69,ff02::204,N/A,N/A,N/A,N/A,N/A,N/A,,,0
1759293269,eth0,107,Ethernet,N/A,N/A,N/A,N/A,N/A,N/A,N/A,N/A,N/A,N/A,N/A,N/A,,,0
1759293269,any,109,N/A,N/A,N/A,N/A,N/A,N/A,N/A,N/A,N/A,N/A,N/A,N/A,N/A,,,0
1759293270,eth0,111,Ethernet,N/A,N/A,N/A,N/A,N/A,N/A,N/A,N/A,N/A,N/A,N/A,N/A,,,1
1759293270,any,113,N/A,N/A,N/A,N/A,N/A,N/A,N/A,N/A,N/A,N/A,N/A,N/A,N/A,,,1
1759293270,eth0,107,Ethernet,N/A,N/A,N/A,N/A,N/A,N/A,N/A,N/A,N/A,N/A,N/A,N/A,,,0
1759293270,any,109,N/A,N/A,N/A,N/A,N/A,N/A,N/A,N/A,N/A,N/A,N/A,N/A,N/A,,,0
1759293271,eth0,90,Ethernet,IPv6,ICMP,N/A,v6,fe80::b0b5:44ff:feea:219,ff02::179,N/A,N/A,N/A,N/A,N/A,N/A,,,1
1759293271,eth0,54,Ethernet,IPv4,N/A,N/A,v4,172.30.0.163,224.0.0.22,N/A,N/A,N/A,N/A,N/A,N/A,,,1
1759293271,any,92,N/A,IPv6,ICMP,N/A,v6,fe80::b0b5:44ff:feea:219,ff02::179,N/A,N/A,N/A,N/A,N/A,N/A,,,1
1759293271,any,56,N/A,IPv4,N/A,N/A,v4,172.30.0.163,224.0.0.22,N/A,N/A,N/A,N/A,N/A,N/A,,,1
1759293271,any,70,N/A,IPv4,UDP,N/A,v4,172.30.0.163,224.0.0.252,5355,5355,N/A,N/A,N/A,N/A,,,1
1759293271,eth0,68,Ethernet,IPv4,UDP,N/A,v4,172.30.0.163,224.0.0.252,5355,5355,N/A,N/A,N/A,N/A,,,1
1759293271,any,359,N/A,IPv4,UDP,N/A,v4,0.0.0.0,255.255.255.255,68,67,N/A,N/A,N/A,N/A,,,1
1759293271,eth0,357,Ethernet,IPv4,UDP,N/A,v4,0.0.0.0,255.255.255.255,68,67,N/A,N/A,N/A,N/A,,,1
1759293271,eth1,110,Ethernet,IPv6,ICMP,N/A,v6,fe80::780a:a9ff:fee6:89,ff02::179,N/A,N/A,N/A,N/A,N/A,N/A,,,1
1759293271,any,112,N/A,IPv6,ICMP,N/A,v6,fe80::780a:a9ff:fee6:89,ff02::179,N/A,N/A,N/A,N/A,N/A,N/A,,,1
1759293271,any,371,N/A,IPv4,UDP,N/A,v4,0.0.0.0,255.255.255.255,68,67,N/A,N/A,N/A,N/A,,,1
1759293271,eth0,369,Ethernet,IPv4,UDP,N/A,v4,0.0.0.0,255.255.255.255,68,67,N/A,N/A,N/A,N/A,,,1
1759293271,any,112,N/A,IPv6,ICMP,N/A,v6,fe80::b0b5:44ff:feea:219,ff02::179,N/A,N/A,N/A,N/A,N/A,N/A,,,1
1759293271,eth0,110,Ethernet,IPv6,ICMP,N/A,v6,fe80::b0b5:44ff:feea:219,ff02::179,N/A,N/A,N/A,N/A,N/A,N/A,,,1
1759293271,eth0,54,Ethernet,IPv4,N/A,N/A,v4,172.30.0.163,224.0.0.22,N/A,N/A,N/A,N/A,N/A,N/A,,,1
1759293271,eth0,111,Ethernet,N/A,N/A,N/A,N/A,N/A,N/A,N/A,N/A,N/A,N/A,N/A,N/A,,,1
1759293271,any,113,N/A,N/A,N/A,N/A,N/A,N/A,N/A,N/A,N/A,N/A,N/A,N/A,N/A,,,1
1759293272,any,112,N/A,IPv6,ICMP,N/A,v6,fe80::780a:a9ff:fee6:89,ff02::179,N/A,N/A,N/A,N/A,N/A,N/A,,,1
1759293272,eth1,110,Ethernet,IPv6,ICMP,N/A,v6,fe80::780a:a9ff:fee6:89,ff02::179,N/A,N/A,N/A,N/A,N/A,N/A,,,1
1759293272,any,56,N/A,IPv4,N/A,N/A,v4,172.30.0.163,224.0.0.22,N/A,N/A,N/A,N/A,N/A,N/A,,,1
1759293272,eth0,54,Ethernet,IPv4,N/A,N/A,v4,172.30.0.163,224.0.0.22,N/A,N/A,N/A,N/A,N/A,N/A,,,1
1759293272,eth0,90,Ethernet,IPv6,ICMP,N/A,v6,fe80::24f1:23ff:fe29:66,ff02::179,N/A,N/A,N/A,N/A,N/A,N/A,,,1
1759293272,eth0,54,Ethernet,IPv4,N/A,N/A,v4,172.30.0.23,224.0.0.22,N/A,N/A,N/A,N/A,N/A,N/A,,,1
1759293272,any,92,N/A,IPv6,ICMP,N/A,v6,fe80::24f1:23ff:fe29:66,ff02::179,N/A,N/A,N/A,N/A,N/A,N/A,,,1
1759293272,eth0,67,Ethernet,IPv4,UDP,N/A,v4,172.30.0.23,224.0.0.252,5355,5355,N/A,N/A,N/A,N/A,,,1
1759293272,any,69,N/A,IPv4,UDP,N/A,v4,172.30.0.23,224.0.0.252,5355,5355,N/A,N/A,N/A,N/A,,,1
1759293272,any,44,ARP,N/A,N/A,N/A,N/A,N/A,N/A,N/A,N/A,1,2048,172.30.0.163,172.30.0.122,,,1
1759293272,eth0,42,Ethernet,N/A,N/A,N/A,N/A,N/A,N/A,N/A,N/A,N/A,N/A,N/A,N/A,,,1
1759293272,eth0,87,Ethernet,IPv6,UDP,N/A,v6,fe80::24f1:23ff:fe29:66,ff02::1:52,5355,5355,N/A,N/A,N/A,N/A,,,1
1759293272,any,89,N/A,IPv6,UDP,N/A,v6,fe80::24f1:23ff:fe29:66,ff02::1:52,5355,5355,N/A,N/A,N/A,N/A,,,1
1759293272,any,358,N/A,IPv4,UDP,N/A,v4,0.0.0.0,255.255.255.255,68,67,N/A,N/A,N/A,N/A,,,1
1759293272,eth0,356,Ethernet,IPv4,UDP,N/A,v4,0.0.0.0,255.255.255.255,68,67,N/A,N/A,N/A,N/A,,,1
1759293272,eth0,368,Ethernet,IPv4,UDP,N/A,v4,0.0.0.0,255.255.255.255,68,67,N/A,N/A,N/A,N/A,,,1
1759293272,any,370,N/A,IPv4,UDP,N/A,v4,0.0.0.0,255.255.255.255,68,67,N/A,N/A,N/A,N/A,,,1
1759293272,any,112,N/A,IPv6,ICMP,N/A,v6,fe80::7827:e3ff:fe68:239,ff02::179,N/A,N/A,N/A,N/A,N/A,N/A,,,1
1759293272,eth1,110,Ethernet,IPv6,ICMP,N/A,v6,fe80::7827:e3ff:fe68:239,ff02::179,N/A,N/A,N/A,N/A,N/A,N/A,,,1
1759293272,any,112,N/A,IPv6,ICMP,N/A,v6,fe80::24f1:23ff:fe29:66,ff02::179,N/A,N/A,N/A,N/A,N/A,N/A,,,1
1759293272,eth0,110,Ethernet,IPv6,ICMP,N/A,v6,fe80::24f1:23ff:fe29:66,ff02::179,N/A,N/A,N/A,N/A,N/A,N/A,,,1
1759293272,eth0,107,Ethernet,N/A,N/A,N/A,N/A,N/A,N/A,N/A,N/A,N/A,N/A,N/A,N/A,,,0
1759293272,any,109,N/A,N/A,N/A,N/A,N/A,N/A,N/A,N/A,N/A,N/A,N/A,N/A,N/A,,,0
1759293272,eth0,54,Ethernet,IPv4,N/A,N/A,v4,172.30.0.23,224.0.0.22,N/A,N/A,N/A,N/A,N/A,N/A,,,1
1759293272,any,72,N/A,IPv6,ICMP,N/A,v6,fe80::780a:a9ff:fee6:89,ff02::204,N/A,N/A,N/A,N/A,N/A,N/A,,,1
1759293272,eth1,70,Ethernet,IPv6,ICMP,N/A,v6,fe80::780a:a9ff:fee6:89,ff02::204,N/A,N/A,N/A,N/A,N/A,N/A,,,1
1759293272,eth0,70,Ethernet,IPv6,ICMP,N/A,v6,fe80::b0b5:44ff:feea:219,ff02::204,N/A,N/A,N/A,N/A,N/A,N/A,,,1
1759293272,any,44,ARP,N/A,N/A,N/A,N/A,N/A,N/A,N/A,N/A,1,2048,172.30.0.23,172.30.0.122,,,1
1759293272,eth0,42,Ethernet,N/A,N/A,N/A,N/A,N/A,N/A,N/A,N/A,N/A,N/A,N/A,N/A,,,1
1759293272,any,112,N/A,IPv6,ICMP,N/A,v6,fe80::7827:e3ff:fe68:239,ff02::179,N/A,N/A,N/A,N/A,N/A,N/A,,,1
1759293272,eth1,110,Ethernet,IPv6,ICMP,N/A,v6,fe80::7827:e3ff:fe68:239,ff02::179,N/A,N/A,N/A,N/A,N/A,N/A,,,1
1759293272,eth0,54,Ethernet,IPv4,N/A,N/A,v4,172.30.0.23,224.0.0.22,N/A,N/A,N/A,N/A,N/A,N/A,,,1
1759293272,any,56,N/A,IPv4,N/A,N/A,v4,172.30.0.23,224.0.0.22,N/A,N/A,N/A,N/A,N/A,N/A,,,1
1759293272,any,112,N/A,IPv6,ICMP,N/A,v6,fe80::b0b5:44ff:feea:219,ff02::179,N/A,N/A,N/A,N/A,N/A,N/A,,,1
1759293272,eth0,110,Ethernet,IPv6,ICMP,N/A,v6,fe80::b0b5:44ff:feea:219,ff02::179,N/A,N/A,N/A,N/A,N/A,N/A,,,1
1759293272,eth0,110,Ethernet,IPv6,ICMP,N/A,v6,fe80::24f1:23ff:fe29:66,ff02::179,N/A,N/A,N/A,N/A,N/A,N/A,,,1
1759293272,any,112,N/A,IPv6,ICMP,N/A,v6,fe80::24f1:23ff:fe29:66,ff02::179,N/A,N/A,N/A,N/A,N/A,N/A,,,1
1759293273,eth0,107,Ethernet,N/A,N/A,N/A,N/A,N/A,N/A,N/A,N/A,N/A,N/A,N/A,N/A,,,0
1759293273,any,109,N/A,N/A,N/A,N/A,N/A,N/A,N/A,N/A,N/A,N/A,N/A,N/A,N/A,,,0
1759293273,any,72,N/A,IPv6,ICMP,N/A,v6,fe80::a824:52ff:fe4f:69,ff02::204,N/A,N/A,N/A,N/A,N/A,N/A,,,0
1759293273,eth1,70,Ethernet,IPv6,ICMP,N/A,v6,fe80::a824:52ff:fe4f:69,ff02::204,N/A,N/A,N/A,N/A,N/A,N/A,,,0
1759293273,eth0,70,Ethernet,IPv6,ICMP,N/A,v6,fe80::5ca9:83ff:fe87:27,ff02::204,N/A,N/A,N/A,N/A,N/A,N/A,,,0
1759293273,any,72,N/A,IPv6,ICMP,N/A,v6,fe80::5ca9:83ff:fe87:27,ff02::204,N/A,N/A,N/A,N/A,N/A,N/A,,,0
1759293273,eth0,90,Ethernet,IPv6,ICMP,N/A,v6,fe80::5ca9:83ff:fe87:27,ff02::179,N/A,N/A,N/A,N/A,N/A,N/A,,,0
1759293273,eth0,54,Ethernet,IPv4,N/A,N/A,v4,172.30.0.220,224.0.0.22,N/A,N/A,N/A,N/A,N/A,N/A,,,0
1759293273,any,92,N/A,IPv6,ICMP,N/A,v6,fe80::5ca9:83ff:fe87:27,ff02::179,N/A,N/A,N/A,N/A,N/A,N/A,,,0
1759293273,eth1,70,Ethernet,IPv6,ICMP,N/A,v6,fe80::7827:e3ff:fe68:239,ff02::204,N/A,N/A,N/A,N/A,N/A,N/A,,,1
1759293273,any,72,N/A,IPv6,ICMP,N/A,v6,fe80::24f1:23ff:fe29:66,ff02::204,N/A,N/A,N/A,N/A,N/A,N/A,,,1
1759293273,eth0,70,Ethernet,IPv6,ICMP,N/A,v6,fe80::24f1:23ff:fe29:66,ff02::204,N/A,N/A,N/A,N/A,N/A,N/A,,,1
1759293273,any,113,N/A,N/A,N/A,N/A,N/A,N/A,N/A,N/A,N/A,N/A,N/A,N/A,N/A,,,1
1759293273,eth0,111,Ethernet,N/A,N/A,N/A,N/A,N/A,N/A,N/A,N/A,N/A,N/A,N/A,N/A,,,1
1759293273,eth0,70,Ethernet,IPv6,ICMP,N/A,v6,fe80::ecf9:eff:fefb:55,ff02::204,N/A,N/A,N/A,N/A,N/A,N/A,,,1
1759293273,any,72,N/A,IPv6,ICMP,N/A,v6,fe80::ecf9:eff:fefb:55,ff02::204,N/A,N/A,N/A,N/A,N/A,N/A,,,1
1759293273,any,72,N/A,IPv6,ICMP,N/A,v6,fe80::e48e:99ff:fe5f:147,ff02::204,N/A,N/A,N/A,N/A,N/A,N/A,,,1
1759293273,eth0,70,Ethernet,IPv6,ICMP,N/A,v6,fe80::e48e:99ff:fe5f:147,ff02::204,N/A,N/A,N/A,N/A,N/A,N/A,,,1
1759293273,any,72,N/A,IPv6,ICMP,N/A,v6,fe80::dcac:f9ff:fe59:60,ff02::204,N/A,N/A,N/A,N/A,N/A,N/A,,,1
1759293273,eth2,70,Ethernet,IPv6,ICMP,N/A,v6,fe80::dcac:f9ff:fe59:60,ff02::204,N/A,N/A,N/A,N/A,N/A,N/A,,,1
1759293273,any,72,N/A,IPv6,ICMP,N/A,v6,fe80::f056:abff:fe65:143,ff02::204,N/A,N/A,N/A,N/A,N/A,N/A,,,1
1759293273,eth1,70,Ethernet,IPv6,ICMP,N/A,v6,fe80::f056:abff:fe65:143,ff02::204,N/A,N/A,N/A,N/A,N/A,N/A,,,1
1759293273,any,72,N/A,IPv6,ICMP,N/A,v6,fe80::103b:bdff:fef0:169,ff02::204,N/A,N/A,N/A,N/A,N/A,N/A,,,1
1759293273,eth1,70,Ethernet,IPv6,ICMP,N/A,v6,fe80::103b:bdff:fef0:169,ff02::204,N/A,N/A,N/A,N/A,N/A,N/A,,,1
1759293273,eth0,90,Ethernet,IPv6,ICMP,N/A,v6,fe80::ecf9:eff:fefb:55,ff02::179,N/A,N/A,N/A,N/A,N/A,N/A,,,1
1759293273,eth0,56,Ethernet,IPv4,N/A,N/A,v4,172.30.0.89,224.0.0.22,N/A,N/A,N/A,N/A,N/A,N/A,,,1
1759293273,any,92,N/A,IPv6,ICMP,N/A,v6,fe80::ecf9:eff:fefb:55,ff02::179,N/A,N/A,N/A,N/A,N/A,N/A,,,1
1759293273,any,58,N/A,IPv4,N/A,N/A,v4,172.30.0.89,224.0.0.22,N/A,N/A,N/A,N/A,N/A,N/A,,,1
1759293273,eth0,67,Ethernet,IPv4,UDP,N/A,v4,172.30.0.89,224.0.0.252,5355,5355,N/A,N/A,N/A,N/A,,,1
1759293273,eth0,90,Ethernet,IPv6,ICMP,N/A,v6,fe80::e48e:99ff:fe5f:147,ff02::179,N/A,N/A,N/A,N/A,N/A,N/A,,,1
1759293273,eth0,54,Ethernet,IPv4,N/A,N/A,v4,172.30.0.220,224.0.0.22,N/A,N/A,N/A,N/A,N/A,N/A,,,1
1759293273,any,69,N/A,IPv4,UDP,N/A,v4,172.30.0.89,224.0.0.252,5355,5355,N/A,N/A,N/A,N/A,,,1
1759293273,any,92,N/A,IPv6,ICMP,N/A,v6,fe80::e48e:99ff:fe5f:147,ff02::179,N/A,N/A,N/A,N/A,N/A,N/A,,,1
1759293273,eth0,356,Ethernet,IPv4,UDP,N/A,v4,0.0.0.0,255.255.255.255,68,67,N/A,N/A,N/A,N/A,,,1
1759293273,any,358,N/A,IPv4,UDP,N/A,v4,0.0.0.0,255.255.255.255,68,67,N/A,N/A,N/A,N/A,,,1
1759293273,eth0,368,Ethernet,IPv4,UDP,N/A,v4,0.0.0.0,255.255.255.255,68,67,N/A,N/A,N/A,N/A,,,1
1759293273,any,370,N/A,IPv4,UDP,N/A,v4,0.0.0.0,255.255.255.255,68,67,N/A,N/A,N/A,N/A,,,1
1759293273,eth1,110,Ethernet,IPv6,ICMP,N/A,v6,fe80::103b:bdff:fef0:169,ff02::179,N/A,N/A,N/A,N/A,N/A,N/A,,,1
1759293273,any,112,N/A,IPv6,ICMP,N/A,v6,fe80::103b:bdff:fef0:169,ff02::179,N/A,N/A,N/A,N/A,N/A,N/A,,,1
1759293273,eth0,56,Ethernet,N/A,N/A,N/A,N/A,N/A,N/A,N/A,N/A,N/A,N/A,N/A,N/A,,,1
1759293273,any,58,ARP,N/A,N/A,N/A,N/A,N/A,N/A,N/A,N/A,1,2048,172.30.0.89,172.30.0.122,,,1
1759293273,eth0,110,Ethernet,IPv6,ICMP,N/A,v6,fe80::ecf9:eff:fefb:55,ff02::179,N/A,N/A,N/A,N/A,N/A,N/A,,,1
1759293273,any,112,N/A,IPv6,ICMP,N/A,v6,fe80::ecf9:eff:fefb:55,ff02::179,N/A,N/A,N/A,N/A,N/A,N/A,,,1
1759293273,eth0,56,Ethernet,IPv4,N/A,N/A,v4,172.30.0.89,224.0.0.22,N/A,N/A,N/A,N/A,N/A,N/A,,,1
1759293273,any,58,N/A,IPv4,N/A,N/A,v4,172.30.0.89,224.0.0.22,N/A,N/A,N/A,N/A,N/A,N/A,,,1
1759293273,eth0,87,Ethernet,IPv6,UDP,N/A,v6,fe80::5ca9:83ff:fe87:27,ff02::1:52,5355,5355,N/A,N/A,N/A,N/A,,,0
1759293273,any,89,N/A,IPv6,UDP,N/A,v6,fe80::5ca9:83ff:fe87:27,ff02::1:52,5355,5355,N/A,N/A,N/A,N/A,,,0
1759293273,eth0,356,Ethernet,IPv4,UDP,N/A,v4,0.0.0.0,255.255.255.255,68,67,N/A,N/A,N/A,N/A,,,0
1759293273,any,358,N/A,IPv4,UDP,N/A,v4,0.0.0.0,255.255.255.255,68,67,N/A,N/A,N/A,N/A,,,0
1759293273,eth0,368,Ethernet,IPv4,UDP,N/A,v4,0.0.0.0,255.255.255.255,68,67,N/A,N/A,N/A,N/A,,,0
1759293273,any,370,N/A,IPv4,UDP,N/A,v4,0.0.0.0,255.255.255.255,68,67,N/A,N/A,N/A,N/A,,,0
1759293273,eth0,42,Ethernet,N/A,N/A,N/A,N/A,N/A,N/A,N/A,N/A,N/A,N/A,N/A,N/A,,,0
1759293273,any,112,N/A,IPv6,ICMP,N/A,v6,fe80::a824:52ff:fe4f:69,ff02::179,N/A,N/A,N/A,N/A,N/A,N/A,,,0
1759293273,eth1,110,Ethernet,IPv6,ICMP,N/A,v6,fe80::a824:52ff:fe4f:69,ff02::179,N/A,N/A,N/A,N/A,N/A,N/A,,,0
1759293273,eth0,56,Ethernet,N/A,N/A,N/A,N/A,N/A,N/A,N/A,N/A,N/A,N/A,N/A,N/A,,,0
1759293273,any,58,ARP,N/A,N/A,N/A,N/A,N/A,N/A,N/A,N/A,2,2048,172.30.0.122,172.30.0.220,,,0
1759293273,any,58,ARP,N/A,N/A,N/A,N/A,N/A,N/A,N/A,N/A,2,2048,172.30.0.122,172.30.0.220,,,0
1759293273,eth0,56,Ethernet,N/A,N/A,N/A,N/A,N/A,N/A,N/A,N/A,N/A,N/A,N/A,N/A,,,0
1759293273,eth0,54,Ethernet,IPv4,N/A,N/A,v4,172.30.0.220,224.0.0.22,N/A,N/A,N/A,N/A,N/A,N/A,,,0
1759293273,any,56,N/A,IPv4,N/A,N/A,v4,172.30.0.220,224.0.0.22,N/A,N/A,N/A,N/A,N/A,N/A,,,0
1759293273,eth0,110,Ethernet,IPv6,ICMP,N/A,v6,fe80::5ca9:83ff:fe87:27,ff02::179,N/A,N/A,N/A,N/A,N/A,N/A,,,0
1759293273,any,112,N/A,IPv6,ICMP,N/A,v6,fe80::5ca9:83ff:fe87:27,ff02::179,N/A,N/A,N/A,N/A,N/A,N/A,,,0
1759293273,eth0,91,Ethernet,IPv6,UDP,N/A,v6,fe80::e48e:99ff:fe5f:147,ff02::1:52,5355,5355,N/A,N/A,N/A,N/A,,,1
1759293273,any,93,N/A,IPv6,UDP,N/A,v6,fe80::e48e:99ff:fe5f:147,ff02::1:52,5355,5355,N/A,N/A,N/A,N/A,,,1
1759293273,eth0,71,Ethernet,IPv4,UDP,N/A,v4,172.30.0.220,224.0.0.252,5355,5355,N/A,N/A,N/A,N/A,,,1
1759293273,eth2,110,Ethernet,IPv6,ICMP,N/A,v6,fe80::dcac:f9ff:fe59:60,ff02::179,N/A,N/A,N/A,N/A,N/A,N/A,,,1
1759293273,any,112,N/A,IPv6,ICMP,N/A,v6,fe80::dcac:f9ff:fe59:60,ff02::179,N/A,N/A,N/A,N/A,N/A,N/A,,,1
1759293273,eth0,360,Ethernet,IPv4,UDP,N/A,v4,0.0.0.0,255.255.255.255,68,67,N/A,N/A,N/A,N/A,,,1
1759293273,any,362,N/A,IPv4,UDP,N/A,v4,0.0.0.0,255.255.255.255,68,67,N/A,N/A,N/A,N/A,,,1
1759293273,eth0,372,Ethernet,IPv4,UDP,N/A,v4,0.0.0.0,255.255.255.255,68,67,N/A,N/A,N/A,N/A,,,1
1759293273,any,374,N/A,IPv4,UDP,N/A,v4,0.0.0.0,255.255.255.255,68,67,N/A,N/A,N/A,N/A,,,1
1759293273,eth1,110,Ethernet,IPv6,ICMP,N/A,v6,fe80::f056:abff:fe65:143,ff02::179,N/A,N/A,N/A,N/A,N/A,N/A,,,1
1759293273,any,112,N/A,IPv6,ICMP,N/A,v6,fe80::e48e:99ff:fe5f:147,ff02::179,N/A,N/A,N/A,N/A,N/A,N/A,,,1
1759293273,eth0,110,Ethernet,IPv6,ICMP,N/A,v6,fe80::e48e:99ff:fe5f:147,ff02::179,N/A,N/A,N/A,N/A,N/A,N/A,,,1
1759293273,eth0,110,Ethernet,IPv6,ICMP,N/A,v6,fe80::e48e:99ff:fe5f:147,ff02::179,N/A,N/A,N/A,N/A,N/A,N/A,,,1
1759293273,eth0,54,Ethernet,IPv4,N/A,N/A,v4,172.30.0.220,224.0.0.22,N/A,N/A,N/A,N/A,N/A,N/A,,,1
1759293273,any,112,N/A,IPv6,ICMP,N/A,v6,fe80::e48e:99ff:fe5f:147,ff02::179,N/A,N/A,N/A,N/A,N/A,N/A,,,1
1759293273,eth0,42,Ethernet,N/A,N/A,N/A,N/A,N/A,N/A,N/A,N/A,N/A,N/A,N/A,N/A,,,1
1759293273,eth0,56,Ethernet,N/A,N/A,N/A,N/A,N/A,N/A,N/A,N/A,N/A,N/A,N/A,N/A,,,1
1759293273,eth0,56,Ethernet,N/A,N/A,N/A,N/A,N/A,N/A,N/A,N/A,N/A,N/A,N/A,N/A,,,1
1759293273,any,44,ARP,N/A,N/A,N/A,N/A,N/A,N/A,N/A,N/A,1,2048,172.30.0.220,172.30.0.122,,,1
1759293273,any,58,ARP,N/A,N/A,N/A,N/A,N/A,N/A,N/A,N/A,2,2048,172.30.0.122,172.30.0.220,,,1
1759293274,eth0,110,Ethernet,IPv6,ICMP,N/A,v6,fe80::5ca9:83ff:fe87:27,ff02::179,N/A,N/A,N/A,N/A,N/A,N/A,,,0
1759293274,any,112,N/A,IPv6,ICMP,N/A,v6,fe80::5ca9:83ff:fe87:27,ff02::179,N/A,N/A,N/A,N/A,N/A,N/A,,,0
1759293274,any,56,N/A,IPv4,N/A,N/A,v4,172.30.0.220,224.0.0.22,N/A,N/A,N/A,N/A,N/A,N/A,,,0
1759293274,eth0,54,Ethernet,IPv4,N/A,N/A,v4,172.30.0.220,224.0.0.22,N/A,N/A,N/A,N/A,N/A,N/A,,,0
1759293274,any,112,N/A,IPv6,ICMP,N/A,v6,fe80::a824:52ff:fe4f:69,ff02::179,N/A,N/A,N/A,N/A,N/A,N/A,,,0
1759293274,eth1,110,Ethernet,IPv6,ICMP,N/A,v6,fe80::a824:52ff:fe4f:69,ff02::179,N/A,N/A,N/A,N/A,N/A,N/A,,,0
1759293274,eth0,70,Ethernet,IPv6,ICMP,N/A,v6,fe80::5ca9:83ff:fe87:27,ff02::204,N/A,N/A,N/A,N/A,N/A,N/A,,,0
1759293274,any,72,N/A,IPv6,ICMP,N/A,v6,fe80::a824:52ff:fe4f:69,ff02::204,N/A,N/A,N/A,N/A,N/A,N/A,,,0
1759293274,any,112,N/A,IPv6,ICMP,N/A,v6,fe80::103b:bdff:fef0:169,ff02::179,N/A,N/A,N/A,N/A,N/A,N/A,,,1
1759293274,eth1,110,Ethernet,IPv6,ICMP,N/A,v6,fe80::103b:bdff:fef0:169,ff02::179,N/A,N/A,N/A,N/A,N/A,N/A,,,1
1759293274,any,112,N/A,IPv6,ICMP,N/A,v6,fe80::ecf9:eff:fefb:55,ff02::179,N/A,N/A,N/A,N/A,N/A,N/A,,,1
1759293274,eth0,110,Ethernet,IPv6,ICMP,N/A,v6,fe80::ecf9:eff:fefb:55,ff02::179,N/A,N/A,N/A,N/A,N/A,N/A,,,1
1759293274,any,92,N/A,IPv6,ICMP,N/A,v6,fe80::e48e:99ff:fe5f:147,ff02::179,N/A,N/A,N/A,N/A,N/A,N/A,,,1
1759293274,eth2,110,Ethernet,IPv6,ICMP,N/A,v6,fe80::dcac:f9ff:fe59:60,ff02::179,N/A,N/A,N/A,N/A,N/A,N/A,,,1
1759293274,eth0,90,Ethernet,IPv6,ICMP,N/A,v6,fe80::e48e:99ff:fe5f:147,ff02::179,N/A,N/A,N/A,N/A,N/A,N/A,,,1
1759293274,eth1,70,Ethernet,IPv6,ICMP,N/A,v6,fe80::103b:bdff:fef0:169,ff02::204,N/A,N/A,N/A,N/A,N/A,N/A,,,1
1759293274,any,72,N/A,IPv6,ICMP,N/A,v6,fe80::ecf9:eff:fefb:55,ff02::204,N/A,N/A,N/A,N/A,N/A,N/A,,,1
1759293274,any,72,N/A,IPv6,ICMP,N/A,v6,fe80::103b:bdff:fef0:169,ff02::204,N/A,N/A,N/A,N/A,N/A,N/A,,,1
1759293274,eth0,70,Ethernet,IPv6,ICMP,N/A,v6,fe80::ecf9:eff:fefb:55,ff02::204,N/A,N/A,N/A,N/A,N/A,N/A,,,1
1759293274,any,56,N/A,IPv4,N/A,N/A,v4,172.30.0.220,224.0.0.22,N/A,N/A,N/A,N/A,N/A,N/A,,,1
1759293274,eth0,54,Ethernet,IPv4,N/A,N/A,v4,172.30.0.220,224.0.0.22,N/A,N/A,N/A,N/A,N/A,N/A,,,1
1759293274,eth0,56,Ethernet,IPv4,N/A,N/A,v4,172.30.0.89,224.0.0.22,N/A,N/A,N/A,N/A,N/A,N/A,,,1
1759293274,any,58,N/A,IPv4,N/A,N/A,v4,172.30.0.89,224.0.0.22,N/A,N/A,N/A,N/A,N/A,N/A,,,1
1759293274,any,72,N/A,IPv6,ICMP,N/A,v6,fe80::dcac:f9ff:fe59:60,ff02::204,N/A,N/A,N/A,N/A,N/A,N/A,,,1
1759293274,eth2,70,Ethernet,IPv6,ICMP,N/A,v6,fe80::dcac:f9ff:fe59:60,ff02::204,N/A,N/A,N/A,N/A,N/A,N/A,,,1
1759293274,eth1,70,Ethernet,IPv6,ICMP,N/A,v6,fe80::f056:abff:fe65:143,ff02::204,N/A,N/A,N/A,N/A,N/A,N/A,,,1
1759293274,eth0,70,Ethernet,IPv6,ICMP,N/A,v6,fe80::e48e:99ff:fe5f:147,ff02::204,N/A,N/A,N/A,N/A,N/A,N/A,,,1
1759293274,any,112,N/A,IPv6,ICMP,N/A,v6,fe80::f056:abff:fe65:143,ff02::179,N/A,N/A,N/A,N/A,N/A,N/A,,,1
1759293274,eth1,110,Ethernet,IPv6,ICMP,N/A,v6,fe80::f056:abff:fe65:143,ff02::179,N/A,N/A,N/A,N/A,N/A,N/A,,,1
1759293274,eth1,70,Ethernet,IPv6,ICMP,N/A,v6,fe80::a824:52ff:fe4f:69,ff02::204,N/A,N/A,N/A,N/A,N/A,N/A,,,0
1759293274,eth0,107,Ethernet,N/A,N/A,N/A,N/A,N/A,N/A,N/A,N/A,N/A,N/A,N/A,N/A,,,0
1759293274,any,109,N/A,N/A,N/A,N/A,N/A,N/A,N/A,N/A,N/A,N/A,N/A,N/A,N/A,,,0
1759293275,eth0,111,Ethernet,N/A,N/A,N/A,N/A,N/A,N/A,N/A,N/A,N/A,N/A,N/A,N/A,,,1
1759293275,any,113,N/A,N/A,N/A,N/A,N/A,N/A,N/A,N/A,N/A,N/A,N/A,N/A,N/A,,,1
1759293275,any,109,N/A,N/A,N/A,N/A,N/A,N/A,N/A,N/A,N/A,N/A,N/A,N/A,N/A,,,0
1759293275,eth0,107,Ethernet,N/A,N/A,N/A,N/A,N/A,N/A,N/A,N/A,N/A,N/A,N/A,N/A,,,0
1759293276,eth0,111,Ethernet,N/A,N/A,N/A,N/A,N/A,N/A,N/A,N/A,N/A,N/A,N/A,N/A,,,1
1759293276,any,113,N/A,N/A,N/A,N/A,N/A,N/A,N/A,N/A,N/A,N/A,N/A,N/A,N/A,,,1
1759293276,eth1,70,Ethernet,IPv6,ICMP,N/A,v6,fe80::780a:a9ff:fee6:89,ff02::204,N/A,N/A,N/A,N/A,N/A,N/A,,,1
1759293276,any,72,N/A,IPv6,ICMP,N/A,v6,fe80::780a:a9ff:fee6:89,ff02::204,N/A,N/A,N/A,N/A,N/A,N/A,,,1
1759293276,eth0,70,Ethernet,IPv6,ICMP,N/A,v6,fe80::b0b5:44ff:feea:219,ff02::204,N/A,N/A,N/A,N/A,N/A,N/A,,,1
1759293276,any,72,N/A,IPv6,ICMP,N/A,v6,fe80::b0b5:44ff:feea:219,ff02::204,N/A,N/A,N/A,N/A,N/A,N/A,,,1
1759293276,eth0,70,Ethernet,IPv6,ICMP,N/A,v6,fe80::24f1:23ff:fe29:66,ff02::204,N/A,N/A,N/A,N/A,N/A,N/A,,,1
1759293276,any,72,N/A,IPv6,ICMP,N/A,v6,fe80::24f1:23ff:fe29:66,ff02::204,N/A,N/A,N/A,N/A,N/A,N/A,,,1
1759293276,eth0,90,Ethernet,IPv6,ICMP,N/A,v6,fe80::b0b5:44ff:feea:219,ff02::179,N/A,N/A,N/A,N/A,N/A,N/A,,,1
1759293276,eth0,54,Ethernet,IPv4,N/A,N/A,v4,172.30.0.163,224.0.0.22,N/A,N/A,N/A,N/A,N/A,N/A,,,1
1759293276,any,92,N/A,IPv6,ICMP,N/A,v6,fe80::b0b5:44ff:feea:219,ff02::179,N/A,N/A,N/A,N/A,N/A,N/A,,,1
1759293276,eth0,88,Ethernet,IPv6,UDP,N/A,v6,fe80::b0b5:44ff:feea:219,ff02::1:52,5355,5355,N/A,N/A,N/A,N/A,,,1
1759293276,eth0,68,Ethernet,IPv4,UDP,N/A,v4,172.30.0.163,224.0.0.252,5355,5355,N/A,N/A,N/A,N/A,,,1
1759293276,any,90,N/A,IPv6,UDP,N/A,v6,fe80::b0b5:44ff:feea:219,ff02::1:52,5355,5355,N/A,N/A,N/A,N/A,,,1
1759293276,eth0,357,Ethernet,IPv4,UDP,N/A,v4,0.0.0.0,255.255.255.255,68,67,N/A,N/A,N/A,N/A,,,1
1759293276,any,359,N/A,IPv4,UDP,N/A,v4,0.0.0.0,255.255.255.255,68,67,N/A,N/A,N/A,N/A,,,1
1759293276,any,371,N/A,IPv4,UDP,N/A,v4,0.0.0.0,255.255.255.255,68,67,N/A,N/A,N/A,N/A,,,1
1759293276,eth0,369,Ethernet,IPv4,UDP,N/A,v4,0.0.0.0,255.255.255.255,68,67,N/A,N/A,N/A,N/A,,,1
1759293276,any,112,N/A,IPv6,ICMP,N/A,v6,fe80::b0b5:44ff:feea:219,ff02::179,N/A,N/A,N/A,N/A,N/A,N/A,,,1
1759293276,eth0,110,Ethernet,IPv6,ICMP,N/A,v6,fe80::b0b5:44ff:feea:219,ff02::179,N/A,N/A,N/A,N/A,N/A,N/A,,,1
1759293276,any,112,N/A,IPv6,ICMP,N/A,v6,fe80::780a:a9ff:fee6:89,ff02::179,N/A,N/A,N/A,N/A,N/A,N/A,,,1
1759293276,eth1,110,Ethernet,IPv6,ICMP,N/A,v6,fe80::780a:a9ff:fee6:89,ff02::179,N/A,N/A,N/A,N/A,N/A,N/A,,,1
1759293276,any,112,N/A,IPv6,ICMP,N/A,v6,fe80::b0b5:44ff:feea:219,ff02::179,N/A,N/A,N/A,N/A,N/A,N/A,,,1
1759293276,eth0,110,Ethernet,IPv6,ICMP,N/A,v6,fe80::b0b5:44ff:feea:219,ff02::179,N/A,N/A,N/A,N/A,N/A,N/A,,,1
1759293276,eth0,54,Ethernet,IPv4,N/A,N/A,v4,172.30.0.163,224.0.0.22,N/A,N/A,N/A,N/A,N/A,N/A,,,1
1759293276,eth0,42,Ethernet,N/A,N/A,N/A,N/A,N/A,N/A,N/A,N/A,N/A,N/A,N/A,N/A,,,1
1759293276,any,44,ARP,N/A,N/A,N/A,N/A,N/A,N/A,N/A,N/A,1,2048,172.30.0.163,172.30.0.122,,,1
1759293276,any,109,N/A,N/A,N/A,N/A,N/A,N/A,N/A,N/A,N/A,N/A,N/A,N/A,N/A,,,0
1759293276,eth0,107,Ethernet,N/A,N/A,N/A,N/A,N/A,N/A,N/A,N/A,N/A,N/A,N/A,N/A,,,0
1759293277,eth0,90,Ethernet,IPv6,ICMP,N/A,v6,fe80::24f1:23ff:fe29:66,ff02::179,N/A,N/A,N/A,N/A,N/A,N/A,,,1
1759293277,eth0,54,Ethernet,IPv4,N/A,N/A,v4,172.30.0.23,224.0.0.22,N/A,N/A,N/A,N/A,N/A,N/A,,,1
1759293277,any,92,N/A,IPv6,ICMP,N/A,v6,fe80::24f1:23ff:fe29:66,ff02::179,N/A,N/A,N/A,N/A,N/A,N/A,,,1
1759293277,any,112,N/A,IPv6,ICMP,N/A,v6,fe80::780a:a9ff:fee6:89,ff02::179,N/A,N/A,N/A,N/A,N/A,N/A,,,1
1759293277,eth1,110,Ethernet,IPv6,ICMP,N/A,v6,fe80::780a:a9ff:fee6:89,ff02::179,N/A,N/A,N/A,N/A,N/A,N/A,,,1
1759293277,eth0,54,Ethernet,IPv4,N/A,N/A,v4,172.30.0.23,224.0.0.22,N/A,N/A,N/A,N/A,N/A,N/A,,,1
1759293277,any,56,N/A,IPv4,N/A,N/A,v4,172.30.0.23,224.0.0.22,N/A,N/A,N/A,N/A,N/A,N/A,,,1
1759293277,eth0,87,Ethernet,IPv6,UDP,N/A,v6,fe80::24f1:23ff:fe29:66,ff02::1:52,5355,5355,N/A,N/A,N/A,N/A,,,1
1759293277,any,89,N/A,IPv6,UDP,N/A,v6,fe80::24f1:23ff:fe29:66,ff02::1:52,5355,5355,N/A,N/A,N/A,N/A,,,1
1759293277,any,69,N/A,IPv4,UDP,N/A,v4,172.30.0.23,224.0.0.252,5355,5355,N/A,N/A,N/A,N/A,,,1
1759293277,eth0,67,Ethernet,IPv4,UDP,N/A,v4,172.30.0.23,224.0.0.252,5355,5355,N/A,N/A,N/A,N/A,,,1
1759293277,eth0,356,Ethernet,IPv4,UDP,N/A,v4,0.0.0.0,255.255.255.255,68,67,N/A,N/A,N/A,N/A,,,1
1759293277,any,358,N/A,IPv4,UDP,N/A,v4,0.0.0.0,255.255.255.255,68,67,N/A,N/A,N/A,N/A,,,1
1759293277,any,370,N/A,IPv4,UDP,N/A,v4,0.0.0.0,255.255.255.255,68,67,N/A,N/A,N/A,N/A,,,1
1759293277,eth0,368,Ethernet,IPv4,UDP,N/A,v4,0.0.0.0,255.255.255.255,68,67,N/A,N/A,N/A,N/A,,,1
1759293277,any,112,N/A,IPv6,ICMP,N/A,v6,fe80::7827:e3ff:fe68:239,ff02::179,N/A,N/A,N/A,N/A,N/A,N/A,,,1
1759293277,eth1,110,Ethernet,IPv6,ICMP,N/A,v6,fe80::7827:e3ff:fe68:239,ff02::179,N/A,N/A,N/A,N/A,N/A,N/A,,,1
1759293277,any,112,N/A,IPv6,ICMP,N/A,v6,fe80::24f1:23ff:fe29:66,ff02::179,N/A,N/A,N/A,N/A,N/A,N/A,,,1
1759293277,eth0,110,Ethernet,IPv6,ICMP,N/A,v6,fe80::24f1:23ff:fe29:66,ff02::179,N/A,N/A,N/A,N/A,N/A,N/A,,,1
1759293277,eth0,54,Ethernet,IPv4,N/A,N/A,v4,172.30.0.23,224.0.0.22,N/A,N/A,N/A,N/A,N/A,N/A,,,1
1759293277,eth0,42,Ethernet,N/A,N/A,N/A,N/A,N/A,N/A,N/A,N/A,N/A,N/A,N/A,N/A,,,1
1759293277,any,44,ARP,N/A,N/A,N/A,N/A,N/A,N/A,N/A,N/A,1,2048,172.30.0.23,172.30.0.122,,,1
1759293277,any,113,N/A,N/A,N/A,N/A,N/A,N/A,N/A,N/A,N/A,N/A,N/A,N/A,N/A,,,1
1759293277,eth0,111,Ethernet,N/A,N/A,N/A,N/A,N/A,N/A,N/A,N/A,N/A,N/A,N/A,N/A,,,1
1759293277,any,112,N/A,IPv6,ICMP,N/A,v6,fe80::7827:e3ff:fe68:239,ff02::179,N/A,N/A,N/A,N/A,N/A,N/A,,,1
1759293277,eth1,110,Ethernet,IPv6,ICMP,N/A,v6,fe80::7827:e3ff:fe68:239,ff02::179,N/A,N/A,N/A,N/A,N/A,N/A,,,1
1759293277,eth0,90,Ethernet,IPv6,ICMP,N/A,v6,fe80::b0b5:44ff:feea:219,ff02::179,N/A,N/A,N/A,N/A,N/A,N/A,,,1
1759293277,any,92,N/A,IPv6,ICMP,N/A,v6,fe80::b0b5:44ff:feea:219,ff02::179,N/A,N/A,N/A,N/A,N/A,N/A,,,1
1759293277,any,56,N/A,IPv4,N/A,N/A,v4,172.30.0.163,224.0.0.22,N/A,N/A,N/A,N/A,N/A,N/A,,,1
1759293277,eth0,54,Ethernet,IPv4,N/A,N/A,v4,172.30.0.163,224.0.0.22,N/A,N/A,N/A,N/A,N/A,N/A,,,1
1759293277,any,92,N/A,IPv6,ICMP,N/A,v6,fe80::ecf9:eff:fefb:55,ff02::179,N/A,N/A,N/A,N/A,N/A,N/A,,,1
1759293277,eth0,90,Ethernet,IPv6,ICMP,N/A,v6,fe80::ecf9:eff:fefb:55,ff02::179,N/A,N/A,N/A,N/A,N/A,N/A,,,1
1759293277,eth0,56,Ethernet,IPv4,N/A,N/A,v4,172.30.0.89,224.0.0.22,N/A,N/A,N/A,N/A,N/A,N/A,,,1
1759293277,any,69,N/A,IPv4,UDP,N/A,v4,172.30.0.89,224.0.0.252,5355,5355,N/A,N/A,N/A,N/A,,,1
1759293277,eth0,67,Ethernet,IPv4,UDP,N/A,v4,172.30.0.89,224.0.0.252,5355,5355,N/A,N/A,N/A,N/A,,,1
1759293277,any,358,N/A,IPv4,UDP,N/A,v4,0.0.0.0,255.255.255.255,68,67,N/A,N/A,N/A,N/A,,,1
1759293277,eth0,356,Ethernet,IPv4,UDP,N/A,v4,0.0.0.0,255.255.255.255,68,67,N/A,N/A,N/A,N/A,,,1
1759293277,any,370,N/A,IPv4,UDP,N/A,v4,0.0.0.0,255.255.255.255,68,67,N/A,N/A,N/A,N/A,,,1
1759293277,eth0,368,Ethernet,IPv4,UDP,N/A,v4,0.0.0.0,255.255.255.255,68,67,N/A,N/A,N/A,N/A,,,1
1759293277,any,112,N/A,IPv6,ICMP,N/A,v6,fe80::103b:bdff:fef0:169,ff02::179,N/A,N/A,N/A,N/A,N/A,N/A,,,1
1759293277,eth1,110,Ethernet,IPv6,ICMP,N/A,v6,fe80::103b:bdff:fef0:169,ff02::179,N/A,N/A,N/A,N/A,N/A,N/A,,,1
1759293277,any,112,N/A,IPv6,ICMP,N/A,v6,fe80::ecf9:eff:fefb:55,ff02::179,N/A,N/A,N/A,N/A,N/A,N/A,,,1
1759293277,eth0,110,Ethernet,IPv6,ICMP,N/A,v6,fe80::ecf9:eff:fefb:55,ff02::179,N/A,N/A,N/A,N/A,N/A,N/A,,,1
1759293277,eth0,56,Ethernet,IPv4,N/A,N/A,v4,172.30.0.89,224.0.0.22,N/A,N/A,N/A,N/A,N/A,N/A,,,1
1759293277,eth0,110,Ethernet,IPv6,ICMP,N/A,v6,fe80::24f1:23ff:fe29:66,ff02::179,N/A,N/A,N/A,N/A,N/A,N/A,,,1
1759293277,any,112,N/A,IPv6,ICMP,N/A,v6,fe80::24f1:23ff:fe29:66,ff02::179,N/A,N/A,N/A,N/A,N/A,N/A,,,1
1759293277,eth0,90,Ethernet,IPv6,ICMP,N/A,v6,fe80::e48e:99ff:fe5f:147,ff02::179,N/A,N/A,N/A,N/A,N/A,N/A,,,1
1759293277,eth0,54,Ethernet,IPv4,N/A,N/A,v4,172.30.0.220,224.0.0.22,N/A,N/A,N/A,N/A,N/A,N/A,,,1
1759293277,any,92,N/A,IPv6,ICMP,N/A,v6,fe80::e48e:99ff:fe5f:147,ff02::179,N/A,N/A,N/A,N/A,N/A,N/A,,,1
1759293277,eth0,56,Ethernet,N/A,N/A,N/A,N/A,N/A,N/A,N/A,N/A,N/A,N/A,N/A,N/A,,,1
1759293277,any,58,ARP,N/A,N/A,N/A,N/A,N/A,N/A,N/A,N/A,1,2048,172.30.0.89,172.30.0.122,,,1
1759293277,eth0,91,Ethernet,IPv6,UDP,N/A,v6,fe80::e48e:99ff:fe5f:147,ff02::1:52,5355,5355,N/A,N/A,N/A,N/A,,,1
1759293277,any,93,N/A,IPv6,UDP,N/A,v6,fe80::e48e:99ff:fe5f:147,ff02::1:52,5355,5355,N/A,N/A,N/A,N/A,,,1
1759293277,eth0,71,Ethernet,IPv4,UDP,N/A,v4,172.30.0.220,224.0.0.252,5355,5355,N/A,N/A,N/A,N/A,,,1
1759293277,any,73,N/A,IPv4,UDP,N/A,v4,172.30.0.220,224.0.0.252,5355,5355,N/A,N/A,N/A,N/A,,,1
1759293277,eth0,90,Ethernet,IPv6,ICMP,N/A,v6,fe80::5ca9:83ff:fe87:27,ff02::179,N/A,N/A,N/A,N/A,N/A,N/A,,,0
1759293277,eth0,54,Ethernet,IPv4,N/A,N/A,v4,172.30.0.220,224.0.0.22,N/A,N/A,N/A,N/A,N/A,N/A,,,0
1759293277,any,92,N/A,IPv6,ICMP,N/A,v6,fe80::5ca9:83ff:fe87:27,ff02::179,N/A,N/A,N/A,N/A,N/A,N/A,,,0
1759293277,eth0,67,Ethernet,IPv4,UDP,N/A,v4,172.30.0.220,224.0.0.252,5355,5355,N/A,N/A,N/A,N/A,,,0
1759293277,any,69,N/A,IPv4,UDP,N/A,v4,172.30.0.220,224.0.0.252,5355,5355,N/A,N/A,N/A,N/A,,,0
1759293277,eth0,356,Ethernet,IPv4,UDP,N/A,v4,0.0.0.0,255.255.255.255,68,67,N/A,N/A,N/A,N/A,,,0
1759293277,any,358,N/A,IPv4,UDP,N/A,v4,0.0.0.0,255.255.255.255,68,67,N/A,N/A,N/A,N/A,,,0
1759293277,eth0,368,Ethernet,IPv4,UDP,N/A,v4,0.0.0.0,255.255.255.255,68,67,N/A,N/A,N/A,N/A,,,0
1759293277,any,370,N/A,IPv4,UDP,N/A,v4,0.0.0.0,255.255.255.255,68,67,N/A,N/A,N/A,N/A,,,0
1759293277,eth1,110,Ethernet,IPv6,ICMP,N/A,v6,fe80::a824:52ff:fe4f:69,ff02::179,N/A,N/A,N/A,N/A,N/A,N/A,,,0
1759293277,any,112,N/A,IPv6,ICMP,N/A,v6,fe80::a824:52ff:fe4f:69,ff02::179,N/A,N/A,N/A,N/A,N/A,N/A,,,0
1759293277,any,112,N/A,IPv6,ICMP,N/A,v6,fe80::5ca9:83ff:fe87:27,ff02::179,N/A,N/A,N/A,N/A,N/A,N/A,,,0
1759293277,eth0,110,Ethernet,IPv6,ICMP,N/A,v6,fe80::5ca9:83ff:fe87:27,ff02::179,N/A,N/A,N/A,N/A,N/A,N/A,,,0
1759293277,eth0,54,Ethernet,IPv4,N/A,N/A,v4,172.30.0.220,224.0.0.22,N/A,N/A,N/A,N/A,N/A,N/A,,,0
1759293277,any,112,N/A,IPv6,ICMP,N/A,v6,fe80::a824:52ff:fe4f:69,ff02::179,N/A,N/A,N/A,N/A,N/A,N/A,,,0
1759293277,eth1,110,Ethernet,IPv6,ICMP,N/A,v6,fe80::a824:52ff:fe4f:69,ff02::179,N/A,N/A,N/A,N/A,N/A,N/A,,,0
1759293278,any,112,N/A,IPv6,ICMP,N/A,v6,fe80::5ca9:83ff:fe87:27,ff02::179,N/A,N/A,N/A,N/A,N/A,N/A,,,0
1759293278,eth0,110,Ethernet,IPv6,ICMP,N/A,v6,fe80::5ca9:83ff:fe87:27,ff02::179,N/A,N/A,N/A,N/A,N/A,N/A,,,0
1759293278,any,362,N/A,IPv4,UDP,N/A,v4,0.0.0.0,255.255.255.255,68,67,N/A,N/A,N/A,N/A,,,1
1759293278,any,374,N/A,IPv4,UDP,N/A,v4,0.0.0.0,255.255.255.255,68,67,N/A,N/A,N/A,N/A,,,1
1759293278,any,112,N/A,IPv6,ICMP,N/A,v6,fe80::f056:abff:fe65:143,ff02::179,N/A,N/A,N/A,N/A,N/A,N/A,,,1
1759293278,any,112,N/A,IPv6,ICMP,N/A,v6,fe80::e48e:99ff:fe5f:147,ff02::179,N/A,N/A,N/A,N/A,N/A,N/A,,,1
1759293278,any,72,N/A,IPv6,ICMP,N/A,v6,fe80::24f1:23ff:fe29:66,ff02::204,N/A,N/A,N/A,N/A,N/A,N/A,,,1
1759293278,any,72,N/A,IPv6,ICMP,N/A,v6,fe80::7827:e3ff:fe68:239,ff02::204,N/A,N/A,N/A,N/A,N/A,N/A,,,1
1759293278,any,56,N/A,IPv4,N/A,N/A,v4,172.30.0.23,224.0.0.22,N/A,N/A,N/A,N/A,N/A,N/A,,,1
1759293278,any,112,N/A,IPv6,ICMP,N/A,v6,fe80::f056:abff:fe65:143,ff02::179,N/A,N/A,N/A,N/A,N/A,N/A,,,1
1759293278,any,72,N/A,IPv6,ICMP,N/A,v6,fe80::b0b5:44ff:feea:219,ff02::204,N/A,N/A,N/A,N/A,N/A,N/A,,,1
1759293278,any,58,ARP,N/A,N/A,N/A,N/A,N/A,N/A,N/A,N/A,2,2048,172.30.0.122,172.30.0.220,,,1
1759293278,any,58,ARP,N/A,N/A,N/A,N/A,N/A,N/A,N/A,N/A,2,2048,172.30.0.122,172.30.0.220,,,1
1759293278,eth0,360,Ethernet,IPv4,UDP,N/A,v4,0.0.0.0,255.255.255.255,68,67,N/A,N/A,N/A,N/A,,,1
1759293278,eth0,372,Ethernet,IPv4,UDP,N/A,v4,0.0.0.0,255.255.255.255,68,67,N/A,N/A,N/A,N/A,,,1
1759293278,eth0,110,Ethernet,IPv6,ICMP,N/A,v6,fe80::e48e:99ff:fe5f:147,ff02::179,N/A,N/A,N/A,N/A,N/A,N/A,,,1
1759293278,eth0,54,Ethernet,IPv4,N/A,N/A,v4,172.30.0.220,224.0.0.22,N/A,N/A,N/A,N/A,N/A,N/A,,,1
1759293278,eth0,70,Ethernet,IPv6,ICMP,N/A,v6,fe80::24f1:23ff:fe29:66,ff02::204,N/A,N/A,N/A,N/A,N/A,N/A,,,1
1759293278,eth0,54,Ethernet,IPv4,N/A,N/A,v4,172.30.0.23,224.0.0.22,N/A,N/A,N/A,N/A,N/A,N/A,,,1
1759293278,eth0,70,Ethernet,IPv6,ICMP,N/A,v6,fe80::b0b5:44ff:feea:219,ff02::204,N/A,N/A,N/A,N/A,N/A,N/A,,,1
1759293278,eth0,56,Ethernet,N/A,N/A,N/A,N/A,N/A,N/A,N/A,N/A,N/A,N/A,N/A,N/A,,,1
1759293278,eth0,56,Ethernet,N/A,N/A,N/A,N/A,N/A,N/A,N/A,N/A,N/A,N/A,N/A,N/A,,,1
1759293278,eth2,110,Ethernet,IPv6,ICMP,N/A,v6,fe80::dcac:f9ff:fe59:60,ff02::179,N/A,N/A,N/A,N/A,N/A,N/A,,,1
1759293278,eth1,110,Ethernet,IPv6,ICMP,N/A,v6,fe80::f056:abff:fe65:143,ff02::179,N/A,N/A,N/A,N/A,N/A,N/A,,,1
1759293278,eth1,70,Ethernet,IPv6,ICMP,N/A,v6,fe80::7827:e3ff:fe68:239,ff02::204,N/A,N/A,N/A,N/A,N/A,N/A,,,1
1759293278,eth1,110,Ethernet,IPv6,ICMP,N/A,v6,fe80::f056:abff:fe65:143,ff02::179,N/A,N/A,N/A,N/A,N/A,N/A,,,1
1759293278,eth1,70,Ethernet,IPv6,ICMP,N/A,v6,fe80::780a:a9ff:fee6:89,ff02::204,N/A,N/A,N/A,N/A,N/A,N/A,,,1
1759293278,eth0,110,Ethernet,IPv6,ICMP,N/A,v6,fe80::ecf9:eff:fefb:55,ff02::179,N/A,N/A,N/A,N/A,N/A,N/A,,,1
1759293278,any,112,N/A,IPv6,ICMP,N/A,v6,fe80::ecf9:eff:fefb:55,ff02::179,N/A,N/A,N/A,N/A,N/A,N/A,,,1
1759293278,any,112,N/A,IPv6,ICMP,N/A,v6,fe80::103b:bdff:fef0:169,ff02::179,N/A,N/A,N/A,N/A,N/A,N/A,,,1
1759293278,eth1,110,Ethernet,IPv6,ICMP,N/A,v6,fe80::103b:bdff:fef0:169,ff02::179,N/A,N/A,N/A,N/A,N/A,N/A,,,1
1759293278,eth0,56,Ethernet,IPv4,N/A,N/A,v4,172.30.0.89,224.0.0.22,N/A,N/A,N/A,N/A,N/A,N/A,,,1
1759293278,any,58,N/A,IPv4,N/A,N/A,v4,172.30.0.89,224.0.0.22,N/A,N/A,N/A,N/A,N/A,N/A,,,1
1759293278,any,112,N/A,IPv6,ICMP,N/A,v6,fe80::dcac:f9ff:fe59:60,ff02::179,N/A,N/A,N/A,N/A,N/A,N/A,,,1
1759293278,eth2,110,Ethernet,IPv6,ICMP,N/A,v6,fe80::dcac:f9ff:fe59:60,ff02::179,N/A,N/A,N/A,N/A,N/A,N/A,,,1
1759293278,eth0,54,Ethernet,IPv4,N/A,N/A,v4,172.30.0.220,224.0.0.22,N/A,N/A,N/A,N/A,N/A,N/A,,,1
1759293278,any,56,N/A,IPv4,N/A,N/A,v4,172.30.0.220,224.0.0.22,N/A,N/A,N/A,N/A,N/A,N/A,,,1
1759293278,eth1,70,Ethernet,IPv6,ICMP,N/A,v6,fe80::103b:bdff:fef0:169,ff02::204,N/A,N/A,N/A,N/A,N/A,N/A,,,1
1759293278,any,72,N/A,IPv6,ICMP,N/A,v6,fe80::ecf9:eff:fefb:55,ff02::204,N/A,N/A,N/A,N/A,N/A,N/A,,,1
1759293278,any,72,N/A,IPv6,ICMP,N/A,v6,fe80::103b:bdff:fef0:169,ff02::204,N/A,N/A,N/A,N/A,N/A,N/A,,,1
1759293278,eth0,70,Ethernet,IPv6,ICMP,N/A,v6,fe80::ecf9:eff:fefb:55,ff02::204,N/A,N/A,N/A,N/A,N/A,N/A,,,1
1759293278,eth0,70,Ethernet,IPv6,ICMP,N/A,v6,fe80::e48e:99ff:fe5f:147,ff02::204,N/A,N/A,N/A,N/A,N/A,N/A,,,1
1759293278,eth2,70,Ethernet,IPv6,ICMP,N/A,v6,fe80::dcac:f9ff:fe59:60,ff02::204,N/A,N/A,N/A,N/A,N/A,N/A,,,1
1759293278,any,72,N/A,IPv6,ICMP,N/A,v6,fe80::dcac:f9ff:fe59:60,ff02::204,N/A,N/A,N/A,N/A,N/A,N/A,,,1
1759293278,any,72,N/A,IPv6,ICMP,N/A,v6,fe80::e48e:99ff:fe5f:147,ff02::204,N/A,N/A,N/A,N/A,N/A,N/A,,,1
1759293278,eth1,70,Ethernet,IPv6,ICMP,N/A,v6,fe80::f056:abff:fe65:143,ff02::204,N/A,N/A,N/A,N/A,N/A,N/A,,,1
1759293278,eth0,110,Ethernet,IPv6,ICMP,N/A,v6,fe80::e48e:99ff:fe5f:147,ff02::179,N/A,N/A,N/A,N/A,N/A,N/A,,,1
1759293278,any,112,N/A,IPv6,ICMP,N/A,v6,fe80::e48e:99ff:fe5f:147,ff02::179,N/A,N/A,N/A,N/A,N/A,N/A,,,1
1759293278,eth0,42,Ethernet,N/A,N/A,N/A,N/A,N/A,N/A,N/A,N/A,N/A,N/A,N/A,N/A,,,0
1759293278,eth0,56,Ethernet,N/A,N/A,N/A,N/A,N/A,N/A,N/A,N/A,N/A,N/A,N/A,N/A,,,0
1759293278,eth0,56,Ethernet,N/A,N/A,N/A,N/A,N/A,N/A,N/A,N/A,N/A,N/A,N/A,N/A,,,0
1759293278,eth0,70,Ethernet,IPv6,ICMP,N/A,v6,fe80::5ca9:83ff:fe87:27,ff02::204,N/A,N/A,N/A,N/A,N/A,N/A,,,0
1759293278,any,44,ARP,N/A,N/A,N/A,N/A,N/A,N/A,N/A,N/A,1,2048,172.30.0.220,172.30.0.122,,,0
1759293278,any,58,ARP,N/A,N/A,N/A,N/A,N/A,N/A,N/A,N/A,2,2048,172.30.0.122,172.30.0.220,,,0
1759293278,any,72,N/A,IPv6,ICMP,N/A,v6,fe80::5ca9:83ff:fe87:27,ff02::204,N/A,N/A,N/A,N/A,N/A,N/A,,,0
1759293278,any,72,N/A,IPv6,ICMP,N/A,v6,fe80::a824:52ff:fe4f:69,ff02::204,N/A,N/A,N/A,N/A,N/A,N/A,,,0
1759293278,eth1,70,Ethernet,IPv6,ICMP,N/A,v6,fe80::a824:52ff:fe4f:69,ff02::204,N/A,N/A,N/A,N/A,N/A,N/A,,,0
1759293278,eth0,54,Ethernet,IPv4,N/A,N/A,v4,172.30.0.220,224.0.0.22,N/A,N/A,N/A,N/A,N/A,N/A,,,0
1759293278,any,56,N/A,IPv4,N/A,N/A,v4,172.30.0.220,224.0.0.22,N/A,N/A,N/A,N/A,N/A,N/A,,,0
1759293278,any,109,N/A,N/A,N/A,N/A,N/A,N/A,N/A,N/A,N/A,N/A,N/A,N/A,N/A,,,0
1759293278,eth0,107,Ethernet,N/A,N/A,N/A,N/A,N/A,N/A,N/A,N/A,N/A,N/A,N/A,N/A,,,0
1759293279,any,113,N/A,N/A,N/A,N/A,N/A,N/A,N/A,N/A,N/A,N/A,N/A,N/A,N/A,,,1
1759293279,eth0,111,Ethernet,N/A,N/A,N/A,N/A,N/A,N/A,N/A,N/A,N/A,N/A,N/A,N/A,,,1
1759293279,eth0,107,Ethernet,N/A,N/A,N/A,N/A,N/A,N/A,N/A,N/A,N/A,N/A,N/A,N/A,,,0
1759293279,any,109,N/A,N/A,N/A,N/A,N/A,N/A,N/A,N/A,N/A,N/A,N/A,N/A,N/A,,,0
1759293280,eth0,111,Ethernet,N/A,N/A,N/A,N/A,N/A,N/A,N/A,N/A,N/A,N/A,N/A,N/A,,,1
1759293280,any,113,N/A,N/A,N/A,N/A,N/A,N/A,N/A,N/A,N/A,N/A,N/A,N/A,N/A,,,1
1759293280,any,92,N/A,IPv6,ICMP,N/A,v6,fe80::b0b5:44ff:feea:219,ff02::179,N/A,N/A,N/A,N/A,N/A,N/A,,,1
1759293280,eth0,90,Ethernet,IPv6,ICMP,N/A,v6,fe80::b0b5:44ff:feea:219,ff02::179,N/A,N/A,N/A,N/A,N/A,N/A,,,1
1759293280,eth0,54,Ethernet,IPv4,N/A,N/A,v4,172.30.0.163,224.0.0.22,N/A,N/A,N/A,N/A,N/A,N/A,,,1
1759293280,eth0,68,Ethernet,IPv4,UDP,N/A,v4,172.30.0.163,224.0.0.252,5355,5355,N/A,N/A,N/A,N/A,,,1
1759293280,eth0,88,Ethernet,IPv6,UDP,N/A,v6,fe80::b0b5:44ff:feea:219,ff02::1:52,5355,5355,N/A,N/A,N/A,N/A,,,1
1759293280,any,70,N/A,IPv4,UDP,N/A,v4,172.30.0.163,224.0.0.252,5355,5355,N/A,N/A,N/A,N/A,,,1
1759293280,any,359,N/A,IPv4,UDP,N/A,v4,0.0.0.0,255.255.255.255,68,67,N/A,N/A,N/A,N/A,,,1
1759293280,eth0,357,Ethernet,IPv4,UDP,N/A,v4,0.0.0.0,255.255.255.255,68,67,N/A,N/A,N/A,N/A,,,1
1759293280,any,371,N/A,IPv4,UDP,N/A,v4,0.0.0.0,255.255.255.255,68,67,N/A,N/A,N/A,N/A,,,1
1759293280,eth0,369,Ethernet,IPv4,UDP,N/A,v4,0.0.0.0,255.255.255.255,68,67,N/A,N/A,N/A,N/A,,,1
1759293280,eth1,110,Ethernet,IPv6,ICMP,N/A,v6,fe80::780a:a9ff:fee6:89,ff02::179,N/A,N/A,N/A,N/A,N/A,N/A,,,1
1759293280,any,112,N/A,IPv6,ICMP,N/A,v6,fe80::780a:a9ff:fee6:89,ff02::179,N/A,N/A,N/A,N/A,N/A,N/A,,,1
1759293280,eth0,110,Ethernet,IPv6,ICMP,N/A,v6,fe80::b0b5:44ff:feea:219,ff02::179,N/A,N/A,N/A,N/A,N/A,N/A,,,1
1759293280,eth0,54,Ethernet,IPv4,N/A,N/A,v4,172.30.0.163,224.0.0.22,N/A,N/A,N/A,N/A,N/A,N/A,,,1
1759293280,any,112,N/A,IPv6,ICMP,N/A,v6,fe80::b0b5:44ff:feea:219,ff02::179,N/A,N/A,N/A,N/A,N/A,N/A,,,1
1759293281,eth0,42,Ethernet,N/A,N/A,N/A,N/A,N/A,N/A,N/A,N/A,N/A,N/A,N/A,N/A,,,1
1759293281,any,44,ARP,N/A,N/A,N/A,N/A,N/A,N/A,N/A,N/A,1,2048,172.30.0.163,172.30.0.122,,,1
1759293281,any,112,N/A,IPv6,ICMP,N/A,v6,fe80::780a:a9ff:fee6:89,ff02::179,N/A,N/A,N/A,N/A,N/A,N/A,,,1
1759293281,eth1,110,Ethernet,IPv6,ICMP,N/A,v6,fe80::780a:a9ff:fee6:89,ff02::179,N/A,N/A,N/A,N/A,N/A,N/A,,,1
1759293281,any,92,N/A,IPv6,ICMP,N/A,v6,fe80::24f1:23ff:fe29:66,ff02::179,N/A,N/A,N/A,N/A,N/A,N/A,,,1
1759293281,eth0,90,Ethernet,IPv6,ICMP,N/A,v6,fe80::24f1:23ff:fe29:66,ff02::179,N/A,N/A,N/A,N/A,N/A,N/A,,,1
1759293281,eth0,54,Ethernet,IPv4,N/A,N/A,v4,172.30.0.23,224.0.0.22,N/A,N/A,N/A,N/A,N/A,N/A,,,1
1759293281,eth0,111,Ethernet,N/A,N/A,N/A,N/A,N/A,N/A,N/A,N/A,N/A,N/A,N/A,N/A,,,1
1759293281,any,113,N/A,N/A,N/A,N/A,N/A,N/A,N/A,N/A,N/A,N/A,N/A,N/A,N/A,,,1
1759293281,any,69,N/A,IPv4,UDP,N/A,v4,172.30.0.23,224.0.0.252,5355,5355,N/A,N/A,N/A,N/A,,,1
1759293281,eth0,67,Ethernet,IPv4,UDP,N/A,v4,172.30.0.23,224.0.0.252,5355,5355,N/A,N/A,N/A,N/A,,,1
1759293281,any,358,N/A,IPv4,UDP,N/A,v4,0.0.0.0,255.255.255.255,68,67,N/A,N/A,N/A,N/A,,,1
1759293281,eth0,356,Ethernet,IPv4,UDP,N/A,v4,0.0.0.0,255.255.255.255,68,67,N/A,N/A,N/A,N/A,,,1
1759293281,eth0,368,Ethernet,IPv4,UDP,N/A,v4,0.0.0.0,255.255.255.255,68,67,N/A,N/A,N/A,N/A,,,1
1759293281,any,370,N/A,IPv4,UDP,N/A,v4,0.0.0.0,255.255.255.255,68,67,N/A,N/A,N/A,N/A,,,1
1759293281,any,112,N/A,IPv6,ICMP,N/A,v6,fe80::7827:e3ff:fe68:239,ff02::179,N/A,N/A,N/A,N/A,N/A,N/A,,,1
1759293281,eth1,110,Ethernet,IPv6,ICMP,N/A,v6,fe80::7827:e3ff:fe68:239,ff02::179,N/A,N/A,N/A,N/A,N/A,N/A,,,1
1759293281,any,112,N/A,IPv6,ICMP,N/A,v6,fe80::24f1:23ff:fe29:66,ff02::179,N/A,N/A,N/A,N/A,N/A,N/A,,,1
1759293281,eth0,110,Ethernet,IPv6,ICMP,N/A,v6,fe80::24f1:23ff:fe29:66,ff02::179,N/A,N/A,N/A,N/A,N/A,N/A,,,1
1759293281,eth0,54,Ethernet,IPv4,N/A,N/A,v4,172.30.0.23,224.0.0.22,N/A,N/A,N/A,N/A,N/A,N/A,,,1
1759293281,any,358,N/A,IPv4,UDP,N/A,v4,0.0.0.0,255.255.255.255,68,67,N/A,N/A,N/A,N/A,,,1
1759293281,eth0,356,Ethernet,IPv4,UDP,N/A,v4,0.0.0.0,255.255.255.255,68,67,N/A,N/A,N/A,N/A,,,1
1759293281,eth0,368,Ethernet,IPv4,UDP,N/A,v4,0.0.0.0,255.255.255.255,68,67,N/A,N/A,N/A,N/A,,,1
1759293281,any,370,N/A,IPv4,UDP,N/A,v4,0.0.0.0,255.255.255.255,68,67,N/A,N/A,N/A,N/A,,,1
1759293281,eth0,110,Ethernet,IPv6,ICMP,N/A,v6,fe80::24f1:23ff:fe29:66,ff02::179,N/A,N/A,N/A,N/A,N/A,N/A,,,1
1759293281,eth1,110,Ethernet,IPv6,ICMP,N/A,v6,fe80::7827:e3ff:fe68:239,ff02::179,N/A,N/A,N/A,N/A,N/A,N/A,,,1
1759293281,any,112,N/A,IPv6,ICMP,N/A,v6,fe80::7827:e3ff:fe68:239,ff02::179,N/A,N/A,N/A,N/A,N/A,N/A,,,1
1759293281,eth0,110,Ethernet,IPv6,ICMP,N/A,v6,fe80::b0b5:44ff:feea:219,ff02::179,N/A,N/A,N/A,N/A,N/A,N/A,,,1
1759293281,any,112,N/A,IPv6,ICMP,N/A,v6,fe80::b0b5:44ff:feea:219,ff02::179,N/A,N/A,N/A,N/A,N/A,N/A,,,1
1759293281,any,112,N/A,IPv6,ICMP,N/A,v6,fe80::7827:e3ff:fe68:239,ff02::179,N/A,N/A,N/A,N/A,N/A,N/A,,,1
1759293281,eth1,110,Ethernet,IPv6,ICMP,N/A,v6,fe80::7827:e3ff:fe68:239,ff02::179,N/A,N/A,N/A,N/A,N/A,N/A,,,1
1759293281,any,44,ARP,N/A,N/A,N/A,N/A,N/A,N/A,N/A,N/A,1,2048,172.30.0.23,172.30.0.122,,,1
1759293281,eth0,42,Ethernet,N/A,N/A,N/A,N/A,N/A,N/A,N/A,N/A,N/A,N/A,N/A,N/A,,,1
1759293281,any,56,N/A,IPv4,N/A,N/A,v4,172.30.0.23,224.0.0.22,N/A,N/A,N/A,N/A,N/A,N/A,,,1
1759293281,eth0,54,Ethernet,IPv4,N/A,N/A,v4,172.30.0.23,224.0.0.22,N/A,N/A,N/A,N/A,N/A,N/A,,,1
1759293281,eth0,107,Ethernet,N/A,N/A,N/A,N/A,N/A,N/A,N/A,N/A,N/A,N/A,N/A,N/A,,,0
1759293281,any,109,N/A,N/A,N/A,N/A,N/A,N/A,N/A,N/A,N/A,N/A,N/A,N/A,N/A,,,0
1759293281,eth0,54,Ethernet,IPv4,N/A,N/A,v4,172.30.0.163,224.0.0.22,N/A,N/A,N/A,N/A,N/A,N/A,,,1
1759293281,any,56,N/A,IPv4,N/A,N/A,v4,172.30.0.163,224.0.0.22,N/A,N/A,N/A,N/A,N/A,N/A,,,1
1759293282,eth0,70,Ethernet,IPv6,ICMP,N/A,v6,fe80::5ca9:83ff:fe87:27,ff02::204,N/A,N/A,N/A,N/A,N/A,N/A,,,0
1759293282,any,72,N/A,IPv6,ICMP,N/A,v6,fe80::5ca9:83ff:fe87:27,ff02::204,N/A,N/A,N/A,N/A,N/A,N/A,,,0
1759293282,any,109,N/A,N/A,N/A,N/A,N/A,N/A,N/A,N/A,N/A,N/A,N/A,N/A,N/A,,,0
1759293282,eth0,107,Ethernet,N/A,N/A,N/A,N/A,N/A,N/A,N/A,N/A,N/A,N/A,N/A,N/A,,,0
1759293282,any,72,N/A,IPv6,ICMP,N/A,v6,fe80::a824:52ff:fe4f:69,ff02::204,N/A,N/A,N/A,N/A,N/A,N/A,,,0
1759293282,eth1,70,Ethernet,IPv6,ICMP,N/A,v6,fe80::a824:52ff:fe4f:69,ff02::204,N/A,N/A,N/A,N/A,N/A,N/A,,,0
1759293282,eth0,90,Ethernet,IPv6,ICMP,N/A,v6,fe80::5ca9:83ff:fe87:27,ff02::179,N/A,N/A,N/A,N/A,N/A,N/A,,,0
1759293282,eth0,54,Ethernet,IPv4,N/A,N/A,v4,172.30.0.220,224.0.0.22,N/A,N/A,N/A,N/A,N/A,N/A,,,0
1759293282,eth1,70,Ethernet,IPv6,ICMP,N/A,v6,fe80::7827:e3ff:fe68:239,ff02::204,N/A,N/A,N/A,N/A,N/A,N/A,,,1
1759293282,any,72,N/A,IPv6,ICMP,N/A,v6,fe80::24f1:23ff:fe29:66,ff02::204,N/A,N/A,N/A,N/A,N/A,N/A,,,1
1759293282,eth0,70,Ethernet,IPv6,ICMP,N/A,v6,fe80::24f1:23ff:fe29:66,ff02::204,N/A,N/A,N/A,N/A,N/A,N/A,,,1
1759293282,eth0,70,Ethernet,IPv6,ICMP,N/A,v6,fe80::b0b5:44ff:feea:219,ff02::204,N/A,N/A,N/A,N/A,N/A,N/A,,,1
1759293282,any,72,N/A,IPv6,ICMP,N/A,v6,fe80::b0b5:44ff:feea:219,ff02::204,N/A,N/A,N/A,N/A,N/A,N/A,,,1
1759293282,any,72,N/A,IPv6,ICMP,N/A,v6,fe80::780a:a9ff:fee6:89,ff02::204,N/A,N/A,N/A,N/A,N/A,N/A,,,1
1759293282,eth1,70,Ethernet,IPv6,ICMP,N/A,v6,fe80::780a:a9ff:fee6:89,ff02::204,N/A,N/A,N/A,N/A,N/A,N/A,,,1
1759293282,any,92,N/A,IPv6,ICMP,N/A,v6,fe80::24f1:23ff:fe29:66,ff02::179,N/A,N/A,N/A,N/A,N/A,N/A,,,1
1759293282,eth0,90,Ethernet,IPv6,ICMP,N/A,v6,fe80::24f1:23ff:fe29:66,ff02::179,N/A,N/A,N/A,N/A,N/A,N/A,,,1
1759293282,eth0,111,Ethernet,N/A,N/A,N/A,N/A,N/A,N/A,N/A,N/A,N/A,N/A,N/A,N/A,,,1
1759293282,any,113,N/A,N/A,N/A,N/A,N/A,N/A,N/A,N/A,N/A,N/A,N/A,N/A,N/A,,,1
1759293282,any,72,N/A,IPv6,ICMP,N/A,v6,fe80::ecf9:eff:fefb:55,ff02::204,N/A,N/A,N/A,N/A,N/A,N/A,,,1
1759293282,eth0,70,Ethernet,IPv6,ICMP,N/A,v6,fe80::ecf9:eff:fefb:55,ff02::204,N/A,N/A,N/A,N/A,N/A,N/A,,,1
1759293282,any,72,N/A,IPv6,ICMP,N/A,v6,fe80::f056:abff:fe65:143,ff02::204,N/A,N/A,N/A,N/A,N/A,N/A,,,1
1759293282,eth1,70,Ethernet,IPv6,ICMP,N/A,v6,fe80::f056:abff:fe65:143,ff02::204,N/A,N/A,N/A,N/A,N/A,N/A,,,1
1759293282,eth0,70,Ethernet,IPv6,ICMP,N/A,v6,fe80::e48e:99ff:fe5f:147,ff02::204,N/A,N/A,N/A,N/A,N/A,N/A,,,1
1759293282,any,72,N/A,IPv6,ICMP,N/A,v6,fe80::e48e:99ff:fe5f:147,ff02::204,N/A,N/A,N/A,N/A,N/A,N/A,,,1
1759293282,any,72,N/A,IPv6,ICMP,N/A,v6,fe80::103b:bdff:fef0:169,ff02::204,N/A,N/A,N/A,N/A,N/A,N/A,,,1
1759293282,eth1,70,Ethernet,IPv6,ICMP,N/A,v6,fe80::103b:bdff:fef0:169,ff02::204,N/A,N/A,N/A,N/A,N/A,N/A,,,1
1759293282,any,92,N/A,IPv6,ICMP,N/A,v6,fe80::ecf9:eff:fefb:55,ff02::179,N/A,N/A,N/A,N/A,N/A,N/A,,,1
1759293282,eth0,90,Ethernet,IPv6,ICMP,N/A,v6,fe80::ecf9:eff:fefb:55,ff02::179,N/A,N/A,N/A,N/A,N/A,N/A,,,1
1759293282,eth0,56,Ethernet,IPv4,N/A,N/A,v4,172.30.0.89,224.0.0.22,N/A,N/A,N/A,N/A,N/A,N/A,,,1
1759293282,eth0,87,Ethernet,IPv6,UDP,N/A,v6,fe80::ecf9:eff:fefb:55,ff02::1:52,5355,5355,N/A,N/A,N/A,N/A,,,1
1759293282,any,92,N/A,IPv6,ICMP,N/A,v6,fe80::5ca9:83ff:fe87:27,ff02::179,N/A,N/A,N/A,N/A,N/A,N/A,,,0
1759293282,eth0,67,Ethernet,IPv4,UDP,N/A,v4,172.30.0.220,224.0.0.252,5355,5355,N/A,N/A,N/A,N/A,,,0
1759293282,any,69,N/A,IPv4,UDP,N/A,v4,172.30.0.220,224.0.0.252,5355,5355,N/A,N/A,N/A,N/A,,,0
1759293282,eth0,87,Ethernet,IPv6,UDP,N/A,v6,fe80::5ca9:83ff:fe87:27,ff02::1:52,5355,5355,N/A,N/A,N/A,N/A,,,0
1759293282,any,89,N/A,IPv6,UDP,N/A,v6,fe80::5ca9:83ff:fe87:27,ff02::1:52,5355,5355,N/A,N/A,N/A,N/A,,,0
1759293282,eth0,356,Ethernet,IPv4,UDP,N/A,v4,0.0.0.0,255.255.255.255,68,67,N/A,N/A,N/A,N/A,,,0
1759293282,any,358,N/A,IPv4,UDP,N/A,v4,0.0.0.0,255.255.255.255,68,67,N/A,N/A,N/A,N/A,,,0
1759293282,eth0,368,Ethernet,IPv4,UDP,N/A,v4,0.0.0.0,255.255.255.255,68,67,N/A,N/A,N/A,N/A,,,0
1759293282,any,370,N/A,IPv4,UDP,N/A,v4,0.0.0.0,255.255.255.255,68,67,N/A,N/A,N/A,N/A,,,0
1759293282,eth1,110,Ethernet,IPv6,ICMP,N/A,v6,fe80::a824:52ff:fe4f:69,ff02::179,N/A,N/A,N/A,N/A,N/A,N/A,,,0
1759293282,any,112,N/A,IPv6,ICMP,N/A,v6,fe80::a824:52ff:fe4f:69,ff02::179,N/A,N/A,N/A,N/A,N/A,N/A,,,0
1759293282,eth0,54,Ethernet,IPv4,N/A,N/A,v4,172.30.0.220,224.0.0.22,N/A,N/A,N/A,N/A,N/A,N/A,,,0
1759293282,any,56,N/A,IPv4,N/A,N/A,v4,172.30.0.220,224.0.0.22,N/A,N/A,N/A,N/A,N/A,N/A,,,0
1759293282,eth0,110,Ethernet,IPv6,ICMP,N/A,v6,fe80::5ca9:83ff:fe87:27,ff02::179,N/A,N/A,N/A,N/A,N/A,N/A,,,0
1759293282,any,112,N/A,IPv6,ICMP,N/A,v6,fe80::5ca9:83ff:fe87:27,ff02::179,N/A,N/A,N/A,N/A,N/A,N/A,,,0
1759293282,eth0,42,Ethernet,N/A,N/A,N/A,N/A,N/A,N/A,N/A,N/A,N/A,N/A,N/A,N/A,,,0
1759293282,any,44,ARP,N/A,N/A,N/A,N/A,N/A,N/A,N/A,N/A,1,2048,172.30.0.220,172.30.0.122,,,0
1759293282,any,58,ARP,N/A,N/A,N/A,N/A,N/A,N/A,N/A,N/A,2,2048,172.30.0.122,172.30.0.220,,,0
1759293282,eth0,56,Ethernet,N/A,N/A,N/A,N/A,N/A,N/A,N/A,N/A,N/A,N/A,N/A,N/A,,,0
1759293282,eth0,56,Ethernet,N/A,N/A,N/A,N/A,N/A,N/A,N/A,N/A,N/A,N/A,N/A,N/A,,,0
1759293282,eth0,67,Ethernet,IPv4,UDP,N/A,v4,172.30.0.89,224.0.0.252,5355,5355,N/A,N/A,N/A,N/A,,,1
1759293282,any,89,N/A,IPv6,UDP,N/A,v6,fe80::ecf9:eff:fefb:55,ff02::1:52,5355,5355,N/A,N/A,N/A,N/A,,,1
1759293282,eth0,356,Ethernet,IPv4,UDP,N/A,v4,0.0.0.0,255.255.255.255,68,67,N/A,N/A,N/A,N/A,,,1
1759293282,any,358,N/A,IPv4,UDP,N/A,v4,0.0.0.0,255.255.255.255,68,67,N/A,N/A,N/A,N/A,,,1
1759293282,any,370,N/A,IPv4,UDP,N/A,v4,0.0.0.0,255.255.255.255,68,67,N/A,N/A,N/A,N/A,,,1
1759293282,eth0,368,Ethernet,IPv4,UDP,N/A,v4,0.0.0.0,255.255.255.255,68,67,N/A,N/A,N/A,N/A,,,1
1759293282,any,112,N/A,IPv6,ICMP,N/A,v6,fe80::ecf9:eff:fefb:55,ff02::179,N/A,N/A,N/A,N/A,N/A,N/A,,,1
1759293282,eth0,110,Ethernet,IPv6,ICMP,N/A,v6,fe80::ecf9:eff:fefb:55,ff02::179,N/A,N/A,N/A,N/A,N/A,N/A,,,1
1759293282,eth1,110,Ethernet,IPv6,ICMP,N/A,v6,fe80::103b:bdff:fef0:169,ff02::179,N/A,N/A,N/A,N/A,N/A,N/A,,,1
1759293282,eth0,110,Ethernet,IPv6,ICMP,N/A,v6,fe80::ecf9:eff:fefb:55,ff02::179,N/A,N/A,N/A,N/A,N/A,N/A,,,1
1759293282,eth0,56,Ethernet,IPv4,N/A,N/A,v4,172.30.0.89,224.0.0.22,N/A,N/A,N/A,N/A,N/A,N/A,,,1
1759293282,any,112,N/A,IPv6,ICMP,N/A,v6,fe80::ecf9:eff:fefb:55,ff02::179,N/A,N/A,N/A,N/A,N/A,N/A,,,1
1759293282,eth0,56,Ethernet,N/A,N/A,N/A,N/A,N/A,N/A,N/A,N/A,N/A,N/A,N/A,N/A,,,1
1759293282,any,58,ARP,N/A,N/A,N/A,N/A,N/A,N/A,N/A,N/A,1,2048,172.30.0.89,172.30.0.122,,,1
1759293282,eth2,70,Ethernet,IPv6,ICMP,N/A,v6,fe80::dcac:f9ff:fe59:60,ff02::204,N/A,N/A,N/A,N/A,N/A,N/A,,,1
1759293282,any,72,N/A,IPv6,ICMP,N/A,v6,fe80::dcac:f9ff:fe59:60,ff02::204,N/A,N/A,N/A,N/A,N/A,N/A,,,1
1759293283,any,56,N/A,IPv4,N/A,N/A,v4,172.30.0.220,224.0.0.22,N/A,N/A,N/A,N/A,N/A,N/A,,,0
1759293283,eth0,54,Ethernet,IPv4,N/A,N/A,v4,172.30.0.220,224.0.0.22,N/A,N/A,N/A,N/A,N/A,N/A,,,0
1759293283,any,72,N/A,IPv6,ICMP,N/A,v6,fe80::a824:52ff:fe4f:69,ff02::204,N/A,N/A,N/A,N/A,N/A,N/A,,,0
1759293283,eth1,70,Ethernet,IPv6,ICMP,N/A,v6,fe80::a824:52ff:fe4f:69,ff02::204,N/A,N/A,N/A,N/A,N/A,N/A,,,0
1759293283,eth0,70,Ethernet,IPv6,ICMP,N/A,v6,fe80::5ca9:83ff:fe87:27,ff02::204,N/A,N/A,N/A,N/A,N/A,N/A,,,0
1759293283,eth0,90,Ethernet,IPv6,ICMP,N/A,v6,fe80::ecf9:eff:fefb:55,ff02::179,N/A,N/A,N/A,N/A,N/A,N/A,,,1
1759293283,any,92,N/A,IPv6,ICMP,N/A,v6,fe80::ecf9:eff:fefb:55,ff02::179,N/A,N/A,N/A,N/A,N/A,N/A,,,1
1759293283,eth0,90,Ethernet,IPv6,ICMP,N/A,v6,fe80::e48e:99ff:fe5f:147,ff02::179,N/A,N/A,N/A,N/A,N/A,N/A,,,1
1759293283,eth0,54,Ethernet,IPv4,N/A,N/A,v4,172.30.0.220,224.0.0.22,N/A,N/A,N/A,N/A,N/A,N/A,,,1
1759293283,any,92,N/A,IPv6,ICMP,N/A,v6,fe80::e48e:99ff:fe5f:147,ff02::179,N/A,N/A,N/A,N/A,N/A,N/A,,,1
1759293283,eth0,71,Ethernet,IPv4,UDP,N/A,v4,172.30.0.220,224.0.0.252,5355,5355,N/A,N/A,N/A,N/A,,,1
1759293283,any,73,N/A,IPv4,UDP,N/A,v4,172.30.0.220,224.0.0.252,5355,5355,N/A,N/A,N/A,N/A,,,1
1759293283,eth0,360,Ethernet,IPv4,UDP,N/A,v4,0.0.0.0,255.255.255.255,68,67,N/A,N/A,N/A,N/A,,,1
1759293283,any,362,N/A,IPv4,UDP,N/A,v4,0.0.0.0,255.255.255.255,68,67,N/A,N/A,N/A,N/A,,,1
1759293283,any,374,N/A,IPv4,UDP,N/A,v4,0.0.0.0,255.255.255.255,68,67,N/A,N/A,N/A,N/A,,,1
1759293283,any,112,N/A,IPv6,ICMP,N/A,v6,fe80::f056:abff:fe65:143,ff02::179,N/A,N/A,N/A,N/A,N/A,N/A,,,1
1759293283,any,112,N/A,IPv6,ICMP,N/A,v6,fe80::e48e:99ff:fe5f:147,ff02::179,N/A,N/A,N/A,N/A,N/A,N/A,,,1
1759293283,any,44,ARP,N/A,N/A,N/A,N/A,N/A,N/A,N/A,N/A,1,2048,172.30.0.220,172.30.0.122,,,1
1759293283,any,58,ARP,N/A,N/A,N/A,N/A,N/A,N/A,N/A,N/A,2,2048,172.30.0.122,172.30.0.220,,,1
1759293283,any,112,N/A,IPv6,ICMP,N/A,v6,fe80::f056:abff:fe65:143,ff02::179,N/A,N/A,N/A,N/A,N/A,N/A,,,1
1759293283,any,112,N/A,IPv6,ICMP,N/A,v6,fe80::103b:bdff:fef0:169,ff02::179,N/A,N/A,N/A,N/A,N/A,N/A,,,1
1759293283,any,112,N/A,IPv6,ICMP,N/A,v6,fe80::e48e:99ff:fe5f:147,ff02::179,N/A,N/A,N/A,N/A,N/A,N/A,,,1
1759293283,any,58,N/A,IPv4,N/A,N/A,v4,172.30.0.89,224.0.0.22,N/A,N/A,N/A,N/A,N/A,N/A,,,1
1759293283,eth0,372,Ethernet,IPv4,UDP,N/A,v4,0.0.0.0,255.255.255.255,68,67,N/A,N/A,N/A,N/A,,,1
1759293283,eth0,110,Ethernet,IPv6,ICMP,N/A,v6,fe80::e48e:99ff:fe5f:147,ff02::179,N/A,N/A,N/A,N/A,N/A,N/A,,,1
1759293283,eth0,54,Ethernet,IPv4,N/A,N/A,v4,172.30.0.220,224.0.0.22,N/A,N/A,N/A,N/A,N/A,N/A,,,1
1759293283,eth0,42,Ethernet,N/A,N/A,N/A,N/A,N/A,N/A,N/A,N/A,N/A,N/A,N/A,N/A,,,1
1759293283,eth0,56,Ethernet,N/A,N/A,N/A,N/A,N/A,N/A,N/A,N/A,N/A,N/A,N/A,N/A,,,1
1759293283,eth0,56,Ethernet,N/A,N/A,N/A,N/A,N/A,N/A,N/A,N/A,N/A,N/A,N/A,N/A,,,1
1759293283,eth0,110,Ethernet,IPv6,ICMP,N/A,v6,fe80::e48e:99ff:fe5f:147,ff02::179,N/A,N/A,N/A,N/A,N/A,N/A,,,1
1759293283,eth0,56,Ethernet,IPv4,N/A,N/A,v4,172.30.0.89,224.0.0.22,N/A,N/A,N/A,N/A,N/A,N/A,,,1
1759293283,eth2,110,Ethernet,IPv6,ICMP,N/A,v6,fe80::dcac:f9ff:fe59:60,ff02::179,N/A,N/A,N/A,N/A,N/A,N/A,,,1
1759293283,eth1,110,Ethernet,IPv6,ICMP,N/A,v6,fe80::f056:abff:fe65:143,ff02::179,N/A,N/A,N/A,N/A,N/A,N/A,,,1
1759293283,eth1,110,Ethernet,IPv6,ICMP,N/A,v6,fe80::f056:abff:fe65:143,ff02::179,N/A,N/A,N/A,N/A,N/A,N/A,,,1
1759293283,eth1,110,Ethernet,IPv6,ICMP,N/A,v6,fe80::103b:bdff:fef0:169,ff02::179,N/A,N/A,N/A,N/A,N/A,N/A,,,1
1759293283,eth0,54,Ethernet,IPv4,N/A,N/A,v4,172.30.0.220,224.0.0.22,N/A,N/A,N/A,N/A,N/A,N/A,,,1
1759293283,any,56,N/A,IPv4,N/A,N/A,v4,172.30.0.220,224.0.0.22,N/A,N/A,N/A,N/A,N/A,N/A,,,1
1759293283,any,72,N/A,IPv6,ICMP,N/A,v6,fe80::dcac:f9ff:fe59:60,ff02::204,N/A,N/A,N/A,N/A,N/A,N/A,,,1
1759293283,eth2,70,Ethernet,IPv6,ICMP,N/A,v6,fe80::dcac:f9ff:fe59:60,ff02::204,N/A,N/A,N/A,N/A,N/A,N/A,,,1
1759293283,eth1,70,Ethernet,IPv6,ICMP,N/A,v6,fe80::f056:abff:fe65:143,ff02::204,N/A,N/A,N/A,N/A,N/A,N/A,,,1
1759293283,eth0,70,Ethernet,IPv6,ICMP,N/A,v6,fe80::e48e:99ff:fe5f:147,ff02::204,N/A,N/A,N/A,N/A,N/A,N/A,,,1
1759293283,eth1,70,Ethernet,IPv6,ICMP,N/A,v6,fe80::103b:bdff:fef0:169,ff02::204,N/A,N/A,N/A,N/A,N/A,N/A,,,1
1759293283,any,72,N/A,IPv6,ICMP,N/A,v6,fe80::ecf9:eff:fefb:55,ff02::204,N/A,N/A,N/A,N/A,N/A,N/A,,,1
1759293283,any,72,N/A,IPv6,ICMP,N/A,v6,fe80::103b:bdff:fef0:169,ff02::204,N/A,N/A,N/A,N/A,N/A,N/A,,,1
1759293283,eth0,70,Ethernet,IPv6,ICMP,N/A,v6,fe80::ecf9:eff:fefb:55,ff02::204,N/A,N/A,N/A,N/A,N/A,N/A,,,1
1759293283,any,112,N/A,IPv6,ICMP,N/A,v6,fe80::5ca9:83ff:fe87:27,ff02::179,N/A,N/A,N/A,N/A,N/A,N/A,,,0
1759293283,eth0,110,Ethernet,IPv6,ICMP,N/A,v6,fe80::5ca9:83ff:fe87:27,ff02::179,N/A,N/A,N/A,N/A,N/A,N/A,,,0
1759293283,any,112,N/A,IPv6,ICMP,N/A,v6,fe80::a824:52ff:fe4f:69,ff02::179,N/A,N/A,N/A,N/A,N/A,N/A,,,0
1759293283,eth1,110,Ethernet,IPv6,ICMP,N/A,v6,fe80::a824:52ff:fe4f:69,ff02::179,N/A,N/A,N/A,N/A,N/A,N/A,,,0
1759293283,eth0,107,Ethernet,N/A,N/A,N/A,N/A,N/A,N/A,N/A,N/A,N/A,N/A,N/A,N/A,,,0
1759293283,any,109,N/A,N/A,N/A,N/A,N/A,N/A,N/A,N/A,N/A,N/A,N/A,N/A,N/A,,,0
1759293284,eth2,110,Ethernet,IPv6,ICMP,N/A,v6,fe80::dcac:f9ff:fe59:60,ff02::179,N/A,N/A,N/A,N/A,N/A,N/A,,,1
1759293284,any,112,N/A,IPv6,ICMP,N/A,v6,fe80::dcac:f9ff:fe59:60,ff02::179,N/A,N/A,N/A,N/A,N/A,N/A,,,1
1759293284,any,113,N/A,N/A,N/A,N/A,N/A,N/A,N/A,N/A,N/A,N/A,N/A,N/A,N/A,,,1
1759293284,eth0,111,Ethernet,N/A,N/A,N/A,N/A,N/A,N/A,N/A,N/A,N/A,N/A,N/A,N/A,,,1
1759293284,eth0,107,Ethernet,N/A,N/A,N/A,N/A,N/A,N/A,N/A,N/A,N/A,N/A,N/A,N/A,,,0
1759293284,any,109,N/A,N/A,N/A,N/A,N/A,N/A,N/A,N/A,N/A,N/A,N/A,N/A,N/A,,,0
1759293285,any,113,N/A,N/A,N/A,N/A,N/A,N/A,N/A,N/A,N/A,N/A,N/A,N/A,N/A,,,1
1759293285,eth0,111,Ethernet,N/A,N/A,N/A,N/A,N/A,N/A,N/A,N/A,N/A,N/A,N/A,N/A,,,1
1759293285,any,72,N/A,IPv6,ICMP,N/A,v6,fe80::24f1:23ff:fe29:66,ff02::204,N/A,N/A,N/A,N/A,N/A,N/A,,,1
1759293285,eth0,70,Ethernet,IPv6,ICMP,N/A,v6,fe80::24f1:23ff:fe29:66,ff02::204,N/A,N/A,N/A,N/A,N/A,N/A,,,1
1759293286,eth0,90,Ethernet,IPv6,ICMP,N/A,v6,fe80::b0b5:44ff:feea:219,ff02::179,N/A,N/A,N/A,N/A,N/A,N/A,,,1
1759293286,eth0,54,Ethernet,IPv4,N/A,N/A,v4,172.30.0.163,224.0.0.22,N/A,N/A,N/A,N/A,N/A,N/A,,,1
1759293286,any,92,N/A,IPv6,ICMP,N/A,v6,fe80::b0b5:44ff:feea:219,ff02::179,N/A,N/A,N/A,N/A,N/A,N/A,,,1
1759293286,any,90,N/A,IPv6,UDP,N/A,v6,fe80::b0b5:44ff:feea:219,ff02::1:52,5355,5355,N/A,N/A,N/A,N/A,,,1
1759293286,eth0,88,Ethernet,IPv6,UDP,N/A,v6,fe80::b0b5:44ff:feea:219,ff02::1:52,5355,5355,N/A,N/A,N/A,N/A,,,1
1759293286,eth0,68,Ethernet,IPv4,UDP,N/A,v4,172.30.0.163,224.0.0.252,5355,5355,N/A,N/A,N/A,N/A,,,1
1759293286,any,70,N/A,IPv4,UDP,N/A,v4,172.30.0.163,224.0.0.252,5355,5355,N/A,N/A,N/A,N/A,,,1
1759293286,any,113,N/A,N/A,N/A,N/A,N/A,N/A,N/A,N/A,N/A,N/A,N/A,N/A,N/A,,,1
1759293286,eth0,111,Ethernet,N/A,N/A,N/A,N/A,N/A,N/A,N/A,N/A,N/A,N/A,N/A,N/A,,,1
1759293286,eth0,357,Ethernet,IPv4,UDP,N/A,v4,0.0.0.0,255.255.255.255,68,67,N/A,N/A,N/A,N/A,,,1
1759293286,any,359,N/A,IPv4,UDP,N/A,v4,0.0.0.0,255.255.255.255,68,67,N/A,N/A,N/A,N/A,,,1
1759293286,any,371,N/A,IPv4,UDP,N/A,v4,0.0.0.0,255.255.255.255,68,67,N/A,N/A,N/A,N/A,,,1
1759293286,any,112,N/A,IPv6,ICMP,N/A,v6,fe80::780a:a9ff:fee6:89,ff02::179,N/A,N/A,N/A,N/A,N/A,N/A,,,1
1759293286,eth0,369,Ethernet,IPv4,UDP,N/A,v4,0.0.0.0,255.255.255.255,68,67,N/A,N/A,N/A,N/A,,,1
1759293286,eth1,110,Ethernet,IPv6,ICMP,N/A,v6,fe80::780a:a9ff:fee6:89,ff02::179,N/A,N/A,N/A,N/A,N/A,N/A,,,1
1759293286,any,112,N/A,IPv6,ICMP,N/A,v6,fe80::b0b5:44ff:feea:219,ff02::179,N/A,N/A,N/A,N/A,N/A,N/A,,,1
1759293286,eth0,110,Ethernet,IPv6,ICMP,N/A,v6,fe80::b0b5:44ff:feea:219,ff02::179,N/A,N/A,N/A,N/A,N/A,N/A,,,1
1759293286,eth0,54,Ethernet,IPv4,N/A,N/A,v4,172.30.0.163,224.0.0.22,N/A,N/A,N/A,N/A,N/A,N/A,,,1
1759293286,eth0,42,Ethernet,N/A,N/A,N/A,N/A,N/A,N/A,N/A,N/A,N/A,N/A,N/A,N/A,,,1
1759293286,any,44,ARP,N/A,N/A,N/A,N/A,N/A,N/A,N/A,N/A,1,2048,172.30.0.163,172.30.0.122,,,1
1759293286,any,72,N/A,IPv6,ICMP,N/A,v6,fe80::7827:e3ff:fe68:239,ff02::204,N/A,N/A,N/A,N/A,N/A,N/A,,,1
1759293286,eth1,70,Ethernet,IPv6,ICMP,N/A,v6,fe80::7827:e3ff:fe68:239,ff02::204,N/A,N/A,N/A,N/A,N/A,N/A,,,1
1759293286,any,92,N/A,IPv6,ICMP,N/A,v6,fe80::24f1:23ff:fe29:66,ff02::179,N/A,N/A,N/A,N/A,N/A,N/A,,,1
1759293286,eth0,90,Ethernet,IPv6,ICMP,N/A,v6,fe80::24f1:23ff:fe29:66,ff02::179,N/A,N/A,N/A,N/A,N/A,N/A,,,1
1759293286,eth0,54,Ethernet,IPv4,N/A,N/A,v4,172.30.0.23,224.0.0.22,N/A,N/A,N/A,N/A,N/A,N/A,,,1
1759293286,eth0,87,Ethernet,IPv6,UDP,N/A,v6,fe80::24f1:23ff:fe29:66,ff02::1:52,5355,5355,N/A,N/A,N/A,N/A,,,1
1759293286,any,89,N/A,IPv6,UDP,N/A,v6,fe80::24f1:23ff:fe29:66,ff02::1:52,5355,5355,N/A,N/A,N/A,N/A,,,1
1759293286,any,358,N/A,IPv4,UDP,N/A,v4,0.0.0.0,255.255.255.255,68,67,N/A,N/A,N/A,N/A,,,1
1759293286,eth0,356,Ethernet,IPv4,UDP,N/A,v4,0.0.0.0,255.255.255.255,68,67,N/A,N/A,N/A,N/A,,,1
1759293286,eth0,368,Ethernet,IPv4,UDP,N/A,v4,0.0.0.0,255.255.255.255,68,67,N/A,N/A,N/A,N/A,,,1
1759293286,any,370,N/A,IPv4,UDP,N/A,v4,0.0.0.0,255.255.255.255,68,67,N/A,N/A,N/A,N/A,,,1
1759293286,any,112,N/A,IPv6,ICMP,N/A,v6,fe80::7827:e3ff:fe68:239,ff02::179,N/A,N/A,N/A,N/A,N/A,N/A,,,1
1759293286,eth1,110,Ethernet,IPv6,ICMP,N/A,v6,fe80::7827:e3ff:fe68:239,ff02::179,N/A,N/A,N/A,N/A,N/A,N/A,,,1
1759293286,any,112,N/A,IPv6,ICMP,N/A,v6,fe80::24f1:23ff:fe29:66,ff02::179,N/A,N/A,N/A,N/A,N/A,N/A,,,1
1759293286,eth0,110,Ethernet,IPv6,ICMP,N/A,v6,fe80::24f1:23ff:fe29:66,ff02::179,N/A,N/A,N/A,N/A,N/A,N/A,,,1
1759293286,eth0,54,Ethernet,IPv4,N/A,N/A,v4,172.30.0.23,224.0.0.22,N/A,N/A,N/A,N/A,N/A,N/A,,,1
1759293286,any,109,N/A,N/A,N/A,N/A,N/A,N/A,N/A,N/A,N/A,N/A,N/A,N/A,N/A,,,0
1759293286,eth0,107,Ethernet,N/A,N/A,N/A,N/A,N/A,N/A,N/A,N/A,N/A,N/A,N/A,N/A,,,0
1759293286,eth0,42,Ethernet,N/A,N/A,N/A,N/A,N/A,N/A,N/A,N/A,N/A,N/A,N/A,N/A,,,1
1759293286,any,44,ARP,N/A,N/A,N/A,N/A,N/A,N/A,N/A,N/A,1,2048,172.30.0.23,172.30.0.122,,,1
1759293286,any,56,N/A,IPv4,N/A,N/A,v4,172.30.0.163,224.0.0.22,N/A,N/A,N/A,N/A,N/A,N/A,,,1
1759293286,eth0,54,Ethernet,IPv4,N/A,N/A,v4,172.30.0.163,224.0.0.22,N/A,N/A,N/A,N/A,N/A,N/A,,,1
1759293286,eth0,110,Ethernet,IPv6,ICMP,N/A,v6,fe80::b0b5:44ff:feea:219,ff02::179,N/A,N/A,N/A,N/A,N/A,N/A,,,1
1759293286,any,112,N/A,IPv6,ICMP,N/A,v6,fe80::b0b5:44ff:feea:219,ff02::179,N/A,N/A,N/A,N/A,N/A,N/A,,,1
1759293286,any,56,N/A,IPv4,N/A,N/A,v4,172.30.0.23,224.0.0.22,N/A,N/A,N/A,N/A,N/A,N/A,,,1
1759293286,eth0,54,Ethernet,IPv4,N/A,N/A,v4,172.30.0.23,224.0.0.22,N/A,N/A,N/A,N/A,N/A,N/A,,,1
1759293286,any,112,N/A,IPv6,ICMP,N/A,v6,fe80::780a:a9ff:fee6:89,ff02::179,N/A,N/A,N/A,N/A,N/A,N/A,,,1
1759293286,eth1,110,Ethernet,IPv6,ICMP,N/A,v6,fe80::780a:a9ff:fee6:89,ff02::179,N/A,N/A,N/A,N/A,N/A,N/A,,,1
1759293287,eth0,90,Ethernet,IPv6,ICMP,N/A,v6,fe80::5ca9:83ff:fe87:27,ff02::179,N/A,N/A,N/A,N/A,N/A,N/A,,,0
1759293287,eth0,54,Ethernet,IPv4,N/A,N/A,v4,172.30.0.220,224.0.0.22,N/A,N/A,N/A,N/A,N/A,N/A,,,0
1759293287,any,92,N/A,IPv6,ICMP,N/A,v6,fe80::5ca9:83ff:fe87:27,ff02::179,N/A,N/A,N/A,N/A,N/A,N/A,,,0
1759293287,eth0,87,Ethernet,IPv6,UDP,N/A,v6,fe80::5ca9:83ff:fe87:27,ff02::1:52,5355,5355,N/A,N/A,N/A,N/A,,,0
1759293287,eth0,67,Ethernet,IPv4,UDP,N/A,v4,172.30.0.220,224.0.0.252,5355,5355,N/A,N/A,N/A,N/A,,,0
1759293287,any,89,N/A,IPv6,UDP,N/A,v6,fe80::5ca9:83ff:fe87:27,ff02::1:52,5355,5355,N/A,N/A,N/A,N/A,,,0
1759293287,eth0,356,Ethernet,IPv4,UDP,N/A,v4,0.0.0.0,255.255.255.255,68,67,N/A,N/A,N/A,N/A,,,0
1759293287,any,358,N/A,IPv4,UDP,N/A,v4,0.0.0.0,255.255.255.255,68,67,N/A,N/A,N/A,N/A,,,0
1759293287,eth0,368,Ethernet,IPv4,UDP,N/A,v4,0.0.0.0,255.255.255.255,68,67,N/A,N/A,N/A,N/A,,,0
1759293287,any,370,N/A,IPv4,UDP,N/A,v4,0.0.0.0,255.255.255.255,68,67,N/A,N/A,N/A,N/A,,,0
1759293287,eth1,110,Ethernet,IPv6,ICMP,N/A,v6,fe80::a824:52ff:fe4f:69,ff02::179,N/A,N/A,N/A,N/A,N/A,N/A,,,0
1759293287,any,112,N/A,IPv6,ICMP,N/A,v6,fe80::a824:52ff:fe4f:69,ff02::179,N/A,N/A,N/A,N/A,N/A,N/A,,,0
1759293287,any,112,N/A,IPv6,ICMP,N/A,v6,fe80::5ca9:83ff:fe87:27,ff02::179,N/A,N/A,N/A,N/A,N/A,N/A,,,0
1759293287,eth0,110,Ethernet,IPv6,ICMP,N/A,v6,fe80::5ca9:83ff:fe87:27,ff02::179,N/A,N/A,N/A,N/A,N/A,N/A,,,0
1759293287,eth0,54,Ethernet,IPv4,N/A,N/A,v4,172.30.0.220,224.0.0.22,N/A,N/A,N/A,N/A,N/A,N/A,,,0
1759293287,eth1,70,Ethernet,IPv6,ICMP,N/A,v6,fe80::7827:e3ff:fe68:239,ff02::204,N/A,N/A,N/A,N/A,N/A,N/A,,,1
1759293287,any,72,N/A,IPv6,ICMP,N/A,v6,fe80::24f1:23ff:fe29:66,ff02::204,N/A,N/A,N/A,N/A,N/A,N/A,,,1
1759293287,any,72,N/A,IPv6,ICMP,N/A,v6,fe80::7827:e3ff:fe68:239,ff02::204,N/A,N/A,N/A,N/A,N/A,N/A,,,1
1759293287,eth0,70,Ethernet,IPv6,ICMP,N/A,v6,fe80::24f1:23ff:fe29:66,ff02::204,N/A,N/A,N/A,N/A,N/A,N/A,,,1
1759293287,any,113,N/A,N/A,N/A,N/A,N/A,N/A,N/A,N/A,N/A,N/A,N/A,N/A,N/A,,,1
1759293287,eth0,111,Ethernet,N/A,N/A,N/A,N/A,N/A,N/A,N/A,N/A,N/A,N/A,N/A,N/A,,,1
1759293287,eth0,90,Ethernet,IPv6,ICMP,N/A,v6,fe80::e48e:99ff:fe5f:147,ff02::179,N/A,N/A,N/A,N/A,N/A,N/A,,,1
1759293287,eth0,54,Ethernet,IPv4,N/A,N/A,v4,172.30.0.220,224.0.0.22,N/A,N/A,N/A,N/A,N/A,N/A,,,1
1759293287,any,92,N/A,IPv6,ICMP,N/A,v6,fe80::e48e:99ff:fe5f:147,ff02::179,N/A,N/A,N/A,N/A,N/A,N/A,,,1
1759293287,eth0,91,Ethernet,IPv6,UDP,N/A,v6,fe80::e48e:99ff:fe5f:147,ff02::1:52,5355,5355,N/A,N/A,N/A,N/A,,,1
1759293287,eth0,71,Ethernet,IPv4,UDP,N/A,v4,172.30.0.220,224.0.0.252,5355,5355,N/A,N/A,N/A,N/A,,,1
1759293287,any,93,N/A,IPv6,UDP,N/A,v6,fe80::e48e:99ff:fe5f:147,ff02::1:52,5355,5355,N/A,N/A,N/A,N/A,,,1
1759293287,eth0,90,Ethernet,IPv6,ICMP,N/A,v6,fe80::ecf9:eff:fefb:55,ff02::179,N/A,N/A,N/A,N/A,N/A,N/A,,,1
1759293287,eth0,56,Ethernet,IPv4,N/A,N/A,v4,172.30.0.89,224.0.0.22,N/A,N/A,N/A,N/A,N/A,N/A,,,1
1759293287,any,92,N/A,IPv6,ICMP,N/A,v6,fe80::ecf9:eff:fefb:55,ff02::179,N/A,N/A,N/A,N/A,N/A,N/A,,,1
1759293287,eth0,360,Ethernet,IPv4,UDP,N/A,v4,0.0.0.0,255.255.255.255,68,67,N/A,N/A,N/A,N/A,,,1
1759293287,any,362,N/A,IPv4,UDP,N/A,v4,0.0.0.0,255.255.255.255,68,67,N/A,N/A,N/A,N/A,,,1
1759293287,eth0,372,Ethernet,IPv4,UDP,N/A,v4,0.0.0.0,255.255.255.255,68,67,N/A,N/A,N/A,N/A,,,1
1759293287,any,374,N/A,IPv4,UDP,N/A,v4,0.0.0.0,255.255.255.255,68,67,N/A,N/A,N/A,N/A,,,1
1759293287,eth2,110,Ethernet,IPv6,ICMP,N/A,v6,fe80::dcac:f9ff:fe59:60,ff02::179,N/A,N/A,N/A,N/A,N/A,N/A,,,1
1759293287,any,112,N/A,IPv6,ICMP,N/A,v6,fe80::f056:abff:fe65:143,ff02::179,N/A,N/A,N/A,N/A,N/A,N/A,,,1
1759293287,eth1,110,Ethernet,IPv6,ICMP,N/A,v6,fe80::f056:abff:fe65:143,ff02::179,N/A,N/A,N/A,N/A,N/A,N/A,,,1
1759293287,any,112,N/A,IPv6,ICMP,N/A,v6,fe80::e48e:99ff:fe5f:147,ff02::179,N/A,N/A,N/A,N/A,N/A,N/A,,,1
1759293287,eth0,110,Ethernet,IPv6,ICMP,N/A,v6,fe80::e48e:99ff:fe5f:147,ff02::179,N/A,N/A,N/A,N/A,N/A,N/A,,,1
1759293287,eth0,54,Ethernet,IPv4,N/A,N/A,v4,172.30.0.220,224.0.0.22,N/A,N/A,N/A,N/A,N/A,N/A,,,1
1759293287,eth0,356,Ethernet,IPv4,UDP,N/A,v4,0.0.0.0,255.255.255.255,68,67,N/A,N/A,N/A,N/A,,,1
1759293287,any,358,N/A,IPv4,UDP,N/A,v4,0.0.0.0,255.255.255.255,68,67,N/A,N/A,N/A,N/A,,,1
1759293287,any,370,N/A,IPv4,UDP,N/A,v4,0.0.0.0,255.255.255.255,68,67,N/A,N/A,N/A,N/A,,,1
1759293287,eth0,368,Ethernet,IPv4,UDP,N/A,v4,0.0.0.0,255.255.255.255,68,67,N/A,N/A,N/A,N/A,,,1
1759293287,eth1,110,Ethernet,IPv6,ICMP,N/A,v6,fe80::103b:bdff:fef0:169,ff02::179,N/A,N/A,N/A,N/A,N/A,N/A,,,1
1759293287,eth0,56,Ethernet,N/A,N/A,N/A,N/A,N/A,N/A,N/A,N/A,N/A,N/A,N/A,N/A,,,1
1759293287,any,58,ARP,N/A,N/A,N/A,N/A,N/A,N/A,N/A,N/A,1,2048,172.30.0.89,172.30.0.122,,,1
1759293287,any,112,N/A,IPv6,ICMP,N/A,v6,fe80::103b:bdff:fef0:169,ff02::179,N/A,N/A,N/A,N/A,N/A,N/A,,,1
1759293287,any,112,N/A,IPv6,ICMP,N/A,v6,fe80::ecf9:eff:fefb:55,ff02::179,N/A,N/A,N/A,N/A,N/A,N/A,,,1
1759293287,any,58,N/A,IPv4,N/A,N/A,v4,172.30.0.89,224.0.0.22,N/A,N/A,N/A,N/A,N/A,N/A,,,1
1759293287,eth0,110,Ethernet,IPv6,ICMP,N/A,v6,fe80::ecf9:eff:fefb:55,ff02::179,N/A,N/A,N/A,N/A,N/A,N/A,,,1
1759293287,eth0,56,Ethernet,IPv4,N/A,N/A,v4,172.30.0.89,224.0.0.22,N/A,N/A,N/A,N/A,N/A,N/A,,,1
1759293287,eth0,110,Ethernet,IPv6,ICMP,N/A,v6,fe80::24f1:23ff:fe29:66,ff02::179,N/A,N/A,N/A,N/A,N/A,N/A,,,1
1759293287,any,112,N/A,IPv6,ICMP,N/A,v6,fe80::24f1:23ff:fe29:66,ff02::179,N/A,N/A,N/A,N/A,N/A,N/A,,,1
1759293287,any,58,N/A,IPv4,N/A,N/A,v4,172.30.0.89,224.0.0.22,N/A,N/A,N/A,N/A,N/A,N/A,,,1
1759293287,any,44,ARP,N/A,N/A,N/A,N/A,N/A,N/A,N/A,N/A,1,2048,172.30.0.220,172.30.0.122,,,1
1759293287,any,58,ARP,N/A,N/A,N/A,N/A,N/A,N/A,N/A,N/A,2,2048,172.30.0.122,172.30.0.220,,,1
1759293287,any,112,N/A,IPv6,ICMP,N/A,v6,fe80::7827:e3ff:fe68:239,ff02::179,N/A,N/A,N/A,N/A,N/A,N/A,,,1
1759293287,eth0,56,Ethernet,IPv4,N/A,N/A,v4,172.30.0.89,224.0.0.22,N/A,N/A,N/A,N/A,N/A,N/A,,,1
1759293287,eth0,42,Ethernet,N/A,N/A,N/A,N/A,N/A,N/A,N/A,N/A,N/A,N/A,N/A,N/A,,,1
1759293287,eth0,56,Ethernet,N/A,N/A,N/A,N/A,N/A,N/A,N/A,N/A,N/A,N/A,N/A,N/A,,,1
1759293287,eth0,56,Ethernet,N/A,N/A,N/A,N/A,N/A,N/A,N/A,N/A,N/A,N/A,N/A,N/A,,,1
1759293287,eth1,110,Ethernet,IPv6,ICMP,N/A,v6,fe80::7827:e3ff:fe68:239,ff02::179,N/A,N/A,N/A,N/A,N/A,N/A,,,1
1759293287,eth1,70,Ethernet,IPv6,ICMP,N/A,v6,fe80::780a:a9ff:fee6:89,ff02::204,N/A,N/A,N/A,N/A,N/A,N/A,,,1
1759293287,eth0,70,Ethernet,IPv6,ICMP,N/A,v6,fe80::b0b5:44ff:feea:219,ff02::204,N/A,N/A,N/A,N/A,N/A,N/A,,,1
1759293287,any,72,N/A,IPv6,ICMP,N/A,v6,fe80::b0b5:44ff:feea:219,ff02::204,N/A,N/A,N/A,N/A,N/A,N/A,,,1
1759293287,any,72,N/A,IPv6,ICMP,N/A,v6,fe80::780a:a9ff:fee6:89,ff02::204,N/A,N/A,N/A,N/A,N/A,N/A,,,1
1759293287,any,112,N/A,IPv6,ICMP,N/A,v6,fe80::dcac:f9ff:fe59:60,ff02::179,N/A,N/A,N/A,N/A,N/A,N/A,,,1
1759293287,eth2,110,Ethernet,IPv6,ICMP,N/A,v6,fe80::dcac:f9ff:fe59:60,ff02::179,N/A,N/A,N/A,N/A,N/A,N/A,,,1
1759293287,any,112,N/A,IPv6,ICMP,N/A,v6,fe80::f056:abff:fe65:143,ff02::179,N/A,N/A,N/A,N/A,N/A,N/A,,,1
1759293287,eth1,110,Ethernet,IPv6,ICMP,N/A,v6,fe80::f056:abff:fe65:143,ff02::179,N/A,N/A,N/A,N/A,N/A,N/A,,,1
1759293287,any,112,N/A,IPv6,ICMP,N/A,v6,fe80::ecf9:eff:fefb:55,ff02::179,N/A,N/A,N/A,N/A,N/A,N/A,,,1
1759293287,eth0,110,Ethernet,IPv6,ICMP,N/A,v6,fe80::ecf9:eff:fefb:55,ff02::179,N/A,N/A,N/A,N/A,N/A,N/A,,,1
1759293287,any,112,N/A,IPv6,ICMP,N/A,v6,fe80::e48e:99ff:fe5f:147,ff02::179,N/A,N/A,N/A,N/A,N/A,N/A,,,1
1759293287,eth0,110,Ethernet,IPv6,ICMP,N/A,v6,fe80::e48e:99ff:fe5f:147,ff02::179,N/A,N/A,N/A,N/A,N/A,N/A,,,1
1759293287,any,112,N/A,IPv6,ICMP,N/A,v6,fe80::103b:bdff:fef0:169,ff02::179,N/A,N/A,N/A,N/A,N/A,N/A,,,1
1759293287,eth1,110,Ethernet,IPv6,ICMP,N/A,v6,fe80::103b:bdff:fef0:169,ff02::179,N/A,N/A,N/A,N/A,N/A,N/A,,,1
1759293287,eth0,42,Ethernet,N/A,N/A,N/A,N/A,N/A,N/A,N/A,N/A,N/A,N/A,N/A,N/A,,,0
1759293287,eth0,56,Ethernet,N/A,N/A,N/A,N/A,N/A,N/A,N/A,N/A,N/A,N/A,N/A,N/A,,,0
1759293287,eth0,56,Ethernet,N/A,N/A,N/A,N/A,N/A,N/A,N/A,N/A,N/A,N/A,N/A,N/A,,,0
1759293287,any,44,ARP,N/A,N/A,N/A,N/A,N/A,N/A,N/A,N/A,1,2048,172.30.0.220,172.30.0.122,,,0
1759293287,any,58,ARP,N/A,N/A,N/A,N/A,N/A,N/A,N/A,N/A,2,2048,172.30.0.122,172.30.0.220,,,0
1759293287,any,58,ARP,N/A,N/A,N/A,N/A,N/A,N/A,N/A,N/A,2,2048,172.30.0.122,172.30.0.220,,,0
1759293287,eth0,54,Ethernet,IPv4,N/A,N/A,v4,172.30.0.220,224.0.0.22,N/A,N/A,N/A,N/A,N/A,N/A,,,0
1759293287,any,56,N/A,IPv4,N/A,N/A,v4,172.30.0.220,224.0.0.22,N/A,N/A,N/A,N/A,N/A,N/A,,,0
1759293287,any,112,N/A,IPv6,ICMP,N/A,v6,fe80::a824:52ff:fe4f:69,ff02::179,N/A,N/A,N/A,N/A,N/A,N/A,,,0
1759293287,eth1,110,Ethernet,IPv6,ICMP,N/A,v6,fe80::a824:52ff:fe4f:69,ff02::179,N/A,N/A,N/A,N/A,N/A,N/A,,,0
1759293288,eth0,54,Ethernet,IPv4,N/A,N/A,v4,172.30.0.220,224.0.0.22,N/A,N/A,N/A,N/A,N/A,N/A,,,1
1759293288,any,56,N/A,IPv4,N/A,N/A,v4,172.30.0.220,224.0.0.22,N/A,N/A,N/A,N/A,N/A,N/A,,,1
1759293288,eth2,70,Ethernet,IPv6,ICMP,N/A,v6,fe80::dcac:f9ff:fe59:60,ff02::204,N/A,N/A,N/A,N/A,N/A,N/A,,,1
1759293288,any,72,N/A,IPv6,ICMP,N/A,v6,fe80::dcac:f9ff:fe59:60,ff02::204,N/A,N/A,N/A,N/A,N/A,N/A,,,1
1759293288,any,113,N/A,N/A,N/A,N/A,N/A,N/A,N/A,N/A,N/A,N/A,N/A,N/A,N/A,,,1
1759293288,any,72,N/A,IPv6,ICMP,N/A,v6,fe80::e48e:99ff:fe5f:147,ff02::204,N/A,N/A,N/A,N/A,N/A,N/A,,,1
1759293288,any,72,N/A,IPv6,ICMP,N/A,v6,fe80::f056:abff:fe65:143,ff02::204,N/A,N/A,N/A,N/A,N/A,N/A,,,1
1759293288,eth0,111,Ethernet,N/A,N/A,N/A,N/A,N/A,N/A,N/A,N/A,N/A,N/A,N/A,N/A,,,1
1759293288,eth0,70,Ethernet,IPv6,ICMP,N/A,v6,fe80::e48e:99ff:fe5f:147,ff02::204,N/A,N/A,N/A,N/A,N/A,N/A,,,1
1759293288,eth1,70,Ethernet,IPv6,ICMP,N/A,v6,fe80::f056:abff:fe65:143,ff02::204,N/A,N/A,N/A,N/A,N/A,N/A,,,1
1759293288,eth1,70,Ethernet,IPv6,ICMP,N/A,v6,fe80::103b:bdff:fef0:169,ff02::204,N/A,N/A,N/A,N/A,N/A,N/A,,,1
1759293288,any,72,N/A,IPv6,ICMP,N/A,v6,fe80::ecf9:eff:fefb:55,ff02::204,N/A,N/A,N/A,N/A,N/A,N/A,,,1
1759293288,any,72,N/A,IPv6,ICMP,N/A,v6,fe80::103b:bdff:fef0:169,ff02::204,N/A,N/A,N/A,N/A,N/A,N/A,,,1
1759293288,eth0,70,Ethernet,IPv6,ICMP,N/A,v6,fe80::ecf9:eff:fefb:55,ff02::204,N/A,N/A,N/A,N/A,N/A,N/A,,,1
1759293288,any,112,N/A,IPv6,ICMP,N/A,v6,fe80::5ca9:83ff:fe87:27,ff02::179,N/A,N/A,N/A,N/A,N/A,N/A,,,0
1759293288,eth0,110,Ethernet,IPv6,ICMP,N/A,v6,fe80::5ca9:83ff:fe87:27,ff02::179,N/A,N/A,N/A,N/A,N/A,N/A,,,0
1759293288,eth0,107,Ethernet,N/A,N/A,N/A,N/A,N/A,N/A,N/A,N/A,N/A,N/A,N/A,N/A,,,0
1759293288,eth0,70,Ethernet,IPv6,ICMP,N/A,v6,fe80::5ca9:83ff:fe87:27,ff02::204,N/A,N/A,N/A,N/A,N/A,N/A,,,0
1759293288,any,72,N/A,IPv6,ICMP,N/A,v6,fe80::a824:52ff:fe4f:69,ff02::204,N/A,N/A,N/A,N/A,N/A,N/A,,,0
1759293288,eth1,70,Ethernet,IPv6,ICMP,N/A,v6,fe80::a824:52ff:fe4f:69,ff02::204,N/A,N/A,N/A,N/A,N/A,N/A,,,0
1759293289,eth0,111,Ethernet,N/A,N/A,N/A,N/A,N/A,N/A,N/A,N/A,N/A,N/A,N/A,N/A,,,1
1759293289,any,113,N/A,N/A,N/A,N/A,N/A,N/A,N/A,N/A,N/A,N/A,N/A,N/A,N/A,,,1
1759293289,eth0,107,Ethernet,N/A,N/A,N/A,N/A,N/A,N/A,N/A,N/A,N/A,N/A,N/A,N/A,,,0
1759293289,any,109,N/A,N/A,N/A,N/A,N/A,N/A,N/A,N/A,N/A,N/A,N/A,N/A,N/A,,,0
1759293290,any,92,N/A,IPv6,ICMP,N/A,v6,fe80::b0b5:44ff:feea:219,ff02::179,N/A,N/A,N/A,N/A,N/A,N/A,,,1
1759293290,eth0,90,Ethernet,IPv6,ICMP,N/A,v6,fe80::b0b5:44ff:feea:219,ff02::179,N/A,N/A,N/A,N/A,N/A,N/A,,,1
1759293290,eth0,54,Ethernet,IPv4,N/A,N/A,v4,172.30.0.163,224.0.0.22,N/A,N/A,N/A,N/A,N/A,N/A,,,1
1759293290,eth0,68,Ethernet,IPv4,UDP,N/A,v4,172.30.0.163,224.0.0.252,5355,5355,N/A,N/A,N/A,N/A,,,1
1759293290,eth0,88,Ethernet,IPv6,UDP,N/A,v6,fe80::b0b5:44ff:feea:219,ff02::1:52,5355,5355,N/A,N/A,N/A,N/A,,,1
1759293290,any,70,N/A,IPv4,UDP,N/A,v4,172.30.0.163,224.0.0.252,5355,5355,N/A,N/A,N/A,N/A,,,1
1759293290,any,359,N/A,IPv4,UDP,N/A,v4,0.0.0.0,255.255.255.255,68,67,N/A,N/A,N/A,N/A,,,1
1759293290,eth0,357,Ethernet,IPv4,UDP,N/A,v4,0.0.0.0,255.255.255.255,68,67,N/A,N/A,N/A,N/A,,,1
1759293290,any,371,N/A,IPv4,UDP,N/A,v4,0.0.0.0,255.255.255.255,68,67,N/A,N/A,N/A,N/A,,,1
1759293290,eth0,369,Ethernet,IPv4,UDP,N/A,v4,0.0.0.0,255.255.255.255,68,67,N/A,N/A,N/A,N/A,,,1
1759293290,any,112,N/A,IPv6,ICMP,N/A,v6,fe80::780a:a9ff:fee6:89,ff02::179,N/A,N/A,N/A,N/A,N/A,N/A,,,1
1759293290,eth1,110,Ethernet,IPv6,ICMP,N/A,v6,fe80::780a:a9ff:fee6:89,ff02::179,N/A,N/A,N/A,N/A,N/A,N/A,,,1
1759293290,eth0,110,Ethernet,IPv6,ICMP,N/A,v6,fe80::b0b5:44ff:feea:219,ff02::179,N/A,N/A,N/A,N/A,N/A,N/A,,,1
1759293290,eth0,54,Ethernet,IPv4,N/A,N/A,v4,172.30.0.163,224.0.0.22,N/A,N/A,N/A,N/A,N/A,N/A,,,1
1759293290,eth0,42,Ethernet,N/A,N/A,N/A,N/A,N/A,N/A,N/A,N/A,N/A,N/A,N/A,N/A,,,1
1759293290,any,112,N/A,IPv6,ICMP,N/A,v6,fe80::b0b5:44ff:feea:219,ff02::179,N/A,N/A,N/A,N/A,N/A,N/A,,,1
1759293290,any,113,N/A,N/A,N/A,N/A,N/A,N/A,N/A,N/A,N/A,N/A,N/A,N/A,N/A,,,1
1759293290,eth0,111,Ethernet,N/A,N/A,N/A,N/A,N/A,N/A,N/A,N/A,N/A,N/A,N/A,N/A,,,1
1759293290,eth0,90,Ethernet,IPv6,ICMP,N/A,v6,fe80::24f1:23ff:fe29:66,ff02::179,N/A,N/A,N/A,N/A,N/A,N/A,,,1
1759293290,eth0,54,Ethernet,IPv4,N/A,N/A,v4,172.30.0.23,224.0.0.22,N/A,N/A,N/A,N/A,N/A,N/A,,,1
1759293290,any,92,N/A,IPv6,ICMP,N/A,v6,fe80::24f1:23ff:fe29:66,ff02::179,N/A,N/A,N/A,N/A,N/A,N/A,,,1
1759293290,eth0,356,Ethernet,IPv4,UDP,N/A,v4,0.0.0.0,255.255.255.255,68,67,N/A,N/A,N/A,N/A,,,1
1759293290,any,358,N/A,IPv4,UDP,N/A,v4,0.0.0.0,255.255.255.255,68,67,N/A,N/A,N/A,N/A,,,1
1759293290,any,370,N/A,IPv4,UDP,N/A,v4,0.0.0.0,255.255.255.255,68,67,N/A,N/A,N/A,N/A,,,1
1759293290,eth0,368,Ethernet,IPv4,UDP,N/A,v4,0.0.0.0,255.255.255.255,68,67,N/A,N/A,N/A,N/A,,,1
1759293290,any,112,N/A,IPv6,ICMP,N/A,v6,fe80::7827:e3ff:fe68:239,ff02::179,N/A,N/A,N/A,N/A,N/A,N/A,,,1
1759293290,eth1,110,Ethernet,IPv6,ICMP,N/A,v6,fe80::7827:e3ff:fe68:239,ff02::179,N/A,N/A,N/A,N/A,N/A,N/A,,,1
1759293290,any,112,N/A,IPv6,ICMP,N/A,v6,fe80::24f1:23ff:fe29:66,ff02::179,N/A,N/A,N/A,N/A,N/A,N/A,,,1
1759293290,eth0,110,Ethernet,IPv6,ICMP,N/A,v6,fe80::24f1:23ff:fe29:66,ff02::179,N/A,N/A,N/A,N/A,N/A,N/A,,,1
1759293290,eth0,54,Ethernet,IPv4,N/A,N/A,v4,172.30.0.23,224.0.0.22,N/A,N/A,N/A,N/A,N/A,N/A,,,1
1759293290,eth0,110,Ethernet,IPv6,ICMP,N/A,v6,fe80::24f1:23ff:fe29:66,ff02::179,N/A,N/A,N/A,N/A,N/A,N/A,,,1
1759293290,any,112,N/A,IPv6,ICMP,N/A,v6,fe80::24f1:23ff:fe29:66,ff02::179,N/A,N/A,N/A,N/A,N/A,N/A,,,1
1759293290,eth0,54,Ethernet,IPv4,N/A,N/A,v4,172.30.0.163,224.0.0.22,N/A,N/A,N/A,N/A,N/A,N/A,,,1
1759293290,any,56,N/A,IPv4,N/A,N/A,v4,172.30.0.163,224.0.0.22,N/A,N/A,N/A,N/A,N/A,N/A,,,1
1759293290,any,112,N/A,IPv6,ICMP,N/A,v6,fe80::780a:a9ff:fee6:89,ff02::179,N/A,N/A,N/A,N/A,N/A,N/A,,,1
1759293290,eth1,110,Ethernet,IPv6,ICMP,N/A,v6,fe80::780a:a9ff:fee6:89,ff02::179,N/A,N/A,N/A,N/A,N/A,N/A,,,1
1759293290,any,44,ARP,N/A,N/A,N/A,N/A,N/A,N/A,N/A,N/A,1,2048,172.30.0.23,172.30.0.122,,,1
1759293290,eth0,107,Ethernet,N/A,N/A,N/A,N/A,N/A,N/A,N/A,N/A,N/A,N/A,N/A,N/A,,,0
1759293290,any,109,N/A,N/A,N/A,N/A,N/A,N/A,N/A,N/A,N/A,N/A,N/A,N/A,N/A,,,0
1759293290,eth0,42,Ethernet,N/A,N/A,N/A,N/A,N/A,N/A,N/A,N/A,N/A,N/A,N/A,N/A,,,1
1759293291,any,109,N/A,N/A,N/A,N/A,N/A,N/A,N/A,N/A,N/A,N/A,N/A,N/A,N/A,,,0
1759293291,eth0,107,Ethernet,N/A,N/A,N/A,N/A,N/A,N/A,N/A,N/A,N/A,N/A,N/A,N/A,,,0
1759293291,eth1,70,Ethernet,IPv6,ICMP,N/A,v6,fe80::780a:a9ff:fee6:89,ff02::204,N/A,N/A,N/A,N/A,N/A,N/A,,,1
1759293291,eth0,70,Ethernet,IPv6,ICMP,N/A,v6,fe80::b0b5:44ff:feea:219,ff02::204,N/A,N/A,N/A,N/A,N/A,N/A,,,1
1759293291,any,72,N/A,IPv6,ICMP,N/A,v6,fe80::b0b5:44ff:feea:219,ff02::204,N/A,N/A,N/A,N/A,N/A,N/A,,,1
1759293291,any,72,N/A,IPv6,ICMP,N/A,v6,fe80::780a:a9ff:fee6:89,ff02::204,N/A,N/A,N/A,N/A,N/A,N/A,,,1
1759293291,eth0,110,Ethernet,IPv6,ICMP,N/A,v6,fe80::b0b5:44ff:feea:219,ff02::179,N/A,N/A,N/A,N/A,N/A,N/A,,,1
1759293291,any,112,N/A,IPv6,ICMP,N/A,v6,fe80::b0b5:44ff:feea:219,ff02::179,N/A,N/A,N/A,N/A,N/A,N/A,,,1
1759293291,any,112,N/A,IPv6,ICMP,N/A,v6,fe80::7827:e3ff:fe68:239,ff02::179,N/A,N/A,N/A,N/A,N/A,N/A,,,1
1759293291,eth1,110,Ethernet,IPv6,ICMP,N/A,v6,fe80::7827:e3ff:fe68:239,ff02::179,N/A,N/A,N/A,N/A,N/A,N/A,,,1
1759293291,eth0,54,Ethernet,IPv4,N/A,N/A,v4,172.30.0.23,224.0.0.22,N/A,N/A,N/A,N/A,N/A,N/A,,,1
1759293291,any,56,N/A,IPv4,N/A,N/A,v4,172.30.0.23,224.0.0.22,N/A,N/A,N/A,N/A,N/A,N/A,,,1
1759293291,eth1,70,Ethernet,IPv6,ICMP,N/A,v6,fe80::7827:e3ff:fe68:239,ff02::204,N/A,N/A,N/A,N/A,N/A,N/A,,,1
1759293291,eth0,70,Ethernet,IPv6,ICMP,N/A,v6,fe80::24f1:23ff:fe29:66,ff02::204,N/A,N/A,N/A,N/A,N/A,N/A,,,1
1759293291,any,72,N/A,IPv6,ICMP,N/A,v6,fe80::24f1:23ff:fe29:66,ff02::204,N/A,N/A,N/A,N/A,N/A,N/A,,,1
1759293291,any,72,N/A,IPv6,ICMP,N/A,v6,fe80::7827:e3ff:fe68:239,ff02::204,N/A,N/A,N/A,N/A,N/A,N/A,,,1
1759293291,any,113,N/A,N/A,N/A,N/A,N/A,N/A,N/A,N/A,N/A,N/A,N/A,N/A,N/A,,,1
1759293291,eth0,111,Ethernet,N/A,N/A,N/A,N/A,N/A,N/A,N/A,N/A,N/A,N/A,N/A,N/A,,,1
1759293292,any,72,N/A,IPv6,ICMP,N/A,v6,fe80::a824:52ff:fe4f:69,ff02::204,N/A,N/A,N/A,N/A,N/A,N/A,,,0
1759293292,eth1,70,Ethernet,IPv6,ICMP,N/A,v6,fe80::a824:52ff:fe4f:69,ff02::204,N/A,N/A,N/A,N/A,N/A,N/A,,,0
1759293292,eth0,90,Ethernet,IPv6,ICMP,N/A,v6,fe80::5ca9:83ff:fe87:27,ff02::179,N/A,N/A,N/A,N/A,N/A,N/A,,,0
1759293292,eth0,70,Ethernet,IPv6,ICMP,N/A,v6,fe80::ecf9:eff:fefb:55,ff02::204,N/A,N/A,N/A,N/A,N/A,N/A,,,1
1759293292,any,72,N/A,IPv6,ICMP,N/A,v6,fe80::ecf9:eff:fefb:55,ff02::204,N/A,N/A,N/A,N/A,N/A,N/A,,,1
1759293292,eth0,90,Ethernet,IPv6,ICMP,N/A,v6,fe80::e48e:99ff:fe5f:147,ff02::179,N/A,N/A,N/A,N/A,N/A,N/A,,,1
1759293292,eth0,54,Ethernet,IPv4,N/A,N/A,v4,172.30.0.220,224.0.0.22,N/A,N/A,N/A,N/A,N/A,N/A,,,1
1759293292,any,92,N/A,IPv6,ICMP,N/A,v6,fe80::e48e:99ff:fe5f:147,ff02::179,N/A,N/A,N/A,N/A,N/A,N/A,,,1
1759293292,eth0,90,Ethernet,IPv6,ICMP,N/A,v6,fe80::ecf9:eff:fefb:55,ff02::179,N/A,N/A,N/A,N/A,N/A,N/A,,,1
1759293292,eth0,56,Ethernet,IPv4,N/A,N/A,v4,172.30.0.89,224.0.0.22,N/A,N/A,N/A,N/A,N/A,N/A,,,1
1759293292,any,92,N/A,IPv6,ICMP,N/A,v6,fe80::ecf9:eff:fefb:55,ff02::179,N/A,N/A,N/A,N/A,N/A,N/A,,,1
1759293292,any,58,N/A,IPv4,N/A,N/A,v4,172.30.0.89,224.0.0.22,N/A,N/A,N/A,N/A,N/A,N/A,,,1
1759293292,eth0,71,Ethernet,IPv4,UDP,N/A,v4,172.30.0.220,224.0.0.252,5355,5355,N/A,N/A,N/A,N/A,,,1
1759293292,eth0,91,Ethernet,IPv6,UDP,N/A,v6,fe80::e48e:99ff:fe5f:147,ff02::1:52,5355,5355,N/A,N/A,N/A,N/A,,,1
1759293292,any,73,N/A,IPv4,UDP,N/A,v4,172.30.0.220,224.0.0.252,5355,5355,N/A,N/A,N/A,N/A,,,1
1759293292,eth0,87,Ethernet,IPv6,UDP,N/A,v6,fe80::ecf9:eff:fefb:55,ff02::1:52,5355,5355,N/A,N/A,N/A,N/A,,,1
1759293292,eth0,67,Ethernet,IPv4,UDP,N/A,v4,172.30.0.89,224.0.0.252,5355,5355,N/A,N/A,N/A,N/A,,,1
1759293292,any,89,N/A,IPv6,UDP,N/A,v6,fe80::ecf9:eff:fefb:55,ff02::1:52,5355,5355,N/A,N/A,N/A,N/A,,,1
1759293292,eth0,360,Ethernet,IPv4,UDP,N/A,v4,0.0.0.0,255.255.255.255,68,67,N/A,N/A,N/A,N/A,,,1
1759293292,any,362,N/A,IPv4,UDP,N/A,v4,0.0.0.0,255.255.255.255,68,67,N/A,N/A,N/A,N/A,,,1
1759293292,eth0,372,Ethernet,IPv4,UDP,N/A,v4,0.0.0.0,255.255.255.255,68,67,N/A,N/A,N/A,N/A,,,1
1759293292,any,374,N/A,IPv4,UDP,N/A,v4,0.0.0.0,255.255.255.255,68,67,N/A,N/A,N/A,N/A,,,1
1759293292,eth2,110,Ethernet,IPv6,ICMP,N/A,v6,fe80::dcac:f9ff:fe59:60,ff02::179,N/A,N/A,N/A,N/A,N/A,N/A,,,1
1759293292,any,112,N/A,IPv6,ICMP,N/A,v6,fe80::dcac:f9ff:fe59:60,ff02::179,N/A,N/A,N/A,N/A,N/A,N/A,,,1
1759293292,eth0,356,Ethernet,IPv4,UDP,N/A,v4,0.0.0.0,255.255.255.255,68,67,N/A,N/A,N/A,N/A,,,1
1759293292,any,112,N/A,IPv6,ICMP,N/A,v6,fe80::f056:abff:fe65:143,ff02::179,N/A,N/A,N/A,N/A,N/A,N/A,,,1
1759293292,any,358,N/A,IPv4,UDP,N/A,v4,0.0.0.0,255.255.255.255,68,67,N/A,N/A,N/A,N/A,,,1
1759293292,eth1,110,Ethernet,IPv6,ICMP,N/A,v6,fe80::f056:abff:fe65:143,ff02::179,N/A,N/A,N/A,N/A,N/A,N/A,,,1
1759293292,eth0,368,Ethernet,IPv4,UDP,N/A,v4,0.0.0.0,255.255.255.255,68,67,N/A,N/A,N/A,N/A,,,1
1759293292,any,370,N/A,IPv4,UDP,N/A,v4,0.0.0.0,255.255.255.255,68,67,N/A,N/A,N/A,N/A,,,1
1759293292,eth1,110,Ethernet,IPv6,ICMP,N/A,v6,fe80::103b:bdff:fef0:169,ff02::179,N/A,N/A,N/A,N/A,N/A,N/A,,,1
1759293292,any,112,N/A,IPv6,ICMP,N/A,v6,fe80::103b:bdff:fef0:169,ff02::179,N/A,N/A,N/A,N/A,N/A,N/A,,,1
1759293292,eth0,54,Ethernet,IPv4,N/A,N/A,v4,172.30.0.220,224.0.0.22,N/A,N/A,N/A,N/A,N/A,N/A,,,1
1759293292,any,56,N/A,IPv4,N/A,N/A,v4,172.30.0.220,224.0.0.22,N/A,N/A,N/A,N/A,N/A,N/A,,,1
1759293292,eth0,56,Ethernet,N/A,N/A,N/A,N/A,N/A,N/A,N/A,N/A,N/A,N/A,N/A,N/A,,,1
1759293292,any,58,ARP,N/A,N/A,N/A,N/A,N/A,N/A,N/A,N/A,1,2048,172.30.0.89,172.30.0.122,,,1
1759293292,eth0,54,Ethernet,IPv4,N/A,N/A,v4,172.30.0.220,224.0.0.22,N/A,N/A,N/A,N/A,N/A,N/A,,,0
1759293292,any,92,N/A,IPv6,ICMP,N/A,v6,fe80::5ca9:83ff:fe87:27,ff02::179,N/A,N/A,N/A,N/A,N/A,N/A,,,0
1759293292,eth0,87,Ethernet,IPv6,UDP,N/A,v6,fe80::5ca9:83ff:fe87:27,ff02::1:52,5355,5355,N/A,N/A,N/A,N/A,,,0
1759293292,any,89,N/A,IPv6,UDP,N/A,v6,fe80::5ca9:83ff:fe87:27,ff02::1:52,5355,5355,N/A,N/A,N/A,N/A,,,0
1759293292,eth0,356,Ethernet,IPv4,UDP,N/A,v4,0.0.0.0,255.255.255.255,68,67,N/A,N/A,N/A,N/A,,,0
1759293292,any,358,N/A,IPv4,UDP,N/A,v4,0.0.0.0,255.255.255.255,68,67,N/A,N/A,N/A,N/A,,,0
1759293292,eth0,368,Ethernet,IPv4,UDP,N/A,v4,0.0.0.0,255.255.255.255,68,67,N/A,N/A,N/A,N/A,,,0
1759293292,any,370,N/A,IPv4,UDP,N/A,v4,0.0.0.0,255.255.255.255,68,67,N/A,N/A,N/A,N/A,,,0
1759293292,eth1,110,Ethernet,IPv6,ICMP,N/A,v6,fe80::a824:52ff:fe4f:69,ff02::179,N/A,N/A,N/A,N/A,N/A,N/A,,,0
1759293292,any,112,N/A,IPv6,ICMP,N/A,v6,fe80::a824:52ff:fe4f:69,ff02::179,N/A,N/A,N/A,N/A,N/A,N/A,,,0
1759293292,eth0,54,Ethernet,IPv4,N/A,N/A,v4,172.30.0.220,224.0.0.22,N/A,N/A,N/A,N/A,N/A,N/A,,,0
1759293292,any,56,N/A,IPv4,N/A,N/A,v4,172.30.0.220,224.0.0.22,N/A,N/A,N/A,N/A,N/A,N/A,,,0
1759293292,eth0,110,Ethernet,IPv6,ICMP,N/A,v6,fe80::5ca9:83ff:fe87:27,ff02::179,N/A,N/A,N/A,N/A,N/A,N/A,,,0
1759293292,any,112,N/A,IPv6,ICMP,N/A,v6,fe80::5ca9:83ff:fe87:27,ff02::179,N/A,N/A,N/A,N/A,N/A,N/A,,,0
1759293292,eth0,42,Ethernet,N/A,N/A,N/A,N/A,N/A,N/A,N/A,N/A,N/A,N/A,N/A,N/A,,,0
1759293292,eth0,56,Ethernet,N/A,N/A,N/A,N/A,N/A,N/A,N/A,N/A,N/A,N/A,N/A,N/A,,,0
1759293292,eth0,56,Ethernet,N/A,N/A,N/A,N/A,N/A,N/A,N/A,N/A,N/A,N/A,N/A,N/A,,,0
1759293292,any,44,ARP,N/A,N/A,N/A,N/A,N/A,N/A,N/A,N/A,1,2048,172.30.0.220,172.30.0.122,,,0
1759293292,any,58,ARP,N/A,N/A,N/A,N/A,N/A,N/A,N/A,N/A,2,2048,172.30.0.122,172.30.0.220,,,0
1759293292,any,112,N/A,IPv6,ICMP,N/A,v6,fe80::a824:52ff:fe4f:69,ff02::179,N/A,N/A,N/A,N/A,N/A,N/A,,,0
1759293292,eth1,110,Ethernet,IPv6,ICMP,N/A,v6,fe80::a824:52ff:fe4f:69,ff02::179,N/A,N/A,N/A,N/A,N/A,N/A,,,0
1759293292,any,112,N/A,IPv6,ICMP,N/A,v6,fe80::5ca9:83ff:fe87:27,ff02::179,N/A,N/A,N/A,N/A,N/A,N/A,,,0
1759293292,eth0,110,Ethernet,IPv6,ICMP,N/A,v6,fe80::5ca9:83ff:fe87:27,ff02::179,N/A,N/A,N/A,N/A,N/A,N/A,,,0
1759293292,any,44,ARP,N/A,N/A,N/A,N/A,N/A,N/A,N/A,N/A,1,2048,172.30.0.220,172.30.0.122,,,1
1759293292,any,58,ARP,N/A,N/A,N/A,N/A,N/A,N/A,N/A,N/A,2,2048,172.30.0.122,172.30.0.220,,,1
1759293292,any,58,ARP,N/A,N/A,N/A,N/A,N/A,N/A,N/A,N/A,2,2048,172.30.0.122,172.30.0.220,,,1
1759293292,any,112,N/A,IPv6,ICMP,N/A,v6,fe80::e48e:99ff:fe5f:147,ff02::179,N/A,N/A,N/A,N/A,N/A,N/A,,,1
1759293292,eth0,42,Ethernet,N/A,N/A,N/A,N/A,N/A,N/A,N/A,N/A,N/A,N/A,N/A,N/A,,,1
1759293292,eth0,56,Ethernet,N/A,N/A,N/A,N/A,N/A,N/A,N/A,N/A,N/A,N/A,N/A,N/A,,,1
1759293292,eth0,56,Ethernet,N/A,N/A,N/A,N/A,N/A,N/A,N/A,N/A,N/A,N/A,N/A,N/A,,,1
1759293292,eth0,110,Ethernet,IPv6,ICMP,N/A,v6,fe80::e48e:99ff:fe5f:147,ff02::179,N/A,N/A,N/A,N/A,N/A,N/A,,,1
1759293292,eth0,110,Ethernet,IPv6,ICMP,N/A,v6,fe80::ecf9:eff:fefb:55,ff02::179,N/A,N/A,N/A,N/A,N/A,N/A,,,1
1759293292,eth0,56,Ethernet,IPv4,N/A,N/A,v4,172.30.0.89,224.0.0.22,N/A,N/A,N/A,N/A,N/A,N/A,,,1
1759293292,any,112,N/A,IPv6,ICMP,N/A,v6,fe80::ecf9:eff:fefb:55,ff02::179,N/A,N/A,N/A,N/A,N/A,N/A,,,1
1759293292,eth0,110,Ethernet,IPv6,ICMP,N/A,v6,fe80::e48e:99ff:fe5f:147,ff02::179,N/A,N/A,N/A,N/A,N/A,N/A,,,1
1759293292,any,112,N/A,IPv6,ICMP,N/A,v6,fe80::e48e:99ff:fe5f:147,ff02::179,N/A,N/A,N/A,N/A,N/A,N/A,,,1
1759293292,any,112,N/A,IPv6,ICMP,N/A,v6,fe80::103b:bdff:fef0:169,ff02::179,N/A,N/A,N/A,N/A,N/A,N/A,,,1
1759293292,eth1,110,Ethernet,IPv6,ICMP,N/A,v6,fe80::103b:bdff:fef0:169,ff02::179,N/A,N/A,N/A,N/A,N/A,N/A,,,1
1759293292,any,112,N/A,IPv6,ICMP,N/A,v6,fe80::ecf9:eff:fefb:55,ff02::179,N/A,N/A,N/A,N/A,N/A,N/A,,,1
1759293292,eth0,110,Ethernet,IPv6,ICMP,N/A,v6,fe80::ecf9:eff:fefb:55,ff02::179,N/A,N/A,N/A,N/A,N/A,N/A,,,1
1759293292,any,56,N/A,IPv4,N/A,N/A,v4,172.30.0.220,224.0.0.22,N/A,N/A,N/A,N/A,N/A,N/A,,,1
1759293292,eth0,54,Ethernet,IPv4,N/A,N/A,v4,172.30.0.220,224.0.0.22,N/A,N/A,N/A,N/A,N/A,N/A,,,1
1759293292,any,112,N/A,IPv6,ICMP,N/A,v6,fe80::f056:abff:fe65:143,ff02::179,N/A,N/A,N/A,N/A,N/A,N/A,,,1
1759293292,eth1,110,Ethernet,IPv6,ICMP,N/A,v6,fe80::f056:abff:fe65:143,ff02::179,N/A,N/A,N/A,N/A,N/A,N/A,,,1
1759293292,eth0,56,Ethernet,IPv4,N/A,N/A,v4,172.30.0.89,224.0.0.22,N/A,N/A,N/A,N/A,N/A,N/A,,,1
1759293292,any,58,N/A,IPv4,N/A,N/A,v4,172.30.0.89,224.0.0.22,N/A,N/A,N/A,N/A,N/A,N/A,,,1
1759293293,eth0,54,Ethernet,IPv4,N/A,N/A,v4,172.30.0.220,224.0.0.22,N/A,N/A,N/A,N/A,N/A,N/A,,,0
1759293293,any,56,N/A,IPv4,N/A,N/A,v4,172.30.0.220,224.0.0.22,N/A,N/A,N/A,N/A,N/A,N/A,,,0
1759293293,any,112,N/A,IPv6,ICMP,N/A,v6,fe80::dcac:f9ff:fe59:60,ff02::179,N/A,N/A,N/A,N/A,N/A,N/A,,,1
1759293293,eth2,110,Ethernet,IPv6,ICMP,N/A,v6,fe80::dcac:f9ff:fe59:60,ff02::179,N/A,N/A,N/A,N/A,N/A,N/A,,,1
1759293293,eth1,70,Ethernet,IPv6,ICMP,N/A,v6,fe80::103b:bdff:fef0:169,ff02::204,N/A,N/A,N/A,N/A,N/A,N/A,,,1
1759293293,any,72,N/A,IPv6,ICMP,N/A,v6,fe80::ecf9:eff:fefb:55,ff02::204,N/A,N/A,N/A,N/A,N/A,N/A,,,1
1759293293,any,72,N/A,IPv6,ICMP,N/A,v6,fe80::103b:bdff:fef0:169,ff02::204,N/A,N/A,N/A,N/A,N/A,N/A,,,1
1759293293,eth0,70,Ethernet,IPv6,ICMP,N/A,v6,fe80::ecf9:eff:fefb:55,ff02::204,N/A,N/A,N/A,N/A,N/A,N/A,,,1
1759293293,any,72,N/A,IPv6,ICMP,N/A,v6,fe80::dcac:f9ff:fe59:60,ff02::204,N/A,N/A,N/A,N/A,N/A,N/A,,,1
1759293293,eth2,70,Ethernet,IPv6,ICMP,N/A,v6,fe80::dcac:f9ff:fe59:60,ff02::204,N/A,N/A,N/A,N/A,N/A,N/A,,,1
1759293293,eth1,70,Ethernet,IPv6,ICMP,N/A,v6,fe80::f056:abff:fe65:143,ff02::204,N/A,N/A,N/A,N/A,N/A,N/A,,,1
1759293293,eth0,111,Ethernet,N/A,N/A,N/A,N/A,N/A,N/A,N/A,N/A,N/A,N/A,N/A,N/A,,,1
1759293293,eth0,70,Ethernet,IPv6,ICMP,N/A,v6,fe80::e48e:99ff:fe5f:147,ff02::204,N/A,N/A,N/A,N/A,N/A,N/A,,,1
1759293293,any,72,N/A,IPv6,ICMP,N/A,v6,fe80::a824:52ff:fe4f:69,ff02::204,N/A,N/A,N/A,N/A,N/A,N/A,,,0
1759293293,eth1,70,Ethernet,IPv6,ICMP,N/A,v6,fe80::a824:52ff:fe4f:69,ff02::204,N/A,N/A,N/A,N/A,N/A,N/A,,,0
1759293293,eth0,107,Ethernet,N/A,N/A,N/A,N/A,N/A,N/A,N/A,N/A,N/A,N/A,N/A,N/A,,,0
1759293293,eth0,70,Ethernet,IPv6,ICMP,N/A,v6,fe80::5ca9:83ff:fe87:27,ff02::204,N/A,N/A,N/A,N/A,N/A,N/A,,,0
1759293294,any,113,N/A,N/A,N/A,N/A,N/A,N/A,N/A,N/A,N/A,N/A,N/A,N/A,N/A,,,1
1759293294,eth0,111,Ethernet,N/A,N/A,N/A,N/A,N/A,N/A,N/A,N/A,N/A,N/A,N/A,N/A,,,1
1759293294,any,109,N/A,N/A,N/A,N/A,N/A,N/A,N/A,N/A,N/A,N/A,N/A,N/A,N/A,,,0
1759293294,eth0,107,Ethernet,N/A,N/A,N/A,N/A,N/A,N/A,N/A,N/A,N/A,N/A,N/A,N/A,,,0
1759293295,any,92,N/A,IPv6,ICMP,N/A,v6,fe80::b0b5:44ff:feea:219,ff02::179,N/A,N/A,N/A,N/A,N/A,N/A,,,1
1759293295,eth0,90,Ethernet,IPv6,ICMP,N/A,v6,fe80::b0b5:44ff:feea:219,ff02::179,N/A,N/A,N/A,N/A,N/A,N/A,,,1
1759293295,eth0,54,Ethernet,IPv4,N/A,N/A,v4,172.30.0.163,224.0.0.22,N/A,N/A,N/A,N/A,N/A,N/A,,,1
1759293295,eth0,357,Ethernet,IPv4,UDP,N/A,v4,0.0.0.0,255.255.255.255,68,67,N/A,N/A,N/A,N/A,,,1
1759293295,any,359,N/A,IPv4,UDP,N/A,v4,0.0.0.0,255.255.255.255,68,67,N/A,N/A,N/A,N/A,,,1
1759293295,any,371,N/A,IPv4,UDP,N/A,v4,0.0.0.0,255.255.255.255,68,67,N/A,N/A,N/A,N/A,,,1
1759293295,eth0,369,Ethernet,IPv4,UDP,N/A,v4,0.0.0.0,255.255.255.255,68,67,N/A,N/A,N/A,N/A,,,1
1759293295,eth1,110,Ethernet,IPv6,ICMP,N/A,v6,fe80::780a:a9ff:fee6:89,ff02::179,N/A,N/A,N/A,N/A,N/A,N/A,,,1
1759293295,eth0,110,Ethernet,IPv6,ICMP,N/A,v6,fe80::b0b5:44ff:feea:219,ff02::179,N/A,N/A,N/A,N/A,N/A,N/A,,,1
1759293295,any,112,N/A,IPv6,ICMP,N/A,v6,fe80::b0b5:44ff:feea:219,ff02::179,N/A,N/A,N/A,N/A,N/A,N/A,,,1
1759293295,any,112,N/A,IPv6,ICMP,N/A,v6,fe80::780a:a9ff:fee6:89,ff02::179,N/A,N/A,N/A,N/A,N/A,N/A,,,1
1759293295,eth0,54,Ethernet,IPv4,N/A,N/A,v4,172.30.0.163,224.0.0.22,N/A,N/A,N/A,N/A,N/A,N/A,,,1
1759293295,any,56,N/A,IPv4,N/A,N/A,v4,172.30.0.163,224.0.0.22,N/A,N/A,N/A,N/A,N/A,N/A,,,1
1759293295,any,44,ARP,N/A,N/A,N/A,N/A,N/A,N/A,N/A,N/A,1,2048,172.30.0.163,172.30.0.122,,,1
1759293295,any,112,N/A,IPv6,ICMP,N/A,v6,fe80::b0b5:44ff:feea:219,ff02::179,N/A,N/A,N/A,N/A,N/A,N/A,,,1
1759293295,any,72,N/A,IPv6,ICMP,N/A,v6,fe80::7827:e3ff:fe68:239,ff02::204,N/A,N/A,N/A,N/A,N/A,N/A,,,1
1759293295,eth0,42,Ethernet,N/A,N/A,N/A,N/A,N/A,N/A,N/A,N/A,N/A,N/A,N/A,N/A,,,1
1759293295,eth0,110,Ethernet,IPv6,ICMP,N/A,v6,fe80::b0b5:44ff:feea:219,ff02::179,N/A,N/A,N/A,N/A,N/A,N/A,,,1
1759293295,eth1,70,Ethernet,IPv6,ICMP,N/A,v6,fe80::7827:e3ff:fe68:239,ff02::204,N/A,N/A,N/A,N/A,N/A,N/A,,,1
1759293295,any,112,N/A,IPv6,ICMP,N/A,v6,fe80::780a:a9ff:fee6:89,ff02::179,N/A,N/A,N/A,N/A,N/A,N/A,,,1
1759293295,eth1,110,Ethernet,IPv6,ICMP,N/A,v6,fe80::780a:a9ff:fee6:89,ff02::179,N/A,N/A,N/A,N/A,N/A,N/A,,,1
1759293295,eth0,90,Ethernet,IPv6,ICMP,N/A,v6,fe80::24f1:23ff:fe29:66,ff02::179,N/A,N/A,N/A,N/A,N/A,N/A,,,1
1759293295,eth0,54,Ethernet,IPv4,N/A,N/A,v4,172.30.0.23,224.0.0.22,N/A,N/A,N/A,N/A,N/A,N/A,,,1
1759293295,any,92,N/A,IPv6,ICMP,N/A,v6,fe80::24f1:23ff:fe29:66,ff02::179,N/A,N/A,N/A,N/A,N/A,N/A,,,1
1759293295,any,89,N/A,IPv6,UDP,N/A,v6,fe80::24f1:23ff:fe29:66,ff02::1:52,5355,5355,N/A,N/A,N/A,N/A,,,1
1759293295,eth0,87,Ethernet,IPv6,UDP,N/A,v6,fe80::24f1:23ff:fe29:66,ff02::1:52,5355,5355,N/A,N/A,N/A,N/A,,,1
1759293295,any,358,N/A,IPv4,UDP,N/A,v4,0.0.0.0,255.255.255.255,68,67,N/A,N/A,N/A,N/A,,,1
1759293295,eth0,356,Ethernet,IPv4,UDP,N/A,v4,0.0.0.0,255.255.255.255,68,67,N/A,N/A,N/A,N/A,,,1
1759293295,any,370,N/A,IPv4,UDP,N/A,v4,0.0.0.0,255.255.255.255,68,67,N/A,N/A,N/A,N/A,,,1
1759293295,eth0,368,Ethernet,IPv4,UDP,N/A,v4,0.0.0.0,255.255.255.255,68,67,N/A,N/A,N/A,N/A,,,1
1759293295,any,112,N/A,IPv6,ICMP,N/A,v6,fe80::7827:e3ff:fe68:239,ff02::179,N/A,N/A,N/A,N/A,N/A,N/A,,,1
1759293295,eth1,110,Ethernet,IPv6,ICMP,N/A,v6,fe80::7827:e3ff:fe68:239,ff02::179,N/A,N/A,N/A,N/A,N/A,N/A,,,1
1759293295,any,112,N/A,IPv6,ICMP,N/A,v6,fe80::24f1:23ff:fe29:66,ff02::179,N/A,N/A,N/A,N/A,N/A,N/A,,,1
1759293295,eth0,110,Ethernet,IPv6,ICMP,N/A,v6,fe80::24f1:23ff:fe29:66,ff02::179,N/A,N/A,N/A,N/A,N/A,N/A,,,1
1759293295,eth0,54,Ethernet,IPv4,N/A,N/A,v4,172.30.0.23,224.0.0.22,N/A,N/A,N/A,N/A,N/A,N/A,,,1
1759293295,eth0,42,Ethernet,N/A,N/A,N/A,N/A,N/A,N/A,N/A,N/A,N/A,N/A,N/A,N/A,,,1
1759293295,any,44,ARP,N/A,N/A,N/A,N/A,N/A,N/A,N/A,N/A,1,2048,172.30.0.23,172.30.0.122,,,1
1759293295,any,92,N/A,IPv6,ICMP,N/A,v6,fe80::b0b5:44ff:feea:219,ff02::179,N/A,N/A,N/A,N/A,N/A,N/A,,,1
1759293295,eth0,90,Ethernet,IPv6,ICMP,N/A,v6,fe80::b0b5:44ff:feea:219,ff02::179,N/A,N/A,N/A,N/A,N/A,N/A,,,1
1759293296,any,109,N/A,N/A,N/A,N/A,N/A,N/A,N/A,N/A,N/A,N/A,N/A,N/A,N/A,,,0
1759293296,eth0,107,Ethernet,N/A,N/A,N/A,N/A,N/A,N/A,N/A,N/A,N/A,N/A,N/A,N/A,,,0
1759293296,eth0,90,Ethernet,IPv6,ICMP,N/A,v6,fe80::5ca9:83ff:fe87:27,ff02::179,N/A,N/A,N/A,N/A,N/A,N/A,,,0
1759293296,eth0,54,Ethernet,IPv4,N/A,N/A,v4,172.30.0.220,224.0.0.22,N/A,N/A,N/A,N/A,N/A,N/A,,,0
1759293296,any,92,N/A,IPv6,ICMP,N/A,v6,fe80::5ca9:83ff:fe87:27,ff02::179,N/A,N/A,N/A,N/A,N/A,N/A,,,0
1759293296,eth0,356,Ethernet,IPv4,UDP,N/A,v4,0.0.0.0,255.255.255.255,68,67,N/A,N/A,N/A,N/A,,,0
1759293296,any,358,N/A,IPv4,UDP,N/A,v4,0.0.0.0,255.255.255.255,68,67,N/A,N/A,N/A,N/A,,,0
1759293296,eth0,368,Ethernet,IPv4,UDP,N/A,v4,0.0.0.0,255.255.255.255,68,67,N/A,N/A,N/A,N/A,,,0
1759293296,any,370,N/A,IPv4,UDP,N/A,v4,0.0.0.0,255.255.255.255,68,67,N/A,N/A,N/A,N/A,,,0
1759293296,eth1,110,Ethernet,IPv6,ICMP,N/A,v6,fe80::a824:52ff:fe4f:69,ff02::179,N/A,N/A,N/A,N/A,N/A,N/A,,,0
1759293296,any,112,N/A,IPv6,ICMP,N/A,v6,fe80::a824:52ff:fe4f:69,ff02::179,N/A,N/A,N/A,N/A,N/A,N/A,,,0
1759293296,any,56,N/A,IPv4,N/A,N/A,v4,172.30.0.220,224.0.0.22,N/A,N/A,N/A,N/A,N/A,N/A,,,0
1759293296,eth0,54,Ethernet,IPv4,N/A,N/A,v4,172.30.0.220,224.0.0.22,N/A,N/A,N/A,N/A,N/A,N/A,,,0
1759293296,eth0,110,Ethernet,IPv6,ICMP,N/A,v6,fe80::5ca9:83ff:fe87:27,ff02::179,N/A,N/A,N/A,N/A,N/A,N/A,,,0
1759293296,eth0,54,Ethernet,IPv4,N/A,N/A,v4,172.30.0.220,224.0.0.22,N/A,N/A,N/A,N/A,N/A,N/A,,,0
1759293296,any,56,N/A,IPv4,N/A,N/A,v4,172.30.0.220,224.0.0.22,N/A,N/A,N/A,N/A,N/A,N/A,,,0
1759293296,eth0,42,Ethernet,N/A,N/A,N/A,N/A,N/A,N/A,N/A,N/A,N/A,N/A,N/A,N/A,,,0
1759293296,any,44,ARP,N/A,N/A,N/A,N/A,N/A,N/A,N/A,N/A,1,2048,172.30.0.220,172.30.0.122,,,0
1759293296,any,58,ARP,N/A,N/A,N/A,N/A,N/A,N/A,N/A,N/A,2,2048,172.30.0.122,172.30.0.220,,,0
1759293296,any,112,N/A,IPv6,ICMP,N/A,v6,fe80::7827:e3ff:fe68:239,ff02::179,N/A,N/A,N/A,N/A,N/A,N/A,,,1
1759293296,eth1,110,Ethernet,IPv6,ICMP,N/A,v6,fe80::7827:e3ff:fe68:239,ff02::179,N/A,N/A,N/A,N/A,N/A,N/A,,,1
1759293296,any,113,N/A,N/A,N/A,N/A,N/A,N/A,N/A,N/A,N/A,N/A,N/A,N/A,N/A,,,1
1759293296,eth0,111,Ethernet,N/A,N/A,N/A,N/A,N/A,N/A,N/A,N/A,N/A,N/A,N/A,N/A,,,1
1759293296,any,56,N/A,IPv4,N/A,N/A,v4,172.30.0.163,224.0.0.22,N/A,N/A,N/A,N/A,N/A,N/A,,,1
1759293296,eth0,54,Ethernet,IPv4,N/A,N/A,v4,172.30.0.163,224.0.0.22,N/A,N/A,N/A,N/A,N/A,N/A,,,1
1759293296,eth1,70,Ethernet,IPv6,ICMP,N/A,v6,fe80::780a:a9ff:fee6:89,ff02::204,N/A,N/A,N/A,N/A,N/A,N/A,,,1
1759293296,eth0,70,Ethernet,IPv6,ICMP,N/A,v6,fe80::b0b5:44ff:feea:219,ff02::204,N/A,N/A,N/A,N/A,N/A,N/A,,,1
1759293296,any,72,N/A,IPv6,ICMP,N/A,v6,fe80::b0b5:44ff:feea:219,ff02::204,N/A,N/A,N/A,N/A,N/A,N/A,,,1
1759293296,any,72,N/A,IPv6,ICMP,N/A,v6,fe80::780a:a9ff:fee6:89,ff02::204,N/A,N/A,N/A,N/A,N/A,N/A,,,1
1759293296,eth0,90,Ethernet,IPv6,ICMP,N/A,v6,fe80::e48e:99ff:fe5f:147,ff02::179,N/A,N/A,N/A,N/A,N/A,N/A,,,1
1759293296,eth0,54,Ethernet,IPv4,N/A,N/A,v4,172.30.0.220,224.0.0.22,N/A,N/A,N/A,N/A,N/A,N/A,,,1
1759293296,any,92,N/A,IPv6,ICMP,N/A,v6,fe80::e48e:99ff:fe5f:147,ff02::179,N/A,N/A,N/A,N/A,N/A,N/A,,,1
1759293296,eth0,90,Ethernet,IPv6,ICMP,N/A,v6,fe80::ecf9:eff:fefb:55,ff02::179,N/A,N/A,N/A,N/A,N/A,N/A,,,1
1759293296,eth0,56,Ethernet,IPv4,N/A,N/A,v4,172.30.0.89,224.0.0.22,N/A,N/A,N/A,N/A,N/A,N/A,,,1
1759293296,any,92,N/A,IPv6,ICMP,N/A,v6,fe80::ecf9:eff:fefb:55,ff02::179,N/A,N/A,N/A,N/A,N/A,N/A,,,1
1759293296,any,58,N/A,IPv4,N/A,N/A,v4,172.30.0.89,224.0.0.22,N/A,N/A,N/A,N/A,N/A,N/A,,,1
1759293296,eth0,54,Ethernet,IPv4,N/A,N/A,v4,172.30.0.23,224.0.0.22,N/A,N/A,N/A,N/A,N/A,N/A,,,1
1759293296,any,56,N/A,IPv4,N/A,N/A,v4,172.30.0.23,224.0.0.22,N/A,N/A,N/A,N/A,N/A,N/A,,,1
1759293296,eth0,360,Ethernet,IPv4,UDP,N/A,v4,0.0.0.0,255.255.255.255,68,67,N/A,N/A,N/A,N/A,,,1
1759293296,any,362,N/A,IPv4,UDP,N/A,v4,0.0.0.0,255.255.255.255,68,67,N/A,N/A,N/A,N/A,,,1
1759293296,eth0,372,Ethernet,IPv4,UDP,N/A,v4,0.0.0.0,255.255.255.255,68,67,N/A,N/A,N/A,N/A,,,1
1759293296,any,374,N/A,IPv4,UDP,N/A,v4,0.0.0.0,255.255.255.255,68,67,N/A,N/A,N/A,N/A,,,1
1759293296,eth2,110,Ethernet,IPv6,ICMP,N/A,v6,fe80::dcac:f9ff:fe59:60,ff02::179,N/A,N/A,N/A,N/A,N/A,N/A,,,1
1759293296,any,112,N/A,IPv6,ICMP,N/A,v6,fe80::f056:abff:fe65:143,ff02::179,N/A,N/A,N/A,N/A,N/A,N/A,,,1
1759293296,any,44,ARP,N/A,N/A,N/A,N/A,N/A,N/A,N/A,N/A,1,2048,172.30.0.220,172.30.0.122,,,1
1759293296,any,58,ARP,N/A,N/A,N/A,N/A,N/A,N/A,N/A,N/A,2,2048,172.30.0.122,172.30.0.220,,,1
1759293296,any,58,ARP,N/A,N/A,N/A,N/A,N/A,N/A,N/A,N/A,2,2048,172.30.0.122,172.30.0.220,,,1
1759293296,any,112,N/A,IPv6,ICMP,N/A,v6,fe80::e48e:99ff:fe5f:147,ff02::179,N/A,N/A,N/A,N/A,N/A,N/A,,,1
1759293296,eth1,110,Ethernet,IPv6,ICMP,N/A,v6,fe80::f056:abff:fe65:143,ff02::179,N/A,N/A,N/A,N/A,N/A,N/A,,,1
1759293296,eth0,42,Ethernet,N/A,N/A,N/A,N/A,N/A,N/A,N/A,N/A,N/A,N/A,N/A,N/A,,,1
1759293296,eth0,56,Ethernet,N/A,N/A,N/A,N/A,N/A,N/A,N/A,N/A,N/A,N/A,N/A,N/A,,,1
1759293296,eth0,56,Ethernet,N/A,N/A,N/A,N/A,N/A,N/A,N/A,N/A,N/A,N/A,N/A,N/A,,,1
1759293296,eth0,110,Ethernet,IPv6,ICMP,N/A,v6,fe80::e48e:99ff:fe5f:147,ff02::179,N/A,N/A,N/A,N/A,N/A,N/A,,,1
1759293296,eth0,54,Ethernet,IPv4,N/A,N/A,v4,172.30.0.220,224.0.0.22,N/A,N/A,N/A,N/A,N/A,N/A,,,1
1759293296,any,89,N/A,IPv6,UDP,N/A,v6,fe80::ecf9:eff:fefb:55,ff02::1:52,5355,5355,N/A,N/A,N/A,N/A,,,1
1759293296,eth0,87,Ethernet,IPv6,UDP,N/A,v6,fe80::ecf9:eff:fefb:55,ff02::1:52,5355,5355,N/A,N/A,N/A,N/A,,,1
1759293296,eth0,356,Ethernet,IPv4,UDP,N/A,v4,0.0.0.0,255.255.255.255,68,67,N/A,N/A,N/A,N/A,,,1
1759293296,any,358,N/A,IPv4,UDP,N/A,v4,0.0.0.0,255.255.255.255,68,67,N/A,N/A,N/A,N/A,,,1
1759293296,any,370,N/A,IPv4,UDP,N/A,v4,0.0.0.0,255.255.255.255,68,67,N/A,N/A,N/A,N/A,,,1
1759293296,eth0,368,Ethernet,IPv4,UDP,N/A,v4,0.0.0.0,255.255.255.255,68,67,N/A,N/A,N/A,N/A,,,1
1759293296,any,112,N/A,IPv6,ICMP,N/A,v6,fe80::103b:bdff:fef0:169,ff02::179,N/A,N/A,N/A,N/A,N/A,N/A,,,1
1759293296,eth1,110,Ethernet,IPv6,ICMP,N/A,v6,fe80::103b:bdff:fef0:169,ff02::179,N/A,N/A,N/A,N/A,N/A,N/A,,,1
1759293296,any,58,N/A,IPv4,N/A,N/A,v4,172.30.0.89,224.0.0.22,N/A,N/A,N/A,N/A,N/A,N/A,,,1
1759293296,eth0,56,Ethernet,IPv4,N/A,N/A,v4,172.30.0.89,224.0.0.22,N/A,N/A,N/A,N/A,N/A,N/A,,,1
1759293296,any,112,N/A,IPv6,ICMP,N/A,v6,fe80::ecf9:eff:fefb:55,ff02::179,N/A,N/A,N/A,N/A,N/A,N/A,,,1
1759293296,eth0,110,Ethernet,IPv6,ICMP,N/A,v6,fe80::ecf9:eff:fefb:55,ff02::179,N/A,N/A,N/A,N/A,N/A,N/A,,,1
1759293296,eth0,56,Ethernet,N/A,N/A,N/A,N/A,N/A,N/A,N/A,N/A,N/A,N/A,N/A,N/A,,,1
1759293296,any,58,ARP,N/A,N/A,N/A,N/A,N/A,N/A,N/A,N/A,1,2048,172.30.0.89,172.30.0.122,,,1
1759293296,eth0,70,Ethernet,IPv6,ICMP,N/A,v6,fe80::24f1:23ff:fe29:66,ff02::204,N/A,N/A,N/A,N/A,N/A,N/A,,,1
1759293296,eth1,70,Ethernet,IPv6,ICMP,N/A,v6,fe80::7827:e3ff:fe68:239,ff02::204,N/A,N/A,N/A,N/A,N/A,N/A,,,1
1759293296,any,72,N/A,IPv6,ICMP,N/A,v6,fe80::24f1:23ff:fe29:66,ff02::204,N/A,N/A,N/A,N/A,N/A,N/A,,,1
1759293296,any,112,N/A,IPv6,ICMP,N/A,v6,fe80::24f1:23ff:fe29:66,ff02::179,N/A,N/A,N/A,N/A,N/A,N/A,,,1
1759293296,eth0,110,Ethernet,IPv6,ICMP,N/A,v6,fe80::24f1:23ff:fe29:66,ff02::179,N/A,N/A,N/A,N/A,N/A,N/A,,,1
1759293296,eth0,54,Ethernet,IPv4,N/A,N/A,v4,172.30.0.220,224.0.0.22,N/A,N/A,N/A,N/A,N/A,N/A,,,1
1759293296,any,56,N/A,IPv4,N/A,N/A,v4,172.30.0.220,224.0.0.22,N/A,N/A,N/A,N/A,N/A,N/A,,,1
1759293296,any,58,N/A,IPv4,N/A,N/A,v4,172.30.0.89,224.0.0.22,N/A,N/A,N/A,N/A,N/A,N/A,,,1
1759293296,eth0,56,Ethernet,IPv4,N/A,N/A,v4,172.30.0.89,224.0.0.22,N/A,N/A,N/A,N/A,N/A,N/A,,,1
1759293296,eth0,56,Ethernet,N/A,N/A,N/A,N/A,N/A,N/A,N/A,N/A,N/A,N/A,N/A,N/A,,,0
1759293296,eth0,56,Ethernet,N/A,N/A,N/A,N/A,N/A,N/A,N/A,N/A,N/A,N/A,N/A,N/A,,,0
1759293296,any,112,N/A,IPv6,ICMP,N/A,v6,fe80::a824:52ff:fe4f:69,ff02::179,N/A,N/A,N/A,N/A,N/A,N/A,,,0
1759293296,eth1,110,Ethernet,IPv6,ICMP,N/A,v6,fe80::a824:52ff:fe4f:69,ff02::179,N/A,N/A,N/A,N/A,N/A,N/A,,,0
1759293297,any,112,N/A,IPv6,ICMP,N/A,v6,fe80::dcac:f9ff:fe59:60,ff02::179,N/A,N/A,N/A,N/A,N/A,N/A,,,1
1759293297,eth2,110,Ethernet,IPv6,ICMP,N/A,v6,fe80::dcac:f9ff:fe59:60,ff02::179,N/A,N/A,N/A,N/A,N/A,N/A,,,1
1759293297,eth0,110,Ethernet,IPv6,ICMP,N/A,v6,fe80::e48e:99ff:fe5f:147,ff02::179,N/A,N/A,N/A,N/A,N/A,N/A,,,1
1759293297,any,112,N/A,IPv6,ICMP,N/A,v6,fe80::e48e:99ff:fe5f:147,ff02::179,N/A,N/A,N/A,N/A,N/A,N/A,,,1
1759293297,any,112,N/A,IPv6,ICMP,N/A,v6,fe80::103b:bdff:fef0:169,ff02::179,N/A,N/A,N/A,N/A,N/A,N/A,,,1
1759293297,eth1,110,Ethernet,IPv6,ICMP,N/A,v6,fe80::103b:bdff:fef0:169,ff02::179,N/A,N/A,N/A,N/A,N/A,N/A,,,1
1759293297,eth0,70,Ethernet,IPv6,ICMP,N/A,v6,fe80::ecf9:eff:fefb:55,ff02::204,N/A,N/A,N/A,N/A,N/A,N/A,,,1
1759293297,any,72,N/A,IPv6,ICMP,N/A,v6,fe80::ecf9:eff:fefb:55,ff02::204,N/A,N/A,N/A,N/A,N/A,N/A,,,1
1759293297,eth1,70,Ethernet,IPv6,ICMP,N/A,v6,fe80::103b:bdff:fef0:169,ff02::204,N/A,N/A,N/A,N/A,N/A,N/A,,,1
1759293297,any,72,N/A,IPv6,ICMP,N/A,v6,fe80::103b:bdff:fef0:169,ff02::204,N/A,N/A,N/A,N/A,N/A,N/A,,,1
1759293297,eth1,110,Ethernet,IPv6,ICMP,N/A,v6,fe80::f056:abff:fe65:143,ff02::179,N/A,N/A,N/A,N/A,N/A,N/A,,,1
1759293297,any,112,N/A,IPv6,ICMP,N/A,v6,fe80::f056:abff:fe65:143,ff02::179,N/A,N/A,N/A,N/A,N/A,N/A,,,1
1759293297,eth0,110,Ethernet,IPv6,ICMP,N/A,v6,fe80::ecf9:eff:fefb:55,ff02::179,N/A,N/A,N/A,N/A,N/A,N/A,,,1
1759293297,any,112,N/A,IPv6,ICMP,N/A,v6,fe80::ecf9:eff:fefb:55,ff02::179,N/A,N/A,N/A,N/A,N/A,N/A,,,1
1759293297,any,72,N/A,IPv6,ICMP,N/A,v6,fe80::dcac:f9ff:fe59:60,ff02::204,N/A,N/A,N/A,N/A,N/A,N/A,,,1
1759293297,eth2,70,Ethernet,IPv6,ICMP,N/A,v6,fe80::dcac:f9ff:fe59:60,ff02::204,N/A,N/A,N/A,N/A,N/A,N/A,,,1
1759293297,eth1,70,Ethernet,IPv6,ICMP,N/A,v6,fe80::f056:abff:fe65:143,ff02::204,N/A,N/A,N/A,N/A,N/A,N/A,,,1
1759293297,eth0,111,Ethernet,N/A,N/A,N/A,N/A,N/A,N/A,N/A,N/A,N/A,N/A,N/A,N/A,,,1
1759293297,eth0,70,Ethernet,IPv6,ICMP,N/A,v6,fe80::e48e:99ff:fe5f:147,ff02::204,N/A,N/A,N/A,N/A,N/A,N/A,,,1
1759293297,eth0,110,Ethernet,IPv6,ICMP,N/A,v6,fe80::5ca9:83ff:fe87:27,ff02::179,N/A,N/A,N/A,N/A,N/A,N/A,,,0
1759293297,any,112,N/A,IPv6,ICMP,N/A,v6,fe80::5ca9:83ff:fe87:27,ff02::179,N/A,N/A,N/A,N/A,N/A,N/A,,,0
1759293297,any,72,N/A,IPv6,ICMP,N/A,v6,fe80::a824:52ff:fe4f:69,ff02::204,N/A,N/A,N/A,N/A,N/A,N/A,,,0
1759293297,eth1,70,Ethernet,IPv6,ICMP,N/A,v6,fe80::a824:52ff:fe4f:69,ff02::204,N/A,N/A,N/A,N/A,N/A,N/A,,,0
1759293297,eth0,70,Ethernet,IPv6,ICMP,N/A,v6,fe80::5ca9:83ff:fe87:27,ff02::204,N/A,N/A,N/A,N/A,N/A,N/A,,,0
1759293297,any,109,N/A,N/A,N/A,N/A,N/A,N/A,N/A,N/A,N/A,N/A,N/A,N/A,N/A,,,0
1759293297,eth0,107,Ethernet,N/A,N/A,N/A,N/A,N/A,N/A,N/A,N/A,N/A,N/A,N/A,N/A,,,0
1759293298,any,308,N/A,IPv4,TCP,N/A,v4,10.10.10.109,10.10.10.68,1337,55078,N/A,N/A,N/A,N/A,,,1
1759293298,eth1,306,Ethernet,IPv4,TCP,N/A,v4,10.10.10.109,10.10.10.68,1337,55078,N/A,N/A,N/A,N/A,,,1
1759293298,eth1,66,Ethernet,IPv4,TCP,N/A,v4,10.10.10.68,10.10.10.109,55078,1337,N/A,N/A,N/A,N/A,,,1
1759293298,eth1,326,Ethernet,IPv4,TCP,N/A,v4,10.10.10.68,10.10.10.109,55078,1337,N/A,N/A,N/A,N/A,,,1
1759293298,any,328,N/A,IPv4,TCP,N/A,v4,10.10.10.68,10.10.10.109,55078,1337,N/A,N/A,N/A,N/A,,,1
1759293298,any,68,N/A,IPv4,TCP,N/A,v4,10.10.10.109,10.10.10.68,1337,55078,N/A,N/A,N/A,N/A,,,1
1759293298,any,200,N/A,IPv4,TCP,N/A,v4,10.10.10.68,10.10.10.109,55078,1337,N/A,N/A,N/A,N/A,,,1
1759293298,eth1,66,Ethernet,IPv4,TCP,N/A,v4,10.10.10.109,10.10.10.68,1337,55078,N/A,N/A,N/A,N/A,,,1
1759293298,eth1,198,Ethernet,IPv4,TCP,N/A,v4,10.10.10.68,10.10.10.109,55078,1337,N/A,N/A,N/A,N/A,,,1
1759293298,any,68,N/A,IPv4,TCP,N/A,v4,10.10.10.109,10.10.10.68,1337,55078,N/A,N/A,N/A,N/A,,,1
1759293298,eth1,66,Ethernet,IPv4,TCP,N/A,v4,10.10.10.109,10.10.10.68,1337,55078,N/A,N/A,N/A,N/A,,,1
1759293298,eth0,111,Ethernet,N/A,N/A,N/A,N/A,N/A,N/A,N/A,N/A,N/A,N/A,N/A,N/A,,,1
1759293298,any,113,N/A,N/A,N/A,N/A,N/A,N/A,N/A,N/A,N/A,N/A,N/A,N/A,N/A,,,1
1759293299,any,92,N/A,IPv6,ICMP,N/A,v6,fe80::b0b5:44ff:feea:219,ff02::179,N/A,N/A,N/A,N/A,N/A,N/A,,,1
1759293299,eth0,90,Ethernet,IPv6,ICMP,N/A,v6,fe80::b0b5:44ff:feea:219,ff02::179,N/A,N/A,N/A,N/A,N/A,N/A,,,1
1759293299,eth0,54,Ethernet,IPv4,N/A,N/A,v4,172.30.0.163,224.0.0.22,N/A,N/A,N/A,N/A,N/A,N/A,,,1
1759293299,any,90,N/A,IPv6,UDP,N/A,v6,fe80::b0b5:44ff:feea:219,ff02::1:52,5355,5355,N/A,N/A,N/A,N/A,,,1
1759293299,eth0,88,Ethernet,IPv6,UDP,N/A,v6,fe80::b0b5:44ff:feea:219,ff02::1:52,5355,5355,N/A,N/A,N/A,N/A,,,1
1759293299,eth0,357,Ethernet,IPv4,UDP,N/A,v4,0.0.0.0,255.255.255.255,68,67,N/A,N/A,N/A,N/A,,,1
1759293299,any,359,N/A,IPv4,UDP,N/A,v4,0.0.0.0,255.255.255.255,68,67,N/A,N/A,N/A,N/A,,,1
1759293299,eth0,369,Ethernet,IPv4,UDP,N/A,v4,0.0.0.0,255.255.255.255,68,67,N/A,N/A,N/A,N/A,,,1
1759293299,any,371,N/A,IPv4,UDP,N/A,v4,0.0.0.0,255.255.255.255,68,67,N/A,N/A,N/A,N/A,,,1
1759293299,any,112,N/A,IPv6,ICMP,N/A,v6,fe80::780a:a9ff:fee6:89,ff02::179,N/A,N/A,N/A,N/A,N/A,N/A,,,1
1759293299,eth1,110,Ethernet,IPv6,ICMP,N/A,v6,fe80::780a:a9ff:fee6:89,ff02::179,N/A,N/A,N/A,N/A,N/A,N/A,,,1
1759293299,eth0,110,Ethernet,IPv6,ICMP,N/A,v6,fe80::b0b5:44ff:feea:219,ff02::179,N/A,N/A,N/A,N/A,N/A,N/A,,,1
1759293299,eth0,54,Ethernet,IPv4,N/A,N/A,v4,172.30.0.163,224.0.0.22,N/A,N/A,N/A,N/A,N/A,N/A,,,1
1759293299,any,112,N/A,IPv6,ICMP,N/A,v6,fe80::b0b5:44ff:feea:219,ff02::179,N/A,N/A,N/A,N/A,N/A,N/A,,,1
1759293299,eth0,42,Ethernet,N/A,N/A,N/A,N/A,N/A,N/A,N/A,N/A,N/A,N/A,N/A,N/A,,,1
1759293299,any,44,ARP,N/A,N/A,N/A,N/A,N/A,N/A,N/A,N/A,1,2048,172.30.0.163,172.30.0.122,,,1
1759293299,eth0,54,Ethernet,IPv4,N/A,N/A,v4,172.30.0.163,224.0.0.22,N/A,N/A,N/A,N/A,N/A,N/A,,,1
1759293299,any,56,N/A,IPv4,N/A,N/A,v4,172.30.0.163,224.0.0.22,N/A,N/A,N/A,N/A,N/A,N/A,,,1
1759293299,eth0,90,Ethernet,IPv6,ICMP,N/A,v6,fe80::24f1:23ff:fe29:66,ff02::179,N/A,N/A,N/A,N/A,N/A,N/A,,,1
1759293299,eth0,54,Ethernet,IPv4,N/A,N/A,v4,172.30.0.23,224.0.0.22,N/A,N/A,N/A,N/A,N/A,N/A,,,1
1759293299,any,92,N/A,IPv6,ICMP,N/A,v6,fe80::24f1:23ff:fe29:66,ff02::179,N/A,N/A,N/A,N/A,N/A,N/A,,,1
1759293299,any,56,N/A,IPv4,N/A,N/A,v4,172.30.0.23,224.0.0.22,N/A,N/A,N/A,N/A,N/A,N/A,,,1
1759293299,any,89,N/A,IPv6,UDP,N/A,v6,fe80::24f1:23ff:fe29:66,ff02::1:52,5355,5355,N/A,N/A,N/A,N/A,,,1
1759293299,eth0,87,Ethernet,IPv6,UDP,N/A,v6,fe80::24f1:23ff:fe29:66,ff02::1:52,5355,5355,N/A,N/A,N/A,N/A,,,1
1759293299,eth0,356,Ethernet,IPv4,UDP,N/A,v4,0.0.0.0,255.255.255.255,68,67,N/A,N/A,N/A,N/A,,,1
1759293299,any,358,N/A,IPv4,UDP,N/A,v4,0.0.0.0,255.255.255.255,68,67,N/A,N/A,N/A,N/A,,,1
1759293299,any,370,N/A,IPv4,UDP,N/A,v4,0.0.0.0,255.255.255.255,68,67,N/A,N/A,N/A,N/A,,,1
1759293299,eth0,368,Ethernet,IPv4,UDP,N/A,v4,0.0.0.0,255.255.255.255,68,67,N/A,N/A,N/A,N/A,,,1
1759293299,eth0,42,Ethernet,N/A,N/A,N/A,N/A,N/A,N/A,N/A,N/A,N/A,N/A,N/A,N/A,,,1
1759293299,eth1,110,Ethernet,IPv6,ICMP,N/A,v6,fe80::7827:e3ff:fe68:239,ff02::179,N/A,N/A,N/A,N/A,N/A,N/A,,,1
1759293299,any,112,N/A,IPv6,ICMP,N/A,v6,fe80::7827:e3ff:fe68:239,ff02::179,N/A,N/A,N/A,N/A,N/A,N/A,,,1
1759293299,eth0,110,Ethernet,IPv6,ICMP,N/A,v6,fe80::24f1:23ff:fe29:66,ff02::179,N/A,N/A,N/A,N/A,N/A,N/A,,,1
1759293299,eth0,54,Ethernet,IPv4,N/A,N/A,v4,172.30.0.23,224.0.0.22,N/A,N/A,N/A,N/A,N/A,N/A,,,1
1759293299,any,112,N/A,IPv6,ICMP,N/A,v6,fe80::24f1:23ff:fe29:66,ff02::179,N/A,N/A,N/A,N/A,N/A,N/A,,,1
1759293299,any,112,N/A,IPv6,ICMP,N/A,v6,fe80::b0b5:44ff:feea:219,ff02::179,N/A,N/A,N/A,N/A,N/A,N/A,,,1
1759293299,any,109,N/A,N/A,N/A,N/A,N/A,N/A,N/A,N/A,N/A,N/A,N/A,N/A,N/A,,,0
1759293299,eth0,107,Ethernet,N/A,N/A,N/A,N/A,N/A,N/A,N/A,N/A,N/A,N/A,N/A,N/A,,,0
1759293299,eth0,110,Ethernet,IPv6,ICMP,N/A,v6,fe80::b0b5:44ff:feea:219,ff02::179,N/A,N/A,N/A,N/A,N/A,N/A,,,1
1759293300,eth0,107,Ethernet,N/A,N/A,N/A,N/A,N/A,N/A,N/A,N/A,N/A,N/A,N/A,N/A,,,0
1759293300,any,109,N/A,N/A,N/A,N/A,N/A,N/A,N/A,N/A,N/A,N/A,N/A,N/A,N/A,,,0
1759293300,any,113,N/A,N/A,N/A,N/A,N/A,N/A,N/A,N/A,N/A,N/A,N/A,N/A,N/A,,,1
1759293300,eth0,111,Ethernet,N/A,N/A,N/A,N/A,N/A,N/A,N/A,N/A,N/A,N/A,N/A,N/A,,,1
1759293300,any,112,N/A,IPv6,ICMP,N/A,v6,fe80::7827:e3ff:fe68:239,ff02::179,N/A,N/A,N/A,N/A,N/A,N/A,,,1
1759293300,eth1,110,Ethernet,IPv6,ICMP,N/A,v6,fe80::7827:e3ff:fe68:239,ff02::179,N/A,N/A,N/A,N/A,N/A,N/A,,,1
1759293300,eth0,54,Ethernet,IPv4,N/A,N/A,v4,172.30.0.23,224.0.0.22,N/A,N/A,N/A,N/A,N/A,N/A,,,1
1759293300,any,56,N/A,IPv4,N/A,N/A,v4,172.30.0.23,224.0.0.22,N/A,N/A,N/A,N/A,N/A,N/A,,,1
1759293300,any,112,N/A,IPv6,ICMP,N/A,v6,fe80::780a:a9ff:fee6:89,ff02::179,N/A,N/A,N/A,N/A,N/A,N/A,,,1
1759293300,eth1,110,Ethernet,IPv6,ICMP,N/A,v6,fe80::780a:a9ff:fee6:89,ff02::179,N/A,N/A,N/A,N/A,N/A,N/A,,,1
1759293300,any,72,N/A,IPv6,ICMP,N/A,v6,fe80::780a:a9ff:fee6:89,ff02::204,N/A,N/A,N/A,N/A,N/A,N/A,,,1
1759293300,eth1,70,Ethernet,IPv6,ICMP,N/A,v6,fe80::780a:a9ff:fee6:89,ff02::204,N/A,N/A,N/A,N/A,N/A,N/A,,,1
1759293300,eth0,70,Ethernet,IPv6,ICMP,N/A,v6,fe80::b0b5:44ff:feea:219,ff02::204,N/A,N/A,N/A,N/A,N/A,N/A,,,1
1759293300,eth0,110,Ethernet,IPv6,ICMP,N/A,v6,fe80::24f1:23ff:fe29:66,ff02::179,N/A,N/A,N/A,N/A,N/A,N/A,,,1
1759293300,any,112,N/A,IPv6,ICMP,N/A,v6,fe80::24f1:23ff:fe29:66,ff02::179,N/A,N/A,N/A,N/A,N/A,N/A,,,1
1759293301,eth0,107,Ethernet,N/A,N/A,N/A,N/A,N/A,N/A,N/A,N/A,N/A,N/A,N/A,N/A,,,0
1759293301,any,109,N/A,N/A,N/A,N/A,N/A,N/A,N/A,N/A,N/A,N/A,N/A,N/A,N/A,,,0
1759293301,eth0,70,Ethernet,IPv6,ICMP,N/A,v6,fe80::5ca9:83ff:fe87:27,ff02::204,N/A,N/A,N/A,N/A,N/A,N/A,,,0
1759293301,any,72,N/A,IPv6,ICMP,N/A,v6,fe80::5ca9:83ff:fe87:27,ff02::204,N/A,N/A,N/A,N/A,N/A,N/A,,,0
1759293301,any,72,N/A,IPv6,ICMP,N/A,v6,fe80::a824:52ff:fe4f:69,ff02::204,N/A,N/A,N/A,N/A,N/A,N/A,,,0
1759293301,eth1,70,Ethernet,IPv6,ICMP,N/A,v6,fe80::a824:52ff:fe4f:69,ff02::204,N/A,N/A,N/A,N/A,N/A,N/A,,,0
1759293301,eth0,90,Ethernet,IPv6,ICMP,N/A,v6,fe80::5ca9:83ff:fe87:27,ff02::179,N/A,N/A,N/A,N/A,N/A,N/A,,,0
1759293301,eth0,54,Ethernet,IPv4,N/A,N/A,v4,172.30.0.220,224.0.0.22,N/A,N/A,N/A,N/A,N/A,N/A,,,0
1759293301,any,92,N/A,IPv6,ICMP,N/A,v6,fe80::5ca9:83ff:fe87:27,ff02::179,N/A,N/A,N/A,N/A,N/A,N/A,,,0
1759293301,eth0,87,Ethernet,IPv6,UDP,N/A,v6,fe80::5ca9:83ff:fe87:27,ff02::1:52,5355,5355,N/A,N/A,N/A,N/A,,,0
1759293301,any,72,N/A,IPv6,ICMP,N/A,v6,fe80::24f1:23ff:fe29:66,ff02::204,N/A,N/A,N/A,N/A,N/A,N/A,,,1
1759293301,eth0,70,Ethernet,IPv6,ICMP,N/A,v6,fe80::24f1:23ff:fe29:66,ff02::204,N/A,N/A,N/A,N/A,N/A,N/A,,,1
1759293301,any,72,N/A,IPv6,ICMP,N/A,v6,fe80::7827:e3ff:fe68:239,ff02::204,N/A,N/A,N/A,N/A,N/A,N/A,,,1
1759293301,eth1,70,Ethernet,IPv6,ICMP,N/A,v6,fe80::7827:e3ff:fe68:239,ff02::204,N/A,N/A,N/A,N/A,N/A,N/A,,,1
1759293301,any,72,N/A,IPv6,ICMP,N/A,v6,fe80::ecf9:eff:fefb:55,ff02::204,N/A,N/A,N/A,N/A,N/A,N/A,,,1
1759293301,eth0,70,Ethernet,IPv6,ICMP,N/A,v6,fe80::ecf9:eff:fefb:55,ff02::204,N/A,N/A,N/A,N/A,N/A,N/A,,,1
1759293301,eth0,111,Ethernet,N/A,N/A,N/A,N/A,N/A,N/A,N/A,N/A,N/A,N/A,N/A,N/A,,,1
1759293301,eth0,70,Ethernet,IPv6,ICMP,N/A,v6,fe80::e48e:99ff:fe5f:147,ff02::204,N/A,N/A,N/A,N/A,N/A,N/A,,,1
1759293301,any,113,N/A,N/A,N/A,N/A,N/A,N/A,N/A,N/A,N/A,N/A,N/A,N/A,N/A,,,1
1759293301,eth1,70,Ethernet,IPv6,ICMP,N/A,v6,fe80::103b:bdff:fef0:169,ff02::204,N/A,N/A,N/A,N/A,N/A,N/A,,,1
1759293301,any,72,N/A,IPv6,ICMP,N/A,v6,fe80::103b:bdff:fef0:169,ff02::204,N/A,N/A,N/A,N/A,N/A,N/A,,,1
1759293301,eth0,90,Ethernet,IPv6,ICMP,N/A,v6,fe80::e48e:99ff:fe5f:147,ff02::179,N/A,N/A,N/A,N/A,N/A,N/A,,,1
1759293301,eth0,54,Ethernet,IPv4,N/A,N/A,v4,172.30.0.220,224.0.0.22,N/A,N/A,N/A,N/A,N/A,N/A,,,1
1759293301,any,92,N/A,IPv6,ICMP,N/A,v6,fe80::e48e:99ff:fe5f:147,ff02::179,N/A,N/A,N/A,N/A,N/A,N/A,,,1
1759293301,eth0,90,Ethernet,IPv6,ICMP,N/A,v6,fe80::ecf9:eff:fefb:55,ff02::179,N/A,N/A,N/A,N/A,N/A,N/A,,,1
1759293301,eth0,56,Ethernet,IPv4,N/A,N/A,v4,172.30.0.89,224.0.0.22,N/A,N/A,N/A,N/A,N/A,N/A,,,1
1759293301,any,92,N/A,IPv6,ICMP,N/A,v6,fe80::ecf9:eff:fefb:55,ff02::179,N/A,N/A,N/A,N/A,N/A,N/A,,,1
1759293301,any,58,N/A,IPv4,N/A,N/A,v4,172.30.0.89,224.0.0.22,N/A,N/A,N/A,N/A,N/A,N/A,,,1
1759293301,eth0,71,Ethernet,IPv4,UDP,N/A,v4,172.30.0.220,224.0.0.252,5355,5355,N/A,N/A,N/A,N/A,,,1
1759293301,any,73,N/A,IPv4,UDP,N/A,v4,172.30.0.220,224.0.0.252,5355,5355,N/A,N/A,N/A,N/A,,,1
1759293301,eth0,87,Ethernet,IPv6,UDP,N/A,v6,fe80::ecf9:eff:fefb:55,ff02::1:52,5355,5355,N/A,N/A,N/A,N/A,,,1
1759293301,any,89,N/A,IPv6,UDP,N/A,v6,fe80::ecf9:eff:fefb:55,ff02::1:52,5355,5355,N/A,N/A,N/A,N/A,,,1
1759293301,eth0,360,Ethernet,IPv4,UDP,N/A,v4,0.0.0.0,255.255.255.255,68,67,N/A,N/A,N/A,N/A,,,1
1759293301,any,362,N/A,IPv4,UDP,N/A,v4,0.0.0.0,255.255.255.255,68,67,N/A,N/A,N/A,N/A,,,1
1759293301,eth0,372,Ethernet,IPv4,UDP,N/A,v4,0.0.0.0,255.255.255.255,68,67,N/A,N/A,N/A,N/A,,,1
1759293301,any,374,N/A,IPv4,UDP,N/A,v4,0.0.0.0,255.255.255.255,68,67,N/A,N/A,N/A,N/A,,,1
1759293301,eth2,110,Ethernet,IPv6,ICMP,N/A,v6,fe80::dcac:f9ff:fe59:60,ff02::179,N/A,N/A,N/A,N/A,N/A,N/A,,,1
1759293301,any,112,N/A,IPv6,ICMP,N/A,v6,fe80::dcac:f9ff:fe59:60,ff02::179,N/A,N/A,N/A,N/A,N/A,N/A,,,1
1759293301,eth1,110,Ethernet,IPv6,ICMP,N/A,v6,fe80::f056:abff:fe65:143,ff02::179,N/A,N/A,N/A,N/A,N/A,N/A,,,1
1759293301,any,112,N/A,IPv6,ICMP,N/A,v6,fe80::f056:abff:fe65:143,ff02::179,N/A,N/A,N/A,N/A,N/A,N/A,,,1
1759293301,eth0,110,Ethernet,IPv6,ICMP,N/A,v6,fe80::e48e:99ff:fe5f:147,ff02::179,N/A,N/A,N/A,N/A,N/A,N/A,,,1
1759293301,eth0,54,Ethernet,IPv4,N/A,N/A,v4,172.30.0.220,224.0.0.22,N/A,N/A,N/A,N/A,N/A,N/A,,,1
1759293301,any,112,N/A,IPv6,ICMP,N/A,v6,fe80::e48e:99ff:fe5f:147,ff02::179,N/A,N/A,N/A,N/A,N/A,N/A,,,1
1759293301,eth0,356,Ethernet,IPv4,UDP,N/A,v4,0.0.0.0,255.255.255.255,68,67,N/A,N/A,N/A,N/A,,,1
1759293301,eth0,368,Ethernet,IPv4,UDP,N/A,v4,0.0.0.0,255.255.255.255,68,67,N/A,N/A,N/A,N/A,,,1
1759293301,any,358,N/A,IPv4,UDP,N/A,v4,0.0.0.0,255.255.255.255,68,67,N/A,N/A,N/A,N/A,,,1
1759293301,any,89,N/A,IPv6,UDP,N/A,v6,fe80::5ca9:83ff:fe87:27,ff02::1:52,5355,5355,N/A,N/A,N/A,N/A,,,0
1759293301,eth0,356,Ethernet,IPv4,UDP,N/A,v4,0.0.0.0,255.255.255.255,68,67,N/A,N/A,N/A,N/A,,,0
1759293301,any,358,N/A,IPv4,UDP,N/A,v4,0.0.0.0,255.255.255.255,68,67,N/A,N/A,N/A,N/A,,,0
1759293301,eth0,368,Ethernet,IPv4,UDP,N/A,v4,0.0.0.0,255.255.255.255,68,67,N/A,N/A,N/A,N/A,,,0
1759293301,any,370,N/A,IPv4,UDP,N/A,v4,0.0.0.0,255.255.255.255,68,67,N/A,N/A,N/A,N/A,,,0
1759293301,eth1,110,Ethernet,IPv6,ICMP,N/A,v6,fe80::a824:52ff:fe4f:69,ff02::179,N/A,N/A,N/A,N/A,N/A,N/A,,,0
1759293301,any,112,N/A,IPv6,ICMP,N/A,v6,fe80::a824:52ff:fe4f:69,ff02::179,N/A,N/A,N/A,N/A,N/A,N/A,,,0
1759293301,eth0,110,Ethernet,IPv6,ICMP,N/A,v6,fe80::5ca9:83ff:fe87:27,ff02::179,N/A,N/A,N/A,N/A,N/A,N/A,,,0
1759293301,eth0,54,Ethernet,IPv4,N/A,N/A,v4,172.30.0.220,224.0.0.22,N/A,N/A,N/A,N/A,N/A,N/A,,,0
1759293301,any,112,N/A,IPv6,ICMP,N/A,v6,fe80::5ca9:83ff:fe87:27,ff02::179,N/A,N/A,N/A,N/A,N/A,N/A,,,0
1759293301,eth0,42,Ethernet,N/A,N/A,N/A,N/A,N/A,N/A,N/A,N/A,N/A,N/A,N/A,N/A,,,0
1759293301,eth0,56,Ethernet,N/A,N/A,N/A,N/A,N/A,N/A,N/A,N/A,N/A,N/A,N/A,N/A,,,0
1759293301,eth0,56,Ethernet,N/A,N/A,N/A,N/A,N/A,N/A,N/A,N/A,N/A,N/A,N/A,N/A,,,0
1759293301,any,44,ARP,N/A,N/A,N/A,N/A,N/A,N/A,N/A,N/A,1,2048,172.30.0.220,172.30.0.122,,,0
1759293301,any,58,ARP,N/A,N/A,N/A,N/A,N/A,N/A,N/A,N/A,2,2048,172.30.0.122,172.30.0.220,,,0
1759293301,any,56,N/A,IPv4,N/A,N/A,v4,172.30.0.220,224.0.0.22,N/A,N/A,N/A,N/A,N/A,N/A,,,0
1759293301,eth0,54,Ethernet,IPv4,N/A,N/A,v4,172.30.0.220,224.0.0.22,N/A,N/A,N/A,N/A,N/A,N/A,,,0
1759293301,eth1,110,Ethernet,IPv6,ICMP,N/A,v6,fe80::a824:52ff:fe4f:69,ff02::179,N/A,N/A,N/A,N/A,N/A,N/A,,,0
1759293301,any,58,ARP,N/A,N/A,N/A,N/A,N/A,N/A,N/A,N/A,2,2048,172.30.0.122,172.30.0.220,,,1
1759293301,any,112,N/A,IPv6,ICMP,N/A,v6,fe80::103b:bdff:fef0:169,ff02::179,N/A,N/A,N/A,N/A,N/A,N/A,,,1
1759293301,eth0,42,Ethernet,N/A,N/A,N/A,N/A,N/A,N/A,N/A,N/A,N/A,N/A,N/A,N/A,,,1
1759293301,eth0,56,Ethernet,N/A,N/A,N/A,N/A,N/A,N/A,N/A,N/A,N/A,N/A,N/A,N/A,,,1
1759293301,eth1,110,Ethernet,IPv6,ICMP,N/A,v6,fe80::103b:bdff:fef0:169,ff02::179,N/A,N/A,N/A,N/A,N/A,N/A,,,1
1759293301,eth0,56,Ethernet,IPv4,N/A,N/A,v4,172.30.0.89,224.0.0.22,N/A,N/A,N/A,N/A,N/A,N/A,,,1
1759293301,eth0,56,Ethernet,N/A,N/A,N/A,N/A,N/A,N/A,N/A,N/A,N/A,N/A,N/A,N/A,,,1
1759293301,any,58,ARP,N/A,N/A,N/A,N/A,N/A,N/A,N/A,N/A,1,2048,172.30.0.89,172.30.0.122,,,1
1759293301,any,112,N/A,IPv6,ICMP,N/A,v6,fe80::ecf9:eff:fefb:55,ff02::179,N/A,N/A,N/A,N/A,N/A,N/A,,,1
1759293301,eth0,110,Ethernet,IPv6,ICMP,N/A,v6,fe80::ecf9:eff:fefb:55,ff02::179,N/A,N/A,N/A,N/A,N/A,N/A,,,1
1759293301,any,56,N/A,IPv4,N/A,N/A,v4,172.30.0.220,224.0.0.22,N/A,N/A,N/A,N/A,N/A,N/A,,,1
1759293301,eth0,54,Ethernet,IPv4,N/A,N/A,v4,172.30.0.220,224.0.0.22,N/A,N/A,N/A,N/A,N/A,N/A,,,1
1759293301,any,112,N/A,IPv6,ICMP,N/A,v6,fe80::103b:bdff:fef0:169,ff02::179,N/A,N/A,N/A,N/A,N/A,N/A,,,1
1759293301,eth1,110,Ethernet,IPv6,ICMP,N/A,v6,fe80::103b:bdff:fef0:169,ff02::179,N/A,N/A,N/A,N/A,N/A,N/A,,,1
1759293301,eth0,56,Ethernet,IPv4,N/A,N/A,v4,172.30.0.89,224.0.0.22,N/A,N/A,N/A,N/A,N/A,N/A,,,1
1759293301,any,58,N/A,IPv4,N/A,N/A,v4,172.30.0.89,224.0.0.22,N/A,N/A,N/A,N/A,N/A,N/A,,,1
1759293302,eth0,110,Ethernet,IPv6,ICMP,N/A,v6,fe80::5ca9:83ff:fe87:27,ff02::179,N/A,N/A,N/A,N/A,N/A,N/A,,,0
1759293302,any,112,N/A,IPv6,ICMP,N/A,v6,fe80::5ca9:83ff:fe87:27,ff02::179,N/A,N/A,N/A,N/A,N/A,N/A,,,0
1759293302,eth0,70,Ethernet,IPv6,ICMP,N/A,v6,fe80::5ca9:83ff:fe87:27,ff02::204,N/A,N/A,N/A,N/A,N/A,N/A,,,0
1759293302,any,72,N/A,IPv6,ICMP,N/A,v6,fe80::a824:52ff:fe4f:69,ff02::204,N/A,N/A,N/A,N/A,N/A,N/A,,,0
1759293302,eth1,70,Ethernet,IPv6,ICMP,N/A,v6,fe80::a824:52ff:fe4f:69,ff02::204,N/A,N/A,N/A,N/A,N/A,N/A,,,0
1759293302,any,109,N/A,N/A,N/A,N/A,N/A,N/A,N/A,N/A,N/A,N/A,N/A,N/A,N/A,,,0
1759293302,eth0,107,Ethernet,N/A,N/A,N/A,N/A,N/A,N/A,N/A,N/A,N/A,N/A,N/A,N/A,,,0
1759293302,any,112,N/A,IPv6,ICMP,N/A,v6,fe80::ecf9:eff:fefb:55,ff02::179,N/A,N/A,N/A,N/A,N/A,N/A,,,1
1759293302,eth0,110,Ethernet,IPv6,ICMP,N/A,v6,fe80::ecf9:eff:fefb:55,ff02::179,N/A,N/A,N/A,N/A,N/A,N/A,,,1
1759293302,eth0,110,Ethernet,IPv6,ICMP,N/A,v6,fe80::e48e:99ff:fe5f:147,ff02::179,N/A,N/A,N/A,N/A,N/A,N/A,,,1
1759293302,any,112,N/A,IPv6,ICMP,N/A,v6,fe80::e48e:99ff:fe5f:147,ff02::179,N/A,N/A,N/A,N/A,N/A,N/A,,,1
1759293302,any,112,N/A,IPv6,ICMP,N/A,v6,fe80::f056:abff:fe65:143,ff02::179,N/A,N/A,N/A,N/A,N/A,N/A,,,1
1759293302,eth1,110,Ethernet,IPv6,ICMP,N/A,v6,fe80::f056:abff:fe65:143,ff02::179,N/A,N/A,N/A,N/A,N/A,N/A,,,1
1759293302,eth1,70,Ethernet,IPv6,ICMP,N/A,v6,fe80::103b:bdff:fef0:169,ff02::204,N/A,N/A,N/A,N/A,N/A,N/A,,,1
1759293302,eth0,70,Ethernet,IPv6,ICMP,N/A,v6,fe80::ecf9:eff:fefb:55,ff02::204,N/A,N/A,N/A,N/A,N/A,N/A,,,1
1759293302,any,72,N/A,IPv6,ICMP,N/A,v6,fe80::ecf9:eff:fefb:55,ff02::204,N/A,N/A,N/A,N/A,N/A,N/A,,,1
1759293302,any,72,N/A,IPv6,ICMP,N/A,v6,fe80::103b:bdff:fef0:169,ff02::204,N/A,N/A,N/A,N/A,N/A,N/A,,,1
1759293302,any,112,N/A,IPv6,ICMP,N/A,v6,fe80::dcac:f9ff:fe59:60,ff02::179,N/A,N/A,N/A,N/A,N/A,N/A,,,1
1759293302,eth2,110,Ethernet,IPv6,ICMP,N/A,v6,fe80::dcac:f9ff:fe59:60,ff02::179,N/A,N/A,N/A,N/A,N/A,N/A,,,1
1759293302,eth1,70,Ethernet,IPv6,ICMP,N/A,v6,fe80::f056:abff:fe65:143,ff02::204,N/A,N/A,N/A,N/A,N/A,N/A,,,1
1759293302,any,72,N/A,IPv6,ICMP,N/A,v6,fe80::dcac:f9ff:fe59:60,ff02::204,N/A,N/A,N/A,N/A,N/A,N/A,,,1
1759293302,eth2,70,Ethernet,IPv6,ICMP,N/A,v6,fe80::dcac:f9ff:fe59:60,ff02::204,N/A,N/A,N/A,N/A,N/A,N/A,,,1
1759293302,eth0,70,Ethernet,IPv6,ICMP,N/A,v6,fe80::e48e:99ff:fe5f:147,ff02::204,N/A,N/A,N/A,N/A,N/A,N/A,,,1
1759293302,any,113,N/A,N/A,N/A,N/A,N/A,N/A,N/A,N/A,N/A,N/A,N/A,N/A,N/A,,,1
1759293302,eth0,111,Ethernet,N/A,N/A,N/A,N/A,N/A,N/A,N/A,N/A,N/A,N/A,N/A,N/A,,,1
1759293303,any,44,ARP,N/A,N/A,N/A,N/A,N/A,N/A,N/A,N/A,1,2048,10.10.10.109,10.10.10.68,,,1
1759293303,eth1,42,Ethernet,N/A,N/A,N/A,N/A,N/A,N/A,N/A,N/A,N/A,N/A,N/A,N/A,,,1
1759293303,eth1,42,Ethernet,N/A,N/A,N/A,N/A,N/A,N/A,N/A,N/A,N/A,N/A,N/A,N/A,,,1
1759293303,eth0,111,Ethernet,N/A,N/A,N/A,N/A,N/A,N/A,N/A,N/A,N/A,N/A,N/A,N/A,,,1
1759293303,any,113,N/A,N/A,N/A,N/A,N/A,N/A,N/A,N/A,N/A,N/A,N/A,N/A,N/A,,,1
1759293303,any,72,N/A,IPv6,ICMP,N/A,v6,fe80::bcd2:2aff:fedb:151,ff02::204,N/A,N/A,N/A,N/A,N/A,N/A,,,0
1759293303,eth0,70,Ethernet,IPv6,ICMP,N/A,v6,fe80::bcd2:2aff:fedb:151,ff02::204,N/A,N/A,N/A,N/A,N/A,N/A,,,0
1759293304,any,92,N/A,IPv6,ICMP,N/A,v6,fe80::b0b5:44ff:feea:219,ff02::179,N/A,N/A,N/A,N/A,N/A,N/A,,,1
1759293304,eth0,90,Ethernet,IPv6,ICMP,N/A,v6,fe80::b0b5:44ff:feea:219,ff02::179,N/A,N/A,N/A,N/A,N/A,N/A,,,1
1759293304,eth0,54,Ethernet,IPv4,N/A,N/A,v4,172.30.0.163,224.0.0.22,N/A,N/A,N/A,N/A,N/A,N/A,,,1
1759293304,eth0,68,Ethernet,IPv4,UDP,N/A,v4,172.30.0.163,224.0.0.252,5355,5355,N/A,N/A,N/A,N/A,,,1
1759293304,any,70,N/A,IPv4,UDP,N/A,v4,172.30.0.163,224.0.0.252,5355,5355,N/A,N/A,N/A,N/A,,,1
1759293304,eth0,357,Ethernet,IPv4,UDP,N/A,v4,0.0.0.0,255.255.255.255,68,67,N/A,N/A,N/A,N/A,,,1
1759293304,any,359,N/A,IPv4,UDP,N/A,v4,0.0.0.0,255.255.255.255,68,67,N/A,N/A,N/A,N/A,,,1
1759293304,eth0,369,Ethernet,IPv4,UDP,N/A,v4,0.0.0.0,255.255.255.255,68,67,N/A,N/A,N/A,N/A,,,1
1759293304,any,371,N/A,IPv4,UDP,N/A,v4,0.0.0.0,255.255.255.255,68,67,N/A,N/A,N/A,N/A,,,1
1759293304,any,112,N/A,IPv6,ICMP,N/A,v6,fe80::b0b5:44ff:feea:219,ff02::179,N/A,N/A,N/A,N/A,N/A,N/A,,,1
1759293304,eth1,110,Ethernet,IPv6,ICMP,N/A,v6,fe80::780a:a9ff:fee6:89,ff02::179,N/A,N/A,N/A,N/A,N/A,N/A,,,1
1759293304,eth0,110,Ethernet,IPv6,ICMP,N/A,v6,fe80::b0b5:44ff:feea:219,ff02::179,N/A,N/A,N/A,N/A,N/A,N/A,,,1
1759293304,eth0,42,Ethernet,N/A,N/A,N/A,N/A,N/A,N/A,N/A,N/A,N/A,N/A,N/A,N/A,,,1
1759293304,any,44,ARP,N/A,N/A,N/A,N/A,N/A,N/A,N/A,N/A,1,2048,172.30.0.163,172.30.0.122,,,1
1759293304,any,112,N/A,IPv6,ICMP,N/A,v6,fe80::b0b5:44ff:feea:219,ff02::179,N/A,N/A,N/A,N/A,N/A,N/A,,,1
1759293304,eth0,110,Ethernet,IPv6,ICMP,N/A,v6,fe80::b0b5:44ff:feea:219,ff02::179,N/A,N/A,N/A,N/A,N/A,N/A,,,1
1759293304,eth0,54,Ethernet,IPv4,N/A,N/A,v4,172.30.0.163,224.0.0.22,N/A,N/A,N/A,N/A,N/A,N/A,,,1
1759293304,any,56,N/A,IPv4,N/A,N/A,v4,172.30.0.163,224.0.0.22,N/A,N/A,N/A,N/A,N/A,N/A,,,1
1759293304,eth0,54,Ethernet,IPv4,N/A,N/A,v4,172.30.0.163,224.0.0.22,N/A,N/A,N/A,N/A,N/A,N/A,,,1
1759293304,eth0,70,Ethernet,IPv6,ICMP,N/A,v6,fe80::24f1:23ff:fe29:66,ff02::204,N/A,N/A,N/A,N/A,N/A,N/A,,,1
1759293304,any,72,N/A,IPv6,ICMP,N/A,v6,fe80::24f1:23ff:fe29:66,ff02::204,N/A,N/A,N/A,N/A,N/A,N/A,,,1
1759293304,any,113,N/A,N/A,N/A,N/A,N/A,N/A,N/A,N/A,N/A,N/A,N/A,N/A,N/A,,,1
1759293304,eth0,111,Ethernet,N/A,N/A,N/A,N/A,N/A,N/A,N/A,N/A,N/A,N/A,N/A,N/A,,,1
1759293304,any,92,N/A,IPv6,ICMP,N/A,v6,fe80::24f1:23ff:fe29:66,ff02::179,N/A,N/A,N/A,N/A,N/A,N/A,,,1
1759293304,eth0,90,Ethernet,IPv6,ICMP,N/A,v6,fe80::24f1:23ff:fe29:66,ff02::179,N/A,N/A,N/A,N/A,N/A,N/A,,,1
1759293304,eth0,54,Ethernet,IPv4,N/A,N/A,v4,172.30.0.23,224.0.0.22,N/A,N/A,N/A,N/A,N/A,N/A,,,1
1759293304,eth0,67,Ethernet,IPv4,UDP,N/A,v4,172.30.0.23,224.0.0.252,5355,5355,N/A,N/A,N/A,N/A,,,1
1759293304,eth0,87,Ethernet,IPv6,UDP,N/A,v6,fe80::24f1:23ff:fe29:66,ff02::1:52,5355,5355,N/A,N/A,N/A,N/A,,,1
1759293304,any,69,N/A,IPv4,UDP,N/A,v4,172.30.0.23,224.0.0.252,5355,5355,N/A,N/A,N/A,N/A,,,1
1759293304,eth0,107,Ethernet,N/A,N/A,N/A,N/A,N/A,N/A,N/A,N/A,N/A,N/A,N/A,N/A,,,0
1759293304,any,109,N/A,N/A,N/A,N/A,N/A,N/A,N/A,N/A,N/A,N/A,N/A,N/A,N/A,,,0
1759293305,any,358,N/A,IPv4,UDP,N/A,v4,0.0.0.0,255.255.255.255,68,67,N/A,N/A,N/A,N/A,,,1
1759293305,eth0,356,Ethernet,IPv4,UDP,N/A,v4,0.0.0.0,255.255.255.255,68,67,N/A,N/A,N/A,N/A,,,1
1759293305,eth0,368,Ethernet,IPv4,UDP,N/A,v4,0.0.0.0,255.255.255.255,68,67,N/A,N/A,N/A,N/A,,,1
1759293305,any,370,N/A,IPv4,UDP,N/A,v4,0.0.0.0,255.255.255.255,68,67,N/A,N/A,N/A,N/A,,,1
1759293305,eth0,110,Ethernet,IPv6,ICMP,N/A,v6,fe80::24f1:23ff:fe29:66,ff02::179,N/A,N/A,N/A,N/A,N/A,N/A,,,1
1759293305,eth1,110,Ethernet,IPv6,ICMP,N/A,v6,fe80::7827:e3ff:fe68:239,ff02::179,N/A,N/A,N/A,N/A,N/A,N/A,,,1
1759293305,any,112,N/A,IPv6,ICMP,N/A,v6,fe80::7827:e3ff:fe68:239,ff02::179,N/A,N/A,N/A,N/A,N/A,N/A,,,1
1759293305,eth0,110,Ethernet,IPv6,ICMP,N/A,v6,fe80::24f1:23ff:fe29:66,ff02::179,N/A,N/A,N/A,N/A,N/A,N/A,,,1
1759293305,eth0,54,Ethernet,IPv4,N/A,N/A,v4,172.30.0.23,224.0.0.22,N/A,N/A,N/A,N/A,N/A,N/A,,,1
1759293305,any,112,N/A,IPv6,ICMP,N/A,v6,fe80::24f1:23ff:fe29:66,ff02::179,N/A,N/A,N/A,N/A,N/A,N/A,,,1
1759293305,any,44,ARP,N/A,N/A,N/A,N/A,N/A,N/A,N/A,N/A,1,2048,172.30.0.23,172.30.0.122,,,1
1759293305,eth0,42,Ethernet,N/A,N/A,N/A,N/A,N/A,N/A,N/A,N/A,N/A,N/A,N/A,N/A,,,1
1759293305,any,92,N/A,IPv6,ICMP,N/A,v6,fe80::24f1:23ff:fe29:66,ff02::179,N/A,N/A,N/A,N/A,N/A,N/A,,,1
1759293305,eth0,90,Ethernet,IPv6,ICMP,N/A,v6,fe80::24f1:23ff:fe29:66,ff02::179,N/A,N/A,N/A,N/A,N/A,N/A,,,1
1759293305,eth0,70,Ethernet,IPv6,ICMP,N/A,v6,fe80::b0b5:44ff:feea:219,ff02::204,N/A,N/A,N/A,N/A,N/A,N/A,,,1
1759293305,eth1,70,Ethernet,IPv6,ICMP,N/A,v6,fe80::780a:a9ff:fee6:89,ff02::204,N/A,N/A,N/A,N/A,N/A,N/A,,,1
1759293305,any,72,N/A,IPv6,ICMP,N/A,v6,fe80::b0b5:44ff:feea:219,ff02::204,N/A,N/A,N/A,N/A,N/A,N/A,,,1
1759293305,any,112,N/A,IPv6,ICMP,N/A,v6,fe80::780a:a9ff:fee6:89,ff02::179,N/A,N/A,N/A,N/A,N/A,N/A,,,1
1759293305,eth1,110,Ethernet,IPv6,ICMP,N/A,v6,fe80::780a:a9ff:fee6:89,ff02::179,N/A,N/A,N/A,N/A,N/A,N/A,,,1
1759293305,eth0,90,Ethernet,IPv6,ICMP,N/A,v6,fe80::b0b5:44ff:feea:219,ff02::179,N/A,N/A,N/A,N/A,N/A,N/A,,,1
1759293305,any,92,N/A,IPv6,ICMP,N/A,v6,fe80::b0b5:44ff:feea:219,ff02::179,N/A,N/A,N/A,N/A,N/A,N/A,,,1
1759293305,eth0,90,Ethernet,IPv6,ICMP,N/A,v6,fe80::e48e:99ff:fe5f:147,ff02::179,N/A,N/A,N/A,N/A,N/A,N/A,,,1
1759293305,eth0,54,Ethernet,IPv4,N/A,N/A,v4,172.30.0.220,224.0.0.22,N/A,N/A,N/A,N/A,N/A,N/A,,,1
1759293305,any,92,N/A,IPv6,ICMP,N/A,v6,fe80::e48e:99ff:fe5f:147,ff02::179,N/A,N/A,N/A,N/A,N/A,N/A,,,1
1759293305,eth0,90,Ethernet,IPv6,ICMP,N/A,v6,fe80::ecf9:eff:fefb:55,ff02::179,N/A,N/A,N/A,N/A,N/A,N/A,,,1
1759293305,any,92,N/A,IPv6,ICMP,N/A,v6,fe80::ecf9:eff:fefb:55,ff02::179,N/A,N/A,N/A,N/A,N/A,N/A,,,1
1759293305,eth0,56,Ethernet,IPv4,N/A,N/A,v4,172.30.0.89,224.0.0.22,N/A,N/A,N/A,N/A,N/A,N/A,,,1
1759293305,any,58,N/A,IPv4,N/A,N/A,v4,172.30.0.89,224.0.0.22,N/A,N/A,N/A,N/A,N/A,N/A,,,1
1759293305,eth0,91,Ethernet,IPv6,UDP,N/A,v6,fe80::e48e:99ff:fe5f:147,ff02::1:52,5355,5355,N/A,N/A,N/A,N/A,,,1
1759293305,any,93,N/A,IPv6,UDP,N/A,v6,fe80::e48e:99ff:fe5f:147,ff02::1:52,5355,5355,N/A,N/A,N/A,N/A,,,1
1759293305,eth0,87,Ethernet,IPv6,UDP,N/A,v6,fe80::ecf9:eff:fefb:55,ff02::1:52,5355,5355,N/A,N/A,N/A,N/A,,,1
1759293305,any,89,N/A,IPv6,UDP,N/A,v6,fe80::ecf9:eff:fefb:55,ff02::1:52,5355,5355,N/A,N/A,N/A,N/A,,,1
1759293305,any,73,N/A,IPv4,UDP,N/A,v4,172.30.0.220,224.0.0.252,5355,5355,N/A,N/A,N/A,N/A,,,1
1759293305,eth0,71,Ethernet,IPv4,UDP,N/A,v4,172.30.0.220,224.0.0.252,5355,5355,N/A,N/A,N/A,N/A,,,1
1759293305,eth0,360,Ethernet,IPv4,UDP,N/A,v4,0.0.0.0,255.255.255.255,68,67,N/A,N/A,N/A,N/A,,,1
1759293305,any,362,N/A,IPv4,UDP,N/A,v4,0.0.0.0,255.255.255.255,68,67,N/A,N/A,N/A,N/A,,,1
1759293305,eth0,372,Ethernet,IPv4,UDP,N/A,v4,0.0.0.0,255.255.255.255,68,67,N/A,N/A,N/A,N/A,,,1
1759293305,any,374,N/A,IPv4,UDP,N/A,v4,0.0.0.0,255.255.255.255,68,67,N/A,N/A,N/A,N/A,,,1
1759293305,eth2,110,Ethernet,IPv6,ICMP,N/A,v6,fe80::dcac:f9ff:fe59:60,ff02::179,N/A,N/A,N/A,N/A,N/A,N/A,,,1
1759293305,any,112,N/A,IPv6,ICMP,N/A,v6,fe80::f056:abff:fe65:143,ff02::179,N/A,N/A,N/A,N/A,N/A,N/A,,,1
1759293305,eth1,110,Ethernet,IPv6,ICMP,N/A,v6,fe80::f056:abff:fe65:143,ff02::179,N/A,N/A,N/A,N/A,N/A,N/A,,,1
1759293305,any,112,N/A,IPv6,ICMP,N/A,v6,fe80::e48e:99ff:fe5f:147,ff02::179,N/A,N/A,N/A,N/A,N/A,N/A,,,1
1759293305,eth0,110,Ethernet,IPv6,ICMP,N/A,v6,fe80::e48e:99ff:fe5f:147,ff02::179,N/A,N/A,N/A,N/A,N/A,N/A,,,1
1759293305,eth0,54,Ethernet,IPv4,N/A,N/A,v4,172.30.0.220,224.0.0.22,N/A,N/A,N/A,N/A,N/A,N/A,,,1
1759293305,any,44,ARP,N/A,N/A,N/A,N/A,N/A,N/A,N/A,N/A,1,2048,172.30.0.220,172.30.0.122,,,1
1759293305,eth0,42,Ethernet,N/A,N/A,N/A,N/A,N/A,N/A,N/A,N/A,N/A,N/A,N/A,N/A,,,1
1759293305,eth0,56,Ethernet,N/A,N/A,N/A,N/A,N/A,N/A,N/A,N/A,N/A,N/A,N/A,N/A,,,1
1759293305,eth0,56,Ethernet,N/A,N/A,N/A,N/A,N/A,N/A,N/A,N/A,N/A,N/A,N/A,N/A,,,1
1759293305,any,58,ARP,N/A,N/A,N/A,N/A,N/A,N/A,N/A,N/A,2,2048,172.30.0.122,172.30.0.220,,,1
1759293305,any,58,ARP,N/A,N/A,N/A,N/A,N/A,N/A,N/A,N/A,2,2048,172.30.0.122,172.30.0.220,,,1
1759293305,any,69,N/A,IPv4,UDP,N/A,v4,172.30.0.89,224.0.0.252,5355,5355,N/A,N/A,N/A,N/A,,,1
1759293305,eth0,67,Ethernet,IPv4,UDP,N/A,v4,172.30.0.89,224.0.0.252,5355,5355,N/A,N/A,N/A,N/A,,,1
1759293305,eth0,356,Ethernet,IPv4,UDP,N/A,v4,0.0.0.0,255.255.255.255,68,67,N/A,N/A,N/A,N/A,,,1
1759293305,any,358,N/A,IPv4,UDP,N/A,v4,0.0.0.0,255.255.255.255,68,67,N/A,N/A,N/A,N/A,,,1
1759293305,eth0,110,Ethernet,IPv6,ICMP,N/A,v6,fe80::ecf9:eff:fefb:55,ff02::179,N/A,N/A,N/A,N/A,N/A,N/A,,,1
1759293305,eth1,110,Ethernet,IPv6,ICMP,N/A,v6,fe80::103b:bdff:fef0:169,ff02::179,N/A,N/A,N/A,N/A,N/A,N/A,,,1
1759293305,any,112,N/A,IPv6,ICMP,N/A,v6,fe80::103b:bdff:fef0:169,ff02::179,N/A,N/A,N/A,N/A,N/A,N/A,,,1
1759293305,eth0,107,Ethernet,N/A,N/A,N/A,N/A,N/A,N/A,N/A,N/A,N/A,N/A,N/A,N/A,,,0
1759293305,any,109,N/A,N/A,N/A,N/A,N/A,N/A,N/A,N/A,N/A,N/A,N/A,N/A,N/A,,,0
1759293305,eth0,90,Ethernet,IPv6,ICMP,N/A,v6,fe80::5ca9:83ff:fe87:27,ff02::179,N/A,N/A,N/A,N/A,N/A,N/A,,,0
1759293305,eth0,54,Ethernet,IPv4,N/A,N/A,v4,172.30.0.220,224.0.0.22,N/A,N/A,N/A,N/A,N/A,N/A,,,0
1759293305,any,92,N/A,IPv6,ICMP,N/A,v6,fe80::5ca9:83ff:fe87:27,ff02::179,N/A,N/A,N/A,N/A,N/A,N/A,,,0
1759293305,eth0,87,Ethernet,IPv6,UDP,N/A,v6,fe80::5ca9:83ff:fe87:27,ff02::1:52,5355,5355,N/A,N/A,N/A,N/A,,,0
1759293305,any,89,N/A,IPv6,UDP,N/A,v6,fe80::5ca9:83ff:fe87:27,ff02::1:52,5355,5355,N/A,N/A,N/A,N/A,,,0
1759293305,eth0,356,Ethernet,IPv4,UDP,N/A,v4,0.0.0.0,255.255.255.255,68,67,N/A,N/A,N/A,N/A,,,0
1759293305,any,358,N/A,IPv4,UDP,N/A,v4,0.0.0.0,255.255.255.255,68,67,N/A,N/A,N/A,N/A,,,0
1759293305,eth0,368,Ethernet,IPv4,UDP,N/A,v4,0.0.0.0,255.255.255.255,68,67,N/A,N/A,N/A,N/A,,,0
1759293305,any,370,N/A,IPv4,UDP,N/A,v4,0.0.0.0,255.255.255.255,68,67,N/A,N/A,N/A,N/A,,,0
1759293305,eth1,110,Ethernet,IPv6,ICMP,N/A,v6,fe80::a824:52ff:fe4f:69,ff02::179,N/A,N/A,N/A,N/A,N/A,N/A,,,0
1759293305,any,112,N/A,IPv6,ICMP,N/A,v6,fe80::a824:52ff:fe4f:69,ff02::179,N/A,N/A,N/A,N/A,N/A,N/A,,,0
1759293305,eth0,54,Ethernet,IPv4,N/A,N/A,v4,172.30.0.220,224.0.0.22,N/A,N/A,N/A,N/A,N/A,N/A,,,0
1759293305,eth0,110,Ethernet,IPv6,ICMP,N/A,v6,fe80::5ca9:83ff:fe87:27,ff02::179,N/A,N/A,N/A,N/A,N/A,N/A,,,0
1759293305,any,56,N/A,IPv4,N/A,N/A,v4,172.30.0.220,224.0.0.22,N/A,N/A,N/A,N/A,N/A,N/A,,,0
1759293305,any,56,N/A,IPv4,N/A,N/A,v4,172.30.0.220,224.0.0.22,N/A,N/A,N/A,N/A,N/A,N/A,,,0
1759293305,eth0,54,Ethernet,IPv4,N/A,N/A,v4,172.30.0.220,224.0.0.22,N/A,N/A,N/A,N/A,N/A,N/A,,,0
1759293305,any,112,N/A,IPv6,ICMP,N/A,v6,fe80::a824:52ff:fe4f:69,ff02::179,N/A,N/A,N/A,N/A,N/A,N/A,,,0
1759293305,eth1,110,Ethernet,IPv6,ICMP,N/A,v6,fe80::a824:52ff:fe4f:69,ff02::179,N/A,N/A,N/A,N/A,N/A,N/A,,,0
1759293305,any,370,N/A,IPv4,UDP,N/A,v4,0.0.0.0,255.255.255.255,68,67,N/A,N/A,N/A,N/A,,,1
1759293305,eth0,368,Ethernet,IPv4,UDP,N/A,v4,0.0.0.0,255.255.255.255,68,67,N/A,N/A,N/A,N/A,,,1
1759293305,any,112,N/A,IPv6,ICMP,N/A,v6,fe80::ecf9:eff:fefb:55,ff02::179,N/A,N/A,N/A,N/A,N/A,N/A,,,1
1759293305,any,58,N/A,IPv4,N/A,N/A,v4,172.30.0.89,224.0.0.22,N/A,N/A,N/A,N/A,N/A,N/A,,,1
1759293305,eth0,110,Ethernet,IPv6,ICMP,N/A,v6,fe80::ecf9:eff:fefb:55,ff02::179,N/A,N/A,N/A,N/A,N/A,N/A,,,1
1759293305,eth0,56,Ethernet,IPv4,N/A,N/A,v4,172.30.0.89,224.0.0.22,N/A,N/A,N/A,N/A,N/A,N/A,,,1
1759293305,any,112,N/A,IPv6,ICMP,N/A,v6,fe80::f056:abff:fe65:143,ff02::179,N/A,N/A,N/A,N/A,N/A,N/A,,,1
1759293305,eth1,110,Ethernet,IPv6,ICMP,N/A,v6,fe80::f056:abff:fe65:143,ff02::179,N/A,N/A,N/A,N/A,N/A,N/A,,,1
1759293305,any,58,ARP,N/A,N/A,N/A,N/A,N/A,N/A,N/A,N/A,1,2048,172.30.0.89,172.30.0.122,,,1
1759293305,eth0,56,Ethernet,N/A,N/A,N/A,N/A,N/A,N/A,N/A,N/A,N/A,N/A,N/A,N/A,,,1
1759293305,any,56,N/A,IPv4,N/A,N/A,v4,172.30.0.23,224.0.0.22,N/A,N/A,N/A,N/A,N/A,N/A,,,1
1759293305,eth0,54,Ethernet,IPv4,N/A,N/A,v4,172.30.0.23,224.0.0.22,N/A,N/A,N/A,N/A,N/A,N/A,,,1
1759293306,eth0,110,Ethernet,IPv6,ICMP,N/A,v6,fe80::5ca9:83ff:fe87:27,ff02::179,N/A,N/A,N/A,N/A,N/A,N/A,,,0
1759293306,any,112,N/A,IPv6,ICMP,N/A,v6,fe80::7827:e3ff:fe68:239,ff02::179,N/A,N/A,N/A,N/A,N/A,N/A,,,1
1759293306,eth1,110,Ethernet,IPv6,ICMP,N/A,v6,fe80::7827:e3ff:fe68:239,ff02::179,N/A,N/A,N/A,N/A,N/A,N/A,,,1
1759293306,any,72,N/A,IPv6,ICMP,N/A,v6,fe80::24f1:23ff:fe29:66,ff02::204,N/A,N/A,N/A,N/A,N/A,N/A,,,1
1759293306,eth1,70,Ethernet,IPv6,ICMP,N/A,v6,fe80::7827:e3ff:fe68:239,ff02::204,N/A,N/A,N/A,N/A,N/A,N/A,,,1
1759293306,eth0,70,Ethernet,IPv6,ICMP,N/A,v6,fe80::24f1:23ff:fe29:66,ff02::204,N/A,N/A,N/A,N/A,N/A,N/A,,,1
1759293306,any,112,N/A,IPv6,ICMP,N/A,v6,fe80::e48e:99ff:fe5f:147,ff02::179,N/A,N/A,N/A,N/A,N/A,N/A,,,1
1759293306,eth2,110,Ethernet,IPv6,ICMP,N/A,v6,fe80::dcac:f9ff:fe59:60,ff02::179,N/A,N/A,N/A,N/A,N/A,N/A,,,1
1759293306,eth0,110,Ethernet,IPv6,ICMP,N/A,v6,fe80::e48e:99ff:fe5f:147,ff02::179,N/A,N/A,N/A,N/A,N/A,N/A,,,1
1759293306,any,58,N/A,IPv4,N/A,N/A,v4,172.30.0.89,224.0.0.22,N/A,N/A,N/A,N/A,N/A,N/A,,,1
1759293306,eth0,56,Ethernet,IPv4,N/A,N/A,v4,172.30.0.89,224.0.0.22,N/A,N/A,N/A,N/A,N/A,N/A,,,1
1759293306,eth1,70,Ethernet,IPv6,ICMP,N/A,v6,fe80::103b:bdff:fef0:169,ff02::204,N/A,N/A,N/A,N/A,N/A,N/A,,,1
1759293306,any,72,N/A,IPv6,ICMP,N/A,v6,fe80::ecf9:eff:fefb:55,ff02::204,N/A,N/A,N/A,N/A,N/A,N/A,,,1
1759293306,any,72,N/A,IPv6,ICMP,N/A,v6,fe80::103b:bdff:fef0:169,ff02::204,N/A,N/A,N/A,N/A,N/A,N/A,,,1
1759293306,eth0,70,Ethernet,IPv6,ICMP,N/A,v6,fe80::ecf9:eff:fefb:55,ff02::204,N/A,N/A,N/A,N/A,N/A,N/A,,,1
1759293306,any,56,N/A,IPv4,N/A,N/A,v4,172.30.0.220,224.0.0.22,N/A,N/A,N/A,N/A,N/A,N/A,,,1
1759293306,eth0,54,Ethernet,IPv4,N/A,N/A,v4,172.30.0.220,224.0.0.22,N/A,N/A,N/A,N/A,N/A,N/A,,,1
1759293306,eth2,70,Ethernet,IPv6,ICMP,N/A,v6,fe80::dcac:f9ff:fe59:60,ff02::204,N/A,N/A,N/A,N/A,N/A,N/A,,,1
1759293306,any,72,N/A,IPv6,ICMP,N/A,v6,fe80::dcac:f9ff:fe59:60,ff02::204,N/A,N/A,N/A,N/A,N/A,N/A,,,1
1759293306,eth0,70,Ethernet,IPv6,ICMP,N/A,v6,fe80::e48e:99ff:fe5f:147,ff02::204,N/A,N/A,N/A,N/A,N/A,N/A,,,1
1759293306,any,72,N/A,IPv6,ICMP,N/A,v6,fe80::e48e:99ff:fe5f:147,ff02::204,N/A,N/A,N/A,N/A,N/A,N/A,,,1
1759293306,any,72,N/A,IPv6,ICMP,N/A,v6,fe80::f056:abff:fe65:143,ff02::204,N/A,N/A,N/A,N/A,N/A,N/A,,,1
1759293306,eth1,70,Ethernet,IPv6,ICMP,N/A,v6,fe80::f056:abff:fe65:143,ff02::204,N/A,N/A,N/A,N/A,N/A,N/A,,,1
1759293306,eth0,90,Ethernet,IPv6,ICMP,N/A,v6,fe80::ecf9:eff:fefb:55,ff02::179,N/A,N/A,N/A,N/A,N/A,N/A,,,1
1759293306,any,112,N/A,IPv6,ICMP,N/A,v6,fe80::103b:bdff:fef0:169,ff02::179,N/A,N/A,N/A,N/A,N/A,N/A,,,1
1759293306,eth1,110,Ethernet,IPv6,ICMP,N/A,v6,fe80::103b:bdff:fef0:169,ff02::179,N/A,N/A,N/A,N/A,N/A,N/A,,,1
1759293306,eth0,111,Ethernet,N/A,N/A,N/A,N/A,N/A,N/A,N/A,N/A,N/A,N/A,N/A,N/A,,,1
1759293306,any,113,N/A,N/A,N/A,N/A,N/A,N/A,N/A,N/A,N/A,N/A,N/A,N/A,N/A,,,1
1759293306,eth0,42,Ethernet,N/A,N/A,N/A,N/A,N/A,N/A,N/A,N/A,N/A,N/A,N/A,N/A,,,0
1759293306,eth0,56,Ethernet,N/A,N/A,N/A,N/A,N/A,N/A,N/A,N/A,N/A,N/A,N/A,N/A,,,0
1759293306,eth0,56,Ethernet,N/A,N/A,N/A,N/A,N/A,N/A,N/A,N/A,N/A,N/A,N/A,N/A,,,0
1759293306,any,112,N/A,IPv6,ICMP,N/A,v6,fe80::5ca9:83ff:fe87:27,ff02::179,N/A,N/A,N/A,N/A,N/A,N/A,,,0
1759293306,any,44,ARP,N/A,N/A,N/A,N/A,N/A,N/A,N/A,N/A,1,2048,172.30.0.220,172.30.0.122,,,0
1759293306,any,58,ARP,N/A,N/A,N/A,N/A,N/A,N/A,N/A,N/A,2,2048,172.30.0.122,172.30.0.220,,,0
1759293306,eth1,70,Ethernet,IPv6,ICMP,N/A,v6,fe80::a824:52ff:fe4f:69,ff02::204,N/A,N/A,N/A,N/A,N/A,N/A,,,0
1759293306,any,72,N/A,IPv6,ICMP,N/A,v6,fe80::a824:52ff:fe4f:69,ff02::204,N/A,N/A,N/A,N/A,N/A,N/A,,,0
1759293306,eth0,107,Ethernet,N/A,N/A,N/A,N/A,N/A,N/A,N/A,N/A,N/A,N/A,N/A,N/A,,,0
1759293306,any,109,N/A,N/A,N/A,N/A,N/A,N/A,N/A,N/A,N/A,N/A,N/A,N/A,N/A,,,0
1759293306,eth0,70,Ethernet,IPv6,ICMP,N/A,v6,fe80::5ca9:83ff:fe87:27,ff02::204,N/A,N/A,N/A,N/A,N/A,N/A,,,0
1759293306,any,72,N/A,IPv6,ICMP,N/A,v6,fe80::5ca9:83ff:fe87:27,ff02::204,N/A,N/A,N/A,N/A,N/A,N/A,,,0
1759293307,eth0,111,Ethernet,N/A,N/A,N/A,N/A,N/A,N/A,N/A,N/A,N/A,N/A,N/A,N/A,,,1
1759293307,any,113,N/A,N/A,N/A,N/A,N/A,N/A,N/A,N/A,N/A,N/A,N/A,N/A,N/A,,,1
1759293307,eth0,107,Ethernet,N/A,N/A,N/A,N/A,N/A,N/A,N/A,N/A,N/A,N/A,N/A,N/A,,,0
1759293307,any,109,N/A,N/A,N/A,N/A,N/A,N/A,N/A,N/A,N/A,N/A,N/A,N/A,N/A,,,0
1759293308,any,92,N/A,IPv6,ICMP,N/A,v6,fe80::b0b5:44ff:feea:219,ff02::179,N/A,N/A,N/A,N/A,N/A,N/A,,,1
1759293308,eth0,90,Ethernet,IPv6,ICMP,N/A,v6,fe80::b0b5:44ff:feea:219,ff02::179,N/A,N/A,N/A,N/A,N/A,N/A,,,1
1759293308,eth0,54,Ethernet,IPv4,N/A,N/A,v4,172.30.0.163,224.0.0.22,N/A,N/A,N/A,N/A,N/A,N/A,,,1
1759293308,eth0,54,Ethernet,IPv4,N/A,N/A,v4,172.30.0.163,224.0.0.22,N/A,N/A,N/A,N/A,N/A,N/A,,,1
1759293308,any,56,N/A,IPv4,N/A,N/A,v4,172.30.0.163,224.0.0.22,N/A,N/A,N/A,N/A,N/A,N/A,,,1
1759293308,eth0,68,Ethernet,IPv4,UDP,N/A,v4,172.30.0.163,224.0.0.252,5355,5355,N/A,N/A,N/A,N/A,,,1
1759293308,eth0,88,Ethernet,IPv6,UDP,N/A,v6,fe80::b0b5:44ff:feea:219,ff02::1:52,5355,5355,N/A,N/A,N/A,N/A,,,1
1759293308,any,70,N/A,IPv4,UDP,N/A,v4,172.30.0.163,224.0.0.252,5355,5355,N/A,N/A,N/A,N/A,,,1
1759293308,any,359,N/A,IPv4,UDP,N/A,v4,0.0.0.0,255.255.255.255,68,67,N/A,N/A,N/A,N/A,,,1
1759293308,eth0,357,Ethernet,IPv4,UDP,N/A,v4,0.0.0.0,255.255.255.255,68,67,N/A,N/A,N/A,N/A,,,1
1759293308,eth0,369,Ethernet,IPv4,UDP,N/A,v4,0.0.0.0,255.255.255.255,68,67,N/A,N/A,N/A,N/A,,,1
1759293308,any,112,N/A,IPv6,ICMP,N/A,v6,fe80::780a:a9ff:fee6:89,ff02::179,N/A,N/A,N/A,N/A,N/A,N/A,,,1
1759293308,eth1,110,Ethernet,IPv6,ICMP,N/A,v6,fe80::780a:a9ff:fee6:89,ff02::179,N/A,N/A,N/A,N/A,N/A,N/A,,,1
1759293308,any,112,N/A,IPv6,ICMP,N/A,v6,fe80::b0b5:44ff:feea:219,ff02::179,N/A,N/A,N/A,N/A,N/A,N/A,,,1
1759293308,eth0,110,Ethernet,IPv6,ICMP,N/A,v6,fe80::b0b5:44ff:feea:219,ff02::179,N/A,N/A,N/A,N/A,N/A,N/A,,,1
1759293308,eth0,54,Ethernet,IPv4,N/A,N/A,v4,172.30.0.163,224.0.0.22,N/A,N/A,N/A,N/A,N/A,N/A,,,1
1759293308,eth0,54,Ethernet,IPv4,N/A,N/A,v4,172.30.0.163,224.0.0.22,N/A,N/A,N/A,N/A,N/A,N/A,,,1
1759293308,any,56,N/A,IPv4,N/A,N/A,v4,172.30.0.163,224.0.0.22,N/A,N/A,N/A,N/A,N/A,N/A,,,1
1759293308,eth0,42,Ethernet,N/A,N/A,N/A,N/A,N/A,N/A,N/A,N/A,N/A,N/A,N/A,N/A,,,1
1759293308,any,44,ARP,N/A,N/A,N/A,N/A,N/A,N/A,N/A,N/A,1,2048,172.30.0.163,172.30.0.122,,,1
1759293309,eth0,90,Ethernet,IPv6,ICMP,N/A,v6,fe80::24f1:23ff:fe29:66,ff02::179,N/A,N/A,N/A,N/A,N/A,N/A,,,1
1759293309,eth0,54,Ethernet,IPv4,N/A,N/A,v4,172.30.0.23,224.0.0.22,N/A,N/A,N/A,N/A,N/A,N/A,,,1
1759293309,any,92,N/A,IPv6,ICMP,N/A,v6,fe80::24f1:23ff:fe29:66,ff02::179,N/A,N/A,N/A,N/A,N/A,N/A,,,1
1759293309,any,113,N/A,N/A,N/A,N/A,N/A,N/A,N/A,N/A,N/A,N/A,N/A,N/A,N/A,,,1
1759293309,eth0,111,Ethernet,N/A,N/A,N/A,N/A,N/A,N/A,N/A,N/A,N/A,N/A,N/A,N/A,,,1
1759293309,any,89,N/A,IPv6,UDP,N/A,v6,fe80::24f1:23ff:fe29:66,ff02::1:52,5355,5355,N/A,N/A,N/A,N/A,,,1
1759293309,eth0,87,Ethernet,IPv6,UDP,N/A,v6,fe80::24f1:23ff:fe29:66,ff02::1:52,5355,5355,N/A,N/A,N/A,N/A,,,1
1759293309,eth0,356,Ethernet,IPv4,UDP,N/A,v4,0.0.0.0,255.255.255.255,68,67,N/A,N/A,N/A,N/A,,,1
1759293309,any,358,N/A,IPv4,UDP,N/A,v4,0.0.0.0,255.255.255.255,68,67,N/A,N/A,N/A,N/A,,,1
1759293309,any,370,N/A,IPv4,UDP,N/A,v4,0.0.0.0,255.255.255.255,68,67,N/A,N/A,N/A,N/A,,,1
1759293309,eth0,368,Ethernet,IPv4,UDP,N/A,v4,0.0.0.0,255.255.255.255,68,67,N/A,N/A,N/A,N/A,,,1
1759293309,any,44,ARP,N/A,N/A,N/A,N/A,N/A,N/A,N/A,N/A,1,2048,172.30.0.23,172.30.0.122,,,1
1759293309,eth1,110,Ethernet,IPv6,ICMP,N/A,v6,fe80::7827:e3ff:fe68:239,ff02::179,N/A,N/A,N/A,N/A,N/A,N/A,,,1
1759293309,eth0,42,Ethernet,N/A,N/A,N/A,N/A,N/A,N/A,N/A,N/A,N/A,N/A,N/A,N/A,,,1
1759293309,eth0,107,Ethernet,N/A,N/A,N/A,N/A,N/A,N/A,N/A,N/A,N/A,N/A,N/A,N/A,,,0
1759293309,any,109,N/A,N/A,N/A,N/A,N/A,N/A,N/A,N/A,N/A,N/A,N/A,N/A,N/A,,,0
1759293309,eth0,110,Ethernet,IPv6,ICMP,N/A,v6,fe80::24f1:23ff:fe29:66,ff02::179,N/A,N/A,N/A,N/A,N/A,N/A,,,1
1759293309,eth0,54,Ethernet,IPv4,N/A,N/A,v4,172.30.0.23,224.0.0.22,N/A,N/A,N/A,N/A,N/A,N/A,,,1
1759293309,any,112,N/A,IPv6,ICMP,N/A,v6,fe80::24f1:23ff:fe29:66,ff02::179,N/A,N/A,N/A,N/A,N/A,N/A,,,1
1759293309,eth0,54,Ethernet,IPv4,N/A,N/A,v4,172.30.0.23,224.0.0.22,N/A,N/A,N/A,N/A,N/A,N/A,,,1
1759293309,any,56,N/A,IPv4,N/A,N/A,v4,172.30.0.23,224.0.0.22,N/A,N/A,N/A,N/A,N/A,N/A,,,1
1759293309,any,72,N/A,IPv6,ICMP,N/A,v6,fe80::b0b5:44ff:feea:219,ff02::204,N/A,N/A,N/A,N/A,N/A,N/A,,,1
1759293309,eth1,70,Ethernet,IPv6,ICMP,N/A,v6,fe80::780a:a9ff:fee6:89,ff02::204,N/A,N/A,N/A,N/A,N/A,N/A,,,1
1759293309,eth0,70,Ethernet,IPv6,ICMP,N/A,v6,fe80::b0b5:44ff:feea:219,ff02::204,N/A,N/A,N/A,N/A,N/A,N/A,,,1
1759293309,any,112,N/A,IPv6,ICMP,N/A,v6,fe80::780a:a9ff:fee6:89,ff02::179,N/A,N/A,N/A,N/A,N/A,N/A,,,1
1759293309,eth1,110,Ethernet,IPv6,ICMP,N/A,v6,fe80::780a:a9ff:fee6:89,ff02::179,N/A,N/A,N/A,N/A,N/A,N/A,,,1
1759293309,any,112,N/A,IPv6,ICMP,N/A,v6,fe80::b0b5:44ff:feea:219,ff02::179,N/A,N/A,N/A,N/A,N/A,N/A,,,1
1759293309,eth0,110,Ethernet,IPv6,ICMP,N/A,v6,fe80::b0b5:44ff:feea:219,ff02::179,N/A,N/A,N/A,N/A,N/A,N/A,,,1
1759293309,eth0,110,Ethernet,IPv6,ICMP,N/A,v6,fe80::24f1:23ff:fe29:66,ff02::179,N/A,N/A,N/A,N/A,N/A,N/A,,,1
1759293309,any,112,N/A,IPv6,ICMP,N/A,v6,fe80::24f1:23ff:fe29:66,ff02::179,N/A,N/A,N/A,N/A,N/A,N/A,,,1
1759293310,eth0,107,Ethernet,N/A,N/A,N/A,N/A,N/A,N/A,N/A,N/A,N/A,N/A,N/A,N/A,,,0
1759293310,any,109,N/A,N/A,N/A,N/A,N/A,N/A,N/A,N/A,N/A,N/A,N/A,N/A,N/A,,,0
1759293310,eth0,70,Ethernet,IPv6,ICMP,N/A,v6,fe80::5ca9:83ff:fe87:27,ff02::204,N/A,N/A,N/A,N/A,N/A,N/A,,,0
1759293310,any,72,N/A,IPv6,ICMP,N/A,v6,fe80::5ca9:83ff:fe87:27,ff02::204,N/A,N/A,N/A,N/A,N/A,N/A,,,0
1759293310,any,72,N/A,IPv6,ICMP,N/A,v6,fe80::a824:52ff:fe4f:69,ff02::204,N/A,N/A,N/A,N/A,N/A,N/A,,,0
1759293310,eth1,70,Ethernet,IPv6,ICMP,N/A,v6,fe80::a824:52ff:fe4f:69,ff02::204,N/A,N/A,N/A,N/A,N/A,N/A,,,0
1759293310,eth0,90,Ethernet,IPv6,ICMP,N/A,v6,fe80::5ca9:83ff:fe87:27,ff02::179,N/A,N/A,N/A,N/A,N/A,N/A,,,0
1759293310,eth0,54,Ethernet,IPv4,N/A,N/A,v4,172.30.0.220,224.0.0.22,N/A,N/A,N/A,N/A,N/A,N/A,,,0
1759293310,any,92,N/A,IPv6,ICMP,N/A,v6,fe80::5ca9:83ff:fe87:27,ff02::179,N/A,N/A,N/A,N/A,N/A,N/A,,,0
1759293310,eth1,70,Ethernet,IPv6,ICMP,N/A,v6,fe80::7827:e3ff:fe68:239,ff02::204,N/A,N/A,N/A,N/A,N/A,N/A,,,1
1759293310,eth0,70,Ethernet,IPv6,ICMP,N/A,v6,fe80::24f1:23ff:fe29:66,ff02::204,N/A,N/A,N/A,N/A,N/A,N/A,,,1
1759293310,any,72,N/A,IPv6,ICMP,N/A,v6,fe80::24f1:23ff:fe29:66,ff02::204,N/A,N/A,N/A,N/A,N/A,N/A,,,1
1759293310,any,72,N/A,IPv6,ICMP,N/A,v6,fe80::7827:e3ff:fe68:239,ff02::204,N/A,N/A,N/A,N/A,N/A,N/A,,,1
1759293310,any,112,N/A,IPv6,ICMP,N/A,v6,fe80::7827:e3ff:fe68:239,ff02::179,N/A,N/A,N/A,N/A,N/A,N/A,,,1
1759293310,eth1,110,Ethernet,IPv6,ICMP,N/A,v6,fe80::7827:e3ff:fe68:239,ff02::179,N/A,N/A,N/A,N/A,N/A,N/A,,,1
1759293310,any,72,N/A,IPv6,ICMP,N/A,v6,fe80::ecf9:eff:fefb:55,ff02::204,N/A,N/A,N/A,N/A,N/A,N/A,,,1
1759293310,eth0,70,Ethernet,IPv6,ICMP,N/A,v6,fe80::ecf9:eff:fefb:55,ff02::204,N/A,N/A,N/A,N/A,N/A,N/A,,,1
1759293310,eth0,111,Ethernet,N/A,N/A,N/A,N/A,N/A,N/A,N/A,N/A,N/A,N/A,N/A,N/A,,,1
1759293310,eth1,70,Ethernet,IPv6,ICMP,N/A,v6,fe80::f056:abff:fe65:143,ff02::204,N/A,N/A,N/A,N/A,N/A,N/A,,,1
1759293310,any,113,N/A,N/A,N/A,N/A,N/A,N/A,N/A,N/A,N/A,N/A,N/A,N/A,N/A,,,1
1759293310,any,72,N/A,IPv6,ICMP,N/A,v6,fe80::103b:bdff:fef0:169,ff02::204,N/A,N/A,N/A,N/A,N/A,N/A,,,1
1759293310,eth1,70,Ethernet,IPv6,ICMP,N/A,v6,fe80::103b:bdff:fef0:169,ff02::204,N/A,N/A,N/A,N/A,N/A,N/A,,,1
1759293310,any,72,N/A,IPv6,ICMP,N/A,v6,fe80::dcac:f9ff:fe59:60,ff02::204,N/A,N/A,N/A,N/A,N/A,N/A,,,1
1759293310,eth2,70,Ethernet,IPv6,ICMP,N/A,v6,fe80::dcac:f9ff:fe59:60,ff02::204,N/A,N/A,N/A,N/A,N/A,N/A,,,1
1759293310,eth0,90,Ethernet,IPv6,ICMP,N/A,v6,fe80::e48e:99ff:fe5f:147,ff02::179,N/A,N/A,N/A,N/A,N/A,N/A,,,1
1759293310,eth0,54,Ethernet,IPv4,N/A,N/A,v4,172.30.0.220,224.0.0.22,N/A,N/A,N/A,N/A,N/A,N/A,,,1
1759293310,any,92,N/A,IPv6,ICMP,N/A,v6,fe80::e48e:99ff:fe5f:147,ff02::179,N/A,N/A,N/A,N/A,N/A,N/A,,,1
1759293310,eth0,71,Ethernet,IPv4,UDP,N/A,v4,172.30.0.220,224.0.0.252,5355,5355,N/A,N/A,N/A,N/A,,,1
1759293310,eth0,91,Ethernet,IPv6,UDP,N/A,v6,fe80::e48e:99ff:fe5f:147,ff02::1:52,5355,5355,N/A,N/A,N/A,N/A,,,1
1759293310,any,73,N/A,IPv4,UDP,N/A,v4,172.30.0.220,224.0.0.252,5355,5355,N/A,N/A,N/A,N/A,,,1
1759293310,eth0,90,Ethernet,IPv6,ICMP,N/A,v6,fe80::e48e:99ff:fe5f:147,ff02::179,N/A,N/A,N/A,N/A,N/A,N/A,,,1
1759293310,any,92,N/A,IPv6,ICMP,N/A,v6,fe80::e48e:99ff:fe5f:147,ff02::179,N/A,N/A,N/A,N/A,N/A,N/A,,,1
1759293310,eth0,360,Ethernet,IPv4,UDP,N/A,v4,0.0.0.0,255.255.255.255,68,67,N/A,N/A,N/A,N/A,,,1
1759293310,any,362,N/A,IPv4,UDP,N/A,v4,0.0.0.0,255.255.255.255,68,67,N/A,N/A,N/A,N/A,,,1
1759293310,eth0,372,Ethernet,IPv4,UDP,N/A,v4,0.0.0.0,255.255.255.255,68,67,N/A,N/A,N/A,N/A,,,1
1759293310,any,374,N/A,IPv4,UDP,N/A,v4,0.0.0.0,255.255.255.255,68,67,N/A,N/A,N/A,N/A,,,1
1759293310,any,112,N/A,IPv6,ICMP,N/A,v6,fe80::f056:abff:fe65:143,ff02::179,N/A,N/A,N/A,N/A,N/A,N/A,,,1
1759293310,eth1,110,Ethernet,IPv6,ICMP,N/A,v6,fe80::f056:abff:fe65:143,ff02::179,N/A,N/A,N/A,N/A,N/A,N/A,,,1
1759293310,eth2,110,Ethernet,IPv6,ICMP,N/A,v6,fe80::dcac:f9ff:fe59:60,ff02::179,N/A,N/A,N/A,N/A,N/A,N/A,,,1
1759293310,eth0,54,Ethernet,IPv4,N/A,N/A,v4,172.30.0.220,224.0.0.22,N/A,N/A,N/A,N/A,N/A,N/A,,,1
1759293310,any,56,N/A,IPv4,N/A,N/A,v4,172.30.0.220,224.0.0.22,N/A,N/A,N/A,N/A,N/A,N/A,,,1
1759293310,eth0,90,Ethernet,IPv6,ICMP,N/A,v6,fe80::ecf9:eff:fefb:55,ff02::179,N/A,N/A,N/A,N/A,N/A,N/A,,,1
1759293310,eth0,56,Ethernet,IPv4,N/A,N/A,v4,172.30.0.89,224.0.0.22,N/A,N/A,N/A,N/A,N/A,N/A,,,1
1759293310,any,92,N/A,IPv6,ICMP,N/A,v6,fe80::ecf9:eff:fefb:55,ff02::179,N/A,N/A,N/A,N/A,N/A,N/A,,,1
1759293310,eth0,110,Ethernet,IPv6,ICMP,N/A,v6,fe80::e48e:99ff:fe5f:147,ff02::179,N/A,N/A,N/A,N/A,N/A,N/A,,,1
1759293310,eth0,87,Ethernet,IPv6,UDP,N/A,v6,fe80::5ca9:83ff:fe87:27,ff02::1:52,5355,5355,N/A,N/A,N/A,N/A,,,0
1759293310,any,89,N/A,IPv6,UDP,N/A,v6,fe80::5ca9:83ff:fe87:27,ff02::1:52,5355,5355,N/A,N/A,N/A,N/A,,,0
1759293310,eth0,356,Ethernet,IPv4,UDP,N/A,v4,0.0.0.0,255.255.255.255,68,67,N/A,N/A,N/A,N/A,,,0
1759293310,any,358,N/A,IPv4,UDP,N/A,v4,0.0.0.0,255.255.255.255,68,67,N/A,N/A,N/A,N/A,,,0
1759293310,eth0,368,Ethernet,IPv4,UDP,N/A,v4,0.0.0.0,255.255.255.255,68,67,N/A,N/A,N/A,N/A,,,0
1759293310,any,370,N/A,IPv4,UDP,N/A,v4,0.0.0.0,255.255.255.255,68,67,N/A,N/A,N/A,N/A,,,0
1759293310,eth1,110,Ethernet,IPv6,ICMP,N/A,v6,fe80::a824:52ff:fe4f:69,ff02::179,N/A,N/A,N/A,N/A,N/A,N/A,,,0
1759293310,any,112,N/A,IPv6,ICMP,N/A,v6,fe80::a824:52ff:fe4f:69,ff02::179,N/A,N/A,N/A,N/A,N/A,N/A,,,0
1759293310,eth0,110,Ethernet,IPv6,ICMP,N/A,v6,fe80::5ca9:83ff:fe87:27,ff02::179,N/A,N/A,N/A,N/A,N/A,N/A,,,0
1759293310,eth0,54,Ethernet,IPv4,N/A,N/A,v4,172.30.0.220,224.0.0.22,N/A,N/A,N/A,N/A,N/A,N/A,,,0
1759293310,any,112,N/A,IPv6,ICMP,N/A,v6,fe80::5ca9:83ff:fe87:27,ff02::179,N/A,N/A,N/A,N/A,N/A,N/A,,,0
1759293310,eth0,42,Ethernet,N/A,N/A,N/A,N/A,N/A,N/A,N/A,N/A,N/A,N/A,N/A,N/A,,,0
1759293310,eth0,56,Ethernet,N/A,N/A,N/A,N/A,N/A,N/A,N/A,N/A,N/A,N/A,N/A,N/A,,,0
1759293310,eth0,56,Ethernet,N/A,N/A,N/A,N/A,N/A,N/A,N/A,N/A,N/A,N/A,N/A,N/A,,,0
1759293310,any,44,ARP,N/A,N/A,N/A,N/A,N/A,N/A,N/A,N/A,1,2048,172.30.0.220,172.30.0.122,,,0
1759293310,any,58,ARP,N/A,N/A,N/A,N/A,N/A,N/A,N/A,N/A,2,2048,172.30.0.122,172.30.0.220,,,0
1759293310,eth0,42,Ethernet,N/A,N/A,N/A,N/A,N/A,N/A,N/A,N/A,N/A,N/A,N/A,N/A,,,1
1759293310,eth0,56,Ethernet,N/A,N/A,N/A,N/A,N/A,N/A,N/A,N/A,N/A,N/A,N/A,N/A,,,1
1759293310,eth0,56,Ethernet,N/A,N/A,N/A,N/A,N/A,N/A,N/A,N/A,N/A,N/A,N/A,N/A,,,1
1759293310,any,112,N/A,IPv6,ICMP,N/A,v6,fe80::e48e:99ff:fe5f:147,ff02::179,N/A,N/A,N/A,N/A,N/A,N/A,,,1
1759293310,any,44,ARP,N/A,N/A,N/A,N/A,N/A,N/A,N/A,N/A,1,2048,172.30.0.220,172.30.0.122,,,1
1759293310,any,58,ARP,N/A,N/A,N/A,N/A,N/A,N/A,N/A,N/A,2,2048,172.30.0.122,172.30.0.220,,,1
1759293310,any,58,ARP,N/A,N/A,N/A,N/A,N/A,N/A,N/A,N/A,2,2048,172.30.0.122,172.30.0.220,,,1
1759293310,eth0,87,Ethernet,IPv6,UDP,N/A,v6,fe80::ecf9:eff:fefb:55,ff02::1:52,5355,5355,N/A,N/A,N/A,N/A,,,1
1759293310,eth0,67,Ethernet,IPv4,UDP,N/A,v4,172.30.0.89,224.0.0.252,5355,5355,N/A,N/A,N/A,N/A,,,1
1759293310,any,89,N/A,IPv6,UDP,N/A,v6,fe80::ecf9:eff:fefb:55,ff02::1:52,5355,5355,N/A,N/A,N/A,N/A,,,1
1759293310,any,56,N/A,IPv4,N/A,N/A,v4,172.30.0.220,224.0.0.22,N/A,N/A,N/A,N/A,N/A,N/A,,,1
1759293310,eth0,54,Ethernet,IPv4,N/A,N/A,v4,172.30.0.220,224.0.0.22,N/A,N/A,N/A,N/A,N/A,N/A,,,1
1759293311,any,112,N/A,IPv6,ICMP,N/A,v6,fe80::a824:52ff:fe4f:69,ff02::179,N/A,N/A,N/A,N/A,N/A,N/A,,,0
1759293311,eth1,110,Ethernet,IPv6,ICMP,N/A,v6,fe80::a824:52ff:fe4f:69,ff02::179,N/A,N/A,N/A,N/A,N/A,N/A,,,0
1759293311,eth0,54,Ethernet,IPv4,N/A,N/A,v4,172.30.0.220,224.0.0.22,N/A,N/A,N/A,N/A,N/A,N/A,,,0
1759293311,any,56,N/A,IPv4,N/A,N/A,v4,172.30.0.220,224.0.0.22,N/A,N/A,N/A,N/A,N/A,N/A,,,0
1759293311,any,72,N/A,IPv6,ICMP,N/A,v6,fe80::a824:52ff:fe4f:69,ff02::204,N/A,N/A,N/A,N/A,N/A,N/A,,,0
1759293311,eth1,70,Ethernet,IPv6,ICMP,N/A,v6,fe80::a824:52ff:fe4f:69,ff02::204,N/A,N/A,N/A,N/A,N/A,N/A,,,0
1759293311,eth0,70,Ethernet,IPv6,ICMP,N/A,v6,fe80::5ca9:83ff:fe87:27,ff02::204,N/A,N/A,N/A,N/A,N/A,N/A,,,0
1759293311,eth0,110,Ethernet,IPv6,ICMP,N/A,v6,fe80::5ca9:83ff:fe87:27,ff02::179,N/A,N/A,N/A,N/A,N/A,N/A,,,0
1759293311,any,112,N/A,IPv6,ICMP,N/A,v6,fe80::5ca9:83ff:fe87:27,ff02::179,N/A,N/A,N/A,N/A,N/A,N/A,,,0
1759293311,any,358,N/A,IPv4,UDP,N/A,v4,0.0.0.0,255.255.255.255,68,67,N/A,N/A,N/A,N/A,,,1
1759293311,eth0,356,Ethernet,IPv4,UDP,N/A,v4,0.0.0.0,255.255.255.255,68,67,N/A,N/A,N/A,N/A,,,1
1759293311,eth0,368,Ethernet,IPv4,UDP,N/A,v4,0.0.0.0,255.255.255.255,68,67,N/A,N/A,N/A,N/A,,,1
1759293311,any,370,N/A,IPv4,UDP,N/A,v4,0.0.0.0,255.255.255.255,68,67,N/A,N/A,N/A,N/A,,,1
1759293311,any,112,N/A,IPv6,ICMP,N/A,v6,fe80::103b:bdff:fef0:169,ff02::179,N/A,N/A,N/A,N/A,N/A,N/A,,,1
1759293311,eth1,110,Ethernet,IPv6,ICMP,N/A,v6,fe80::103b:bdff:fef0:169,ff02::179,N/A,N/A,N/A,N/A,N/A,N/A,,,1
1759293311,any,112,N/A,IPv6,ICMP,N/A,v6,fe80::ecf9:eff:fefb:55,ff02::179,N/A,N/A,N/A,N/A,N/A,N/A,,,1
1759293311,any,58,N/A,IPv4,N/A,N/A,v4,172.30.0.89,224.0.0.22,N/A,N/A,N/A,N/A,N/A,N/A,,,1
1759293311,eth0,110,Ethernet,IPv6,ICMP,N/A,v6,fe80::ecf9:eff:fefb:55,ff02::179,N/A,N/A,N/A,N/A,N/A,N/A,,,1
1759293311,eth0,56,Ethernet,IPv4,N/A,N/A,v4,172.30.0.89,224.0.0.22,N/A,N/A,N/A,N/A,N/A,N/A,,,1
1759293311,eth0,56,Ethernet,N/A,N/A,N/A,N/A,N/A,N/A,N/A,N/A,N/A,N/A,N/A,N/A,,,1
1759293311,any,58,ARP,N/A,N/A,N/A,N/A,N/A,N/A,N/A,N/A,1,2048,172.30.0.89,172.30.0.122,,,1
1759293311,any,112,N/A,IPv6,ICMP,N/A,v6,fe80::f056:abff:fe65:143,ff02::179,N/A,N/A,N/A,N/A,N/A,N/A,,,1
1759293311,any,112,N/A,IPv6,ICMP,N/A,v6,fe80::e48e:99ff:fe5f:147,ff02::179,N/A,N/A,N/A,N/A,N/A,N/A,,,1
1759293311,eth1,110,Ethernet,IPv6,ICMP,N/A,v6,fe80::f056:abff:fe65:143,ff02::179,N/A,N/A,N/A,N/A,N/A,N/A,,,1
1759293311,eth0,110,Ethernet,IPv6,ICMP,N/A,v6,fe80::e48e:99ff:fe5f:147,ff02::179,N/A,N/A,N/A,N/A,N/A,N/A,,,1
1759293311,any,58,N/A,IPv4,N/A,N/A,v4,172.30.0.89,224.0.0.22,N/A,N/A,N/A,N/A,N/A,N/A,,,1
1759293311,eth0,56,Ethernet,IPv4,N/A,N/A,v4,172.30.0.89,224.0.0.22,N/A,N/A,N/A,N/A,N/A,N/A,,,1
1759293311,eth0,110,Ethernet,IPv6,ICMP,N/A,v6,fe80::ecf9:eff:fefb:55,ff02::179,N/A,N/A,N/A,N/A,N/A,N/A,,,1
1759293311,any,112,N/A,IPv6,ICMP,N/A,v6,fe80::ecf9:eff:fefb:55,ff02::179,N/A,N/A,N/A,N/A,N/A,N/A,,,1
1759293311,any,112,N/A,IPv6,ICMP,N/A,v6,fe80::dcac:f9ff:fe59:60,ff02::179,N/A,N/A,N/A,N/A,N/A,N/A,,,1
1759293311,eth2,110,Ethernet,IPv6,ICMP,N/A,v6,fe80::dcac:f9ff:fe59:60,ff02::179,N/A,N/A,N/A,N/A,N/A,N/A,,,1
1759293311,any,72,N/A,IPv6,ICMP,N/A,v6,fe80::dcac:f9ff:fe59:60,ff02::204,N/A,N/A,N/A,N/A,N/A,N/A,,,1
1759293311,eth2,70,Ethernet,IPv6,ICMP,N/A,v6,fe80::dcac:f9ff:fe59:60,ff02::204,N/A,N/A,N/A,N/A,N/A,N/A,,,1
1759293311,eth1,70,Ethernet,IPv6,ICMP,N/A,v6,fe80::f056:abff:fe65:143,ff02::204,N/A,N/A,N/A,N/A,N/A,N/A,,,1
1759293311,eth0,70,Ethernet,IPv6,ICMP,N/A,v6,fe80::e48e:99ff:fe5f:147,ff02::204,N/A,N/A,N/A,N/A,N/A,N/A,,,1
1759293311,any,112,N/A,IPv6,ICMP,N/A,v6,fe80::103b:bdff:fef0:169,ff02::179,N/A,N/A,N/A,N/A,N/A,N/A,,,1
1759293311,eth1,110,Ethernet,IPv6,ICMP,N/A,v6,fe80::103b:bdff:fef0:169,ff02::179,N/A,N/A,N/A,N/A,N/A,N/A,,,1
1759293312,eth0,111,Ethernet,N/A,N/A,N/A,N/A,N/A,N/A,N/A,N/A,N/A,N/A,N/A,N/A,,,1
1759293312,any,113,N/A,N/A,N/A,N/A,N/A,N/A,N/A,N/A,N/A,N/A,N/A,N/A,N/A,,,1
1759293312,eth1,70,Ethernet,IPv6,ICMP,N/A,v6,fe80::103b:bdff:fef0:169,ff02::204,N/A,N/A,N/A,N/A,N/A,N/A,,,1
1759293312,eth0,70,Ethernet,IPv6,ICMP,N/A,v6,fe80::ecf9:eff:fefb:55,ff02::204,N/A,N/A,N/A,N/A,N/A,N/A,,,1
1759293312,any,72,N/A,IPv6,ICMP,N/A,v6,fe80::ecf9:eff:fefb:55,ff02::204,N/A,N/A,N/A,N/A,N/A,N/A,,,1
1759293312,any,109,N/A,N/A,N/A,N/A,N/A,N/A,N/A,N/A,N/A,N/A,N/A,N/A,N/A,,,0
1759293312,eth0,107,Ethernet,N/A,N/A,N/A,N/A,N/A,N/A,N/A,N/A,N/A,N/A,N/A,N/A,,,0
1759293313,eth1,70,Ethernet,IPv6,ICMP,N/A,v6,fe80::780a:a9ff:fee6:89,ff02::204,N/A,N/A,N/A,N/A,N/A,N/A,,,1
1759293313,any,72,N/A,IPv6,ICMP,N/A,v6,fe80::780a:a9ff:fee6:89,ff02::204,N/A,N/A,N/A,N/A,N/A,N/A,,,1
1759293313,any,113,N/A,N/A,N/A,N/A,N/A,N/A,N/A,N/A,N/A,N/A,N/A,N/A,N/A,,,1
1759293313,eth0,111,Ethernet,N/A,N/A,N/A,N/A,N/A,N/A,N/A,N/A,N/A,N/A,N/A,N/A,,,1
1759293313,eth0,70,Ethernet,IPv6,ICMP,N/A,v6,fe80::b0b5:44ff:feea:219,ff02::204,N/A,N/A,N/A,N/A,N/A,N/A,,,1
1759293313,any,72,N/A,IPv6,ICMP,N/A,v6,fe80::b0b5:44ff:feea:219,ff02::204,N/A,N/A,N/A,N/A,N/A,N/A,,,1
1759293313,eth0,90,Ethernet,IPv6,ICMP,N/A,v6,fe80::b0b5:44ff:feea:219,ff02::179,N/A,N/A,N/A,N/A,N/A,N/A,,,1
1759293313,eth0,54,Ethernet,IPv4,N/A,N/A,v4,172.30.0.163,224.0.0.22,N/A,N/A,N/A,N/A,N/A,N/A,,,1
1759293313,any,92,N/A,IPv6,ICMP,N/A,v6,fe80::b0b5:44ff:feea:219,ff02::179,N/A,N/A,N/A,N/A,N/A,N/A,,,1
1759293313,any,90,N/A,IPv6,UDP,N/A,v6,fe80::b0b5:44ff:feea:219,ff02::1:52,5355,5355,N/A,N/A,N/A,N/A,,,1
1759293313,eth0,88,Ethernet,IPv6,UDP,N/A,v6,fe80::b0b5:44ff:feea:219,ff02::1:52,5355,5355,N/A,N/A,N/A,N/A,,,1
1759293313,eth0,68,Ethernet,IPv4,UDP,N/A,v4,172.30.0.163,224.0.0.252,5355,5355,N/A,N/A,N/A,N/A,,,1
1759293313,any,70,N/A,IPv4,UDP,N/A,v4,172.30.0.163,224.0.0.252,5355,5355,N/A,N/A,N/A,N/A,,,1
1759293313,any,359,N/A,IPv4,UDP,N/A,v4,0.0.0.0,255.255.255.255,68,67,N/A,N/A,N/A,N/A,,,1
1759293313,eth0,357,Ethernet,IPv4,UDP,N/A,v4,0.0.0.0,255.255.255.255,68,67,N/A,N/A,N/A,N/A,,,1
1759293313,eth0,369,Ethernet,IPv4,UDP,N/A,v4,0.0.0.0,255.255.255.255,68,67,N/A,N/A,N/A,N/A,,,1
1759293313,any,371,N/A,IPv4,UDP,N/A,v4,0.0.0.0,255.255.255.255,68,67,N/A,N/A,N/A,N/A,,,1
1759293313,any,112,N/A,IPv6,ICMP,N/A,v6,fe80::b0b5:44ff:feea:219,ff02::179,N/A,N/A,N/A,N/A,N/A,N/A,,,1
1759293313,eth1,110,Ethernet,IPv6,ICMP,N/A,v6,fe80::780a:a9ff:fee6:89,ff02::179,N/A,N/A,N/A,N/A,N/A,N/A,,,1
1759293313,eth0,110,Ethernet,IPv6,ICMP,N/A,v6,fe80::b0b5:44ff:feea:219,ff02::179,N/A,N/A,N/A,N/A,N/A,N/A,,,1
1759293313,any,112,N/A,IPv6,ICMP,N/A,v6,fe80::b0b5:44ff:feea:219,ff02::179,N/A,N/A,N/A,N/A,N/A,N/A,,,1
1759293313,eth0,110,Ethernet,IPv6,ICMP,N/A,v6,fe80::b0b5:44ff:feea:219,ff02::179,N/A,N/A,N/A,N/A,N/A,N/A,,,1
1759293313,eth0,54,Ethernet,IPv4,N/A,N/A,v4,172.30.0.163,224.0.0.22,N/A,N/A,N/A,N/A,N/A,N/A,,,1
1759293313,eth0,42,Ethernet,N/A,N/A,N/A,N/A,N/A,N/A,N/A,N/A,N/A,N/A,N/A,N/A,,,1
1759293313,any,44,ARP,N/A,N/A,N/A,N/A,N/A,N/A,N/A,N/A,1,2048,172.30.0.163,172.30.0.122,,,1
1759293313,eth0,107,Ethernet,N/A,N/A,N/A,N/A,N/A,N/A,N/A,N/A,N/A,N/A,N/A,N/A,,,0
1759293313,any,109,N/A,N/A,N/A,N/A,N/A,N/A,N/A,N/A,N/A,N/A,N/A,N/A,N/A,,,0
1759293314,any,72,N/A,IPv6,ICMP,N/A,v6,fe80::7827:e3ff:fe68:239,ff02::204,N/A,N/A,N/A,N/A,N/A,N/A,,,1
1759293314,eth1,70,Ethernet,IPv6,ICMP,N/A,v6,fe80::7827:e3ff:fe68:239,ff02::204,N/A,N/A,N/A,N/A,N/A,N/A,,,1
1759293314,any,112,N/A,IPv6,ICMP,N/A,v6,fe80::780a:a9ff:fee6:89,ff02::179,N/A,N/A,N/A,N/A,N/A,N/A,,,1
1759293314,eth1,110,Ethernet,IPv6,ICMP,N/A,v6,fe80::780a:a9ff:fee6:89,ff02::179,N/A,N/A,N/A,N/A,N/A,N/A,,,1
1759293314,any,72,N/A,IPv6,ICMP,N/A,v6,fe80::24f1:23ff:fe29:66,ff02::204,N/A,N/A,N/A,N/A,N/A,N/A,,,1
1759293314,eth0,70,Ethernet,IPv6,ICMP,N/A,v6,fe80::24f1:23ff:fe29:66,ff02::204,N/A,N/A,N/A,N/A,N/A,N/A,,,1
1759293314,any,92,N/A,IPv6,ICMP,N/A,v6,fe80::24f1:23ff:fe29:66,ff02::179,N/A,N/A,N/A,N/A,N/A,N/A,,,1
1759293314,eth0,90,Ethernet,IPv6,ICMP,N/A,v6,fe80::24f1:23ff:fe29:66,ff02::179,N/A,N/A,N/A,N/A,N/A,N/A,,,1
1759293314,eth0,54,Ethernet,IPv4,N/A,N/A,v4,172.30.0.23,224.0.0.22,N/A,N/A,N/A,N/A,N/A,N/A,,,1
1759293314,eth0,87,Ethernet,IPv6,UDP,N/A,v6,fe80::24f1:23ff:fe29:66,ff02::1:52,5355,5355,N/A,N/A,N/A,N/A,,,1
1759293314,any,89,N/A,IPv6,UDP,N/A,v6,fe80::24f1:23ff:fe29:66,ff02::1:52,5355,5355,N/A,N/A,N/A,N/A,,,1
1759293314,any,358,N/A,IPv4,UDP,N/A,v4,0.0.0.0,255.255.255.255,68,67,N/A,N/A,N/A,N/A,,,1
1759293314,eth0,356,Ethernet,IPv4,UDP,N/A,v4,0.0.0.0,255.255.255.255,68,67,N/A,N/A,N/A,N/A,,,1
1759293314,eth0,368,Ethernet,IPv4,UDP,N/A,v4,0.0.0.0,255.255.255.255,68,67,N/A,N/A,N/A,N/A,,,1
1759293314,any,370,N/A,IPv4,UDP,N/A,v4,0.0.0.0,255.255.255.255,68,67,N/A,N/A,N/A,N/A,,,1
1759293314,any,112,N/A,IPv6,ICMP,N/A,v6,fe80::7827:e3ff:fe68:239,ff02::179,N/A,N/A,N/A,N/A,N/A,N/A,,,1
1759293314,eth1,110,Ethernet,IPv6,ICMP,N/A,v6,fe80::7827:e3ff:fe68:239,ff02::179,N/A,N/A,N/A,N/A,N/A,N/A,,,1
1759293314,any,112,N/A,IPv6,ICMP,N/A,v6,fe80::24f1:23ff:fe29:66,ff02::179,N/A,N/A,N/A,N/A,N/A,N/A,,,1
1759293314,eth0,110,Ethernet,IPv6,ICMP,N/A,v6,fe80::24f1:23ff:fe29:66,ff02::179,N/A,N/A,N/A,N/A,N/A,N/A,,,1
1759293314,eth0,54,Ethernet,IPv4,N/A,N/A,v4,172.30.0.23,224.0.0.22,N/A,N/A,N/A,N/A,N/A,N/A,,,1
1759293314,eth0,42,Ethernet,N/A,N/A,N/A,N/A,N/A,N/A,N/A,N/A,N/A,N/A,N/A,N/A,,,1
1759293314,any,44,ARP,N/A,N/A,N/A,N/A,N/A,N/A,N/A,N/A,1,2048,172.30.0.23,172.30.0.122,,,1
1759293314,any,56,N/A,IPv4,N/A,N/A,v4,172.30.0.163,224.0.0.22,N/A,N/A,N/A,N/A,N/A,N/A,,,1
1759293314,eth0,54,Ethernet,IPv4,N/A,N/A,v4,172.30.0.163,224.0.0.22,N/A,N/A,N/A,N/A,N/A,N/A,,,1
1759293314,eth0,111,Ethernet,N/A,N/A,N/A,N/A,N/A,N/A,N/A,N/A,N/A,N/A,N/A,N/A,,,1
1759293314,any,113,N/A,N/A,N/A,N/A,N/A,N/A,N/A,N/A,N/A,N/A,N/A,N/A,N/A,,,1
1759293314,eth0,90,Ethernet,IPv6,ICMP,N/A,v6,fe80::b0b5:44ff:feea:219,ff02::179,N/A,N/A,N/A,N/A,N/A,N/A,,,1
1759293314,any,92,N/A,IPv6,ICMP,N/A,v6,fe80::b0b5:44ff:feea:219,ff02::179,N/A,N/A,N/A,N/A,N/A,N/A,,,1
1759293314,any,112,N/A,IPv6,ICMP,N/A,v6,fe80::24f1:23ff:fe29:66,ff02::179,N/A,N/A,N/A,N/A,N/A,N/A,,,1
1759293314,eth0,110,Ethernet,IPv6,ICMP,N/A,v6,fe80::24f1:23ff:fe29:66,ff02::179,N/A,N/A,N/A,N/A,N/A,N/A,,,1
1759293314,any,109,N/A,N/A,N/A,N/A,N/A,N/A,N/A,N/A,N/A,N/A,N/A,N/A,N/A,,,0
1759293314,eth0,107,Ethernet,N/A,N/A,N/A,N/A,N/A,N/A,N/A,N/A,N/A,N/A,N/A,N/A,,,0
1759293314,eth0,90,Ethernet,IPv6,ICMP,N/A,v6,fe80::5ca9:83ff:fe87:27,ff02::179,N/A,N/A,N/A,N/A,N/A,N/A,,,0
1759293314,eth0,54,Ethernet,IPv4,N/A,N/A,v4,172.30.0.220,224.0.0.22,N/A,N/A,N/A,N/A,N/A,N/A,,,0
1759293314,any,92,N/A,IPv6,ICMP,N/A,v6,fe80::5ca9:83ff:fe87:27,ff02::179,N/A,N/A,N/A,N/A,N/A,N/A,,,0
1759293314,eth0,356,Ethernet,IPv4,UDP,N/A,v4,0.0.0.0,255.255.255.255,68,67,N/A,N/A,N/A,N/A,,,0
1759293314,any,358,N/A,IPv4,UDP,N/A,v4,0.0.0.0,255.255.255.255,68,67,N/A,N/A,N/A,N/A,,,0
1759293314,eth0,368,Ethernet,IPv4,UDP,N/A,v4,0.0.0.0,255.255.255.255,68,67,N/A,N/A,N/A,N/A,,,0
1759293314,any,370,N/A,IPv4,UDP,N/A,v4,0.0.0.0,255.255.255.255,68,67,N/A,N/A,N/A,N/A,,,0
1759293314,eth1,110,Ethernet,IPv6,ICMP,N/A,v6,fe80::a824:52ff:fe4f:69,ff02::179,N/A,N/A,N/A,N/A,N/A,N/A,,,0
1759293314,any,56,N/A,IPv4,N/A,N/A,v4,172.30.0.220,224.0.0.22,N/A,N/A,N/A,N/A,N/A,N/A,,,0
1759293314,eth0,54,Ethernet,IPv4,N/A,N/A,v4,172.30.0.220,224.0.0.22,N/A,N/A,N/A,N/A,N/A,N/A,,,0
1759293314,any,112,N/A,IPv6,ICMP,N/A,v6,fe80::5ca9:83ff:fe87:27,ff02::179,N/A,N/A,N/A,N/A,N/A,N/A,,,0
1759293314,eth0,110,Ethernet,IPv6,ICMP,N/A,v6,fe80::5ca9:83ff:fe87:27,ff02::179,N/A,N/A,N/A,N/A,N/A,N/A,,,0
1759293314,any,72,N/A,IPv6,ICMP,N/A,v6,fe80::b0b5:44ff:feea:219,ff02::204,N/A,N/A,N/A,N/A,N/A,N/A,,,1
1759293314,eth1,70,Ethernet,IPv6,ICMP,N/A,v6,fe80::780a:a9ff:fee6:89,ff02::204,N/A,N/A,N/A,N/A,N/A,N/A,,,1
1759293314,eth0,70,Ethernet,IPv6,ICMP,N/A,v6,fe80::b0b5:44ff:feea:219,ff02::204,N/A,N/A,N/A,N/A,N/A,N/A,,,1
1759293314,eth0,90,Ethernet,IPv6,ICMP,N/A,v6,fe80::e48e:99ff:fe5f:147,ff02::179,N/A,N/A,N/A,N/A,N/A,N/A,,,1
1759293314,eth0,54,Ethernet,IPv4,N/A,N/A,v4,172.30.0.220,224.0.0.22,N/A,N/A,N/A,N/A,N/A,N/A,,,1
1759293314,any,92,N/A,IPv6,ICMP,N/A,v6,fe80::e48e:99ff:fe5f:147,ff02::179,N/A,N/A,N/A,N/A,N/A,N/A,,,1
1759293314,eth0,90,Ethernet,IPv6,ICMP,N/A,v6,fe80::ecf9:eff:fefb:55,ff02::179,N/A,N/A,N/A,N/A,N/A,N/A,,,1
1759293314,eth0,56,Ethernet,IPv4,N/A,N/A,v4,172.30.0.89,224.0.0.22,N/A,N/A,N/A,N/A,N/A,N/A,,,1
1759293314,any,92,N/A,IPv6,ICMP,N/A,v6,fe80::ecf9:eff:fefb:55,ff02::179,N/A,N/A,N/A,N/A,N/A,N/A,,,1
1759293314,any,58,N/A,IPv4,N/A,N/A,v4,172.30.0.89,224.0.0.22,N/A,N/A,N/A,N/A,N/A,N/A,,,1
1759293315,any,112,N/A,IPv6,ICMP,N/A,v6,fe80::a824:52ff:fe4f:69,ff02::179,N/A,N/A,N/A,N/A,N/A,N/A,,,0
1759293315,eth1,110,Ethernet,IPv6,ICMP,N/A,v6,fe80::a824:52ff:fe4f:69,ff02::179,N/A,N/A,N/A,N/A,N/A,N/A,,,0
1759293315,any,112,N/A,IPv6,ICMP,N/A,v6,fe80::5ca9:83ff:fe87:27,ff02::179,N/A,N/A,N/A,N/A,N/A,N/A,,,0
1759293315,eth0,110,Ethernet,IPv6,ICMP,N/A,v6,fe80::5ca9:83ff:fe87:27,ff02::179,N/A,N/A,N/A,N/A,N/A,N/A,,,0
1759293315,eth0,70,Ethernet,IPv6,ICMP,N/A,v6,fe80::5ca9:83ff:fe87:27,ff02::204,N/A,N/A,N/A,N/A,N/A,N/A,,,0
1759293315,any,72,N/A,IPv6,ICMP,N/A,v6,fe80::a824:52ff:fe4f:69,ff02::204,N/A,N/A,N/A,N/A,N/A,N/A,,,0
1759293315,any,72,N/A,IPv6,ICMP,N/A,v6,fe80::5ca9:83ff:fe87:27,ff02::204,N/A,N/A,N/A,N/A,N/A,N/A,,,0
1759293315,eth0,71,Ethernet,IPv4,UDP,N/A,v4,172.30.0.220,224.0.0.252,5355,5355,N/A,N/A,N/A,N/A,,,1
1759293315,any,73,N/A,IPv4,UDP,N/A,v4,172.30.0.220,224.0.0.252,5355,5355,N/A,N/A,N/A,N/A,,,1
1759293315,eth0,67,Ethernet,IPv4,UDP,N/A,v4,172.30.0.89,224.0.0.252,5355,5355,N/A,N/A,N/A,N/A,,,1
1759293315,eth0,91,Ethernet,IPv6,UDP,N/A,v6,fe80::e48e:99ff:fe5f:147,ff02::1:52,5355,5355,N/A,N/A,N/A,N/A,,,1
1759293315,any,69,N/A,IPv4,UDP,N/A,v4,172.30.0.89,224.0.0.252,5355,5355,N/A,N/A,N/A,N/A,,,1
1759293315,eth0,360,Ethernet,IPv4,UDP,N/A,v4,0.0.0.0,255.255.255.255,68,67,N/A,N/A,N/A,N/A,,,1
1759293315,any,362,N/A,IPv4,UDP,N/A,v4,0.0.0.0,255.255.255.255,68,67,N/A,N/A,N/A,N/A,,,1
1759293315,eth0,372,Ethernet,IPv4,UDP,N/A,v4,0.0.0.0,255.255.255.255,68,67,N/A,N/A,N/A,N/A,,,1
1759293315,any,374,N/A,IPv4,UDP,N/A,v4,0.0.0.0,255.255.255.255,68,67,N/A,N/A,N/A,N/A,,,1
1759293315,eth2,110,Ethernet,IPv6,ICMP,N/A,v6,fe80::dcac:f9ff:fe59:60,ff02::179,N/A,N/A,N/A,N/A,N/A,N/A,,,1
1759293315,any,112,N/A,IPv6,ICMP,N/A,v6,fe80::f056:abff:fe65:143,ff02::179,N/A,N/A,N/A,N/A,N/A,N/A,,,1
1759293315,eth1,110,Ethernet,IPv6,ICMP,N/A,v6,fe80::f056:abff:fe65:143,ff02::179,N/A,N/A,N/A,N/A,N/A,N/A,,,1
1759293315,any,112,N/A,IPv6,ICMP,N/A,v6,fe80::e48e:99ff:fe5f:147,ff02::179,N/A,N/A,N/A,N/A,N/A,N/A,,,1
1759293315,eth0,110,Ethernet,IPv6,ICMP,N/A,v6,fe80::e48e:99ff:fe5f:147,ff02::179,N/A,N/A,N/A,N/A,N/A,N/A,,,1
1759293315,eth0,54,Ethernet,IPv4,N/A,N/A,v4,172.30.0.220,224.0.0.22,N/A,N/A,N/A,N/A,N/A,N/A,,,1
1759293315,eth0,42,Ethernet,N/A,N/A,N/A,N/A,N/A,N/A,N/A,N/A,N/A,N/A,N/A,N/A,,,1
1759293315,eth0,56,Ethernet,N/A,N/A,N/A,N/A,N/A,N/A,N/A,N/A,N/A,N/A,N/A,N/A,,,1
1759293315,eth0,56,Ethernet,N/A,N/A,N/A,N/A,N/A,N/A,N/A,N/A,N/A,N/A,N/A,N/A,,,1
1759293315,eth0,70,Ethernet,IPv6,ICMP,N/A,v6,fe80::24f1:23ff:fe29:66,ff02::204,N/A,N/A,N/A,N/A,N/A,N/A,,,1
1759293315,eth0,356,Ethernet,IPv4,UDP,N/A,v4,0.0.0.0,255.255.255.255,68,67,N/A,N/A,N/A,N/A,,,1
1759293315,eth0,368,Ethernet,IPv4,UDP,N/A,v4,0.0.0.0,255.255.255.255,68,67,N/A,N/A,N/A,N/A,,,1
1759293315,any,44,ARP,N/A,N/A,N/A,N/A,N/A,N/A,N/A,N/A,1,2048,172.30.0.220,172.30.0.122,,,1
1759293315,any,58,ARP,N/A,N/A,N/A,N/A,N/A,N/A,N/A,N/A,2,2048,172.30.0.122,172.30.0.220,,,1
1759293315,any,58,ARP,N/A,N/A,N/A,N/A,N/A,N/A,N/A,N/A,2,2048,172.30.0.122,172.30.0.220,,,1
1759293315,any,72,N/A,IPv6,ICMP,N/A,v6,fe80::24f1:23ff:fe29:66,ff02::204,N/A,N/A,N/A,N/A,N/A,N/A,,,1
1759293315,any,358,N/A,IPv4,UDP,N/A,v4,0.0.0.0,255.255.255.255,68,67,N/A,N/A,N/A,N/A,,,1
1759293315,eth1,70,Ethernet,IPv6,ICMP,N/A,v6,fe80::7827:e3ff:fe68:239,ff02::204,N/A,N/A,N/A,N/A,N/A,N/A,,,1
1759293315,any,112,N/A,IPv6,ICMP,N/A,v6,fe80::103b:bdff:fef0:169,ff02::179,N/A,N/A,N/A,N/A,N/A,N/A,,,1
1759293315,eth1,110,Ethernet,IPv6,ICMP,N/A,v6,fe80::103b:bdff:fef0:169,ff02::179,N/A,N/A,N/A,N/A,N/A,N/A,,,1
1759293315,any,112,N/A,IPv6,ICMP,N/A,v6,fe80::ecf9:eff:fefb:55,ff02::179,N/A,N/A,N/A,N/A,N/A,N/A,,,1
1759293315,any,58,N/A,IPv4,N/A,N/A,v4,172.30.0.89,224.0.0.22,N/A,N/A,N/A,N/A,N/A,N/A,,,1
1759293315,eth0,110,Ethernet,IPv6,ICMP,N/A,v6,fe80::ecf9:eff:fefb:55,ff02::179,N/A,N/A,N/A,N/A,N/A,N/A,,,1
1759293315,eth0,56,Ethernet,IPv4,N/A,N/A,v4,172.30.0.89,224.0.0.22,N/A,N/A,N/A,N/A,N/A,N/A,,,1
1759293315,any,58,ARP,N/A,N/A,N/A,N/A,N/A,N/A,N/A,N/A,1,2048,172.30.0.89,172.30.0.122,,,1
1759293315,eth0,56,Ethernet,N/A,N/A,N/A,N/A,N/A,N/A,N/A,N/A,N/A,N/A,N/A,N/A,,,1
1759293315,any,112,N/A,IPv6,ICMP,N/A,v6,fe80::7827:e3ff:fe68:239,ff02::179,N/A,N/A,N/A,N/A,N/A,N/A,,,1
1759293315,eth1,110,Ethernet,IPv6,ICMP,N/A,v6,fe80::7827:e3ff:fe68:239,ff02::179,N/A,N/A,N/A,N/A,N/A,N/A,,,1
1759293315,any,112,N/A,IPv6,ICMP,N/A,v6,fe80::e48e:99ff:fe5f:147,ff02::179,N/A,N/A,N/A,N/A,N/A,N/A,,,1
1759293315,eth0,110,Ethernet,IPv6,ICMP,N/A,v6,fe80::e48e:99ff:fe5f:147,ff02::179,N/A,N/A,N/A,N/A,N/A,N/A,,,1
1759293315,any,112,N/A,IPv6,ICMP,N/A,v6,fe80::103b:bdff:fef0:169,ff02::179,N/A,N/A,N/A,N/A,N/A,N/A,,,1
1759293315,any,112,N/A,IPv6,ICMP,N/A,v6,fe80::dcac:f9ff:fe59:60,ff02::179,N/A,N/A,N/A,N/A,N/A,N/A,,,1
1759293315,eth1,110,Ethernet,IPv6,ICMP,N/A,v6,fe80::103b:bdff:fef0:169,ff02::179,N/A,N/A,N/A,N/A,N/A,N/A,,,1
1759293315,eth2,110,Ethernet,IPv6,ICMP,N/A,v6,fe80::dcac:f9ff:fe59:60,ff02::179,N/A,N/A,N/A,N/A,N/A,N/A,,,1
1759293315,eth0,54,Ethernet,IPv4,N/A,N/A,v4,172.30.0.23,224.0.0.22,N/A,N/A,N/A,N/A,N/A,N/A,,,1
1759293315,any,56,N/A,IPv4,N/A,N/A,v4,172.30.0.23,224.0.0.22,N/A,N/A,N/A,N/A,N/A,N/A,,,1
1759293315,eth2,70,Ethernet,IPv6,ICMP,N/A,v6,fe80::dcac:f9ff:fe59:60,ff02::204,N/A,N/A,N/A,N/A,N/A,N/A,,,1
1759293315,any,72,N/A,IPv6,ICMP,N/A,v6,fe80::dcac:f9ff:fe59:60,ff02::204,N/A,N/A,N/A,N/A,N/A,N/A,,,1
1759293315,eth0,70,Ethernet,IPv6,ICMP,N/A,v6,fe80::e48e:99ff:fe5f:147,ff02::204,N/A,N/A,N/A,N/A,N/A,N/A,,,1
1759293315,any,72,N/A,IPv6,ICMP,N/A,v6,fe80::e48e:99ff:fe5f:147,ff02::204,N/A,N/A,N/A,N/A,N/A,N/A,,,1
1759293315,eth1,70,Ethernet,IPv6,ICMP,N/A,v6,fe80::f056:abff:fe65:143,ff02::204,N/A,N/A,N/A,N/A,N/A,N/A,,,1
1759293315,any,72,N/A,IPv6,ICMP,N/A,v6,fe80::f056:abff:fe65:143,ff02::204,N/A,N/A,N/A,N/A,N/A,N/A,,,1
1759293315,any,58,N/A,IPv4,N/A,N/A,v4,172.30.0.89,224.0.0.22,N/A,N/A,N/A,N/A,N/A,N/A,,,1
1759293315,eth0,56,Ethernet,IPv4,N/A,N/A,v4,172.30.0.89,224.0.0.22,N/A,N/A,N/A,N/A,N/A,N/A,,,1
1759293315,any,112,N/A,IPv6,ICMP,N/A,v6,fe80::f056:abff:fe65:143,ff02::179,N/A,N/A,N/A,N/A,N/A,N/A,,,1
1759293315,eth1,110,Ethernet,IPv6,ICMP,N/A,v6,fe80::f056:abff:fe65:143,ff02::179,N/A,N/A,N/A,N/A,N/A,N/A,,,1
1759293315,eth0,54,Ethernet,IPv4,N/A,N/A,v4,172.30.0.220,224.0.0.22,N/A,N/A,N/A,N/A,N/A,N/A,,,1
1759293315,any,56,N/A,IPv4,N/A,N/A,v4,172.30.0.220,224.0.0.22,N/A,N/A,N/A,N/A,N/A,N/A,,,1
1759293315,eth0,110,Ethernet,IPv6,ICMP,N/A,v6,fe80::ecf9:eff:fefb:55,ff02::179,N/A,N/A,N/A,N/A,N/A,N/A,,,1
1759293315,any,112,N/A,IPv6,ICMP,N/A,v6,fe80::ecf9:eff:fefb:55,ff02::179,N/A,N/A,N/A,N/A,N/A,N/A,,,1
1759293315,any,44,ARP,N/A,N/A,N/A,N/A,N/A,N/A,N/A,N/A,1,2048,172.30.0.220,172.30.0.122,,,0
1759293315,any,58,ARP,N/A,N/A,N/A,N/A,N/A,N/A,N/A,N/A,2,2048,172.30.0.122,172.30.0.220,,,0
1759293315,eth1,70,Ethernet,IPv6,ICMP,N/A,v6,fe80::a824:52ff:fe4f:69,ff02::204,N/A,N/A,N/A,N/A,N/A,N/A,,,0
1759293315,eth0,42,Ethernet,N/A,N/A,N/A,N/A,N/A,N/A,N/A,N/A,N/A,N/A,N/A,N/A,,,0
1759293315,eth0,56,Ethernet,N/A,N/A,N/A,N/A,N/A,N/A,N/A,N/A,N/A,N/A,N/A,N/A,,,0
1759293315,eth0,56,Ethernet,N/A,N/A,N/A,N/A,N/A,N/A,N/A,N/A,N/A,N/A,N/A,N/A,,,0
1759293315,any,56,N/A,IPv4,N/A,N/A,v4,172.30.0.220,224.0.0.22,N/A,N/A,N/A,N/A,N/A,N/A,,,0
1759293315,eth0,54,Ethernet,IPv4,N/A,N/A,v4,172.30.0.220,224.0.0.22,N/A,N/A,N/A,N/A,N/A,N/A,,,0
1759293316,eth1,70,Ethernet,IPv6,ICMP,N/A,v6,fe80::103b:bdff:fef0:169,ff02::204,N/A,N/A,N/A,N/A,N/A,N/A,,,1
1759293316,any,72,N/A,IPv6,ICMP,N/A,v6,fe80::ecf9:eff:fefb:55,ff02::204,N/A,N/A,N/A,N/A,N/A,N/A,,,1
1759293316,any,72,N/A,IPv6,ICMP,N/A,v6,fe80::103b:bdff:fef0:169,ff02::204,N/A,N/A,N/A,N/A,N/A,N/A,,,1
1759293316,eth0,70,Ethernet,IPv6,ICMP,N/A,v6,fe80::ecf9:eff:fefb:55,ff02::204,N/A,N/A,N/A,N/A,N/A,N/A,,,1
1759293316,any,113,N/A,N/A,N/A,N/A,N/A,N/A,N/A,N/A,N/A,N/A,N/A,N/A,N/A,,,1
1759293316,eth0,111,Ethernet,N/A,N/A,N/A,N/A,N/A,N/A,N/A,N/A,N/A,N/A,N/A,N/A,,,1
1759293316,eth0,107,Ethernet,N/A,N/A,N/A,N/A,N/A,N/A,N/A,N/A,N/A,N/A,N/A,N/A,,,0
1759293316,any,109,N/A,N/A,N/A,N/A,N/A,N/A,N/A,N/A,N/A,N/A,N/A,N/A,N/A,,,0
1759293317,eth0,111,Ethernet,N/A,N/A,N/A,N/A,N/A,N/A,N/A,N/A,N/A,N/A,N/A,N/A,,,1
1759293317,any,113,N/A,N/A,N/A,N/A,N/A,N/A,N/A,N/A,N/A,N/A,N/A,N/A,N/A,,,1
1759293317,any,92,N/A,IPv6,ICMP,N/A,v6,fe80::b0b5:44ff:feea:219,ff02::179,N/A,N/A,N/A,N/A,N/A,N/A,,,1
1759293317,eth0,90,Ethernet,IPv6,ICMP,N/A,v6,fe80::b0b5:44ff:feea:219,ff02::179,N/A,N/A,N/A,N/A,N/A,N/A,,,1
1759293317,eth0,54,Ethernet,IPv4,N/A,N/A,v4,172.30.0.163,224.0.0.22,N/A,N/A,N/A,N/A,N/A,N/A,,,1
1759293317,eth0,68,Ethernet,IPv4,UDP,N/A,v4,172.30.0.163,224.0.0.252,5355,5355,N/A,N/A,N/A,N/A,,,1
1759293317,any,70,N/A,IPv4,UDP,N/A,v4,172.30.0.163,224.0.0.252,5355,5355,N/A,N/A,N/A,N/A,,,1
1759293317,any,90,N/A,IPv6,UDP,N/A,v6,fe80::b0b5:44ff:feea:219,ff02::1:52,5355,5355,N/A,N/A,N/A,N/A,,,1
1759293317,eth0,88,Ethernet,IPv6,UDP,N/A,v6,fe80::b0b5:44ff:feea:219,ff02::1:52,5355,5355,N/A,N/A,N/A,N/A,,,1
1759293317,eth0,357,Ethernet,IPv4,UDP,N/A,v4,0.0.0.0,255.255.255.255,68,67,N/A,N/A,N/A,N/A,,,1
1759293317,eth0,369,Ethernet,IPv4,UDP,N/A,v4,0.0.0.0,255.255.255.255,68,67,N/A,N/A,N/A,N/A,,,1
1759293317,any,359,N/A,IPv4,UDP,N/A,v4,0.0.0.0,255.255.255.255,68,67,N/A,N/A,N/A,N/A,,,1
1759293317,eth1,110,Ethernet,IPv6,ICMP,N/A,v6,fe80::780a:a9ff:fee6:89,ff02::179,N/A,N/A,N/A,N/A,N/A,N/A,,,1
1759293317,any,112,N/A,IPv6,ICMP,N/A,v6,fe80::780a:a9ff:fee6:89,ff02::179,N/A,N/A,N/A,N/A,N/A,N/A,,,1
1759293317,eth0,110,Ethernet,IPv6,ICMP,N/A,v6,fe80::b0b5:44ff:feea:219,ff02::179,N/A,N/A,N/A,N/A,N/A,N/A,,,1
1759293317,eth0,54,Ethernet,IPv4,N/A,N/A,v4,172.30.0.163,224.0.0.22,N/A,N/A,N/A,N/A,N/A,N/A,,,1
1759293317,any,112,N/A,IPv6,ICMP,N/A,v6,fe80::b0b5:44ff:feea:219,ff02::179,N/A,N/A,N/A,N/A,N/A,N/A,,,1
1759293317,any,56,N/A,IPv4,N/A,N/A,v4,172.30.0.163,224.0.0.22,N/A,N/A,N/A,N/A,N/A,N/A,,,1
1759293317,eth0,107,Ethernet,N/A,N/A,N/A,N/A,N/A,N/A,N/A,N/A,N/A,N/A,N/A,N/A,,,0
1759293317,any,109,N/A,N/A,N/A,N/A,N/A,N/A,N/A,N/A,N/A,N/A,N/A,N/A,N/A,,,0
1759293318,eth0,90,Ethernet,IPv6,ICMP,N/A,v6,fe80::24f1:23ff:fe29:66,ff02::179,N/A,N/A,N/A,N/A,N/A,N/A,,,1
1759293318,eth0,54,Ethernet,IPv4,N/A,N/A,v4,172.30.0.23,224.0.0.22,N/A,N/A,N/A,N/A,N/A,N/A,,,1
1759293318,any,92,N/A,IPv6,ICMP,N/A,v6,fe80::24f1:23ff:fe29:66,ff02::179,N/A,N/A,N/A,N/A,N/A,N/A,,,1
1759293318,any,69,N/A,IPv4,UDP,N/A,v4,172.30.0.23,224.0.0.252,5355,5355,N/A,N/A,N/A,N/A,,,1
1759293318,eth0,67,Ethernet,IPv4,UDP,N/A,v4,172.30.0.23,224.0.0.252,5355,5355,N/A,N/A,N/A,N/A,,,1
1759293318,eth0,87,Ethernet,IPv6,UDP,N/A,v6,fe80::24f1:23ff:fe29:66,ff02::1:52,5355,5355,N/A,N/A,N/A,N/A,,,1
1759293318,any,89,N/A,IPv6,UDP,N/A,v6,fe80::24f1:23ff:fe29:66,ff02::1:52,5355,5355,N/A,N/A,N/A,N/A,,,1
1759293318,any,44,ARP,N/A,N/A,N/A,N/A,N/A,N/A,N/A,N/A,1,2048,172.30.0.163,172.30.0.122,,,1
1759293318,eth0,42,Ethernet,N/A,N/A,N/A,N/A,N/A,N/A,N/A,N/A,N/A,N/A,N/A,N/A,,,1
1759293318,any,358,N/A,IPv4,UDP,N/A,v4,0.0.0.0,255.255.255.255,68,67,N/A,N/A,N/A,N/A,,,1
1759293318,eth0,356,Ethernet,IPv4,UDP,N/A,v4,0.0.0.0,255.255.255.255,68,67,N/A,N/A,N/A,N/A,,,1
1759293318,any,370,N/A,IPv4,UDP,N/A,v4,0.0.0.0,255.255.255.255,68,67,N/A,N/A,N/A,N/A,,,1
1759293318,eth0,368,Ethernet,IPv4,UDP,N/A,v4,0.0.0.0,255.255.255.255,68,67,N/A,N/A,N/A,N/A,,,1
1759293318,any,112,N/A,IPv6,ICMP,N/A,v6,fe80::7827:e3ff:fe68:239,ff02::179,N/A,N/A,N/A,N/A,N/A,N/A,,,1
1759293318,eth1,110,Ethernet,IPv6,ICMP,N/A,v6,fe80::7827:e3ff:fe68:239,ff02::179,N/A,N/A,N/A,N/A,N/A,N/A,,,1
1759293318,any,112,N/A,IPv6,ICMP,N/A,v6,fe80::24f1:23ff:fe29:66,ff02::179,N/A,N/A,N/A,N/A,N/A,N/A,,,1
1759293318,eth0,110,Ethernet,IPv6,ICMP,N/A,v6,fe80::24f1:23ff:fe29:66,ff02::179,N/A,N/A,N/A,N/A,N/A,N/A,,,1
1759293318,eth0,54,Ethernet,IPv4,N/A,N/A,v4,172.30.0.23,224.0.0.22,N/A,N/A,N/A,N/A,N/A,N/A,,,1
1759293318,any,112,N/A,IPv6,ICMP,N/A,v6,fe80::b0b5:44ff:feea:219,ff02::179,N/A,N/A,N/A,N/A,N/A,N/A,,,1
1759293318,eth0,110,Ethernet,IPv6,ICMP,N/A,v6,fe80::b0b5:44ff:feea:219,ff02::179,N/A,N/A,N/A,N/A,N/A,N/A,,,1
1759293318,any,44,ARP,N/A,N/A,N/A,N/A,N/A,N/A,N/A,N/A,1,2048,172.30.0.23,172.30.0.122,,,1
1759293318,eth0,42,Ethernet,N/A,N/A,N/A,N/A,N/A,N/A,N/A,N/A,N/A,N/A,N/A,N/A,,,1
1759293318,any,112,N/A,IPv6,ICMP,N/A,v6,fe80::780a:a9ff:fee6:89,ff02::179,N/A,N/A,N/A,N/A,N/A,N/A,,,1
1759293318,eth1,110,Ethernet,IPv6,ICMP,N/A,v6,fe80::780a:a9ff:fee6:89,ff02::179,N/A,N/A,N/A,N/A,N/A,N/A,,,1
1759293318,any,113,N/A,N/A,N/A,N/A,N/A,N/A,N/A,N/A,N/A,N/A,N/A,N/A,N/A,,,1
1759293318,eth0,111,Ethernet,N/A,N/A,N/A,N/A,N/A,N/A,N/A,N/A,N/A,N/A,N/A,N/A,,,1
1759293318,any,56,N/A,IPv4,N/A,N/A,v4,172.30.0.23,224.0.0.22,N/A,N/A,N/A,N/A,N/A,N/A,,,1
1759293318,eth0,54,Ethernet,IPv4,N/A,N/A,v4,172.30.0.23,224.0.0.22,N/A,N/A,N/A,N/A,N/A,N/A,,,1
1759293318,eth0,110,Ethernet,IPv6,ICMP,N/A,v6,fe80::24f1:23ff:fe29:66,ff02::179,N/A,N/A,N/A,N/A,N/A,N/A,,,1
1759293318,eth0,54,Ethernet,IPv4,N/A,N/A,v4,172.30.0.163,224.0.0.22,N/A,N/A,N/A,N/A,N/A,N/A,,,1
1759293318,any,56,N/A,IPv4,N/A,N/A,v4,172.30.0.163,224.0.0.22,N/A,N/A,N/A,N/A,N/A,N/A,,,1
1759293318,eth0,107,Ethernet,N/A,N/A,N/A,N/A,N/A,N/A,N/A,N/A,N/A,N/A,N/A,N/A,,,0
1759293318,any,109,N/A,N/A,N/A,N/A,N/A,N/A,N/A,N/A,N/A,N/A,N/A,N/A,N/A,,,0
1759293319,eth1,70,Ethernet,IPv6,ICMP,N/A,v6,fe80::7827:e3ff:fe68:239,ff02::204,N/A,N/A,N/A,N/A,N/A,N/A,,,1
1759293319,eth1,70,Ethernet,IPv6,ICMP,N/A,v6,fe80::a824:52ff:fe4f:69,ff02::204,N/A,N/A,N/A,N/A,N/A,N/A,,,0
1759293319,any,72,N/A,IPv6,ICMP,N/A,v6,fe80::a824:52ff:fe4f:69,ff02::204,N/A,N/A,N/A,N/A,N/A,N/A,,,0
1759293319,any,109,N/A,N/A,N/A,N/A,N/A,N/A,N/A,N/A,N/A,N/A,N/A,N/A,N/A,,,0
1759293319,eth0,107,Ethernet,N/A,N/A,N/A,N/A,N/A,N/A,N/A,N/A,N/A,N/A,N/A,N/A,,,0
1759293319,eth0,70,Ethernet,IPv6,ICMP,N/A,v6,fe80::5ca9:83ff:fe87:27,ff02::204,N/A,N/A,N/A,N/A,N/A,N/A,,,0
1759293319,any,72,N/A,IPv6,ICMP,N/A,v6,fe80::5ca9:83ff:fe87:27,ff02::204,N/A,N/A,N/A,N/A,N/A,N/A,,,0
1759293319,any,72,N/A,IPv6,ICMP,N/A,v6,fe80::24f1:23ff:fe29:66,ff02::204,N/A,N/A,N/A,N/A,N/A,N/A,,,1
1759293319,eth0,70,Ethernet,IPv6,ICMP,N/A,v6,fe80::24f1:23ff:fe29:66,ff02::204,N/A,N/A,N/A,N/A,N/A,N/A,,,1
1759293319,any,112,N/A,IPv6,ICMP,N/A,v6,fe80::7827:e3ff:fe68:239,ff02::179,N/A,N/A,N/A,N/A,N/A,N/A,,,1
1759293319,eth1,110,Ethernet,IPv6,ICMP,N/A,v6,fe80::7827:e3ff:fe68:239,ff02::179,N/A,N/A,N/A,N/A,N/A,N/A,,,1
1759293319,any,72,N/A,IPv6,ICMP,N/A,v6,fe80::b0b5:44ff:feea:219,ff02::204,N/A,N/A,N/A,N/A,N/A,N/A,,,1
1759293319,eth1,70,Ethernet,IPv6,ICMP,N/A,v6,fe80::780a:a9ff:fee6:89,ff02::204,N/A,N/A,N/A,N/A,N/A,N/A,,,1
1759293319,eth0,70,Ethernet,IPv6,ICMP,N/A,v6,fe80::b0b5:44ff:feea:219,ff02::204,N/A,N/A,N/A,N/A,N/A,N/A,,,1
1759293319,any,72,N/A,IPv6,ICMP,N/A,v6,fe80::e48e:99ff:fe5f:147,ff02::204,N/A,N/A,N/A,N/A,N/A,N/A,,,1
1759293319,eth0,70,Ethernet,IPv6,ICMP,N/A,v6,fe80::e48e:99ff:fe5f:147,ff02::204,N/A,N/A,N/A,N/A,N/A,N/A,,,1
1759293319,any,72,N/A,IPv6,ICMP,N/A,v6,fe80::dcac:f9ff:fe59:60,ff02::204,N/A,N/A,N/A,N/A,N/A,N/A,,,1
1759293319,eth2,70,Ethernet,IPv6,ICMP,N/A,v6,fe80::dcac:f9ff:fe59:60,ff02::204,N/A,N/A,N/A,N/A,N/A,N/A,,,1
1759293319,any,72,N/A,IPv6,ICMP,N/A,v6,fe80::103b:bdff:fef0:169,ff02::204,N/A,N/A,N/A,N/A,N/A,N/A,,,1
1759293319,eth1,70,Ethernet,IPv6,ICMP,N/A,v6,fe80::103b:bdff:fef0:169,ff02::204,N/A,N/A,N/A,N/A,N/A,N/A,,,1
1759293319,eth1,70,Ethernet,IPv6,ICMP,N/A,v6,fe80::f056:abff:fe65:143,ff02::204,N/A,N/A,N/A,N/A,N/A,N/A,,,1
1759293319,any,113,N/A,N/A,N/A,N/A,N/A,N/A,N/A,N/A,N/A,N/A,N/A,N/A,N/A,,,1
1759293319,eth0,111,Ethernet,N/A,N/A,N/A,N/A,N/A,N/A,N/A,N/A,N/A,N/A,N/A,N/A,,,1
1759293320,eth0,90,Ethernet,IPv6,ICMP,N/A,v6,fe80::5ca9:83ff:fe87:27,ff02::179,N/A,N/A,N/A,N/A,N/A,N/A,,,0
1759293320,eth0,54,Ethernet,IPv4,N/A,N/A,v4,172.30.0.220,224.0.0.22,N/A,N/A,N/A,N/A,N/A,N/A,,,0
1759293320,any,92,N/A,IPv6,ICMP,N/A,v6,fe80::5ca9:83ff:fe87:27,ff02::179,N/A,N/A,N/A,N/A,N/A,N/A,,,0
1759293320,eth0,67,Ethernet,IPv4,UDP,N/A,v4,172.30.0.220,224.0.0.252,5355,5355,N/A,N/A,N/A,N/A,,,0
1759293320,any,69,N/A,IPv4,UDP,N/A,v4,172.30.0.220,224.0.0.252,5355,5355,N/A,N/A,N/A,N/A,,,0
1759293320,eth0,90,Ethernet,IPv6,ICMP,N/A,v6,fe80::e48e:99ff:fe5f:147,ff02::179,N/A,N/A,N/A,N/A,N/A,N/A,,,1
1759293320,eth0,54,Ethernet,IPv4,N/A,N/A,v4,172.30.0.220,224.0.0.22,N/A,N/A,N/A,N/A,N/A,N/A,,,1
1759293320,any,92,N/A,IPv6,ICMP,N/A,v6,fe80::e48e:99ff:fe5f:147,ff02::179,N/A,N/A,N/A,N/A,N/A,N/A,,,1
1759293320,eth0,90,Ethernet,IPv6,ICMP,N/A,v6,fe80::ecf9:eff:fefb:55,ff02::179,N/A,N/A,N/A,N/A,N/A,N/A,,,1
1759293320,eth0,56,Ethernet,IPv4,N/A,N/A,v4,172.30.0.89,224.0.0.22,N/A,N/A,N/A,N/A,N/A,N/A,,,1
1759293320,any,92,N/A,IPv6,ICMP,N/A,v6,fe80::ecf9:eff:fefb:55,ff02::179,N/A,N/A,N/A,N/A,N/A,N/A,,,1
1759293320,eth0,91,Ethernet,IPv6,UDP,N/A,v6,fe80::e48e:99ff:fe5f:147,ff02::1:52,5355,5355,N/A,N/A,N/A,N/A,,,1
1759293320,any,93,N/A,IPv6,UDP,N/A,v6,fe80::e48e:99ff:fe5f:147,ff02::1:52,5355,5355,N/A,N/A,N/A,N/A,,,1
1759293320,eth0,71,Ethernet,IPv4,UDP,N/A,v4,172.30.0.220,224.0.0.252,5355,5355,N/A,N/A,N/A,N/A,,,1
1759293320,any,73,N/A,IPv4,UDP,N/A,v4,172.30.0.220,224.0.0.252,5355,5355,N/A,N/A,N/A,N/A,,,1
1759293320,eth0,360,Ethernet,IPv4,UDP,N/A,v4,0.0.0.0,255.255.255.255,68,67,N/A,N/A,N/A,N/A,,,1
1759293320,any,362,N/A,IPv4,UDP,N/A,v4,0.0.0.0,255.255.255.255,68,67,N/A,N/A,N/A,N/A,,,1
1759293320,eth0,372,Ethernet,IPv4,UDP,N/A,v4,0.0.0.0,255.255.255.255,68,67,N/A,N/A,N/A,N/A,,,1
1759293320,any,374,N/A,IPv4,UDP,N/A,v4,0.0.0.0,255.255.255.255,68,67,N/A,N/A,N/A,N/A,,,1
1759293320,eth2,110,Ethernet,IPv6,ICMP,N/A,v6,fe80::dcac:f9ff:fe59:60,ff02::179,N/A,N/A,N/A,N/A,N/A,N/A,,,1
1759293320,any,112,N/A,IPv6,ICMP,N/A,v6,fe80::f056:abff:fe65:143,ff02::179,N/A,N/A,N/A,N/A,N/A,N/A,,,1
1759293320,eth1,110,Ethernet,IPv6,ICMP,N/A,v6,fe80::f056:abff:fe65:143,ff02::179,N/A,N/A,N/A,N/A,N/A,N/A,,,1
1759293320,eth0,87,Ethernet,IPv6,UDP,N/A,v6,fe80::ecf9:eff:fefb:55,ff02::1:52,5355,5355,N/A,N/A,N/A,N/A,,,1
1759293320,any,89,N/A,IPv6,UDP,N/A,v6,fe80::ecf9:eff:fefb:55,ff02::1:52,5355,5355,N/A,N/A,N/A,N/A,,,1
1759293320,eth0,110,Ethernet,IPv6,ICMP,N/A,v6,fe80::e48e:99ff:fe5f:147,ff02::179,N/A,N/A,N/A,N/A,N/A,N/A,,,1
1759293320,eth0,54,Ethernet,IPv4,N/A,N/A,v4,172.30.0.220,224.0.0.22,N/A,N/A,N/A,N/A,N/A,N/A,,,1
1759293320,any,112,N/A,IPv6,ICMP,N/A,v6,fe80::e48e:99ff:fe5f:147,ff02::179,N/A,N/A,N/A,N/A,N/A,N/A,,,1
1759293320,eth0,42,Ethernet,N/A,N/A,N/A,N/A,N/A,N/A,N/A,N/A,N/A,N/A,N/A,N/A,,,1
1759293320,eth0,56,Ethernet,N/A,N/A,N/A,N/A,N/A,N/A,N/A,N/A,N/A,N/A,N/A,N/A,,,1
1759293320,eth0,56,Ethernet,N/A,N/A,N/A,N/A,N/A,N/A,N/A,N/A,N/A,N/A,N/A,N/A,,,1
1759293320,any,44,ARP,N/A,N/A,N/A,N/A,N/A,N/A,N/A,N/A,1,2048,172.30.0.220,172.30.0.122,,,1
1759293320,any,58,ARP,N/A,N/A,N/A,N/A,N/A,N/A,N/A,N/A,2,2048,172.30.0.122,172.30.0.220,,,1
1759293320,any,358,N/A,IPv4,UDP,N/A,v4,0.0.0.0,255.255.255.255,68,67,N/A,N/A,N/A,N/A,,,1
1759293320,eth0,356,Ethernet,IPv4,UDP,N/A,v4,0.0.0.0,255.255.255.255,68,67,N/A,N/A,N/A,N/A,,,1
1759293320,eth0,368,Ethernet,IPv4,UDP,N/A,v4,0.0.0.0,255.255.255.255,68,67,N/A,N/A,N/A,N/A,,,1
1759293320,any,370,N/A,IPv4,UDP,N/A,v4,0.0.0.0,255.255.255.255,68,67,N/A,N/A,N/A,N/A,,,1
1759293320,any,112,N/A,IPv6,ICMP,N/A,v6,fe80::103b:bdff:fef0:169,ff02::179,N/A,N/A,N/A,N/A,N/A,N/A,,,1
1759293320,eth1,110,Ethernet,IPv6,ICMP,N/A,v6,fe80::103b:bdff:fef0:169,ff02::179,N/A,N/A,N/A,N/A,N/A,N/A,,,1
1759293320,eth0,110,Ethernet,IPv6,ICMP,N/A,v6,fe80::ecf9:eff:fefb:55,ff02::179,N/A,N/A,N/A,N/A,N/A,N/A,,,1
1759293320,eth0,356,Ethernet,IPv4,UDP,N/A,v4,0.0.0.0,255.255.255.255,68,67,N/A,N/A,N/A,N/A,,,0
1759293320,any,358,N/A,IPv4,UDP,N/A,v4,0.0.0.0,255.255.255.255,68,67,N/A,N/A,N/A,N/A,,,0
1759293320,eth0,368,Ethernet,IPv4,UDP,N/A,v4,0.0.0.0,255.255.255.255,68,67,N/A,N/A,N/A,N/A,,,0
1759293320,any,370,N/A,IPv4,UDP,N/A,v4,0.0.0.0,255.255.255.255,68,67,N/A,N/A,N/A,N/A,,,0
1759293320,eth1,110,Ethernet,IPv6,ICMP,N/A,v6,fe80::a824:52ff:fe4f:69,ff02::179,N/A,N/A,N/A,N/A,N/A,N/A,,,0
1759293320,any,112,N/A,IPv6,ICMP,N/A,v6,fe80::a824:52ff:fe4f:69,ff02::179,N/A,N/A,N/A,N/A,N/A,N/A,,,0
1759293320,eth0,110,Ethernet,IPv6,ICMP,N/A,v6,fe80::5ca9:83ff:fe87:27,ff02::179,N/A,N/A,N/A,N/A,N/A,N/A,,,0
1759293320,eth0,54,Ethernet,IPv4,N/A,N/A,v4,172.30.0.220,224.0.0.22,N/A,N/A,N/A,N/A,N/A,N/A,,,0
1759293320,any,112,N/A,IPv6,ICMP,N/A,v6,fe80::5ca9:83ff:fe87:27,ff02::179,N/A,N/A,N/A,N/A,N/A,N/A,,,0
1759293320,eth0,42,Ethernet,N/A,N/A,N/A,N/A,N/A,N/A,N/A,N/A,N/A,N/A,N/A,N/A,,,0
1759293320,any,44,ARP,N/A,N/A,N/A,N/A,N/A,N/A,N/A,N/A,1,2048,172.30.0.220,172.30.0.122,,,0
1759293320,any,58,ARP,N/A,N/A,N/A,N/A,N/A,N/A,N/A,N/A,2,2048,172.30.0.122,172.30.0.220,,,0
1759293320,eth0,56,Ethernet,N/A,N/A,N/A,N/A,N/A,N/A,N/A,N/A,N/A,N/A,N/A,N/A,,,0
1759293320,eth0,56,Ethernet,N/A,N/A,N/A,N/A,N/A,N/A,N/A,N/A,N/A,N/A,N/A,N/A,,,0
1759293320,any,112,N/A,IPv6,ICMP,N/A,v6,fe80::5ca9:83ff:fe87:27,ff02::179,N/A,N/A,N/A,N/A,N/A,N/A,,,0
1759293320,eth0,110,Ethernet,IPv6,ICMP,N/A,v6,fe80::5ca9:83ff:fe87:27,ff02::179,N/A,N/A,N/A,N/A,N/A,N/A,,,0
1759293320,eth0,54,Ethernet,IPv4,N/A,N/A,v4,172.30.0.220,224.0.0.22,N/A,N/A,N/A,N/A,N/A,N/A,,,0
1759293320,any,56,N/A,IPv4,N/A,N/A,v4,172.30.0.220,224.0.0.22,N/A,N/A,N/A,N/A,N/A,N/A,,,0
1759293320,any,72,N/A,IPv6,ICMP,N/A,v6,fe80::a824:52ff:fe4f:69,ff02::204,N/A,N/A,N/A,N/A,N/A,N/A,,,0
1759293320,eth1,70,Ethernet,IPv6,ICMP,N/A,v6,fe80::a824:52ff:fe4f:69,ff02::204,N/A,N/A,N/A,N/A,N/A,N/A,,,0
1759293320,eth0,70,Ethernet,IPv6,ICMP,N/A,v6,fe80::5ca9:83ff:fe87:27,ff02::204,N/A,N/A,N/A,N/A,N/A,N/A,,,0
1759293320,eth0,56,Ethernet,IPv4,N/A,N/A,v4,172.30.0.89,224.0.0.22,N/A,N/A,N/A,N/A,N/A,N/A,,,1
1759293320,any,112,N/A,IPv6,ICMP,N/A,v6,fe80::ecf9:eff:fefb:55,ff02::179,N/A,N/A,N/A,N/A,N/A,N/A,,,1
1759293320,any,58,N/A,IPv4,N/A,N/A,v4,172.30.0.89,224.0.0.22,N/A,N/A,N/A,N/A,N/A,N/A,,,1
1759293320,any,58,ARP,N/A,N/A,N/A,N/A,N/A,N/A,N/A,N/A,1,2048,172.30.0.89,172.30.0.122,,,1
1759293320,eth0,56,Ethernet,N/A,N/A,N/A,N/A,N/A,N/A,N/A,N/A,N/A,N/A,N/A,N/A,,,1
1759293320,any,112,N/A,IPv6,ICMP,N/A,v6,fe80::e48e:99ff:fe5f:147,ff02::179,N/A,N/A,N/A,N/A,N/A,N/A,,,1
1759293320,eth0,110,Ethernet,IPv6,ICMP,N/A,v6,fe80::e48e:99ff:fe5f:147,ff02::179,N/A,N/A,N/A,N/A,N/A,N/A,,,1
1759293320,any,112,N/A,IPv6,ICMP,N/A,v6,fe80::dcac:f9ff:fe59:60,ff02::179,N/A,N/A,N/A,N/A,N/A,N/A,,,1
1759293320,eth2,110,Ethernet,IPv6,ICMP,N/A,v6,fe80::dcac:f9ff:fe59:60,ff02::179,N/A,N/A,N/A,N/A,N/A,N/A,,,1
1759293320,eth0,56,Ethernet,IPv4,N/A,N/A,v4,172.30.0.89,224.0.0.22,N/A,N/A,N/A,N/A,N/A,N/A,,,1
1759293320,any,58,N/A,IPv4,N/A,N/A,v4,172.30.0.89,224.0.0.22,N/A,N/A,N/A,N/A,N/A,N/A,,,1
1759293320,any,72,N/A,IPv6,ICMP,N/A,v6,fe80::dcac:f9ff:fe59:60,ff02::204,N/A,N/A,N/A,N/A,N/A,N/A,,,1
1759293320,eth1,70,Ethernet,IPv6,ICMP,N/A,v6,fe80::f056:abff:fe65:143,ff02::204,N/A,N/A,N/A,N/A,N/A,N/A,,,1
1759293320,eth2,70,Ethernet,IPv6,ICMP,N/A,v6,fe80::dcac:f9ff:fe59:60,ff02::204,N/A,N/A,N/A,N/A,N/A,N/A,,,1
1759293320,eth0,70,Ethernet,IPv6,ICMP,N/A,v6,fe80::e48e:99ff:fe5f:147,ff02::204,N/A,N/A,N/A,N/A,N/A,N/A,,,1
1759293320,any,56,N/A,IPv4,N/A,N/A,v4,172.30.0.220,224.0.0.22,N/A,N/A,N/A,N/A,N/A,N/A,,,1
1759293320,eth0,54,Ethernet,IPv4,N/A,N/A,v4,172.30.0.220,224.0.0.22,N/A,N/A,N/A,N/A,N/A,N/A,,,1
1759293320,any,112,N/A,IPv6,ICMP,N/A,v6,fe80::f056:abff:fe65:143,ff02::179,N/A,N/A,N/A,N/A,N/A,N/A,,,1
1759293320,eth1,110,Ethernet,IPv6,ICMP,N/A,v6,fe80::f056:abff:fe65:143,ff02::179,N/A,N/A,N/A,N/A,N/A,N/A,,,1
1759293321,eth1,110,Ethernet,IPv6,ICMP,N/A,v6,fe80::a824:52ff:fe4f:69,ff02::179,N/A,N/A,N/A,N/A,N/A,N/A,,,0
1759293321,any,112,N/A,IPv6,ICMP,N/A,v6,fe80::a824:52ff:fe4f:69,ff02::179,N/A,N/A,N/A,N/A,N/A,N/A,,,0
1759293321,any,109,N/A,N/A,N/A,N/A,N/A,N/A,N/A,N/A,N/A,N/A,N/A,N/A,N/A,,,0
1759293321,eth0,107,Ethernet,N/A,N/A,N/A,N/A,N/A,N/A,N/A,N/A,N/A,N/A,N/A,N/A,,,0
1759293321,eth1,110,Ethernet,IPv6,ICMP,N/A,v6,fe80::103b:bdff:fef0:169,ff02::179,N/A,N/A,N/A,N/A,N/A,N/A,,,1
1759293321,any,112,N/A,IPv6,ICMP,N/A,v6,fe80::103b:bdff:fef0:169,ff02::179,N/A,N/A,N/A,N/A,N/A,N/A,,,1
1759293321,any,112,N/A,IPv6,ICMP,N/A,v6,fe80::ecf9:eff:fefb:55,ff02::179,N/A,N/A,N/A,N/A,N/A,N/A,,,1
1759293321,eth0,110,Ethernet,IPv6,ICMP,N/A,v6,fe80::ecf9:eff:fefb:55,ff02::179,N/A,N/A,N/A,N/A,N/A,N/A,,,1
1759293321,any,113,N/A,N/A,N/A,N/A,N/A,N/A,N/A,N/A,N/A,N/A,N/A,N/A,N/A,,,1
1759293321,eth0,111,Ethernet,N/A,N/A,N/A,N/A,N/A,N/A,N/A,N/A,N/A,N/A,N/A,N/A,,,1
1759293321,eth1,70,Ethernet,IPv6,ICMP,N/A,v6,fe80::103b:bdff:fef0:169,ff02::204,N/A,N/A,N/A,N/A,N/A,N/A,,,1
1759293321,eth0,70,Ethernet,IPv6,ICMP,N/A,v6,fe80::ecf9:eff:fefb:55,ff02::204,N/A,N/A,N/A,N/A,N/A,N/A,,,1
1759293321,any,72,N/A,IPv6,ICMP,N/A,v6,fe80::ecf9:eff:fefb:55,ff02::204,N/A,N/A,N/A,N/A,N/A,N/A,,,1
1759293321,any,72,N/A,IPv6,ICMP,N/A,v6,fe80::103b:bdff:fef0:169,ff02::204,N/A,N/A,N/A,N/A,N/A,N/A,,,1
1759293322,eth0,111,Ethernet,N/A,N/A,N/A,N/A,N/A,N/A,N/A,N/A,N/A,N/A,N/A,N/A,,,1
1759293322,any,113,N/A,N/A,N/A,N/A,N/A,N/A,N/A,N/A,N/A,N/A,N/A,N/A,N/A,,,1
1759293322,eth0,70,Ethernet,IPv6,ICMP,N/A,v6,fe80::24f1:23ff:fe29:66,ff02::204,N/A,N/A,N/A,N/A,N/A,N/A,,,1
1759293322,any,72,N/A,IPv6,ICMP,N/A,v6,fe80::24f1:23ff:fe29:66,ff02::204,N/A,N/A,N/A,N/A,N/A,N/A,,,1
1759293322,eth0,107,Ethernet,N/A,N/A,N/A,N/A,N/A,N/A,N/A,N/A,N/A,N/A,N/A,N/A,,,0
1759293322,any,109,N/A,N/A,N/A,N/A,N/A,N/A,N/A,N/A,N/A,N/A,N/A,N/A,N/A,,,0
1759293323,any,72,N/A,IPv6,ICMP,N/A,v6,fe80::b0b5:44ff:feea:219,ff02::204,N/A,N/A,N/A,N/A,N/A,N/A,,,1
1759293323,eth0,70,Ethernet,IPv6,ICMP,N/A,v6,fe80::b0b5:44ff:feea:219,ff02::204,N/A,N/A,N/A,N/A,N/A,N/A,,,1
1759293323,any,72,N/A,IPv6,ICMP,N/A,v6,fe80::7827:e3ff:fe68:239,ff02::204,N/A,N/A,N/A,N/A,N/A,N/A,,,1
1759293323,eth1,70,Ethernet,IPv6,ICMP,N/A,v6,fe80::7827:e3ff:fe68:239,ff02::204,N/A,N/A,N/A,N/A,N/A,N/A,,,1
1759293323,eth0,90,Ethernet,IPv6,ICMP,N/A,v6,fe80::b0b5:44ff:feea:219,ff02::179,N/A,N/A,N/A,N/A,N/A,N/A,,,1
1759293323,eth0,54,Ethernet,IPv4,N/A,N/A,v4,172.30.0.163,224.0.0.22,N/A,N/A,N/A,N/A,N/A,N/A,,,1
1759293323,any,92,N/A,IPv6,ICMP,N/A,v6,fe80::b0b5:44ff:feea:219,ff02::179,N/A,N/A,N/A,N/A,N/A,N/A,,,1
1759293323,eth0,68,Ethernet,IPv4,UDP,N/A,v4,172.30.0.163,224.0.0.252,5355,5355,N/A,N/A,N/A,N/A,,,1
1759293323,any,70,N/A,IPv4,UDP,N/A,v4,172.30.0.163,224.0.0.252,5355,5355,N/A,N/A,N/A,N/A,,,1
1759293323,any,90,N/A,IPv6,UDP,N/A,v6,fe80::b0b5:44ff:feea:219,ff02::1:52,5355,5355,N/A,N/A,N/A,N/A,,,1
1759293323,eth0,88,Ethernet,IPv6,UDP,N/A,v6,fe80::b0b5:44ff:feea:219,ff02::1:52,5355,5355,N/A,N/A,N/A,N/A,,,1
1759293323,eth0,90,Ethernet,IPv6,ICMP,N/A,v6,fe80::b0b5:44ff:feea:219,ff02::179,N/A,N/A,N/A,N/A,N/A,N/A,,,1
1759293323,any,92,N/A,IPv6,ICMP,N/A,v6,fe80::b0b5:44ff:feea:219,ff02::179,N/A,N/A,N/A,N/A,N/A,N/A,,,1
1759293323,any,359,N/A,IPv4,UDP,N/A,v4,0.0.0.0,255.255.255.255,68,67,N/A,N/A,N/A,N/A,,,1
1759293323,eth0,357,Ethernet,IPv4,UDP,N/A,v4,0.0.0.0,255.255.255.255,68,67,N/A,N/A,N/A,N/A,,,1
1759293323,any,371,N/A,IPv4,UDP,N/A,v4,0.0.0.0,255.255.255.255,68,67,N/A,N/A,N/A,N/A,,,1
1759293323,eth0,369,Ethernet,IPv4,UDP,N/A,v4,0.0.0.0,255.255.255.255,68,67,N/A,N/A,N/A,N/A,,,1
1759293323,eth0,110,Ethernet,IPv6,ICMP,N/A,v6,fe80::b0b5:44ff:feea:219,ff02::179,N/A,N/A,N/A,N/A,N/A,N/A,,,1
1759293323,eth1,110,Ethernet,IPv6,ICMP,N/A,v6,fe80::780a:a9ff:fee6:89,ff02::179,N/A,N/A,N/A,N/A,N/A,N/A,,,1
1759293323,any,112,N/A,IPv6,ICMP,N/A,v6,fe80::b0b5:44ff:feea:219,ff02::179,N/A,N/A,N/A,N/A,N/A,N/A,,,1
1759293323,eth0,110,Ethernet,IPv6,ICMP,N/A,v6,fe80::b0b5:44ff:feea:219,ff02::179,N/A,N/A,N/A,N/A,N/A,N/A,,,1
1759293323,eth0,54,Ethernet,IPv4,N/A,N/A,v4,172.30.0.163,224.0.0.22,N/A,N/A,N/A,N/A,N/A,N/A,,,1
1759293323,any,112,N/A,IPv6,ICMP,N/A,v6,fe80::b0b5:44ff:feea:219,ff02::179,N/A,N/A,N/A,N/A,N/A,N/A,,,1
1759293323,any,44,ARP,N/A,N/A,N/A,N/A,N/A,N/A,N/A,N/A,1,2048,172.30.0.163,172.30.0.122,,,1
1759293323,eth0,42,Ethernet,N/A,N/A,N/A,N/A,N/A,N/A,N/A,N/A,N/A,N/A,N/A,N/A,,,1
1759293323,any,92,N/A,IPv6,ICMP,N/A,v6,fe80::b0b5:44ff:feea:219,ff02::179,N/A,N/A,N/A,N/A,N/A,N/A,,,1
1759293323,eth0,90,Ethernet,IPv6,ICMP,N/A,v6,fe80::b0b5:44ff:feea:219,ff02::179,N/A,N/A,N/A,N/A,N/A,N/A,,,1
1759293323,any,113,N/A,N/A,N/A,N/A,N/A,N/A,N/A,N/A,N/A,N/A,N/A,N/A,N/A,,,1
1759293323,eth0,111,Ethernet,N/A,N/A,N/A,N/A,N/A,N/A,N/A,N/A,N/A,N/A,N/A,N/A,,,1
1759293323,any,92,N/A,IPv6,ICMP,N/A,v6,fe80::24f1:23ff:fe29:66,ff02::179,N/A,N/A,N/A,N/A,N/A,N/A,,,1
1759293323,eth0,90,Ethernet,IPv6,ICMP,N/A,v6,fe80::24f1:23ff:fe29:66,ff02::179,N/A,N/A,N/A,N/A,N/A,N/A,,,1
1759293323,eth0,54,Ethernet,IPv4,N/A,N/A,v4,172.30.0.23,224.0.0.22,N/A,N/A,N/A,N/A,N/A,N/A,,,1
1759293323,eth0,67,Ethernet,IPv4,UDP,N/A,v4,172.30.0.23,224.0.0.252,5355,5355,N/A,N/A,N/A,N/A,,,1
1759293323,any,69,N/A,IPv4,UDP,N/A,v4,172.30.0.23,224.0.0.252,5355,5355,N/A,N/A,N/A,N/A,,,1
1759293323,eth0,87,Ethernet,IPv6,UDP,N/A,v6,fe80::24f1:23ff:fe29:66,ff02::1:52,5355,5355,N/A,N/A,N/A,N/A,,,1
1759293323,any,89,N/A,IPv6,UDP,N/A,v6,fe80::24f1:23ff:fe29:66,ff02::1:52,5355,5355,N/A,N/A,N/A,N/A,,,1
1759293323,any,358,N/A,IPv4,UDP,N/A,v4,0.0.0.0,255.255.255.255,68,67,N/A,N/A,N/A,N/A,,,1
1759293323,eth0,356,Ethernet,IPv4,UDP,N/A,v4,0.0.0.0,255.255.255.255,68,67,N/A,N/A,N/A,N/A,,,1
1759293323,eth0,368,Ethernet,IPv4,UDP,N/A,v4,0.0.0.0,255.255.255.255,68,67,N/A,N/A,N/A,N/A,,,1
1759293323,any,370,N/A,IPv4,UDP,N/A,v4,0.0.0.0,255.255.255.255,68,67,N/A,N/A,N/A,N/A,,,1
1759293323,any,112,N/A,IPv6,ICMP,N/A,v6,fe80::7827:e3ff:fe68:239,ff02::179,N/A,N/A,N/A,N/A,N/A,N/A,,,1
1759293323,eth1,110,Ethernet,IPv6,ICMP,N/A,v6,fe80::7827:e3ff:fe68:239,ff02::179,N/A,N/A,N/A,N/A,N/A,N/A,,,1
1759293323,any,112,N/A,IPv6,ICMP,N/A,v6,fe80::24f1:23ff:fe29:66,ff02::179,N/A,N/A,N/A,N/A,N/A,N/A,,,1
1759293323,eth0,110,Ethernet,IPv6,ICMP,N/A,v6,fe80::24f1:23ff:fe29:66,ff02::179,N/A,N/A,N/A,N/A,N/A,N/A,,,1
1759293323,eth0,54,Ethernet,IPv4,N/A,N/A,v4,172.30.0.23,224.0.0.22,N/A,N/A,N/A,N/A,N/A,N/A,,,1
1759293323,eth0,42,Ethernet,N/A,N/A,N/A,N/A,N/A,N/A,N/A,N/A,N/A,N/A,N/A,N/A,,,1
1759293323,any,44,ARP,N/A,N/A,N/A,N/A,N/A,N/A,N/A,N/A,1,2048,172.30.0.23,172.30.0.122,,,1
1759293323,any,112,N/A,IPv6,ICMP,N/A,v6,fe80::780a:a9ff:fee6:89,ff02::179,N/A,N/A,N/A,N/A,N/A,N/A,,,1
1759293323,eth1,110,Ethernet,IPv6,ICMP,N/A,v6,fe80::780a:a9ff:fee6:89,ff02::179,N/A,N/A,N/A,N/A,N/A,N/A,,,1
1759293323,eth0,54,Ethernet,IPv4,N/A,N/A,v4,172.30.0.163,224.0.0.22,N/A,N/A,N/A,N/A,N/A,N/A,,,1
1759293323,any,56,N/A,IPv4,N/A,N/A,v4,172.30.0.163,224.0.0.22,N/A,N/A,N/A,N/A,N/A,N/A,,,1
1759293323,any,112,N/A,IPv6,ICMP,N/A,v6,fe80::7827:e3ff:fe68:239,ff02::179,N/A,N/A,N/A,N/A,N/A,N/A,,,1
1759293323,eth1,110,Ethernet,IPv6,ICMP,N/A,v6,fe80::7827:e3ff:fe68:239,ff02::179,N/A,N/A,N/A,N/A,N/A,N/A,,,1
1759293323,any,109,N/A,N/A,N/A,N/A,N/A,N/A,N/A,N/A,N/A,N/A,N/A,N/A,N/A,,,0
1759293323,eth0,107,Ethernet,N/A,N/A,N/A,N/A,N/A,N/A,N/A,N/A,N/A,N/A,N/A,N/A,,,0
1759293324,any,72,N/A,IPv6,ICMP,N/A,v6,fe80::780a:a9ff:fee6:89,ff02::204,N/A,N/A,N/A,N/A,N/A,N/A,,,1
1759293324,eth1,70,Ethernet,IPv6,ICMP,N/A,v6,fe80::780a:a9ff:fee6:89,ff02::204,N/A,N/A,N/A,N/A,N/A,N/A,,,1
1759293324,eth0,70,Ethernet,IPv6,ICMP,N/A,v6,fe80::b0b5:44ff:feea:219,ff02::204,N/A,N/A,N/A,N/A,N/A,N/A,,,1
1759293324,eth0,90,Ethernet,IPv6,ICMP,N/A,v6,fe80::e48e:99ff:fe5f:147,ff02::179,N/A,N/A,N/A,N/A,N/A,N/A,,,1
1759293324,eth0,54,Ethernet,IPv4,N/A,N/A,v4,172.30.0.220,224.0.0.22,N/A,N/A,N/A,N/A,N/A,N/A,,,1
1759293324,any,92,N/A,IPv6,ICMP,N/A,v6,fe80::e48e:99ff:fe5f:147,ff02::179,N/A,N/A,N/A,N/A,N/A,N/A,,,1
1759293324,eth0,90,Ethernet,IPv6,ICMP,N/A,v6,fe80::ecf9:eff:fefb:55,ff02::179,N/A,N/A,N/A,N/A,N/A,N/A,,,1
1759293324,eth0,56,Ethernet,IPv4,N/A,N/A,v4,172.30.0.89,224.0.0.22,N/A,N/A,N/A,N/A,N/A,N/A,,,1
1759293324,any,92,N/A,IPv6,ICMP,N/A,v6,fe80::ecf9:eff:fefb:55,ff02::179,N/A,N/A,N/A,N/A,N/A,N/A,,,1
1759293324,any,58,N/A,IPv4,N/A,N/A,v4,172.30.0.89,224.0.0.22,N/A,N/A,N/A,N/A,N/A,N/A,,,1
1759293324,eth0,91,Ethernet,IPv6,UDP,N/A,v6,fe80::e48e:99ff:fe5f:147,ff02::1:52,5355,5355,N/A,N/A,N/A,N/A,,,1
1759293324,any,93,N/A,IPv6,UDP,N/A,v6,fe80::e48e:99ff:fe5f:147,ff02::1:52,5355,5355,N/A,N/A,N/A,N/A,,,1
1759293324,eth0,87,Ethernet,IPv6,UDP,N/A,v6,fe80::ecf9:eff:fefb:55,ff02::1:52,5355,5355,N/A,N/A,N/A,N/A,,,1
1759293324,any,89,N/A,IPv6,UDP,N/A,v6,fe80::ecf9:eff:fefb:55,ff02::1:52,5355,5355,N/A,N/A,N/A,N/A,,,1
1759293324,eth0,360,Ethernet,IPv4,UDP,N/A,v4,0.0.0.0,255.255.255.255,68,67,N/A,N/A,N/A,N/A,,,1
1759293324,any,362,N/A,IPv4,UDP,N/A,v4,0.0.0.0,255.255.255.255,68,67,N/A,N/A,N/A,N/A,,,1
1759293324,eth0,372,Ethernet,IPv4,UDP,N/A,v4,0.0.0.0,255.255.255.255,68,67,N/A,N/A,N/A,N/A,,,1
1759293324,any,374,N/A,IPv4,UDP,N/A,v4,0.0.0.0,255.255.255.255,68,67,N/A,N/A,N/A,N/A,,,1
1759293324,eth2,110,Ethernet,IPv6,ICMP,N/A,v6,fe80::dcac:f9ff:fe59:60,ff02::179,N/A,N/A,N/A,N/A,N/A,N/A,,,1
1759293324,any,112,N/A,IPv6,ICMP,N/A,v6,fe80::f056:abff:fe65:143,ff02::179,N/A,N/A,N/A,N/A,N/A,N/A,,,1
1759293324,eth1,110,Ethernet,IPv6,ICMP,N/A,v6,fe80::f056:abff:fe65:143,ff02::179,N/A,N/A,N/A,N/A,N/A,N/A,,,1
1759293324,eth0,110,Ethernet,IPv6,ICMP,N/A,v6,fe80::e48e:99ff:fe5f:147,ff02::179,N/A,N/A,N/A,N/A,N/A,N/A,,,1
1759293324,eth0,54,Ethernet,IPv4,N/A,N/A,v4,172.30.0.220,224.0.0.22,N/A,N/A,N/A,N/A,N/A,N/A,,,1
1759293324,any,112,N/A,IPv6,ICMP,N/A,v6,fe80::e48e:99ff:fe5f:147,ff02::179,N/A,N/A,N/A,N/A,N/A,N/A,,,1
1759293324,any,358,N/A,IPv4,UDP,N/A,v4,0.0.0.0,255.255.255.255,68,67,N/A,N/A,N/A,N/A,,,1
1759293324,eth0,356,Ethernet,IPv4,UDP,N/A,v4,0.0.0.0,255.255.255.255,68,67,N/A,N/A,N/A,N/A,,,1
1759293324,any,370,N/A,IPv4,UDP,N/A,v4,0.0.0.0,255.255.255.255,68,67,N/A,N/A,N/A,N/A,,,1
1759293324,eth0,368,Ethernet,IPv4,UDP,N/A,v4,0.0.0.0,255.255.255.255,68,67,N/A,N/A,N/A,N/A,,,1
1759293324,any,112,N/A,IPv6,ICMP,N/A,v6,fe80::103b:bdff:fef0:169,ff02::179,N/A,N/A,N/A,N/A,N/A,N/A,,,1
1759293324,eth1,110,Ethernet,IPv6,ICMP,N/A,v6,fe80::103b:bdff:fef0:169,ff02::179,N/A,N/A,N/A,N/A,N/A,N/A,,,1
1759293324,any,112,N/A,IPv6,ICMP,N/A,v6,fe80::ecf9:eff:fefb:55,ff02::179,N/A,N/A,N/A,N/A,N/A,N/A,,,1
1759293324,any,58,N/A,IPv4,N/A,N/A,v4,172.30.0.89,224.0.0.22,N/A,N/A,N/A,N/A,N/A,N/A,,,1
1759293324,eth0,110,Ethernet,IPv6,ICMP,N/A,v6,fe80::ecf9:eff:fefb:55,ff02::179,N/A,N/A,N/A,N/A,N/A,N/A,,,1
1759293324,eth0,56,Ethernet,IPv4,N/A,N/A,v4,172.30.0.89,224.0.0.22,N/A,N/A,N/A,N/A,N/A,N/A,,,1
1759293324,eth0,42,Ethernet,N/A,N/A,N/A,N/A,N/A,N/A,N/A,N/A,N/A,N/A,N/A,N/A,,,1
1759293324,any,44,ARP,N/A,N/A,N/A,N/A,N/A,N/A,N/A,N/A,1,2048,172.30.0.220,172.30.0.122,,,1
1759293324,any,58,ARP,N/A,N/A,N/A,N/A,N/A,N/A,N/A,N/A,2,2048,172.30.0.122,172.30.0.220,,,1
1759293324,any,58,ARP,N/A,N/A,N/A,N/A,N/A,N/A,N/A,N/A,2,2048,172.30.0.122,172.30.0.220,,,1
1759293324,eth0,56,Ethernet,N/A,N/A,N/A,N/A,N/A,N/A,N/A,N/A,N/A,N/A,N/A,N/A,,,1
1759293324,eth0,90,Ethernet,IPv6,ICMP,N/A,v6,fe80::5ca9:83ff:fe87:27,ff02::179,N/A,N/A,N/A,N/A,N/A,N/A,,,0
1759293324,eth0,54,Ethernet,IPv4,N/A,N/A,v4,172.30.0.220,224.0.0.22,N/A,N/A,N/A,N/A,N/A,N/A,,,0
1759293324,any,92,N/A,IPv6,ICMP,N/A,v6,fe80::5ca9:83ff:fe87:27,ff02::179,N/A,N/A,N/A,N/A,N/A,N/A,,,0
1759293324,eth0,67,Ethernet,IPv4,UDP,N/A,v4,172.30.0.220,224.0.0.252,5355,5355,N/A,N/A,N/A,N/A,,,0
1759293324,eth0,87,Ethernet,IPv6,UDP,N/A,v6,fe80::5ca9:83ff:fe87:27,ff02::1:52,5355,5355,N/A,N/A,N/A,N/A,,,0
1759293324,any,69,N/A,IPv4,UDP,N/A,v4,172.30.0.220,224.0.0.252,5355,5355,N/A,N/A,N/A,N/A,,,0
1759293324,eth0,356,Ethernet,IPv4,UDP,N/A,v4,0.0.0.0,255.255.255.255,68,67,N/A,N/A,N/A,N/A,,,0
1759293324,any,358,N/A,IPv4,UDP,N/A,v4,0.0.0.0,255.255.255.255,68,67,N/A,N/A,N/A,N/A,,,0
1759293324,eth0,368,Ethernet,IPv4,UDP,N/A,v4,0.0.0.0,255.255.255.255,68,67,N/A,N/A,N/A,N/A,,,0
1759293324,any,370,N/A,IPv4,UDP,N/A,v4,0.0.0.0,255.255.255.255,68,67,N/A,N/A,N/A,N/A,,,0
1759293324,eth1,110,Ethernet,IPv6,ICMP,N/A,v6,fe80::a824:52ff:fe4f:69,ff02::179,N/A,N/A,N/A,N/A,N/A,N/A,,,0
1759293324,any,112,N/A,IPv6,ICMP,N/A,v6,fe80::a824:52ff:fe4f:69,ff02::179,N/A,N/A,N/A,N/A,N/A,N/A,,,0
1759293324,eth0,54,Ethernet,IPv4,N/A,N/A,v4,172.30.0.220,224.0.0.22,N/A,N/A,N/A,N/A,N/A,N/A,,,0
1759293324,any,56,N/A,IPv4,N/A,N/A,v4,172.30.0.220,224.0.0.22,N/A,N/A,N/A,N/A,N/A,N/A,,,0
1759293324,any,112,N/A,IPv6,ICMP,N/A,v6,fe80::5ca9:83ff:fe87:27,ff02::179,N/A,N/A,N/A,N/A,N/A,N/A,,,0
1759293324,eth0,110,Ethernet,IPv6,ICMP,N/A,v6,fe80::5ca9:83ff:fe87:27,ff02::179,N/A,N/A,N/A,N/A,N/A,N/A,,,0
1759293324,any,112,N/A,IPv6,ICMP,N/A,v6,fe80::a824:52ff:fe4f:69,ff02::179,N/A,N/A,N/A,N/A,N/A,N/A,,,0
1759293324,eth1,110,Ethernet,IPv6,ICMP,N/A,v6,fe80::a824:52ff:fe4f:69,ff02::179,N/A,N/A,N/A,N/A,N/A,N/A,,,0
1759293324,any,112,N/A,IPv6,ICMP,N/A,v6,fe80::5ca9:83ff:fe87:27,ff02::179,N/A,N/A,N/A,N/A,N/A,N/A,,,0
1759293324,eth0,110,Ethernet,IPv6,ICMP,N/A,v6,fe80::5ca9:83ff:fe87:27,ff02::179,N/A,N/A,N/A,N/A,N/A,N/A,,,0
1759293324,eth0,56,Ethernet,N/A,N/A,N/A,N/A,N/A,N/A,N/A,N/A,N/A,N/A,N/A,N/A,,,1
1759293324,eth0,56,Ethernet,IPv4,N/A,N/A,v4,172.30.0.89,224.0.0.22,N/A,N/A,N/A,N/A,N/A,N/A,,,1
1759293324,any,58,N/A,IPv4,N/A,N/A,v4,172.30.0.89,224.0.0.22,N/A,N/A,N/A,N/A,N/A,N/A,,,1
1759293324,any,58,ARP,N/A,N/A,N/A,N/A,N/A,N/A,N/A,N/A,1,2048,172.30.0.89,172.30.0.122,,,1
1759293324,eth0,56,Ethernet,N/A,N/A,N/A,N/A,N/A,N/A,N/A,N/A,N/A,N/A,N/A,N/A,,,1
1759293324,eth0,54,Ethernet,IPv4,N/A,N/A,v4,172.30.0.23,224.0.0.22,N/A,N/A,N/A,N/A,N/A,N/A,,,1
1759293324,any,56,N/A,IPv4,N/A,N/A,v4,172.30.0.23,224.0.0.22,N/A,N/A,N/A,N/A,N/A,N/A,,,1
1759293324,any,112,N/A,IPv6,ICMP,N/A,v6,fe80::24f1:23ff:fe29:66,ff02::179,N/A,N/A,N/A,N/A,N/A,N/A,,,1
1759293324,eth0,110,Ethernet,IPv6,ICMP,N/A,v6,fe80::24f1:23ff:fe29:66,ff02::179,N/A,N/A,N/A,N/A,N/A,N/A,,,1
1759293324,any,112,N/A,IPv6,ICMP,N/A,v6,fe80::f056:abff:fe65:143,ff02::179,N/A,N/A,N/A,N/A,N/A,N/A,,,1
1759293324,eth1,110,Ethernet,IPv6,ICMP,N/A,v6,fe80::f056:abff:fe65:143,ff02::179,N/A,N/A,N/A,N/A,N/A,N/A,,,1
1759293324,any,72,N/A,IPv6,ICMP,N/A,v6,fe80::24f1:23ff:fe29:66,ff02::204,N/A,N/A,N/A,N/A,N/A,N/A,,,1
1759293324,eth0,70,Ethernet,IPv6,ICMP,N/A,v6,fe80::24f1:23ff:fe29:66,ff02::204,N/A,N/A,N/A,N/A,N/A,N/A,,,1
1759293324,eth1,70,Ethernet,IPv6,ICMP,N/A,v6,fe80::7827:e3ff:fe68:239,ff02::204,N/A,N/A,N/A,N/A,N/A,N/A,,,1
1759293324,any,112,N/A,IPv6,ICMP,N/A,v6,fe80::103b:bdff:fef0:169,ff02::179,N/A,N/A,N/A,N/A,N/A,N/A,,,1
1759293324,eth1,110,Ethernet,IPv6,ICMP,N/A,v6,fe80::103b:bdff:fef0:169,ff02::179,N/A,N/A,N/A,N/A,N/A,N/A,,,1
1759293324,any,112,N/A,IPv6,ICMP,N/A,v6,fe80::dcac:f9ff:fe59:60,ff02::179,N/A,N/A,N/A,N/A,N/A,N/A,,,1
1759293324,eth2,110,Ethernet,IPv6,ICMP,N/A,v6,fe80::dcac:f9ff:fe59:60,ff02::179,N/A,N/A,N/A,N/A,N/A,N/A,,,1
1759293324,eth0,110,Ethernet,IPv6,ICMP,N/A,v6,fe80::ecf9:eff:fefb:55,ff02::179,N/A,N/A,N/A,N/A,N/A,N/A,,,1
1759293324,any,112,N/A,IPv6,ICMP,N/A,v6,fe80::ecf9:eff:fefb:55,ff02::179,N/A,N/A,N/A,N/A,N/A,N/A,,,1
1759293324,eth0,110,Ethernet,IPv6,ICMP,N/A,v6,fe80::e48e:99ff:fe5f:147,ff02::179,N/A,N/A,N/A,N/A,N/A,N/A,,,1
1759293324,any,112,N/A,IPv6,ICMP,N/A,v6,fe80::e48e:99ff:fe5f:147,ff02::179,N/A,N/A,N/A,N/A,N/A,N/A,,,1
1759293324,any,56,N/A,IPv4,N/A,N/A,v4,172.30.0.220,224.0.0.22,N/A,N/A,N/A,N/A,N/A,N/A,,,1
1759293324,eth0,54,Ethernet,IPv4,N/A,N/A,v4,172.30.0.220,224.0.0.22,N/A,N/A,N/A,N/A,N/A,N/A,,,1
1759293325,eth1,70,Ethernet,IPv6,ICMP,N/A,v6,fe80::a824:52ff:fe4f:69,ff02::204,N/A,N/A,N/A,N/A,N/A,N/A,,,0
1759293325,eth1,70,Ethernet,IPv6,ICMP,N/A,v6,fe80::103b:bdff:fef0:169,ff02::204,N/A,N/A,N/A,N/A,N/A,N/A,,,1
1759293325,any,72,N/A,IPv6,ICMP,N/A,v6,fe80::ecf9:eff:fefb:55,ff02::204,N/A,N/A,N/A,N/A,N/A,N/A,,,1
1759293325,any,72,N/A,IPv6,ICMP,N/A,v6,fe80::103b:bdff:fef0:169,ff02::204,N/A,N/A,N/A,N/A,N/A,N/A,,,1
1759293325,eth0,70,Ethernet,IPv6,ICMP,N/A,v6,fe80::ecf9:eff:fefb:55,ff02::204,N/A,N/A,N/A,N/A,N/A,N/A,,,1
1759293325,any,72,N/A,IPv6,ICMP,N/A,v6,fe80::dcac:f9ff:fe59:60,ff02::204,N/A,N/A,N/A,N/A,N/A,N/A,,,1
1759293325,eth2,70,Ethernet,IPv6,ICMP,N/A,v6,fe80::dcac:f9ff:fe59:60,ff02::204,N/A,N/A,N/A,N/A,N/A,N/A,,,1
1759293325,eth1,70,Ethernet,IPv6,ICMP,N/A,v6,fe80::f056:abff:fe65:143,ff02::204,N/A,N/A,N/A,N/A,N/A,N/A,,,1
1759293325,eth0,111,Ethernet,N/A,N/A,N/A,N/A,N/A,N/A,N/A,N/A,N/A,N/A,N/A,N/A,,,1
1759293325,eth0,70,Ethernet,IPv6,ICMP,N/A,v6,fe80::e48e:99ff:fe5f:147,ff02::204,N/A,N/A,N/A,N/A,N/A,N/A,,,1
1759293325,any,72,N/A,IPv6,ICMP,N/A,v6,fe80::a824:52ff:fe4f:69,ff02::204,N/A,N/A,N/A,N/A,N/A,N/A,,,0
1759293325,any,44,ARP,N/A,N/A,N/A,N/A,N/A,N/A,N/A,N/A,1,2048,172.30.0.220,172.30.0.122,,,0
1759293325,any,109,N/A,N/A,N/A,N/A,N/A,N/A,N/A,N/A,N/A,N/A,N/A,N/A,N/A,,,0
1759293325,any,72,N/A,IPv6,ICMP,N/A,v6,fe80::5ca9:83ff:fe87:27,ff02::204,N/A,N/A,N/A,N/A,N/A,N/A,,,0
1759293325,eth0,42,Ethernet,N/A,N/A,N/A,N/A,N/A,N/A,N/A,N/A,N/A,N/A,N/A,N/A,,,0
1759293325,eth0,107,Ethernet,N/A,N/A,N/A,N/A,N/A,N/A,N/A,N/A,N/A,N/A,N/A,N/A,,,0
1759293325,eth0,70,Ethernet,IPv6,ICMP,N/A,v6,fe80::5ca9:83ff:fe87:27,ff02::204,N/A,N/A,N/A,N/A,N/A,N/A,,,0
1759293325,eth0,56,Ethernet,N/A,N/A,N/A,N/A,N/A,N/A,N/A,N/A,N/A,N/A,N/A,N/A,,,0
1759293325,eth0,56,Ethernet,N/A,N/A,N/A,N/A,N/A,N/A,N/A,N/A,N/A,N/A,N/A,N/A,,,0
1759293325,eth0,54,Ethernet,IPv4,N/A,N/A,v4,172.30.0.220,224.0.0.22,N/A,N/A,N/A,N/A,N/A,N/A,,,0
1759293325,any,56,N/A,IPv4,N/A,N/A,v4,172.30.0.220,224.0.0.22,N/A,N/A,N/A,N/A,N/A,N/A,,,0
1759293326,eth0,111,Ethernet,N/A,N/A,N/A,N/A,N/A,N/A,N/A,N/A,N/A,N/A,N/A,N/A,,,1
1759293326,any,113,N/A,N/A,N/A,N/A,N/A,N/A,N/A,N/A,N/A,N/A,N/A,N/A,N/A,,,1
1759293326,eth0,107,Ethernet,N/A,N/A,N/A,N/A,N/A,N/A,N/A,N/A,N/A,N/A,N/A,N/A,,,0
1759293326,any,109,N/A,N/A,N/A,N/A,N/A,N/A,N/A,N/A,N/A,N/A,N/A,N/A,N/A,,,0
1759293327,any,92,N/A,IPv6,ICMP,N/A,v6,fe80::b0b5:44ff:feea:219,ff02::179,N/A,N/A,N/A,N/A,N/A,N/A,,,1
1759293327,eth0,90,Ethernet,IPv6,ICMP,N/A,v6,fe80::b0b5:44ff:feea:219,ff02::179,N/A,N/A,N/A,N/A,N/A,N/A,,,1
1759293327,eth0,54,Ethernet,IPv4,N/A,N/A,v4,172.30.0.163,224.0.0.22,N/A,N/A,N/A,N/A,N/A,N/A,,,1
1759293327,eth0,68,Ethernet,IPv4,UDP,N/A,v4,172.30.0.163,224.0.0.252,5355,5355,N/A,N/A,N/A,N/A,,,1
1759293327,eth0,88,Ethernet,IPv6,UDP,N/A,v6,fe80::b0b5:44ff:feea:219,ff02::1:52,5355,5355,N/A,N/A,N/A,N/A,,,1
1759293327,any,70,N/A,IPv4,UDP,N/A,v4,172.30.0.163,224.0.0.252,5355,5355,N/A,N/A,N/A,N/A,,,1
1759293327,eth0,357,Ethernet,IPv4,UDP,N/A,v4,0.0.0.0,255.255.255.255,68,67,N/A,N/A,N/A,N/A,,,1
1759293327,eth0,369,Ethernet,IPv4,UDP,N/A,v4,0.0.0.0,255.255.255.255,68,67,N/A,N/A,N/A,N/A,,,1
1759293327,any,359,N/A,IPv4,UDP,N/A,v4,0.0.0.0,255.255.255.255,68,67,N/A,N/A,N/A,N/A,,,1
1759293327,eth1,110,Ethernet,IPv6,ICMP,N/A,v6,fe80::780a:a9ff:fee6:89,ff02::179,N/A,N/A,N/A,N/A,N/A,N/A,,,1
1759293327,any,112,N/A,IPv6,ICMP,N/A,v6,fe80::780a:a9ff:fee6:89,ff02::179,N/A,N/A,N/A,N/A,N/A,N/A,,,1
1759293327,eth0,110,Ethernet,IPv6,ICMP,N/A,v6,fe80::b0b5:44ff:feea:219,ff02::179,N/A,N/A,N/A,N/A,N/A,N/A,,,1
1759293327,eth0,54,Ethernet,IPv4,N/A,N/A,v4,172.30.0.163,224.0.0.22,N/A,N/A,N/A,N/A,N/A,N/A,,,1
1759293327,any,112,N/A,IPv6,ICMP,N/A,v6,fe80::b0b5:44ff:feea:219,ff02::179,N/A,N/A,N/A,N/A,N/A,N/A,,,1
1759293327,eth1,110,Ethernet,IPv6,ICMP,N/A,v6,fe80::780a:a9ff:fee6:89,ff02::179,N/A,N/A,N/A,N/A,N/A,N/A,,,1
1759293327,any,112,N/A,IPv6,ICMP,N/A,v6,fe80::780a:a9ff:fee6:89,ff02::179,N/A,N/A,N/A,N/A,N/A,N/A,,,1
1759293327,eth0,110,Ethernet,IPv6,ICMP,N/A,v6,fe80::b0b5:44ff:feea:219,ff02::179,N/A,N/A,N/A,N/A,N/A,N/A,,,1
1759293327,any,112,N/A,IPv6,ICMP,N/A,v6,fe80::b0b5:44ff:feea:219,ff02::179,N/A,N/A,N/A,N/A,N/A,N/A,,,1
1759293327,any,44,ARP,N/A,N/A,N/A,N/A,N/A,N/A,N/A,N/A,1,2048,172.30.0.163,172.30.0.122,,,1
1759293327,eth0,42,Ethernet,N/A,N/A,N/A,N/A,N/A,N/A,N/A,N/A,N/A,N/A,N/A,N/A,,,1
1759293327,any,92,N/A,IPv6,ICMP,N/A,v6,fe80::24f1:23ff:fe29:66,ff02::179,N/A,N/A,N/A,N/A,N/A,N/A,,,1
1759293327,eth0,90,Ethernet,IPv6,ICMP,N/A,v6,fe80::24f1:23ff:fe29:66,ff02::179,N/A,N/A,N/A,N/A,N/A,N/A,,,1
1759293327,eth0,54,Ethernet,IPv4,N/A,N/A,v4,172.30.0.23,224.0.0.22,N/A,N/A,N/A,N/A,N/A,N/A,,,1
1759293327,eth0,111,Ethernet,N/A,N/A,N/A,N/A,N/A,N/A,N/A,N/A,N/A,N/A,N/A,N/A,,,1
1759293327,any,113,N/A,N/A,N/A,N/A,N/A,N/A,N/A,N/A,N/A,N/A,N/A,N/A,N/A,,,1
1759293327,eth0,87,Ethernet,IPv6,UDP,N/A,v6,fe80::24f1:23ff:fe29:66,ff02::1:52,5355,5355,N/A,N/A,N/A,N/A,,,1
1759293327,eth0,67,Ethernet,IPv4,UDP,N/A,v4,172.30.0.23,224.0.0.252,5355,5355,N/A,N/A,N/A,N/A,,,1
1759293327,any,89,N/A,IPv6,UDP,N/A,v6,fe80::24f1:23ff:fe29:66,ff02::1:52,5355,5355,N/A,N/A,N/A,N/A,,,1
1759293327,any,358,N/A,IPv4,UDP,N/A,v4,0.0.0.0,255.255.255.255,68,67,N/A,N/A,N/A,N/A,,,1
1759293327,eth0,356,Ethernet,IPv4,UDP,N/A,v4,0.0.0.0,255.255.255.255,68,67,N/A,N/A,N/A,N/A,,,1
1759293327,eth0,368,Ethernet,IPv4,UDP,N/A,v4,0.0.0.0,255.255.255.255,68,67,N/A,N/A,N/A,N/A,,,1
1759293327,any,370,N/A,IPv4,UDP,N/A,v4,0.0.0.0,255.255.255.255,68,67,N/A,N/A,N/A,N/A,,,1
1759293327,eth0,42,Ethernet,N/A,N/A,N/A,N/A,N/A,N/A,N/A,N/A,N/A,N/A,N/A,N/A,,,1
1759293327,eth1,110,Ethernet,IPv6,ICMP,N/A,v6,fe80::7827:e3ff:fe68:239,ff02::179,N/A,N/A,N/A,N/A,N/A,N/A,,,1
1759293327,any,112,N/A,IPv6,ICMP,N/A,v6,fe80::7827:e3ff:fe68:239,ff02::179,N/A,N/A,N/A,N/A,N/A,N/A,,,1
1759293327,eth0,110,Ethernet,IPv6,ICMP,N/A,v6,fe80::24f1:23ff:fe29:66,ff02::179,N/A,N/A,N/A,N/A,N/A,N/A,,,1
1759293327,eth0,54,Ethernet,IPv4,N/A,N/A,v4,172.30.0.23,224.0.0.22,N/A,N/A,N/A,N/A,N/A,N/A,,,1
1759293327,any,112,N/A,IPv6,ICMP,N/A,v6,fe80::24f1:23ff:fe29:66,ff02::179,N/A,N/A,N/A,N/A,N/A,N/A,,,1
1759293327,any,56,N/A,IPv4,N/A,N/A,v4,172.30.0.23,224.0.0.22,N/A,N/A,N/A,N/A,N/A,N/A,,,1
1759293327,eth0,54,Ethernet,IPv4,N/A,N/A,v4,172.30.0.23,224.0.0.22,N/A,N/A,N/A,N/A,N/A,N/A,,,1
1759293327,eth0,107,Ethernet,N/A,N/A,N/A,N/A,N/A,N/A,N/A,N/A,N/A,N/A,N/A,N/A,,,0
1759293327,any,109,N/A,N/A,N/A,N/A,N/A,N/A,N/A,N/A,N/A,N/A,N/A,N/A,N/A,,,0
1759293327,eth0,54,Ethernet,IPv4,N/A,N/A,v4,172.30.0.163,224.0.0.22,N/A,N/A,N/A,N/A,N/A,N/A,,,1
1759293327,any,56,N/A,IPv4,N/A,N/A,v4,172.30.0.163,224.0.0.22,N/A,N/A,N/A,N/A,N/A,N/A,,,1
1759293327,any,112,N/A,IPv6,ICMP,N/A,v6,fe80::24f1:23ff:fe29:66,ff02::179,N/A,N/A,N/A,N/A,N/A,N/A,,,1
1759293327,eth0,110,Ethernet,IPv6,ICMP,N/A,v6,fe80::24f1:23ff:fe29:66,ff02::179,N/A,N/A,N/A,N/A,N/A,N/A,,,1
1759293328,eth0,107,Ethernet,N/A,N/A,N/A,N/A,N/A,N/A,N/A,N/A,N/A,N/A,N/A,N/A,,,0
1759293328,any,109,N/A,N/A,N/A,N/A,N/A,N/A,N/A,N/A,N/A,N/A,N/A,N/A,N/A,,,0
1759293328,eth0,70,Ethernet,IPv6,ICMP,N/A,v6,fe80::b0b5:44ff:feea:219,ff02::204,N/A,N/A,N/A,N/A,N/A,N/A,,,1
1759293328,any,72,N/A,IPv6,ICMP,N/A,v6,fe80::b0b5:44ff:feea:219,ff02::204,N/A,N/A,N/A,N/A,N/A,N/A,,,1
1759293328,any,72,N/A,IPv6,ICMP,N/A,v6,fe80::780a:a9ff:fee6:89,ff02::204,N/A,N/A,N/A,N/A,N/A,N/A,,,1
1759293328,eth1,70,Ethernet,IPv6,ICMP,N/A,v6,fe80::780a:a9ff:fee6:89,ff02::204,N/A,N/A,N/A,N/A,N/A,N/A,,,1
1759293328,eth1,110,Ethernet,IPv6,ICMP,N/A,v6,fe80::7827:e3ff:fe68:239,ff02::179,N/A,N/A,N/A,N/A,N/A,N/A,,,1
1759293328,any,112,N/A,IPv6,ICMP,N/A,v6,fe80::7827:e3ff:fe68:239,ff02::179,N/A,N/A,N/A,N/A,N/A,N/A,,,1
1759293328,any,72,N/A,IPv6,ICMP,N/A,v6,fe80::7827:e3ff:fe68:239,ff02::204,N/A,N/A,N/A,N/A,N/A,N/A,,,1
1759293328,eth1,70,Ethernet,IPv6,ICMP,N/A,v6,fe80::7827:e3ff:fe68:239,ff02::204,N/A,N/A,N/A,N/A,N/A,N/A,,,1
1759293328,eth0,70,Ethernet,IPv6,ICMP,N/A,v6,fe80::24f1:23ff:fe29:66,ff02::204,N/A,N/A,N/A,N/A,N/A,N/A,,,1
1759293328,any,113,N/A,N/A,N/A,N/A,N/A,N/A,N/A,N/A,N/A,N/A,N/A,N/A,N/A,,,1
1759293328,eth0,111,Ethernet,N/A,N/A,N/A,N/A,N/A,N/A,N/A,N/A,N/A,N/A,N/A,N/A,,,1
1759293329,any,72,N/A,IPv6,ICMP,N/A,v6,fe80::5ca9:83ff:fe87:27,ff02::204,N/A,N/A,N/A,N/A,N/A,N/A,,,0
1759293329,eth0,70,Ethernet,IPv6,ICMP,N/A,v6,fe80::5ca9:83ff:fe87:27,ff02::204,N/A,N/A,N/A,N/A,N/A,N/A,,,0
1759293329,eth1,70,Ethernet,IPv6,ICMP,N/A,v6,fe80::a824:52ff:fe4f:69,ff02::204,N/A,N/A,N/A,N/A,N/A,N/A,,,0
1759293329,any,72,N/A,IPv6,ICMP,N/A,v6,fe80::a824:52ff:fe4f:69,ff02::204,N/A,N/A,N/A,N/A,N/A,N/A,,,0
1759293329,eth0,90,Ethernet,IPv6,ICMP,N/A,v6,fe80::5ca9:83ff:fe87:27,ff02::179,N/A,N/A,N/A,N/A,N/A,N/A,,,0
1759293329,eth0,54,Ethernet,IPv4,N/A,N/A,v4,172.30.0.220,224.0.0.22,N/A,N/A,N/A,N/A,N/A,N/A,,,0
1759293329,any,92,N/A,IPv6,ICMP,N/A,v6,fe80::5ca9:83ff:fe87:27,ff02::179,N/A,N/A,N/A,N/A,N/A,N/A,,,0
1759293329,eth0,87,Ethernet,IPv6,UDP,N/A,v6,fe80::5ca9:83ff:fe87:27,ff02::1:52,5355,5355,N/A,N/A,N/A,N/A,,,0
1759293329,eth0,90,Ethernet,IPv6,ICMP,N/A,v6,fe80::ecf9:eff:fefb:55,ff02::179,N/A,N/A,N/A,N/A,N/A,N/A,,,1
1759293329,any,92,N/A,IPv6,ICMP,N/A,v6,fe80::ecf9:eff:fefb:55,ff02::179,N/A,N/A,N/A,N/A,N/A,N/A,,,1
1759293329,eth0,56,Ethernet,IPv4,N/A,N/A,v4,172.30.0.89,224.0.0.22,N/A,N/A,N/A,N/A,N/A,N/A,,,1
1759293329,any,58,N/A,IPv4,N/A,N/A,v4,172.30.0.89,224.0.0.22,N/A,N/A,N/A,N/A,N/A,N/A,,,1
1759293329,eth0,90,Ethernet,IPv6,ICMP,N/A,v6,fe80::e48e:99ff:fe5f:147,ff02::179,N/A,N/A,N/A,N/A,N/A,N/A,,,1
1759293329,eth0,54,Ethernet,IPv4,N/A,N/A,v4,172.30.0.220,224.0.0.22,N/A,N/A,N/A,N/A,N/A,N/A,,,1
1759293329,any,92,N/A,IPv6,ICMP,N/A,v6,fe80::e48e:99ff:fe5f:147,ff02::179,N/A,N/A,N/A,N/A,N/A,N/A,,,1
1759293329,eth0,71,Ethernet,IPv4,UDP,N/A,v4,172.30.0.220,224.0.0.252,5355,5355,N/A,N/A,N/A,N/A,,,1
1759293329,any,73,N/A,IPv4,UDP,N/A,v4,172.30.0.220,224.0.0.252,5355,5355,N/A,N/A,N/A,N/A,,,1
1759293329,eth0,87,Ethernet,IPv6,UDP,N/A,v6,fe80::ecf9:eff:fefb:55,ff02::1:52,5355,5355,N/A,N/A,N/A,N/A,,,1
1759293329,eth0,67,Ethernet,IPv4,UDP,N/A,v4,172.30.0.89,224.0.0.252,5355,5355,N/A,N/A,N/A,N/A,,,1
1759293329,any,89,N/A,IPv6,UDP,N/A,v6,fe80::ecf9:eff:fefb:55,ff02::1:52,5355,5355,N/A,N/A,N/A,N/A,,,1
1759293329,eth0,360,Ethernet,IPv4,UDP,N/A,v4,0.0.0.0,255.255.255.255,68,67,N/A,N/A,N/A,N/A,,,1
1759293329,any,362,N/A,IPv4,UDP,N/A,v4,0.0.0.0,255.255.255.255,68,67,N/A,N/A,N/A,N/A,,,1
1759293329,eth0,372,Ethernet,IPv4,UDP,N/A,v4,0.0.0.0,255.255.255.255,68,67,N/A,N/A,N/A,N/A,,,1
1759293329,any,374,N/A,IPv4,UDP,N/A,v4,0.0.0.0,255.255.255.255,68,67,N/A,N/A,N/A,N/A,,,1
1759293329,eth2,110,Ethernet,IPv6,ICMP,N/A,v6,fe80::dcac:f9ff:fe59:60,ff02::179,N/A,N/A,N/A,N/A,N/A,N/A,,,1
1759293329,any,112,N/A,IPv6,ICMP,N/A,v6,fe80::dcac:f9ff:fe59:60,ff02::179,N/A,N/A,N/A,N/A,N/A,N/A,,,1
1759293329,eth1,110,Ethernet,IPv6,ICMP,N/A,v6,fe80::f056:abff:fe65:143,ff02::179,N/A,N/A,N/A,N/A,N/A,N/A,,,1
1759293329,any,112,N/A,IPv6,ICMP,N/A,v6,fe80::f056:abff:fe65:143,ff02::179,N/A,N/A,N/A,N/A,N/A,N/A,,,1
1759293329,eth0,356,Ethernet,IPv4,UDP,N/A,v4,0.0.0.0,255.255.255.255,68,67,N/A,N/A,N/A,N/A,,,1
1759293329,any,358,N/A,IPv4,UDP,N/A,v4,0.0.0.0,255.255.255.255,68,67,N/A,N/A,N/A,N/A,,,1
1759293329,eth0,368,Ethernet,IPv4,UDP,N/A,v4,0.0.0.0,255.255.255.255,68,67,N/A,N/A,N/A,N/A,,,1
1759293329,any,370,N/A,IPv4,UDP,N/A,v4,0.0.0.0,255.255.255.255,68,67,N/A,N/A,N/A,N/A,,,1
1759293329,eth0,110,Ethernet,IPv6,ICMP,N/A,v6,fe80::e48e:99ff:fe5f:147,ff02::179,N/A,N/A,N/A,N/A,N/A,N/A,,,1
1759293329,eth0,54,Ethernet,IPv4,N/A,N/A,v4,172.30.0.220,224.0.0.22,N/A,N/A,N/A,N/A,N/A,N/A,,,1
1759293329,any,112,N/A,IPv6,ICMP,N/A,v6,fe80::e48e:99ff:fe5f:147,ff02::179,N/A,N/A,N/A,N/A,N/A,N/A,,,1
1759293329,eth1,110,Ethernet,IPv6,ICMP,N/A,v6,fe80::103b:bdff:fef0:169,ff02::179,N/A,N/A,N/A,N/A,N/A,N/A,,,1
1759293329,any,112,N/A,IPv6,ICMP,N/A,v6,fe80::103b:bdff:fef0:169,ff02::179,N/A,N/A,N/A,N/A,N/A,N/A,,,1
1759293329,eth0,110,Ethernet,IPv6,ICMP,N/A,v6,fe80::ecf9:eff:fefb:55,ff02::179,N/A,N/A,N/A,N/A,N/A,N/A,,,1
1759293329,eth0,56,Ethernet,IPv4,N/A,N/A,v4,172.30.0.89,224.0.0.22,N/A,N/A,N/A,N/A,N/A,N/A,,,1
1759293329,any,112,N/A,IPv6,ICMP,N/A,v6,fe80::ecf9:eff:fefb:55,ff02::179,N/A,N/A,N/A,N/A,N/A,N/A,,,1
1759293329,any,58,N/A,IPv4,N/A,N/A,v4,172.30.0.89,224.0.0.22,N/A,N/A,N/A,N/A,N/A,N/A,,,1
1759293329,eth0,42,Ethernet,N/A,N/A,N/A,N/A,N/A,N/A,N/A,N/A,N/A,N/A,N/A,N/A,,,1
1759293329,eth0,56,Ethernet,N/A,N/A,N/A,N/A,N/A,N/A,N/A,N/A,N/A,N/A,N/A,N/A,,,1
1759293329,any,89,N/A,IPv6,UDP,N/A,v6,fe80::5ca9:83ff:fe87:27,ff02::1:52,5355,5355,N/A,N/A,N/A,N/A,,,0
1759293329,eth0,356,Ethernet,IPv4,UDP,N/A,v4,0.0.0.0,255.255.255.255,68,67,N/A,N/A,N/A,N/A,,,0
1759293329,any,358,N/A,IPv4,UDP,N/A,v4,0.0.0.0,255.255.255.255,68,67,N/A,N/A,N/A,N/A,,,0
1759293329,eth0,368,Ethernet,IPv4,UDP,N/A,v4,0.0.0.0,255.255.255.255,68,67,N/A,N/A,N/A,N/A,,,0
1759293329,any,370,N/A,IPv4,UDP,N/A,v4,0.0.0.0,255.255.255.255,68,67,N/A,N/A,N/A,N/A,,,0
1759293329,eth1,110,Ethernet,IPv6,ICMP,N/A,v6,fe80::a824:52ff:fe4f:69,ff02::179,N/A,N/A,N/A,N/A,N/A,N/A,,,0
1759293329,any,112,N/A,IPv6,ICMP,N/A,v6,fe80::a824:52ff:fe4f:69,ff02::179,N/A,N/A,N/A,N/A,N/A,N/A,,,0
1759293329,eth0,54,Ethernet,IPv4,N/A,N/A,v4,172.30.0.220,224.0.0.22,N/A,N/A,N/A,N/A,N/A,N/A,,,0
1759293329,any,56,N/A,IPv4,N/A,N/A,v4,172.30.0.220,224.0.0.22,N/A,N/A,N/A,N/A,N/A,N/A,,,0
1759293329,eth0,110,Ethernet,IPv6,ICMP,N/A,v6,fe80::5ca9:83ff:fe87:27,ff02::179,N/A,N/A,N/A,N/A,N/A,N/A,,,0
1759293329,any,112,N/A,IPv6,ICMP,N/A,v6,fe80::5ca9:83ff:fe87:27,ff02::179,N/A,N/A,N/A,N/A,N/A,N/A,,,0
1759293329,eth0,42,Ethernet,N/A,N/A,N/A,N/A,N/A,N/A,N/A,N/A,N/A,N/A,N/A,N/A,,,0
1759293329,eth0,56,Ethernet,N/A,N/A,N/A,N/A,N/A,N/A,N/A,N/A,N/A,N/A,N/A,N/A,,,0
1759293329,eth0,56,Ethernet,N/A,N/A,N/A,N/A,N/A,N/A,N/A,N/A,N/A,N/A,N/A,N/A,,,0
1759293329,any,44,ARP,N/A,N/A,N/A,N/A,N/A,N/A,N/A,N/A,1,2048,172.30.0.220,172.30.0.122,,,0
1759293329,any,58,ARP,N/A,N/A,N/A,N/A,N/A,N/A,N/A,N/A,2,2048,172.30.0.122,172.30.0.220,,,0
1759293329,any,56,N/A,IPv4,N/A,N/A,v4,172.30.0.220,224.0.0.22,N/A,N/A,N/A,N/A,N/A,N/A,,,0
1759293329,eth0,54,Ethernet,IPv4,N/A,N/A,v4,172.30.0.220,224.0.0.22,N/A,N/A,N/A,N/A,N/A,N/A,,,0
1759293329,any,112,N/A,IPv6,ICMP,N/A,v6,fe80::a824:52ff:fe4f:69,ff02::179,N/A,N/A,N/A,N/A,N/A,N/A,,,0
1759293329,eth1,110,Ethernet,IPv6,ICMP,N/A,v6,fe80::a824:52ff:fe4f:69,ff02::179,N/A,N/A,N/A,N/A,N/A,N/A,,,0
1759293329,eth0,56,Ethernet,N/A,N/A,N/A,N/A,N/A,N/A,N/A,N/A,N/A,N/A,N/A,N/A,,,1
1759293329,eth0,56,Ethernet,N/A,N/A,N/A,N/A,N/A,N/A,N/A,N/A,N/A,N/A,N/A,N/A,,,1
1759293329,any,44,ARP,N/A,N/A,N/A,N/A,N/A,N/A,N/A,N/A,1,2048,172.30.0.220,172.30.0.122,,,1
1759293329,any,58,ARP,N/A,N/A,N/A,N/A,N/A,N/A,N/A,N/A,2,2048,172.30.0.122,172.30.0.220,,,1
1759293329,any,58,ARP,N/A,N/A,N/A,N/A,N/A,N/A,N/A,N/A,1,2048,172.30.0.89,172.30.0.122,,,1
1759293329,any,112,N/A,IPv6,ICMP,N/A,v6,fe80::ecf9:eff:fefb:55,ff02::179,N/A,N/A,N/A,N/A,N/A,N/A,,,1
1759293329,eth0,110,Ethernet,IPv6,ICMP,N/A,v6,fe80::ecf9:eff:fefb:55,ff02::179,N/A,N/A,N/A,N/A,N/A,N/A,,,1
1759293329,any,112,N/A,IPv6,ICMP,N/A,v6,fe80::dcac:f9ff:fe59:60,ff02::179,N/A,N/A,N/A,N/A,N/A,N/A,,,1
1759293329,eth2,110,Ethernet,IPv6,ICMP,N/A,v6,fe80::dcac:f9ff:fe59:60,ff02::179,N/A,N/A,N/A,N/A,N/A,N/A,,,1
1759293329,any,112,N/A,IPv6,ICMP,N/A,v6,fe80::103b:bdff:fef0:169,ff02::179,N/A,N/A,N/A,N/A,N/A,N/A,,,1
1759293329,eth1,110,Ethernet,IPv6,ICMP,N/A,v6,fe80::103b:bdff:fef0:169,ff02::179,N/A,N/A,N/A,N/A,N/A,N/A,,,1
1759293330,eth0,110,Ethernet,IPv6,ICMP,N/A,v6,fe80::5ca9:83ff:fe87:27,ff02::179,N/A,N/A,N/A,N/A,N/A,N/A,,,0
1759293330,any,112,N/A,IPv6,ICMP,N/A,v6,fe80::5ca9:83ff:fe87:27,ff02::179,N/A,N/A,N/A,N/A,N/A,N/A,,,0
1759293330,eth1,70,Ethernet,IPv6,ICMP,N/A,v6,fe80::a824:52ff:fe4f:69,ff02::204,N/A,N/A,N/A,N/A,N/A,N/A,,,0
1759293330,any,72,N/A,IPv6,ICMP,N/A,v6,fe80::a824:52ff:fe4f:69,ff02::204,N/A,N/A,N/A,N/A,N/A,N/A,,,0
1759293330,any,109,N/A,N/A,N/A,N/A,N/A,N/A,N/A,N/A,N/A,N/A,N/A,N/A,N/A,,,0
1759293330,any,112,N/A,IPv6,ICMP,N/A,v6,fe80::e48e:99ff:fe5f:147,ff02::179,N/A,N/A,N/A,N/A,N/A,N/A,,,1
1759293330,eth0,110,Ethernet,IPv6,ICMP,N/A,v6,fe80::e48e:99ff:fe5f:147,ff02::179,N/A,N/A,N/A,N/A,N/A,N/A,,,1
1759293330,any,58,N/A,IPv4,N/A,N/A,v4,172.30.0.89,224.0.0.22,N/A,N/A,N/A,N/A,N/A,N/A,,,1
1759293330,eth0,56,Ethernet,IPv4,N/A,N/A,v4,172.30.0.89,224.0.0.22,N/A,N/A,N/A,N/A,N/A,N/A,,,1
1759293330,eth1,110,Ethernet,IPv6,ICMP,N/A,v6,fe80::f056:abff:fe65:143,ff02::179,N/A,N/A,N/A,N/A,N/A,N/A,,,1
1759293330,any,112,N/A,IPv6,ICMP,N/A,v6,fe80::f056:abff:fe65:143,ff02::179,N/A,N/A,N/A,N/A,N/A,N/A,,,1
1759293330,eth0,54,Ethernet,IPv4,N/A,N/A,v4,172.30.0.220,224.0.0.22,N/A,N/A,N/A,N/A,N/A,N/A,,,1
1759293330,any,56,N/A,IPv4,N/A,N/A,v4,172.30.0.220,224.0.0.22,N/A,N/A,N/A,N/A,N/A,N/A,,,1
1759293330,eth1,70,Ethernet,IPv6,ICMP,N/A,v6,fe80::103b:bdff:fef0:169,ff02::204,N/A,N/A,N/A,N/A,N/A,N/A,,,1
1759293330,any,72,N/A,IPv6,ICMP,N/A,v6,fe80::ecf9:eff:fefb:55,ff02::204,N/A,N/A,N/A,N/A,N/A,N/A,,,1
1759293330,any,72,N/A,IPv6,ICMP,N/A,v6,fe80::103b:bdff:fef0:169,ff02::204,N/A,N/A,N/A,N/A,N/A,N/A,,,1
1759293330,eth0,70,Ethernet,IPv6,ICMP,N/A,v6,fe80::ecf9:eff:fefb:55,ff02::204,N/A,N/A,N/A,N/A,N/A,N/A,,,1
1759293330,eth1,70,Ethernet,IPv6,ICMP,N/A,v6,fe80::f056:abff:fe65:143,ff02::204,N/A,N/A,N/A,N/A,N/A,N/A,,,1
1759293330,eth2,70,Ethernet,IPv6,ICMP,N/A,v6,fe80::dcac:f9ff:fe59:60,ff02::204,N/A,N/A,N/A,N/A,N/A,N/A,,,1
1759293330,any,72,N/A,IPv6,ICMP,N/A,v6,fe80::dcac:f9ff:fe59:60,ff02::204,N/A,N/A,N/A,N/A,N/A,N/A,,,1
1759293330,any,113,N/A,N/A,N/A,N/A,N/A,N/A,N/A,N/A,N/A,N/A,N/A,N/A,N/A,,,1
1759293330,eth0,111,Ethernet,N/A,N/A,N/A,N/A,N/A,N/A,N/A,N/A,N/A,N/A,N/A,N/A,,,1
1759293330,eth0,70,Ethernet,IPv6,ICMP,N/A,v6,fe80::e48e:99ff:fe5f:147,ff02::204,N/A,N/A,N/A,N/A,N/A,N/A,,,1
1759293330,eth0,107,Ethernet,N/A,N/A,N/A,N/A,N/A,N/A,N/A,N/A,N/A,N/A,N/A,N/A,,,0
1759293330,eth0,70,Ethernet,IPv6,ICMP,N/A,v6,fe80::5ca9:83ff:fe87:27,ff02::204,N/A,N/A,N/A,N/A,N/A,N/A,,,0
1759293331,eth0,111,Ethernet,N/A,N/A,N/A,N/A,N/A,N/A,N/A,N/A,N/A,N/A,N/A,N/A,,,1
1759293331,any,113,N/A,N/A,N/A,N/A,N/A,N/A,N/A,N/A,N/A,N/A,N/A,N/A,N/A,,,1
1759293331,eth0,107,Ethernet,N/A,N/A,N/A,N/A,N/A,N/A,N/A,N/A,N/A,N/A,N/A,N/A,,,0
1759293331,any,109,N/A,N/A,N/A,N/A,N/A,N/A,N/A,N/A,N/A,N/A,N/A,N/A,N/A,,,0
1759293332,eth0,90,Ethernet,IPv6,ICMP,N/A,v6,fe80::b0b5:44ff:feea:219,ff02::179,N/A,N/A,N/A,N/A,N/A,N/A,,,1
1759293332,eth0,54,Ethernet,IPv4,N/A,N/A,v4,172.30.0.163,224.0.0.22,N/A,N/A,N/A,N/A,N/A,N/A,,,1
1759293332,any,92,N/A,IPv6,ICMP,N/A,v6,fe80::b0b5:44ff:feea:219,ff02::179,N/A,N/A,N/A,N/A,N/A,N/A,,,1
1759293332,any,90,N/A,IPv6,UDP,N/A,v6,fe80::b0b5:44ff:feea:219,ff02::1:52,5355,5355,N/A,N/A,N/A,N/A,,,1
1759293332,eth0,88,Ethernet,IPv6,UDP,N/A,v6,fe80::b0b5:44ff:feea:219,ff02::1:52,5355,5355,N/A,N/A,N/A,N/A,,,1
1759293332,eth0,68,Ethernet,IPv4,UDP,N/A,v4,172.30.0.163,224.0.0.252,5355,5355,N/A,N/A,N/A,N/A,,,1
1759293332,eth0,357,Ethernet,IPv4,UDP,N/A,v4,0.0.0.0,255.255.255.255,68,67,N/A,N/A,N/A,N/A,,,1
1759293332,any,359,N/A,IPv4,UDP,N/A,v4,0.0.0.0,255.255.255.255,68,67,N/A,N/A,N/A,N/A,,,1
1759293332,any,371,N/A,IPv4,UDP,N/A,v4,0.0.0.0,255.255.255.255,68,67,N/A,N/A,N/A,N/A,,,1
1759293332,eth0,369,Ethernet,IPv4,UDP,N/A,v4,0.0.0.0,255.255.255.255,68,67,N/A,N/A,N/A,N/A,,,1
1759293332,any,112,N/A,IPv6,ICMP,N/A,v6,fe80::780a:a9ff:fee6:89,ff02::179,N/A,N/A,N/A,N/A,N/A,N/A,,,1
1759293332,eth1,110,Ethernet,IPv6,ICMP,N/A,v6,fe80::780a:a9ff:fee6:89,ff02::179,N/A,N/A,N/A,N/A,N/A,N/A,,,1
1759293332,eth0,110,Ethernet,IPv6,ICMP,N/A,v6,fe80::b0b5:44ff:feea:219,ff02::179,N/A,N/A,N/A,N/A,N/A,N/A,,,1
1759293332,any,112,N/A,IPv6,ICMP,N/A,v6,fe80::b0b5:44ff:feea:219,ff02::179,N/A,N/A,N/A,N/A,N/A,N/A,,,1
1759293332,eth0,110,Ethernet,IPv6,ICMP,N/A,v6,fe80::b0b5:44ff:feea:219,ff02::179,N/A,N/A,N/A,N/A,N/A,N/A,,,1
1759293332,eth0,54,Ethernet,IPv4,N/A,N/A,v4,172.30.0.163,224.0.0.22,N/A,N/A,N/A,N/A,N/A,N/A,,,1
1759293332,eth0,42,Ethernet,N/A,N/A,N/A,N/A,N/A,N/A,N/A,N/A,N/A,N/A,N/A,N/A,,,1
1759293332,eth0,54,Ethernet,IPv4,N/A,N/A,v4,172.30.0.163,224.0.0.22,N/A,N/A,N/A,N/A,N/A,N/A,,,1
1759293332,any,56,N/A,IPv4,N/A,N/A,v4,172.30.0.163,224.0.0.22,N/A,N/A,N/A,N/A,N/A,N/A,,,1
1759293332,any,113,N/A,N/A,N/A,N/A,N/A,N/A,N/A,N/A,N/A,N/A,N/A,N/A,N/A,,,1
1759293332,eth0,111,Ethernet,N/A,N/A,N/A,N/A,N/A,N/A,N/A,N/A,N/A,N/A,N/A,N/A,,,1
1759293332,eth0,70,Ethernet,IPv6,ICMP,N/A,v6,fe80::24f1:23ff:fe29:66,ff02::204,N/A,N/A,N/A,N/A,N/A,N/A,,,1
1759293332,any,72,N/A,IPv6,ICMP,N/A,v6,fe80::24f1:23ff:fe29:66,ff02::204,N/A,N/A,N/A,N/A,N/A,N/A,,,1
1759293332,any,92,N/A,IPv6,ICMP,N/A,v6,fe80::24f1:23ff:fe29:66,ff02::179,N/A,N/A,N/A,N/A,N/A,N/A,,,1
1759293332,eth0,90,Ethernet,IPv6,ICMP,N/A,v6,fe80::24f1:23ff:fe29:66,ff02::179,N/A,N/A,N/A,N/A,N/A,N/A,,,1
1759293332,eth0,54,Ethernet,IPv4,N/A,N/A,v4,172.30.0.23,224.0.0.22,N/A,N/A,N/A,N/A,N/A,N/A,,,1
1759293332,eth0,90,Ethernet,IPv6,ICMP,N/A,v6,fe80::b0b5:44ff:feea:219,ff02::179,N/A,N/A,N/A,N/A,N/A,N/A,,,1
1759293332,any,92,N/A,IPv6,ICMP,N/A,v6,fe80::b0b5:44ff:feea:219,ff02::179,N/A,N/A,N/A,N/A,N/A,N/A,,,1
1759293332,any,69,N/A,IPv4,UDP,N/A,v4,172.30.0.23,224.0.0.252,5355,5355,N/A,N/A,N/A,N/A,,,1
1759293332,eth0,67,Ethernet,IPv4,UDP,N/A,v4,172.30.0.23,224.0.0.252,5355,5355,N/A,N/A,N/A,N/A,,,1
1759293332,eth0,356,Ethernet,IPv4,UDP,N/A,v4,0.0.0.0,255.255.255.255,68,67,N/A,N/A,N/A,N/A,,,1
1759293332,any,358,N/A,IPv4,UDP,N/A,v4,0.0.0.0,255.255.255.255,68,67,N/A,N/A,N/A,N/A,,,1
1759293332,any,370,N/A,IPv4,UDP,N/A,v4,0.0.0.0,255.255.255.255,68,67,N/A,N/A,N/A,N/A,,,1
1759293332,eth0,368,Ethernet,IPv4,UDP,N/A,v4,0.0.0.0,255.255.255.255,68,67,N/A,N/A,N/A,N/A,,,1
1759293332,any,112,N/A,IPv6,ICMP,N/A,v6,fe80::7827:e3ff:fe68:239,ff02::179,N/A,N/A,N/A,N/A,N/A,N/A,,,1
1759293332,eth1,110,Ethernet,IPv6,ICMP,N/A,v6,fe80::7827:e3ff:fe68:239,ff02::179,N/A,N/A,N/A,N/A,N/A,N/A,,,1
1759293332,any,112,N/A,IPv6,ICMP,N/A,v6,fe80::24f1:23ff:fe29:66,ff02::179,N/A,N/A,N/A,N/A,N/A,N/A,,,1
1759293332,eth0,110,Ethernet,IPv6,ICMP,N/A,v6,fe80::24f1:23ff:fe29:66,ff02::179,N/A,N/A,N/A,N/A,N/A,N/A,,,1
1759293332,eth0,54,Ethernet,IPv4,N/A,N/A,v4,172.30.0.23,224.0.0.22,N/A,N/A,N/A,N/A,N/A,N/A,,,1
1759293332,eth0,42,Ethernet,N/A,N/A,N/A,N/A,N/A,N/A,N/A,N/A,N/A,N/A,N/A,N/A,,,1
1759293332,any,44,ARP,N/A,N/A,N/A,N/A,N/A,N/A,N/A,N/A,1,2048,172.30.0.23,172.30.0.122,,,1
1759293332,any,112,N/A,IPv6,ICMP,N/A,v6,fe80::7827:e3ff:fe68:239,ff02::179,N/A,N/A,N/A,N/A,N/A,N/A,,,1
1759293332,eth1,110,Ethernet,IPv6,ICMP,N/A,v6,fe80::7827:e3ff:fe68:239,ff02::179,N/A,N/A,N/A,N/A,N/A,N/A,,,1
1759293332,any,112,N/A,IPv6,ICMP,N/A,v6,fe80::24f1:23ff:fe29:66,ff02::179,N/A,N/A,N/A,N/A,N/A,N/A,,,1
1759293332,eth0,107,Ethernet,N/A,N/A,N/A,N/A,N/A,N/A,N/A,N/A,N/A,N/A,N/A,N/A,,,0
1759293332,any,109,N/A,N/A,N/A,N/A,N/A,N/A,N/A,N/A,N/A,N/A,N/A,N/A,N/A,,,0
1759293332,eth0,110,Ethernet,IPv6,ICMP,N/A,v6,fe80::24f1:23ff:fe29:66,ff02::179,N/A,N/A,N/A,N/A,N/A,N/A,,,1
1759293333,eth0,90,Ethernet,IPv6,ICMP,N/A,v6,fe80::5ca9:83ff:fe87:27,ff02::179,N/A,N/A,N/A,N/A,N/A,N/A,,,0
1759293333,eth0,54,Ethernet,IPv4,N/A,N/A,v4,172.30.0.220,224.0.0.22,N/A,N/A,N/A,N/A,N/A,N/A,,,0
1759293333,any,92,N/A,IPv6,ICMP,N/A,v6,fe80::5ca9:83ff:fe87:27,ff02::179,N/A,N/A,N/A,N/A,N/A,N/A,,,0
1759293333,eth0,90,Ethernet,IPv6,ICMP,N/A,v6,fe80::5ca9:83ff:fe87:27,ff02::179,N/A,N/A,N/A,N/A,N/A,N/A,,,0
1759293333,any,92,N/A,IPv6,ICMP,N/A,v6,fe80::5ca9:83ff:fe87:27,ff02::179,N/A,N/A,N/A,N/A,N/A,N/A,,,0
1759293333,eth0,87,Ethernet,IPv6,UDP,N/A,v6,fe80::5ca9:83ff:fe87:27,ff02::1:52,5355,5355,N/A,N/A,N/A,N/A,,,0
1759293333,eth0,67,Ethernet,IPv4,UDP,N/A,v4,172.30.0.220,224.0.0.252,5355,5355,N/A,N/A,N/A,N/A,,,0
1759293333,any,89,N/A,IPv6,UDP,N/A,v6,fe80::5ca9:83ff:fe87:27,ff02::1:52,5355,5355,N/A,N/A,N/A,N/A,,,0
1759293333,eth0,356,Ethernet,IPv4,UDP,N/A,v4,0.0.0.0,255.255.255.255,68,67,N/A,N/A,N/A,N/A,,,0
1759293333,any,358,N/A,IPv4,UDP,N/A,v4,0.0.0.0,255.255.255.255,68,67,N/A,N/A,N/A,N/A,,,0
1759293333,eth0,368,Ethernet,IPv4,UDP,N/A,v4,0.0.0.0,255.255.255.255,68,67,N/A,N/A,N/A,N/A,,,0
1759293333,any,370,N/A,IPv4,UDP,N/A,v4,0.0.0.0,255.255.255.255,68,67,N/A,N/A,N/A,N/A,,,0
1759293333,eth1,110,Ethernet,IPv6,ICMP,N/A,v6,fe80::a824:52ff:fe4f:69,ff02::179,N/A,N/A,N/A,N/A,N/A,N/A,,,0
1759293333,any,112,N/A,IPv6,ICMP,N/A,v6,fe80::a824:52ff:fe4f:69,ff02::179,N/A,N/A,N/A,N/A,N/A,N/A,,,0
1759293333,any,112,N/A,IPv6,ICMP,N/A,v6,fe80::5ca9:83ff:fe87:27,ff02::179,N/A,N/A,N/A,N/A,N/A,N/A,,,0
1759293333,eth0,110,Ethernet,IPv6,ICMP,N/A,v6,fe80::5ca9:83ff:fe87:27,ff02::179,N/A,N/A,N/A,N/A,N/A,N/A,,,0
1759293333,eth0,54,Ethernet,IPv4,N/A,N/A,v4,172.30.0.220,224.0.0.22,N/A,N/A,N/A,N/A,N/A,N/A,,,0
1759293333,eth0,42,Ethernet,N/A,N/A,N/A,N/A,N/A,N/A,N/A,N/A,N/A,N/A,N/A,N/A,,,0
1759293333,any,44,ARP,N/A,N/A,N/A,N/A,N/A,N/A,N/A,N/A,1,2048,172.30.0.220,172.30.0.122,,,0
1759293333,eth0,54,Ethernet,IPv4,N/A,N/A,v4,172.30.0.23,224.0.0.22,N/A,N/A,N/A,N/A,N/A,N/A,,,1
1759293333,any,56,N/A,IPv4,N/A,N/A,v4,172.30.0.23,224.0.0.22,N/A,N/A,N/A,N/A,N/A,N/A,,,1
1759293333,any,112,N/A,IPv6,ICMP,N/A,v6,fe80::780a:a9ff:fee6:89,ff02::179,N/A,N/A,N/A,N/A,N/A,N/A,,,1
1759293333,eth1,110,Ethernet,IPv6,ICMP,N/A,v6,fe80::780a:a9ff:fee6:89,ff02::179,N/A,N/A,N/A,N/A,N/A,N/A,,,1
1759293333,eth1,70,Ethernet,IPv6,ICMP,N/A,v6,fe80::780a:a9ff:fee6:89,ff02::204,N/A,N/A,N/A,N/A,N/A,N/A,,,1
1759293333,eth0,70,Ethernet,IPv6,ICMP,N/A,v6,fe80::b0b5:44ff:feea:219,ff02::204,N/A,N/A,N/A,N/A,N/A,N/A,,,1
1759293333,any,72,N/A,IPv6,ICMP,N/A,v6,fe80::b0b5:44ff:feea:219,ff02::204,N/A,N/A,N/A,N/A,N/A,N/A,,,1
1759293333,any,72,N/A,IPv6,ICMP,N/A,v6,fe80::780a:a9ff:fee6:89,ff02::204,N/A,N/A,N/A,N/A,N/A,N/A,,,1
1759293333,eth0,90,Ethernet,IPv6,ICMP,N/A,v6,fe80::e48e:99ff:fe5f:147,ff02::179,N/A,N/A,N/A,N/A,N/A,N/A,,,1
1759293333,eth0,54,Ethernet,IPv4,N/A,N/A,v4,172.30.0.220,224.0.0.22,N/A,N/A,N/A,N/A,N/A,N/A,,,1
1759293333,any,92,N/A,IPv6,ICMP,N/A,v6,fe80::e48e:99ff:fe5f:147,ff02::179,N/A,N/A,N/A,N/A,N/A,N/A,,,1
1759293333,eth0,90,Ethernet,IPv6,ICMP,N/A,v6,fe80::ecf9:eff:fefb:55,ff02::179,N/A,N/A,N/A,N/A,N/A,N/A,,,1
1759293333,eth0,56,Ethernet,IPv4,N/A,N/A,v4,172.30.0.89,224.0.0.22,N/A,N/A,N/A,N/A,N/A,N/A,,,1
1759293333,any,92,N/A,IPv6,ICMP,N/A,v6,fe80::ecf9:eff:fefb:55,ff02::179,N/A,N/A,N/A,N/A,N/A,N/A,,,1
1759293333,any,58,N/A,IPv4,N/A,N/A,v4,172.30.0.89,224.0.0.22,N/A,N/A,N/A,N/A,N/A,N/A,,,1
1759293333,eth0,87,Ethernet,IPv6,UDP,N/A,v6,fe80::ecf9:eff:fefb:55,ff02::1:52,5355,5355,N/A,N/A,N/A,N/A,,,1
1759293333,any,89,N/A,IPv6,UDP,N/A,v6,fe80::ecf9:eff:fefb:55,ff02::1:52,5355,5355,N/A,N/A,N/A,N/A,,,1
1759293333,eth0,54,Ethernet,IPv4,N/A,N/A,v4,172.30.0.220,224.0.0.22,N/A,N/A,N/A,N/A,N/A,N/A,,,1
1759293333,any,56,N/A,IPv4,N/A,N/A,v4,172.30.0.220,224.0.0.22,N/A,N/A,N/A,N/A,N/A,N/A,,,1
1759293333,eth0,360,Ethernet,IPv4,UDP,N/A,v4,0.0.0.0,255.255.255.255,68,67,N/A,N/A,N/A,N/A,,,1
1759293333,any,362,N/A,IPv4,UDP,N/A,v4,0.0.0.0,255.255.255.255,68,67,N/A,N/A,N/A,N/A,,,1
1759293333,eth0,356,Ethernet,IPv4,UDP,N/A,v4,0.0.0.0,255.255.255.255,68,67,N/A,N/A,N/A,N/A,,,1
1759293333,any,358,N/A,IPv4,UDP,N/A,v4,0.0.0.0,255.255.255.255,68,67,N/A,N/A,N/A,N/A,,,1
1759293333,eth0,372,Ethernet,IPv4,UDP,N/A,v4,0.0.0.0,255.255.255.255,68,67,N/A,N/A,N/A,N/A,,,1
1759293333,eth0,368,Ethernet,IPv4,UDP,N/A,v4,0.0.0.0,255.255.255.255,68,67,N/A,N/A,N/A,N/A,,,1
1759293333,eth0,110,Ethernet,IPv6,ICMP,N/A,v6,fe80::ecf9:eff:fefb:55,ff02::179,N/A,N/A,N/A,N/A,N/A,N/A,,,1
1759293333,eth0,56,Ethernet,IPv4,N/A,N/A,v4,172.30.0.89,224.0.0.22,N/A,N/A,N/A,N/A,N/A,N/A,,,1
1759293333,eth0,110,Ethernet,IPv6,ICMP,N/A,v6,fe80::e48e:99ff:fe5f:147,ff02::179,N/A,N/A,N/A,N/A,N/A,N/A,,,1
1759293333,eth0,54,Ethernet,IPv4,N/A,N/A,v4,172.30.0.220,224.0.0.22,N/A,N/A,N/A,N/A,N/A,N/A,,,1
1759293333,eth0,56,Ethernet,N/A,N/A,N/A,N/A,N/A,N/A,N/A,N/A,N/A,N/A,N/A,N/A,,,1
1759293333,eth0,42,Ethernet,N/A,N/A,N/A,N/A,N/A,N/A,N/A,N/A,N/A,N/A,N/A,N/A,,,1
1759293333,eth0,56,Ethernet,N/A,N/A,N/A,N/A,N/A,N/A,N/A,N/A,N/A,N/A,N/A,N/A,,,1
1759293333,eth0,56,Ethernet,N/A,N/A,N/A,N/A,N/A,N/A,N/A,N/A,N/A,N/A,N/A,N/A,,,1
1759293333,eth0,110,Ethernet,IPv6,ICMP,N/A,v6,fe80::e48e:99ff:fe5f:147,ff02::179,N/A,N/A,N/A,N/A,N/A,N/A,,,1
1759293333,any,374,N/A,IPv4,UDP,N/A,v4,0.0.0.0,255.255.255.255,68,67,N/A,N/A,N/A,N/A,,,1
1759293333,any,370,N/A,IPv4,UDP,N/A,v4,0.0.0.0,255.255.255.255,68,67,N/A,N/A,N/A,N/A,,,1
1759293333,any,112,N/A,IPv6,ICMP,N/A,v6,fe80::103b:bdff:fef0:169,ff02::179,N/A,N/A,N/A,N/A,N/A,N/A,,,1
1759293333,any,112,N/A,IPv6,ICMP,N/A,v6,fe80::f056:abff:fe65:143,ff02::179,N/A,N/A,N/A,N/A,N/A,N/A,,,1
1759293333,any,112,N/A,IPv6,ICMP,N/A,v6,fe80::ecf9:eff:fefb:55,ff02::179,N/A,N/A,N/A,N/A,N/A,N/A,,,1
1759293333,any,58,N/A,IPv4,N/A,N/A,v4,172.30.0.89,224.0.0.22,N/A,N/A,N/A,N/A,N/A,N/A,,,1
1759293333,any,112,N/A,IPv6,ICMP,N/A,v6,fe80::e48e:99ff:fe5f:147,ff02::179,N/A,N/A,N/A,N/A,N/A,N/A,,,1
1759293333,any,58,ARP,N/A,N/A,N/A,N/A,N/A,N/A,N/A,N/A,1,2048,172.30.0.89,172.30.0.122,,,1
1759293333,any,44,ARP,N/A,N/A,N/A,N/A,N/A,N/A,N/A,N/A,1,2048,172.30.0.220,172.30.0.122,,,1
1759293333,any,58,ARP,N/A,N/A,N/A,N/A,N/A,N/A,N/A,N/A,2,2048,172.30.0.122,172.30.0.220,,,1
1759293333,any,58,ARP,N/A,N/A,N/A,N/A,N/A,N/A,N/A,N/A,2,2048,172.30.0.122,172.30.0.220,,,1
1759293333,any,112,N/A,IPv6,ICMP,N/A,v6,fe80::e48e:99ff:fe5f:147,ff02::179,N/A,N/A,N/A,N/A,N/A,N/A,,,1
1759293333,eth1,110,Ethernet,IPv6,ICMP,N/A,v6,fe80::103b:bdff:fef0:169,ff02::179,N/A,N/A,N/A,N/A,N/A,N/A,,,1
1759293333,eth1,110,Ethernet,IPv6,ICMP,N/A,v6,fe80::f056:abff:fe65:143,ff02::179,N/A,N/A,N/A,N/A,N/A,N/A,,,1
1759293333,eth2,110,Ethernet,IPv6,ICMP,N/A,v6,fe80::dcac:f9ff:fe59:60,ff02::179,N/A,N/A,N/A,N/A,N/A,N/A,,,1
1759293333,any,112,N/A,IPv6,ICMP,N/A,v6,fe80::f056:abff:fe65:143,ff02::179,N/A,N/A,N/A,N/A,N/A,N/A,,,1
1759293333,eth1,110,Ethernet,IPv6,ICMP,N/A,v6,fe80::f056:abff:fe65:143,ff02::179,N/A,N/A,N/A,N/A,N/A,N/A,,,1
1759293333,any,112,N/A,IPv6,ICMP,N/A,v6,fe80::103b:bdff:fef0:169,ff02::179,N/A,N/A,N/A,N/A,N/A,N/A,,,1
1759293333,eth1,110,Ethernet,IPv6,ICMP,N/A,v6,fe80::103b:bdff:fef0:169,ff02::179,N/A,N/A,N/A,N/A,N/A,N/A,,,1
1759293333,any,58,ARP,N/A,N/A,N/A,N/A,N/A,N/A,N/A,N/A,2,2048,172.30.0.122,172.30.0.220,,,0
1759293333,eth0,56,Ethernet,N/A,N/A,N/A,N/A,N/A,N/A,N/A,N/A,N/A,N/A,N/A,N/A,,,0
1759293333,eth0,56,Ethernet,N/A,N/A,N/A,N/A,N/A,N/A,N/A,N/A,N/A,N/A,N/A,N/A,,,0
1759293334,any,72,N/A,IPv6,ICMP,N/A,v6,fe80::24f1:23ff:fe29:66,ff02::204,N/A,N/A,N/A,N/A,N/A,N/A,,,1
1759293334,eth1,70,Ethernet,IPv6,ICMP,N/A,v6,fe80::7827:e3ff:fe68:239,ff02::204,N/A,N/A,N/A,N/A,N/A,N/A,,,1
1759293334,eth0,70,Ethernet,IPv6,ICMP,N/A,v6,fe80::24f1:23ff:fe29:66,ff02::204,N/A,N/A,N/A,N/A,N/A,N/A,,,1
1759293334,any,56,N/A,IPv4,N/A,N/A,v4,172.30.0.220,224.0.0.22,N/A,N/A,N/A,N/A,N/A,N/A,,,1
1759293334,eth0,54,Ethernet,IPv4,N/A,N/A,v4,172.30.0.220,224.0.0.22,N/A,N/A,N/A,N/A,N/A,N/A,,,1
1759293334,eth0,56,Ethernet,IPv4,N/A,N/A,v4,172.30.0.89,224.0.0.22,N/A,N/A,N/A,N/A,N/A,N/A,,,1
1759293334,any,58,N/A,IPv4,N/A,N/A,v4,172.30.0.89,224.0.0.22,N/A,N/A,N/A,N/A,N/A,N/A,,,1
1759293334,any,72,N/A,IPv6,ICMP,N/A,v6,fe80::ecf9:eff:fefb:55,ff02::204,N/A,N/A,N/A,N/A,N/A,N/A,,,1
1759293334,eth0,70,Ethernet,IPv6,ICMP,N/A,v6,fe80::ecf9:eff:fefb:55,ff02::204,N/A,N/A,N/A,N/A,N/A,N/A,,,1
1759293334,any,72,N/A,IPv6,ICMP,N/A,v6,fe80::103b:bdff:fef0:169,ff02::204,N/A,N/A,N/A,N/A,N/A,N/A,,,1
1759293334,eth1,70,Ethernet,IPv6,ICMP,N/A,v6,fe80::103b:bdff:fef0:169,ff02::204,N/A,N/A,N/A,N/A,N/A,N/A,,,1
1759293334,eth2,110,Ethernet,IPv6,ICMP,N/A,v6,fe80::dcac:f9ff:fe59:60,ff02::179,N/A,N/A,N/A,N/A,N/A,N/A,,,1
1759293334,any,112,N/A,IPv6,ICMP,N/A,v6,fe80::dcac:f9ff:fe59:60,ff02::179,N/A,N/A,N/A,N/A,N/A,N/A,,,1
1759293334,eth0,110,Ethernet,IPv6,ICMP,N/A,v6,fe80::ecf9:eff:fefb:55,ff02::179,N/A,N/A,N/A,N/A,N/A,N/A,,,1
1759293334,any,112,N/A,IPv6,ICMP,N/A,v6,fe80::ecf9:eff:fefb:55,ff02::179,N/A,N/A,N/A,N/A,N/A,N/A,,,1
1759293334,eth0,111,Ethernet,N/A,N/A,N/A,N/A,N/A,N/A,N/A,N/A,N/A,N/A,N/A,N/A,,,1
1759293334,eth0,70,Ethernet,IPv6,ICMP,N/A,v6,fe80::e48e:99ff:fe5f:147,ff02::204,N/A,N/A,N/A,N/A,N/A,N/A,,,1
1759293334,eth2,70,Ethernet,IPv6,ICMP,N/A,v6,fe80::dcac:f9ff:fe59:60,ff02::204,N/A,N/A,N/A,N/A,N/A,N/A,,,1
1759293334,eth1,70,Ethernet,IPv6,ICMP,N/A,v6,fe80::f056:abff:fe65:143,ff02::204,N/A,N/A,N/A,N/A,N/A,N/A,,,1
1759293334,any,72,N/A,IPv6,ICMP,N/A,v6,fe80::dcac:f9ff:fe59:60,ff02::204,N/A,N/A,N/A,N/A,N/A,N/A,,,1
1759293334,eth0,54,Ethernet,IPv4,N/A,N/A,v4,172.30.0.220,224.0.0.22,N/A,N/A,N/A,N/A,N/A,N/A,,,0
1759293334,any,56,N/A,IPv4,N/A,N/A,v4,172.30.0.220,224.0.0.22,N/A,N/A,N/A,N/A,N/A,N/A,,,0
1759293334,any,112,N/A,IPv6,ICMP,N/A,v6,fe80::5ca9:83ff:fe87:27,ff02::179,N/A,N/A,N/A,N/A,N/A,N/A,,,0
1759293334,eth0,110,Ethernet,IPv6,ICMP,N/A,v6,fe80::5ca9:83ff:fe87:27,ff02::179,N/A,N/A,N/A,N/A,N/A,N/A,,,0
1759293334,any,112,N/A,IPv6,ICMP,N/A,v6,fe80::a824:52ff:fe4f:69,ff02::179,N/A,N/A,N/A,N/A,N/A,N/A,,,0
1759293334,eth1,110,Ethernet,IPv6,ICMP,N/A,v6,fe80::a824:52ff:fe4f:69,ff02::179,N/A,N/A,N/A,N/A,N/A,N/A,,,0
1759293334,eth0,107,Ethernet,N/A,N/A,N/A,N/A,N/A,N/A,N/A,N/A,N/A,N/A,N/A,N/A,,,0
1759293334,eth0,70,Ethernet,IPv6,ICMP,N/A,v6,fe80::5ca9:83ff:fe87:27,ff02::204,N/A,N/A,N/A,N/A,N/A,N/A,,,0
1759293334,any,72,N/A,IPv6,ICMP,N/A,v6,fe80::a824:52ff:fe4f:69,ff02::204,N/A,N/A,N/A,N/A,N/A,N/A,,,0
1759293334,eth1,70,Ethernet,IPv6,ICMP,N/A,v6,fe80::a824:52ff:fe4f:69,ff02::204,N/A,N/A,N/A,N/A,N/A,N/A,,,0
1759293335,eth0,111,Ethernet,N/A,N/A,N/A,N/A,N/A,N/A,N/A,N/A,N/A,N/A,N/A,N/A,,,1
1759293335,any,113,N/A,N/A,N/A,N/A,N/A,N/A,N/A,N/A,N/A,N/A,N/A,N/A,N/A,,,1
1759293335,eth0,107,Ethernet,N/A,N/A,N/A,N/A,N/A,N/A,N/A,N/A,N/A,N/A,N/A,N/A,,,0
1759293335,any,109,N/A,N/A,N/A,N/A,N/A,N/A,N/A,N/A,N/A,N/A,N/A,N/A,N/A,,,0
1759293336,any,92,N/A,IPv6,ICMP,N/A,v6,fe80::b0b5:44ff:feea:219,ff02::179,N/A,N/A,N/A,N/A,N/A,N/A,,,1
1759293336,eth0,90,Ethernet,IPv6,ICMP,N/A,v6,fe80::b0b5:44ff:feea:219,ff02::179,N/A,N/A,N/A,N/A,N/A,N/A,,,1
1759293336,eth0,54,Ethernet,IPv4,N/A,N/A,v4,172.30.0.163,224.0.0.22,N/A,N/A,N/A,N/A,N/A,N/A,,,1
1759293336,eth0,88,Ethernet,IPv6,UDP,N/A,v6,fe80::b0b5:44ff:feea:219,ff02::1:52,5355,5355,N/A,N/A,N/A,N/A,,,1
1759293336,eth0,68,Ethernet,IPv4,UDP,N/A,v4,172.30.0.163,224.0.0.252,5355,5355,N/A,N/A,N/A,N/A,,,1
1759293336,any,90,N/A,IPv6,UDP,N/A,v6,fe80::b0b5:44ff:feea:219,ff02::1:52,5355,5355,N/A,N/A,N/A,N/A,,,1
1759293336,any,359,N/A,IPv4,UDP,N/A,v4,0.0.0.0,255.255.255.255,68,67,N/A,N/A,N/A,N/A,,,1
1759293336,eth0,357,Ethernet,IPv4,UDP,N/A,v4,0.0.0.0,255.255.255.255,68,67,N/A,N/A,N/A,N/A,,,1
1759293336,eth0,369,Ethernet,IPv4,UDP,N/A,v4,0.0.0.0,255.255.255.255,68,67,N/A,N/A,N/A,N/A,,,1
1759293336,any,371,N/A,IPv4,UDP,N/A,v4,0.0.0.0,255.255.255.255,68,67,N/A,N/A,N/A,N/A,,,1
1759293336,any,112,N/A,IPv6,ICMP,N/A,v6,fe80::780a:a9ff:fee6:89,ff02::179,N/A,N/A,N/A,N/A,N/A,N/A,,,1
1759293336,eth1,110,Ethernet,IPv6,ICMP,N/A,v6,fe80::780a:a9ff:fee6:89,ff02::179,N/A,N/A,N/A,N/A,N/A,N/A,,,1
1759293336,any,112,N/A,IPv6,ICMP,N/A,v6,fe80::b0b5:44ff:feea:219,ff02::179,N/A,N/A,N/A,N/A,N/A,N/A,,,1
1759293336,eth0,110,Ethernet,IPv6,ICMP,N/A,v6,fe80::b0b5:44ff:feea:219,ff02::179,N/A,N/A,N/A,N/A,N/A,N/A,,,1
1759293336,eth0,54,Ethernet,IPv4,N/A,N/A,v4,172.30.0.163,224.0.0.22,N/A,N/A,N/A,N/A,N/A,N/A,,,1
1759293336,eth0,42,Ethernet,N/A,N/A,N/A,N/A,N/A,N/A,N/A,N/A,N/A,N/A,N/A,N/A,,,1
1759293336,any,44,ARP,N/A,N/A,N/A,N/A,N/A,N/A,N/A,N/A,1,2048,172.30.0.163,172.30.0.122,,,1
1759293336,any,112,N/A,IPv6,ICMP,N/A,v6,fe80::780a:a9ff:fee6:89,ff02::179,N/A,N/A,N/A,N/A,N/A,N/A,,,1
1759293336,eth1,110,Ethernet,IPv6,ICMP,N/A,v6,fe80::780a:a9ff:fee6:89,ff02::179,N/A,N/A,N/A,N/A,N/A,N/A,,,1
1759293336,any,92,N/A,IPv6,ICMP,N/A,v6,fe80::24f1:23ff:fe29:66,ff02::179,N/A,N/A,N/A,N/A,N/A,N/A,,,1
1759293336,eth0,90,Ethernet,IPv6,ICMP,N/A,v6,fe80::24f1:23ff:fe29:66,ff02::179,N/A,N/A,N/A,N/A,N/A,N/A,,,1
1759293336,eth0,54,Ethernet,IPv4,N/A,N/A,v4,172.30.0.23,224.0.0.22,N/A,N/A,N/A,N/A,N/A,N/A,,,1
1759293336,any,113,N/A,N/A,N/A,N/A,N/A,N/A,N/A,N/A,N/A,N/A,N/A,N/A,N/A,,,1
1759293336,eth0,111,Ethernet,N/A,N/A,N/A,N/A,N/A,N/A,N/A,N/A,N/A,N/A,N/A,N/A,,,1
1759293336,eth0,110,Ethernet,IPv6,ICMP,N/A,v6,fe80::b0b5:44ff:feea:219,ff02::179,N/A,N/A,N/A,N/A,N/A,N/A,,,1
1759293336,any,69,N/A,IPv4,UDP,N/A,v4,172.30.0.23,224.0.0.252,5355,5355,N/A,N/A,N/A,N/A,,,1
1759293336,eth0,67,Ethernet,IPv4,UDP,N/A,v4,172.30.0.23,224.0.0.252,5355,5355,N/A,N/A,N/A,N/A,,,1
1759293336,eth0,356,Ethernet,IPv4,UDP,N/A,v4,0.0.0.0,255.255.255.255,68,67,N/A,N/A,N/A,N/A,,,1
1759293336,any,358,N/A,IPv4,UDP,N/A,v4,0.0.0.0,255.255.255.255,68,67,N/A,N/A,N/A,N/A,,,1
1759293336,any,370,N/A,IPv4,UDP,N/A,v4,0.0.0.0,255.255.255.255,68,67,N/A,N/A,N/A,N/A,,,1
1759293336,eth0,368,Ethernet,IPv4,UDP,N/A,v4,0.0.0.0,255.255.255.255,68,67,N/A,N/A,N/A,N/A,,,1
1759293336,any,112,N/A,IPv6,ICMP,N/A,v6,fe80::7827:e3ff:fe68:239,ff02::179,N/A,N/A,N/A,N/A,N/A,N/A,,,1
1759293336,eth1,110,Ethernet,IPv6,ICMP,N/A,v6,fe80::7827:e3ff:fe68:239,ff02::179,N/A,N/A,N/A,N/A,N/A,N/A,,,1
1759293336,eth0,110,Ethernet,IPv6,ICMP,N/A,v6,fe80::24f1:23ff:fe29:66,ff02::179,N/A,N/A,N/A,N/A,N/A,N/A,,,1
1759293336,eth0,54,Ethernet,IPv4,N/A,N/A,v4,172.30.0.23,224.0.0.22,N/A,N/A,N/A,N/A,N/A,N/A,,,1
1759293336,any,112,N/A,IPv6,ICMP,N/A,v6,fe80::24f1:23ff:fe29:66,ff02::179,N/A,N/A,N/A,N/A,N/A,N/A,,,1
1759293336,eth0,54,Ethernet,IPv4,N/A,N/A,v4,172.30.0.163,224.0.0.22,N/A,N/A,N/A,N/A,N/A,N/A,,,1
1759293336,any,56,N/A,IPv4,N/A,N/A,v4,172.30.0.163,224.0.0.22,N/A,N/A,N/A,N/A,N/A,N/A,,,1
1759293336,eth0,107,Ethernet,N/A,N/A,N/A,N/A,N/A,N/A,N/A,N/A,N/A,N/A,N/A,N/A,,,0
1759293336,any,109,N/A,N/A,N/A,N/A,N/A,N/A,N/A,N/A,N/A,N/A,N/A,N/A,N/A,,,0
1759293337,any,56,N/A,IPv4,N/A,N/A,v4,172.30.0.23,224.0.0.22,N/A,N/A,N/A,N/A,N/A,N/A,,,1
1759293337,eth0,54,Ethernet,IPv4,N/A,N/A,v4,172.30.0.23,224.0.0.22,N/A,N/A,N/A,N/A,N/A,N/A,,,1
1759293337,eth0,42,Ethernet,N/A,N/A,N/A,N/A,N/A,N/A,N/A,N/A,N/A,N/A,N/A,N/A,,,1
1759293337,any,44,ARP,N/A,N/A,N/A,N/A,N/A,N/A,N/A,N/A,1,2048,172.30.0.23,172.30.0.122,,,1
1759293337,any,72,N/A,IPv6,ICMP,N/A,v6,fe80::780a:a9ff:fee6:89,ff02::204,N/A,N/A,N/A,N/A,N/A,N/A,,,1
1759293337,eth1,70,Ethernet,IPv6,ICMP,N/A,v6,fe80::780a:a9ff:fee6:89,ff02::204,N/A,N/A,N/A,N/A,N/A,N/A,,,1
1759293337,eth0,70,Ethernet,IPv6,ICMP,N/A,v6,fe80::b0b5:44ff:feea:219,ff02::204,N/A,N/A,N/A,N/A,N/A,N/A,,,1
1759293337,eth0,110,Ethernet,IPv6,ICMP,N/A,v6,fe80::24f1:23ff:fe29:66,ff02::179,N/A,N/A,N/A,N/A,N/A,N/A,,,1
1759293337,any,112,N/A,IPv6,ICMP,N/A,v6,fe80::24f1:23ff:fe29:66,ff02::179,N/A,N/A,N/A,N/A,N/A,N/A,,,1
1759293337,any,112,N/A,IPv6,ICMP,N/A,v6,fe80::7827:e3ff:fe68:239,ff02::179,N/A,N/A,N/A,N/A,N/A,N/A,,,1
1759293337,eth1,110,Ethernet,IPv6,ICMP,N/A,v6,fe80::7827:e3ff:fe68:239,ff02::179,N/A,N/A,N/A,N/A,N/A,N/A,,,1
1759293337,eth0,107,Ethernet,N/A,N/A,N/A,N/A,N/A,N/A,N/A,N/A,N/A,N/A,N/A,N/A,,,0
1759293337,any,109,N/A,N/A,N/A,N/A,N/A,N/A,N/A,N/A,N/A,N/A,N/A,N/A,N/A,,,0
1759293337,eth1,70,Ethernet,IPv6,ICMP,N/A,v6,fe80::7827:e3ff:fe68:239,ff02::204,N/A,N/A,N/A,N/A,N/A,N/A,,,1
1759293337,any,72,N/A,IPv6,ICMP,N/A,v6,fe80::24f1:23ff:fe29:66,ff02::204,N/A,N/A,N/A,N/A,N/A,N/A,,,1
1759293337,eth0,70,Ethernet,IPv6,ICMP,N/A,v6,fe80::24f1:23ff:fe29:66,ff02::204,N/A,N/A,N/A,N/A,N/A,N/A,,,1
1759293338,any,72,N/A,IPv6,ICMP,N/A,v6,fe80::5ca9:83ff:fe87:27,ff02::204,N/A,N/A,N/A,N/A,N/A,N/A,,,0
1759293338,eth0,70,Ethernet,IPv6,ICMP,N/A,v6,fe80::5ca9:83ff:fe87:27,ff02::204,N/A,N/A,N/A,N/A,N/A,N/A,,,0
1759293338,eth0,54,Ethernet,IPv4,N/A,N/A,v4,172.30.0.220,224.0.0.22,N/A,N/A,N/A,N/A,N/A,N/A,,,0
1759293338,any,56,N/A,IPv4,N/A,N/A,v4,172.30.0.220,224.0.0.22,N/A,N/A,N/A,N/A,N/A,N/A,,,0
1759293338,eth0,90,Ethernet,IPv6,ICMP,N/A,v6,fe80::5ca9:83ff:fe87:27,ff02::179,N/A,N/A,N/A,N/A,N/A,N/A,,,0
1759293338,any,92,N/A,IPv6,ICMP,N/A,v6,fe80::5ca9:83ff:fe87:27,ff02::179,N/A,N/A,N/A,N/A,N/A,N/A,,,0
1759293338,any,113,N/A,N/A,N/A,N/A,N/A,N/A,N/A,N/A,N/A,N/A,N/A,N/A,N/A,,,1
1759293338,eth0,111,Ethernet,N/A,N/A,N/A,N/A,N/A,N/A,N/A,N/A,N/A,N/A,N/A,N/A,,,1
1759293338,eth0,70,Ethernet,IPv6,ICMP,N/A,v6,fe80::ecf9:eff:fefb:55,ff02::204,N/A,N/A,N/A,N/A,N/A,N/A,,,1
1759293338,any,72,N/A,IPv6,ICMP,N/A,v6,fe80::ecf9:eff:fefb:55,ff02::204,N/A,N/A,N/A,N/A,N/A,N/A,,,1
1759293338,any,72,N/A,IPv6,ICMP,N/A,v6,fe80::e48e:99ff:fe5f:147,ff02::204,N/A,N/A,N/A,N/A,N/A,N/A,,,1
1759293338,eth0,70,Ethernet,IPv6,ICMP,N/A,v6,fe80::e48e:99ff:fe5f:147,ff02::204,N/A,N/A,N/A,N/A,N/A,N/A,,,1
1759293338,eth0,90,Ethernet,IPv6,ICMP,N/A,v6,fe80::ecf9:eff:fefb:55,ff02::179,N/A,N/A,N/A,N/A,N/A,N/A,,,1
1759293338,eth0,56,Ethernet,IPv4,N/A,N/A,v4,172.30.0.89,224.0.0.22,N/A,N/A,N/A,N/A,N/A,N/A,,,1
1759293338,eth0,90,Ethernet,IPv6,ICMP,N/A,v6,fe80::e48e:99ff:fe5f:147,ff02::179,N/A,N/A,N/A,N/A,N/A,N/A,,,1
1759293338,eth0,54,Ethernet,IPv4,N/A,N/A,v4,172.30.0.220,224.0.0.22,N/A,N/A,N/A,N/A,N/A,N/A,,,1
1759293338,any,92,N/A,IPv6,ICMP,N/A,v6,fe80::ecf9:eff:fefb:55,ff02::179,N/A,N/A,N/A,N/A,N/A,N/A,,,1
1759293338,any,58,N/A,IPv4,N/A,N/A,v4,172.30.0.89,224.0.0.22,N/A,N/A,N/A,N/A,N/A,N/A,,,1
1759293338,eth0,67,Ethernet,IPv4,UDP,N/A,v4,172.30.0.89,224.0.0.252,5355,5355,N/A,N/A,N/A,N/A,,,1
1759293338,any,69,N/A,IPv4,UDP,N/A,v4,172.30.0.89,224.0.0.252,5355,5355,N/A,N/A,N/A,N/A,,,1
1759293338,eth0,356,Ethernet,IPv4,UDP,N/A,v4,0.0.0.0,255.255.255.255,68,67,N/A,N/A,N/A,N/A,,,1
1759293338,any,358,N/A,IPv4,UDP,N/A,v4,0.0.0.0,255.255.255.255,68,67,N/A,N/A,N/A,N/A,,,1
1759293338,eth0,368,Ethernet,IPv4,UDP,N/A,v4,0.0.0.0,255.255.255.255,68,67,N/A,N/A,N/A,N/A,,,1
1759293338,any,370,N/A,IPv4,UDP,N/A,v4,0.0.0.0,255.255.255.255,68,67,N/A,N/A,N/A,N/A,,,1
1759293338,eth1,110,Ethernet,IPv6,ICMP,N/A,v6,fe80::103b:bdff:fef0:169,ff02::179,N/A,N/A,N/A,N/A,N/A,N/A,,,1
1759293338,any,112,N/A,IPv6,ICMP,N/A,v6,fe80::103b:bdff:fef0:169,ff02::179,N/A,N/A,N/A,N/A,N/A,N/A,,,1
1759293338,eth0,110,Ethernet,IPv6,ICMP,N/A,v6,fe80::ecf9:eff:fefb:55,ff02::179,N/A,N/A,N/A,N/A,N/A,N/A,,,1
1759293338,any,112,N/A,IPv6,ICMP,N/A,v6,fe80::ecf9:eff:fefb:55,ff02::179,N/A,N/A,N/A,N/A,N/A,N/A,,,1
1759293338,eth0,356,Ethernet,IPv4,UDP,N/A,v4,0.0.0.0,255.255.255.255,68,67,N/A,N/A,N/A,N/A,,,0
1759293338,any,358,N/A,IPv4,UDP,N/A,v4,0.0.0.0,255.255.255.255,68,67,N/A,N/A,N/A,N/A,,,0
1759293338,eth0,368,Ethernet,IPv4,UDP,N/A,v4,0.0.0.0,255.255.255.255,68,67,N/A,N/A,N/A,N/A,,,0
1759293338,any,370,N/A,IPv4,UDP,N/A,v4,0.0.0.0,255.255.255.255,68,67,N/A,N/A,N/A,N/A,,,0
1759293338,eth1,110,Ethernet,IPv6,ICMP,N/A,v6,fe80::a824:52ff:fe4f:69,ff02::179,N/A,N/A,N/A,N/A,N/A,N/A,,,0
1759293338,any,112,N/A,IPv6,ICMP,N/A,v6,fe80::a824:52ff:fe4f:69,ff02::179,N/A,N/A,N/A,N/A,N/A,N/A,,,0
1759293338,eth0,54,Ethernet,IPv4,N/A,N/A,v4,172.30.0.220,224.0.0.22,N/A,N/A,N/A,N/A,N/A,N/A,,,0
1759293338,eth0,42,Ethernet,N/A,N/A,N/A,N/A,N/A,N/A,N/A,N/A,N/A,N/A,N/A,N/A,,,0
1759293338,any,56,N/A,IPv4,N/A,N/A,v4,172.30.0.220,224.0.0.22,N/A,N/A,N/A,N/A,N/A,N/A,,,0
1759293338,eth0,56,Ethernet,N/A,N/A,N/A,N/A,N/A,N/A,N/A,N/A,N/A,N/A,N/A,N/A,,,0
1759293338,eth0,56,Ethernet,N/A,N/A,N/A,N/A,N/A,N/A,N/A,N/A,N/A,N/A,N/A,N/A,,,0
1759293338,any,58,ARP,N/A,N/A,N/A,N/A,N/A,N/A,N/A,N/A,2,2048,172.30.0.122,172.30.0.220,,,0
1759293338,any,58,ARP,N/A,N/A,N/A,N/A,N/A,N/A,N/A,N/A,2,2048,172.30.0.122,172.30.0.220,,,0
1759293338,eth0,110,Ethernet,IPv6,ICMP,N/A,v6,fe80::5ca9:83ff:fe87:27,ff02::179,N/A,N/A,N/A,N/A,N/A,N/A,,,0
1759293338,any,112,N/A,IPv6,ICMP,N/A,v6,fe80::5ca9:83ff:fe87:27,ff02::179,N/A,N/A,N/A,N/A,N/A,N/A,,,0
1759293338,any,58,N/A,IPv4,N/A,N/A,v4,172.30.0.89,224.0.0.22,N/A,N/A,N/A,N/A,N/A,N/A,,,1
1759293338,eth0,56,Ethernet,IPv4,N/A,N/A,v4,172.30.0.89,224.0.0.22,N/A,N/A,N/A,N/A,N/A,N/A,,,1
1759293338,eth0,360,Ethernet,IPv4,UDP,N/A,v4,0.0.0.0,255.255.255.255,68,67,N/A,N/A,N/A,N/A,,,1
1759293338,any,362,N/A,IPv4,UDP,N/A,v4,0.0.0.0,255.255.255.255,68,67,N/A,N/A,N/A,N/A,,,1
1759293338,eth0,56,Ethernet,N/A,N/A,N/A,N/A,N/A,N/A,N/A,N/A,N/A,N/A,N/A,N/A,,,1
1759293338,any,58,ARP,N/A,N/A,N/A,N/A,N/A,N/A,N/A,N/A,1,2048,172.30.0.89,172.30.0.122,,,1
1759293338,eth0,372,Ethernet,IPv4,UDP,N/A,v4,0.0.0.0,255.255.255.255,68,67,N/A,N/A,N/A,N/A,,,1
1759293338,any,374,N/A,IPv4,UDP,N/A,v4,0.0.0.0,255.255.255.255,68,67,N/A,N/A,N/A,N/A,,,1
1759293338,eth2,110,Ethernet,IPv6,ICMP,N/A,v6,fe80::dcac:f9ff:fe59:60,ff02::179,N/A,N/A,N/A,N/A,N/A,N/A,,,1
1759293338,any,112,N/A,IPv6,ICMP,N/A,v6,fe80::f056:abff:fe65:143,ff02::179,N/A,N/A,N/A,N/A,N/A,N/A,,,1
1759293338,eth1,110,Ethernet,IPv6,ICMP,N/A,v6,fe80::f056:abff:fe65:143,ff02::179,N/A,N/A,N/A,N/A,N/A,N/A,,,1
1759293338,eth0,110,Ethernet,IPv6,ICMP,N/A,v6,fe80::e48e:99ff:fe5f:147,ff02::179,N/A,N/A,N/A,N/A,N/A,N/A,,,1
1759293338,eth0,54,Ethernet,IPv4,N/A,N/A,v4,172.30.0.220,224.0.0.22,N/A,N/A,N/A,N/A,N/A,N/A,,,1
1759293338,any,112,N/A,IPv6,ICMP,N/A,v6,fe80::e48e:99ff:fe5f:147,ff02::179,N/A,N/A,N/A,N/A,N/A,N/A,,,1
1759293338,eth0,42,Ethernet,N/A,N/A,N/A,N/A,N/A,N/A,N/A,N/A,N/A,N/A,N/A,N/A,,,1
1759293338,eth0,56,Ethernet,N/A,N/A,N/A,N/A,N/A,N/A,N/A,N/A,N/A,N/A,N/A,N/A,,,1
1759293338,eth0,56,Ethernet,N/A,N/A,N/A,N/A,N/A,N/A,N/A,N/A,N/A,N/A,N/A,N/A,,,1
1759293338,any,44,ARP,N/A,N/A,N/A,N/A,N/A,N/A,N/A,N/A,1,2048,172.30.0.220,172.30.0.122,,,1
1759293338,any,58,ARP,N/A,N/A,N/A,N/A,N/A,N/A,N/A,N/A,2,2048,172.30.0.122,172.30.0.220,,,1
1759293338,eth0,56,Ethernet,IPv4,N/A,N/A,v4,172.30.0.89,224.0.0.22,N/A,N/A,N/A,N/A,N/A,N/A,,,1
1759293338,any,58,N/A,IPv4,N/A,N/A,v4,172.30.0.89,224.0.0.22,N/A,N/A,N/A,N/A,N/A,N/A,,,1
1759293338,any,112,N/A,IPv6,ICMP,N/A,v6,fe80::f056:abff:fe65:143,ff02::179,N/A,N/A,N/A,N/A,N/A,N/A,,,1
1759293338,eth1,110,Ethernet,IPv6,ICMP,N/A,v6,fe80::f056:abff:fe65:143,ff02::179,N/A,N/A,N/A,N/A,N/A,N/A,,,1
1759293339,any,112,N/A,IPv6,ICMP,N/A,v6,fe80::5ca9:83ff:fe87:27,ff02::179,N/A,N/A,N/A,N/A,N/A,N/A,,,0
1759293339,eth0,110,Ethernet,IPv6,ICMP,N/A,v6,fe80::5ca9:83ff:fe87:27,ff02::179,N/A,N/A,N/A,N/A,N/A,N/A,,,0
1759293339,any,56,N/A,IPv4,N/A,N/A,v4,172.30.0.220,224.0.0.22,N/A,N/A,N/A,N/A,N/A,N/A,,,0
1759293339,eth0,54,Ethernet,IPv4,N/A,N/A,v4,172.30.0.220,224.0.0.22,N/A,N/A,N/A,N/A,N/A,N/A,,,0
1759293339,any,112,N/A,IPv6,ICMP,N/A,v6,fe80::a824:52ff:fe4f:69,ff02::179,N/A,N/A,N/A,N/A,N/A,N/A,,,0
1759293339,eth1,110,Ethernet,IPv6,ICMP,N/A,v6,fe80::a824:52ff:fe4f:69,ff02::179,N/A,N/A,N/A,N/A,N/A,N/A,,,0
1759293339,eth0,70,Ethernet,IPv6,ICMP,N/A,v6,fe80::5ca9:83ff:fe87:27,ff02::204,N/A,N/A,N/A,N/A,N/A,N/A,,,0
1759293339,any,72,N/A,IPv6,ICMP,N/A,v6,fe80::a824:52ff:fe4f:69,ff02::204,N/A,N/A,N/A,N/A,N/A,N/A,,,0
1759293339,eth1,70,Ethernet,IPv6,ICMP,N/A,v6,fe80::a824:52ff:fe4f:69,ff02::204,N/A,N/A,N/A,N/A,N/A,N/A,,,0
1759293339,any,109,N/A,N/A,N/A,N/A,N/A,N/A,N/A,N/A,N/A,N/A,N/A,N/A,N/A,,,0
1759293339,any,112,N/A,IPv6,ICMP,N/A,v6,fe80::dcac:f9ff:fe59:60,ff02::179,N/A,N/A,N/A,N/A,N/A,N/A,,,1
1759293339,eth2,110,Ethernet,IPv6,ICMP,N/A,v6,fe80::dcac:f9ff:fe59:60,ff02::179,N/A,N/A,N/A,N/A,N/A,N/A,,,1
1759293339,any,112,N/A,IPv6,ICMP,N/A,v6,fe80::103b:bdff:fef0:169,ff02::179,N/A,N/A,N/A,N/A,N/A,N/A,,,1
1759293339,eth1,110,Ethernet,IPv6,ICMP,N/A,v6,fe80::103b:bdff:fef0:169,ff02::179,N/A,N/A,N/A,N/A,N/A,N/A,,,1
1759293339,any,56,N/A,IPv4,N/A,N/A,v4,172.30.0.220,224.0.0.22,N/A,N/A,N/A,N/A,N/A,N/A,,,1
1759293339,eth0,54,Ethernet,IPv4,N/A,N/A,v4,172.30.0.220,224.0.0.22,N/A,N/A,N/A,N/A,N/A,N/A,,,1
1759293339,any,112,N/A,IPv6,ICMP,N/A,v6,fe80::ecf9:eff:fefb:55,ff02::179,N/A,N/A,N/A,N/A,N/A,N/A,,,1
1759293339,eth0,110,Ethernet,IPv6,ICMP,N/A,v6,fe80::ecf9:eff:fefb:55,ff02::179,N/A,N/A,N/A,N/A,N/A,N/A,,,1
1759293339,eth1,70,Ethernet,IPv6,ICMP,N/A,v6,fe80::103b:bdff:fef0:169,ff02::204,N/A,N/A,N/A,N/A,N/A,N/A,,,1
1759293339,any,72,N/A,IPv6,ICMP,N/A,v6,fe80::ecf9:eff:fefb:55,ff02::204,N/A,N/A,N/A,N/A,N/A,N/A,,,1
1759293339,any,72,N/A,IPv6,ICMP,N/A,v6,fe80::103b:bdff:fef0:169,ff02::204,N/A,N/A,N/A,N/A,N/A,N/A,,,1
1759293339,eth0,70,Ethernet,IPv6,ICMP,N/A,v6,fe80::ecf9:eff:fefb:55,ff02::204,N/A,N/A,N/A,N/A,N/A,N/A,,,1
1759293339,any,112,N/A,IPv6,ICMP,N/A,v6,fe80::e48e:99ff:fe5f:147,ff02::179,N/A,N/A,N/A,N/A,N/A,N/A,,,1
1759293339,eth0,110,Ethernet,IPv6,ICMP,N/A,v6,fe80::e48e:99ff:fe5f:147,ff02::179,N/A,N/A,N/A,N/A,N/A,N/A,,,1
1759293339,eth1,70,Ethernet,IPv6,ICMP,N/A,v6,fe80::f056:abff:fe65:143,ff02::204,N/A,N/A,N/A,N/A,N/A,N/A,,,1
1759293339,any,72,N/A,IPv6,ICMP,N/A,v6,fe80::dcac:f9ff:fe59:60,ff02::204,N/A,N/A,N/A,N/A,N/A,N/A,,,1
1759293339,eth2,70,Ethernet,IPv6,ICMP,N/A,v6,fe80::dcac:f9ff:fe59:60,ff02::204,N/A,N/A,N/A,N/A,N/A,N/A,,,1
1759293339,eth0,111,Ethernet,N/A,N/A,N/A,N/A,N/A,N/A,N/A,N/A,N/A,N/A,N/A,N/A,,,1
1759293339,eth0,70,Ethernet,IPv6,ICMP,N/A,v6,fe80::e48e:99ff:fe5f:147,ff02::204,N/A,N/A,N/A,N/A,N/A,N/A,,,1
1759293339,eth0,107,Ethernet,N/A,N/A,N/A,N/A,N/A,N/A,N/A,N/A,N/A,N/A,N/A,N/A,,,0
1759293340,any,113,N/A,N/A,N/A,N/A,N/A,N/A,N/A,N/A,N/A,N/A,N/A,N/A,N/A,,,1
1759293340,eth0,111,Ethernet,N/A,N/A,N/A,N/A,N/A,N/A,N/A,N/A,N/A,N/A,N/A,N/A,,,1
1759293341,eth0,70,Ethernet,IPv6,ICMP,N/A,v6,fe80::b0b5:44ff:feea:219,ff02::204,N/A,N/A,N/A,N/A,N/A,N/A,,,1
1759293341,any,72,N/A,IPv6,ICMP,N/A,v6,fe80::b0b5:44ff:feea:219,ff02::204,N/A,N/A,N/A,N/A,N/A,N/A,,,1
1759293341,eth0,70,Ethernet,IPv6,ICMP,N/A,v6,fe80::24f1:23ff:fe29:66,ff02::204,N/A,N/A,N/A,N/A,N/A,N/A,,,1
1759293341,any,72,N/A,IPv6,ICMP,N/A,v6,fe80::24f1:23ff:fe29:66,ff02::204,N/A,N/A,N/A,N/A,N/A,N/A,,,1
1759293341,any,92,N/A,IPv6,ICMP,N/A,v6,fe80::b0b5:44ff:feea:219,ff02::179,N/A,N/A,N/A,N/A,N/A,N/A,,,1
1759293341,eth0,90,Ethernet,IPv6,ICMP,N/A,v6,fe80::b0b5:44ff:feea:219,ff02::179,N/A,N/A,N/A,N/A,N/A,N/A,,,1
1759293341,any,109,N/A,N/A,N/A,N/A,N/A,N/A,N/A,N/A,N/A,N/A,N/A,N/A,N/A,,,0
1759293341,eth0,107,Ethernet,N/A,N/A,N/A,N/A,N/A,N/A,N/A,N/A,N/A,N/A,N/A,N/A,,,0
1759293341,eth0,54,Ethernet,IPv4,N/A,N/A,v4,172.30.0.163,224.0.0.22,N/A,N/A,N/A,N/A,N/A,N/A,,,1
1759293341,any,56,N/A,IPv4,N/A,N/A,v4,172.30.0.163,224.0.0.22,N/A,N/A,N/A,N/A,N/A,N/A,,,1
1759293341,eth0,54,Ethernet,IPv4,N/A,N/A,v4,172.30.0.163,224.0.0.22,N/A,N/A,N/A,N/A,N/A,N/A,,,1
1759293341,any,90,N/A,IPv6,UDP,N/A,v6,fe80::b0b5:44ff:feea:219,ff02::1:52,5355,5355,N/A,N/A,N/A,N/A,,,1
1759293341,eth0,88,Ethernet,IPv6,UDP,N/A,v6,fe80::b0b5:44ff:feea:219,ff02::1:52,5355,5355,N/A,N/A,N/A,N/A,,,1
1759293341,eth0,68,Ethernet,IPv4,UDP,N/A,v4,172.30.0.163,224.0.0.252,5355,5355,N/A,N/A,N/A,N/A,,,1
1759293341,any,359,N/A,IPv4,UDP,N/A,v4,0.0.0.0,255.255.255.255,68,67,N/A,N/A,N/A,N/A,,,1
1759293341,eth0,357,Ethernet,IPv4,UDP,N/A,v4,0.0.0.0,255.255.255.255,68,67,N/A,N/A,N/A,N/A,,,1
1759293341,any,371,N/A,IPv4,UDP,N/A,v4,0.0.0.0,255.255.255.255,68,67,N/A,N/A,N/A,N/A,,,1
1759293341,eth0,369,Ethernet,IPv4,UDP,N/A,v4,0.0.0.0,255.255.255.255,68,67,N/A,N/A,N/A,N/A,,,1
1759293341,any,112,N/A,IPv6,ICMP,N/A,v6,fe80::780a:a9ff:fee6:89,ff02::179,N/A,N/A,N/A,N/A,N/A,N/A,,,1
1759293341,eth1,110,Ethernet,IPv6,ICMP,N/A,v6,fe80::780a:a9ff:fee6:89,ff02::179,N/A,N/A,N/A,N/A,N/A,N/A,,,1
1759293341,any,112,N/A,IPv6,ICMP,N/A,v6,fe80::b0b5:44ff:feea:219,ff02::179,N/A,N/A,N/A,N/A,N/A,N/A,,,1
1759293341,eth0,110,Ethernet,IPv6,ICMP,N/A,v6,fe80::b0b5:44ff:feea:219,ff02::179,N/A,N/A,N/A,N/A,N/A,N/A,,,1
1759293341,eth0,54,Ethernet,IPv4,N/A,N/A,v4,172.30.0.163,224.0.0.22,N/A,N/A,N/A,N/A,N/A,N/A,,,1
1759293341,any,44,ARP,N/A,N/A,N/A,N/A,N/A,N/A,N/A,N/A,1,2048,172.30.0.163,172.30.0.122,,,1
1759293341,eth0,42,Ethernet,N/A,N/A,N/A,N/A,N/A,N/A,N/A,N/A,N/A,N/A,N/A,N/A,,,1
1759293341,any,92,N/A,IPv6,ICMP,N/A,v6,fe80::24f1:23ff:fe29:66,ff02::179,N/A,N/A,N/A,N/A,N/A,N/A,,,1
1759293341,eth0,90,Ethernet,IPv6,ICMP,N/A,v6,fe80::24f1:23ff:fe29:66,ff02::179,N/A,N/A,N/A,N/A,N/A,N/A,,,1
1759293341,eth0,54,Ethernet,IPv4,N/A,N/A,v4,172.30.0.23,224.0.0.22,N/A,N/A,N/A,N/A,N/A,N/A,,,1
1759293341,any,69,N/A,IPv4,UDP,N/A,v4,172.30.0.23,224.0.0.252,5355,5355,N/A,N/A,N/A,N/A,,,1
1759293341,eth0,67,Ethernet,IPv4,UDP,N/A,v4,172.30.0.23,224.0.0.252,5355,5355,N/A,N/A,N/A,N/A,,,1
1759293342,any,109,N/A,N/A,N/A,N/A,N/A,N/A,N/A,N/A,N/A,N/A,N/A,N/A,N/A,,,0
1759293342,eth0,107,Ethernet,N/A,N/A,N/A,N/A,N/A,N/A,N/A,N/A,N/A,N/A,N/A,N/A,,,0
1759293342,eth0,90,Ethernet,IPv6,ICMP,N/A,v6,fe80::5ca9:83ff:fe87:27,ff02::179,N/A,N/A,N/A,N/A,N/A,N/A,,,0
1759293342,eth0,54,Ethernet,IPv4,N/A,N/A,v4,172.30.0.220,224.0.0.22,N/A,N/A,N/A,N/A,N/A,N/A,,,0
1759293342,any,92,N/A,IPv6,ICMP,N/A,v6,fe80::5ca9:83ff:fe87:27,ff02::179,N/A,N/A,N/A,N/A,N/A,N/A,,,0
1759293342,eth0,67,Ethernet,IPv4,UDP,N/A,v4,172.30.0.220,224.0.0.252,5355,5355,N/A,N/A,N/A,N/A,,,0
1759293342,eth0,87,Ethernet,IPv6,UDP,N/A,v6,fe80::5ca9:83ff:fe87:27,ff02::1:52,5355,5355,N/A,N/A,N/A,N/A,,,0
1759293342,any,69,N/A,IPv4,UDP,N/A,v4,172.30.0.220,224.0.0.252,5355,5355,N/A,N/A,N/A,N/A,,,0
1759293342,eth0,356,Ethernet,IPv4,UDP,N/A,v4,0.0.0.0,255.255.255.255,68,67,N/A,N/A,N/A,N/A,,,0
1759293342,any,358,N/A,IPv4,UDP,N/A,v4,0.0.0.0,255.255.255.255,68,67,N/A,N/A,N/A,N/A,,,0
1759293342,eth0,368,Ethernet,IPv4,UDP,N/A,v4,0.0.0.0,255.255.255.255,68,67,N/A,N/A,N/A,N/A,,,0
1759293342,any,370,N/A,IPv4,UDP,N/A,v4,0.0.0.0,255.255.255.255,68,67,N/A,N/A,N/A,N/A,,,0
1759293342,eth1,110,Ethernet,IPv6,ICMP,N/A,v6,fe80::a824:52ff:fe4f:69,ff02::179,N/A,N/A,N/A,N/A,N/A,N/A,,,0
1759293342,any,56,N/A,IPv4,N/A,N/A,v4,172.30.0.220,224.0.0.22,N/A,N/A,N/A,N/A,N/A,N/A,,,0
1759293342,eth0,54,Ethernet,IPv4,N/A,N/A,v4,172.30.0.220,224.0.0.22,N/A,N/A,N/A,N/A,N/A,N/A,,,0
1759293342,any,112,N/A,IPv6,ICMP,N/A,v6,fe80::5ca9:83ff:fe87:27,ff02::179,N/A,N/A,N/A,N/A,N/A,N/A,,,0
1759293342,eth0,110,Ethernet,IPv6,ICMP,N/A,v6,fe80::5ca9:83ff:fe87:27,ff02::179,N/A,N/A,N/A,N/A,N/A,N/A,,,0
1759293342,any,56,N/A,IPv4,N/A,N/A,v4,172.30.0.220,224.0.0.22,N/A,N/A,N/A,N/A,N/A,N/A,,,0
1759293342,eth0,54,Ethernet,IPv4,N/A,N/A,v4,172.30.0.220,224.0.0.22,N/A,N/A,N/A,N/A,N/A,N/A,,,0
1759293342,eth0,110,Ethernet,IPv6,ICMP,N/A,v6,fe80::5ca9:83ff:fe87:27,ff02::179,N/A,N/A,N/A,N/A,N/A,N/A,,,0
1759293342,any,112,N/A,IPv6,ICMP,N/A,v6,fe80::5ca9:83ff:fe87:27,ff02::179,N/A,N/A,N/A,N/A,N/A,N/A,,,0
1759293342,any,112,N/A,IPv6,ICMP,N/A,v6,fe80::a824:52ff:fe4f:69,ff02::179,N/A,N/A,N/A,N/A,N/A,N/A,,,0
1759293342,any,358,N/A,IPv4,UDP,N/A,v4,0.0.0.0,255.255.255.255,68,67,N/A,N/A,N/A,N/A,,,1
1759293342,eth0,356,Ethernet,IPv4,UDP,N/A,v4,0.0.0.0,255.255.255.255,68,67,N/A,N/A,N/A,N/A,,,1
1759293342,any,370,N/A,IPv4,UDP,N/A,v4,0.0.0.0,255.255.255.255,68,67,N/A,N/A,N/A,N/A,,,1
1759293342,any,112,N/A,IPv6,ICMP,N/A,v6,fe80::7827:e3ff:fe68:239,ff02::179,N/A,N/A,N/A,N/A,N/A,N/A,,,1
1759293342,eth0,368,Ethernet,IPv4,UDP,N/A,v4,0.0.0.0,255.255.255.255,68,67,N/A,N/A,N/A,N/A,,,1
1759293342,eth1,110,Ethernet,IPv6,ICMP,N/A,v6,fe80::7827:e3ff:fe68:239,ff02::179,N/A,N/A,N/A,N/A,N/A,N/A,,,1
1759293342,any,112,N/A,IPv6,ICMP,N/A,v6,fe80::24f1:23ff:fe29:66,ff02::179,N/A,N/A,N/A,N/A,N/A,N/A,,,1
1759293342,eth0,110,Ethernet,IPv6,ICMP,N/A,v6,fe80::24f1:23ff:fe29:66,ff02::179,N/A,N/A,N/A,N/A,N/A,N/A,,,1
1759293342,eth0,54,Ethernet,IPv4,N/A,N/A,v4,172.30.0.23,224.0.0.22,N/A,N/A,N/A,N/A,N/A,N/A,,,1
1759293342,any,44,ARP,N/A,N/A,N/A,N/A,N/A,N/A,N/A,N/A,1,2048,172.30.0.23,172.30.0.122,,,1
1759293342,eth0,42,Ethernet,N/A,N/A,N/A,N/A,N/A,N/A,N/A,N/A,N/A,N/A,N/A,N/A,,,1
1759293342,any,113,N/A,N/A,N/A,N/A,N/A,N/A,N/A,N/A,N/A,N/A,N/A,N/A,N/A,,,1
1759293342,eth0,111,Ethernet,N/A,N/A,N/A,N/A,N/A,N/A,N/A,N/A,N/A,N/A,N/A,N/A,,,1
1759293342,any,56,N/A,IPv4,N/A,N/A,v4,172.30.0.163,224.0.0.22,N/A,N/A,N/A,N/A,N/A,N/A,,,1
1759293342,eth0,54,Ethernet,IPv4,N/A,N/A,v4,172.30.0.163,224.0.0.22,N/A,N/A,N/A,N/A,N/A,N/A,,,1
1759293342,eth0,110,Ethernet,IPv6,ICMP,N/A,v6,fe80::b0b5:44ff:feea:219,ff02::179,N/A,N/A,N/A,N/A,N/A,N/A,,,1
1759293342,any,72,N/A,IPv6,ICMP,N/A,v6,fe80::780a:a9ff:fee6:89,ff02::204,N/A,N/A,N/A,N/A,N/A,N/A,,,1
1759293342,eth1,70,Ethernet,IPv6,ICMP,N/A,v6,fe80::780a:a9ff:fee6:89,ff02::204,N/A,N/A,N/A,N/A,N/A,N/A,,,1
1759293342,eth0,70,Ethernet,IPv6,ICMP,N/A,v6,fe80::b0b5:44ff:feea:219,ff02::204,N/A,N/A,N/A,N/A,N/A,N/A,,,1
1759293342,any,112,N/A,IPv6,ICMP,N/A,v6,fe80::7827:e3ff:fe68:239,ff02::179,N/A,N/A,N/A,N/A,N/A,N/A,,,1
1759293342,eth1,110,Ethernet,IPv6,ICMP,N/A,v6,fe80::7827:e3ff:fe68:239,ff02::179,N/A,N/A,N/A,N/A,N/A,N/A,,,1
1759293342,any,112,N/A,IPv6,ICMP,N/A,v6,fe80::780a:a9ff:fee6:89,ff02::179,N/A,N/A,N/A,N/A,N/A,N/A,,,1
1759293342,eth1,110,Ethernet,IPv6,ICMP,N/A,v6,fe80::780a:a9ff:fee6:89,ff02::179,N/A,N/A,N/A,N/A,N/A,N/A,,,1
1759293342,any,56,N/A,IPv4,N/A,N/A,v4,172.30.0.23,224.0.0.22,N/A,N/A,N/A,N/A,N/A,N/A,,,1
1759293342,eth0,54,Ethernet,IPv4,N/A,N/A,v4,172.30.0.23,224.0.0.22,N/A,N/A,N/A,N/A,N/A,N/A,,,1
1759293342,eth0,90,Ethernet,IPv6,ICMP,N/A,v6,fe80::e48e:99ff:fe5f:147,ff02::179,N/A,N/A,N/A,N/A,N/A,N/A,,,1
1759293342,eth0,54,Ethernet,IPv4,N/A,N/A,v4,172.30.0.220,224.0.0.22,N/A,N/A,N/A,N/A,N/A,N/A,,,1
1759293342,any,92,N/A,IPv6,ICMP,N/A,v6,fe80::e48e:99ff:fe5f:147,ff02::179,N/A,N/A,N/A,N/A,N/A,N/A,,,1
1759293342,eth0,90,Ethernet,IPv6,ICMP,N/A,v6,fe80::ecf9:eff:fefb:55,ff02::179,N/A,N/A,N/A,N/A,N/A,N/A,,,1
1759293342,eth0,56,Ethernet,IPv4,N/A,N/A,v4,172.30.0.89,224.0.0.22,N/A,N/A,N/A,N/A,N/A,N/A,,,1
1759293342,any,92,N/A,IPv6,ICMP,N/A,v6,fe80::ecf9:eff:fefb:55,ff02::179,N/A,N/A,N/A,N/A,N/A,N/A,,,1
1759293342,any,58,N/A,IPv4,N/A,N/A,v4,172.30.0.89,224.0.0.22,N/A,N/A,N/A,N/A,N/A,N/A,,,1
1759293342,eth0,71,Ethernet,IPv4,UDP,N/A,v4,172.30.0.220,224.0.0.252,5355,5355,N/A,N/A,N/A,N/A,,,1
1759293342,any,73,N/A,IPv4,UDP,N/A,v4,172.30.0.220,224.0.0.252,5355,5355,N/A,N/A,N/A,N/A,,,1
1759293342,eth0,87,Ethernet,IPv6,UDP,N/A,v6,fe80::ecf9:eff:fefb:55,ff02::1:52,5355,5355,N/A,N/A,N/A,N/A,,,1
1759293342,eth0,67,Ethernet,IPv4,UDP,N/A,v4,172.30.0.89,224.0.0.252,5355,5355,N/A,N/A,N/A,N/A,,,1
1759293342,any,89,N/A,IPv6,UDP,N/A,v6,fe80::ecf9:eff:fefb:55,ff02::1:52,5355,5355,N/A,N/A,N/A,N/A,,,1
1759293342,eth0,360,Ethernet,IPv4,UDP,N/A,v4,0.0.0.0,255.255.255.255,68,67,N/A,N/A,N/A,N/A,,,1
1759293342,any,362,N/A,IPv4,UDP,N/A,v4,0.0.0.0,255.255.255.255,68,67,N/A,N/A,N/A,N/A,,,1
1759293342,eth0,372,Ethernet,IPv4,UDP,N/A,v4,0.0.0.0,255.255.255.255,68,67,N/A,N/A,N/A,N/A,,,1
1759293342,any,374,N/A,IPv4,UDP,N/A,v4,0.0.0.0,255.255.255.255,68,67,N/A,N/A,N/A,N/A,,,1
1759293342,eth2,110,Ethernet,IPv6,ICMP,N/A,v6,fe80::dcac:f9ff:fe59:60,ff02::179,N/A,N/A,N/A,N/A,N/A,N/A,,,1
1759293342,any,112,N/A,IPv6,ICMP,N/A,v6,fe80::f056:abff:fe65:143,ff02::179,N/A,N/A,N/A,N/A,N/A,N/A,,,1
1759293342,eth1,110,Ethernet,IPv6,ICMP,N/A,v6,fe80::f056:abff:fe65:143,ff02::179,N/A,N/A,N/A,N/A,N/A,N/A,,,1
1759293342,any,112,N/A,IPv6,ICMP,N/A,v6,fe80::e48e:99ff:fe5f:147,ff02::179,N/A,N/A,N/A,N/A,N/A,N/A,,,1
1759293342,eth0,110,Ethernet,IPv6,ICMP,N/A,v6,fe80::e48e:99ff:fe5f:147,ff02::179,N/A,N/A,N/A,N/A,N/A,N/A,,,1
1759293342,eth0,54,Ethernet,IPv4,N/A,N/A,v4,172.30.0.220,224.0.0.22,N/A,N/A,N/A,N/A,N/A,N/A,,,1
1759293342,any,358,N/A,IPv4,UDP,N/A,v4,0.0.0.0,255.255.255.255,68,67,N/A,N/A,N/A,N/A,,,1
1759293342,eth0,356,Ethernet,IPv4,UDP,N/A,v4,0.0.0.0,255.255.255.255,68,67,N/A,N/A,N/A,N/A,,,1
1759293342,eth0,368,Ethernet,IPv4,UDP,N/A,v4,0.0.0.0,255.255.255.255,68,67,N/A,N/A,N/A,N/A,,,1
1759293342,any,370,N/A,IPv4,UDP,N/A,v4,0.0.0.0,255.255.255.255,68,67,N/A,N/A,N/A,N/A,,,1
1759293342,any,44,ARP,N/A,N/A,N/A,N/A,N/A,N/A,N/A,N/A,1,2048,172.30.0.220,172.30.0.122,,,1
1759293342,eth0,42,Ethernet,N/A,N/A,N/A,N/A,N/A,N/A,N/A,N/A,N/A,N/A,N/A,N/A,,,1
1759293342,eth0,56,Ethernet,N/A,N/A,N/A,N/A,N/A,N/A,N/A,N/A,N/A,N/A,N/A,N/A,,,1
1759293342,eth0,56,Ethernet,N/A,N/A,N/A,N/A,N/A,N/A,N/A,N/A,N/A,N/A,N/A,N/A,,,1
1759293342,any,58,ARP,N/A,N/A,N/A,N/A,N/A,N/A,N/A,N/A,2,2048,172.30.0.122,172.30.0.220,,,1
1759293342,any,112,N/A,IPv6,ICMP,N/A,v6,fe80::103b:bdff:fef0:169,ff02::179,N/A,N/A,N/A,N/A,N/A,N/A,,,1
1759293342,eth1,110,Ethernet,IPv6,ICMP,N/A,v6,fe80::103b:bdff:fef0:169,ff02::179,N/A,N/A,N/A,N/A,N/A,N/A,,,1
1759293342,eth0,110,Ethernet,IPv6,ICMP,N/A,v6,fe80::ecf9:eff:fefb:55,ff02::179,N/A,N/A,N/A,N/A,N/A,N/A,,,1
1759293342,eth0,56,Ethernet,IPv4,N/A,N/A,v4,172.30.0.89,224.0.0.22,N/A,N/A,N/A,N/A,N/A,N/A,,,1
1759293342,any,112,N/A,IPv6,ICMP,N/A,v6,fe80::ecf9:eff:fefb:55,ff02::179,N/A,N/A,N/A,N/A,N/A,N/A,,,1
1759293342,any,58,N/A,IPv4,N/A,N/A,v4,172.30.0.89,224.0.0.22,N/A,N/A,N/A,N/A,N/A,N/A,,,1
1759293342,eth0,56,Ethernet,N/A,N/A,N/A,N/A,N/A,N/A,N/A,N/A,N/A,N/A,N/A,N/A,,,1
1759293342,any,58,ARP,N/A,N/A,N/A,N/A,N/A,N/A,N/A,N/A,1,2048,172.30.0.89,172.30.0.122,,,1
1759293342,any,112,N/A,IPv6,ICMP,N/A,v6,fe80::f056:abff:fe65:143,ff02::179,N/A,N/A,N/A,N/A,N/A,N/A,,,1
1759293342,eth1,110,Ethernet,IPv6,ICMP,N/A,v6,fe80::f056:abff:fe65:143,ff02::179,N/A,N/A,N/A,N/A,N/A,N/A,,,1
1759293342,any,112,N/A,IPv6,ICMP,N/A,v6,fe80::e48e:99ff:fe5f:147,ff02::179,N/A,N/A,N/A,N/A,N/A,N/A,,,1
1759293342,eth0,110,Ethernet,IPv6,ICMP,N/A,v6,fe80::e48e:99ff:fe5f:147,ff02::179,N/A,N/A,N/A,N/A,N/A,N/A,,,1
1759293342,any,44,ARP,N/A,N/A,N/A,N/A,N/A,N/A,N/A,N/A,1,2048,172.30.0.220,172.30.0.122,,,0
1759293342,any,58,ARP,N/A,N/A,N/A,N/A,N/A,N/A,N/A,N/A,2,2048,172.30.0.122,172.30.0.220,,,0
1759293342,any,58,ARP,N/A,N/A,N/A,N/A,N/A,N/A,N/A,N/A,2,2048,172.30.0.122,172.30.0.220,,,0
1759293342,eth1,110,Ethernet,IPv6,ICMP,N/A,v6,fe80::a824:52ff:fe4f:69,ff02::179,N/A,N/A,N/A,N/A,N/A,N/A,,,0
1759293342,eth0,42,Ethernet,N/A,N/A,N/A,N/A,N/A,N/A,N/A,N/A,N/A,N/A,N/A,N/A,,,0
1759293342,eth0,56,Ethernet,N/A,N/A,N/A,N/A,N/A,N/A,N/A,N/A,N/A,N/A,N/A,N/A,,,0
1759293342,eth0,56,Ethernet,N/A,N/A,N/A,N/A,N/A,N/A,N/A,N/A,N/A,N/A,N/A,N/A,,,0
1759293343,eth0,110,Ethernet,IPv6,ICMP,N/A,v6,fe80::24f1:23ff:fe29:66,ff02::179,N/A,N/A,N/A,N/A,N/A,N/A,,,1
1759293343,any,112,N/A,IPv6,ICMP,N/A,v6,fe80::24f1:23ff:fe29:66,ff02::179,N/A,N/A,N/A,N/A,N/A,N/A,,,1
1759293343,any,72,N/A,IPv6,ICMP,N/A,v6,fe80::24f1:23ff:fe29:66,ff02::204,N/A,N/A,N/A,N/A,N/A,N/A,,,1
1759293343,eth1,70,Ethernet,IPv6,ICMP,N/A,v6,fe80::7827:e3ff:fe68:239,ff02::204,N/A,N/A,N/A,N/A,N/A,N/A,,,1
1759293343,eth0,70,Ethernet,IPv6,ICMP,N/A,v6,fe80::24f1:23ff:fe29:66,ff02::204,N/A,N/A,N/A,N/A,N/A,N/A,,,1
1759293343,any,58,N/A,IPv4,N/A,N/A,v4,172.30.0.89,224.0.0.22,N/A,N/A,N/A,N/A,N/A,N/A,,,1
1759293343,eth0,56,Ethernet,IPv4,N/A,N/A,v4,172.30.0.89,224.0.0.22,N/A,N/A,N/A,N/A,N/A,N/A,,,1
1759293343,eth0,110,Ethernet,IPv6,ICMP,N/A,v6,fe80::ecf9:eff:fefb:55,ff02::179,N/A,N/A,N/A,N/A,N/A,N/A,,,1
1759293343,any,72,N/A,IPv6,ICMP,N/A,v6,fe80::ecf9:eff:fefb:55,ff02::204,N/A,N/A,N/A,N/A,N/A,N/A,,,1
1759293343,eth0,70,Ethernet,IPv6,ICMP,N/A,v6,fe80::ecf9:eff:fefb:55,ff02::204,N/A,N/A,N/A,N/A,N/A,N/A,,,1
1759293343,any,72,N/A,IPv6,ICMP,N/A,v6,fe80::103b:bdff:fef0:169,ff02::204,N/A,N/A,N/A,N/A,N/A,N/A,,,1
1759293343,eth1,70,Ethernet,IPv6,ICMP,N/A,v6,fe80::103b:bdff:fef0:169,ff02::204,N/A,N/A,N/A,N/A,N/A,N/A,,,1
1759293343,any,112,N/A,IPv6,ICMP,N/A,v6,fe80::dcac:f9ff:fe59:60,ff02::179,N/A,N/A,N/A,N/A,N/A,N/A,,,1
1759293343,eth2,110,Ethernet,IPv6,ICMP,N/A,v6,fe80::dcac:f9ff:fe59:60,ff02::179,N/A,N/A,N/A,N/A,N/A,N/A,,,1
1759293343,any,56,N/A,IPv4,N/A,N/A,v4,172.30.0.220,224.0.0.22,N/A,N/A,N/A,N/A,N/A,N/A,,,1
1759293343,eth0,54,Ethernet,IPv4,N/A,N/A,v4,172.30.0.220,224.0.0.22,N/A,N/A,N/A,N/A,N/A,N/A,,,1
1759293343,any,112,N/A,IPv6,ICMP,N/A,v6,fe80::103b:bdff:fef0:169,ff02::179,N/A,N/A,N/A,N/A,N/A,N/A,,,1
1759293343,eth1,110,Ethernet,IPv6,ICMP,N/A,v6,fe80::103b:bdff:fef0:169,ff02::179,N/A,N/A,N/A,N/A,N/A,N/A,,,1
1759293343,eth1,70,Ethernet,IPv6,ICMP,N/A,v6,fe80::f056:abff:fe65:143,ff02::204,N/A,N/A,N/A,N/A,N/A,N/A,,,1
1759293343,any,72,N/A,IPv6,ICMP,N/A,v6,fe80::dcac:f9ff:fe59:60,ff02::204,N/A,N/A,N/A,N/A,N/A,N/A,,,1
1759293343,any,72,N/A,IPv6,ICMP,N/A,v6,fe80::e48e:99ff:fe5f:147,ff02::204,N/A,N/A,N/A,N/A,N/A,N/A,,,1
1759293343,any,72,N/A,IPv6,ICMP,N/A,v6,fe80::f056:abff:fe65:143,ff02::204,N/A,N/A,N/A,N/A,N/A,N/A,,,1
1759293343,eth2,70,Ethernet,IPv6,ICMP,N/A,v6,fe80::dcac:f9ff:fe59:60,ff02::204,N/A,N/A,N/A,N/A,N/A,N/A,,,1
1759293343,eth0,70,Ethernet,IPv6,ICMP,N/A,v6,fe80::e48e:99ff:fe5f:147,ff02::204,N/A,N/A,N/A,N/A,N/A,N/A,,,1
1759293343,any,72,N/A,IPv6,ICMP,N/A,v6,fe80::a824:52ff:fe4f:69,ff02::204,N/A,N/A,N/A,N/A,N/A,N/A,,,0
1759293343,eth1,70,Ethernet,IPv6,ICMP,N/A,v6,fe80::a824:52ff:fe4f:69,ff02::204,N/A,N/A,N/A,N/A,N/A,N/A,,,0
1759293343,eth0,70,Ethernet,IPv6,ICMP,N/A,v6,fe80::5ca9:83ff:fe87:27,ff02::204,N/A,N/A,N/A,N/A,N/A,N/A,,,0
1759293343,eth0,107,Ethernet,N/A,N/A,N/A,N/A,N/A,N/A,N/A,N/A,N/A,N/A,N/A,N/A,,,0
1759293343,any,109,N/A,N/A,N/A,N/A,N/A,N/A,N/A,N/A,N/A,N/A,N/A,N/A,N/A,,,0
1759293344,any,113,N/A,N/A,N/A,N/A,N/A,N/A,N/A,N/A,N/A,N/A,N/A,N/A,N/A,,,1
1759293344,eth0,111,Ethernet,N/A,N/A,N/A,N/A,N/A,N/A,N/A,N/A,N/A,N/A,N/A,N/A,,,1
1759293344,eth0,107,Ethernet,N/A,N/A,N/A,N/A,N/A,N/A,N/A,N/A,N/A,N/A,N/A,N/A,,,0
1759293344,any,109,N/A,N/A,N/A,N/A,N/A,N/A,N/A,N/A,N/A,N/A,N/A,N/A,N/A,,,0
1759293345,any,113,N/A,N/A,N/A,N/A,N/A,N/A,N/A,N/A,N/A,N/A,N/A,N/A,N/A,,,1
1759293345,eth0,111,Ethernet,N/A,N/A,N/A,N/A,N/A,N/A,N/A,N/A,N/A,N/A,N/A,N/A,,,1
1759293345,eth0,90,Ethernet,IPv6,ICMP,N/A,v6,fe80::b0b5:44ff:feea:219,ff02::179,N/A,N/A,N/A,N/A,N/A,N/A,,,1
1759293345,eth0,54,Ethernet,IPv4,N/A,N/A,v4,172.30.0.163,224.0.0.22,N/A,N/A,N/A,N/A,N/A,N/A,,,1
1759293345,any,92,N/A,IPv6,ICMP,N/A,v6,fe80::b0b5:44ff:feea:219,ff02::179,N/A,N/A,N/A,N/A,N/A,N/A,,,1
1759293345,eth0,90,Ethernet,IPv6,ICMP,N/A,v6,fe80::b0b5:44ff:feea:219,ff02::179,N/A,N/A,N/A,N/A,N/A,N/A,,,1
1759293345,any,92,N/A,IPv6,ICMP,N/A,v6,fe80::b0b5:44ff:feea:219,ff02::179,N/A,N/A,N/A,N/A,N/A,N/A,,,1
1759293345,eth0,88,Ethernet,IPv6,UDP,N/A,v6,fe80::b0b5:44ff:feea:219,ff02::1:52,5355,5355,N/A,N/A,N/A,N/A,,,1
1759293345,any,90,N/A,IPv6,UDP,N/A,v6,fe80::b0b5:44ff:feea:219,ff02::1:52,5355,5355,N/A,N/A,N/A,N/A,,,1
1759293345,any,359,N/A,IPv4,UDP,N/A,v4,0.0.0.0,255.255.255.255,68,67,N/A,N/A,N/A,N/A,,,1
1759293345,any,371,N/A,IPv4,UDP,N/A,v4,0.0.0.0,255.255.255.255,68,67,N/A,N/A,N/A,N/A,,,1
1759293345,eth0,357,Ethernet,IPv4,UDP,N/A,v4,0.0.0.0,255.255.255.255,68,67,N/A,N/A,N/A,N/A,,,1
1759293345,eth0,369,Ethernet,IPv4,UDP,N/A,v4,0.0.0.0,255.255.255.255,68,67,N/A,N/A,N/A,N/A,,,1
1759293345,eth1,110,Ethernet,IPv6,ICMP,N/A,v6,fe80::780a:a9ff:fee6:89,ff02::179,N/A,N/A,N/A,N/A,N/A,N/A,,,1
1759293345,any,112,N/A,IPv6,ICMP,N/A,v6,fe80::780a:a9ff:fee6:89,ff02::179,N/A,N/A,N/A,N/A,N/A,N/A,,,1
1759293345,eth0,54,Ethernet,IPv4,N/A,N/A,v4,172.30.0.163,224.0.0.22,N/A,N/A,N/A,N/A,N/A,N/A,,,1
1759293345,any,56,N/A,IPv4,N/A,N/A,v4,172.30.0.163,224.0.0.22,N/A,N/A,N/A,N/A,N/A,N/A,,,1
1759293345,eth0,110,Ethernet,IPv6,ICMP,N/A,v6,fe80::b0b5:44ff:feea:219,ff02::179,N/A,N/A,N/A,N/A,N/A,N/A,,,1
1759293345,any,112,N/A,IPv6,ICMP,N/A,v6,fe80::b0b5:44ff:feea:219,ff02::179,N/A,N/A,N/A,N/A,N/A,N/A,,,1
1759293345,eth0,42,Ethernet,N/A,N/A,N/A,N/A,N/A,N/A,N/A,N/A,N/A,N/A,N/A,N/A,,,1
1759293345,any,44,ARP,N/A,N/A,N/A,N/A,N/A,N/A,N/A,N/A,1,2048,172.30.0.163,172.30.0.122,,,1
1759293346,any,92,N/A,IPv6,ICMP,N/A,v6,fe80::24f1:23ff:fe29:66,ff02::179,N/A,N/A,N/A,N/A,N/A,N/A,,,1
1759293346,eth0,90,Ethernet,IPv6,ICMP,N/A,v6,fe80::24f1:23ff:fe29:66,ff02::179,N/A,N/A,N/A,N/A,N/A,N/A,,,1
1759293346,eth0,54,Ethernet,IPv4,N/A,N/A,v4,172.30.0.23,224.0.0.22,N/A,N/A,N/A,N/A,N/A,N/A,,,1
1759293346,eth0,356,Ethernet,IPv4,UDP,N/A,v4,0.0.0.0,255.255.255.255,68,67,N/A,N/A,N/A,N/A,,,1
1759293346,any,358,N/A,IPv4,UDP,N/A,v4,0.0.0.0,255.255.255.255,68,67,N/A,N/A,N/A,N/A,,,1
1759293346,any,370,N/A,IPv4,UDP,N/A,v4,0.0.0.0,255.255.255.255,68,67,N/A,N/A,N/A,N/A,,,1
1759293346,eth0,368,Ethernet,IPv4,UDP,N/A,v4,0.0.0.0,255.255.255.255,68,67,N/A,N/A,N/A,N/A,,,1
1759293346,any,112,N/A,IPv6,ICMP,N/A,v6,fe80::7827:e3ff:fe68:239,ff02::179,N/A,N/A,N/A,N/A,N/A,N/A,,,1
1759293346,eth1,110,Ethernet,IPv6,ICMP,N/A,v6,fe80::7827:e3ff:fe68:239,ff02::179,N/A,N/A,N/A,N/A,N/A,N/A,,,1
1759293346,eth0,110,Ethernet,IPv6,ICMP,N/A,v6,fe80::24f1:23ff:fe29:66,ff02::179,N/A,N/A,N/A,N/A,N/A,N/A,,,1
1759293346,eth0,54,Ethernet,IPv4,N/A,N/A,v4,172.30.0.23,224.0.0.22,N/A,N/A,N/A,N/A,N/A,N/A,,,1
1759293346,any,112,N/A,IPv6,ICMP,N/A,v6,fe80::24f1:23ff:fe29:66,ff02::179,N/A,N/A,N/A,N/A,N/A,N/A,,,1
1759293346,any,112,N/A,IPv6,ICMP,N/A,v6,fe80::24f1:23ff:fe29:66,ff02::179,N/A,N/A,N/A,N/A,N/A,N/A,,,1
1759293346,any,109,N/A,N/A,N/A,N/A,N/A,N/A,N/A,N/A,N/A,N/A,N/A,N/A,N/A,,,0
1759293346,eth0,107,Ethernet,N/A,N/A,N/A,N/A,N/A,N/A,N/A,N/A,N/A,N/A,N/A,N/A,,,0
1759293346,eth0,110,Ethernet,IPv6,ICMP,N/A,v6,fe80::24f1:23ff:fe29:66,ff02::179,N/A,N/A,N/A,N/A,N/A,N/A,,,1
1759293346,any,72,N/A,IPv6,ICMP,N/A,v6,fe80::780a:a9ff:fee6:89,ff02::204,N/A,N/A,N/A,N/A,N/A,N/A,,,1
1759293346,eth1,70,Ethernet,IPv6,ICMP,N/A,v6,fe80::780a:a9ff:fee6:89,ff02::204,N/A,N/A,N/A,N/A,N/A,N/A,,,1
1759293346,eth0,70,Ethernet,IPv6,ICMP,N/A,v6,fe80::b0b5:44ff:feea:219,ff02::204,N/A,N/A,N/A,N/A,N/A,N/A,,,1
1759293346,any,44,ARP,N/A,N/A,N/A,N/A,N/A,N/A,N/A,N/A,1,2048,172.30.0.23,172.30.0.122,,,1
1759293346,eth0,42,Ethernet,N/A,N/A,N/A,N/A,N/A,N/A,N/A,N/A,N/A,N/A,N/A,N/A,,,1
1759293346,eth0,111,Ethernet,N/A,N/A,N/A,N/A,N/A,N/A,N/A,N/A,N/A,N/A,N/A,N/A,,,1
1759293346,any,113,N/A,N/A,N/A,N/A,N/A,N/A,N/A,N/A,N/A,N/A,N/A,N/A,N/A,,,1
1759293346,any,56,N/A,IPv4,N/A,N/A,v4,172.30.0.163,224.0.0.22,N/A,N/A,N/A,N/A,N/A,N/A,,,1
1759293346,eth0,54,Ethernet,IPv4,N/A,N/A,v4,172.30.0.163,224.0.0.22,N/A,N/A,N/A,N/A,N/A,N/A,,,1
1759293346,eth0,54,Ethernet,IPv4,N/A,N/A,v4,172.30.0.23,224.0.0.22,N/A,N/A,N/A,N/A,N/A,N/A,,,1
1759293346,any,56,N/A,IPv4,N/A,N/A,v4,172.30.0.23,224.0.0.22,N/A,N/A,N/A,N/A,N/A,N/A,,,1
1759293346,any,112,N/A,IPv6,ICMP,N/A,v6,fe80::7827:e3ff:fe68:239,ff02::179,N/A,N/A,N/A,N/A,N/A,N/A,,,1
1759293346,eth1,110,Ethernet,IPv6,ICMP,N/A,v6,fe80::7827:e3ff:fe68:239,ff02::179,N/A,N/A,N/A,N/A,N/A,N/A,,,1
1759293346,any,112,N/A,IPv6,ICMP,N/A,v6,fe80::b0b5:44ff:feea:219,ff02::179,N/A,N/A,N/A,N/A,N/A,N/A,,,1
1759293346,eth0,110,Ethernet,IPv6,ICMP,N/A,v6,fe80::b0b5:44ff:feea:219,ff02::179,N/A,N/A,N/A,N/A,N/A,N/A,,,1
1759293346,any,112,N/A,IPv6,ICMP,N/A,v6,fe80::780a:a9ff:fee6:89,ff02::179,N/A,N/A,N/A,N/A,N/A,N/A,,,1
1759293346,eth1,110,Ethernet,IPv6,ICMP,N/A,v6,fe80::780a:a9ff:fee6:89,ff02::179,N/A,N/A,N/A,N/A,N/A,N/A,,,1
1759293347,eth0,107,Ethernet,N/A,N/A,N/A,N/A,N/A,N/A,N/A,N/A,N/A,N/A,N/A,N/A,,,0
1759293347,any,109,N/A,N/A,N/A,N/A,N/A,N/A,N/A,N/A,N/A,N/A,N/A,N/A,N/A,,,0
1759293347,any,72,N/A,IPv6,ICMP,N/A,v6,fe80::a824:52ff:fe4f:69,ff02::204,N/A,N/A,N/A,N/A,N/A,N/A,,,0
1759293347,eth1,70,Ethernet,IPv6,ICMP,N/A,v6,fe80::a824:52ff:fe4f:69,ff02::204,N/A,N/A,N/A,N/A,N/A,N/A,,,0
1759293347,any,72,N/A,IPv6,ICMP,N/A,v6,fe80::5ca9:83ff:fe87:27,ff02::204,N/A,N/A,N/A,N/A,N/A,N/A,,,0
1759293347,eth0,70,Ethernet,IPv6,ICMP,N/A,v6,fe80::5ca9:83ff:fe87:27,ff02::204,N/A,N/A,N/A,N/A,N/A,N/A,,,0
1759293347,eth0,90,Ethernet,IPv6,ICMP,N/A,v6,fe80::5ca9:83ff:fe87:27,ff02::179,N/A,N/A,N/A,N/A,N/A,N/A,,,0
1759293347,eth0,54,Ethernet,IPv4,N/A,N/A,v4,172.30.0.220,224.0.0.22,N/A,N/A,N/A,N/A,N/A,N/A,,,0
1759293347,any,92,N/A,IPv6,ICMP,N/A,v6,fe80::5ca9:83ff:fe87:27,ff02::179,N/A,N/A,N/A,N/A,N/A,N/A,,,0
1759293347,eth1,70,Ethernet,IPv6,ICMP,N/A,v6,fe80::7827:e3ff:fe68:239,ff02::204,N/A,N/A,N/A,N/A,N/A,N/A,,,1
1759293347,any,72,N/A,IPv6,ICMP,N/A,v6,fe80::24f1:23ff:fe29:66,ff02::204,N/A,N/A,N/A,N/A,N/A,N/A,,,1
1759293347,any,72,N/A,IPv6,ICMP,N/A,v6,fe80::7827:e3ff:fe68:239,ff02::204,N/A,N/A,N/A,N/A,N/A,N/A,,,1
1759293347,eth0,70,Ethernet,IPv6,ICMP,N/A,v6,fe80::24f1:23ff:fe29:66,ff02::204,N/A,N/A,N/A,N/A,N/A,N/A,,,1
1759293347,any,113,N/A,N/A,N/A,N/A,N/A,N/A,N/A,N/A,N/A,N/A,N/A,N/A,N/A,,,1
1759293347,eth0,111,Ethernet,N/A,N/A,N/A,N/A,N/A,N/A,N/A,N/A,N/A,N/A,N/A,N/A,,,1
1759293347,eth0,70,Ethernet,IPv6,ICMP,N/A,v6,fe80::e48e:99ff:fe5f:147,ff02::204,N/A,N/A,N/A,N/A,N/A,N/A,,,1
1759293347,any,72,N/A,IPv6,ICMP,N/A,v6,fe80::dcac:f9ff:fe59:60,ff02::204,N/A,N/A,N/A,N/A,N/A,N/A,,,1
1759293347,eth2,70,Ethernet,IPv6,ICMP,N/A,v6,fe80::dcac:f9ff:fe59:60,ff02::204,N/A,N/A,N/A,N/A,N/A,N/A,,,1
1759293347,any,72,N/A,IPv6,ICMP,N/A,v6,fe80::103b:bdff:fef0:169,ff02::204,N/A,N/A,N/A,N/A,N/A,N/A,,,1
1759293347,eth1,70,Ethernet,IPv6,ICMP,N/A,v6,fe80::103b:bdff:fef0:169,ff02::204,N/A,N/A,N/A,N/A,N/A,N/A,,,1
1759293347,eth0,70,Ethernet,IPv6,ICMP,N/A,v6,fe80::ecf9:eff:fefb:55,ff02::204,N/A,N/A,N/A,N/A,N/A,N/A,,,1
1759293347,any,72,N/A,IPv6,ICMP,N/A,v6,fe80::ecf9:eff:fefb:55,ff02::204,N/A,N/A,N/A,N/A,N/A,N/A,,,1
1759293347,eth1,70,Ethernet,IPv6,ICMP,N/A,v6,fe80::f056:abff:fe65:143,ff02::204,N/A,N/A,N/A,N/A,N/A,N/A,,,1
1759293347,any,72,N/A,IPv6,ICMP,N/A,v6,fe80::f056:abff:fe65:143,ff02::204,N/A,N/A,N/A,N/A,N/A,N/A,,,1
1759293347,eth0,90,Ethernet,IPv6,ICMP,N/A,v6,fe80::e48e:99ff:fe5f:147,ff02::179,N/A,N/A,N/A,N/A,N/A,N/A,,,1
1759293347,eth0,54,Ethernet,IPv4,N/A,N/A,v4,172.30.0.220,224.0.0.22,N/A,N/A,N/A,N/A,N/A,N/A,,,1
1759293347,any,92,N/A,IPv6,ICMP,N/A,v6,fe80::e48e:99ff:fe5f:147,ff02::179,N/A,N/A,N/A,N/A,N/A,N/A,,,1
1759293347,eth0,90,Ethernet,IPv6,ICMP,N/A,v6,fe80::ecf9:eff:fefb:55,ff02::179,N/A,N/A,N/A,N/A,N/A,N/A,,,1
1759293347,eth0,56,Ethernet,IPv4,N/A,N/A,v4,172.30.0.89,224.0.0.22,N/A,N/A,N/A,N/A,N/A,N/A,,,1
1759293347,any,92,N/A,IPv6,ICMP,N/A,v6,fe80::ecf9:eff:fefb:55,ff02::179,N/A,N/A,N/A,N/A,N/A,N/A,,,1
1759293347,eth0,360,Ethernet,IPv4,UDP,N/A,v4,0.0.0.0,255.255.255.255,68,67,N/A,N/A,N/A,N/A,,,1
1759293347,any,362,N/A,IPv4,UDP,N/A,v4,0.0.0.0,255.255.255.255,68,67,N/A,N/A,N/A,N/A,,,1
1759293347,eth0,372,Ethernet,IPv4,UDP,N/A,v4,0.0.0.0,255.255.255.255,68,67,N/A,N/A,N/A,N/A,,,1
1759293347,any,374,N/A,IPv4,UDP,N/A,v4,0.0.0.0,255.255.255.255,68,67,N/A,N/A,N/A,N/A,,,1
1759293347,eth2,110,Ethernet,IPv6,ICMP,N/A,v6,fe80::dcac:f9ff:fe59:60,ff02::179,N/A,N/A,N/A,N/A,N/A,N/A,,,1
1759293347,any,112,N/A,IPv6,ICMP,N/A,v6,fe80::f056:abff:fe65:143,ff02::179,N/A,N/A,N/A,N/A,N/A,N/A,,,1
1759293347,eth1,110,Ethernet,IPv6,ICMP,N/A,v6,fe80::f056:abff:fe65:143,ff02::179,N/A,N/A,N/A,N/A,N/A,N/A,,,1
1759293347,eth0,110,Ethernet,IPv6,ICMP,N/A,v6,fe80::e48e:99ff:fe5f:147,ff02::179,N/A,N/A,N/A,N/A,N/A,N/A,,,1
1759293347,eth0,54,Ethernet,IPv4,N/A,N/A,v4,172.30.0.220,224.0.0.22,N/A,N/A,N/A,N/A,N/A,N/A,,,1
1759293347,any,112,N/A,IPv6,ICMP,N/A,v6,fe80::e48e:99ff:fe5f:147,ff02::179,N/A,N/A,N/A,N/A,N/A,N/A,,,1
1759293347,eth0,67,Ethernet,IPv4,UDP,N/A,v4,172.30.0.89,224.0.0.252,5355,5355,N/A,N/A,N/A,N/A,,,1
1759293347,eth0,87,Ethernet,IPv6,UDP,N/A,v6,fe80::ecf9:eff:fefb:55,ff02::1:52,5355,5355,N/A,N/A,N/A,N/A,,,1
1759293347,eth0,42,Ethernet,N/A,N/A,N/A,N/A,N/A,N/A,N/A,N/A,N/A,N/A,N/A,N/A,,,1
1759293347,eth0,56,Ethernet,N/A,N/A,N/A,N/A,N/A,N/A,N/A,N/A,N/A,N/A,N/A,N/A,,,1
1759293347,eth0,56,Ethernet,N/A,N/A,N/A,N/A,N/A,N/A,N/A,N/A,N/A,N/A,N/A,N/A,,,1
1759293347,any,69,N/A,IPv4,UDP,N/A,v4,172.30.0.89,224.0.0.252,5355,5355,N/A,N/A,N/A,N/A,,,1
1759293347,any,44,ARP,N/A,N/A,N/A,N/A,N/A,N/A,N/A,N/A,1,2048,172.30.0.220,172.30.0.122,,,1
1759293347,any,58,ARP,N/A,N/A,N/A,N/A,N/A,N/A,N/A,N/A,2,2048,172.30.0.122,172.30.0.220,,,1
1759293347,any,58,ARP,N/A,N/A,N/A,N/A,N/A,N/A,N/A,N/A,2,2048,172.30.0.122,172.30.0.220,,,1
1759293347,eth0,356,Ethernet,IPv4,UDP,N/A,v4,0.0.0.0,255.255.255.255,68,67,N/A,N/A,N/A,N/A,,,1
1759293347,any,358,N/A,IPv4,UDP,N/A,v4,0.0.0.0,255.255.255.255,68,67,N/A,N/A,N/A,N/A,,,1
1759293347,any,370,N/A,IPv4,UDP,N/A,v4,0.0.0.0,255.255.255.255,68,67,N/A,N/A,N/A,N/A,,,1
1759293347,eth0,368,Ethernet,IPv4,UDP,N/A,v4,0.0.0.0,255.255.255.255,68,67,N/A,N/A,N/A,N/A,,,1
1759293347,any,112,N/A,IPv6,ICMP,N/A,v6,fe80::103b:bdff:fef0:169,ff02::179,N/A,N/A,N/A,N/A,N/A,N/A,,,1
1759293347,eth1,110,Ethernet,IPv6,ICMP,N/A,v6,fe80::103b:bdff:fef0:169,ff02::179,N/A,N/A,N/A,N/A,N/A,N/A,,,1
1759293347,any,112,N/A,IPv6,ICMP,N/A,v6,fe80::ecf9:eff:fefb:55,ff02::179,N/A,N/A,N/A,N/A,N/A,N/A,,,1
1759293347,eth0,110,Ethernet,IPv6,ICMP,N/A,v6,fe80::ecf9:eff:fefb:55,ff02::179,N/A,N/A,N/A,N/A,N/A,N/A,,,1
1759293347,eth0,110,Ethernet,IPv6,ICMP,N/A,v6,fe80::ecf9:eff:fefb:55,ff02::179,N/A,N/A,N/A,N/A,N/A,N/A,,,1
1759293347,eth0,56,Ethernet,IPv4,N/A,N/A,v4,172.30.0.89,224.0.0.22,N/A,N/A,N/A,N/A,N/A,N/A,,,1
1759293347,any,112,N/A,IPv6,ICMP,N/A,v6,fe80::ecf9:eff:fefb:55,ff02::179,N/A,N/A,N/A,N/A,N/A,N/A,,,1
1759293347,any,58,N/A,IPv4,N/A,N/A,v4,172.30.0.89,224.0.0.22,N/A,N/A,N/A,N/A,N/A,N/A,,,1
1759293347,any,58,ARP,N/A,N/A,N/A,N/A,N/A,N/A,N/A,N/A,1,2048,172.30.0.89,172.30.0.122,,,1
1759293347,eth0,56,Ethernet,N/A,N/A,N/A,N/A,N/A,N/A,N/A,N/A,N/A,N/A,N/A,N/A,,,1
1759293347,any,112,N/A,IPv6,ICMP,N/A,v6,fe80::f056:abff:fe65:143,ff02::179,N/A,N/A,N/A,N/A,N/A,N/A,,,1
1759293347,eth1,110,Ethernet,IPv6,ICMP,N/A,v6,fe80::f056:abff:fe65:143,ff02::179,N/A,N/A,N/A,N/A,N/A,N/A,,,1
1759293347,any,112,N/A,IPv6,ICMP,N/A,v6,fe80::dcac:f9ff:fe59:60,ff02::179,N/A,N/A,N/A,N/A,N/A,N/A,,,1
1759293347,eth0,356,Ethernet,IPv4,UDP,N/A,v4,0.0.0.0,255.255.255.255,68,67,N/A,N/A,N/A,N/A,,,0
1759293347,any,358,N/A,IPv4,UDP,N/A,v4,0.0.0.0,255.255.255.255,68,67,N/A,N/A,N/A,N/A,,,0
1759293347,eth0,368,Ethernet,IPv4,UDP,N/A,v4,0.0.0.0,255.255.255.255,68,67,N/A,N/A,N/A,N/A,,,0
1759293347,any,370,N/A,IPv4,UDP,N/A,v4,0.0.0.0,255.255.255.255,68,67,N/A,N/A,N/A,N/A,,,0
1759293347,eth1,110,Ethernet,IPv6,ICMP,N/A,v6,fe80::a824:52ff:fe4f:69,ff02::179,N/A,N/A,N/A,N/A,N/A,N/A,,,0
1759293347,any,112,N/A,IPv6,ICMP,N/A,v6,fe80::a824:52ff:fe4f:69,ff02::179,N/A,N/A,N/A,N/A,N/A,N/A,,,0
1759293347,eth0,54,Ethernet,IPv4,N/A,N/A,v4,172.30.0.220,224.0.0.22,N/A,N/A,N/A,N/A,N/A,N/A,,,0
1759293347,eth0,42,Ethernet,N/A,N/A,N/A,N/A,N/A,N/A,N/A,N/A,N/A,N/A,N/A,N/A,,,0
1759293347,any,56,N/A,IPv4,N/A,N/A,v4,172.30.0.220,224.0.0.22,N/A,N/A,N/A,N/A,N/A,N/A,,,0
1759293347,eth0,56,Ethernet,N/A,N/A,N/A,N/A,N/A,N/A,N/A,N/A,N/A,N/A,N/A,N/A,,,0
1759293347,eth0,56,Ethernet,N/A,N/A,N/A,N/A,N/A,N/A,N/A,N/A,N/A,N/A,N/A,N/A,,,0
1759293347,any,58,ARP,N/A,N/A,N/A,N/A,N/A,N/A,N/A,N/A,2,2048,172.30.0.122,172.30.0.220,,,0
1759293347,any,58,ARP,N/A,N/A,N/A,N/A,N/A,N/A,N/A,N/A,2,2048,172.30.0.122,172.30.0.220,,,0
1759293347,eth0,110,Ethernet,IPv6,ICMP,N/A,v6,fe80::5ca9:83ff:fe87:27,ff02::179,N/A,N/A,N/A,N/A,N/A,N/A,,,0
1759293347,any,112,N/A,IPv6,ICMP,N/A,v6,fe80::5ca9:83ff:fe87:27,ff02::179,N/A,N/A,N/A,N/A,N/A,N/A,,,0
1759293347,eth1,110,Ethernet,IPv6,ICMP,N/A,v6,fe80::a824:52ff:fe4f:69,ff02::179,N/A,N/A,N/A,N/A,N/A,N/A,,,0
1759293347,any,112,N/A,IPv6,ICMP,N/A,v6,fe80::a824:52ff:fe4f:69,ff02::179,N/A,N/A,N/A,N/A,N/A,N/A,,,0
1759293347,any,56,N/A,IPv4,N/A,N/A,v4,172.30.0.220,224.0.0.22,N/A,N/A,N/A,N/A,N/A,N/A,,,0
1759293347,eth0,54,Ethernet,IPv4,N/A,N/A,v4,172.30.0.220,224.0.0.22,N/A,N/A,N/A,N/A,N/A,N/A,,,0
1759293347,eth2,110,Ethernet,IPv6,ICMP,N/A,v6,fe80::dcac:f9ff:fe59:60,ff02::179,N/A,N/A,N/A,N/A,N/A,N/A,,,1
1759293347,eth0,90,Ethernet,IPv6,ICMP,N/A,v6,fe80::ecf9:eff:fefb:55,ff02::179,N/A,N/A,N/A,N/A,N/A,N/A,,,1
1759293347,any,92,N/A,IPv6,ICMP,N/A,v6,fe80::ecf9:eff:fefb:55,ff02::179,N/A,N/A,N/A,N/A,N/A,N/A,,,1
1759293348,any,72,N/A,IPv6,ICMP,N/A,v6,fe80::a824:52ff:fe4f:69,ff02::204,N/A,N/A,N/A,N/A,N/A,N/A,,,0
1759293348,eth1,70,Ethernet,IPv6,ICMP,N/A,v6,fe80::a824:52ff:fe4f:69,ff02::204,N/A,N/A,N/A,N/A,N/A,N/A,,,0
1759293348,eth0,70,Ethernet,IPv6,ICMP,N/A,v6,fe80::5ca9:83ff:fe87:27,ff02::204,N/A,N/A,N/A,N/A,N/A,N/A,,,0
1759293348,eth0,110,Ethernet,IPv6,ICMP,N/A,v6,fe80::5ca9:83ff:fe87:27,ff02::179,N/A,N/A,N/A,N/A,N/A,N/A,,,0
1759293348,any,112,N/A,IPv6,ICMP,N/A,v6,fe80::5ca9:83ff:fe87:27,ff02::179,N/A,N/A,N/A,N/A,N/A,N/A,,,0
1759293348,any,112,N/A,IPv6,ICMP,N/A,v6,fe80::103b:bdff:fef0:169,ff02::179,N/A,N/A,N/A,N/A,N/A,N/A,,,1
1759293348,eth1,110,Ethernet,IPv6,ICMP,N/A,v6,fe80::103b:bdff:fef0:169,ff02::179,N/A,N/A,N/A,N/A,N/A,N/A,,,1
1759293348,any,56,N/A,IPv4,N/A,N/A,v4,172.30.0.220,224.0.0.22,N/A,N/A,N/A,N/A,N/A,N/A,,,1
1759293348,eth0,54,Ethernet,IPv4,N/A,N/A,v4,172.30.0.220,224.0.0.22,N/A,N/A,N/A,N/A,N/A,N/A,,,1
1759293348,eth1,70,Ethernet,IPv6,ICMP,N/A,v6,fe80::103b:bdff:fef0:169,ff02::204,N/A,N/A,N/A,N/A,N/A,N/A,,,1
1759293348,any,72,N/A,IPv6,ICMP,N/A,v6,fe80::ecf9:eff:fefb:55,ff02::204,N/A,N/A,N/A,N/A,N/A,N/A,,,1
1759293348,any,72,N/A,IPv6,ICMP,N/A,v6,fe80::103b:bdff:fef0:169,ff02::204,N/A,N/A,N/A,N/A,N/A,N/A,,,1
1759293348,eth0,70,Ethernet,IPv6,ICMP,N/A,v6,fe80::ecf9:eff:fefb:55,ff02::204,N/A,N/A,N/A,N/A,N/A,N/A,,,1
1759293348,any,112,N/A,IPv6,ICMP,N/A,v6,fe80::e48e:99ff:fe5f:147,ff02::179,N/A,N/A,N/A,N/A,N/A,N/A,,,1
1759293348,eth0,110,Ethernet,IPv6,ICMP,N/A,v6,fe80::e48e:99ff:fe5f:147,ff02::179,N/A,N/A,N/A,N/A,N/A,N/A,,,1
1759293348,eth0,56,Ethernet,IPv4,N/A,N/A,v4,172.30.0.89,224.0.0.22,N/A,N/A,N/A,N/A,N/A,N/A,,,1
1759293348,any,58,N/A,IPv4,N/A,N/A,v4,172.30.0.89,224.0.0.22,N/A,N/A,N/A,N/A,N/A,N/A,,,1
1759293348,any,72,N/A,IPv6,ICMP,N/A,v6,fe80::dcac:f9ff:fe59:60,ff02::204,N/A,N/A,N/A,N/A,N/A,N/A,,,1
1759293348,eth2,70,Ethernet,IPv6,ICMP,N/A,v6,fe80::dcac:f9ff:fe59:60,ff02::204,N/A,N/A,N/A,N/A,N/A,N/A,,,1
1759293348,eth1,70,Ethernet,IPv6,ICMP,N/A,v6,fe80::f056:abff:fe65:143,ff02::204,N/A,N/A,N/A,N/A,N/A,N/A,,,1
1759293348,eth0,70,Ethernet,IPv6,ICMP,N/A,v6,fe80::e48e:99ff:fe5f:147,ff02::204,N/A,N/A,N/A,N/A,N/A,N/A,,,1
1759293348,eth0,111,Ethernet,N/A,N/A,N/A,N/A,N/A,N/A,N/A,N/A,N/A,N/A,N/A,N/A,,,1
1759293348,any,113,N/A,N/A,N/A,N/A,N/A,N/A,N/A,N/A,N/A,N/A,N/A,N/A,N/A,,,1
1759293349,any,109,N/A,N/A,N/A,N/A,N/A,N/A,N/A,N/A,N/A,N/A,N/A,N/A,N/A,,,0
1759293349,eth0,111,Ethernet,N/A,N/A,N/A,N/A,N/A,N/A,N/A,N/A,N/A,N/A,N/A,N/A,,,1
1759293349,any,113,N/A,N/A,N/A,N/A,N/A,N/A,N/A,N/A,N/A,N/A,N/A,N/A,N/A,,,1
1759293349,eth0,107,Ethernet,N/A,N/A,N/A,N/A,N/A,N/A,N/A,N/A,N/A,N/A,N/A,N/A,,,0
1759293350,any,72,N/A,IPv6,ICMP,N/A,v6,fe80::b0b5:44ff:feea:219,ff02::204,N/A,N/A,N/A,N/A,N/A,N/A,,,1
1759293350,eth0,70,Ethernet,IPv6,ICMP,N/A,v6,fe80::b0b5:44ff:feea:219,ff02::204,N/A,N/A,N/A,N/A,N/A,N/A,,,1
1759293350,any,72,N/A,IPv6,ICMP,N/A,v6,fe80::780a:a9ff:fee6:89,ff02::204,N/A,N/A,N/A,N/A,N/A,N/A,,,1
1759293350,eth1,70,Ethernet,IPv6,ICMP,N/A,v6,fe80::780a:a9ff:fee6:89,ff02::204,N/A,N/A,N/A,N/A,N/A,N/A,,,1
1759293350,any,72,N/A,IPv6,ICMP,N/A,v6,fe80::24f1:23ff:fe29:66,ff02::204,N/A,N/A,N/A,N/A,N/A,N/A,,,1
1759293350,eth0,70,Ethernet,IPv6,ICMP,N/A,v6,fe80::24f1:23ff:fe29:66,ff02::204,N/A,N/A,N/A,N/A,N/A,N/A,,,1
1759293350,any,92,N/A,IPv6,ICMP,N/A,v6,fe80::b0b5:44ff:feea:219,ff02::179,N/A,N/A,N/A,N/A,N/A,N/A,,,1
1759293350,eth0,90,Ethernet,IPv6,ICMP,N/A,v6,fe80::b0b5:44ff:feea:219,ff02::179,N/A,N/A,N/A,N/A,N/A,N/A,,,1
1759293350,eth0,54,Ethernet,IPv4,N/A,N/A,v4,172.30.0.163,224.0.0.22,N/A,N/A,N/A,N/A,N/A,N/A,,,1
1759293350,eth0,68,Ethernet,IPv4,UDP,N/A,v4,172.30.0.163,224.0.0.252,5355,5355,N/A,N/A,N/A,N/A,,,1
1759293350,eth0,88,Ethernet,IPv6,UDP,N/A,v6,fe80::b0b5:44ff:feea:219,ff02::1:52,5355,5355,N/A,N/A,N/A,N/A,,,1
1759293350,any,70,N/A,IPv4,UDP,N/A,v4,172.30.0.163,224.0.0.252,5355,5355,N/A,N/A,N/A,N/A,,,1
1759293350,eth0,111,Ethernet,N/A,N/A,N/A,N/A,N/A,N/A,N/A,N/A,N/A,N/A,N/A,N/A,,,1
1759293350,any,113,N/A,N/A,N/A,N/A,N/A,N/A,N/A,N/A,N/A,N/A,N/A,N/A,N/A,,,1
1759293350,any,359,N/A,IPv4,UDP,N/A,v4,0.0.0.0,255.255.255.255,68,67,N/A,N/A,N/A,N/A,,,1
1759293350,eth0,357,Ethernet,IPv4,UDP,N/A,v4,0.0.0.0,255.255.255.255,68,67,N/A,N/A,N/A,N/A,,,1
1759293350,eth0,369,Ethernet,IPv4,UDP,N/A,v4,0.0.0.0,255.255.255.255,68,67,N/A,N/A,N/A,N/A,,,1
1759293350,any,371,N/A,IPv4,UDP,N/A,v4,0.0.0.0,255.255.255.255,68,67,N/A,N/A,N/A,N/A,,,1
1759293350,any,112,N/A,IPv6,ICMP,N/A,v6,fe80::780a:a9ff:fee6:89,ff02::179,N/A,N/A,N/A,N/A,N/A,N/A,,,1
1759293350,eth1,110,Ethernet,IPv6,ICMP,N/A,v6,fe80::780a:a9ff:fee6:89,ff02::179,N/A,N/A,N/A,N/A,N/A,N/A,,,1
1759293350,eth0,110,Ethernet,IPv6,ICMP,N/A,v6,fe80::b0b5:44ff:feea:219,ff02::179,N/A,N/A,N/A,N/A,N/A,N/A,,,1
1759293350,eth0,54,Ethernet,IPv4,N/A,N/A,v4,172.30.0.163,224.0.0.22,N/A,N/A,N/A,N/A,N/A,N/A,,,1
1759293350,any,112,N/A,IPv6,ICMP,N/A,v6,fe80::b0b5:44ff:feea:219,ff02::179,N/A,N/A,N/A,N/A,N/A,N/A,,,1
1759293350,any,44,ARP,N/A,N/A,N/A,N/A,N/A,N/A,N/A,N/A,1,2048,172.30.0.163,172.30.0.122,,,1
1759293350,eth0,42,Ethernet,N/A,N/A,N/A,N/A,N/A,N/A,N/A,N/A,N/A,N/A,N/A,N/A,,,1
1759293350,eth0,107,Ethernet,N/A,N/A,N/A,N/A,N/A,N/A,N/A,N/A,N/A,N/A,N/A,N/A,,,0
1759293350,any,109,N/A,N/A,N/A,N/A,N/A,N/A,N/A,N/A,N/A,N/A,N/A,N/A,N/A,,,0
1759293351,eth0,54,Ethernet,IPv4,N/A,N/A,v4,172.30.0.163,224.0.0.22,N/A,N/A,N/A,N/A,N/A,N/A,,,1
1759293351,any,56,N/A,IPv4,N/A,N/A,v4,172.30.0.163,224.0.0.22,N/A,N/A,N/A,N/A,N/A,N/A,,,1
1759293351,eth0,90,Ethernet,IPv6,ICMP,N/A,v6,fe80::24f1:23ff:fe29:66,ff02::179,N/A,N/A,N/A,N/A,N/A,N/A,,,1
1759293351,eth0,54,Ethernet,IPv4,N/A,N/A,v4,172.30.0.23,224.0.0.22,N/A,N/A,N/A,N/A,N/A,N/A,,,1
1759293351,any,92,N/A,IPv6,ICMP,N/A,v6,fe80::24f1:23ff:fe29:66,ff02::179,N/A,N/A,N/A,N/A,N/A,N/A,,,1
1759293351,eth0,87,Ethernet,IPv6,UDP,N/A,v6,fe80::24f1:23ff:fe29:66,ff02::1:52,5355,5355,N/A,N/A,N/A,N/A,,,1
1759293351,any,89,N/A,IPv6,UDP,N/A,v6,fe80::24f1:23ff:fe29:66,ff02::1:52,5355,5355,N/A,N/A,N/A,N/A,,,1
1759293351,any,358,N/A,IPv4,UDP,N/A,v4,0.0.0.0,255.255.255.255,68,67,N/A,N/A,N/A,N/A,,,1
1759293351,eth0,356,Ethernet,IPv4,UDP,N/A,v4,0.0.0.0,255.255.255.255,68,67,N/A,N/A,N/A,N/A,,,1
1759293351,eth0,368,Ethernet,IPv4,UDP,N/A,v4,0.0.0.0,255.255.255.255,68,67,N/A,N/A,N/A,N/A,,,1
1759293351,any,370,N/A,IPv4,UDP,N/A,v4,0.0.0.0,255.255.255.255,68,67,N/A,N/A,N/A,N/A,,,1
1759293351,any,112,N/A,IPv6,ICMP,N/A,v6,fe80::7827:e3ff:fe68:239,ff02::179,N/A,N/A,N/A,N/A,N/A,N/A,,,1
1759293351,eth1,110,Ethernet,IPv6,ICMP,N/A,v6,fe80::7827:e3ff:fe68:239,ff02::179,N/A,N/A,N/A,N/A,N/A,N/A,,,1
1759293351,any,112,N/A,IPv6,ICMP,N/A,v6,fe80::24f1:23ff:fe29:66,ff02::179,N/A,N/A,N/A,N/A,N/A,N/A,,,1
1759293351,eth0,110,Ethernet,IPv6,ICMP,N/A,v6,fe80::24f1:23ff:fe29:66,ff02::179,N/A,N/A,N/A,N/A,N/A,N/A,,,1
1759293351,eth0,54,Ethernet,IPv4,N/A,N/A,v4,172.30.0.23,224.0.0.22,N/A,N/A,N/A,N/A,N/A,N/A,,,1
1759293351,eth0,42,Ethernet,N/A,N/A,N/A,N/A,N/A,N/A,N/A,N/A,N/A,N/A,N/A,N/A,,,1
1759293351,any,44,ARP,N/A,N/A,N/A,N/A,N/A,N/A,N/A,N/A,1,2048,172.30.0.23,172.30.0.122,,,1
1759293351,any,112,N/A,IPv6,ICMP,N/A,v6,fe80::24f1:23ff:fe29:66,ff02::179,N/A,N/A,N/A,N/A,N/A,N/A,,,1
1759293351,eth0,110,Ethernet,IPv6,ICMP,N/A,v6,fe80::24f1:23ff:fe29:66,ff02::179,N/A,N/A,N/A,N/A,N/A,N/A,,,1
1759293351,eth0,110,Ethernet,IPv6,ICMP,N/A,v6,fe80::b0b5:44ff:feea:219,ff02::179,N/A,N/A,N/A,N/A,N/A,N/A,,,1
1759293351,any,112,N/A,IPv6,ICMP,N/A,v6,fe80::b0b5:44ff:feea:219,ff02::179,N/A,N/A,N/A,N/A,N/A,N/A,,,1
1759293351,any,112,N/A,IPv6,ICMP,N/A,v6,fe80::7827:e3ff:fe68:239,ff02::179,N/A,N/A,N/A,N/A,N/A,N/A,,,1
1759293351,eth1,110,Ethernet,IPv6,ICMP,N/A,v6,fe80::7827:e3ff:fe68:239,ff02::179,N/A,N/A,N/A,N/A,N/A,N/A,,,1
1759293351,any,112,N/A,IPv6,ICMP,N/A,v6,fe80::780a:a9ff:fee6:89,ff02::179,N/A,N/A,N/A,N/A,N/A,N/A,,,1
1759293351,eth1,110,Ethernet,IPv6,ICMP,N/A,v6,fe80::780a:a9ff:fee6:89,ff02::179,N/A,N/A,N/A,N/A,N/A,N/A,,,1
1759293351,eth1,70,Ethernet,IPv6,ICMP,N/A,v6,fe80::780a:a9ff:fee6:89,ff02::204,N/A,N/A,N/A,N/A,N/A,N/A,,,1
1759293351,eth0,107,Ethernet,N/A,N/A,N/A,N/A,N/A,N/A,N/A,N/A,N/A,N/A,N/A,N/A,,,0
1759293351,any,109,N/A,N/A,N/A,N/A,N/A,N/A,N/A,N/A,N/A,N/A,N/A,N/A,N/A,,,0
1759293351,eth0,90,Ethernet,IPv6,ICMP,N/A,v6,fe80::5ca9:83ff:fe87:27,ff02::179,N/A,N/A,N/A,N/A,N/A,N/A,,,0
1759293351,eth0,54,Ethernet,IPv4,N/A,N/A,v4,172.30.0.220,224.0.0.22,N/A,N/A,N/A,N/A,N/A,N/A,,,0
1759293351,any,92,N/A,IPv6,ICMP,N/A,v6,fe80::5ca9:83ff:fe87:27,ff02::179,N/A,N/A,N/A,N/A,N/A,N/A,,,0
1759293351,eth0,67,Ethernet,IPv4,UDP,N/A,v4,172.30.0.220,224.0.0.252,5355,5355,N/A,N/A,N/A,N/A,,,0
1759293351,eth0,87,Ethernet,IPv6,UDP,N/A,v6,fe80::5ca9:83ff:fe87:27,ff02::1:52,5355,5355,N/A,N/A,N/A,N/A,,,0
1759293351,any,69,N/A,IPv4,UDP,N/A,v4,172.30.0.220,224.0.0.252,5355,5355,N/A,N/A,N/A,N/A,,,0
1759293351,eth0,356,Ethernet,IPv4,UDP,N/A,v4,0.0.0.0,255.255.255.255,68,67,N/A,N/A,N/A,N/A,,,0
1759293351,any,358,N/A,IPv4,UDP,N/A,v4,0.0.0.0,255.255.255.255,68,67,N/A,N/A,N/A,N/A,,,0
1759293351,eth0,368,Ethernet,IPv4,UDP,N/A,v4,0.0.0.0,255.255.255.255,68,67,N/A,N/A,N/A,N/A,,,0
1759293351,any,370,N/A,IPv4,UDP,N/A,v4,0.0.0.0,255.255.255.255,68,67,N/A,N/A,N/A,N/A,,,0
1759293351,eth1,110,Ethernet,IPv6,ICMP,N/A,v6,fe80::a824:52ff:fe4f:69,ff02::179,N/A,N/A,N/A,N/A,N/A,N/A,,,0
1759293351,any,56,N/A,IPv4,N/A,N/A,v4,172.30.0.220,224.0.0.22,N/A,N/A,N/A,N/A,N/A,N/A,,,0
1759293351,eth0,54,Ethernet,IPv4,N/A,N/A,v4,172.30.0.220,224.0.0.22,N/A,N/A,N/A,N/A,N/A,N/A,,,0
1759293351,any,112,N/A,IPv6,ICMP,N/A,v6,fe80::5ca9:83ff:fe87:27,ff02::179,N/A,N/A,N/A,N/A,N/A,N/A,,,0
1759293351,eth0,110,Ethernet,IPv6,ICMP,N/A,v6,fe80::5ca9:83ff:fe87:27,ff02::179,N/A,N/A,N/A,N/A,N/A,N/A,,,0
1759293351,eth0,70,Ethernet,IPv6,ICMP,N/A,v6,fe80::b0b5:44ff:feea:219,ff02::204,N/A,N/A,N/A,N/A,N/A,N/A,,,1
1759293351,any,72,N/A,IPv6,ICMP,N/A,v6,fe80::b0b5:44ff:feea:219,ff02::204,N/A,N/A,N/A,N/A,N/A,N/A,,,1
1759293351,any,72,N/A,IPv6,ICMP,N/A,v6,fe80::780a:a9ff:fee6:89,ff02::204,N/A,N/A,N/A,N/A,N/A,N/A,,,1
1759293351,any,113,N/A,N/A,N/A,N/A,N/A,N/A,N/A,N/A,N/A,N/A,N/A,N/A,N/A,,,1
1759293351,eth0,111,Ethernet,N/A,N/A,N/A,N/A,N/A,N/A,N/A,N/A,N/A,N/A,N/A,N/A,,,1
1759293351,eth0,90,Ethernet,IPv6,ICMP,N/A,v6,fe80::e48e:99ff:fe5f:147,ff02::179,N/A,N/A,N/A,N/A,N/A,N/A,,,1
1759293351,eth0,54,Ethernet,IPv4,N/A,N/A,v4,172.30.0.220,224.0.0.22,N/A,N/A,N/A,N/A,N/A,N/A,,,1
1759293351,any,92,N/A,IPv6,ICMP,N/A,v6,fe80::e48e:99ff:fe5f:147,ff02::179,N/A,N/A,N/A,N/A,N/A,N/A,,,1
1759293351,eth0,90,Ethernet,IPv6,ICMP,N/A,v6,fe80::ecf9:eff:fefb:55,ff02::179,N/A,N/A,N/A,N/A,N/A,N/A,,,1
1759293351,eth0,56,Ethernet,IPv4,N/A,N/A,v4,172.30.0.89,224.0.0.22,N/A,N/A,N/A,N/A,N/A,N/A,,,1
1759293351,any,92,N/A,IPv6,ICMP,N/A,v6,fe80::ecf9:eff:fefb:55,ff02::179,N/A,N/A,N/A,N/A,N/A,N/A,,,1
1759293351,any,58,N/A,IPv4,N/A,N/A,v4,172.30.0.89,224.0.0.22,N/A,N/A,N/A,N/A,N/A,N/A,,,1
1759293351,eth0,54,Ethernet,IPv4,N/A,N/A,v4,172.30.0.23,224.0.0.22,N/A,N/A,N/A,N/A,N/A,N/A,,,1
1759293351,any,56,N/A,IPv4,N/A,N/A,v4,172.30.0.23,224.0.0.22,N/A,N/A,N/A,N/A,N/A,N/A,,,1
1759293351,eth0,360,Ethernet,IPv4,UDP,N/A,v4,0.0.0.0,255.255.255.255,68,67,N/A,N/A,N/A,N/A,,,1
1759293351,any,362,N/A,IPv4,UDP,N/A,v4,0.0.0.0,255.255.255.255,68,67,N/A,N/A,N/A,N/A,,,1
1759293351,eth0,372,Ethernet,IPv4,UDP,N/A,v4,0.0.0.0,255.255.255.255,68,67,N/A,N/A,N/A,N/A,,,1
1759293351,any,374,N/A,IPv4,UDP,N/A,v4,0.0.0.0,255.255.255.255,68,67,N/A,N/A,N/A,N/A,,,1
1759293352,any,44,ARP,N/A,N/A,N/A,N/A,N/A,N/A,N/A,N/A,1,2048,172.30.0.220,172.30.0.122,,,0
1759293352,eth0,42,Ethernet,N/A,N/A,N/A,N/A,N/A,N/A,N/A,N/A,N/A,N/A,N/A,N/A,,,0
1759293352,eth0,56,Ethernet,N/A,N/A,N/A,N/A,N/A,N/A,N/A,N/A,N/A,N/A,N/A,N/A,,,0
1759293352,eth0,56,Ethernet,N/A,N/A,N/A,N/A,N/A,N/A,N/A,N/A,N/A,N/A,N/A,N/A,,,0
1759293352,any,58,ARP,N/A,N/A,N/A,N/A,N/A,N/A,N/A,N/A,2,2048,172.30.0.122,172.30.0.220,,,0
1759293352,eth0,67,Ethernet,IPv4,UDP,N/A,v4,172.30.0.89,224.0.0.252,5355,5355,N/A,N/A,N/A,N/A,,,1
1759293352,eth0,87,Ethernet,IPv6,UDP,N/A,v6,fe80::ecf9:eff:fefb:55,ff02::1:52,5355,5355,N/A,N/A,N/A,N/A,,,1
1759293352,any,69,N/A,IPv4,UDP,N/A,v4,172.30.0.89,224.0.0.252,5355,5355,N/A,N/A,N/A,N/A,,,1
1759293352,eth2,110,Ethernet,IPv6,ICMP,N/A,v6,fe80::dcac:f9ff:fe59:60,ff02::179,N/A,N/A,N/A,N/A,N/A,N/A,,,1
1759293352,any,112,N/A,IPv6,ICMP,N/A,v6,fe80::f056:abff:fe65:143,ff02::179,N/A,N/A,N/A,N/A,N/A,N/A,,,1
1759293352,eth1,110,Ethernet,IPv6,ICMP,N/A,v6,fe80::f056:abff:fe65:143,ff02::179,N/A,N/A,N/A,N/A,N/A,N/A,,,1
1759293352,any,112,N/A,IPv6,ICMP,N/A,v6,fe80::e48e:99ff:fe5f:147,ff02::179,N/A,N/A,N/A,N/A,N/A,N/A,,,1
1759293352,any,44,ARP,N/A,N/A,N/A,N/A,N/A,N/A,N/A,N/A,1,2048,172.30.0.220,172.30.0.122,,,1
1759293352,any,58,ARP,N/A,N/A,N/A,N/A,N/A,N/A,N/A,N/A,2,2048,172.30.0.122,172.30.0.220,,,1
1759293352,any,58,ARP,N/A,N/A,N/A,N/A,N/A,N/A,N/A,N/A,2,2048,172.30.0.122,172.30.0.220,,,1
1759293352,eth0,110,Ethernet,IPv6,ICMP,N/A,v6,fe80::e48e:99ff:fe5f:147,ff02::179,N/A,N/A,N/A,N/A,N/A,N/A,,,1
1759293352,eth0,54,Ethernet,IPv4,N/A,N/A,v4,172.30.0.220,224.0.0.22,N/A,N/A,N/A,N/A,N/A,N/A,,,1
1759293352,eth0,42,Ethernet,N/A,N/A,N/A,N/A,N/A,N/A,N/A,N/A,N/A,N/A,N/A,N/A,,,1
1759293352,eth0,56,Ethernet,N/A,N/A,N/A,N/A,N/A,N/A,N/A,N/A,N/A,N/A,N/A,N/A,,,1
1759293352,eth0,56,Ethernet,N/A,N/A,N/A,N/A,N/A,N/A,N/A,N/A,N/A,N/A,N/A,N/A,,,1
1759293352,eth0,356,Ethernet,IPv4,UDP,N/A,v4,0.0.0.0,255.255.255.255,68,67,N/A,N/A,N/A,N/A,,,1
1759293352,any,358,N/A,IPv4,UDP,N/A,v4,0.0.0.0,255.255.255.255,68,67,N/A,N/A,N/A,N/A,,,1
1759293352,any,370,N/A,IPv4,UDP,N/A,v4,0.0.0.0,255.255.255.255,68,67,N/A,N/A,N/A,N/A,,,1
1759293352,eth0,368,Ethernet,IPv4,UDP,N/A,v4,0.0.0.0,255.255.255.255,68,67,N/A,N/A,N/A,N/A,,,1
1759293352,any,112,N/A,IPv6,ICMP,N/A,v6,fe80::103b:bdff:fef0:169,ff02::179,N/A,N/A,N/A,N/A,N/A,N/A,,,1
1759293352,eth1,110,Ethernet,IPv6,ICMP,N/A,v6,fe80::103b:bdff:fef0:169,ff02::179,N/A,N/A,N/A,N/A,N/A,N/A,,,1
1759293352,any,112,N/A,IPv6,ICMP,N/A,v6,fe80::ecf9:eff:fefb:55,ff02::179,N/A,N/A,N/A,N/A,N/A,N/A,,,1
1759293352,eth0,110,Ethernet,IPv6,ICMP,N/A,v6,fe80::ecf9:eff:fefb:55,ff02::179,N/A,N/A,N/A,N/A,N/A,N/A,,,1
1759293352,eth0,56,Ethernet,IPv4,N/A,N/A,v4,172.30.0.89,224.0.0.22,N/A,N/A,N/A,N/A,N/A,N/A,,,1
1759293352,eth0,56,Ethernet,N/A,N/A,N/A,N/A,N/A,N/A,N/A,N/A,N/A,N/A,N/A,N/A,,,1
1759293352,any,58,ARP,N/A,N/A,N/A,N/A,N/A,N/A,N/A,N/A,1,2048,172.30.0.89,172.30.0.122,,,1
1759293352,eth1,70,Ethernet,IPv6,ICMP,N/A,v6,fe80::7827:e3ff:fe68:239,ff02::204,N/A,N/A,N/A,N/A,N/A,N/A,,,1
1759293352,any,72,N/A,IPv6,ICMP,N/A,v6,fe80::24f1:23ff:fe29:66,ff02::204,N/A,N/A,N/A,N/A,N/A,N/A,,,1
1759293352,any,72,N/A,IPv6,ICMP,N/A,v6,fe80::7827:e3ff:fe68:239,ff02::204,N/A,N/A,N/A,N/A,N/A,N/A,,,1
1759293352,eth0,70,Ethernet,IPv6,ICMP,N/A,v6,fe80::24f1:23ff:fe29:66,ff02::204,N/A,N/A,N/A,N/A,N/A,N/A,,,1
1759293352,any,112,N/A,IPv6,ICMP,N/A,v6,fe80::103b:bdff:fef0:169,ff02::179,N/A,N/A,N/A,N/A,N/A,N/A,,,1
1759293352,eth1,110,Ethernet,IPv6,ICMP,N/A,v6,fe80::103b:bdff:fef0:169,ff02::179,N/A,N/A,N/A,N/A,N/A,N/A,,,1
1759293352,any,112,N/A,IPv6,ICMP,N/A,v6,fe80::f056:abff:fe65:143,ff02::179,N/A,N/A,N/A,N/A,N/A,N/A,,,1
1759293352,eth1,110,Ethernet,IPv6,ICMP,N/A,v6,fe80::f056:abff:fe65:143,ff02::179,N/A,N/A,N/A,N/A,N/A,N/A,,,1
1759293352,eth0,54,Ethernet,IPv4,N/A,N/A,v4,172.30.0.220,224.0.0.22,N/A,N/A,N/A,N/A,N/A,N/A,,,1
1759293352,any,56,N/A,IPv4,N/A,N/A,v4,172.30.0.220,224.0.0.22,N/A,N/A,N/A,N/A,N/A,N/A,,,1
1759293352,eth0,56,Ethernet,IPv4,N/A,N/A,v4,172.30.0.89,224.0.0.22,N/A,N/A,N/A,N/A,N/A,N/A,,,1
1759293352,any,58,N/A,IPv4,N/A,N/A,v4,172.30.0.89,224.0.0.22,N/A,N/A,N/A,N/A,N/A,N/A,,,1
1759293352,any,112,N/A,IPv6,ICMP,N/A,v6,fe80::e48e:99ff:fe5f:147,ff02::179,N/A,N/A,N/A,N/A,N/A,N/A,,,1
1759293352,eth0,110,Ethernet,IPv6,ICMP,N/A,v6,fe80::e48e:99ff:fe5f:147,ff02::179,N/A,N/A,N/A,N/A,N/A,N/A,,,1
1759293352,any,112,N/A,IPv6,ICMP,N/A,v6,fe80::ecf9:eff:fefb:55,ff02::179,N/A,N/A,N/A,N/A,N/A,N/A,,,1
1759293352,eth0,110,Ethernet,IPv6,ICMP,N/A,v6,fe80::ecf9:eff:fefb:55,ff02::179,N/A,N/A,N/A,N/A,N/A,N/A,,,1
1759293352,eth0,70,Ethernet,IPv6,ICMP,N/A,v6,fe80::e48e:99ff:fe5f:147,ff02::204,N/A,N/A,N/A,N/A,N/A,N/A,,,1
1759293352,eth2,70,Ethernet,IPv6,ICMP,N/A,v6,fe80::dcac:f9ff:fe59:60,ff02::204,N/A,N/A,N/A,N/A,N/A,N/A,,,1
1759293352,any,72,N/A,IPv6,ICMP,N/A,v6,fe80::dcac:f9ff:fe59:60,ff02::204,N/A,N/A,N/A,N/A,N/A,N/A,,,1
1759293352,any,72,N/A,IPv6,ICMP,N/A,v6,fe80::e48e:99ff:fe5f:147,ff02::204,N/A,N/A,N/A,N/A,N/A,N/A,,,1
1759293352,eth1,70,Ethernet,IPv6,ICMP,N/A,v6,fe80::f056:abff:fe65:143,ff02::204,N/A,N/A,N/A,N/A,N/A,N/A,,,1
1759293352,any,112,N/A,IPv6,ICMP,N/A,v6,fe80::dcac:f9ff:fe59:60,ff02::179,N/A,N/A,N/A,N/A,N/A,N/A,,,1
1759293352,eth2,110,Ethernet,IPv6,ICMP,N/A,v6,fe80::dcac:f9ff:fe59:60,ff02::179,N/A,N/A,N/A,N/A,N/A,N/A,,,1
1759293352,any,58,ARP,N/A,N/A,N/A,N/A,N/A,N/A,N/A,N/A,2,2048,172.30.0.122,172.30.0.220,,,0
1759293352,eth0,110,Ethernet,IPv6,ICMP,N/A,v6,fe80::5ca9:83ff:fe87:27,ff02::179,N/A,N/A,N/A,N/A,N/A,N/A,,,0
1759293352,eth0,54,Ethernet,IPv4,N/A,N/A,v4,172.30.0.220,224.0.0.22,N/A,N/A,N/A,N/A,N/A,N/A,,,0
1759293352,any,112,N/A,IPv6,ICMP,N/A,v6,fe80::5ca9:83ff:fe87:27,ff02::179,N/A,N/A,N/A,N/A,N/A,N/A,,,0
1759293352,eth0,70,Ethernet,IPv6,ICMP,N/A,v6,fe80::5ca9:83ff:fe87:27,ff02::204,N/A,N/A,N/A,N/A,N/A,N/A,,,0
1759293352,any,72,N/A,IPv6,ICMP,N/A,v6,fe80::a824:52ff:fe4f:69,ff02::204,N/A,N/A,N/A,N/A,N/A,N/A,,,0
1759293352,any,72,N/A,IPv6,ICMP,N/A,v6,fe80::5ca9:83ff:fe87:27,ff02::204,N/A,N/A,N/A,N/A,N/A,N/A,,,0
1759293352,eth1,70,Ethernet,IPv6,ICMP,N/A,v6,fe80::a824:52ff:fe4f:69,ff02::204,N/A,N/A,N/A,N/A,N/A,N/A,,,0
1759293352,eth1,110,Ethernet,IPv6,ICMP,N/A,v6,fe80::a824:52ff:fe4f:69,ff02::179,N/A,N/A,N/A,N/A,N/A,N/A,,,0
1759293352,any,112,N/A,IPv6,ICMP,N/A,v6,fe80::a824:52ff:fe4f:69,ff02::179,N/A,N/A,N/A,N/A,N/A,N/A,,,0
1759293353,eth0,111,Ethernet,N/A,N/A,N/A,N/A,N/A,N/A,N/A,N/A,N/A,N/A,N/A,N/A,,,1
1759293353,any,113,N/A,N/A,N/A,N/A,N/A,N/A,N/A,N/A,N/A,N/A,N/A,N/A,N/A,,,1
1759293353,eth1,70,Ethernet,IPv6,ICMP,N/A,v6,fe80::103b:bdff:fef0:169,ff02::204,N/A,N/A,N/A,N/A,N/A,N/A,,,1
1759293353,eth0,70,Ethernet,IPv6,ICMP,N/A,v6,fe80::ecf9:eff:fefb:55,ff02::204,N/A,N/A,N/A,N/A,N/A,N/A,,,1
1759293353,any,72,N/A,IPv6,ICMP,N/A,v6,fe80::ecf9:eff:fefb:55,ff02::204,N/A,N/A,N/A,N/A,N/A,N/A,,,1
1759293353,any,72,N/A,IPv6,ICMP,N/A,v6,fe80::103b:bdff:fef0:169,ff02::204,N/A,N/A,N/A,N/A,N/A,N/A,,,1
1759293353,eth0,107,Ethernet,N/A,N/A,N/A,N/A,N/A,N/A,N/A,N/A,N/A,N/A,N/A,N/A,,,0
1759293353,any,109,N/A,N/A,N/A,N/A,N/A,N/A,N/A,N/A,N/A,N/A,N/A,N/A,N/A,,,0
1759293354,eth0,111,Ethernet,N/A,N/A,N/A,N/A,N/A,N/A,N/A,N/A,N/A,N/A,N/A,N/A,,,1
1759293354,any,113,N/A,N/A,N/A,N/A,N/A,N/A,N/A,N/A,N/A,N/A,N/A,N/A,N/A,,,1
1759293354,any,92,N/A,IPv6,ICMP,N/A,v6,fe80::b0b5:44ff:feea:219,ff02::179,N/A,N/A,N/A,N/A,N/A,N/A,,,1
1759293354,eth0,90,Ethernet,IPv6,ICMP,N/A,v6,fe80::b0b5:44ff:feea:219,ff02::179,N/A,N/A,N/A,N/A,N/A,N/A,,,1
1759293354,eth0,54,Ethernet,IPv4,N/A,N/A,v4,172.30.0.163,224.0.0.22,N/A,N/A,N/A,N/A,N/A,N/A,,,1
1759293354,eth0,68,Ethernet,IPv4,UDP,N/A,v4,172.30.0.163,224.0.0.252,5355,5355,N/A,N/A,N/A,N/A,,,1
1759293354,any,70,N/A,IPv4,UDP,N/A,v4,172.30.0.163,224.0.0.252,5355,5355,N/A,N/A,N/A,N/A,,,1
1759293354,any,359,N/A,IPv4,UDP,N/A,v4,0.0.0.0,255.255.255.255,68,67,N/A,N/A,N/A,N/A,,,1
1759293354,eth0,357,Ethernet,IPv4,UDP,N/A,v4,0.0.0.0,255.255.255.255,68,67,N/A,N/A,N/A,N/A,,,1
1759293354,eth0,369,Ethernet,IPv4,UDP,N/A,v4,0.0.0.0,255.255.255.255,68,67,N/A,N/A,N/A,N/A,,,1
1759293354,eth1,110,Ethernet,IPv6,ICMP,N/A,v6,fe80::780a:a9ff:fee6:89,ff02::179,N/A,N/A,N/A,N/A,N/A,N/A,,,1
1759293354,any,109,N/A,N/A,N/A,N/A,N/A,N/A,N/A,N/A,N/A,N/A,N/A,N/A,N/A,,,0
1759293354,eth0,107,Ethernet,N/A,N/A,N/A,N/A,N/A,N/A,N/A,N/A,N/A,N/A,N/A,N/A,,,0
1759293355,eth0,110,Ethernet,IPv6,ICMP,N/A,v6,fe80::b0b5:44ff:feea:219,ff02::179,N/A,N/A,N/A,N/A,N/A,N/A,,,1
1759293355,any,112,N/A,IPv6,ICMP,N/A,v6,fe80::780a:a9ff:fee6:89,ff02::179,N/A,N/A,N/A,N/A,N/A,N/A,,,1
1759293355,eth1,110,Ethernet,IPv6,ICMP,N/A,v6,fe80::780a:a9ff:fee6:89,ff02::179,N/A,N/A,N/A,N/A,N/A,N/A,,,1
1759293355,any,112,N/A,IPv6,ICMP,N/A,v6,fe80::b0b5:44ff:feea:219,ff02::179,N/A,N/A,N/A,N/A,N/A,N/A,,,1
1759293355,eth0,110,Ethernet,IPv6,ICMP,N/A,v6,fe80::b0b5:44ff:feea:219,ff02::179,N/A,N/A,N/A,N/A,N/A,N/A,,,1
1759293355,eth0,42,Ethernet,N/A,N/A,N/A,N/A,N/A,N/A,N/A,N/A,N/A,N/A,N/A,N/A,,,1
1759293355,any,44,ARP,N/A,N/A,N/A,N/A,N/A,N/A,N/A,N/A,1,2048,172.30.0.163,172.30.0.122,,,1
1759293355,any,92,N/A,IPv6,ICMP,N/A,v6,fe80::24f1:23ff:fe29:66,ff02::179,N/A,N/A,N/A,N/A,N/A,N/A,,,1
1759293355,eth0,90,Ethernet,IPv6,ICMP,N/A,v6,fe80::24f1:23ff:fe29:66,ff02::179,N/A,N/A,N/A,N/A,N/A,N/A,,,1
1759293355,eth0,54,Ethernet,IPv4,N/A,N/A,v4,172.30.0.23,224.0.0.22,N/A,N/A,N/A,N/A,N/A,N/A,,,1
1759293355,eth0,111,Ethernet,N/A,N/A,N/A,N/A,N/A,N/A,N/A,N/A,N/A,N/A,N/A,N/A,,,1
1759293355,any,113,N/A,N/A,N/A,N/A,N/A,N/A,N/A,N/A,N/A,N/A,N/A,N/A,N/A,,,1
1759293355,any,89,N/A,IPv6,UDP,N/A,v6,fe80::24f1:23ff:fe29:66,ff02::1:52,5355,5355,N/A,N/A,N/A,N/A,,,1
1759293355,eth0,87,Ethernet,IPv6,UDP,N/A,v6,fe80::24f1:23ff:fe29:66,ff02::1:52,5355,5355,N/A,N/A,N/A,N/A,,,1
1759293355,eth0,356,Ethernet,IPv4,UDP,N/A,v4,0.0.0.0,255.255.255.255,68,67,N/A,N/A,N/A,N/A,,,1
1759293355,any,358,N/A,IPv4,UDP,N/A,v4,0.0.0.0,255.255.255.255,68,67,N/A,N/A,N/A,N/A,,,1
1759293355,any,370,N/A,IPv4,UDP,N/A,v4,0.0.0.0,255.255.255.255,68,67,N/A,N/A,N/A,N/A,,,1
1759293355,eth0,368,Ethernet,IPv4,UDP,N/A,v4,0.0.0.0,255.255.255.255,68,67,N/A,N/A,N/A,N/A,,,1
1759293355,eth1,110,Ethernet,IPv6,ICMP,N/A,v6,fe80::7827:e3ff:fe68:239,ff02::179,N/A,N/A,N/A,N/A,N/A,N/A,,,1
1759293355,any,112,N/A,IPv6,ICMP,N/A,v6,fe80::7827:e3ff:fe68:239,ff02::179,N/A,N/A,N/A,N/A,N/A,N/A,,,1
1759293355,any,112,N/A,IPv6,ICMP,N/A,v6,fe80::24f1:23ff:fe29:66,ff02::179,N/A,N/A,N/A,N/A,N/A,N/A,,,1
1759293355,eth0,110,Ethernet,IPv6,ICMP,N/A,v6,fe80::24f1:23ff:fe29:66,ff02::179,N/A,N/A,N/A,N/A,N/A,N/A,,,1
1759293355,eth0,54,Ethernet,IPv4,N/A,N/A,v4,172.30.0.23,224.0.0.22,N/A,N/A,N/A,N/A,N/A,N/A,,,1
1759293355,eth0,42,Ethernet,N/A,N/A,N/A,N/A,N/A,N/A,N/A,N/A,N/A,N/A,N/A,N/A,,,1
1759293355,any,44,ARP,N/A,N/A,N/A,N/A,N/A,N/A,N/A,N/A,1,2048,172.30.0.23,172.30.0.122,,,1
1759293355,any,56,N/A,IPv4,N/A,N/A,v4,172.30.0.163,224.0.0.22,N/A,N/A,N/A,N/A,N/A,N/A,,,1
1759293355,eth0,54,Ethernet,IPv4,N/A,N/A,v4,172.30.0.163,224.0.0.22,N/A,N/A,N/A,N/A,N/A,N/A,,,1
1759293355,eth0,110,Ethernet,IPv6,ICMP,N/A,v6,fe80::24f1:23ff:fe29:66,ff02::179,N/A,N/A,N/A,N/A,N/A,N/A,,,1
1759293355,any,112,N/A,IPv6,ICMP,N/A,v6,fe80::24f1:23ff:fe29:66,ff02::179,N/A,N/A,N/A,N/A,N/A,N/A,,,1
1759293355,eth0,107,Ethernet,N/A,N/A,N/A,N/A,N/A,N/A,N/A,N/A,N/A,N/A,N/A,N/A,,,0
1759293355,any,109,N/A,N/A,N/A,N/A,N/A,N/A,N/A,N/A,N/A,N/A,N/A,N/A,N/A,,,0
1759293356,eth0,54,Ethernet,IPv4,N/A,N/A,v4,172.30.0.23,224.0.0.22,N/A,N/A,N/A,N/A,N/A,N/A,,,1
1759293356,any,56,N/A,IPv4,N/A,N/A,v4,172.30.0.23,224.0.0.22,N/A,N/A,N/A,N/A,N/A,N/A,,,1
1759293356,eth1,70,Ethernet,IPv6,ICMP,N/A,v6,fe80::7827:e3ff:fe68:239,ff02::204,N/A,N/A,N/A,N/A,N/A,N/A,,,1
1759293356,any,72,N/A,IPv6,ICMP,N/A,v6,fe80::24f1:23ff:fe29:66,ff02::204,N/A,N/A,N/A,N/A,N/A,N/A,,,1
1759293356,any,72,N/A,IPv6,ICMP,N/A,v6,fe80::7827:e3ff:fe68:239,ff02::204,N/A,N/A,N/A,N/A,N/A,N/A,,,1
1759293356,eth0,70,Ethernet,IPv6,ICMP,N/A,v6,fe80::24f1:23ff:fe29:66,ff02::204,N/A,N/A,N/A,N/A,N/A,N/A,,,1
1759293356,eth1,110,Ethernet,IPv6,ICMP,N/A,v6,fe80::7827:e3ff:fe68:239,ff02::179,N/A,N/A,N/A,N/A,N/A,N/A,,,1
1759293356,any,112,N/A,IPv6,ICMP,N/A,v6,fe80::7827:e3ff:fe68:239,ff02::179,N/A,N/A,N/A,N/A,N/A,N/A,,,1
1759293356,any,72,N/A,IPv6,ICMP,N/A,v6,fe80::e48e:99ff:fe5f:147,ff02::204,N/A,N/A,N/A,N/A,N/A,N/A,,,1
1759293356,eth0,70,Ethernet,IPv6,ICMP,N/A,v6,fe80::e48e:99ff:fe5f:147,ff02::204,N/A,N/A,N/A,N/A,N/A,N/A,,,1
1759293356,any,72,N/A,IPv6,ICMP,N/A,v6,fe80::b0b5:44ff:feea:219,ff02::204,N/A,N/A,N/A,N/A,N/A,N/A,,,1
1759293356,eth1,70,Ethernet,IPv6,ICMP,N/A,v6,fe80::780a:a9ff:fee6:89,ff02::204,N/A,N/A,N/A,N/A,N/A,N/A,,,1
1759293356,eth0,70,Ethernet,IPv6,ICMP,N/A,v6,fe80::5ca9:83ff:fe87:27,ff02::204,N/A,N/A,N/A,N/A,N/A,N/A,,,0
1759293356,eth0,107,Ethernet,N/A,N/A,N/A,N/A,N/A,N/A,N/A,N/A,N/A,N/A,N/A,N/A,,,0
1759293356,any,72,N/A,IPv6,ICMP,N/A,v6,fe80::5ca9:83ff:fe87:27,ff02::204,N/A,N/A,N/A,N/A,N/A,N/A,,,0
1759293356,any,72,N/A,IPv6,ICMP,N/A,v6,fe80::a824:52ff:fe4f:69,ff02::204,N/A,N/A,N/A,N/A,N/A,N/A,,,0
1759293356,eth1,70,Ethernet,IPv6,ICMP,N/A,v6,fe80::a824:52ff:fe4f:69,ff02::204,N/A,N/A,N/A,N/A,N/A,N/A,,,0
1759293356,eth0,70,Ethernet,IPv6,ICMP,N/A,v6,fe80::b0b5:44ff:feea:219,ff02::204,N/A,N/A,N/A,N/A,N/A,N/A,,,1
1759293356,eth0,111,Ethernet,N/A,N/A,N/A,N/A,N/A,N/A,N/A,N/A,N/A,N/A,N/A,N/A,,,1
1759293356,eth2,70,Ethernet,IPv6,ICMP,N/A,v6,fe80::dcac:f9ff:fe59:60,ff02::204,N/A,N/A,N/A,N/A,N/A,N/A,,,1
1759293356,any,113,N/A,N/A,N/A,N/A,N/A,N/A,N/A,N/A,N/A,N/A,N/A,N/A,N/A,,,1
1759293356,any,72,N/A,IPv6,ICMP,N/A,v6,fe80::f056:abff:fe65:143,ff02::204,N/A,N/A,N/A,N/A,N/A,N/A,,,1
1759293356,eth1,70,Ethernet,IPv6,ICMP,N/A,v6,fe80::f056:abff:fe65:143,ff02::204,N/A,N/A,N/A,N/A,N/A,N/A,,,1
1759293357,eth0,90,Ethernet,IPv6,ICMP,N/A,v6,fe80::5ca9:83ff:fe87:27,ff02::179,N/A,N/A,N/A,N/A,N/A,N/A,,,0
1759293357,eth0,54,Ethernet,IPv4,N/A,N/A,v4,172.30.0.220,224.0.0.22,N/A,N/A,N/A,N/A,N/A,N/A,,,0
1759293357,any,92,N/A,IPv6,ICMP,N/A,v6,fe80::5ca9:83ff:fe87:27,ff02::179,N/A,N/A,N/A,N/A,N/A,N/A,,,0
1759293357,eth0,67,Ethernet,IPv4,UDP,N/A,v4,172.30.0.220,224.0.0.252,5355,5355,N/A,N/A,N/A,N/A,,,0
1759293357,eth0,90,Ethernet,IPv6,ICMP,N/A,v6,fe80::e48e:99ff:fe5f:147,ff02::179,N/A,N/A,N/A,N/A,N/A,N/A,,,1
1759293357,eth0,54,Ethernet,IPv4,N/A,N/A,v4,172.30.0.220,224.0.0.22,N/A,N/A,N/A,N/A,N/A,N/A,,,1
1759293357,any,92,N/A,IPv6,ICMP,N/A,v6,fe80::e48e:99ff:fe5f:147,ff02::179,N/A,N/A,N/A,N/A,N/A,N/A,,,1
1759293357,eth0,90,Ethernet,IPv6,ICMP,N/A,v6,fe80::ecf9:eff:fefb:55,ff02::179,N/A,N/A,N/A,N/A,N/A,N/A,,,1
1759293357,eth0,56,Ethernet,IPv4,N/A,N/A,v4,172.30.0.89,224.0.0.22,N/A,N/A,N/A,N/A,N/A,N/A,,,1
1759293357,any,92,N/A,IPv6,ICMP,N/A,v6,fe80::ecf9:eff:fefb:55,ff02::179,N/A,N/A,N/A,N/A,N/A,N/A,,,1
1759293357,any,58,N/A,IPv4,N/A,N/A,v4,172.30.0.89,224.0.0.22,N/A,N/A,N/A,N/A,N/A,N/A,,,1
1759293357,eth0,91,Ethernet,IPv6,UDP,N/A,v6,fe80::e48e:99ff:fe5f:147,ff02::1:52,5355,5355,N/A,N/A,N/A,N/A,,,1
1759293357,any,93,N/A,IPv6,UDP,N/A,v6,fe80::e48e:99ff:fe5f:147,ff02::1:52,5355,5355,N/A,N/A,N/A,N/A,,,1
1759293357,eth0,360,Ethernet,IPv4,UDP,N/A,v4,0.0.0.0,255.255.255.255,68,67,N/A,N/A,N/A,N/A,,,1
1759293357,any,362,N/A,IPv4,UDP,N/A,v4,0.0.0.0,255.255.255.255,68,67,N/A,N/A,N/A,N/A,,,1
1759293357,eth0,372,Ethernet,IPv4,UDP,N/A,v4,0.0.0.0,255.255.255.255,68,67,N/A,N/A,N/A,N/A,,,1
1759293357,any,374,N/A,IPv4,UDP,N/A,v4,0.0.0.0,255.255.255.255,68,67,N/A,N/A,N/A,N/A,,,1
1759293357,eth2,110,Ethernet,IPv6,ICMP,N/A,v6,fe80::dcac:f9ff:fe59:60,ff02::179,N/A,N/A,N/A,N/A,N/A,N/A,,,1
1759293357,any,112,N/A,IPv6,ICMP,N/A,v6,fe80::f056:abff:fe65:143,ff02::179,N/A,N/A,N/A,N/A,N/A,N/A,,,1
1759293357,eth1,110,Ethernet,IPv6,ICMP,N/A,v6,fe80::f056:abff:fe65:143,ff02::179,N/A,N/A,N/A,N/A,N/A,N/A,,,1
1759293357,eth0,87,Ethernet,IPv6,UDP,N/A,v6,fe80::ecf9:eff:fefb:55,ff02::1:52,5355,5355,N/A,N/A,N/A,N/A,,,1
1759293357,eth0,67,Ethernet,IPv4,UDP,N/A,v4,172.30.0.89,224.0.0.252,5355,5355,N/A,N/A,N/A,N/A,,,1
1759293357,any,89,N/A,IPv6,UDP,N/A,v6,fe80::ecf9:eff:fefb:55,ff02::1:52,5355,5355,N/A,N/A,N/A,N/A,,,1
1759293357,any,44,ARP,N/A,N/A,N/A,N/A,N/A,N/A,N/A,N/A,1,2048,172.30.0.220,172.30.0.122,,,1
1759293357,any,58,ARP,N/A,N/A,N/A,N/A,N/A,N/A,N/A,N/A,2,2048,172.30.0.122,172.30.0.220,,,1
1759293357,any,58,ARP,N/A,N/A,N/A,N/A,N/A,N/A,N/A,N/A,2,2048,172.30.0.122,172.30.0.220,,,1
1759293357,eth0,42,Ethernet,N/A,N/A,N/A,N/A,N/A,N/A,N/A,N/A,N/A,N/A,N/A,N/A,,,1
1759293357,eth0,56,Ethernet,N/A,N/A,N/A,N/A,N/A,N/A,N/A,N/A,N/A,N/A,N/A,N/A,,,1
1759293357,eth0,56,Ethernet,N/A,N/A,N/A,N/A,N/A,N/A,N/A,N/A,N/A,N/A,N/A,N/A,,,1
1759293357,eth0,110,Ethernet,IPv6,ICMP,N/A,v6,fe80::e48e:99ff:fe5f:147,ff02::179,N/A,N/A,N/A,N/A,N/A,N/A,,,1
1759293357,eth0,54,Ethernet,IPv4,N/A,N/A,v4,172.30.0.220,224.0.0.22,N/A,N/A,N/A,N/A,N/A,N/A,,,1
1759293357,any,112,N/A,IPv6,ICMP,N/A,v6,fe80::e48e:99ff:fe5f:147,ff02::179,N/A,N/A,N/A,N/A,N/A,N/A,,,1
1759293357,eth0,356,Ethernet,IPv4,UDP,N/A,v4,0.0.0.0,255.255.255.255,68,67,N/A,N/A,N/A,N/A,,,1
1759293357,any,358,N/A,IPv4,UDP,N/A,v4,0.0.0.0,255.255.255.255,68,67,N/A,N/A,N/A,N/A,,,1
1759293357,any,370,N/A,IPv4,UDP,N/A,v4,0.0.0.0,255.255.255.255,68,67,N/A,N/A,N/A,N/A,,,1
1759293357,eth0,368,Ethernet,IPv4,UDP,N/A,v4,0.0.0.0,255.255.255.255,68,67,N/A,N/A,N/A,N/A,,,1
1759293357,any,112,N/A,IPv6,ICMP,N/A,v6,fe80::103b:bdff:fef0:169,ff02::179,N/A,N/A,N/A,N/A,N/A,N/A,,,1
1759293357,eth1,110,Ethernet,IPv6,ICMP,N/A,v6,fe80::103b:bdff:fef0:169,ff02::179,N/A,N/A,N/A,N/A,N/A,N/A,,,1
1759293357,any,112,N/A,IPv6,ICMP,N/A,v6,fe80::ecf9:eff:fefb:55,ff02::179,N/A,N/A,N/A,N/A,N/A,N/A,,,1
1759293357,any,58,N/A,IPv4,N/A,N/A,v4,172.30.0.89,224.0.0.22,N/A,N/A,N/A,N/A,N/A,N/A,,,1
1759293357,eth0,110,Ethernet,IPv6,ICMP,N/A,v6,fe80::ecf9:eff:fefb:55,ff02::179,N/A,N/A,N/A,N/A,N/A,N/A,,,1
1759293357,eth0,56,Ethernet,IPv4,N/A,N/A,v4,172.30.0.89,224.0.0.22,N/A,N/A,N/A,N/A,N/A,N/A,,,1
1759293357,any,58,ARP,N/A,N/A,N/A,N/A,N/A,N/A,N/A,N/A,1,2048,172.30.0.89,172.30.0.122,,,1
1759293357,eth0,56,Ethernet,N/A,N/A,N/A,N/A,N/A,N/A,N/A,N/A,N/A,N/A,N/A,N/A,,,1
1759293357,eth0,110,Ethernet,IPv6,ICMP,N/A,v6,fe80::ecf9:eff:fefb:55,ff02::179,N/A,N/A,N/A,N/A,N/A,N/A,,,1
1759293357,any,112,N/A,IPv6,ICMP,N/A,v6,fe80::ecf9:eff:fefb:55,ff02::179,N/A,N/A,N/A,N/A,N/A,N/A,,,1
1759293357,any,112,N/A,IPv6,ICMP,N/A,v6,fe80::dcac:f9ff:fe59:60,ff02::179,N/A,N/A,N/A,N/A,N/A,N/A,,,1
1759293357,eth2,110,Ethernet,IPv6,ICMP,N/A,v6,fe80::dcac:f9ff:fe59:60,ff02::179,N/A,N/A,N/A,N/A,N/A,N/A,,,1
1759293357,any,69,N/A,IPv4,UDP,N/A,v4,172.30.0.220,224.0.0.252,5355,5355,N/A,N/A,N/A,N/A,,,0
1759293357,eth0,356,Ethernet,IPv4,UDP,N/A,v4,0.0.0.0,255.255.255.255,68,67,N/A,N/A,N/A,N/A,,,0
1759293357,any,358,N/A,IPv4,UDP,N/A,v4,0.0.0.0,255.255.255.255,68,67,N/A,N/A,N/A,N/A,,,0
1759293357,eth0,368,Ethernet,IPv4,UDP,N/A,v4,0.0.0.0,255.255.255.255,68,67,N/A,N/A,N/A,N/A,,,0
1759293357,any,370,N/A,IPv4,UDP,N/A,v4,0.0.0.0,255.255.255.255,68,67,N/A,N/A,N/A,N/A,,,0
1759293357,eth1,110,Ethernet,IPv6,ICMP,N/A,v6,fe80::a824:52ff:fe4f:69,ff02::179,N/A,N/A,N/A,N/A,N/A,N/A,,,0
1759293357,any,112,N/A,IPv6,ICMP,N/A,v6,fe80::a824:52ff:fe4f:69,ff02::179,N/A,N/A,N/A,N/A,N/A,N/A,,,0
1759293357,eth0,110,Ethernet,IPv6,ICMP,N/A,v6,fe80::5ca9:83ff:fe87:27,ff02::179,N/A,N/A,N/A,N/A,N/A,N/A,,,0
1759293357,eth0,54,Ethernet,IPv4,N/A,N/A,v4,172.30.0.220,224.0.0.22,N/A,N/A,N/A,N/A,N/A,N/A,,,0
1759293357,any,112,N/A,IPv6,ICMP,N/A,v6,fe80::5ca9:83ff:fe87:27,ff02::179,N/A,N/A,N/A,N/A,N/A,N/A,,,0
1759293357,eth0,42,Ethernet,N/A,N/A,N/A,N/A,N/A,N/A,N/A,N/A,N/A,N/A,N/A,N/A,,,0
1759293357,eth0,56,Ethernet,N/A,N/A,N/A,N/A,N/A,N/A,N/A,N/A,N/A,N/A,N/A,N/A,,,0
1759293357,eth0,56,Ethernet,N/A,N/A,N/A,N/A,N/A,N/A,N/A,N/A,N/A,N/A,N/A,N/A,,,0
1759293357,any,44,ARP,N/A,N/A,N/A,N/A,N/A,N/A,N/A,N/A,1,2048,172.30.0.220,172.30.0.122,,,0
1759293357,any,58,ARP,N/A,N/A,N/A,N/A,N/A,N/A,N/A,N/A,2,2048,172.30.0.122,172.30.0.220,,,0
1759293357,any,56,N/A,IPv4,N/A,N/A,v4,172.30.0.220,224.0.0.22,N/A,N/A,N/A,N/A,N/A,N/A,,,0
1759293357,eth0,54,Ethernet,IPv4,N/A,N/A,v4,172.30.0.220,224.0.0.22,N/A,N/A,N/A,N/A,N/A,N/A,,,0
1759293357,any,112,N/A,IPv6,ICMP,N/A,v6,fe80::a824:52ff:fe4f:69,ff02::179,N/A,N/A,N/A,N/A,N/A,N/A,,,0
1759293357,eth1,110,Ethernet,IPv6,ICMP,N/A,v6,fe80::a824:52ff:fe4f:69,ff02::179,N/A,N/A,N/A,N/A,N/A,N/A,,,0
1759293357,eth0,70,Ethernet,IPv6,ICMP,N/A,v6,fe80::5ca9:83ff:fe87:27,ff02::204,N/A,N/A,N/A,N/A,N/A,N/A,,,0
1759293357,eth1,70,Ethernet,IPv6,ICMP,N/A,v6,fe80::a824:52ff:fe4f:69,ff02::204,N/A,N/A,N/A,N/A,N/A,N/A,,,0
1759293357,any,72,N/A,IPv6,ICMP,N/A,v6,fe80::a824:52ff:fe4f:69,ff02::204,N/A,N/A,N/A,N/A,N/A,N/A,,,0
1759293357,eth0,54,Ethernet,IPv4,N/A,N/A,v4,172.30.0.220,224.0.0.22,N/A,N/A,N/A,N/A,N/A,N/A,,,1
1759293357,any,56,N/A,IPv4,N/A,N/A,v4,172.30.0.220,224.0.0.22,N/A,N/A,N/A,N/A,N/A,N/A,,,1
1759293357,eth0,110,Ethernet,IPv6,ICMP,N/A,v6,fe80::e48e:99ff:fe5f:147,ff02::179,N/A,N/A,N/A,N/A,N/A,N/A,,,1
1759293357,any,112,N/A,IPv6,ICMP,N/A,v6,fe80::e48e:99ff:fe5f:147,ff02::179,N/A,N/A,N/A,N/A,N/A,N/A,,,1
1759293357,any,72,N/A,IPv6,ICMP,N/A,v6,fe80::dcac:f9ff:fe59:60,ff02::204,N/A,N/A,N/A,N/A,N/A,N/A,,,1
1759293357,eth1,70,Ethernet,IPv6,ICMP,N/A,v6,fe80::f056:abff:fe65:143,ff02::204,N/A,N/A,N/A,N/A,N/A,N/A,,,1
1759293357,eth2,70,Ethernet,IPv6,ICMP,N/A,v6,fe80::dcac:f9ff:fe59:60,ff02::204,N/A,N/A,N/A,N/A,N/A,N/A,,,1
1759293357,eth0,70,Ethernet,IPv6,ICMP,N/A,v6,fe80::e48e:99ff:fe5f:147,ff02::204,N/A,N/A,N/A,N/A,N/A,N/A,,,1
1759293357,any,58,N/A,IPv4,N/A,N/A,v4,172.30.0.89,224.0.0.22,N/A,N/A,N/A,N/A,N/A,N/A,,,1
1759293357,eth0,56,Ethernet,IPv4,N/A,N/A,v4,172.30.0.89,224.0.0.22,N/A,N/A,N/A,N/A,N/A,N/A,,,1
1759293357,eth1,110,Ethernet,IPv6,ICMP,N/A,v6,fe80::103b:bdff:fef0:169,ff02::179,N/A,N/A,N/A,N/A,N/A,N/A,,,1
1759293357,any,112,N/A,IPv6,ICMP,N/A,v6,fe80::103b:bdff:fef0:169,ff02::179,N/A,N/A,N/A,N/A,N/A,N/A,,,1
1759293358,eth0,110,Ethernet,IPv6,ICMP,N/A,v6,fe80::5ca9:83ff:fe87:27,ff02::179,N/A,N/A,N/A,N/A,N/A,N/A,,,0
1759293358,any,112,N/A,IPv6,ICMP,N/A,v6,fe80::5ca9:83ff:fe87:27,ff02::179,N/A,N/A,N/A,N/A,N/A,N/A,,,0
1759293358,any,109,N/A,N/A,N/A,N/A,N/A,N/A,N/A,N/A,N/A,N/A,N/A,N/A,N/A,,,0
1759293358,eth1,110,Ethernet,IPv6,ICMP,N/A,v6,fe80::f056:abff:fe65:143,ff02::179,N/A,N/A,N/A,N/A,N/A,N/A,,,1
1759293358,any,112,N/A,IPv6,ICMP,N/A,v6,fe80::f056:abff:fe65:143,ff02::179,N/A,N/A,N/A,N/A,N/A,N/A,,,1
1759293358,eth0,111,Ethernet,N/A,N/A,N/A,N/A,N/A,N/A,N/A,N/A,N/A,N/A,N/A,N/A,,,1
1759293358,any,113,N/A,N/A,N/A,N/A,N/A,N/A,N/A,N/A,N/A,N/A,N/A,N/A,N/A,,,1
1759293358,any,72,N/A,IPv6,ICMP,N/A,v6,fe80::ecf9:eff:fefb:55,ff02::204,N/A,N/A,N/A,N/A,N/A,N/A,,,1
1759293358,eth0,70,Ethernet,IPv6,ICMP,N/A,v6,fe80::ecf9:eff:fefb:55,ff02::204,N/A,N/A,N/A,N/A,N/A,N/A,,,1
1759293358,eth1,70,Ethernet,IPv6,ICMP,N/A,v6,fe80::103b:bdff:fef0:169,ff02::204,N/A,N/A,N/A,N/A,N/A,N/A,,,1
1759293358,eth0,107,Ethernet,N/A,N/A,N/A,N/A,N/A,N/A,N/A,N/A,N/A,N/A,N/A,N/A,,,0
1759293359,eth0,111,Ethernet,N/A,N/A,N/A,N/A,N/A,N/A,N/A,N/A,N/A,N/A,N/A,N/A,,,1
1759293359,any,113,N/A,N/A,N/A,N/A,N/A,N/A,N/A,N/A,N/A,N/A,N/A,N/A,N/A,,,1
1759293359,any,72,N/A,IPv6,ICMP,N/A,v6,fe80::7827:e3ff:fe68:239,ff02::204,N/A,N/A,N/A,N/A,N/A,N/A,,,1
1759293359,eth1,70,Ethernet,IPv6,ICMP,N/A,v6,fe80::7827:e3ff:fe68:239,ff02::204,N/A,N/A,N/A,N/A,N/A,N/A,,,1
1759293359,any,109,N/A,N/A,N/A,N/A,N/A,N/A,N/A,N/A,N/A,N/A,N/A,N/A,N/A,,,0
1759293359,eth0,107,Ethernet,N/A,N/A,N/A,N/A,N/A,N/A,N/A,N/A,N/A,N/A,N/A,N/A,,,0
1759293360,eth1,70,Ethernet,IPv6,ICMP,N/A,v6,fe80::780a:a9ff:fee6:89,ff02::204,N/A,N/A,N/A,N/A,N/A,N/A,,,1
1759293360,any,72,N/A,IPv6,ICMP,N/A,v6,fe80::780a:a9ff:fee6:89,ff02::204,N/A,N/A,N/A,N/A,N/A,N/A,,,1
1759293360,any,92,N/A,IPv6,ICMP,N/A,v6,fe80::b0b5:44ff:feea:219,ff02::179,N/A,N/A,N/A,N/A,N/A,N/A,,,1
1759293360,any,56,N/A,IPv4,N/A,N/A,v4,172.30.0.163,224.0.0.22,N/A,N/A,N/A,N/A,N/A,N/A,,,1
1759293360,eth0,90,Ethernet,IPv6,ICMP,N/A,v6,fe80::b0b5:44ff:feea:219,ff02::179,N/A,N/A,N/A,N/A,N/A,N/A,,,1
1759293360,eth0,54,Ethernet,IPv4,N/A,N/A,v4,172.30.0.163,224.0.0.22,N/A,N/A,N/A,N/A,N/A,N/A,,,1
1759293360,any,90,N/A,IPv6,UDP,N/A,v6,fe80::b0b5:44ff:feea:219,ff02::1:52,5355,5355,N/A,N/A,N/A,N/A,,,1
1759293360,eth0,88,Ethernet,IPv6,UDP,N/A,v6,fe80::b0b5:44ff:feea:219,ff02::1:52,5355,5355,N/A,N/A,N/A,N/A,,,1
1759293360,eth0,54,Ethernet,IPv4,N/A,N/A,v4,172.30.0.163,224.0.0.22,N/A,N/A,N/A,N/A,N/A,N/A,,,1
1759293360,any,56,N/A,IPv4,N/A,N/A,v4,172.30.0.163,224.0.0.22,N/A,N/A,N/A,N/A,N/A,N/A,,,1
1759293360,any,359,N/A,IPv4,UDP,N/A,v4,0.0.0.0,255.255.255.255,68,67,N/A,N/A,N/A,N/A,,,1
1759293360,eth0,357,Ethernet,IPv4,UDP,N/A,v4,0.0.0.0,255.255.255.255,68,67,N/A,N/A,N/A,N/A,,,1
1759293360,eth0,369,Ethernet,IPv4,UDP,N/A,v4,0.0.0.0,255.255.255.255,68,67,N/A,N/A,N/A,N/A,,,1
1759293360,any,371,N/A,IPv4,UDP,N/A,v4,0.0.0.0,255.255.255.255,68,67,N/A,N/A,N/A,N/A,,,1
1759293360,any,112,N/A,IPv6,ICMP,N/A,v6,fe80::780a:a9ff:fee6:89,ff02::179,N/A,N/A,N/A,N/A,N/A,N/A,,,1
1759293360,eth1,110,Ethernet,IPv6,ICMP,N/A,v6,fe80::780a:a9ff:fee6:89,ff02::179,N/A,N/A,N/A,N/A,N/A,N/A,,,1
1759293360,any,112,N/A,IPv6,ICMP,N/A,v6,fe80::b0b5:44ff:feea:219,ff02::179,N/A,N/A,N/A,N/A,N/A,N/A,,,1
1759293360,eth0,110,Ethernet,IPv6,ICMP,N/A,v6,fe80::b0b5:44ff:feea:219,ff02::179,N/A,N/A,N/A,N/A,N/A,N/A,,,1
1759293360,eth0,54,Ethernet,IPv4,N/A,N/A,v4,172.30.0.163,224.0.0.22,N/A,N/A,N/A,N/A,N/A,N/A,,,1
1759293360,eth0,42,Ethernet,N/A,N/A,N/A,N/A,N/A,N/A,N/A,N/A,N/A,N/A,N/A,N/A,,,1
1759293360,any,44,ARP,N/A,N/A,N/A,N/A,N/A,N/A,N/A,N/A,1,2048,172.30.0.163,172.30.0.122,,,1
1759293360,any,72,N/A,IPv6,ICMP,N/A,v6,fe80::24f1:23ff:fe29:66,ff02::204,N/A,N/A,N/A,N/A,N/A,N/A,,,1
1759293360,eth0,70,Ethernet,IPv6,ICMP,N/A,v6,fe80::24f1:23ff:fe29:66,ff02::204,N/A,N/A,N/A,N/A,N/A,N/A,,,1
1759293360,eth0,111,Ethernet,N/A,N/A,N/A,N/A,N/A,N/A,N/A,N/A,N/A,N/A,N/A,N/A,,,1
1759293360,any,113,N/A,N/A,N/A,N/A,N/A,N/A,N/A,N/A,N/A,N/A,N/A,N/A,N/A,,,1
1759293360,eth0,90,Ethernet,IPv6,ICMP,N/A,v6,fe80::24f1:23ff:fe29:66,ff02::179,N/A,N/A,N/A,N/A,N/A,N/A,,,1
1759293360,eth0,54,Ethernet,IPv4,N/A,N/A,v4,172.30.0.23,224.0.0.22,N/A,N/A,N/A,N/A,N/A,N/A,,,1
1759293360,any,109,N/A,N/A,N/A,N/A,N/A,N/A,N/A,N/A,N/A,N/A,N/A,N/A,N/A,,,0
1759293360,eth0,107,Ethernet,N/A,N/A,N/A,N/A,N/A,N/A,N/A,N/A,N/A,N/A,N/A,N/A,,,0
1759293360,any,92,N/A,IPv6,ICMP,N/A,v6,fe80::24f1:23ff:fe29:66,ff02::179,N/A,N/A,N/A,N/A,N/A,N/A,,,1
1759293360,eth0,87,Ethernet,IPv6,UDP,N/A,v6,fe80::24f1:23ff:fe29:66,ff02::1:52,5355,5355,N/A,N/A,N/A,N/A,,,1
1759293360,any,89,N/A,IPv6,UDP,N/A,v6,fe80::24f1:23ff:fe29:66,ff02::1:52,5355,5355,N/A,N/A,N/A,N/A,,,1
1759293360,any,358,N/A,IPv4,UDP,N/A,v4,0.0.0.0,255.255.255.255,68,67,N/A,N/A,N/A,N/A,,,1
1759293360,eth0,356,Ethernet,IPv4,UDP,N/A,v4,0.0.0.0,255.255.255.255,68,67,N/A,N/A,N/A,N/A,,,1
1759293360,any,370,N/A,IPv4,UDP,N/A,v4,0.0.0.0,255.255.255.255,68,67,N/A,N/A,N/A,N/A,,,1
1759293360,eth0,368,Ethernet,IPv4,UDP,N/A,v4,0.0.0.0,255.255.255.255,68,67,N/A,N/A,N/A,N/A,,,1
1759293360,any,112,N/A,IPv6,ICMP,N/A,v6,fe80::7827:e3ff:fe68:239,ff02::179,N/A,N/A,N/A,N/A,N/A,N/A,,,1
1759293360,eth1,110,Ethernet,IPv6,ICMP,N/A,v6,fe80::7827:e3ff:fe68:239,ff02::179,N/A,N/A,N/A,N/A,N/A,N/A,,,1
1759293360,any,112,N/A,IPv6,ICMP,N/A,v6,fe80::24f1:23ff:fe29:66,ff02::179,N/A,N/A,N/A,N/A,N/A,N/A,,,1
1759293360,eth0,110,Ethernet,IPv6,ICMP,N/A,v6,fe80::24f1:23ff:fe29:66,ff02::179,N/A,N/A,N/A,N/A,N/A,N/A,,,1
1759293360,eth0,54,Ethernet,IPv4,N/A,N/A,v4,172.30.0.23,224.0.0.22,N/A,N/A,N/A,N/A,N/A,N/A,,,1
1759293360,eth0,42,Ethernet,N/A,N/A,N/A,N/A,N/A,N/A,N/A,N/A,N/A,N/A,N/A,N/A,,,1
1759293360,any,44,ARP,N/A,N/A,N/A,N/A,N/A,N/A,N/A,N/A,1,2048,172.30.0.23,172.30.0.122,,,1
1759293360,eth0,110,Ethernet,IPv6,ICMP,N/A,v6,fe80::b0b5:44ff:feea:219,ff02::179,N/A,N/A,N/A,N/A,N/A,N/A,,,1
1759293360,any,112,N/A,IPv6,ICMP,N/A,v6,fe80::b0b5:44ff:feea:219,ff02::179,N/A,N/A,N/A,N/A,N/A,N/A,,,1
1759293360,any,112,N/A,IPv6,ICMP,N/A,v6,fe80::7827:e3ff:fe68:239,ff02::179,N/A,N/A,N/A,N/A,N/A,N/A,,,1
1759293360,eth1,110,Ethernet,IPv6,ICMP,N/A,v6,fe80::7827:e3ff:fe68:239,ff02::179,N/A,N/A,N/A,N/A,N/A,N/A,,,1
1759293361,eth0,90,Ethernet,IPv6,ICMP,N/A,v6,fe80::5ca9:83ff:fe87:27,ff02::179,N/A,N/A,N/A,N/A,N/A,N/A,,,0
1759293361,eth0,54,Ethernet,IPv4,N/A,N/A,v4,172.30.0.220,224.0.0.22,N/A,N/A,N/A,N/A,N/A,N/A,,,0
1759293361,any,92,N/A,IPv6,ICMP,N/A,v6,fe80::5ca9:83ff:fe87:27,ff02::179,N/A,N/A,N/A,N/A,N/A,N/A,,,0
1759293361,eth0,67,Ethernet,IPv4,UDP,N/A,v4,172.30.0.220,224.0.0.252,5355,5355,N/A,N/A,N/A,N/A,,,0
1759293361,any,69,N/A,IPv4,UDP,N/A,v4,172.30.0.220,224.0.0.252,5355,5355,N/A,N/A,N/A,N/A,,,0
1759293361,eth0,356,Ethernet,IPv4,UDP,N/A,v4,0.0.0.0,255.255.255.255,68,67,N/A,N/A,N/A,N/A,,,0
1759293361,any,358,N/A,IPv4,UDP,N/A,v4,0.0.0.0,255.255.255.255,68,67,N/A,N/A,N/A,N/A,,,0
1759293361,eth0,368,Ethernet,IPv4,UDP,N/A,v4,0.0.0.0,255.255.255.255,68,67,N/A,N/A,N/A,N/A,,,0
1759293361,any,370,N/A,IPv4,UDP,N/A,v4,0.0.0.0,255.255.255.255,68,67,N/A,N/A,N/A,N/A,,,0
1759293361,eth1,110,Ethernet,IPv6,ICMP,N/A,v6,fe80::a824:52ff:fe4f:69,ff02::179,N/A,N/A,N/A,N/A,N/A,N/A,,,0
1759293361,any,112,N/A,IPv6,ICMP,N/A,v6,fe80::a824:52ff:fe4f:69,ff02::179,N/A,N/A,N/A,N/A,N/A,N/A,,,0
1759293361,eth0,110,Ethernet,IPv6,ICMP,N/A,v6,fe80::5ca9:83ff:fe87:27,ff02::179,N/A,N/A,N/A,N/A,N/A,N/A,,,0
1759293361,eth0,54,Ethernet,IPv4,N/A,N/A,v4,172.30.0.220,224.0.0.22,N/A,N/A,N/A,N/A,N/A,N/A,,,0
1759293361,any,112,N/A,IPv6,ICMP,N/A,v6,fe80::5ca9:83ff:fe87:27,ff02::179,N/A,N/A,N/A,N/A,N/A,N/A,,,0
1759293361,any,56,N/A,IPv4,N/A,N/A,v4,172.30.0.220,224.0.0.22,N/A,N/A,N/A,N/A,N/A,N/A,,,0
1759293361,eth0,54,Ethernet,IPv4,N/A,N/A,v4,172.30.0.220,224.0.0.22,N/A,N/A,N/A,N/A,N/A,N/A,,,0
1759293361,eth0,110,Ethernet,IPv6,ICMP,N/A,v6,fe80::5ca9:83ff:fe87:27,ff02::179,N/A,N/A,N/A,N/A,N/A,N/A,,,0
1759293361,any,112,N/A,IPv6,ICMP,N/A,v6,fe80::5ca9:83ff:fe87:27,ff02::179,N/A,N/A,N/A,N/A,N/A,N/A,,,0
1759293361,any,112,N/A,IPv6,ICMP,N/A,v6,fe80::a824:52ff:fe4f:69,ff02::179,N/A,N/A,N/A,N/A,N/A,N/A,,,0
1759293361,eth1,110,Ethernet,IPv6,ICMP,N/A,v6,fe80::a824:52ff:fe4f:69,ff02::179,N/A,N/A,N/A,N/A,N/A,N/A,,,0
1759293361,any,72,N/A,IPv6,ICMP,N/A,v6,fe80::24f1:23ff:fe29:66,ff02::204,N/A,N/A,N/A,N/A,N/A,N/A,,,1
1759293361,any,72,N/A,IPv6,ICMP,N/A,v6,fe80::7827:e3ff:fe68:239,ff02::204,N/A,N/A,N/A,N/A,N/A,N/A,,,1
1759293361,eth0,70,Ethernet,IPv6,ICMP,N/A,v6,fe80::24f1:23ff:fe29:66,ff02::204,N/A,N/A,N/A,N/A,N/A,N/A,,,1
1759293361,eth1,70,Ethernet,IPv6,ICMP,N/A,v6,fe80::7827:e3ff:fe68:239,ff02::204,N/A,N/A,N/A,N/A,N/A,N/A,,,1
1759293361,any,56,N/A,IPv4,N/A,N/A,v4,172.30.0.163,224.0.0.22,N/A,N/A,N/A,N/A,N/A,N/A,,,1
1759293361,eth0,54,Ethernet,IPv4,N/A,N/A,v4,172.30.0.163,224.0.0.22,N/A,N/A,N/A,N/A,N/A,N/A,,,1
1759293361,any,112,N/A,IPv6,ICMP,N/A,v6,fe80::780a:a9ff:fee6:89,ff02::179,N/A,N/A,N/A,N/A,N/A,N/A,,,1
1759293361,eth1,110,Ethernet,IPv6,ICMP,N/A,v6,fe80::780a:a9ff:fee6:89,ff02::179,N/A,N/A,N/A,N/A,N/A,N/A,,,1
1759293361,eth0,54,Ethernet,IPv4,N/A,N/A,v4,172.30.0.23,224.0.0.22,N/A,N/A,N/A,N/A,N/A,N/A,,,1
1759293361,any,56,N/A,IPv4,N/A,N/A,v4,172.30.0.23,224.0.0.22,N/A,N/A,N/A,N/A,N/A,N/A,,,1
1759293361,eth0,90,Ethernet,IPv6,ICMP,N/A,v6,fe80::e48e:99ff:fe5f:147,ff02::179,N/A,N/A,N/A,N/A,N/A,N/A,,,1
1759293361,eth0,54,Ethernet,IPv4,N/A,N/A,v4,172.30.0.220,224.0.0.22,N/A,N/A,N/A,N/A,N/A,N/A,,,1
1759293361,any,92,N/A,IPv6,ICMP,N/A,v6,fe80::e48e:99ff:fe5f:147,ff02::179,N/A,N/A,N/A,N/A,N/A,N/A,,,1
1759293361,eth0,90,Ethernet,IPv6,ICMP,N/A,v6,fe80::ecf9:eff:fefb:55,ff02::179,N/A,N/A,N/A,N/A,N/A,N/A,,,1
1759293361,eth0,56,Ethernet,IPv4,N/A,N/A,v4,172.30.0.89,224.0.0.22,N/A,N/A,N/A,N/A,N/A,N/A,,,1
1759293361,any,92,N/A,IPv6,ICMP,N/A,v6,fe80::ecf9:eff:fefb:55,ff02::179,N/A,N/A,N/A,N/A,N/A,N/A,,,1
1759293361,any,58,N/A,IPv4,N/A,N/A,v4,172.30.0.89,224.0.0.22,N/A,N/A,N/A,N/A,N/A,N/A,,,1
1759293361,eth0,360,Ethernet,IPv4,UDP,N/A,v4,0.0.0.0,255.255.255.255,68,67,N/A,N/A,N/A,N/A,,,1
1759293361,any,362,N/A,IPv4,UDP,N/A,v4,0.0.0.0,255.255.255.255,68,67,N/A,N/A,N/A,N/A,,,1
1759293361,eth0,372,Ethernet,IPv4,UDP,N/A,v4,0.0.0.0,255.255.255.255,68,67,N/A,N/A,N/A,N/A,,,1
1759293361,any,374,N/A,IPv4,UDP,N/A,v4,0.0.0.0,255.255.255.255,68,67,N/A,N/A,N/A,N/A,,,1
1759293361,eth2,110,Ethernet,IPv6,ICMP,N/A,v6,fe80::dcac:f9ff:fe59:60,ff02::179,N/A,N/A,N/A,N/A,N/A,N/A,,,1
1759293361,any,112,N/A,IPv6,ICMP,N/A,v6,fe80::f056:abff:fe65:143,ff02::179,N/A,N/A,N/A,N/A,N/A,N/A,,,1
1759293361,eth1,110,Ethernet,IPv6,ICMP,N/A,v6,fe80::f056:abff:fe65:143,ff02::179,N/A,N/A,N/A,N/A,N/A,N/A,,,1
1759293361,any,112,N/A,IPv6,ICMP,N/A,v6,fe80::e48e:99ff:fe5f:147,ff02::179,N/A,N/A,N/A,N/A,N/A,N/A,,,1
1759293361,eth0,110,Ethernet,IPv6,ICMP,N/A,v6,fe80::e48e:99ff:fe5f:147,ff02::179,N/A,N/A,N/A,N/A,N/A,N/A,,,1
1759293361,eth0,54,Ethernet,IPv4,N/A,N/A,v4,172.30.0.220,224.0.0.22,N/A,N/A,N/A,N/A,N/A,N/A,,,1
1759293361,any,358,N/A,IPv4,UDP,N/A,v4,0.0.0.0,255.255.255.255,68,67,N/A,N/A,N/A,N/A,,,1
1759293361,eth0,356,Ethernet,IPv4,UDP,N/A,v4,0.0.0.0,255.255.255.255,68,67,N/A,N/A,N/A,N/A,,,1
1759293361,eth0,368,Ethernet,IPv4,UDP,N/A,v4,0.0.0.0,255.255.255.255,68,67,N/A,N/A,N/A,N/A,,,1
1759293361,any,370,N/A,IPv4,UDP,N/A,v4,0.0.0.0,255.255.255.255,68,67,N/A,N/A,N/A,N/A,,,1
1759293361,any,112,N/A,IPv6,ICMP,N/A,v6,fe80::24f1:23ff:fe29:66,ff02::179,N/A,N/A,N/A,N/A,N/A,N/A,,,1
1759293361,any,44,ARP,N/A,N/A,N/A,N/A,N/A,N/A,N/A,N/A,1,2048,172.30.0.220,172.30.0.122,,,1
1759293361,any,112,N/A,IPv6,ICMP,N/A,v6,fe80::103b:bdff:fef0:169,ff02::179,N/A,N/A,N/A,N/A,N/A,N/A,,,1
1759293361,any,58,ARP,N/A,N/A,N/A,N/A,N/A,N/A,N/A,N/A,2,2048,172.30.0.122,172.30.0.220,,,1
1759293361,any,58,ARP,N/A,N/A,N/A,N/A,N/A,N/A,N/A,N/A,2,2048,172.30.0.122,172.30.0.220,,,1
1759293361,eth0,110,Ethernet,IPv6,ICMP,N/A,v6,fe80::24f1:23ff:fe29:66,ff02::179,N/A,N/A,N/A,N/A,N/A,N/A,,,1
1759293361,eth0,42,Ethernet,N/A,N/A,N/A,N/A,N/A,N/A,N/A,N/A,N/A,N/A,N/A,N/A,,,1
1759293361,eth0,56,Ethernet,N/A,N/A,N/A,N/A,N/A,N/A,N/A,N/A,N/A,N/A,N/A,N/A,,,1
1759293361,eth0,56,Ethernet,N/A,N/A,N/A,N/A,N/A,N/A,N/A,N/A,N/A,N/A,N/A,N/A,,,1
1759293361,eth1,110,Ethernet,IPv6,ICMP,N/A,v6,fe80::103b:bdff:fef0:169,ff02::179,N/A,N/A,N/A,N/A,N/A,N/A,,,1
1759293361,any,112,N/A,IPv6,ICMP,N/A,v6,fe80::ecf9:eff:fefb:55,ff02::179,N/A,N/A,N/A,N/A,N/A,N/A,,,1
1759293361,eth0,110,Ethernet,IPv6,ICMP,N/A,v6,fe80::ecf9:eff:fefb:55,ff02::179,N/A,N/A,N/A,N/A,N/A,N/A,,,1
1759293361,eth0,56,Ethernet,IPv4,N/A,N/A,v4,172.30.0.89,224.0.0.22,N/A,N/A,N/A,N/A,N/A,N/A,,,1
1759293361,eth0,70,Ethernet,IPv6,ICMP,N/A,v6,fe80::b0b5:44ff:feea:219,ff02::204,N/A,N/A,N/A,N/A,N/A,N/A,,,1
1759293361,any,72,N/A,IPv6,ICMP,N/A,v6,fe80::b0b5:44ff:feea:219,ff02::204,N/A,N/A,N/A,N/A,N/A,N/A,,,1
1759293361,eth1,70,Ethernet,IPv6,ICMP,N/A,v6,fe80::780a:a9ff:fee6:89,ff02::204,N/A,N/A,N/A,N/A,N/A,N/A,,,1
1759293361,any,112,N/A,IPv6,ICMP,N/A,v6,fe80::103b:bdff:fef0:169,ff02::179,N/A,N/A,N/A,N/A,N/A,N/A,,,1
1759293361,eth1,110,Ethernet,IPv6,ICMP,N/A,v6,fe80::103b:bdff:fef0:169,ff02::179,N/A,N/A,N/A,N/A,N/A,N/A,,,1
1759293361,any,58,ARP,N/A,N/A,N/A,N/A,N/A,N/A,N/A,N/A,1,2048,172.30.0.89,172.30.0.122,,,1
1759293361,any,112,N/A,IPv6,ICMP,N/A,v6,fe80::ecf9:eff:fefb:55,ff02::179,N/A,N/A,N/A,N/A,N/A,N/A,,,1
1759293361,eth0,56,Ethernet,N/A,N/A,N/A,N/A,N/A,N/A,N/A,N/A,N/A,N/A,N/A,N/A,,,1
1759293361,eth0,110,Ethernet,IPv6,ICMP,N/A,v6,fe80::ecf9:eff:fefb:55,ff02::179,N/A,N/A,N/A,N/A,N/A,N/A,,,1
1759293361,any,56,N/A,IPv4,N/A,N/A,v4,172.30.0.220,224.0.0.22,N/A,N/A,N/A,N/A,N/A,N/A,,,1
1759293361,eth0,54,Ethernet,IPv4,N/A,N/A,v4,172.30.0.220,224.0.0.22,N/A,N/A,N/A,N/A,N/A,N/A,,,1
1759293361,eth0,110,Ethernet,IPv6,ICMP,N/A,v6,fe80::e48e:99ff:fe5f:147,ff02::179,N/A,N/A,N/A,N/A,N/A,N/A,,,1
1759293361,eth1,110,Ethernet,IPv6,ICMP,N/A,v6,fe80::f056:abff:fe65:143,ff02::179,N/A,N/A,N/A,N/A,N/A,N/A,,,1
1759293361,any,112,N/A,IPv6,ICMP,N/A,v6,fe80::e48e:99ff:fe5f:147,ff02::179,N/A,N/A,N/A,N/A,N/A,N/A,,,1
1759293361,any,58,N/A,IPv4,N/A,N/A,v4,172.30.0.89,224.0.0.22,N/A,N/A,N/A,N/A,N/A,N/A,,,1
1759293361,eth0,56,Ethernet,IPv4,N/A,N/A,v4,172.30.0.89,224.0.0.22,N/A,N/A,N/A,N/A,N/A,N/A,,,1
1759293361,any,44,ARP,N/A,N/A,N/A,N/A,N/A,N/A,N/A,N/A,1,2048,172.30.0.220,172.30.0.122,,,0
1759293361,any,58,ARP,N/A,N/A,N/A,N/A,N/A,N/A,N/A,N/A,2,2048,172.30.0.122,172.30.0.220,,,0
1759293361,eth0,42,Ethernet,N/A,N/A,N/A,N/A,N/A,N/A,N/A,N/A,N/A,N/A,N/A,N/A,,,0
1759293361,eth0,56,Ethernet,N/A,N/A,N/A,N/A,N/A,N/A,N/A,N/A,N/A,N/A,N/A,N/A,,,0
1759293361,eth0,56,Ethernet,N/A,N/A,N/A,N/A,N/A,N/A,N/A,N/A,N/A,N/A,N/A,N/A,,,0
1759293362,eth2,110,Ethernet,IPv6,ICMP,N/A,v6,fe80::dcac:f9ff:fe59:60,ff02::179,N/A,N/A,N/A,N/A,N/A,N/A,,,1
1759293362,any,112,N/A,IPv6,ICMP,N/A,v6,fe80::dcac:f9ff:fe59:60,ff02::179,N/A,N/A,N/A,N/A,N/A,N/A,,,1
1759293362,eth1,70,Ethernet,IPv6,ICMP,N/A,v6,fe80::f056:abff:fe65:143,ff02::204,N/A,N/A,N/A,N/A,N/A,N/A,,,1
1759293362,any,72,N/A,IPv6,ICMP,N/A,v6,fe80::dcac:f9ff:fe59:60,ff02::204,N/A,N/A,N/A,N/A,N/A,N/A,,,1
1759293362,eth2,70,Ethernet,IPv6,ICMP,N/A,v6,fe80::dcac:f9ff:fe59:60,ff02::204,N/A,N/A,N/A,N/A,N/A,N/A,,,1
1759293362,eth0,111,Ethernet,N/A,N/A,N/A,N/A,N/A,N/A,N/A,N/A,N/A,N/A,N/A,N/A,,,1
1759293362,eth0,70,Ethernet,IPv6,ICMP,N/A,v6,fe80::e48e:99ff:fe5f:147,ff02::204,N/A,N/A,N/A,N/A,N/A,N/A,,,1
1759293362,eth1,70,Ethernet,IPv6,ICMP,N/A,v6,fe80::103b:bdff:fef0:169,ff02::204,N/A,N/A,N/A,N/A,N/A,N/A,,,1
1759293362,eth0,70,Ethernet,IPv6,ICMP,N/A,v6,fe80::ecf9:eff:fefb:55,ff02::204,N/A,N/A,N/A,N/A,N/A,N/A,,,1
1759293362,any,72,N/A,IPv6,ICMP,N/A,v6,fe80::ecf9:eff:fefb:55,ff02::204,N/A,N/A,N/A,N/A,N/A,N/A,,,1
1759293362,any,72,N/A,IPv6,ICMP,N/A,v6,fe80::103b:bdff:fef0:169,ff02::204,N/A,N/A,N/A,N/A,N/A,N/A,,,1
1759293362,eth0,107,Ethernet,N/A,N/A,N/A,N/A,N/A,N/A,N/A,N/A,N/A,N/A,N/A,N/A,,,0
1759293362,eth0,70,Ethernet,IPv6,ICMP,N/A,v6,fe80::5ca9:83ff:fe87:27,ff02::204,N/A,N/A,N/A,N/A,N/A,N/A,,,0
1759293362,any,72,N/A,IPv6,ICMP,N/A,v6,fe80::a824:52ff:fe4f:69,ff02::204,N/A,N/A,N/A,N/A,N/A,N/A,,,0
1759293362,eth1,70,Ethernet,IPv6,ICMP,N/A,v6,fe80::a824:52ff:fe4f:69,ff02::204,N/A,N/A,N/A,N/A,N/A,N/A,,,0
1759293363,eth0,111,Ethernet,N/A,N/A,N/A,N/A,N/A,N/A,N/A,N/A,N/A,N/A,N/A,N/A,,,1
1759293363,any,113,N/A,N/A,N/A,N/A,N/A,N/A,N/A,N/A,N/A,N/A,N/A,N/A,N/A,,,1
1759293363,eth0,107,Ethernet,N/A,N/A,N/A,N/A,N/A,N/A,N/A,N/A,N/A,N/A,N/A,N/A,,,0
1759293363,any,109,N/A,N/A,N/A,N/A,N/A,N/A,N/A,N/A,N/A,N/A,N/A,N/A,N/A,,,0
1759293364,any,92,N/A,IPv6,ICMP,N/A,v6,fe80::b0b5:44ff:feea:219,ff02::179,N/A,N/A,N/A,N/A,N/A,N/A,,,1
1759293364,eth0,90,Ethernet,IPv6,ICMP,N/A,v6,fe80::b0b5:44ff:feea:219,ff02::179,N/A,N/A,N/A,N/A,N/A,N/A,,,1
1759293364,eth0,54,Ethernet,IPv4,N/A,N/A,v4,172.30.0.163,224.0.0.22,N/A,N/A,N/A,N/A,N/A,N/A,,,1
1759293364,eth0,88,Ethernet,IPv6,UDP,N/A,v6,fe80::b0b5:44ff:feea:219,ff02::1:52,5355,5355,N/A,N/A,N/A,N/A,,,1
1759293364,any,90,N/A,IPv6,UDP,N/A,v6,fe80::b0b5:44ff:feea:219,ff02::1:52,5355,5355,N/A,N/A,N/A,N/A,,,1
1759293364,eth0,357,Ethernet,IPv4,UDP,N/A,v4,0.0.0.0,255.255.255.255,68,67,N/A,N/A,N/A,N/A,,,1
1759293364,any,359,N/A,IPv4,UDP,N/A,v4,0.0.0.0,255.255.255.255,68,67,N/A,N/A,N/A,N/A,,,1
1759293364,eth0,369,Ethernet,IPv4,UDP,N/A,v4,0.0.0.0,255.255.255.255,68,67,N/A,N/A,N/A,N/A,,,1
1759293364,any,371,N/A,IPv4,UDP,N/A,v4,0.0.0.0,255.255.255.255,68,67,N/A,N/A,N/A,N/A,,,1
1759293364,eth1,110,Ethernet,IPv6,ICMP,N/A,v6,fe80::780a:a9ff:fee6:89,ff02::179,N/A,N/A,N/A,N/A,N/A,N/A,,,1
1759293364,eth0,110,Ethernet,IPv6,ICMP,N/A,v6,fe80::b0b5:44ff:feea:219,ff02::179,N/A,N/A,N/A,N/A,N/A,N/A,,,1
1759293364,eth0,54,Ethernet,IPv4,N/A,N/A,v4,172.30.0.163,224.0.0.22,N/A,N/A,N/A,N/A,N/A,N/A,,,1
1759293364,eth0,110,Ethernet,IPv6,ICMP,N/A,v6,fe80::b0b5:44ff:feea:219,ff02::179,N/A,N/A,N/A,N/A,N/A,N/A,,,1
1759293364,any,112,N/A,IPv6,ICMP,N/A,v6,fe80::b0b5:44ff:feea:219,ff02::179,N/A,N/A,N/A,N/A,N/A,N/A,,,1
1759293364,eth0,42,Ethernet,N/A,N/A,N/A,N/A,N/A,N/A,N/A,N/A,N/A,N/A,N/A,N/A,,,1
1759293364,any,44,ARP,N/A,N/A,N/A,N/A,N/A,N/A,N/A,N/A,1,2048,172.30.0.163,172.30.0.122,,,1
1759293364,eth0,90,Ethernet,IPv6,ICMP,N/A,v6,fe80::24f1:23ff:fe29:66,ff02::179,N/A,N/A,N/A,N/A,N/A,N/A,,,1
1759293364,eth0,54,Ethernet,IPv4,N/A,N/A,v4,172.30.0.23,224.0.0.22,N/A,N/A,N/A,N/A,N/A,N/A,,,1
1759293364,any,92,N/A,IPv6,ICMP,N/A,v6,fe80::24f1:23ff:fe29:66,ff02::179,N/A,N/A,N/A,N/A,N/A,N/A,,,1
1759293364,eth0,87,Ethernet,IPv6,UDP,N/A,v6,fe80::24f1:23ff:fe29:66,ff02::1:52,5355,5355,N/A,N/A,N/A,N/A,,,1
1759293364,any,89,N/A,IPv6,UDP,N/A,v6,fe80::24f1:23ff:fe29:66,ff02::1:52,5355,5355,N/A,N/A,N/A,N/A,,,1
1759293364,eth0,54,Ethernet,IPv4,N/A,N/A,v4,172.30.0.163,224.0.0.22,N/A,N/A,N/A,N/A,N/A,N/A,,,1
1759293364,any,56,N/A,IPv4,N/A,N/A,v4,172.30.0.163,224.0.0.22,N/A,N/A,N/A,N/A,N/A,N/A,,,1
1759293364,eth0,356,Ethernet,IPv4,UDP,N/A,v4,0.0.0.0,255.255.255.255,68,67,N/A,N/A,N/A,N/A,,,1
1759293364,any,358,N/A,IPv4,UDP,N/A,v4,0.0.0.0,255.255.255.255,68,67,N/A,N/A,N/A,N/A,,,1
1759293364,eth0,368,Ethernet,IPv4,UDP,N/A,v4,0.0.0.0,255.255.255.255,68,67,N/A,N/A,N/A,N/A,,,1
1759293364,any,370,N/A,IPv4,UDP,N/A,v4,0.0.0.0,255.255.255.255,68,67,N/A,N/A,N/A,N/A,,,1
1759293364,eth1,110,Ethernet,IPv6,ICMP,N/A,v6,fe80::7827:e3ff:fe68:239,ff02::179,N/A,N/A,N/A,N/A,N/A,N/A,,,1
1759293364,any,112,N/A,IPv6,ICMP,N/A,v6,fe80::7827:e3ff:fe68:239,ff02::179,N/A,N/A,N/A,N/A,N/A,N/A,,,1
1759293364,eth0,54,Ethernet,IPv4,N/A,N/A,v4,172.30.0.23,224.0.0.22,N/A,N/A,N/A,N/A,N/A,N/A,,,1
1759293364,any,56,N/A,IPv4,N/A,N/A,v4,172.30.0.23,224.0.0.22,N/A,N/A,N/A,N/A,N/A,N/A,,,1
1759293364,eth0,110,Ethernet,IPv6,ICMP,N/A,v6,fe80::24f1:23ff:fe29:66,ff02::179,N/A,N/A,N/A,N/A,N/A,N/A,,,1
1759293364,any,112,N/A,IPv6,ICMP,N/A,v6,fe80::24f1:23ff:fe29:66,ff02::179,N/A,N/A,N/A,N/A,N/A,N/A,,,1
1759293364,eth0,42,Ethernet,N/A,N/A,N/A,N/A,N/A,N/A,N/A,N/A,N/A,N/A,N/A,N/A,,,1
1759293364,eth0,107,Ethernet,N/A,N/A,N/A,N/A,N/A,N/A,N/A,N/A,N/A,N/A,N/A,N/A,,,0
1759293364,any,109,N/A,N/A,N/A,N/A,N/A,N/A,N/A,N/A,N/A,N/A,N/A,N/A,N/A,,,0
1759293364,any,44,ARP,N/A,N/A,N/A,N/A,N/A,N/A,N/A,N/A,1,2048,172.30.0.23,172.30.0.122,,,1
1759293364,any,113,N/A,N/A,N/A,N/A,N/A,N/A,N/A,N/A,N/A,N/A,N/A,N/A,N/A,,,1
1759293364,eth0,111,Ethernet,N/A,N/A,N/A,N/A,N/A,N/A,N/A,N/A,N/A,N/A,N/A,N/A,,,1
1759293365,eth0,107,Ethernet,N/A,N/A,N/A,N/A,N/A,N/A,N/A,N/A,N/A,N/A,N/A,N/A,,,0
1759293365,any,109,N/A,N/A,N/A,N/A,N/A,N/A,N/A,N/A,N/A,N/A,N/A,N/A,N/A,,,0
1759293365,any,112,N/A,IPv6,ICMP,N/A,v6,fe80::780a:a9ff:fee6:89,ff02::179,N/A,N/A,N/A,N/A,N/A,N/A,,,1
1759293365,eth1,110,Ethernet,IPv6,ICMP,N/A,v6,fe80::780a:a9ff:fee6:89,ff02::179,N/A,N/A,N/A,N/A,N/A,N/A,,,1
1759293365,eth1,70,Ethernet,IPv6,ICMP,N/A,v6,fe80::780a:a9ff:fee6:89,ff02::204,N/A,N/A,N/A,N/A,N/A,N/A,,,1
1759293365,any,72,N/A,IPv6,ICMP,N/A,v6,fe80::b0b5:44ff:feea:219,ff02::204,N/A,N/A,N/A,N/A,N/A,N/A,,,1
1759293365,any,72,N/A,IPv6,ICMP,N/A,v6,fe80::780a:a9ff:fee6:89,ff02::204,N/A,N/A,N/A,N/A,N/A,N/A,,,1
1759293365,eth0,70,Ethernet,IPv6,ICMP,N/A,v6,fe80::b0b5:44ff:feea:219,ff02::204,N/A,N/A,N/A,N/A,N/A,N/A,,,1
1759293365,any,56,N/A,IPv4,N/A,N/A,v4,172.30.0.23,224.0.0.22,N/A,N/A,N/A,N/A,N/A,N/A,,,1
1759293365,eth0,54,Ethernet,IPv4,N/A,N/A,v4,172.30.0.23,224.0.0.22,N/A,N/A,N/A,N/A,N/A,N/A,,,1
1759293365,any,112,N/A,IPv6,ICMP,N/A,v6,fe80::24f1:23ff:fe29:66,ff02::179,N/A,N/A,N/A,N/A,N/A,N/A,,,1
1759293365,eth0,110,Ethernet,IPv6,ICMP,N/A,v6,fe80::24f1:23ff:fe29:66,ff02::179,N/A,N/A,N/A,N/A,N/A,N/A,,,1
1759293365,any,112,N/A,IPv6,ICMP,N/A,v6,fe80::7827:e3ff:fe68:239,ff02::179,N/A,N/A,N/A,N/A,N/A,N/A,,,1
1759293365,eth1,110,Ethernet,IPv6,ICMP,N/A,v6,fe80::7827:e3ff:fe68:239,ff02::179,N/A,N/A,N/A,N/A,N/A,N/A,,,1
1759293365,eth1,70,Ethernet,IPv6,ICMP,N/A,v6,fe80::7827:e3ff:fe68:239,ff02::204,N/A,N/A,N/A,N/A,N/A,N/A,,,1
1759293365,any,72,N/A,IPv6,ICMP,N/A,v6,fe80::24f1:23ff:fe29:66,ff02::204,N/A,N/A,N/A,N/A,N/A,N/A,,,1
1759293365,any,72,N/A,IPv6,ICMP,N/A,v6,fe80::7827:e3ff:fe68:239,ff02::204,N/A,N/A,N/A,N/A,N/A,N/A,,,1
1759293365,eth0,70,Ethernet,IPv6,ICMP,N/A,v6,fe80::24f1:23ff:fe29:66,ff02::204,N/A,N/A,N/A,N/A,N/A,N/A,,,1
1759293365,any,113,N/A,N/A,N/A,N/A,N/A,N/A,N/A,N/A,N/A,N/A,N/A,N/A,N/A,,,1
1759293365,eth0,111,Ethernet,N/A,N/A,N/A,N/A,N/A,N/A,N/A,N/A,N/A,N/A,N/A,N/A,,,1
1759293366,eth0,90,Ethernet,IPv6,ICMP,N/A,v6,fe80::5ca9:83ff:fe87:27,ff02::179,N/A,N/A,N/A,N/A,N/A,N/A,,,0
1759293366,eth0,54,Ethernet,IPv4,N/A,N/A,v4,172.30.0.220,224.0.0.22,N/A,N/A,N/A,N/A,N/A,N/A,,,0
1759293366,any,92,N/A,IPv6,ICMP,N/A,v6,fe80::5ca9:83ff:fe87:27,ff02::179,N/A,N/A,N/A,N/A,N/A,N/A,,,0
1759293366,eth0,67,Ethernet,IPv4,UDP,N/A,v4,172.30.0.220,224.0.0.252,5355,5355,N/A,N/A,N/A,N/A,,,0
1759293366,any,69,N/A,IPv4,UDP,N/A,v4,172.30.0.220,224.0.0.252,5355,5355,N/A,N/A,N/A,N/A,,,0
1759293366,eth0,356,Ethernet,IPv4,UDP,N/A,v4,0.0.0.0,255.255.255.255,68,67,N/A,N/A,N/A,N/A,,,0
1759293366,any,358,N/A,IPv4,UDP,N/A,v4,0.0.0.0,255.255.255.255,68,67,N/A,N/A,N/A,N/A,,,0
1759293366,eth0,368,Ethernet,IPv4,UDP,N/A,v4,0.0.0.0,255.255.255.255,68,67,N/A,N/A,N/A,N/A,,,0
1759293366,any,370,N/A,IPv4,UDP,N/A,v4,0.0.0.0,255.255.255.255,68,67,N/A,N/A,N/A,N/A,,,0
1759293366,eth1,110,Ethernet,IPv6,ICMP,N/A,v6,fe80::a824:52ff:fe4f:69,ff02::179,N/A,N/A,N/A,N/A,N/A,N/A,,,0
1759293366,any,72,N/A,IPv6,ICMP,N/A,v6,fe80::f056:abff:fe65:143,ff02::204,N/A,N/A,N/A,N/A,N/A,N/A,,,1
1759293366,eth1,70,Ethernet,IPv6,ICMP,N/A,v6,fe80::f056:abff:fe65:143,ff02::204,N/A,N/A,N/A,N/A,N/A,N/A,,,1
1759293366,eth0,70,Ethernet,IPv6,ICMP,N/A,v6,fe80::ecf9:eff:fefb:55,ff02::204,N/A,N/A,N/A,N/A,N/A,N/A,,,1
1759293366,any,72,N/A,IPv6,ICMP,N/A,v6,fe80::ecf9:eff:fefb:55,ff02::204,N/A,N/A,N/A,N/A,N/A,N/A,,,1
1759293366,eth0,90,Ethernet,IPv6,ICMP,N/A,v6,fe80::ecf9:eff:fefb:55,ff02::179,N/A,N/A,N/A,N/A,N/A,N/A,,,1
1759293366,eth0,56,Ethernet,IPv4,N/A,N/A,v4,172.30.0.89,224.0.0.22,N/A,N/A,N/A,N/A,N/A,N/A,,,1
1759293366,any,92,N/A,IPv6,ICMP,N/A,v6,fe80::ecf9:eff:fefb:55,ff02::179,N/A,N/A,N/A,N/A,N/A,N/A,,,1
1759293366,eth0,90,Ethernet,IPv6,ICMP,N/A,v6,fe80::e48e:99ff:fe5f:147,ff02::179,N/A,N/A,N/A,N/A,N/A,N/A,,,1
1759293366,eth0,54,Ethernet,IPv4,N/A,N/A,v4,172.30.0.220,224.0.0.22,N/A,N/A,N/A,N/A,N/A,N/A,,,1
1759293366,any,92,N/A,IPv6,ICMP,N/A,v6,fe80::e48e:99ff:fe5f:147,ff02::179,N/A,N/A,N/A,N/A,N/A,N/A,,,1
1759293366,eth0,91,Ethernet,IPv6,UDP,N/A,v6,fe80::e48e:99ff:fe5f:147,ff02::1:52,5355,5355,N/A,N/A,N/A,N/A,,,1
1759293366,eth0,71,Ethernet,IPv4,UDP,N/A,v4,172.30.0.220,224.0.0.252,5355,5355,N/A,N/A,N/A,N/A,,,1
1759293366,any,93,N/A,IPv6,UDP,N/A,v6,fe80::e48e:99ff:fe5f:147,ff02::1:52,5355,5355,N/A,N/A,N/A,N/A,,,1
1759293366,eth0,360,Ethernet,IPv4,UDP,N/A,v4,0.0.0.0,255.255.255.255,68,67,N/A,N/A,N/A,N/A,,,1
1759293366,any,362,N/A,IPv4,UDP,N/A,v4,0.0.0.0,255.255.255.255,68,67,N/A,N/A,N/A,N/A,,,1
1759293366,eth0,372,Ethernet,IPv4,UDP,N/A,v4,0.0.0.0,255.255.255.255,68,67,N/A,N/A,N/A,N/A,,,1
1759293366,any,374,N/A,IPv4,UDP,N/A,v4,0.0.0.0,255.255.255.255,68,67,N/A,N/A,N/A,N/A,,,1
1759293366,any,112,N/A,IPv6,ICMP,N/A,v6,fe80::dcac:f9ff:fe59:60,ff02::179,N/A,N/A,N/A,N/A,N/A,N/A,,,1
1759293366,eth2,110,Ethernet,IPv6,ICMP,N/A,v6,fe80::dcac:f9ff:fe59:60,ff02::179,N/A,N/A,N/A,N/A,N/A,N/A,,,1
1759293366,eth1,110,Ethernet,IPv6,ICMP,N/A,v6,fe80::f056:abff:fe65:143,ff02::179,N/A,N/A,N/A,N/A,N/A,N/A,,,1
1759293366,any,112,N/A,IPv6,ICMP,N/A,v6,fe80::f056:abff:fe65:143,ff02::179,N/A,N/A,N/A,N/A,N/A,N/A,,,1
1759293366,eth0,54,Ethernet,IPv4,N/A,N/A,v4,172.30.0.220,224.0.0.22,N/A,N/A,N/A,N/A,N/A,N/A,,,1
1759293366,any,56,N/A,IPv4,N/A,N/A,v4,172.30.0.220,224.0.0.22,N/A,N/A,N/A,N/A,N/A,N/A,,,1
1759293366,eth0,356,Ethernet,IPv4,UDP,N/A,v4,0.0.0.0,255.255.255.255,68,67,N/A,N/A,N/A,N/A,,,1
1759293366,any,358,N/A,IPv4,UDP,N/A,v4,0.0.0.0,255.255.255.255,68,67,N/A,N/A,N/A,N/A,,,1
1759293366,eth0,110,Ethernet,IPv6,ICMP,N/A,v6,fe80::e48e:99ff:fe5f:147,ff02::179,N/A,N/A,N/A,N/A,N/A,N/A,,,1
1759293366,eth0,368,Ethernet,IPv4,UDP,N/A,v4,0.0.0.0,255.255.255.255,68,67,N/A,N/A,N/A,N/A,,,1
1759293366,any,112,N/A,IPv6,ICMP,N/A,v6,fe80::e48e:99ff:fe5f:147,ff02::179,N/A,N/A,N/A,N/A,N/A,N/A,,,1
1759293366,eth0,42,Ethernet,N/A,N/A,N/A,N/A,N/A,N/A,N/A,N/A,N/A,N/A,N/A,N/A,,,1
1759293366,eth0,56,Ethernet,N/A,N/A,N/A,N/A,N/A,N/A,N/A,N/A,N/A,N/A,N/A,N/A,,,1
1759293366,eth0,56,Ethernet,N/A,N/A,N/A,N/A,N/A,N/A,N/A,N/A,N/A,N/A,N/A,N/A,,,1
1759293366,any,44,ARP,N/A,N/A,N/A,N/A,N/A,N/A,N/A,N/A,1,2048,172.30.0.220,172.30.0.122,,,1
1759293366,any,58,ARP,N/A,N/A,N/A,N/A,N/A,N/A,N/A,N/A,2,2048,172.30.0.122,172.30.0.220,,,1
1759293366,any,112,N/A,IPv6,ICMP,N/A,v6,fe80::103b:bdff:fef0:169,ff02::179,N/A,N/A,N/A,N/A,N/A,N/A,,,1
1759293366,eth1,110,Ethernet,IPv6,ICMP,N/A,v6,fe80::103b:bdff:fef0:169,ff02::179,N/A,N/A,N/A,N/A,N/A,N/A,,,1
1759293366,eth0,110,Ethernet,IPv6,ICMP,N/A,v6,fe80::ecf9:eff:fefb:55,ff02::179,N/A,N/A,N/A,N/A,N/A,N/A,,,1
1759293366,eth0,56,Ethernet,IPv4,N/A,N/A,v4,172.30.0.89,224.0.0.22,N/A,N/A,N/A,N/A,N/A,N/A,,,1
1759293366,any,112,N/A,IPv6,ICMP,N/A,v6,fe80::ecf9:eff:fefb:55,ff02::179,N/A,N/A,N/A,N/A,N/A,N/A,,,1
1759293366,any,58,N/A,IPv4,N/A,N/A,v4,172.30.0.89,224.0.0.22,N/A,N/A,N/A,N/A,N/A,N/A,,,1
1759293366,any,58,ARP,N/A,N/A,N/A,N/A,N/A,N/A,N/A,N/A,1,2048,172.30.0.89,172.30.0.122,,,1
1759293366,eth0,56,Ethernet,N/A,N/A,N/A,N/A,N/A,N/A,N/A,N/A,N/A,N/A,N/A,N/A,,,1
1759293366,eth0,56,Ethernet,IPv4,N/A,N/A,v4,172.30.0.89,224.0.0.22,N/A,N/A,N/A,N/A,N/A,N/A,,,1
1759293366,any,58,N/A,IPv4,N/A,N/A,v4,172.30.0.89,224.0.0.22,N/A,N/A,N/A,N/A,N/A,N/A,,,1
1759293366,any,112,N/A,IPv6,ICMP,N/A,v6,fe80::103b:bdff:fef0:169,ff02::179,N/A,N/A,N/A,N/A,N/A,N/A,,,1
1759293366,eth1,110,Ethernet,IPv6,ICMP,N/A,v6,fe80::103b:bdff:fef0:169,ff02::179,N/A,N/A,N/A,N/A,N/A,N/A,,,1
1759293366,any,112,N/A,IPv6,ICMP,N/A,v6,fe80::dcac:f9ff:fe59:60,ff02::179,N/A,N/A,N/A,N/A,N/A,N/A,,,1
1759293366,eth2,110,Ethernet,IPv6,ICMP,N/A,v6,fe80::dcac:f9ff:fe59:60,ff02::179,N/A,N/A,N/A,N/A,N/A,N/A,,,1
1759293366,any,112,N/A,IPv6,ICMP,N/A,v6,fe80::e48e:99ff:fe5f:147,ff02::179,N/A,N/A,N/A,N/A,N/A,N/A,,,1
1759293366,eth0,110,Ethernet,IPv6,ICMP,N/A,v6,fe80::e48e:99ff:fe5f:147,ff02::179,N/A,N/A,N/A,N/A,N/A,N/A,,,1
1759293366,any,112,N/A,IPv6,ICMP,N/A,v6,fe80::f056:abff:fe65:143,ff02::179,N/A,N/A,N/A,N/A,N/A,N/A,,,1
1759293366,eth1,110,Ethernet,IPv6,ICMP,N/A,v6,fe80::f056:abff:fe65:143,ff02::179,N/A,N/A,N/A,N/A,N/A,N/A,,,1
1759293366,any,56,N/A,IPv4,N/A,N/A,v4,172.30.0.220,224.0.0.22,N/A,N/A,N/A,N/A,N/A,N/A,,,1
1759293366,eth0,54,Ethernet,IPv4,N/A,N/A,v4,172.30.0.220,224.0.0.22,N/A,N/A,N/A,N/A,N/A,N/A,,,1
1759293366,any,112,N/A,IPv6,ICMP,N/A,v6,fe80::a824:52ff:fe4f:69,ff02::179,N/A,N/A,N/A,N/A,N/A,N/A,,,0
1759293366,any,44,ARP,N/A,N/A,N/A,N/A,N/A,N/A,N/A,N/A,1,2048,172.30.0.220,172.30.0.122,,,0
1759293366,any,58,ARP,N/A,N/A,N/A,N/A,N/A,N/A,N/A,N/A,2,2048,172.30.0.122,172.30.0.220,,,0
1759293366,any,58,ARP,N/A,N/A,N/A,N/A,N/A,N/A,N/A,N/A,2,2048,172.30.0.122,172.30.0.220,,,0
1759293366,any,112,N/A,IPv6,ICMP,N/A,v6,fe80::5ca9:83ff:fe87:27,ff02::179,N/A,N/A,N/A,N/A,N/A,N/A,,,0
1759293366,eth0,42,Ethernet,N/A,N/A,N/A,N/A,N/A,N/A,N/A,N/A,N/A,N/A,N/A,N/A,,,0
1759293366,eth0,56,Ethernet,N/A,N/A,N/A,N/A,N/A,N/A,N/A,N/A,N/A,N/A,N/A,N/A,,,0
1759293366,eth0,56,Ethernet,N/A,N/A,N/A,N/A,N/A,N/A,N/A,N/A,N/A,N/A,N/A,N/A,,,0
1759293366,eth0,110,Ethernet,IPv6,ICMP,N/A,v6,fe80::5ca9:83ff:fe87:27,ff02::179,N/A,N/A,N/A,N/A,N/A,N/A,,,0
1759293366,eth0,54,Ethernet,IPv4,N/A,N/A,v4,172.30.0.220,224.0.0.22,N/A,N/A,N/A,N/A,N/A,N/A,,,0
1759293366,any,112,N/A,IPv6,ICMP,N/A,v6,fe80::5ca9:83ff:fe87:27,ff02::179,N/A,N/A,N/A,N/A,N/A,N/A,,,0
1759293366,eth0,110,Ethernet,IPv6,ICMP,N/A,v6,fe80::5ca9:83ff:fe87:27,ff02::179,N/A,N/A,N/A,N/A,N/A,N/A,,,0
1759293366,any,112,N/A,IPv6,ICMP,N/A,v6,fe80::a824:52ff:fe4f:69,ff02::179,N/A,N/A,N/A,N/A,N/A,N/A,,,0
1759293366,eth1,110,Ethernet,IPv6,ICMP,N/A,v6,fe80::a824:52ff:fe4f:69,ff02::179,N/A,N/A,N/A,N/A,N/A,N/A,,,0
1759293367,any,112,N/A,IPv6,ICMP,N/A,v6,fe80::ecf9:eff:fefb:55,ff02::179,N/A,N/A,N/A,N/A,N/A,N/A,,,1
1759293367,eth0,110,Ethernet,IPv6,ICMP,N/A,v6,fe80::ecf9:eff:fefb:55,ff02::179,N/A,N/A,N/A,N/A,N/A,N/A,,,1
1759293367,eth1,70,Ethernet,IPv6,ICMP,N/A,v6,fe80::f056:abff:fe65:143,ff02::204,N/A,N/A,N/A,N/A,N/A,N/A,,,1
1759293367,any,72,N/A,IPv6,ICMP,N/A,v6,fe80::dcac:f9ff:fe59:60,ff02::204,N/A,N/A,N/A,N/A,N/A,N/A,,,1
1759293367,eth2,70,Ethernet,IPv6,ICMP,N/A,v6,fe80::dcac:f9ff:fe59:60,ff02::204,N/A,N/A,N/A,N/A,N/A,N/A,,,1
1759293367,eth0,111,Ethernet,N/A,N/A,N/A,N/A,N/A,N/A,N/A,N/A,N/A,N/A,N/A,N/A,,,1
1759293367,eth0,70,Ethernet,IPv6,ICMP,N/A,v6,fe80::e48e:99ff:fe5f:147,ff02::204,N/A,N/A,N/A,N/A,N/A,N/A,,,1
1759293367,eth1,70,Ethernet,IPv6,ICMP,N/A,v6,fe80::103b:bdff:fef0:169,ff02::204,N/A,N/A,N/A,N/A,N/A,N/A,,,1
1759293367,eth0,70,Ethernet,IPv6,ICMP,N/A,v6,fe80::ecf9:eff:fefb:55,ff02::204,N/A,N/A,N/A,N/A,N/A,N/A,,,1
1759293367,any,72,N/A,IPv6,ICMP,N/A,v6,fe80::ecf9:eff:fefb:55,ff02::204,N/A,N/A,N/A,N/A,N/A,N/A,,,1
1759293367,any,72,N/A,IPv6,ICMP,N/A,v6,fe80::103b:bdff:fef0:169,ff02::204,N/A,N/A,N/A,N/A,N/A,N/A,,,1
1759293367,eth0,54,Ethernet,IPv4,N/A,N/A,v4,172.30.0.220,224.0.0.22,N/A,N/A,N/A,N/A,N/A,N/A,,,0
1759293367,any,56,N/A,IPv4,N/A,N/A,v4,172.30.0.220,224.0.0.22,N/A,N/A,N/A,N/A,N/A,N/A,,,0
1759293367,eth0,107,Ethernet,N/A,N/A,N/A,N/A,N/A,N/A,N/A,N/A,N/A,N/A,N/A,N/A,,,0
1759293367,eth0,70,Ethernet,IPv6,ICMP,N/A,v6,fe80::5ca9:83ff:fe87:27,ff02::204,N/A,N/A,N/A,N/A,N/A,N/A,,,0
1759293367,any,72,N/A,IPv6,ICMP,N/A,v6,fe80::a824:52ff:fe4f:69,ff02::204,N/A,N/A,N/A,N/A,N/A,N/A,,,0
1759293367,eth1,70,Ethernet,IPv6,ICMP,N/A,v6,fe80::a824:52ff:fe4f:69,ff02::204,N/A,N/A,N/A,N/A,N/A,N/A,,,0
1759293368,eth0,111,Ethernet,N/A,N/A,N/A,N/A,N/A,N/A,N/A,N/A,N/A,N/A,N/A,N/A,,,1
1759293368,any,113,N/A,N/A,N/A,N/A,N/A,N/A,N/A,N/A,N/A,N/A,N/A,N/A,N/A,,,1
1759293368,eth0,107,Ethernet,N/A,N/A,N/A,N/A,N/A,N/A,N/A,N/A,N/A,N/A,N/A,N/A,,,0
1759293368,any,109,N/A,N/A,N/A,N/A,N/A,N/A,N/A,N/A,N/A,N/A,N/A,N/A,N/A,,,0
1759293369,any,72,N/A,IPv6,ICMP,N/A,v6,fe80::780a:a9ff:fee6:89,ff02::204,N/A,N/A,N/A,N/A,N/A,N/A,,,1
1759293369,eth1,70,Ethernet,IPv6,ICMP,N/A,v6,fe80::780a:a9ff:fee6:89,ff02::204,N/A,N/A,N/A,N/A,N/A,N/A,,,1
1759293369,any,92,N/A,IPv6,ICMP,N/A,v6,fe80::b0b5:44ff:feea:219,ff02::179,N/A,N/A,N/A,N/A,N/A,N/A,,,1
1759293369,eth0,90,Ethernet,IPv6,ICMP,N/A,v6,fe80::b0b5:44ff:feea:219,ff02::179,N/A,N/A,N/A,N/A,N/A,N/A,,,1
1759293369,eth0,54,Ethernet,IPv4,N/A,N/A,v4,172.30.0.163,224.0.0.22,N/A,N/A,N/A,N/A,N/A,N/A,,,1
1759293369,eth0,70,Ethernet,IPv6,ICMP,N/A,v6,fe80::24f1:23ff:fe29:66,ff02::204,N/A,N/A,N/A,N/A,N/A,N/A,,,1
1759293369,any,72,N/A,IPv6,ICMP,N/A,v6,fe80::24f1:23ff:fe29:66,ff02::204,N/A,N/A,N/A,N/A,N/A,N/A,,,1
1759293369,any,90,N/A,IPv6,UDP,N/A,v6,fe80::b0b5:44ff:feea:219,ff02::1:52,5355,5355,N/A,N/A,N/A,N/A,,,1
1759293369,eth0,88,Ethernet,IPv6,UDP,N/A,v6,fe80::b0b5:44ff:feea:219,ff02::1:52,5355,5355,N/A,N/A,N/A,N/A,,,1
1759293369,eth0,110,Ethernet,IPv6,ICMP,N/A,v6,fe80::b0b5:44ff:feea:219,ff02::179,N/A,N/A,N/A,N/A,N/A,N/A,,,1
1759293369,eth0,357,Ethernet,IPv4,UDP,N/A,v4,0.0.0.0,255.255.255.255,68,67,N/A,N/A,N/A,N/A,,,1
1759293369,eth1,110,Ethernet,IPv6,ICMP,N/A,v6,fe80::780a:a9ff:fee6:89,ff02::179,N/A,N/A,N/A,N/A,N/A,N/A,,,1
1759293369,any,112,N/A,IPv6,ICMP,N/A,v6,fe80::780a:a9ff:fee6:89,ff02::179,N/A,N/A,N/A,N/A,N/A,N/A,,,1
1759293369,any,359,N/A,IPv4,UDP,N/A,v4,0.0.0.0,255.255.255.255,68,67,N/A,N/A,N/A,N/A,,,1
1759293369,any,371,N/A,IPv4,UDP,N/A,v4,0.0.0.0,255.255.255.255,68,67,N/A,N/A,N/A,N/A,,,1
1759293369,eth0,369,Ethernet,IPv4,UDP,N/A,v4,0.0.0.0,255.255.255.255,68,67,N/A,N/A,N/A,N/A,,,1
1759293369,eth0,110,Ethernet,IPv6,ICMP,N/A,v6,fe80::b0b5:44ff:feea:219,ff02::179,N/A,N/A,N/A,N/A,N/A,N/A,,,1
1759293369,eth0,54,Ethernet,IPv4,N/A,N/A,v4,172.30.0.163,224.0.0.22,N/A,N/A,N/A,N/A,N/A,N/A,,,1
1759293369,any,112,N/A,IPv6,ICMP,N/A,v6,fe80::b0b5:44ff:feea:219,ff02::179,N/A,N/A,N/A,N/A,N/A,N/A,,,1
1759293369,any,44,ARP,N/A,N/A,N/A,N/A,N/A,N/A,N/A,N/A,1,2048,172.30.0.163,172.30.0.122,,,1
1759293369,eth0,42,Ethernet,N/A,N/A,N/A,N/A,N/A,N/A,N/A,N/A,N/A,N/A,N/A,N/A,,,1
1759293369,any,113,N/A,N/A,N/A,N/A,N/A,N/A,N/A,N/A,N/A,N/A,N/A,N/A,N/A,,,1
1759293369,eth0,111,Ethernet,N/A,N/A,N/A,N/A,N/A,N/A,N/A,N/A,N/A,N/A,N/A,N/A,,,1
1759293369,any,92,N/A,IPv6,ICMP,N/A,v6,fe80::24f1:23ff:fe29:66,ff02::179,N/A,N/A,N/A,N/A,N/A,N/A,,,1
1759293369,eth0,90,Ethernet,IPv6,ICMP,N/A,v6,fe80::24f1:23ff:fe29:66,ff02::179,N/A,N/A,N/A,N/A,N/A,N/A,,,1
1759293369,eth0,54,Ethernet,IPv4,N/A,N/A,v4,172.30.0.23,224.0.0.22,N/A,N/A,N/A,N/A,N/A,N/A,,,1
1759293369,eth0,87,Ethernet,IPv6,UDP,N/A,v6,fe80::24f1:23ff:fe29:66,ff02::1:52,5355,5355,N/A,N/A,N/A,N/A,,,1
1759293369,any,89,N/A,IPv6,UDP,N/A,v6,fe80::24f1:23ff:fe29:66,ff02::1:52,5355,5355,N/A,N/A,N/A,N/A,,,1
1759293369,eth0,356,Ethernet,IPv4,UDP,N/A,v4,0.0.0.0,255.255.255.255,68,67,N/A,N/A,N/A,N/A,,,1
1759293369,any,358,N/A,IPv4,UDP,N/A,v4,0.0.0.0,255.255.255.255,68,67,N/A,N/A,N/A,N/A,,,1
1759293369,eth0,368,Ethernet,IPv4,UDP,N/A,v4,0.0.0.0,255.255.255.255,68,67,N/A,N/A,N/A,N/A,,,1
1759293369,any,370,N/A,IPv4,UDP,N/A,v4,0.0.0.0,255.255.255.255,68,67,N/A,N/A,N/A,N/A,,,1
1759293369,eth1,110,Ethernet,IPv6,ICMP,N/A,v6,fe80::7827:e3ff:fe68:239,ff02::179,N/A,N/A,N/A,N/A,N/A,N/A,,,1
1759293369,any,112,N/A,IPv6,ICMP,N/A,v6,fe80::7827:e3ff:fe68:239,ff02::179,N/A,N/A,N/A,N/A,N/A,N/A,,,1
1759293369,eth0,110,Ethernet,IPv6,ICMP,N/A,v6,fe80::24f1:23ff:fe29:66,ff02::179,N/A,N/A,N/A,N/A,N/A,N/A,,,1
1759293369,eth0,54,Ethernet,IPv4,N/A,N/A,v4,172.30.0.23,224.0.0.22,N/A,N/A,N/A,N/A,N/A,N/A,,,1
1759293369,any,112,N/A,IPv6,ICMP,N/A,v6,fe80::24f1:23ff:fe29:66,ff02::179,N/A,N/A,N/A,N/A,N/A,N/A,,,1
1759293369,eth0,42,Ethernet,N/A,N/A,N/A,N/A,N/A,N/A,N/A,N/A,N/A,N/A,N/A,N/A,,,1
1759293369,eth0,107,Ethernet,N/A,N/A,N/A,N/A,N/A,N/A,N/A,N/A,N/A,N/A,N/A,N/A,,,0
1759293369,any,109,N/A,N/A,N/A,N/A,N/A,N/A,N/A,N/A,N/A,N/A,N/A,N/A,N/A,,,0
1759293369,any,44,ARP,N/A,N/A,N/A,N/A,N/A,N/A,N/A,N/A,1,2048,172.30.0.23,172.30.0.122,,,1
1759293369,any,112,N/A,IPv6,ICMP,N/A,v6,fe80::780a:a9ff:fee6:89,ff02::179,N/A,N/A,N/A,N/A,N/A,N/A,,,1
1759293369,eth1,110,Ethernet,IPv6,ICMP,N/A,v6,fe80::780a:a9ff:fee6:89,ff02::179,N/A,N/A,N/A,N/A,N/A,N/A,,,1
1759293369,any,112,N/A,IPv6,ICMP,N/A,v6,fe80::24f1:23ff:fe29:66,ff02::179,N/A,N/A,N/A,N/A,N/A,N/A,,,1
1759293369,eth0,110,Ethernet,IPv6,ICMP,N/A,v6,fe80::24f1:23ff:fe29:66,ff02::179,N/A,N/A,N/A,N/A,N/A,N/A,,,1
1759293370,eth0,107,Ethernet,N/A,N/A,N/A,N/A,N/A,N/A,N/A,N/A,N/A,N/A,N/A,N/A,,,0
1759293370,any,112,N/A,IPv6,ICMP,N/A,v6,fe80::7827:e3ff:fe68:239,ff02::179,N/A,N/A,N/A,N/A,N/A,N/A,,,1
1759293370,eth1,110,Ethernet,IPv6,ICMP,N/A,v6,fe80::7827:e3ff:fe68:239,ff02::179,N/A,N/A,N/A,N/A,N/A,N/A,,,1
1759293370,any,56,N/A,IPv4,N/A,N/A,v4,172.30.0.163,224.0.0.22,N/A,N/A,N/A,N/A,N/A,N/A,,,1
1759293370,eth0,54,Ethernet,IPv4,N/A,N/A,v4,172.30.0.163,224.0.0.22,N/A,N/A,N/A,N/A,N/A,N/A,,,1
1759293370,eth0,70,Ethernet,IPv6,ICMP,N/A,v6,fe80::b0b5:44ff:feea:219,ff02::204,N/A,N/A,N/A,N/A,N/A,N/A,,,1
1759293370,eth1,70,Ethernet,IPv6,ICMP,N/A,v6,fe80::780a:a9ff:fee6:89,ff02::204,N/A,N/A,N/A,N/A,N/A,N/A,,,1
1759293370,any,72,N/A,IPv6,ICMP,N/A,v6,fe80::b0b5:44ff:feea:219,ff02::204,N/A,N/A,N/A,N/A,N/A,N/A,,,1
1759293370,any,92,N/A,IPv6,ICMP,N/A,v6,fe80::b0b5:44ff:feea:219,ff02::179,N/A,N/A,N/A,N/A,N/A,N/A,,,1
1759293370,eth0,90,Ethernet,IPv6,ICMP,N/A,v6,fe80::b0b5:44ff:feea:219,ff02::179,N/A,N/A,N/A,N/A,N/A,N/A,,,1
1759293370,eth0,90,Ethernet,IPv6,ICMP,N/A,v6,fe80::e48e:99ff:fe5f:147,ff02::179,N/A,N/A,N/A,N/A,N/A,N/A,,,1
1759293370,eth0,54,Ethernet,IPv4,N/A,N/A,v4,172.30.0.220,224.0.0.22,N/A,N/A,N/A,N/A,N/A,N/A,,,1
1759293370,any,92,N/A,IPv6,ICMP,N/A,v6,fe80::e48e:99ff:fe5f:147,ff02::179,N/A,N/A,N/A,N/A,N/A,N/A,,,1
1759293370,eth0,90,Ethernet,IPv6,ICMP,N/A,v6,fe80::ecf9:eff:fefb:55,ff02::179,N/A,N/A,N/A,N/A,N/A,N/A,,,1
1759293370,eth0,56,Ethernet,IPv4,N/A,N/A,v4,172.30.0.89,224.0.0.22,N/A,N/A,N/A,N/A,N/A,N/A,,,1
1759293370,any,92,N/A,IPv6,ICMP,N/A,v6,fe80::ecf9:eff:fefb:55,ff02::179,N/A,N/A,N/A,N/A,N/A,N/A,,,1
1759293370,any,58,N/A,IPv4,N/A,N/A,v4,172.30.0.89,224.0.0.22,N/A,N/A,N/A,N/A,N/A,N/A,,,1
1759293370,eth0,54,Ethernet,IPv4,N/A,N/A,v4,172.30.0.220,224.0.0.22,N/A,N/A,N/A,N/A,N/A,N/A,,,1
1759293370,any,56,N/A,IPv4,N/A,N/A,v4,172.30.0.220,224.0.0.22,N/A,N/A,N/A,N/A,N/A,N/A,,,1
1759293370,eth0,91,Ethernet,IPv6,UDP,N/A,v6,fe80::e48e:99ff:fe5f:147,ff02::1:52,5355,5355,N/A,N/A,N/A,N/A,,,1
1759293370,any,93,N/A,IPv6,UDP,N/A,v6,fe80::e48e:99ff:fe5f:147,ff02::1:52,5355,5355,N/A,N/A,N/A,N/A,,,1
1759293370,eth0,67,Ethernet,IPv4,UDP,N/A,v4,172.30.0.89,224.0.0.252,5355,5355,N/A,N/A,N/A,N/A,,,1
1759293370,eth0,71,Ethernet,IPv4,UDP,N/A,v4,172.30.0.220,224.0.0.252,5355,5355,N/A,N/A,N/A,N/A,,,1
1759293370,any,73,N/A,IPv4,UDP,N/A,v4,172.30.0.220,224.0.0.252,5355,5355,N/A,N/A,N/A,N/A,,,1
1759293370,eth0,87,Ethernet,IPv6,UDP,N/A,v6,fe80::ecf9:eff:fefb:55,ff02::1:52,5355,5355,N/A,N/A,N/A,N/A,,,1
1759293370,any,89,N/A,IPv6,UDP,N/A,v6,fe80::ecf9:eff:fefb:55,ff02::1:52,5355,5355,N/A,N/A,N/A,N/A,,,1
1759293370,eth0,360,Ethernet,IPv4,UDP,N/A,v4,0.0.0.0,255.255.255.255,68,67,N/A,N/A,N/A,N/A,,,1
1759293370,any,362,N/A,IPv4,UDP,N/A,v4,0.0.0.0,255.255.255.255,68,67,N/A,N/A,N/A,N/A,,,1
1759293370,eth0,372,Ethernet,IPv4,UDP,N/A,v4,0.0.0.0,255.255.255.255,68,67,N/A,N/A,N/A,N/A,,,1
1759293370,any,374,N/A,IPv4,UDP,N/A,v4,0.0.0.0,255.255.255.255,68,67,N/A,N/A,N/A,N/A,,,1
1759293370,eth2,110,Ethernet,IPv6,ICMP,N/A,v6,fe80::dcac:f9ff:fe59:60,ff02::179,N/A,N/A,N/A,N/A,N/A,N/A,,,1
1759293370,any,112,N/A,IPv6,ICMP,N/A,v6,fe80::f056:abff:fe65:143,ff02::179,N/A,N/A,N/A,N/A,N/A,N/A,,,1
1759293370,eth1,110,Ethernet,IPv6,ICMP,N/A,v6,fe80::f056:abff:fe65:143,ff02::179,N/A,N/A,N/A,N/A,N/A,N/A,,,1
1759293370,any,112,N/A,IPv6,ICMP,N/A,v6,fe80::e48e:99ff:fe5f:147,ff02::179,N/A,N/A,N/A,N/A,N/A,N/A,,,1
1759293370,eth0,110,Ethernet,IPv6,ICMP,N/A,v6,fe80::e48e:99ff:fe5f:147,ff02::179,N/A,N/A,N/A,N/A,N/A,N/A,,,1
1759293370,eth0,54,Ethernet,IPv4,N/A,N/A,v4,172.30.0.220,224.0.0.22,N/A,N/A,N/A,N/A,N/A,N/A,,,1
1759293370,any,358,N/A,IPv4,UDP,N/A,v4,0.0.0.0,255.255.255.255,68,67,N/A,N/A,N/A,N/A,,,1
1759293370,eth0,356,Ethernet,IPv4,UDP,N/A,v4,0.0.0.0,255.255.255.255,68,67,N/A,N/A,N/A,N/A,,,1
1759293370,eth0,368,Ethernet,IPv4,UDP,N/A,v4,0.0.0.0,255.255.255.255,68,67,N/A,N/A,N/A,N/A,,,1
1759293370,any,370,N/A,IPv4,UDP,N/A,v4,0.0.0.0,255.255.255.255,68,67,N/A,N/A,N/A,N/A,,,1
1759293370,any,112,N/A,IPv6,ICMP,N/A,v6,fe80::103b:bdff:fef0:169,ff02::179,N/A,N/A,N/A,N/A,N/A,N/A,,,1
1759293370,eth1,110,Ethernet,IPv6,ICMP,N/A,v6,fe80::103b:bdff:fef0:169,ff02::179,N/A,N/A,N/A,N/A,N/A,N/A,,,1
1759293370,any,112,N/A,IPv6,ICMP,N/A,v6,fe80::ecf9:eff:fefb:55,ff02::179,N/A,N/A,N/A,N/A,N/A,N/A,,,1
1759293370,eth0,110,Ethernet,IPv6,ICMP,N/A,v6,fe80::ecf9:eff:fefb:55,ff02::179,N/A,N/A,N/A,N/A,N/A,N/A,,,1
1759293370,eth0,56,Ethernet,IPv4,N/A,N/A,v4,172.30.0.89,224.0.0.22,N/A,N/A,N/A,N/A,N/A,N/A,,,1
1759293370,eth0,42,Ethernet,N/A,N/A,N/A,N/A,N/A,N/A,N/A,N/A,N/A,N/A,N/A,N/A,,,1
1759293370,any,109,N/A,N/A,N/A,N/A,N/A,N/A,N/A,N/A,N/A,N/A,N/A,N/A,N/A,,,0
1759293370,eth0,90,Ethernet,IPv6,ICMP,N/A,v6,fe80::5ca9:83ff:fe87:27,ff02::179,N/A,N/A,N/A,N/A,N/A,N/A,,,0
1759293370,eth0,54,Ethernet,IPv4,N/A,N/A,v4,172.30.0.220,224.0.0.22,N/A,N/A,N/A,N/A,N/A,N/A,,,0
1759293370,any,92,N/A,IPv6,ICMP,N/A,v6,fe80::5ca9:83ff:fe87:27,ff02::179,N/A,N/A,N/A,N/A,N/A,N/A,,,0
1759293370,eth0,67,Ethernet,IPv4,UDP,N/A,v4,172.30.0.220,224.0.0.252,5355,5355,N/A,N/A,N/A,N/A,,,0
1759293370,any,69,N/A,IPv4,UDP,N/A,v4,172.30.0.220,224.0.0.252,5355,5355,N/A,N/A,N/A,N/A,,,0
1759293370,eth0,356,Ethernet,IPv4,UDP,N/A,v4,0.0.0.0,255.255.255.255,68,67,N/A,N/A,N/A,N/A,,,0
1759293370,any,358,N/A,IPv4,UDP,N/A,v4,0.0.0.0,255.255.255.255,68,67,N/A,N/A,N/A,N/A,,,0
1759293370,eth0,368,Ethernet,IPv4,UDP,N/A,v4,0.0.0.0,255.255.255.255,68,67,N/A,N/A,N/A,N/A,,,0
1759293370,any,370,N/A,IPv4,UDP,N/A,v4,0.0.0.0,255.255.255.255,68,67,N/A,N/A,N/A,N/A,,,0
1759293370,eth1,110,Ethernet,IPv6,ICMP,N/A,v6,fe80::a824:52ff:fe4f:69,ff02::179,N/A,N/A,N/A,N/A,N/A,N/A,,,0
1759293370,any,56,N/A,IPv4,N/A,N/A,v4,172.30.0.220,224.0.0.22,N/A,N/A,N/A,N/A,N/A,N/A,,,0
1759293370,eth0,54,Ethernet,IPv4,N/A,N/A,v4,172.30.0.220,224.0.0.22,N/A,N/A,N/A,N/A,N/A,N/A,,,0
1759293370,any,112,N/A,IPv6,ICMP,N/A,v6,fe80::5ca9:83ff:fe87:27,ff02::179,N/A,N/A,N/A,N/A,N/A,N/A,,,0
1759293370,eth0,110,Ethernet,IPv6,ICMP,N/A,v6,fe80::5ca9:83ff:fe87:27,ff02::179,N/A,N/A,N/A,N/A,N/A,N/A,,,0
1759293370,any,112,N/A,IPv6,ICMP,N/A,v6,fe80::5ca9:83ff:fe87:27,ff02::179,N/A,N/A,N/A,N/A,N/A,N/A,,,0
1759293370,eth0,110,Ethernet,IPv6,ICMP,N/A,v6,fe80::5ca9:83ff:fe87:27,ff02::179,N/A,N/A,N/A,N/A,N/A,N/A,,,0
1759293370,eth0,56,Ethernet,N/A,N/A,N/A,N/A,N/A,N/A,N/A,N/A,N/A,N/A,N/A,N/A,,,1
1759293370,eth0,56,Ethernet,N/A,N/A,N/A,N/A,N/A,N/A,N/A,N/A,N/A,N/A,N/A,N/A,,,1
1759293370,any,44,ARP,N/A,N/A,N/A,N/A,N/A,N/A,N/A,N/A,1,2048,172.30.0.220,172.30.0.122,,,1
1759293370,any,58,ARP,N/A,N/A,N/A,N/A,N/A,N/A,N/A,N/A,2,2048,172.30.0.122,172.30.0.220,,,1
1759293370,eth0,56,Ethernet,N/A,N/A,N/A,N/A,N/A,N/A,N/A,N/A,N/A,N/A,N/A,N/A,,,1
1759293370,any,58,ARP,N/A,N/A,N/A,N/A,N/A,N/A,N/A,N/A,1,2048,172.30.0.89,172.30.0.122,,,1
1759293370,eth0,56,Ethernet,IPv4,N/A,N/A,v4,172.30.0.89,224.0.0.22,N/A,N/A,N/A,N/A,N/A,N/A,,,1
1759293370,any,58,N/A,IPv4,N/A,N/A,v4,172.30.0.89,224.0.0.22,N/A,N/A,N/A,N/A,N/A,N/A,,,1
1759293370,any,56,N/A,IPv4,N/A,N/A,v4,172.30.0.23,224.0.0.22,N/A,N/A,N/A,N/A,N/A,N/A,,,1
1759293370,eth0,54,Ethernet,IPv4,N/A,N/A,v4,172.30.0.23,224.0.0.22,N/A,N/A,N/A,N/A,N/A,N/A,,,1
1759293370,eth0,110,Ethernet,IPv6,ICMP,N/A,v6,fe80::e48e:99ff:fe5f:147,ff02::179,N/A,N/A,N/A,N/A,N/A,N/A,,,1
1759293370,any,112,N/A,IPv6,ICMP,N/A,v6,fe80::e48e:99ff:fe5f:147,ff02::179,N/A,N/A,N/A,N/A,N/A,N/A,,,1
1759293370,any,112,N/A,IPv6,ICMP,N/A,v6,fe80::ecf9:eff:fefb:55,ff02::179,N/A,N/A,N/A,N/A,N/A,N/A,,,1
1759293370,eth0,110,Ethernet,IPv6,ICMP,N/A,v6,fe80::ecf9:eff:fefb:55,ff02::179,N/A,N/A,N/A,N/A,N/A,N/A,,,1
1759293370,any,112,N/A,IPv6,ICMP,N/A,v6,fe80::f056:abff:fe65:143,ff02::179,N/A,N/A,N/A,N/A,N/A,N/A,,,1
1759293370,eth1,110,Ethernet,IPv6,ICMP,N/A,v6,fe80::f056:abff:fe65:143,ff02::179,N/A,N/A,N/A,N/A,N/A,N/A,,,1
1759293370,any,112,N/A,IPv6,ICMP,N/A,v6,fe80::dcac:f9ff:fe59:60,ff02::179,N/A,N/A,N/A,N/A,N/A,N/A,,,1
1759293370,eth2,110,Ethernet,IPv6,ICMP,N/A,v6,fe80::dcac:f9ff:fe59:60,ff02::179,N/A,N/A,N/A,N/A,N/A,N/A,,,1
1759293371,any,112,N/A,IPv6,ICMP,N/A,v6,fe80::a824:52ff:fe4f:69,ff02::179,N/A,N/A,N/A,N/A,N/A,N/A,,,0
1759293371,eth1,110,Ethernet,IPv6,ICMP,N/A,v6,fe80::a824:52ff:fe4f:69,ff02::179,N/A,N/A,N/A,N/A,N/A,N/A,,,0
1759293371,eth0,54,Ethernet,IPv4,N/A,N/A,v4,172.30.0.220,224.0.0.22,N/A,N/A,N/A,N/A,N/A,N/A,,,0
1759293371,any,56,N/A,IPv4,N/A,N/A,v4,172.30.0.220,224.0.0.22,N/A,N/A,N/A,N/A,N/A,N/A,,,0
1759293371,eth1,70,Ethernet,IPv6,ICMP,N/A,v6,fe80::a824:52ff:fe4f:69,ff02::204,N/A,N/A,N/A,N/A,N/A,N/A,,,0
1759293371,any,72,N/A,IPv6,ICMP,N/A,v6,fe80::a824:52ff:fe4f:69,ff02::204,N/A,N/A,N/A,N/A,N/A,N/A,,,0
1759293371,eth0,70,Ethernet,IPv6,ICMP,N/A,v6,fe80::5ca9:83ff:fe87:27,ff02::204,N/A,N/A,N/A,N/A,N/A,N/A,,,0
1759293371,any,72,N/A,IPv6,ICMP,N/A,v6,fe80::5ca9:83ff:fe87:27,ff02::204,N/A,N/A,N/A,N/A,N/A,N/A,,,0
1759293371,eth0,70,Ethernet,IPv6,ICMP,N/A,v6,fe80::24f1:23ff:fe29:66,ff02::204,N/A,N/A,N/A,N/A,N/A,N/A,,,1
1759293371,eth1,70,Ethernet,IPv6,ICMP,N/A,v6,fe80::7827:e3ff:fe68:239,ff02::204,N/A,N/A,N/A,N/A,N/A,N/A,,,1
1759293371,any,72,N/A,IPv6,ICMP,N/A,v6,fe80::24f1:23ff:fe29:66,ff02::204,N/A,N/A,N/A,N/A,N/A,N/A,,,1
1759293371,eth0,54,Ethernet,IPv4,N/A,N/A,v4,172.30.0.220,224.0.0.22,N/A,N/A,N/A,N/A,N/A,N/A,,,1
1759293371,any,56,N/A,IPv4,N/A,N/A,v4,172.30.0.220,224.0.0.22,N/A,N/A,N/A,N/A,N/A,N/A,,,1
1759293371,any,112,N/A,IPv6,ICMP,N/A,v6,fe80::103b:bdff:fef0:169,ff02::179,N/A,N/A,N/A,N/A,N/A,N/A,,,1
1759293371,eth1,110,Ethernet,IPv6,ICMP,N/A,v6,fe80::103b:bdff:fef0:169,ff02::179,N/A,N/A,N/A,N/A,N/A,N/A,,,1
1759293371,any,72,N/A,IPv6,ICMP,N/A,v6,fe80::ecf9:eff:fefb:55,ff02::204,N/A,N/A,N/A,N/A,N/A,N/A,,,1
1759293371,eth0,70,Ethernet,IPv6,ICMP,N/A,v6,fe80::ecf9:eff:fefb:55,ff02::204,N/A,N/A,N/A,N/A,N/A,N/A,,,1
1759293371,any,72,N/A,IPv6,ICMP,N/A,v6,fe80::103b:bdff:fef0:169,ff02::204,N/A,N/A,N/A,N/A,N/A,N/A,,,1
1759293371,eth1,70,Ethernet,IPv6,ICMP,N/A,v6,fe80::103b:bdff:fef0:169,ff02::204,N/A,N/A,N/A,N/A,N/A,N/A,,,1
1759293371,eth1,70,Ethernet,IPv6,ICMP,N/A,v6,fe80::f056:abff:fe65:143,ff02::204,N/A,N/A,N/A,N/A,N/A,N/A,,,1
1759293371,any,72,N/A,IPv6,ICMP,N/A,v6,fe80::dcac:f9ff:fe59:60,ff02::204,N/A,N/A,N/A,N/A,N/A,N/A,,,1
1759293371,eth2,70,Ethernet,IPv6,ICMP,N/A,v6,fe80::dcac:f9ff:fe59:60,ff02::204,N/A,N/A,N/A,N/A,N/A,N/A,,,1
1759293371,eth0,111,Ethernet,N/A,N/A,N/A,N/A,N/A,N/A,N/A,N/A,N/A,N/A,N/A,N/A,,,1
1759293371,eth0,70,Ethernet,IPv6,ICMP,N/A,v6,fe80::e48e:99ff:fe5f:147,ff02::204,N/A,N/A,N/A,N/A,N/A,N/A,,,1
1759293371,any,44,ARP,N/A,N/A,N/A,N/A,N/A,N/A,N/A,N/A,1,2048,172.30.0.220,172.30.0.122,,,0
1759293371,any,58,ARP,N/A,N/A,N/A,N/A,N/A,N/A,N/A,N/A,2,2048,172.30.0.122,172.30.0.220,,,0
1759293371,any,58,ARP,N/A,N/A,N/A,N/A,N/A,N/A,N/A,N/A,2,2048,172.30.0.122,172.30.0.220,,,0
1759293371,eth0,42,Ethernet,N/A,N/A,N/A,N/A,N/A,N/A,N/A,N/A,N/A,N/A,N/A,N/A,,,0
1759293371,eth0,56,Ethernet,N/A,N/A,N/A,N/A,N/A,N/A,N/A,N/A,N/A,N/A,N/A,N/A,,,0
1759293371,eth0,56,Ethernet,N/A,N/A,N/A,N/A,N/A,N/A,N/A,N/A,N/A,N/A,N/A,N/A,,,0
1759293371,eth0,107,Ethernet,N/A,N/A,N/A,N/A,N/A,N/A,N/A,N/A,N/A,N/A,N/A,N/A,,,0
1759293371,any,109,N/A,N/A,N/A,N/A,N/A,N/A,N/A,N/A,N/A,N/A,N/A,N/A,N/A,,,0
1759293372,eth0,111,Ethernet,N/A,N/A,N/A,N/A,N/A,N/A,N/A,N/A,N/A,N/A,N/A,N/A,,,1
1759293372,any,113,N/A,N/A,N/A,N/A,N/A,N/A,N/A,N/A,N/A,N/A,N/A,N/A,N/A,,,1
1759293373,eth0,90,Ethernet,IPv6,ICMP,N/A,v6,fe80::b0b5:44ff:feea:219,ff02::179,N/A,N/A,N/A,N/A,N/A,N/A,,,1
1759293373,eth0,54,Ethernet,IPv4,N/A,N/A,v4,172.30.0.163,224.0.0.22,N/A,N/A,N/A,N/A,N/A,N/A,,,1
1759293373,any,92,N/A,IPv6,ICMP,N/A,v6,fe80::b0b5:44ff:feea:219,ff02::179,N/A,N/A,N/A,N/A,N/A,N/A,,,1
1759293373,any,56,N/A,IPv4,N/A,N/A,v4,172.30.0.163,224.0.0.22,N/A,N/A,N/A,N/A,N/A,N/A,,,1
1759293373,any,92,N/A,IPv6,ICMP,N/A,v6,fe80::b0b5:44ff:feea:219,ff02::179,N/A,N/A,N/A,N/A,N/A,N/A,,,1
1759293373,eth0,90,Ethernet,IPv6,ICMP,N/A,v6,fe80::b0b5:44ff:feea:219,ff02::179,N/A,N/A,N/A,N/A,N/A,N/A,,,1
1759293373,eth0,68,Ethernet,IPv4,UDP,N/A,v4,172.30.0.163,224.0.0.252,5355,5355,N/A,N/A,N/A,N/A,,,1
1759293373,eth0,88,Ethernet,IPv6,UDP,N/A,v6,fe80::b0b5:44ff:feea:219,ff02::1:52,5355,5355,N/A,N/A,N/A,N/A,,,1
1759293373,any,70,N/A,IPv4,UDP,N/A,v4,172.30.0.163,224.0.0.252,5355,5355,N/A,N/A,N/A,N/A,,,1
1759293373,any,359,N/A,IPv4,UDP,N/A,v4,0.0.0.0,255.255.255.255,68,67,N/A,N/A,N/A,N/A,,,1
1759293373,eth0,357,Ethernet,IPv4,UDP,N/A,v4,0.0.0.0,255.255.255.255,68,67,N/A,N/A,N/A,N/A,,,1
1759293373,any,371,N/A,IPv4,UDP,N/A,v4,0.0.0.0,255.255.255.255,68,67,N/A,N/A,N/A,N/A,,,1
1759293373,eth0,369,Ethernet,IPv4,UDP,N/A,v4,0.0.0.0,255.255.255.255,68,67,N/A,N/A,N/A,N/A,,,1
1759293373,any,112,N/A,IPv6,ICMP,N/A,v6,fe80::780a:a9ff:fee6:89,ff02::179,N/A,N/A,N/A,N/A,N/A,N/A,,,1
1759293373,eth1,110,Ethernet,IPv6,ICMP,N/A,v6,fe80::780a:a9ff:fee6:89,ff02::179,N/A,N/A,N/A,N/A,N/A,N/A,,,1
1759293373,eth0,110,Ethernet,IPv6,ICMP,N/A,v6,fe80::b0b5:44ff:feea:219,ff02::179,N/A,N/A,N/A,N/A,N/A,N/A,,,1
1759293373,eth0,54,Ethernet,IPv4,N/A,N/A,v4,172.30.0.163,224.0.0.22,N/A,N/A,N/A,N/A,N/A,N/A,,,1
1759293373,any,112,N/A,IPv6,ICMP,N/A,v6,fe80::b0b5:44ff:feea:219,ff02::179,N/A,N/A,N/A,N/A,N/A,N/A,,,1
1759293373,eth0,42,Ethernet,N/A,N/A,N/A,N/A,N/A,N/A,N/A,N/A,N/A,N/A,N/A,N/A,,,1
1759293373,any,44,ARP,N/A,N/A,N/A,N/A,N/A,N/A,N/A,N/A,1,2048,172.30.0.163,172.30.0.122,,,1
1759293373,any,112,N/A,IPv6,ICMP,N/A,v6,fe80::780a:a9ff:fee6:89,ff02::179,N/A,N/A,N/A,N/A,N/A,N/A,,,1
1759293373,eth1,110,Ethernet,IPv6,ICMP,N/A,v6,fe80::780a:a9ff:fee6:89,ff02::179,N/A,N/A,N/A,N/A,N/A,N/A,,,1
1759293373,any,92,N/A,IPv6,ICMP,N/A,v6,fe80::24f1:23ff:fe29:66,ff02::179,N/A,N/A,N/A,N/A,N/A,N/A,,,1
1759293373,eth0,90,Ethernet,IPv6,ICMP,N/A,v6,fe80::24f1:23ff:fe29:66,ff02::179,N/A,N/A,N/A,N/A,N/A,N/A,,,1
1759293373,eth0,54,Ethernet,IPv4,N/A,N/A,v4,172.30.0.23,224.0.0.22,N/A,N/A,N/A,N/A,N/A,N/A,,,1
1759293373,eth0,67,Ethernet,IPv4,UDP,N/A,v4,172.30.0.23,224.0.0.252,5355,5355,N/A,N/A,N/A,N/A,,,1
1759293373,any,69,N/A,IPv4,UDP,N/A,v4,172.30.0.23,224.0.0.252,5355,5355,N/A,N/A,N/A,N/A,,,1
1759293373,any,89,N/A,IPv6,UDP,N/A,v6,fe80::24f1:23ff:fe29:66,ff02::1:52,5355,5355,N/A,N/A,N/A,N/A,,,1
1759293373,eth0,87,Ethernet,IPv6,UDP,N/A,v6,fe80::24f1:23ff:fe29:66,ff02::1:52,5355,5355,N/A,N/A,N/A,N/A,,,1
1759293373,eth0,356,Ethernet,IPv4,UDP,N/A,v4,0.0.0.0,255.255.255.255,68,67,N/A,N/A,N/A,N/A,,,1
1759293373,any,358,N/A,IPv4,UDP,N/A,v4,0.0.0.0,255.255.255.255,68,67,N/A,N/A,N/A,N/A,,,1
1759293373,any,370,N/A,IPv4,UDP,N/A,v4,0.0.0.0,255.255.255.255,68,67,N/A,N/A,N/A,N/A,,,1
1759293373,eth0,368,Ethernet,IPv4,UDP,N/A,v4,0.0.0.0,255.255.255.255,68,67,N/A,N/A,N/A,N/A,,,1
1759293373,any,112,N/A,IPv6,ICMP,N/A,v6,fe80::7827:e3ff:fe68:239,ff02::179,N/A,N/A,N/A,N/A,N/A,N/A,,,1
1759293373,eth1,110,Ethernet,IPv6,ICMP,N/A,v6,fe80::7827:e3ff:fe68:239,ff02::179,N/A,N/A,N/A,N/A,N/A,N/A,,,1
1759293373,any,112,N/A,IPv6,ICMP,N/A,v6,fe80::24f1:23ff:fe29:66,ff02::179,N/A,N/A,N/A,N/A,N/A,N/A,,,1
1759293373,eth0,110,Ethernet,IPv6,ICMP,N/A,v6,fe80::24f1:23ff:fe29:66,ff02::179,N/A,N/A,N/A,N/A,N/A,N/A,,,1
1759293373,eth0,54,Ethernet,IPv4,N/A,N/A,v4,172.30.0.23,224.0.0.22,N/A,N/A,N/A,N/A,N/A,N/A,,,1
1759293373,eth0,107,Ethernet,N/A,N/A,N/A,N/A,N/A,N/A,N/A,N/A,N/A,N/A,N/A,N/A,,,0
1759293373,any,109,N/A,N/A,N/A,N/A,N/A,N/A,N/A,N/A,N/A,N/A,N/A,N/A,N/A,,,0
1759293374,eth0,111,Ethernet,N/A,N/A,N/A,N/A,N/A,N/A,N/A,N/A,N/A,N/A,N/A,N/A,,,1
1759293374,eth0,107,Ethernet,N/A,N/A,N/A,N/A,N/A,N/A,N/A,N/A,N/A,N/A,N/A,N/A,,,0
1759293374,any,109,N/A,N/A,N/A,N/A,N/A,N/A,N/A,N/A,N/A,N/A,N/A,N/A,N/A,,,0
1759293374,any,113,N/A,N/A,N/A,N/A,N/A,N/A,N/A,N/A,N/A,N/A,N/A,N/A,N/A,,,1
1759293374,eth0,54,Ethernet,IPv4,N/A,N/A,v4,172.30.0.163,224.0.0.22,N/A,N/A,N/A,N/A,N/A,N/A,,,1
1759293374,any,56,N/A,IPv4,N/A,N/A,v4,172.30.0.163,224.0.0.22,N/A,N/A,N/A,N/A,N/A,N/A,,,1
1759293374,eth0,42,Ethernet,N/A,N/A,N/A,N/A,N/A,N/A,N/A,N/A,N/A,N/A,N/A,N/A,,,1
1759293374,any,44,ARP,N/A,N/A,N/A,N/A,N/A,N/A,N/A,N/A,1,2048,172.30.0.23,172.30.0.122,,,1
1759293374,any,112,N/A,IPv6,ICMP,N/A,v6,fe80::b0b5:44ff:feea:219,ff02::179,N/A,N/A,N/A,N/A,N/A,N/A,,,1
1759293374,eth0,110,Ethernet,IPv6,ICMP,N/A,v6,fe80::b0b5:44ff:feea:219,ff02::179,N/A,N/A,N/A,N/A,N/A,N/A,,,1
1759293374,eth0,70,Ethernet,IPv6,ICMP,N/A,v6,fe80::b0b5:44ff:feea:219,ff02::204,N/A,N/A,N/A,N/A,N/A,N/A,,,1
1759293374,any,72,N/A,IPv6,ICMP,N/A,v6,fe80::b0b5:44ff:feea:219,ff02::204,N/A,N/A,N/A,N/A,N/A,N/A,,,1
1759293374,any,72,N/A,IPv6,ICMP,N/A,v6,fe80::780a:a9ff:fee6:89,ff02::204,N/A,N/A,N/A,N/A,N/A,N/A,,,1
1759293374,eth1,70,Ethernet,IPv6,ICMP,N/A,v6,fe80::780a:a9ff:fee6:89,ff02::204,N/A,N/A,N/A,N/A,N/A,N/A,,,1
1759293374,any,56,N/A,IPv4,N/A,N/A,v4,172.30.0.23,224.0.0.22,N/A,N/A,N/A,N/A,N/A,N/A,,,1
1759293374,eth0,54,Ethernet,IPv4,N/A,N/A,v4,172.30.0.23,224.0.0.22,N/A,N/A,N/A,N/A,N/A,N/A,,,1
1759293374,eth0,110,Ethernet,IPv6,ICMP,N/A,v6,fe80::24f1:23ff:fe29:66,ff02::179,N/A,N/A,N/A,N/A,N/A,N/A,,,1
1759293374,any,112,N/A,IPv6,ICMP,N/A,v6,fe80::7827:e3ff:fe68:239,ff02::179,N/A,N/A,N/A,N/A,N/A,N/A,,,1
1759293374,eth1,110,Ethernet,IPv6,ICMP,N/A,v6,fe80::7827:e3ff:fe68:239,ff02::179,N/A,N/A,N/A,N/A,N/A,N/A,,,1
1759293374,eth1,70,Ethernet,IPv6,ICMP,N/A,v6,fe80::7827:e3ff:fe68:239,ff02::204,N/A,N/A,N/A,N/A,N/A,N/A,,,1
1759293374,any,72,N/A,IPv6,ICMP,N/A,v6,fe80::24f1:23ff:fe29:66,ff02::204,N/A,N/A,N/A,N/A,N/A,N/A,,,1
1759293374,any,72,N/A,IPv6,ICMP,N/A,v6,fe80::7827:e3ff:fe68:239,ff02::204,N/A,N/A,N/A,N/A,N/A,N/A,,,1
1759293374,eth0,70,Ethernet,IPv6,ICMP,N/A,v6,fe80::24f1:23ff:fe29:66,ff02::204,N/A,N/A,N/A,N/A,N/A,N/A,,,1
1759293375,eth0,70,Ethernet,IPv6,ICMP,N/A,v6,fe80::5ca9:83ff:fe87:27,ff02::204,N/A,N/A,N/A,N/A,N/A,N/A,,,0
1759293375,any,72,N/A,IPv6,ICMP,N/A,v6,fe80::5ca9:83ff:fe87:27,ff02::204,N/A,N/A,N/A,N/A,N/A,N/A,,,0
1759293375,any,72,N/A,IPv6,ICMP,N/A,v6,fe80::a824:52ff:fe4f:69,ff02::204,N/A,N/A,N/A,N/A,N/A,N/A,,,0
1759293375,eth1,70,Ethernet,IPv6,ICMP,N/A,v6,fe80::a824:52ff:fe4f:69,ff02::204,N/A,N/A,N/A,N/A,N/A,N/A,,,0
1759293375,any,109,N/A,N/A,N/A,N/A,N/A,N/A,N/A,N/A,N/A,N/A,N/A,N/A,N/A,,,0
1759293375,eth0,107,Ethernet,N/A,N/A,N/A,N/A,N/A,N/A,N/A,N/A,N/A,N/A,N/A,N/A,,,0
1759293375,eth0,90,Ethernet,IPv6,ICMP,N/A,v6,fe80::5ca9:83ff:fe87:27,ff02::179,N/A,N/A,N/A,N/A,N/A,N/A,,,0
1759293375,eth0,54,Ethernet,IPv4,N/A,N/A,v4,172.30.0.220,224.0.0.22,N/A,N/A,N/A,N/A,N/A,N/A,,,0
1759293375,any,92,N/A,IPv6,ICMP,N/A,v6,fe80::5ca9:83ff:fe87:27,ff02::179,N/A,N/A,N/A,N/A,N/A,N/A,,,0
1759293375,eth0,87,Ethernet,IPv6,UDP,N/A,v6,fe80::5ca9:83ff:fe87:27,ff02::1:52,5355,5355,N/A,N/A,N/A,N/A,,,0
1759293375,eth0,67,Ethernet,IPv4,UDP,N/A,v4,172.30.0.220,224.0.0.252,5355,5355,N/A,N/A,N/A,N/A,,,0
1759293375,any,89,N/A,IPv6,UDP,N/A,v6,fe80::5ca9:83ff:fe87:27,ff02::1:52,5355,5355,N/A,N/A,N/A,N/A,,,0
1759293375,eth0,356,Ethernet,IPv4,UDP,N/A,v4,0.0.0.0,255.255.255.255,68,67,N/A,N/A,N/A,N/A,,,0
1759293375,eth0,111,Ethernet,N/A,N/A,N/A,N/A,N/A,N/A,N/A,N/A,N/A,N/A,N/A,N/A,,,1
1759293375,any,113,N/A,N/A,N/A,N/A,N/A,N/A,N/A,N/A,N/A,N/A,N/A,N/A,N/A,,,1
1759293375,eth0,70,Ethernet,IPv6,ICMP,N/A,v6,fe80::ecf9:eff:fefb:55,ff02::204,N/A,N/A,N/A,N/A,N/A,N/A,,,1
1759293375,any,72,N/A,IPv6,ICMP,N/A,v6,fe80::ecf9:eff:fefb:55,ff02::204,N/A,N/A,N/A,N/A,N/A,N/A,,,1
1759293375,eth0,90,Ethernet,IPv6,ICMP,N/A,v6,fe80::e48e:99ff:fe5f:147,ff02::179,N/A,N/A,N/A,N/A,N/A,N/A,,,1
1759293375,eth0,54,Ethernet,IPv4,N/A,N/A,v4,172.30.0.220,224.0.0.22,N/A,N/A,N/A,N/A,N/A,N/A,,,1
1759293375,any,92,N/A,IPv6,ICMP,N/A,v6,fe80::e48e:99ff:fe5f:147,ff02::179,N/A,N/A,N/A,N/A,N/A,N/A,,,1
1759293375,eth0,90,Ethernet,IPv6,ICMP,N/A,v6,fe80::ecf9:eff:fefb:55,ff02::179,N/A,N/A,N/A,N/A,N/A,N/A,,,1
1759293375,any,92,N/A,IPv6,ICMP,N/A,v6,fe80::ecf9:eff:fefb:55,ff02::179,N/A,N/A,N/A,N/A,N/A,N/A,,,1
1759293375,eth0,56,Ethernet,IPv4,N/A,N/A,v4,172.30.0.89,224.0.0.22,N/A,N/A,N/A,N/A,N/A,N/A,,,1
1759293375,any,58,N/A,IPv4,N/A,N/A,v4,172.30.0.89,224.0.0.22,N/A,N/A,N/A,N/A,N/A,N/A,,,1
1759293375,eth0,91,Ethernet,IPv6,UDP,N/A,v6,fe80::e48e:99ff:fe5f:147,ff02::1:52,5355,5355,N/A,N/A,N/A,N/A,,,1
1759293375,eth0,71,Ethernet,IPv4,UDP,N/A,v4,172.30.0.220,224.0.0.252,5355,5355,N/A,N/A,N/A,N/A,,,1
1759293375,any,93,N/A,IPv6,UDP,N/A,v6,fe80::e48e:99ff:fe5f:147,ff02::1:52,5355,5355,N/A,N/A,N/A,N/A,,,1
1759293375,eth0,360,Ethernet,IPv4,UDP,N/A,v4,0.0.0.0,255.255.255.255,68,67,N/A,N/A,N/A,N/A,,,1
1759293375,any,362,N/A,IPv4,UDP,N/A,v4,0.0.0.0,255.255.255.255,68,67,N/A,N/A,N/A,N/A,,,1
1759293375,eth0,372,Ethernet,IPv4,UDP,N/A,v4,0.0.0.0,255.255.255.255,68,67,N/A,N/A,N/A,N/A,,,1
1759293375,any,374,N/A,IPv4,UDP,N/A,v4,0.0.0.0,255.255.255.255,68,67,N/A,N/A,N/A,N/A,,,1
1759293375,eth0,56,Ethernet,IPv4,N/A,N/A,v4,172.30.0.89,224.0.0.22,N/A,N/A,N/A,N/A,N/A,N/A,,,1
1759293375,any,58,N/A,IPv4,N/A,N/A,v4,172.30.0.89,224.0.0.22,N/A,N/A,N/A,N/A,N/A,N/A,,,1
1759293375,eth2,110,Ethernet,IPv6,ICMP,N/A,v6,fe80::dcac:f9ff:fe59:60,ff02::179,N/A,N/A,N/A,N/A,N/A,N/A,,,1
1759293375,any,112,N/A,IPv6,ICMP,N/A,v6,fe80::dcac:f9ff:fe59:60,ff02::179,N/A,N/A,N/A,N/A,N/A,N/A,,,1
1759293375,eth0,356,Ethernet,IPv4,UDP,N/A,v4,0.0.0.0,255.255.255.255,68,67,N/A,N/A,N/A,N/A,,,1
1759293375,any,358,N/A,IPv4,UDP,N/A,v4,0.0.0.0,255.255.255.255,68,67,N/A,N/A,N/A,N/A,,,1
1759293375,eth0,368,Ethernet,IPv4,UDP,N/A,v4,0.0.0.0,255.255.255.255,68,67,N/A,N/A,N/A,N/A,,,1
1759293375,any,370,N/A,IPv4,UDP,N/A,v4,0.0.0.0,255.255.255.255,68,67,N/A,N/A,N/A,N/A,,,1
1759293375,eth1,110,Ethernet,IPv6,ICMP,N/A,v6,fe80::f056:abff:fe65:143,ff02::179,N/A,N/A,N/A,N/A,N/A,N/A,,,1
1759293375,any,112,N/A,IPv6,ICMP,N/A,v6,fe80::f056:abff:fe65:143,ff02::179,N/A,N/A,N/A,N/A,N/A,N/A,,,1
1759293375,eth1,110,Ethernet,IPv6,ICMP,N/A,v6,fe80::103b:bdff:fef0:169,ff02::179,N/A,N/A,N/A,N/A,N/A,N/A,,,1
1759293375,any,112,N/A,IPv6,ICMP,N/A,v6,fe80::103b:bdff:fef0:169,ff02::179,N/A,N/A,N/A,N/A,N/A,N/A,,,1
1759293375,any,112,N/A,IPv6,ICMP,N/A,v6,fe80::e48e:99ff:fe5f:147,ff02::179,N/A,N/A,N/A,N/A,N/A,N/A,,,1
1759293375,any,58,ARP,N/A,N/A,N/A,N/A,N/A,N/A,N/A,N/A,2,2048,172.30.0.122,172.30.0.220,,,1
1759293375,any,58,ARP,N/A,N/A,N/A,N/A,N/A,N/A,N/A,N/A,2,2048,172.30.0.122,172.30.0.220,,,1
1759293375,any,58,N/A,IPv4,N/A,N/A,v4,172.30.0.89,224.0.0.22,N/A,N/A,N/A,N/A,N/A,N/A,,,1
1759293375,eth0,110,Ethernet,IPv6,ICMP,N/A,v6,fe80::e48e:99ff:fe5f:147,ff02::179,N/A,N/A,N/A,N/A,N/A,N/A,,,1
1759293375,eth0,54,Ethernet,IPv4,N/A,N/A,v4,172.30.0.220,224.0.0.22,N/A,N/A,N/A,N/A,N/A,N/A,,,1
1759293375,eth0,42,Ethernet,N/A,N/A,N/A,N/A,N/A,N/A,N/A,N/A,N/A,N/A,N/A,N/A,,,1
1759293375,eth0,56,Ethernet,N/A,N/A,N/A,N/A,N/A,N/A,N/A,N/A,N/A,N/A,N/A,N/A,,,1
1759293375,eth0,56,Ethernet,N/A,N/A,N/A,N/A,N/A,N/A,N/A,N/A,N/A,N/A,N/A,N/A,,,1
1759293375,eth0,56,Ethernet,IPv4,N/A,N/A,v4,172.30.0.89,224.0.0.22,N/A,N/A,N/A,N/A,N/A,N/A,,,1
1759293375,eth0,110,Ethernet,IPv6,ICMP,N/A,v6,fe80::ecf9:eff:fefb:55,ff02::179,N/A,N/A,N/A,N/A,N/A,N/A,,,1
1759293375,any,112,N/A,IPv6,ICMP,N/A,v6,fe80::ecf9:eff:fefb:55,ff02::179,N/A,N/A,N/A,N/A,N/A,N/A,,,1
1759293375,eth0,56,Ethernet,N/A,N/A,N/A,N/A,N/A,N/A,N/A,N/A,N/A,N/A,N/A,N/A,,,1
1759293375,any,58,ARP,N/A,N/A,N/A,N/A,N/A,N/A,N/A,N/A,1,2048,172.30.0.89,172.30.0.122,,,1
1759293375,any,112,N/A,IPv6,ICMP,N/A,v6,fe80::f056:abff:fe65:143,ff02::179,N/A,N/A,N/A,N/A,N/A,N/A,,,1
1759293375,eth1,110,Ethernet,IPv6,ICMP,N/A,v6,fe80::f056:abff:fe65:143,ff02::179,N/A,N/A,N/A,N/A,N/A,N/A,,,1
1759293375,any,56,N/A,IPv4,N/A,N/A,v4,172.30.0.220,224.0.0.22,N/A,N/A,N/A,N/A,N/A,N/A,,,1
1759293375,eth0,54,Ethernet,IPv4,N/A,N/A,v4,172.30.0.220,224.0.0.22,N/A,N/A,N/A,N/A,N/A,N/A,,,1
1759293375,eth0,110,Ethernet,IPv6,ICMP,N/A,v6,fe80::e48e:99ff:fe5f:147,ff02::179,N/A,N/A,N/A,N/A,N/A,N/A,,,1
1759293375,any,112,N/A,IPv6,ICMP,N/A,v6,fe80::e48e:99ff:fe5f:147,ff02::179,N/A,N/A,N/A,N/A,N/A,N/A,,,1
1759293375,any,358,N/A,IPv4,UDP,N/A,v4,0.0.0.0,255.255.255.255,68,67,N/A,N/A,N/A,N/A,,,0
1759293375,eth1,110,Ethernet,IPv6,ICMP,N/A,v6,fe80::a824:52ff:fe4f:69,ff02::179,N/A,N/A,N/A,N/A,N/A,N/A,,,0
1759293376,any,112,N/A,IPv6,ICMP,N/A,v6,fe80::103b:bdff:fef0:169,ff02::179,N/A,N/A,N/A,N/A,N/A,N/A,,,1
1759293376,eth1,110,Ethernet,IPv6,ICMP,N/A,v6,fe80::103b:bdff:fef0:169,ff02::179,N/A,N/A,N/A,N/A,N/A,N/A,,,1
1759293376,any,112,N/A,IPv6,ICMP,N/A,v6,fe80::ecf9:eff:fefb:55,ff02::179,N/A,N/A,N/A,N/A,N/A,N/A,,,1
1759293376,eth0,110,Ethernet,IPv6,ICMP,N/A,v6,fe80::ecf9:eff:fefb:55,ff02::179,N/A,N/A,N/A,N/A,N/A,N/A,,,1
1759293376,any,112,N/A,IPv6,ICMP,N/A,v6,fe80::dcac:f9ff:fe59:60,ff02::179,N/A,N/A,N/A,N/A,N/A,N/A,,,1
1759293376,eth0,368,Ethernet,IPv4,UDP,N/A,v4,0.0.0.0,255.255.255.255,68,67,N/A,N/A,N/A,N/A,,,0
1759293376,eth0,110,Ethernet,IPv6,ICMP,N/A,v6,fe80::5ca9:83ff:fe87:27,ff02::179,N/A,N/A,N/A,N/A,N/A,N/A,,,0
1759293376,eth0,54,Ethernet,IPv4,N/A,N/A,v4,172.30.0.220,224.0.0.22,N/A,N/A,N/A,N/A,N/A,N/A,,,0
1759293376,eth0,42,Ethernet,N/A,N/A,N/A,N/A,N/A,N/A,N/A,N/A,N/A,N/A,N/A,N/A,,,0
1759293376,eth0,56,Ethernet,N/A,N/A,N/A,N/A,N/A,N/A,N/A,N/A,N/A,N/A,N/A,N/A,,,0
1759293376,eth0,56,Ethernet,N/A,N/A,N/A,N/A,N/A,N/A,N/A,N/A,N/A,N/A,N/A,N/A,,,0
1759293376,any,370,N/A,IPv4,UDP,N/A,v4,0.0.0.0,255.255.255.255,68,67,N/A,N/A,N/A,N/A,,,0
1759293376,any,112,N/A,IPv6,ICMP,N/A,v6,fe80::a824:52ff:fe4f:69,ff02::179,N/A,N/A,N/A,N/A,N/A,N/A,,,0
1759293376,any,112,N/A,IPv6,ICMP,N/A,v6,fe80::5ca9:83ff:fe87:27,ff02::179,N/A,N/A,N/A,N/A,N/A,N/A,,,0
1759293376,any,44,ARP,N/A,N/A,N/A,N/A,N/A,N/A,N/A,N/A,1,2048,172.30.0.220,172.30.0.122,,,0
1759293376,any,58,ARP,N/A,N/A,N/A,N/A,N/A,N/A,N/A,N/A,2,2048,172.30.0.122,172.30.0.220,,,0
1759293376,any,56,N/A,IPv4,N/A,N/A,v4,172.30.0.220,224.0.0.22,N/A,N/A,N/A,N/A,N/A,N/A,,,0
1759293376,eth0,54,Ethernet,IPv4,N/A,N/A,v4,172.30.0.220,224.0.0.22,N/A,N/A,N/A,N/A,N/A,N/A,,,0
1759293376,eth0,70,Ethernet,IPv6,ICMP,N/A,v6,fe80::5ca9:83ff:fe87:27,ff02::204,N/A,N/A,N/A,N/A,N/A,N/A,,,0
1759293376,eth1,70,Ethernet,IPv6,ICMP,N/A,v6,fe80::a824:52ff:fe4f:69,ff02::204,N/A,N/A,N/A,N/A,N/A,N/A,,,0
1759293376,any,72,N/A,IPv6,ICMP,N/A,v6,fe80::a824:52ff:fe4f:69,ff02::204,N/A,N/A,N/A,N/A,N/A,N/A,,,0
1759293376,eth1,110,Ethernet,IPv6,ICMP,N/A,v6,fe80::a824:52ff:fe4f:69,ff02::179,N/A,N/A,N/A,N/A,N/A,N/A,,,0
1759293376,any,112,N/A,IPv6,ICMP,N/A,v6,fe80::a824:52ff:fe4f:69,ff02::179,N/A,N/A,N/A,N/A,N/A,N/A,,,0
1759293376,eth0,107,Ethernet,N/A,N/A,N/A,N/A,N/A,N/A,N/A,N/A,N/A,N/A,N/A,N/A,,,0
1759293376,any,109,N/A,N/A,N/A,N/A,N/A,N/A,N/A,N/A,N/A,N/A,N/A,N/A,N/A,,,0
1759293376,any,112,N/A,IPv6,ICMP,N/A,v6,fe80::5ca9:83ff:fe87:27,ff02::179,N/A,N/A,N/A,N/A,N/A,N/A,,,0
1759293376,eth0,110,Ethernet,IPv6,ICMP,N/A,v6,fe80::5ca9:83ff:fe87:27,ff02::179,N/A,N/A,N/A,N/A,N/A,N/A,,,0
1759293376,eth2,110,Ethernet,IPv6,ICMP,N/A,v6,fe80::dcac:f9ff:fe59:60,ff02::179,N/A,N/A,N/A,N/A,N/A,N/A,,,1
1759293376,any,58,N/A,IPv4,N/A,N/A,v4,172.30.0.89,224.0.0.22,N/A,N/A,N/A,N/A,N/A,N/A,,,1
1759293376,eth0,56,Ethernet,IPv4,N/A,N/A,v4,172.30.0.89,224.0.0.22,N/A,N/A,N/A,N/A,N/A,N/A,,,1
1759293376,eth1,70,Ethernet,IPv6,ICMP,N/A,v6,fe80::103b:bdff:fef0:169,ff02::204,N/A,N/A,N/A,N/A,N/A,N/A,,,1
1759293376,any,72,N/A,IPv6,ICMP,N/A,v6,fe80::ecf9:eff:fefb:55,ff02::204,N/A,N/A,N/A,N/A,N/A,N/A,,,1
1759293376,any,72,N/A,IPv6,ICMP,N/A,v6,fe80::103b:bdff:fef0:169,ff02::204,N/A,N/A,N/A,N/A,N/A,N/A,,,1
1759293376,eth0,70,Ethernet,IPv6,ICMP,N/A,v6,fe80::ecf9:eff:fefb:55,ff02::204,N/A,N/A,N/A,N/A,N/A,N/A,,,1
1759293376,eth1,70,Ethernet,IPv6,ICMP,N/A,v6,fe80::f056:abff:fe65:143,ff02::204,N/A,N/A,N/A,N/A,N/A,N/A,,,1
1759293376,any,72,N/A,IPv6,ICMP,N/A,v6,fe80::dcac:f9ff:fe59:60,ff02::204,N/A,N/A,N/A,N/A,N/A,N/A,,,1
1759293376,eth2,70,Ethernet,IPv6,ICMP,N/A,v6,fe80::dcac:f9ff:fe59:60,ff02::204,N/A,N/A,N/A,N/A,N/A,N/A,,,1
1759293376,eth0,70,Ethernet,IPv6,ICMP,N/A,v6,fe80::e48e:99ff:fe5f:147,ff02::204,N/A,N/A,N/A,N/A,N/A,N/A,,,1
1759293376,any,113,N/A,N/A,N/A,N/A,N/A,N/A,N/A,N/A,N/A,N/A,N/A,N/A,N/A,,,1
1759293376,eth0,111,Ethernet,N/A,N/A,N/A,N/A,N/A,N/A,N/A,N/A,N/A,N/A,N/A,N/A,,,1
1759293377,any,109,N/A,N/A,N/A,N/A,N/A,N/A,N/A,N/A,N/A,N/A,N/A,N/A,N/A,,,0
1759293377,eth0,111,Ethernet,N/A,N/A,N/A,N/A,N/A,N/A,N/A,N/A,N/A,N/A,N/A,N/A,,,1
1759293377,any,113,N/A,N/A,N/A,N/A,N/A,N/A,N/A,N/A,N/A,N/A,N/A,N/A,N/A,,,1
1759293377,eth0,107,Ethernet,N/A,N/A,N/A,N/A,N/A,N/A,N/A,N/A,N/A,N/A,N/A,N/A,,,0
1759293378,any,72,N/A,IPv6,ICMP,N/A,v6,fe80::b0b5:44ff:feea:219,ff02::204,N/A,N/A,N/A,N/A,N/A,N/A,,,1
1759293378,eth0,70,Ethernet,IPv6,ICMP,N/A,v6,fe80::b0b5:44ff:feea:219,ff02::204,N/A,N/A,N/A,N/A,N/A,N/A,,,1
1759293378,any,72,N/A,IPv6,ICMP,N/A,v6,fe80::780a:a9ff:fee6:89,ff02::204,N/A,N/A,N/A,N/A,N/A,N/A,,,1
1759293378,eth1,70,Ethernet,IPv6,ICMP,N/A,v6,fe80::780a:a9ff:fee6:89,ff02::204,N/A,N/A,N/A,N/A,N/A,N/A,,,1
1759293378,eth0,90,Ethernet,IPv6,ICMP,N/A,v6,fe80::b0b5:44ff:feea:219,ff02::179,N/A,N/A,N/A,N/A,N/A,N/A,,,1
1759293378,eth0,54,Ethernet,IPv4,N/A,N/A,v4,172.30.0.163,224.0.0.22,N/A,N/A,N/A,N/A,N/A,N/A,,,1
1759293378,any,92,N/A,IPv6,ICMP,N/A,v6,fe80::b0b5:44ff:feea:219,ff02::179,N/A,N/A,N/A,N/A,N/A,N/A,,,1
1759293378,any,70,N/A,IPv4,UDP,N/A,v4,172.30.0.163,224.0.0.252,5355,5355,N/A,N/A,N/A,N/A,,,1
1759293378,eth0,68,Ethernet,IPv4,UDP,N/A,v4,172.30.0.163,224.0.0.252,5355,5355,N/A,N/A,N/A,N/A,,,1
1759293378,any,72,N/A,IPv6,ICMP,N/A,v6,fe80::7827:e3ff:fe68:239,ff02::204,N/A,N/A,N/A,N/A,N/A,N/A,,,1
1759293378,any,56,N/A,IPv4,N/A,N/A,v4,172.30.0.163,224.0.0.22,N/A,N/A,N/A,N/A,N/A,N/A,,,1
1759293378,eth1,70,Ethernet,IPv6,ICMP,N/A,v6,fe80::7827:e3ff:fe68:239,ff02::204,N/A,N/A,N/A,N/A,N/A,N/A,,,1
1759293378,eth0,54,Ethernet,IPv4,N/A,N/A,v4,172.30.0.163,224.0.0.22,N/A,N/A,N/A,N/A,N/A,N/A,,,1
1759293378,any,90,N/A,IPv6,UDP,N/A,v6,fe80::b0b5:44ff:feea:219,ff02::1:52,5355,5355,N/A,N/A,N/A,N/A,,,1
1759293378,eth0,88,Ethernet,IPv6,UDP,N/A,v6,fe80::b0b5:44ff:feea:219,ff02::1:52,5355,5355,N/A,N/A,N/A,N/A,,,1
1759293378,eth0,357,Ethernet,IPv4,UDP,N/A,v4,0.0.0.0,255.255.255.255,68,67,N/A,N/A,N/A,N/A,,,1
1759293378,any,359,N/A,IPv4,UDP,N/A,v4,0.0.0.0,255.255.255.255,68,67,N/A,N/A,N/A,N/A,,,1
1759293378,eth0,369,Ethernet,IPv4,UDP,N/A,v4,0.0.0.0,255.255.255.255,68,67,N/A,N/A,N/A,N/A,,,1
1759293378,any,371,N/A,IPv4,UDP,N/A,v4,0.0.0.0,255.255.255.255,68,67,N/A,N/A,N/A,N/A,,,1
1759293378,eth0,110,Ethernet,IPv6,ICMP,N/A,v6,fe80::b0b5:44ff:feea:219,ff02::179,N/A,N/A,N/A,N/A,N/A,N/A,,,1
1759293378,eth1,110,Ethernet,IPv6,ICMP,N/A,v6,fe80::780a:a9ff:fee6:89,ff02::179,N/A,N/A,N/A,N/A,N/A,N/A,,,1
1759293378,any,112,N/A,IPv6,ICMP,N/A,v6,fe80::780a:a9ff:fee6:89,ff02::179,N/A,N/A,N/A,N/A,N/A,N/A,,,1
1759293378,eth0,110,Ethernet,IPv6,ICMP,N/A,v6,fe80::b0b5:44ff:feea:219,ff02::179,N/A,N/A,N/A,N/A,N/A,N/A,,,1
1759293378,eth0,54,Ethernet,IPv4,N/A,N/A,v4,172.30.0.163,224.0.0.22,N/A,N/A,N/A,N/A,N/A,N/A,,,1
1759293378,any,112,N/A,IPv6,ICMP,N/A,v6,fe80::b0b5:44ff:feea:219,ff02::179,N/A,N/A,N/A,N/A,N/A,N/A,,,1
1759293378,eth0,42,Ethernet,N/A,N/A,N/A,N/A,N/A,N/A,N/A,N/A,N/A,N/A,N/A,N/A,,,1
1759293378,any,44,ARP,N/A,N/A,N/A,N/A,N/A,N/A,N/A,N/A,1,2048,172.30.0.163,172.30.0.122,,,1
1759293378,any,72,N/A,IPv6,ICMP,N/A,v6,fe80::24f1:23ff:fe29:66,ff02::204,N/A,N/A,N/A,N/A,N/A,N/A,,,1
1759293378,eth0,70,Ethernet,IPv6,ICMP,N/A,v6,fe80::24f1:23ff:fe29:66,ff02::204,N/A,N/A,N/A,N/A,N/A,N/A,,,1
1759293378,eth0,90,Ethernet,IPv6,ICMP,N/A,v6,fe80::24f1:23ff:fe29:66,ff02::179,N/A,N/A,N/A,N/A,N/A,N/A,,,1
1759293378,eth0,54,Ethernet,IPv4,N/A,N/A,v4,172.30.0.23,224.0.0.22,N/A,N/A,N/A,N/A,N/A,N/A,,,1
1759293378,any,92,N/A,IPv6,ICMP,N/A,v6,fe80::24f1:23ff:fe29:66,ff02::179,N/A,N/A,N/A,N/A,N/A,N/A,,,1
1759293378,any,69,N/A,IPv4,UDP,N/A,v4,172.30.0.23,224.0.0.252,5355,5355,N/A,N/A,N/A,N/A,,,1
1759293378,eth0,67,Ethernet,IPv4,UDP,N/A,v4,172.30.0.23,224.0.0.252,5355,5355,N/A,N/A,N/A,N/A,,,1
1759293379,eth0,356,Ethernet,IPv4,UDP,N/A,v4,0.0.0.0,255.255.255.255,68,67,N/A,N/A,N/A,N/A,,,1
1759293379,eth0,368,Ethernet,IPv4,UDP,N/A,v4,0.0.0.0,255.255.255.255,68,67,N/A,N/A,N/A,N/A,,,1
1759293379,any,358,N/A,IPv4,UDP,N/A,v4,0.0.0.0,255.255.255.255,68,67,N/A,N/A,N/A,N/A,,,1
1759293379,any,370,N/A,IPv4,UDP,N/A,v4,0.0.0.0,255.255.255.255,68,67,N/A,N/A,N/A,N/A,,,1
1759293379,eth1,110,Ethernet,IPv6,ICMP,N/A,v6,fe80::7827:e3ff:fe68:239,ff02::179,N/A,N/A,N/A,N/A,N/A,N/A,,,1
1759293379,any,112,N/A,IPv6,ICMP,N/A,v6,fe80::7827:e3ff:fe68:239,ff02::179,N/A,N/A,N/A,N/A,N/A,N/A,,,1
1759293379,any,56,N/A,IPv4,N/A,N/A,v4,172.30.0.23,224.0.0.22,N/A,N/A,N/A,N/A,N/A,N/A,,,1
1759293379,eth0,54,Ethernet,IPv4,N/A,N/A,v4,172.30.0.23,224.0.0.22,N/A,N/A,N/A,N/A,N/A,N/A,,,1
1759293379,any,112,N/A,IPv6,ICMP,N/A,v6,fe80::24f1:23ff:fe29:66,ff02::179,N/A,N/A,N/A,N/A,N/A,N/A,,,1
1759293379,eth0,110,Ethernet,IPv6,ICMP,N/A,v6,fe80::24f1:23ff:fe29:66,ff02::179,N/A,N/A,N/A,N/A,N/A,N/A,,,1
1759293379,eth0,42,Ethernet,N/A,N/A,N/A,N/A,N/A,N/A,N/A,N/A,N/A,N/A,N/A,N/A,,,1
1759293379,any,44,ARP,N/A,N/A,N/A,N/A,N/A,N/A,N/A,N/A,1,2048,172.30.0.23,172.30.0.122,,,1
1759293379,any,56,N/A,IPv4,N/A,N/A,v4,172.30.0.163,224.0.0.22,N/A,N/A,N/A,N/A,N/A,N/A,,,1
1759293379,eth0,54,Ethernet,IPv4,N/A,N/A,v4,172.30.0.163,224.0.0.22,N/A,N/A,N/A,N/A,N/A,N/A,,,1
1759293379,any,113,N/A,N/A,N/A,N/A,N/A,N/A,N/A,N/A,N/A,N/A,N/A,N/A,N/A,,,1
1759293379,eth0,111,Ethernet,N/A,N/A,N/A,N/A,N/A,N/A,N/A,N/A,N/A,N/A,N/A,N/A,,,1
1759293379,eth0,90,Ethernet,IPv6,ICMP,N/A,v6,fe80::b0b5:44ff:feea:219,ff02::179,N/A,N/A,N/A,N/A,N/A,N/A,,,1
1759293379,any,92,N/A,IPv6,ICMP,N/A,v6,fe80::b0b5:44ff:feea:219,ff02::179,N/A,N/A,N/A,N/A,N/A,N/A,,,1
1759293379,eth1,70,Ethernet,IPv6,ICMP,N/A,v6,fe80::780a:a9ff:fee6:89,ff02::204,N/A,N/A,N/A,N/A,N/A,N/A,,,1
1759293379,eth0,70,Ethernet,IPv6,ICMP,N/A,v6,fe80::b0b5:44ff:feea:219,ff02::204,N/A,N/A,N/A,N/A,N/A,N/A,,,1
1759293379,any,72,N/A,IPv6,ICMP,N/A,v6,fe80::b0b5:44ff:feea:219,ff02::204,N/A,N/A,N/A,N/A,N/A,N/A,,,1
1759293379,any,72,N/A,IPv6,ICMP,N/A,v6,fe80::780a:a9ff:fee6:89,ff02::204,N/A,N/A,N/A,N/A,N/A,N/A,,,1
1759293379,any,112,N/A,IPv6,ICMP,N/A,v6,fe80::780a:a9ff:fee6:89,ff02::179,N/A,N/A,N/A,N/A,N/A,N/A,,,1
1759293379,eth1,110,Ethernet,IPv6,ICMP,N/A,v6,fe80::780a:a9ff:fee6:89,ff02::179,N/A,N/A,N/A,N/A,N/A,N/A,,,1
1759293379,any,112,N/A,IPv6,ICMP,N/A,v6,fe80::7827:e3ff:fe68:239,ff02::179,N/A,N/A,N/A,N/A,N/A,N/A,,,1
1759293379,eth1,110,Ethernet,IPv6,ICMP,N/A,v6,fe80::7827:e3ff:fe68:239,ff02::179,N/A,N/A,N/A,N/A,N/A,N/A,,,1
1759293379,eth0,90,Ethernet,IPv6,ICMP,N/A,v6,fe80::e48e:99ff:fe5f:147,ff02::179,N/A,N/A,N/A,N/A,N/A,N/A,,,1
1759293379,eth0,54,Ethernet,IPv4,N/A,N/A,v4,172.30.0.220,224.0.0.22,N/A,N/A,N/A,N/A,N/A,N/A,,,1
1759293379,any,92,N/A,IPv6,ICMP,N/A,v6,fe80::e48e:99ff:fe5f:147,ff02::179,N/A,N/A,N/A,N/A,N/A,N/A,,,1
1759293379,eth0,90,Ethernet,IPv6,ICMP,N/A,v6,fe80::ecf9:eff:fefb:55,ff02::179,N/A,N/A,N/A,N/A,N/A,N/A,,,1
1759293379,eth0,56,Ethernet,IPv4,N/A,N/A,v4,172.30.0.89,224.0.0.22,N/A,N/A,N/A,N/A,N/A,N/A,,,1
1759293379,any,92,N/A,IPv6,ICMP,N/A,v6,fe80::ecf9:eff:fefb:55,ff02::179,N/A,N/A,N/A,N/A,N/A,N/A,,,1
1759293379,eth0,110,Ethernet,IPv6,ICMP,N/A,v6,fe80::24f1:23ff:fe29:66,ff02::179,N/A,N/A,N/A,N/A,N/A,N/A,,,1
1759293379,eth0,54,Ethernet,IPv4,N/A,N/A,v4,172.30.0.23,224.0.0.22,N/A,N/A,N/A,N/A,N/A,N/A,,,1
1759293379,any,112,N/A,IPv6,ICMP,N/A,v6,fe80::24f1:23ff:fe29:66,ff02::179,N/A,N/A,N/A,N/A,N/A,N/A,,,1
1759293379,eth0,87,Ethernet,IPv6,UDP,N/A,v6,fe80::ecf9:eff:fefb:55,ff02::1:52,5355,5355,N/A,N/A,N/A,N/A,,,1
1759293379,eth0,67,Ethernet,IPv4,UDP,N/A,v4,172.30.0.89,224.0.0.252,5355,5355,N/A,N/A,N/A,N/A,,,1
1759293379,any,89,N/A,IPv6,UDP,N/A,v6,fe80::ecf9:eff:fefb:55,ff02::1:52,5355,5355,N/A,N/A,N/A,N/A,,,1
1759293379,eth0,360,Ethernet,IPv4,UDP,N/A,v4,0.0.0.0,255.255.255.255,68,67,N/A,N/A,N/A,N/A,,,1
1759293379,any,362,N/A,IPv4,UDP,N/A,v4,0.0.0.0,255.255.255.255,68,67,N/A,N/A,N/A,N/A,,,1
1759293379,eth0,372,Ethernet,IPv4,UDP,N/A,v4,0.0.0.0,255.255.255.255,68,67,N/A,N/A,N/A,N/A,,,1
1759293379,any,374,N/A,IPv4,UDP,N/A,v4,0.0.0.0,255.255.255.255,68,67,N/A,N/A,N/A,N/A,,,1
1759293379,eth0,356,Ethernet,IPv4,UDP,N/A,v4,0.0.0.0,255.255.255.255,68,67,N/A,N/A,N/A,N/A,,,1
1759293379,any,358,N/A,IPv4,UDP,N/A,v4,0.0.0.0,255.255.255.255,68,67,N/A,N/A,N/A,N/A,,,1
1759293379,eth0,368,Ethernet,IPv4,UDP,N/A,v4,0.0.0.0,255.255.255.255,68,67,N/A,N/A,N/A,N/A,,,1
1759293379,any,370,N/A,IPv4,UDP,N/A,v4,0.0.0.0,255.255.255.255,68,67,N/A,N/A,N/A,N/A,,,1
1759293379,eth1,110,Ethernet,IPv6,ICMP,N/A,v6,fe80::103b:bdff:fef0:169,ff02::179,N/A,N/A,N/A,N/A,N/A,N/A,,,1
1759293379,any,112,N/A,IPv6,ICMP,N/A,v6,fe80::103b:bdff:fef0:169,ff02::179,N/A,N/A,N/A,N/A,N/A,N/A,,,1
1759293379,any,112,N/A,IPv6,ICMP,N/A,v6,fe80::f056:abff:fe65:143,ff02::179,N/A,N/A,N/A,N/A,N/A,N/A,,,1
1759293379,eth2,110,Ethernet,IPv6,ICMP,N/A,v6,fe80::dcac:f9ff:fe59:60,ff02::179,N/A,N/A,N/A,N/A,N/A,N/A,,,1
1759293379,eth1,110,Ethernet,IPv6,ICMP,N/A,v6,fe80::f056:abff:fe65:143,ff02::179,N/A,N/A,N/A,N/A,N/A,N/A,,,1
1759293379,eth0,107,Ethernet,N/A,N/A,N/A,N/A,N/A,N/A,N/A,N/A,N/A,N/A,N/A,N/A,,,0
1759293379,any,109,N/A,N/A,N/A,N/A,N/A,N/A,N/A,N/A,N/A,N/A,N/A,N/A,N/A,,,0
1759293379,eth0,90,Ethernet,IPv6,ICMP,N/A,v6,fe80::5ca9:83ff:fe87:27,ff02::179,N/A,N/A,N/A,N/A,N/A,N/A,,,0
1759293379,eth0,54,Ethernet,IPv4,N/A,N/A,v4,172.30.0.220,224.0.0.22,N/A,N/A,N/A,N/A,N/A,N/A,,,0
1759293379,any,92,N/A,IPv6,ICMP,N/A,v6,fe80::5ca9:83ff:fe87:27,ff02::179,N/A,N/A,N/A,N/A,N/A,N/A,,,0
1759293379,eth0,356,Ethernet,IPv4,UDP,N/A,v4,0.0.0.0,255.255.255.255,68,67,N/A,N/A,N/A,N/A,,,0
1759293379,any,358,N/A,IPv4,UDP,N/A,v4,0.0.0.0,255.255.255.255,68,67,N/A,N/A,N/A,N/A,,,0
1759293379,eth0,368,Ethernet,IPv4,UDP,N/A,v4,0.0.0.0,255.255.255.255,68,67,N/A,N/A,N/A,N/A,,,0
1759293379,any,370,N/A,IPv4,UDP,N/A,v4,0.0.0.0,255.255.255.255,68,67,N/A,N/A,N/A,N/A,,,0
1759293379,eth1,110,Ethernet,IPv6,ICMP,N/A,v6,fe80::a824:52ff:fe4f:69,ff02::179,N/A,N/A,N/A,N/A,N/A,N/A,,,0
1759293379,any,112,N/A,IPv6,ICMP,N/A,v6,fe80::a824:52ff:fe4f:69,ff02::179,N/A,N/A,N/A,N/A,N/A,N/A,,,0
1759293379,any,112,N/A,IPv6,ICMP,N/A,v6,fe80::5ca9:83ff:fe87:27,ff02::179,N/A,N/A,N/A,N/A,N/A,N/A,,,0
1759293379,eth0,110,Ethernet,IPv6,ICMP,N/A,v6,fe80::5ca9:83ff:fe87:27,ff02::179,N/A,N/A,N/A,N/A,N/A,N/A,,,0
1759293379,eth0,54,Ethernet,IPv4,N/A,N/A,v4,172.30.0.220,224.0.0.22,N/A,N/A,N/A,N/A,N/A,N/A,,,0
1759293379,any,44,ARP,N/A,N/A,N/A,N/A,N/A,N/A,N/A,N/A,1,2048,172.30.0.220,172.30.0.122,,,1
1759293379,any,58,ARP,N/A,N/A,N/A,N/A,N/A,N/A,N/A,N/A,2,2048,172.30.0.122,172.30.0.220,,,1
1759293379,any,58,ARP,N/A,N/A,N/A,N/A,N/A,N/A,N/A,N/A,2,2048,172.30.0.122,172.30.0.220,,,1
1759293379,any,112,N/A,IPv6,ICMP,N/A,v6,fe80::e48e:99ff:fe5f:147,ff02::179,N/A,N/A,N/A,N/A,N/A,N/A,,,1
1759293379,eth0,42,Ethernet,N/A,N/A,N/A,N/A,N/A,N/A,N/A,N/A,N/A,N/A,N/A,N/A,,,1
1759293379,eth0,56,Ethernet,N/A,N/A,N/A,N/A,N/A,N/A,N/A,N/A,N/A,N/A,N/A,N/A,,,1
1759293379,eth0,56,Ethernet,N/A,N/A,N/A,N/A,N/A,N/A,N/A,N/A,N/A,N/A,N/A,N/A,,,1
1759293379,eth0,110,Ethernet,IPv6,ICMP,N/A,v6,fe80::e48e:99ff:fe5f:147,ff02::179,N/A,N/A,N/A,N/A,N/A,N/A,,,1
1759293379,eth0,54,Ethernet,IPv4,N/A,N/A,v4,172.30.0.220,224.0.0.22,N/A,N/A,N/A,N/A,N/A,N/A,,,1
1759293379,eth0,110,Ethernet,IPv6,ICMP,N/A,v6,fe80::ecf9:eff:fefb:55,ff02::179,N/A,N/A,N/A,N/A,N/A,N/A,,,1
1759293379,eth0,56,Ethernet,IPv4,N/A,N/A,v4,172.30.0.89,224.0.0.22,N/A,N/A,N/A,N/A,N/A,N/A,,,1
1759293379,any,112,N/A,IPv6,ICMP,N/A,v6,fe80::ecf9:eff:fefb:55,ff02::179,N/A,N/A,N/A,N/A,N/A,N/A,,,1
1759293379,any,58,N/A,IPv4,N/A,N/A,v4,172.30.0.89,224.0.0.22,N/A,N/A,N/A,N/A,N/A,N/A,,,1
1759293379,any,112,N/A,IPv6,ICMP,N/A,v6,fe80::103b:bdff:fef0:169,ff02::179,N/A,N/A,N/A,N/A,N/A,N/A,,,1
1759293379,eth1,110,Ethernet,IPv6,ICMP,N/A,v6,fe80::103b:bdff:fef0:169,ff02::179,N/A,N/A,N/A,N/A,N/A,N/A,,,1
1759293379,eth0,56,Ethernet,N/A,N/A,N/A,N/A,N/A,N/A,N/A,N/A,N/A,N/A,N/A,N/A,,,1
1759293379,any,58,ARP,N/A,N/A,N/A,N/A,N/A,N/A,N/A,N/A,1,2048,172.30.0.89,172.30.0.122,,,1
1759293380,any,112,N/A,IPv6,ICMP,N/A,v6,fe80::a824:52ff:fe4f:69,ff02::179,N/A,N/A,N/A,N/A,N/A,N/A,,,0
1759293380,eth1,110,Ethernet,IPv6,ICMP,N/A,v6,fe80::a824:52ff:fe4f:69,ff02::179,N/A,N/A,N/A,N/A,N/A,N/A,,,0
1759293380,any,56,N/A,IPv4,N/A,N/A,v4,172.30.0.220,224.0.0.22,N/A,N/A,N/A,N/A,N/A,N/A,,,0
1759293380,eth0,54,Ethernet,IPv4,N/A,N/A,v4,172.30.0.220,224.0.0.22,N/A,N/A,N/A,N/A,N/A,N/A,,,0
1759293380,eth1,70,Ethernet,IPv6,ICMP,N/A,v6,fe80::a824:52ff:fe4f:69,ff02::204,N/A,N/A,N/A,N/A,N/A,N/A,,,0
1759293380,any,72,N/A,IPv6,ICMP,N/A,v6,fe80::a824:52ff:fe4f:69,ff02::204,N/A,N/A,N/A,N/A,N/A,N/A,,,0
1759293380,any,72,N/A,IPv6,ICMP,N/A,v6,fe80::5ca9:83ff:fe87:27,ff02::204,N/A,N/A,N/A,N/A,N/A,N/A,,,0
1759293380,eth0,70,Ethernet,IPv6,ICMP,N/A,v6,fe80::5ca9:83ff:fe87:27,ff02::204,N/A,N/A,N/A,N/A,N/A,N/A,,,0
1759293380,eth0,110,Ethernet,IPv6,ICMP,N/A,v6,fe80::5ca9:83ff:fe87:27,ff02::179,N/A,N/A,N/A,N/A,N/A,N/A,,,0
1759293380,any,112,N/A,IPv6,ICMP,N/A,v6,fe80::5ca9:83ff:fe87:27,ff02::179,N/A,N/A,N/A,N/A,N/A,N/A,,,0
1759293380,any,72,N/A,IPv6,ICMP,N/A,v6,fe80::24f1:23ff:fe29:66,ff02::204,N/A,N/A,N/A,N/A,N/A,N/A,,,1
1759293380,eth0,70,Ethernet,IPv6,ICMP,N/A,v6,fe80::24f1:23ff:fe29:66,ff02::204,N/A,N/A,N/A,N/A,N/A,N/A,,,1
1759293380,eth1,70,Ethernet,IPv6,ICMP,N/A,v6,fe80::7827:e3ff:fe68:239,ff02::204,N/A,N/A,N/A,N/A,N/A,N/A,,,1
1759293380,any,112,N/A,IPv6,ICMP,N/A,v6,fe80::f056:abff:fe65:143,ff02::179,N/A,N/A,N/A,N/A,N/A,N/A,,,1
1759293380,eth1,110,Ethernet,IPv6,ICMP,N/A,v6,fe80::f056:abff:fe65:143,ff02::179,N/A,N/A,N/A,N/A,N/A,N/A,,,1
1759293380,eth0,110,Ethernet,IPv6,ICMP,N/A,v6,fe80::e48e:99ff:fe5f:147,ff02::179,N/A,N/A,N/A,N/A,N/A,N/A,,,1
1759293380,any,112,N/A,IPv6,ICMP,N/A,v6,fe80::e48e:99ff:fe5f:147,ff02::179,N/A,N/A,N/A,N/A,N/A,N/A,,,1
1759293380,any,112,N/A,IPv6,ICMP,N/A,v6,fe80::ecf9:eff:fefb:55,ff02::179,N/A,N/A,N/A,N/A,N/A,N/A,,,1
1759293380,eth0,110,Ethernet,IPv6,ICMP,N/A,v6,fe80::ecf9:eff:fefb:55,ff02::179,N/A,N/A,N/A,N/A,N/A,N/A,,,1
1759293380,eth0,56,Ethernet,IPv4,N/A,N/A,v4,172.30.0.89,224.0.0.22,N/A,N/A,N/A,N/A,N/A,N/A,,,1
1759293380,any,58,N/A,IPv4,N/A,N/A,v4,172.30.0.89,224.0.0.22,N/A,N/A,N/A,N/A,N/A,N/A,,,1
1759293380,any,72,N/A,IPv6,ICMP,N/A,v6,fe80::ecf9:eff:fefb:55,ff02::204,N/A,N/A,N/A,N/A,N/A,N/A,,,1
1759293380,eth0,70,Ethernet,IPv6,ICMP,N/A,v6,fe80::ecf9:eff:fefb:55,ff02::204,N/A,N/A,N/A,N/A,N/A,N/A,,,1
1759293380,any,72,N/A,IPv6,ICMP,N/A,v6,fe80::103b:bdff:fef0:169,ff02::204,N/A,N/A,N/A,N/A,N/A,N/A,,,1
1759293380,eth1,70,Ethernet,IPv6,ICMP,N/A,v6,fe80::103b:bdff:fef0:169,ff02::204,N/A,N/A,N/A,N/A,N/A,N/A,,,1
1759293380,any,56,N/A,IPv4,N/A,N/A,v4,172.30.0.220,224.0.0.22,N/A,N/A,N/A,N/A,N/A,N/A,,,1
1759293380,eth0,54,Ethernet,IPv4,N/A,N/A,v4,172.30.0.220,224.0.0.22,N/A,N/A,N/A,N/A,N/A,N/A,,,1
1759293380,eth0,70,Ethernet,IPv6,ICMP,N/A,v6,fe80::e48e:99ff:fe5f:147,ff02::204,N/A,N/A,N/A,N/A,N/A,N/A,,,1
1759293380,eth2,70,Ethernet,IPv6,ICMP,N/A,v6,fe80::dcac:f9ff:fe59:60,ff02::204,N/A,N/A,N/A,N/A,N/A,N/A,,,1
1759293380,eth1,70,Ethernet,IPv6,ICMP,N/A,v6,fe80::f056:abff:fe65:143,ff02::204,N/A,N/A,N/A,N/A,N/A,N/A,,,1
1759293380,any,72,N/A,IPv6,ICMP,N/A,v6,fe80::dcac:f9ff:fe59:60,ff02::204,N/A,N/A,N/A,N/A,N/A,N/A,,,1
1759293380,eth2,110,Ethernet,IPv6,ICMP,N/A,v6,fe80::dcac:f9ff:fe59:60,ff02::179,N/A,N/A,N/A,N/A,N/A,N/A,,,1
1759293380,any,112,N/A,IPv6,ICMP,N/A,v6,fe80::dcac:f9ff:fe59:60,ff02::179,N/A,N/A,N/A,N/A,N/A,N/A,,,1
1759293380,any,113,N/A,N/A,N/A,N/A,N/A,N/A,N/A,N/A,N/A,N/A,N/A,N/A,N/A,,,1
1759293380,eth0,111,Ethernet,N/A,N/A,N/A,N/A,N/A,N/A,N/A,N/A,N/A,N/A,N/A,N/A,,,1
1759293380,any,44,ARP,N/A,N/A,N/A,N/A,N/A,N/A,N/A,N/A,1,2048,172.30.0.220,172.30.0.122,,,0
1759293380,any,58,ARP,N/A,N/A,N/A,N/A,N/A,N/A,N/A,N/A,2,2048,172.30.0.122,172.30.0.220,,,0
1759293380,eth0,42,Ethernet,N/A,N/A,N/A,N/A,N/A,N/A,N/A,N/A,N/A,N/A,N/A,N/A,,,0
1759293380,eth0,56,Ethernet,N/A,N/A,N/A,N/A,N/A,N/A,N/A,N/A,N/A,N/A,N/A,N/A,,,0
1759293381,eth0,107,Ethernet,N/A,N/A,N/A,N/A,N/A,N/A,N/A,N/A,N/A,N/A,N/A,N/A,,,0
1759293381,any,109,N/A,N/A,N/A,N/A,N/A,N/A,N/A,N/A,N/A,N/A,N/A,N/A,N/A,,,0
1759293382,eth0,111,Ethernet,N/A,N/A,N/A,N/A,N/A,N/A,N/A,N/A,N/A,N/A,N/A,N/A,,,1
1759293382,any,113,N/A,N/A,N/A,N/A,N/A,N/A,N/A,N/A,N/A,N/A,N/A,N/A,N/A,,,1
1759293382,any,92,N/A,IPv6,ICMP,N/A,v6,fe80::b0b5:44ff:feea:219,ff02::179,N/A,N/A,N/A,N/A,N/A,N/A,,,1
1759293382,eth0,90,Ethernet,IPv6,ICMP,N/A,v6,fe80::b0b5:44ff:feea:219,ff02::179,N/A,N/A,N/A,N/A,N/A,N/A,,,1
1759293382,eth0,54,Ethernet,IPv4,N/A,N/A,v4,172.30.0.163,224.0.0.22,N/A,N/A,N/A,N/A,N/A,N/A,,,1
1759293382,eth0,68,Ethernet,IPv4,UDP,N/A,v4,172.30.0.163,224.0.0.252,5355,5355,N/A,N/A,N/A,N/A,,,1
1759293382,any,70,N/A,IPv4,UDP,N/A,v4,172.30.0.163,224.0.0.252,5355,5355,N/A,N/A,N/A,N/A,,,1
1759293382,eth0,357,Ethernet,IPv4,UDP,N/A,v4,0.0.0.0,255.255.255.255,68,67,N/A,N/A,N/A,N/A,,,1
1759293382,eth0,369,Ethernet,IPv4,UDP,N/A,v4,0.0.0.0,255.255.255.255,68,67,N/A,N/A,N/A,N/A,,,1
1759293382,any,359,N/A,IPv4,UDP,N/A,v4,0.0.0.0,255.255.255.255,68,67,N/A,N/A,N/A,N/A,,,1
1759293382,any,112,N/A,IPv6,ICMP,N/A,v6,fe80::b0b5:44ff:feea:219,ff02::179,N/A,N/A,N/A,N/A,N/A,N/A,,,1
1759293382,eth1,110,Ethernet,IPv6,ICMP,N/A,v6,fe80::780a:a9ff:fee6:89,ff02::179,N/A,N/A,N/A,N/A,N/A,N/A,,,1
1759293382,eth0,110,Ethernet,IPv6,ICMP,N/A,v6,fe80::b0b5:44ff:feea:219,ff02::179,N/A,N/A,N/A,N/A,N/A,N/A,,,1
1759293382,eth0,54,Ethernet,IPv4,N/A,N/A,v4,172.30.0.163,224.0.0.22,N/A,N/A,N/A,N/A,N/A,N/A,,,1
1759293382,any,56,N/A,IPv4,N/A,N/A,v4,172.30.0.163,224.0.0.22,N/A,N/A,N/A,N/A,N/A,N/A,,,1
1759293382,eth0,110,Ethernet,IPv6,ICMP,N/A,v6,fe80::b0b5:44ff:feea:219,ff02::179,N/A,N/A,N/A,N/A,N/A,N/A,,,1
1759293382,any,112,N/A,IPv6,ICMP,N/A,v6,fe80::b0b5:44ff:feea:219,ff02::179,N/A,N/A,N/A,N/A,N/A,N/A,,,1
1759293382,any,44,ARP,N/A,N/A,N/A,N/A,N/A,N/A,N/A,N/A,1,2048,172.30.0.163,172.30.0.122,,,1
1759293382,eth0,42,Ethernet,N/A,N/A,N/A,N/A,N/A,N/A,N/A,N/A,N/A,N/A,N/A,N/A,,,1
1759293382,eth1,110,Ethernet,IPv6,ICMP,N/A,v6,fe80::780a:a9ff:fee6:89,ff02::179,N/A,N/A,N/A,N/A,N/A,N/A,,,1
1759293382,any,112,N/A,IPv6,ICMP,N/A,v6,fe80::780a:a9ff:fee6:89,ff02::179,N/A,N/A,N/A,N/A,N/A,N/A,,,1
1759293382,any,56,N/A,IPv4,N/A,N/A,v4,172.30.0.163,224.0.0.22,N/A,N/A,N/A,N/A,N/A,N/A,,,1
1759293382,eth0,54,Ethernet,IPv4,N/A,N/A,v4,172.30.0.163,224.0.0.22,N/A,N/A,N/A,N/A,N/A,N/A,,,1
1759293382,any,109,N/A,N/A,N/A,N/A,N/A,N/A,N/A,N/A,N/A,N/A,N/A,N/A,N/A,,,0
1759293382,eth0,107,Ethernet,N/A,N/A,N/A,N/A,N/A,N/A,N/A,N/A,N/A,N/A,N/A,N/A,,,0
1759293383,any,92,N/A,IPv6,ICMP,N/A,v6,fe80::b0b5:44ff:feea:219,ff02::179,N/A,N/A,N/A,N/A,N/A,N/A,,,1
1759293383,eth0,90,Ethernet,IPv6,ICMP,N/A,v6,fe80::b0b5:44ff:feea:219,ff02::179,N/A,N/A,N/A,N/A,N/A,N/A,,,1
1759293383,eth0,90,Ethernet,IPv6,ICMP,N/A,v6,fe80::24f1:23ff:fe29:66,ff02::179,N/A,N/A,N/A,N/A,N/A,N/A,,,1
1759293383,eth0,54,Ethernet,IPv4,N/A,N/A,v4,172.30.0.23,224.0.0.22,N/A,N/A,N/A,N/A,N/A,N/A,,,1
1759293383,any,92,N/A,IPv6,ICMP,N/A,v6,fe80::24f1:23ff:fe29:66,ff02::179,N/A,N/A,N/A,N/A,N/A,N/A,,,1
1759293383,any,113,N/A,N/A,N/A,N/A,N/A,N/A,N/A,N/A,N/A,N/A,N/A,N/A,N/A,,,1
1759293383,eth0,111,Ethernet,N/A,N/A,N/A,N/A,N/A,N/A,N/A,N/A,N/A,N/A,N/A,N/A,,,1
1759293383,eth0,356,Ethernet,IPv4,UDP,N/A,v4,0.0.0.0,255.255.255.255,68,67,N/A,N/A,N/A,N/A,,,1
1759293383,any,358,N/A,IPv4,UDP,N/A,v4,0.0.0.0,255.255.255.255,68,67,N/A,N/A,N/A,N/A,,,1
1759293383,any,370,N/A,IPv4,UDP,N/A,v4,0.0.0.0,255.255.255.255,68,67,N/A,N/A,N/A,N/A,,,1
1759293383,eth0,368,Ethernet,IPv4,UDP,N/A,v4,0.0.0.0,255.255.255.255,68,67,N/A,N/A,N/A,N/A,,,1
1759293383,any,112,N/A,IPv6,ICMP,N/A,v6,fe80::7827:e3ff:fe68:239,ff02::179,N/A,N/A,N/A,N/A,N/A,N/A,,,1
1759293383,eth1,110,Ethernet,IPv6,ICMP,N/A,v6,fe80::7827:e3ff:fe68:239,ff02::179,N/A,N/A,N/A,N/A,N/A,N/A,,,1
1759293383,any,112,N/A,IPv6,ICMP,N/A,v6,fe80::24f1:23ff:fe29:66,ff02::179,N/A,N/A,N/A,N/A,N/A,N/A,,,1
1759293383,eth0,110,Ethernet,IPv6,ICMP,N/A,v6,fe80::24f1:23ff:fe29:66,ff02::179,N/A,N/A,N/A,N/A,N/A,N/A,,,1
1759293383,eth0,54,Ethernet,IPv4,N/A,N/A,v4,172.30.0.23,224.0.0.22,N/A,N/A,N/A,N/A,N/A,N/A,,,1
1759293383,any,72,N/A,IPv6,ICMP,N/A,v6,fe80::780a:a9ff:fee6:89,ff02::204,N/A,N/A,N/A,N/A,N/A,N/A,,,1
1759293383,eth1,70,Ethernet,IPv6,ICMP,N/A,v6,fe80::780a:a9ff:fee6:89,ff02::204,N/A,N/A,N/A,N/A,N/A,N/A,,,1
1759293383,eth0,70,Ethernet,IPv6,ICMP,N/A,v6,fe80::b0b5:44ff:feea:219,ff02::204,N/A,N/A,N/A,N/A,N/A,N/A,,,1
1759293383,any,44,ARP,N/A,N/A,N/A,N/A,N/A,N/A,N/A,N/A,1,2048,172.30.0.23,172.30.0.122,,,1
1759293383,eth0,42,Ethernet,N/A,N/A,N/A,N/A,N/A,N/A,N/A,N/A,N/A,N/A,N/A,N/A,,,1
1759293383,any,112,N/A,IPv6,ICMP,N/A,v6,fe80::7827:e3ff:fe68:239,ff02::179,N/A,N/A,N/A,N/A,N/A,N/A,,,1
1759293383,eth1,110,Ethernet,IPv6,ICMP,N/A,v6,fe80::7827:e3ff:fe68:239,ff02::179,N/A,N/A,N/A,N/A,N/A,N/A,,,1
1759293383,eth0,54,Ethernet,IPv4,N/A,N/A,v4,172.30.0.23,224.0.0.22,N/A,N/A,N/A,N/A,N/A,N/A,,,1
1759293383,any,56,N/A,IPv4,N/A,N/A,v4,172.30.0.23,224.0.0.22,N/A,N/A,N/A,N/A,N/A,N/A,,,1
1759293383,eth0,107,Ethernet,N/A,N/A,N/A,N/A,N/A,N/A,N/A,N/A,N/A,N/A,N/A,N/A,,,0
1759293383,any,109,N/A,N/A,N/A,N/A,N/A,N/A,N/A,N/A,N/A,N/A,N/A,N/A,N/A,,,0
1759293384,eth1,70,Ethernet,IPv6,ICMP,N/A,v6,fe80::7827:e3ff:fe68:239,ff02::204,N/A,N/A,N/A,N/A,N/A,N/A,,,1
1759293384,eth0,70,Ethernet,IPv6,ICMP,N/A,v6,fe80::24f1:23ff:fe29:66,ff02::204,N/A,N/A,N/A,N/A,N/A,N/A,,,1
1759293384,any,72,N/A,IPv6,ICMP,N/A,v6,fe80::24f1:23ff:fe29:66,ff02::204,N/A,N/A,N/A,N/A,N/A,N/A,,,1
1759293384,any,72,N/A,IPv6,ICMP,N/A,v6,fe80::7827:e3ff:fe68:239,ff02::204,N/A,N/A,N/A,N/A,N/A,N/A,,,1
1759293384,any,113,N/A,N/A,N/A,N/A,N/A,N/A,N/A,N/A,N/A,N/A,N/A,N/A,N/A,,,1
1759293384,eth0,111,Ethernet,N/A,N/A,N/A,N/A,N/A,N/A,N/A,N/A,N/A,N/A,N/A,N/A,,,1
1759293384,eth0,110,Ethernet,IPv6,ICMP,N/A,v6,fe80::24f1:23ff:fe29:66,ff02::179,N/A,N/A,N/A,N/A,N/A,N/A,,,1
1759293384,any,112,N/A,IPv6,ICMP,N/A,v6,fe80::24f1:23ff:fe29:66,ff02::179,N/A,N/A,N/A,N/A,N/A,N/A,,,1
1759293384,any,72,N/A,IPv6,ICMP,N/A,v6,fe80::103b:bdff:fef0:169,ff02::204,N/A,N/A,N/A,N/A,N/A,N/A,,,1
1759293384,eth1,70,Ethernet,IPv6,ICMP,N/A,v6,fe80::103b:bdff:fef0:169,ff02::204,N/A,N/A,N/A,N/A,N/A,N/A,,,1
1759293384,any,72,N/A,IPv6,ICMP,N/A,v6,fe80::e48e:99ff:fe5f:147,ff02::204,N/A,N/A,N/A,N/A,N/A,N/A,,,1
1759293384,eth0,70,Ethernet,IPv6,ICMP,N/A,v6,fe80::e48e:99ff:fe5f:147,ff02::204,N/A,N/A,N/A,N/A,N/A,N/A,,,1
1759293384,any,72,N/A,IPv6,ICMP,N/A,v6,fe80::ecf9:eff:fefb:55,ff02::204,N/A,N/A,N/A,N/A,N/A,N/A,,,1
1759293384,eth0,70,Ethernet,IPv6,ICMP,N/A,v6,fe80::ecf9:eff:fefb:55,ff02::204,N/A,N/A,N/A,N/A,N/A,N/A,,,1
1759293384,eth0,90,Ethernet,IPv6,ICMP,N/A,v6,fe80::e48e:99ff:fe5f:147,ff02::179,N/A,N/A,N/A,N/A,N/A,N/A,,,1
1759293384,eth0,54,Ethernet,IPv4,N/A,N/A,v4,172.30.0.220,224.0.0.22,N/A,N/A,N/A,N/A,N/A,N/A,,,1
1759293384,any,92,N/A,IPv6,ICMP,N/A,v6,fe80::e48e:99ff:fe5f:147,ff02::179,N/A,N/A,N/A,N/A,N/A,N/A,,,1
1759293384,eth0,90,Ethernet,IPv6,ICMP,N/A,v6,fe80::ecf9:eff:fefb:55,ff02::179,N/A,N/A,N/A,N/A,N/A,N/A,,,1
1759293384,eth0,56,Ethernet,IPv4,N/A,N/A,v4,172.30.0.89,224.0.0.22,N/A,N/A,N/A,N/A,N/A,N/A,,,1
1759293384,any,92,N/A,IPv6,ICMP,N/A,v6,fe80::ecf9:eff:fefb:55,ff02::179,N/A,N/A,N/A,N/A,N/A,N/A,,,1
1759293384,any,58,N/A,IPv4,N/A,N/A,v4,172.30.0.89,224.0.0.22,N/A,N/A,N/A,N/A,N/A,N/A,,,1
1759293384,eth0,91,Ethernet,IPv6,UDP,N/A,v6,fe80::e48e:99ff:fe5f:147,ff02::1:52,5355,5355,N/A,N/A,N/A,N/A,,,1
1759293384,any,93,N/A,IPv6,UDP,N/A,v6,fe80::e48e:99ff:fe5f:147,ff02::1:52,5355,5355,N/A,N/A,N/A,N/A,,,1
1759293384,eth0,356,Ethernet,IPv4,UDP,N/A,v4,0.0.0.0,255.255.255.255,68,67,N/A,N/A,N/A,N/A,,,1
1759293384,any,358,N/A,IPv4,UDP,N/A,v4,0.0.0.0,255.255.255.255,68,67,N/A,N/A,N/A,N/A,,,1
1759293384,eth0,368,Ethernet,IPv4,UDP,N/A,v4,0.0.0.0,255.255.255.255,68,67,N/A,N/A,N/A,N/A,,,1
1759293384,any,370,N/A,IPv4,UDP,N/A,v4,0.0.0.0,255.255.255.255,68,67,N/A,N/A,N/A,N/A,,,1
1759293384,eth0,360,Ethernet,IPv4,UDP,N/A,v4,0.0.0.0,255.255.255.255,68,67,N/A,N/A,N/A,N/A,,,1
1759293384,any,362,N/A,IPv4,UDP,N/A,v4,0.0.0.0,255.255.255.255,68,67,N/A,N/A,N/A,N/A,,,1
1759293384,eth0,372,Ethernet,IPv4,UDP,N/A,v4,0.0.0.0,255.255.255.255,68,67,N/A,N/A,N/A,N/A,,,1
1759293384,any,374,N/A,IPv4,UDP,N/A,v4,0.0.0.0,255.255.255.255,68,67,N/A,N/A,N/A,N/A,,,1
1759293384,eth1,110,Ethernet,IPv6,ICMP,N/A,v6,fe80::103b:bdff:fef0:169,ff02::179,N/A,N/A,N/A,N/A,N/A,N/A,,,1
1759293384,any,112,N/A,IPv6,ICMP,N/A,v6,fe80::103b:bdff:fef0:169,ff02::179,N/A,N/A,N/A,N/A,N/A,N/A,,,1
1759293384,eth2,110,Ethernet,IPv6,ICMP,N/A,v6,fe80::dcac:f9ff:fe59:60,ff02::179,N/A,N/A,N/A,N/A,N/A,N/A,,,1
1759293384,any,112,N/A,IPv6,ICMP,N/A,v6,fe80::f056:abff:fe65:143,ff02::179,N/A,N/A,N/A,N/A,N/A,N/A,,,1
1759293384,eth0,107,Ethernet,N/A,N/A,N/A,N/A,N/A,N/A,N/A,N/A,N/A,N/A,N/A,N/A,,,0
1759293384,any,109,N/A,N/A,N/A,N/A,N/A,N/A,N/A,N/A,N/A,N/A,N/A,N/A,N/A,,,0
1759293384,eth0,70,Ethernet,IPv6,ICMP,N/A,v6,fe80::5ca9:83ff:fe87:27,ff02::204,N/A,N/A,N/A,N/A,N/A,N/A,,,0
1759293384,eth1,70,Ethernet,IPv6,ICMP,N/A,v6,fe80::a824:52ff:fe4f:69,ff02::204,N/A,N/A,N/A,N/A,N/A,N/A,,,0
1759293384,any,72,N/A,IPv6,ICMP,N/A,v6,fe80::a824:52ff:fe4f:69,ff02::204,N/A,N/A,N/A,N/A,N/A,N/A,,,0
1759293384,eth1,110,Ethernet,IPv6,ICMP,N/A,v6,fe80::f056:abff:fe65:143,ff02::179,N/A,N/A,N/A,N/A,N/A,N/A,,,1
1759293384,eth0,56,Ethernet,IPv4,N/A,N/A,v4,172.30.0.89,224.0.0.22,N/A,N/A,N/A,N/A,N/A,N/A,,,1
1759293385,eth0,90,Ethernet,IPv6,ICMP,N/A,v6,fe80::5ca9:83ff:fe87:27,ff02::179,N/A,N/A,N/A,N/A,N/A,N/A,,,0
1759293385,eth0,54,Ethernet,IPv4,N/A,N/A,v4,172.30.0.220,224.0.0.22,N/A,N/A,N/A,N/A,N/A,N/A,,,0
1759293385,any,92,N/A,IPv6,ICMP,N/A,v6,fe80::5ca9:83ff:fe87:27,ff02::179,N/A,N/A,N/A,N/A,N/A,N/A,,,0
1759293385,eth0,356,Ethernet,IPv4,UDP,N/A,v4,0.0.0.0,255.255.255.255,68,67,N/A,N/A,N/A,N/A,,,0
1759293385,any,358,N/A,IPv4,UDP,N/A,v4,0.0.0.0,255.255.255.255,68,67,N/A,N/A,N/A,N/A,,,0
1759293385,eth0,368,Ethernet,IPv4,UDP,N/A,v4,0.0.0.0,255.255.255.255,68,67,N/A,N/A,N/A,N/A,,,0
1759293385,any,370,N/A,IPv4,UDP,N/A,v4,0.0.0.0,255.255.255.255,68,67,N/A,N/A,N/A,N/A,,,0
1759293385,eth1,110,Ethernet,IPv6,ICMP,N/A,v6,fe80::a824:52ff:fe4f:69,ff02::179,N/A,N/A,N/A,N/A,N/A,N/A,,,0
1759293385,any,112,N/A,IPv6,ICMP,N/A,v6,fe80::a824:52ff:fe4f:69,ff02::179,N/A,N/A,N/A,N/A,N/A,N/A,,,0
1759293385,eth0,110,Ethernet,IPv6,ICMP,N/A,v6,fe80::5ca9:83ff:fe87:27,ff02::179,N/A,N/A,N/A,N/A,N/A,N/A,,,0
1759293385,any,58,N/A,IPv4,N/A,N/A,v4,172.30.0.89,224.0.0.22,N/A,N/A,N/A,N/A,N/A,N/A,,,1
1759293385,any,112,N/A,IPv6,ICMP,N/A,v6,fe80::ecf9:eff:fefb:55,ff02::179,N/A,N/A,N/A,N/A,N/A,N/A,,,1
1759293385,any,112,N/A,IPv6,ICMP,N/A,v6,fe80::e48e:99ff:fe5f:147,ff02::179,N/A,N/A,N/A,N/A,N/A,N/A,,,1
1759293385,any,58,ARP,N/A,N/A,N/A,N/A,N/A,N/A,N/A,N/A,1,2048,172.30.0.89,172.30.0.122,,,1
1759293385,any,44,ARP,N/A,N/A,N/A,N/A,N/A,N/A,N/A,N/A,1,2048,172.30.0.220,172.30.0.122,,,1
1759293385,any,58,ARP,N/A,N/A,N/A,N/A,N/A,N/A,N/A,N/A,2,2048,172.30.0.122,172.30.0.220,,,1
1759293385,eth0,110,Ethernet,IPv6,ICMP,N/A,v6,fe80::ecf9:eff:fefb:55,ff02::179,N/A,N/A,N/A,N/A,N/A,N/A,,,1
1759293385,eth0,110,Ethernet,IPv6,ICMP,N/A,v6,fe80::e48e:99ff:fe5f:147,ff02::179,N/A,N/A,N/A,N/A,N/A,N/A,,,1
1759293385,eth0,54,Ethernet,IPv4,N/A,N/A,v4,172.30.0.220,224.0.0.22,N/A,N/A,N/A,N/A,N/A,N/A,,,1
1759293385,eth0,56,Ethernet,N/A,N/A,N/A,N/A,N/A,N/A,N/A,N/A,N/A,N/A,N/A,N/A,,,1
1759293385,eth0,42,Ethernet,N/A,N/A,N/A,N/A,N/A,N/A,N/A,N/A,N/A,N/A,N/A,N/A,,,1
1759293385,eth0,56,Ethernet,N/A,N/A,N/A,N/A,N/A,N/A,N/A,N/A,N/A,N/A,N/A,N/A,,,1
1759293385,eth0,56,Ethernet,N/A,N/A,N/A,N/A,N/A,N/A,N/A,N/A,N/A,N/A,N/A,N/A,,,1
1759293385,any,112,N/A,IPv6,ICMP,N/A,v6,fe80::dcac:f9ff:fe59:60,ff02::179,N/A,N/A,N/A,N/A,N/A,N/A,,,1
1759293385,eth2,110,Ethernet,IPv6,ICMP,N/A,v6,fe80::dcac:f9ff:fe59:60,ff02::179,N/A,N/A,N/A,N/A,N/A,N/A,,,1
1759293385,eth0,110,Ethernet,IPv6,ICMP,N/A,v6,fe80::e48e:99ff:fe5f:147,ff02::179,N/A,N/A,N/A,N/A,N/A,N/A,,,1
1759293385,any,112,N/A,IPv6,ICMP,N/A,v6,fe80::e48e:99ff:fe5f:147,ff02::179,N/A,N/A,N/A,N/A,N/A,N/A,,,1
1759293385,eth0,70,Ethernet,IPv6,ICMP,N/A,v6,fe80::ecf9:eff:fefb:55,ff02::204,N/A,N/A,N/A,N/A,N/A,N/A,,,1
1759293385,any,72,N/A,IPv6,ICMP,N/A,v6,fe80::ecf9:eff:fefb:55,ff02::204,N/A,N/A,N/A,N/A,N/A,N/A,,,1
1759293385,eth1,70,Ethernet,IPv6,ICMP,N/A,v6,fe80::103b:bdff:fef0:169,ff02::204,N/A,N/A,N/A,N/A,N/A,N/A,,,1
1759293385,any,72,N/A,IPv6,ICMP,N/A,v6,fe80::103b:bdff:fef0:169,ff02::204,N/A,N/A,N/A,N/A,N/A,N/A,,,1
1759293385,any,112,N/A,IPv6,ICMP,N/A,v6,fe80::f056:abff:fe65:143,ff02::179,N/A,N/A,N/A,N/A,N/A,N/A,,,1
1759293385,eth1,110,Ethernet,IPv6,ICMP,N/A,v6,fe80::f056:abff:fe65:143,ff02::179,N/A,N/A,N/A,N/A,N/A,N/A,,,1
1759293385,any,56,N/A,IPv4,N/A,N/A,v4,172.30.0.220,224.0.0.22,N/A,N/A,N/A,N/A,N/A,N/A,,,1
1759293385,eth0,54,Ethernet,IPv4,N/A,N/A,v4,172.30.0.220,224.0.0.22,N/A,N/A,N/A,N/A,N/A,N/A,,,1
1759293385,any,72,N/A,IPv6,ICMP,N/A,v6,fe80::dcac:f9ff:fe59:60,ff02::204,N/A,N/A,N/A,N/A,N/A,N/A,,,1
1759293385,eth2,70,Ethernet,IPv6,ICMP,N/A,v6,fe80::dcac:f9ff:fe59:60,ff02::204,N/A,N/A,N/A,N/A,N/A,N/A,,,1
1759293385,eth1,70,Ethernet,IPv6,ICMP,N/A,v6,fe80::f056:abff:fe65:143,ff02::204,N/A,N/A,N/A,N/A,N/A,N/A,,,1
1759293385,eth0,70,Ethernet,IPv6,ICMP,N/A,v6,fe80::e48e:99ff:fe5f:147,ff02::204,N/A,N/A,N/A,N/A,N/A,N/A,,,1
1759293385,any,58,N/A,IPv4,N/A,N/A,v4,172.30.0.89,224.0.0.22,N/A,N/A,N/A,N/A,N/A,N/A,,,1
1759293385,eth0,56,Ethernet,IPv4,N/A,N/A,v4,172.30.0.89,224.0.0.22,N/A,N/A,N/A,N/A,N/A,N/A,,,1
1759293385,eth1,110,Ethernet,IPv6,ICMP,N/A,v6,fe80::103b:bdff:fef0:169,ff02::179,N/A,N/A,N/A,N/A,N/A,N/A,,,1
1759293385,any,112,N/A,IPv6,ICMP,N/A,v6,fe80::103b:bdff:fef0:169,ff02::179,N/A,N/A,N/A,N/A,N/A,N/A,,,1
1759293385,eth0,110,Ethernet,IPv6,ICMP,N/A,v6,fe80::ecf9:eff:fefb:55,ff02::179,N/A,N/A,N/A,N/A,N/A,N/A,,,1
1759293385,any,112,N/A,IPv6,ICMP,N/A,v6,fe80::ecf9:eff:fefb:55,ff02::179,N/A,N/A,N/A,N/A,N/A,N/A,,,1
1759293385,eth0,54,Ethernet,IPv4,N/A,N/A,v4,172.30.0.220,224.0.0.22,N/A,N/A,N/A,N/A,N/A,N/A,,,0
1759293385,eth0,42,Ethernet,N/A,N/A,N/A,N/A,N/A,N/A,N/A,N/A,N/A,N/A,N/A,N/A,,,0
1759293385,eth0,56,Ethernet,N/A,N/A,N/A,N/A,N/A,N/A,N/A,N/A,N/A,N/A,N/A,N/A,,,0
1759293385,any,112,N/A,IPv6,ICMP,N/A,v6,fe80::5ca9:83ff:fe87:27,ff02::179,N/A,N/A,N/A,N/A,N/A,N/A,,,0
1759293385,any,44,ARP,N/A,N/A,N/A,N/A,N/A,N/A,N/A,N/A,1,2048,172.30.0.220,172.30.0.122,,,0
1759293385,any,58,ARP,N/A,N/A,N/A,N/A,N/A,N/A,N/A,N/A,2,2048,172.30.0.122,172.30.0.220,,,0
1759293385,any,58,ARP,N/A,N/A,N/A,N/A,N/A,N/A,N/A,N/A,2,2048,172.30.0.122,172.30.0.220,,,0
1759293385,eth0,110,Ethernet,IPv6,ICMP,N/A,v6,fe80::5ca9:83ff:fe87:27,ff02::179,N/A,N/A,N/A,N/A,N/A,N/A,,,0
1759293385,any,112,N/A,IPv6,ICMP,N/A,v6,fe80::5ca9:83ff:fe87:27,ff02::179,N/A,N/A,N/A,N/A,N/A,N/A,,,0
1759293385,any,56,N/A,IPv4,N/A,N/A,v4,172.30.0.220,224.0.0.22,N/A,N/A,N/A,N/A,N/A,N/A,,,0
1759293385,eth1,110,Ethernet,IPv6,ICMP,N/A,v6,fe80::a824:52ff:fe4f:69,ff02::179,N/A,N/A,N/A,N/A,N/A,N/A,,,0
1759293385,eth0,54,Ethernet,IPv4,N/A,N/A,v4,172.30.0.220,224.0.0.22,N/A,N/A,N/A,N/A,N/A,N/A,,,0
1759293385,any,72,N/A,IPv6,ICMP,N/A,v6,fe80::a824:52ff:fe4f:69,ff02::204,N/A,N/A,N/A,N/A,N/A,N/A,,,0
1759293385,eth1,70,Ethernet,IPv6,ICMP,N/A,v6,fe80::a824:52ff:fe4f:69,ff02::204,N/A,N/A,N/A,N/A,N/A,N/A,,,0
1759293385,eth0,70,Ethernet,IPv6,ICMP,N/A,v6,fe80::5ca9:83ff:fe87:27,ff02::204,N/A,N/A,N/A,N/A,N/A,N/A,,,0
1759293386,eth0,111,Ethernet,N/A,N/A,N/A,N/A,N/A,N/A,N/A,N/A,N/A,N/A,N/A,N/A,,,1
1759293386,any,113,N/A,N/A,N/A,N/A,N/A,N/A,N/A,N/A,N/A,N/A,N/A,N/A,N/A,,,1
1759293386,eth0,107,Ethernet,N/A,N/A,N/A,N/A,N/A,N/A,N/A,N/A,N/A,N/A,N/A,N/A,,,0
1759293386,any,109,N/A,N/A,N/A,N/A,N/A,N/A,N/A,N/A,N/A,N/A,N/A,N/A,N/A,,,0
1759293387,any,72,N/A,IPv6,ICMP,N/A,v6,fe80::780a:a9ff:fee6:89,ff02::204,N/A,N/A,N/A,N/A,N/A,N/A,,,1
1759293387,eth1,70,Ethernet,IPv6,ICMP,N/A,v6,fe80::780a:a9ff:fee6:89,ff02::204,N/A,N/A,N/A,N/A,N/A,N/A,,,1
1759293387,any,113,N/A,N/A,N/A,N/A,N/A,N/A,N/A,N/A,N/A,N/A,N/A,N/A,N/A,,,1
1759293387,eth0,111,Ethernet,N/A,N/A,N/A,N/A,N/A,N/A,N/A,N/A,N/A,N/A,N/A,N/A,,,1
1759293387,any,72,N/A,IPv6,ICMP,N/A,v6,fe80::7827:e3ff:fe68:239,ff02::204,N/A,N/A,N/A,N/A,N/A,N/A,,,1
1759293387,eth1,70,Ethernet,IPv6,ICMP,N/A,v6,fe80::7827:e3ff:fe68:239,ff02::204,N/A,N/A,N/A,N/A,N/A,N/A,,,1
1759293387,any,72,N/A,IPv6,ICMP,N/A,v6,fe80::b0b5:44ff:feea:219,ff02::204,N/A,N/A,N/A,N/A,N/A,N/A,,,1
1759293387,eth0,70,Ethernet,IPv6,ICMP,N/A,v6,fe80::b0b5:44ff:feea:219,ff02::204,N/A,N/A,N/A,N/A,N/A,N/A,,,1
1759293387,any,92,N/A,IPv6,ICMP,N/A,v6,fe80::b0b5:44ff:feea:219,ff02::179,N/A,N/A,N/A,N/A,N/A,N/A,,,1
1759293387,eth0,90,Ethernet,IPv6,ICMP,N/A,v6,fe80::b0b5:44ff:feea:219,ff02::179,N/A,N/A,N/A,N/A,N/A,N/A,,,1
1759293387,eth0,54,Ethernet,IPv4,N/A,N/A,v4,172.30.0.163,224.0.0.22,N/A,N/A,N/A,N/A,N/A,N/A,,,1
1759293387,eth0,90,Ethernet,IPv6,ICMP,N/A,v6,fe80::b0b5:44ff:feea:219,ff02::179,N/A,N/A,N/A,N/A,N/A,N/A,,,1
1759293387,any,92,N/A,IPv6,ICMP,N/A,v6,fe80::b0b5:44ff:feea:219,ff02::179,N/A,N/A,N/A,N/A,N/A,N/A,,,1
1759293387,any,70,N/A,IPv4,UDP,N/A,v4,172.30.0.163,224.0.0.252,5355,5355,N/A,N/A,N/A,N/A,,,1
1759293387,eth0,68,Ethernet,IPv4,UDP,N/A,v4,172.30.0.163,224.0.0.252,5355,5355,N/A,N/A,N/A,N/A,,,1
1759293387,any,90,N/A,IPv6,UDP,N/A,v6,fe80::b0b5:44ff:feea:219,ff02::1:52,5355,5355,N/A,N/A,N/A,N/A,,,1
1759293387,eth0,88,Ethernet,IPv6,UDP,N/A,v6,fe80::b0b5:44ff:feea:219,ff02::1:52,5355,5355,N/A,N/A,N/A,N/A,,,1
1759293387,any,359,N/A,IPv4,UDP,N/A,v4,0.0.0.0,255.255.255.255,68,67,N/A,N/A,N/A,N/A,,,1
1759293387,eth0,357,Ethernet,IPv4,UDP,N/A,v4,0.0.0.0,255.255.255.255,68,67,N/A,N/A,N/A,N/A,,,1
1759293387,any,371,N/A,IPv4,UDP,N/A,v4,0.0.0.0,255.255.255.255,68,67,N/A,N/A,N/A,N/A,,,1
1759293387,eth0,369,Ethernet,IPv4,UDP,N/A,v4,0.0.0.0,255.255.255.255,68,67,N/A,N/A,N/A,N/A,,,1
1759293387,any,112,N/A,IPv6,ICMP,N/A,v6,fe80::780a:a9ff:fee6:89,ff02::179,N/A,N/A,N/A,N/A,N/A,N/A,,,1
1759293387,eth1,110,Ethernet,IPv6,ICMP,N/A,v6,fe80::780a:a9ff:fee6:89,ff02::179,N/A,N/A,N/A,N/A,N/A,N/A,,,1
1759293387,any,112,N/A,IPv6,ICMP,N/A,v6,fe80::b0b5:44ff:feea:219,ff02::179,N/A,N/A,N/A,N/A,N/A,N/A,,,1
1759293387,eth0,110,Ethernet,IPv6,ICMP,N/A,v6,fe80::b0b5:44ff:feea:219,ff02::179,N/A,N/A,N/A,N/A,N/A,N/A,,,1
1759293387,eth0,54,Ethernet,IPv4,N/A,N/A,v4,172.30.0.163,224.0.0.22,N/A,N/A,N/A,N/A,N/A,N/A,,,1
1759293387,eth0,42,Ethernet,N/A,N/A,N/A,N/A,N/A,N/A,N/A,N/A,N/A,N/A,N/A,N/A,,,1
1759293387,any,44,ARP,N/A,N/A,N/A,N/A,N/A,N/A,N/A,N/A,1,2048,172.30.0.163,172.30.0.122,,,1
1759293387,any,109,N/A,N/A,N/A,N/A,N/A,N/A,N/A,N/A,N/A,N/A,N/A,N/A,N/A,,,0
1759293387,eth0,107,Ethernet,N/A,N/A,N/A,N/A,N/A,N/A,N/A,N/A,N/A,N/A,N/A,N/A,,,0
1759293388,any,112,N/A,IPv6,ICMP,N/A,v6,fe80::b0b5:44ff:feea:219,ff02::179,N/A,N/A,N/A,N/A,N/A,N/A,,,1
1759293388,eth0,110,Ethernet,IPv6,ICMP,N/A,v6,fe80::b0b5:44ff:feea:219,ff02::179,N/A,N/A,N/A,N/A,N/A,N/A,,,1
1759293388,eth0,90,Ethernet,IPv6,ICMP,N/A,v6,fe80::24f1:23ff:fe29:66,ff02::179,N/A,N/A,N/A,N/A,N/A,N/A,,,1
1759293388,eth0,54,Ethernet,IPv4,N/A,N/A,v4,172.30.0.23,224.0.0.22,N/A,N/A,N/A,N/A,N/A,N/A,,,1
1759293388,any,92,N/A,IPv6,ICMP,N/A,v6,fe80::24f1:23ff:fe29:66,ff02::179,N/A,N/A,N/A,N/A,N/A,N/A,,,1
1759293388,any,69,N/A,IPv4,UDP,N/A,v4,172.30.0.23,224.0.0.252,5355,5355,N/A,N/A,N/A,N/A,,,1
1759293388,eth0,67,Ethernet,IPv4,UDP,N/A,v4,172.30.0.23,224.0.0.252,5355,5355,N/A,N/A,N/A,N/A,,,1
1759293388,eth0,87,Ethernet,IPv6,UDP,N/A,v6,fe80::24f1:23ff:fe29:66,ff02::1:52,5355,5355,N/A,N/A,N/A,N/A,,,1
1759293388,eth0,356,Ethernet,IPv4,UDP,N/A,v4,0.0.0.0,255.255.255.255,68,67,N/A,N/A,N/A,N/A,,,1
1759293388,any,358,N/A,IPv4,UDP,N/A,v4,0.0.0.0,255.255.255.255,68,67,N/A,N/A,N/A,N/A,,,1
1759293388,eth0,368,Ethernet,IPv4,UDP,N/A,v4,0.0.0.0,255.255.255.255,68,67,N/A,N/A,N/A,N/A,,,1
1759293388,any,370,N/A,IPv4,UDP,N/A,v4,0.0.0.0,255.255.255.255,68,67,N/A,N/A,N/A,N/A,,,1
1759293388,any,112,N/A,IPv6,ICMP,N/A,v6,fe80::7827:e3ff:fe68:239,ff02::179,N/A,N/A,N/A,N/A,N/A,N/A,,,1
1759293388,eth1,110,Ethernet,IPv6,ICMP,N/A,v6,fe80::7827:e3ff:fe68:239,ff02::179,N/A,N/A,N/A,N/A,N/A,N/A,,,1
1759293388,eth0,110,Ethernet,IPv6,ICMP,N/A,v6,fe80::24f1:23ff:fe29:66,ff02::179,N/A,N/A,N/A,N/A,N/A,N/A,,,1
1759293388,eth0,54,Ethernet,IPv4,N/A,N/A,v4,172.30.0.23,224.0.0.22,N/A,N/A,N/A,N/A,N/A,N/A,,,1
1759293388,any,112,N/A,IPv6,ICMP,N/A,v6,fe80::24f1:23ff:fe29:66,ff02::179,N/A,N/A,N/A,N/A,N/A,N/A,,,1
1759293388,eth0,42,Ethernet,N/A,N/A,N/A,N/A,N/A,N/A,N/A,N/A,N/A,N/A,N/A,N/A,,,1
1759293388,any,44,ARP,N/A,N/A,N/A,N/A,N/A,N/A,N/A,N/A,1,2048,172.30.0.23,172.30.0.122,,,1
1759293388,eth0,54,Ethernet,IPv4,N/A,N/A,v4,172.30.0.23,224.0.0.22,N/A,N/A,N/A,N/A,N/A,N/A,,,1
1759293388,any,56,N/A,IPv4,N/A,N/A,v4,172.30.0.23,224.0.0.22,N/A,N/A,N/A,N/A,N/A,N/A,,,1
1759293388,eth0,111,Ethernet,N/A,N/A,N/A,N/A,N/A,N/A,N/A,N/A,N/A,N/A,N/A,N/A,,,1
1759293388,any,113,N/A,N/A,N/A,N/A,N/A,N/A,N/A,N/A,N/A,N/A,N/A,N/A,N/A,,,1
1759293388,any,112,N/A,IPv6,ICMP,N/A,v6,fe80::780a:a9ff:fee6:89,ff02::179,N/A,N/A,N/A,N/A,N/A,N/A,,,1
1759293388,eth1,110,Ethernet,IPv6,ICMP,N/A,v6,fe80::780a:a9ff:fee6:89,ff02::179,N/A,N/A,N/A,N/A,N/A,N/A,,,1
1759293388,eth0,110,Ethernet,IPv6,ICMP,N/A,v6,fe80::24f1:23ff:fe29:66,ff02::179,N/A,N/A,N/A,N/A,N/A,N/A,,,1
1759293388,any,112,N/A,IPv6,ICMP,N/A,v6,fe80::24f1:23ff:fe29:66,ff02::179,N/A,N/A,N/A,N/A,N/A,N/A,,,1
1759293388,eth0,54,Ethernet,IPv4,N/A,N/A,v4,172.30.0.163,224.0.0.22,N/A,N/A,N/A,N/A,N/A,N/A,,,1
1759293388,any,56,N/A,IPv4,N/A,N/A,v4,172.30.0.163,224.0.0.22,N/A,N/A,N/A,N/A,N/A,N/A,,,1
1759293388,any,112,N/A,IPv6,ICMP,N/A,v6,fe80::7827:e3ff:fe68:239,ff02::179,N/A,N/A,N/A,N/A,N/A,N/A,,,1
1759293388,eth1,110,Ethernet,IPv6,ICMP,N/A,v6,fe80::7827:e3ff:fe68:239,ff02::179,N/A,N/A,N/A,N/A,N/A,N/A,,,1
1759293388,eth0,90,Ethernet,IPv6,ICMP,N/A,v6,fe80::ecf9:eff:fefb:55,ff02::179,N/A,N/A,N/A,N/A,N/A,N/A,,,1
1759293388,eth0,56,Ethernet,IPv4,N/A,N/A,v4,172.30.0.89,224.0.0.22,N/A,N/A,N/A,N/A,N/A,N/A,,,1
1759293388,eth0,107,Ethernet,N/A,N/A,N/A,N/A,N/A,N/A,N/A,N/A,N/A,N/A,N/A,N/A,,,0
1759293388,any,109,N/A,N/A,N/A,N/A,N/A,N/A,N/A,N/A,N/A,N/A,N/A,N/A,N/A,,,0
1759293388,any,92,N/A,IPv6,ICMP,N/A,v6,fe80::ecf9:eff:fefb:55,ff02::179,N/A,N/A,N/A,N/A,N/A,N/A,,,1
1759293388,eth0,90,Ethernet,IPv6,ICMP,N/A,v6,fe80::e48e:99ff:fe5f:147,ff02::179,N/A,N/A,N/A,N/A,N/A,N/A,,,1
1759293388,eth0,54,Ethernet,IPv4,N/A,N/A,v4,172.30.0.220,224.0.0.22,N/A,N/A,N/A,N/A,N/A,N/A,,,1
1759293388,any,92,N/A,IPv6,ICMP,N/A,v6,fe80::e48e:99ff:fe5f:147,ff02::179,N/A,N/A,N/A,N/A,N/A,N/A,,,1
1759293388,eth0,87,Ethernet,IPv6,UDP,N/A,v6,fe80::ecf9:eff:fefb:55,ff02::1:52,5355,5355,N/A,N/A,N/A,N/A,,,1
1759293388,any,89,N/A,IPv6,UDP,N/A,v6,fe80::ecf9:eff:fefb:55,ff02::1:52,5355,5355,N/A,N/A,N/A,N/A,,,1
1759293388,eth0,356,Ethernet,IPv4,UDP,N/A,v4,0.0.0.0,255.255.255.255,68,67,N/A,N/A,N/A,N/A,,,1
1759293388,any,358,N/A,IPv4,UDP,N/A,v4,0.0.0.0,255.255.255.255,68,67,N/A,N/A,N/A,N/A,,,1
1759293388,eth0,368,Ethernet,IPv4,UDP,N/A,v4,0.0.0.0,255.255.255.255,68,67,N/A,N/A,N/A,N/A,,,1
1759293388,any,370,N/A,IPv4,UDP,N/A,v4,0.0.0.0,255.255.255.255,68,67,N/A,N/A,N/A,N/A,,,1
1759293388,eth1,110,Ethernet,IPv6,ICMP,N/A,v6,fe80::103b:bdff:fef0:169,ff02::179,N/A,N/A,N/A,N/A,N/A,N/A,,,1
1759293388,any,112,N/A,IPv6,ICMP,N/A,v6,fe80::103b:bdff:fef0:169,ff02::179,N/A,N/A,N/A,N/A,N/A,N/A,,,1
1759293389,eth0,90,Ethernet,IPv6,ICMP,N/A,v6,fe80::5ca9:83ff:fe87:27,ff02::179,N/A,N/A,N/A,N/A,N/A,N/A,,,0
1759293389,eth0,54,Ethernet,IPv4,N/A,N/A,v4,172.30.0.220,224.0.0.22,N/A,N/A,N/A,N/A,N/A,N/A,,,0
1759293389,any,92,N/A,IPv6,ICMP,N/A,v6,fe80::5ca9:83ff:fe87:27,ff02::179,N/A,N/A,N/A,N/A,N/A,N/A,,,0
1759293389,eth0,67,Ethernet,IPv4,UDP,N/A,v4,172.30.0.220,224.0.0.252,5355,5355,N/A,N/A,N/A,N/A,,,0
1759293389,eth0,360,Ethernet,IPv4,UDP,N/A,v4,0.0.0.0,255.255.255.255,68,67,N/A,N/A,N/A,N/A,,,1
1759293389,any,362,N/A,IPv4,UDP,N/A,v4,0.0.0.0,255.255.255.255,68,67,N/A,N/A,N/A,N/A,,,1
1759293389,any,112,N/A,IPv6,ICMP,N/A,v6,fe80::ecf9:eff:fefb:55,ff02::179,N/A,N/A,N/A,N/A,N/A,N/A,,,1
1759293389,eth0,110,Ethernet,IPv6,ICMP,N/A,v6,fe80::ecf9:eff:fefb:55,ff02::179,N/A,N/A,N/A,N/A,N/A,N/A,,,1
1759293389,eth0,56,Ethernet,IPv4,N/A,N/A,v4,172.30.0.89,224.0.0.22,N/A,N/A,N/A,N/A,N/A,N/A,,,1
1759293389,eth0,56,Ethernet,N/A,N/A,N/A,N/A,N/A,N/A,N/A,N/A,N/A,N/A,N/A,N/A,,,1
1759293389,any,58,ARP,N/A,N/A,N/A,N/A,N/A,N/A,N/A,N/A,1,2048,172.30.0.89,172.30.0.122,,,1
1759293389,eth0,372,Ethernet,IPv4,UDP,N/A,v4,0.0.0.0,255.255.255.255,68,67,N/A,N/A,N/A,N/A,,,1
1759293389,any,374,N/A,IPv4,UDP,N/A,v4,0.0.0.0,255.255.255.255,68,67,N/A,N/A,N/A,N/A,,,1
1759293389,eth2,110,Ethernet,IPv6,ICMP,N/A,v6,fe80::dcac:f9ff:fe59:60,ff02::179,N/A,N/A,N/A,N/A,N/A,N/A,,,1
1759293389,any,112,N/A,IPv6,ICMP,N/A,v6,fe80::f056:abff:fe65:143,ff02::179,N/A,N/A,N/A,N/A,N/A,N/A,,,1
1759293389,eth1,110,Ethernet,IPv6,ICMP,N/A,v6,fe80::f056:abff:fe65:143,ff02::179,N/A,N/A,N/A,N/A,N/A,N/A,,,1
1759293389,eth0,110,Ethernet,IPv6,ICMP,N/A,v6,fe80::e48e:99ff:fe5f:147,ff02::179,N/A,N/A,N/A,N/A,N/A,N/A,,,1
1759293389,eth0,54,Ethernet,IPv4,N/A,N/A,v4,172.30.0.220,224.0.0.22,N/A,N/A,N/A,N/A,N/A,N/A,,,1
1759293389,eth0,42,Ethernet,N/A,N/A,N/A,N/A,N/A,N/A,N/A,N/A,N/A,N/A,N/A,N/A,,,1
1759293389,eth0,56,Ethernet,N/A,N/A,N/A,N/A,N/A,N/A,N/A,N/A,N/A,N/A,N/A,N/A,,,1
1759293389,eth0,56,Ethernet,N/A,N/A,N/A,N/A,N/A,N/A,N/A,N/A,N/A,N/A,N/A,N/A,,,1
1759293389,any,112,N/A,IPv6,ICMP,N/A,v6,fe80::e48e:99ff:fe5f:147,ff02::179,N/A,N/A,N/A,N/A,N/A,N/A,,,1
1759293389,any,44,ARP,N/A,N/A,N/A,N/A,N/A,N/A,N/A,N/A,1,2048,172.30.0.220,172.30.0.122,,,1
1759293389,any,58,ARP,N/A,N/A,N/A,N/A,N/A,N/A,N/A,N/A,2,2048,172.30.0.122,172.30.0.220,,,1
1759293389,any,58,ARP,N/A,N/A,N/A,N/A,N/A,N/A,N/A,N/A,2,2048,172.30.0.122,172.30.0.220,,,1
1759293389,eth0,70,Ethernet,IPv6,ICMP,N/A,v6,fe80::24f1:23ff:fe29:66,ff02::204,N/A,N/A,N/A,N/A,N/A,N/A,,,1
1759293389,eth1,70,Ethernet,IPv6,ICMP,N/A,v6,fe80::7827:e3ff:fe68:239,ff02::204,N/A,N/A,N/A,N/A,N/A,N/A,,,1
1759293389,any,72,N/A,IPv6,ICMP,N/A,v6,fe80::7827:e3ff:fe68:239,ff02::204,N/A,N/A,N/A,N/A,N/A,N/A,,,1
1759293389,eth0,56,Ethernet,IPv4,N/A,N/A,v4,172.30.0.89,224.0.0.22,N/A,N/A,N/A,N/A,N/A,N/A,,,1
1759293389,any,58,N/A,IPv4,N/A,N/A,v4,172.30.0.89,224.0.0.22,N/A,N/A,N/A,N/A,N/A,N/A,,,1
1759293389,eth1,70,Ethernet,IPv6,ICMP,N/A,v6,fe80::780a:a9ff:fee6:89,ff02::204,N/A,N/A,N/A,N/A,N/A,N/A,,,1
1759293389,any,72,N/A,IPv6,ICMP,N/A,v6,fe80::b0b5:44ff:feea:219,ff02::204,N/A,N/A,N/A,N/A,N/A,N/A,,,1
1759293389,any,72,N/A,IPv6,ICMP,N/A,v6,fe80::780a:a9ff:fee6:89,ff02::204,N/A,N/A,N/A,N/A,N/A,N/A,,,1
1759293389,eth0,70,Ethernet,IPv6,ICMP,N/A,v6,fe80::b0b5:44ff:feea:219,ff02::204,N/A,N/A,N/A,N/A,N/A,N/A,,,1
1759293389,any,112,N/A,IPv6,ICMP,N/A,v6,fe80::e48e:99ff:fe5f:147,ff02::179,N/A,N/A,N/A,N/A,N/A,N/A,,,1
1759293389,eth0,110,Ethernet,IPv6,ICMP,N/A,v6,fe80::e48e:99ff:fe5f:147,ff02::179,N/A,N/A,N/A,N/A,N/A,N/A,,,1
1759293389,any,112,N/A,IPv6,ICMP,N/A,v6,fe80::f056:abff:fe65:143,ff02::179,N/A,N/A,N/A,N/A,N/A,N/A,,,1
1759293389,eth1,110,Ethernet,IPv6,ICMP,N/A,v6,fe80::f056:abff:fe65:143,ff02::179,N/A,N/A,N/A,N/A,N/A,N/A,,,1
1759293389,any,112,N/A,IPv6,ICMP,N/A,v6,fe80::103b:bdff:fef0:169,ff02::179,N/A,N/A,N/A,N/A,N/A,N/A,,,1
1759293389,eth1,110,Ethernet,IPv6,ICMP,N/A,v6,fe80::103b:bdff:fef0:169,ff02::179,N/A,N/A,N/A,N/A,N/A,N/A,,,1
1759293389,eth2,70,Ethernet,IPv6,ICMP,N/A,v6,fe80::dcac:f9ff:fe59:60,ff02::204,N/A,N/A,N/A,N/A,N/A,N/A,,,1
1759293389,any,72,N/A,IPv6,ICMP,N/A,v6,fe80::dcac:f9ff:fe59:60,ff02::204,N/A,N/A,N/A,N/A,N/A,N/A,,,1
1759293389,any,69,N/A,IPv4,UDP,N/A,v4,172.30.0.220,224.0.0.252,5355,5355,N/A,N/A,N/A,N/A,,,0
1759293389,eth0,356,Ethernet,IPv4,UDP,N/A,v4,0.0.0.0,255.255.255.255,68,67,N/A,N/A,N/A,N/A,,,0
1759293389,any,358,N/A,IPv4,UDP,N/A,v4,0.0.0.0,255.255.255.255,68,67,N/A,N/A,N/A,N/A,,,0
1759293389,eth0,368,Ethernet,IPv4,UDP,N/A,v4,0.0.0.0,255.255.255.255,68,67,N/A,N/A,N/A,N/A,,,0
1759293389,any,370,N/A,IPv4,UDP,N/A,v4,0.0.0.0,255.255.255.255,68,67,N/A,N/A,N/A,N/A,,,0
1759293389,eth1,110,Ethernet,IPv6,ICMP,N/A,v6,fe80::a824:52ff:fe4f:69,ff02::179,N/A,N/A,N/A,N/A,N/A,N/A,,,0
1759293389,any,112,N/A,IPv6,ICMP,N/A,v6,fe80::a824:52ff:fe4f:69,ff02::179,N/A,N/A,N/A,N/A,N/A,N/A,,,0
1759293389,any,112,N/A,IPv6,ICMP,N/A,v6,fe80::5ca9:83ff:fe87:27,ff02::179,N/A,N/A,N/A,N/A,N/A,N/A,,,0
1759293389,eth0,110,Ethernet,IPv6,ICMP,N/A,v6,fe80::5ca9:83ff:fe87:27,ff02::179,N/A,N/A,N/A,N/A,N/A,N/A,,,0
1759293389,eth0,54,Ethernet,IPv4,N/A,N/A,v4,172.30.0.220,224.0.0.22,N/A,N/A,N/A,N/A,N/A,N/A,,,0
1759293389,any,56,N/A,IPv4,N/A,N/A,v4,172.30.0.220,224.0.0.22,N/A,N/A,N/A,N/A,N/A,N/A,,,0
1759293389,eth0,54,Ethernet,IPv4,N/A,N/A,v4,172.30.0.220,224.0.0.22,N/A,N/A,N/A,N/A,N/A,N/A,,,0
1759293389,any,44,ARP,N/A,N/A,N/A,N/A,N/A,N/A,N/A,N/A,1,2048,172.30.0.220,172.30.0.122,,,0
1759293389,eth0,42,Ethernet,N/A,N/A,N/A,N/A,N/A,N/A,N/A,N/A,N/A,N/A,N/A,N/A,,,0
1759293389,eth0,56,Ethernet,N/A,N/A,N/A,N/A,N/A,N/A,N/A,N/A,N/A,N/A,N/A,N/A,,,0
1759293389,eth0,56,Ethernet,N/A,N/A,N/A,N/A,N/A,N/A,N/A,N/A,N/A,N/A,N/A,N/A,,,0
1759293389,any,58,ARP,N/A,N/A,N/A,N/A,N/A,N/A,N/A,N/A,2,2048,172.30.0.122,172.30.0.220,,,0
1759293389,eth0,110,Ethernet,IPv6,ICMP,N/A,v6,fe80::5ca9:83ff:fe87:27,ff02::179,N/A,N/A,N/A,N/A,N/A,N/A,,,0
1759293389,any,112,N/A,IPv6,ICMP,N/A,v6,fe80::5ca9:83ff:fe87:27,ff02::179,N/A,N/A,N/A,N/A,N/A,N/A,,,0
1759293389,any,72,N/A,IPv6,ICMP,N/A,v6,fe80::e48e:99ff:fe5f:147,ff02::204,N/A,N/A,N/A,N/A,N/A,N/A,,,1
1759293389,any,72,N/A,IPv6,ICMP,N/A,v6,fe80::f056:abff:fe65:143,ff02::204,N/A,N/A,N/A,N/A,N/A,N/A,,,1
1759293389,eth0,70,Ethernet,IPv6,ICMP,N/A,v6,fe80::e48e:99ff:fe5f:147,ff02::204,N/A,N/A,N/A,N/A,N/A,N/A,,,1
1759293389,eth1,70,Ethernet,IPv6,ICMP,N/A,v6,fe80::f056:abff:fe65:143,ff02::204,N/A,N/A,N/A,N/A,N/A,N/A,,,1
1759293389,any,112,N/A,IPv6,ICMP,N/A,v6,fe80::dcac:f9ff:fe59:60,ff02::179,N/A,N/A,N/A,N/A,N/A,N/A,,,1
1759293389,eth2,110,Ethernet,IPv6,ICMP,N/A,v6,fe80::dcac:f9ff:fe59:60,ff02::179,N/A,N/A,N/A,N/A,N/A,N/A,,,1
1759293389,eth0,110,Ethernet,IPv6,ICMP,N/A,v6,fe80::ecf9:eff:fefb:55,ff02::179,N/A,N/A,N/A,N/A,N/A,N/A,,,1
1759293389,any,112,N/A,IPv6,ICMP,N/A,v6,fe80::ecf9:eff:fefb:55,ff02::179,N/A,N/A,N/A,N/A,N/A,N/A,,,1
1759293389,eth1,70,Ethernet,IPv6,ICMP,N/A,v6,fe80::103b:bdff:fef0:169,ff02::204,N/A,N/A,N/A,N/A,N/A,N/A,,,1
1759293389,any,72,N/A,IPv6,ICMP,N/A,v6,fe80::ecf9:eff:fefb:55,ff02::204,N/A,N/A,N/A,N/A,N/A,N/A,,,1
1759293389,any,72,N/A,IPv6,ICMP,N/A,v6,fe80::103b:bdff:fef0:169,ff02::204,N/A,N/A,N/A,N/A,N/A,N/A,,,1
1759293389,eth0,70,Ethernet,IPv6,ICMP,N/A,v6,fe80::ecf9:eff:fefb:55,ff02::204,N/A,N/A,N/A,N/A,N/A,N/A,,,1
1759293390,eth0,107,Ethernet,N/A,N/A,N/A,N/A,N/A,N/A,N/A,N/A,N/A,N/A,N/A,N/A,,,0
1759293390,eth0,70,Ethernet,IPv6,ICMP,N/A,v6,fe80::5ca9:83ff:fe87:27,ff02::204,N/A,N/A,N/A,N/A,N/A,N/A,,,0
1759293390,eth1,70,Ethernet,IPv6,ICMP,N/A,v6,fe80::a824:52ff:fe4f:69,ff02::204,N/A,N/A,N/A,N/A,N/A,N/A,,,0
1759293390,any,72,N/A,IPv6,ICMP,N/A,v6,fe80::a824:52ff:fe4f:69,ff02::204,N/A,N/A,N/A,N/A,N/A,N/A,,,0
1759293390,eth1,110,Ethernet,IPv6,ICMP,N/A,v6,fe80::a824:52ff:fe4f:69,ff02::179,N/A,N/A,N/A,N/A,N/A,N/A,,,0
1759293390,any,112,N/A,IPv6,ICMP,N/A,v6,fe80::a824:52ff:fe4f:69,ff02::179,N/A,N/A,N/A,N/A,N/A,N/A,,,0
1759293390,eth0,54,Ethernet,IPv4,N/A,N/A,v4,172.30.0.220,224.0.0.22,N/A,N/A,N/A,N/A,N/A,N/A,,,1
1759293390,any,56,N/A,IPv4,N/A,N/A,v4,172.30.0.220,224.0.0.22,N/A,N/A,N/A,N/A,N/A,N/A,,,1
1759293390,any,113,N/A,N/A,N/A,N/A,N/A,N/A,N/A,N/A,N/A,N/A,N/A,N/A,N/A,,,1
1759293390,eth0,111,Ethernet,N/A,N/A,N/A,N/A,N/A,N/A,N/A,N/A,N/A,N/A,N/A,N/A,,,1
1759293391,eth0,111,Ethernet,N/A,N/A,N/A,N/A,N/A,N/A,N/A,N/A,N/A,N/A,N/A,N/A,,,1
1759293391,any,113,N/A,N/A,N/A,N/A,N/A,N/A,N/A,N/A,N/A,N/A,N/A,N/A,N/A,,,1
1759293391,any,288,N/A,IPv4,TCP,N/A,v4,10.10.10.109,10.10.10.68,1337,55078,N/A,N/A,N/A,N/A,,,1
1759293391,eth1,286,Ethernet,IPv4,TCP,N/A,v4,10.10.10.109,10.10.10.68,1337,55078,N/A,N/A,N/A,N/A,,,1
1759293391,eth1,306,Ethernet,IPv4,TCP,N/A,v4,10.10.10.68,10.10.10.109,55078,1337,N/A,N/A,N/A,N/A,,,1
1759293391,any,308,N/A,IPv4,TCP,N/A,v4,10.10.10.68,10.10.10.109,55078,1337,N/A,N/A,N/A,N/A,,,1
1759293391,any,68,N/A,IPv4,TCP,N/A,v4,10.10.10.109,10.10.10.68,1337,55078,N/A,N/A,N/A,N/A,,,1
1759293391,eth1,66,Ethernet,IPv4,TCP,N/A,v4,10.10.10.109,10.10.10.68,1337,55078,N/A,N/A,N/A,N/A,,,1
1759293391,any,200,N/A,IPv4,TCP,N/A,v4,10.10.10.68,10.10.10.109,55078,1337,N/A,N/A,N/A,N/A,,,1
1759293391,any,68,N/A,IPv4,TCP,N/A,v4,10.10.10.109,10.10.10.68,1337,55078,N/A,N/A,N/A,N/A,,,1
1759293391,eth1,198,Ethernet,IPv4,TCP,N/A,v4,10.10.10.68,10.10.10.109,55078,1337,N/A,N/A,N/A,N/A,,,1
1759293391,eth1,66,Ethernet,IPv4,TCP,N/A,v4,10.10.10.109,10.10.10.68,1337,55078,N/A,N/A,N/A,N/A,,,1
1759293391,any,92,N/A,IPv6,ICMP,N/A,v6,fe80::b0b5:44ff:feea:219,ff02::179,N/A,N/A,N/A,N/A,N/A,N/A,,,1
1759293391,eth0,90,Ethernet,IPv6,ICMP,N/A,v6,fe80::b0b5:44ff:feea:219,ff02::179,N/A,N/A,N/A,N/A,N/A,N/A,,,1
1759293391,eth0,54,Ethernet,IPv4,N/A,N/A,v4,172.30.0.163,224.0.0.22,N/A,N/A,N/A,N/A,N/A,N/A,,,1
1759293391,eth0,68,Ethernet,IPv4,UDP,N/A,v4,172.30.0.163,224.0.0.252,5355,5355,N/A,N/A,N/A,N/A,,,1
1759293391,eth0,88,Ethernet,IPv6,UDP,N/A,v6,fe80::b0b5:44ff:feea:219,ff02::1:52,5355,5355,N/A,N/A,N/A,N/A,,,1
1759293391,any,70,N/A,IPv4,UDP,N/A,v4,172.30.0.163,224.0.0.252,5355,5355,N/A,N/A,N/A,N/A,,,1
1759293391,eth0,357,Ethernet,IPv4,UDP,N/A,v4,0.0.0.0,255.255.255.255,68,67,N/A,N/A,N/A,N/A,,,1
1759293391,eth0,369,Ethernet,IPv4,UDP,N/A,v4,0.0.0.0,255.255.255.255,68,67,N/A,N/A,N/A,N/A,,,1
1759293391,any,359,N/A,IPv4,UDP,N/A,v4,0.0.0.0,255.255.255.255,68,67,N/A,N/A,N/A,N/A,,,1
1759293391,eth1,110,Ethernet,IPv6,ICMP,N/A,v6,fe80::780a:a9ff:fee6:89,ff02::179,N/A,N/A,N/A,N/A,N/A,N/A,,,1
1759293391,any,112,N/A,IPv6,ICMP,N/A,v6,fe80::780a:a9ff:fee6:89,ff02::179,N/A,N/A,N/A,N/A,N/A,N/A,,,1
1759293391,eth0,110,Ethernet,IPv6,ICMP,N/A,v6,fe80::b0b5:44ff:feea:219,ff02::179,N/A,N/A,N/A,N/A,N/A,N/A,,,1
1759293391,eth0,54,Ethernet,IPv4,N/A,N/A,v4,172.30.0.163,224.0.0.22,N/A,N/A,N/A,N/A,N/A,N/A,,,1
1759293391,any,112,N/A,IPv6,ICMP,N/A,v6,fe80::b0b5:44ff:feea:219,ff02::179,N/A,N/A,N/A,N/A,N/A,N/A,,,1
1759293391,eth0,107,Ethernet,N/A,N/A,N/A,N/A,N/A,N/A,N/A,N/A,N/A,N/A,N/A,N/A,,,0
1759293391,any,109,N/A,N/A,N/A,N/A,N/A,N/A,N/A,N/A,N/A,N/A,N/A,N/A,N/A,,,0
1759293392,eth0,42,Ethernet,N/A,N/A,N/A,N/A,N/A,N/A,N/A,N/A,N/A,N/A,N/A,N/A,,,1
1759293392,any,44,ARP,N/A,N/A,N/A,N/A,N/A,N/A,N/A,N/A,1,2048,172.30.0.163,172.30.0.122,,,1
1759293392,any,56,N/A,IPv4,N/A,N/A,v4,172.30.0.163,224.0.0.22,N/A,N/A,N/A,N/A,N/A,N/A,,,1
1759293392,eth0,54,Ethernet,IPv4,N/A,N/A,v4,172.30.0.163,224.0.0.22,N/A,N/A,N/A,N/A,N/A,N/A,,,1
1759293392,any,92,N/A,IPv6,ICMP,N/A,v6,fe80::24f1:23ff:fe29:66,ff02::179,N/A,N/A,N/A,N/A,N/A,N/A,,,1
1759293392,eth0,90,Ethernet,IPv6,ICMP,N/A,v6,fe80::24f1:23ff:fe29:66,ff02::179,N/A,N/A,N/A,N/A,N/A,N/A,,,1
1759293392,eth0,54,Ethernet,IPv4,N/A,N/A,v4,172.30.0.23,224.0.0.22,N/A,N/A,N/A,N/A,N/A,N/A,,,1
1759293392,eth0,111,Ethernet,N/A,N/A,N/A,N/A,N/A,N/A,N/A,N/A,N/A,N/A,N/A,N/A,,,1
1759293392,eth0,90,Ethernet,IPv6,ICMP,N/A,v6,fe80::24f1:23ff:fe29:66,ff02::179,N/A,N/A,N/A,N/A,N/A,N/A,,,1
1759293392,any,113,N/A,N/A,N/A,N/A,N/A,N/A,N/A,N/A,N/A,N/A,N/A,N/A,N/A,,,1
1759293392,any,92,N/A,IPv6,ICMP,N/A,v6,fe80::24f1:23ff:fe29:66,ff02::179,N/A,N/A,N/A,N/A,N/A,N/A,,,1
1759293392,any,358,N/A,IPv4,UDP,N/A,v4,0.0.0.0,255.255.255.255,68,67,N/A,N/A,N/A,N/A,,,1
1759293392,eth0,356,Ethernet,IPv4,UDP,N/A,v4,0.0.0.0,255.255.255.255,68,67,N/A,N/A,N/A,N/A,,,1
1759293392,eth0,368,Ethernet,IPv4,UDP,N/A,v4,0.0.0.0,255.255.255.255,68,67,N/A,N/A,N/A,N/A,,,1
1759293392,any,370,N/A,IPv4,UDP,N/A,v4,0.0.0.0,255.255.255.255,68,67,N/A,N/A,N/A,N/A,,,1
1759293392,any,112,N/A,IPv6,ICMP,N/A,v6,fe80::7827:e3ff:fe68:239,ff02::179,N/A,N/A,N/A,N/A,N/A,N/A,,,1
1759293392,eth1,110,Ethernet,IPv6,ICMP,N/A,v6,fe80::7827:e3ff:fe68:239,ff02::179,N/A,N/A,N/A,N/A,N/A,N/A,,,1
1759293392,any,56,N/A,IPv4,N/A,N/A,v4,172.30.0.23,224.0.0.22,N/A,N/A,N/A,N/A,N/A,N/A,,,1
1759293392,eth0,54,Ethernet,IPv4,N/A,N/A,v4,172.30.0.23,224.0.0.22,N/A,N/A,N/A,N/A,N/A,N/A,,,1
1759293392,eth0,110,Ethernet,IPv6,ICMP,N/A,v6,fe80::24f1:23ff:fe29:66,ff02::179,N/A,N/A,N/A,N/A,N/A,N/A,,,1
1759293392,any,112,N/A,IPv6,ICMP,N/A,v6,fe80::b0b5:44ff:feea:219,ff02::179,N/A,N/A,N/A,N/A,N/A,N/A,,,1
1759293392,eth0,110,Ethernet,IPv6,ICMP,N/A,v6,fe80::b0b5:44ff:feea:219,ff02::179,N/A,N/A,N/A,N/A,N/A,N/A,,,1
1759293392,any,112,N/A,IPv6,ICMP,N/A,v6,fe80::780a:a9ff:fee6:89,ff02::179,N/A,N/A,N/A,N/A,N/A,N/A,,,1
1759293392,eth1,110,Ethernet,IPv6,ICMP,N/A,v6,fe80::780a:a9ff:fee6:89,ff02::179,N/A,N/A,N/A,N/A,N/A,N/A,,,1
1759293392,any,112,N/A,IPv6,ICMP,N/A,v6,fe80::7827:e3ff:fe68:239,ff02::179,N/A,N/A,N/A,N/A,N/A,N/A,,,1
1759293392,eth1,110,Ethernet,IPv6,ICMP,N/A,v6,fe80::7827:e3ff:fe68:239,ff02::179,N/A,N/A,N/A,N/A,N/A,N/A,,,1
1759293392,any,44,ARP,N/A,N/A,N/A,N/A,N/A,N/A,N/A,N/A,1,2048,172.30.0.23,172.30.0.122,,,1
1759293392,eth0,42,Ethernet,N/A,N/A,N/A,N/A,N/A,N/A,N/A,N/A,N/A,N/A,N/A,N/A,,,1
1759293392,eth0,107,Ethernet,N/A,N/A,N/A,N/A,N/A,N/A,N/A,N/A,N/A,N/A,N/A,N/A,,,0
1759293392,any,109,N/A,N/A,N/A,N/A,N/A,N/A,N/A,N/A,N/A,N/A,N/A,N/A,N/A,,,0
1759293393,eth1,70,Ethernet,IPv6,ICMP,N/A,v6,fe80::7827:e3ff:fe68:239,ff02::204,N/A,N/A,N/A,N/A,N/A,N/A,,,1
1759293393,any,72,N/A,IPv6,ICMP,N/A,v6,fe80::24f1:23ff:fe29:66,ff02::204,N/A,N/A,N/A,N/A,N/A,N/A,,,1
1759293393,any,72,N/A,IPv6,ICMP,N/A,v6,fe80::7827:e3ff:fe68:239,ff02::204,N/A,N/A,N/A,N/A,N/A,N/A,,,1
1759293393,eth0,70,Ethernet,IPv6,ICMP,N/A,v6,fe80::24f1:23ff:fe29:66,ff02::204,N/A,N/A,N/A,N/A,N/A,N/A,,,1
1759293393,any,56,N/A,IPv4,N/A,N/A,v4,172.30.0.23,224.0.0.22,N/A,N/A,N/A,N/A,N/A,N/A,,,1
1759293393,eth0,107,Ethernet,N/A,N/A,N/A,N/A,N/A,N/A,N/A,N/A,N/A,N/A,N/A,N/A,,,0
1759293393,any,109,N/A,N/A,N/A,N/A,N/A,N/A,N/A,N/A,N/A,N/A,N/A,N/A,N/A,,,0
1759293393,eth0,54,Ethernet,IPv4,N/A,N/A,v4,172.30.0.23,224.0.0.22,N/A,N/A,N/A,N/A,N/A,N/A,,,1
1759293393,eth0,70,Ethernet,IPv6,ICMP,N/A,v6,fe80::b0b5:44ff:feea:219,ff02::204,N/A,N/A,N/A,N/A,N/A,N/A,,,1
1759293393,eth1,70,Ethernet,IPv6,ICMP,N/A,v6,fe80::780a:a9ff:fee6:89,ff02::204,N/A,N/A,N/A,N/A,N/A,N/A,,,1
1759293393,any,72,N/A,IPv6,ICMP,N/A,v6,fe80::b0b5:44ff:feea:219,ff02::204,N/A,N/A,N/A,N/A,N/A,N/A,,,1
1759293393,eth0,110,Ethernet,IPv6,ICMP,N/A,v6,fe80::24f1:23ff:fe29:66,ff02::179,N/A,N/A,N/A,N/A,N/A,N/A,,,1
1759293393,any,112,N/A,IPv6,ICMP,N/A,v6,fe80::24f1:23ff:fe29:66,ff02::179,N/A,N/A,N/A,N/A,N/A,N/A,,,1
1759293393,any,113,N/A,N/A,N/A,N/A,N/A,N/A,N/A,N/A,N/A,N/A,N/A,N/A,N/A,,,1
1759293393,eth0,111,Ethernet,N/A,N/A,N/A,N/A,N/A,N/A,N/A,N/A,N/A,N/A,N/A,N/A,,,1
1759293393,any,72,N/A,IPv6,ICMP,N/A,v6,fe80::dcac:f9ff:fe59:60,ff02::204,N/A,N/A,N/A,N/A,N/A,N/A,,,1
1759293393,eth2,70,Ethernet,IPv6,ICMP,N/A,v6,fe80::dcac:f9ff:fe59:60,ff02::204,N/A,N/A,N/A,N/A,N/A,N/A,,,1
1759293393,any,72,N/A,IPv6,ICMP,N/A,v6,fe80::103b:bdff:fef0:169,ff02::204,N/A,N/A,N/A,N/A,N/A,N/A,,,1
1759293393,eth1,70,Ethernet,IPv6,ICMP,N/A,v6,fe80::103b:bdff:fef0:169,ff02::204,N/A,N/A,N/A,N/A,N/A,N/A,,,1
1759293393,any,72,N/A,IPv6,ICMP,N/A,v6,fe80::f056:abff:fe65:143,ff02::204,N/A,N/A,N/A,N/A,N/A,N/A,,,1
1759293393,eth1,70,Ethernet,IPv6,ICMP,N/A,v6,fe80::f056:abff:fe65:143,ff02::204,N/A,N/A,N/A,N/A,N/A,N/A,,,1
1759293393,any,72,N/A,IPv6,ICMP,N/A,v6,fe80::e48e:99ff:fe5f:147,ff02::204,N/A,N/A,N/A,N/A,N/A,N/A,,,1
1759293393,eth0,70,Ethernet,IPv6,ICMP,N/A,v6,fe80::e48e:99ff:fe5f:147,ff02::204,N/A,N/A,N/A,N/A,N/A,N/A,,,1
1759293394,eth0,90,Ethernet,IPv6,ICMP,N/A,v6,fe80::5ca9:83ff:fe87:27,ff02::179,N/A,N/A,N/A,N/A,N/A,N/A,,,0
1759293394,eth0,54,Ethernet,IPv4,N/A,N/A,v4,172.30.0.220,224.0.0.22,N/A,N/A,N/A,N/A,N/A,N/A,,,0
1759293394,any,92,N/A,IPv6,ICMP,N/A,v6,fe80::5ca9:83ff:fe87:27,ff02::179,N/A,N/A,N/A,N/A,N/A,N/A,,,0
1759293394,eth0,356,Ethernet,IPv4,UDP,N/A,v4,0.0.0.0,255.255.255.255,68,67,N/A,N/A,N/A,N/A,,,0
1759293394,any,358,N/A,IPv4,UDP,N/A,v4,0.0.0.0,255.255.255.255,68,67,N/A,N/A,N/A,N/A,,,0
1759293394,eth0,368,Ethernet,IPv4,UDP,N/A,v4,0.0.0.0,255.255.255.255,68,67,N/A,N/A,N/A,N/A,,,0
1759293394,any,370,N/A,IPv4,UDP,N/A,v4,0.0.0.0,255.255.255.255,68,67,N/A,N/A,N/A,N/A,,,0
1759293394,any,112,N/A,IPv6,ICMP,N/A,v6,fe80::a824:52ff:fe4f:69,ff02::179,N/A,N/A,N/A,N/A,N/A,N/A,,,0
1759293394,eth1,110,Ethernet,IPv6,ICMP,N/A,v6,fe80::a824:52ff:fe4f:69,ff02::179,N/A,N/A,N/A,N/A,N/A,N/A,,,0
1759293394,eth0,110,Ethernet,IPv6,ICMP,N/A,v6,fe80::5ca9:83ff:fe87:27,ff02::179,N/A,N/A,N/A,N/A,N/A,N/A,,,0
1759293394,eth0,54,Ethernet,IPv4,N/A,N/A,v4,172.30.0.220,224.0.0.22,N/A,N/A,N/A,N/A,N/A,N/A,,,0
1759293394,any,112,N/A,IPv6,ICMP,N/A,v6,fe80::5ca9:83ff:fe87:27,ff02::179,N/A,N/A,N/A,N/A,N/A,N/A,,,0
1759293394,eth0,42,Ethernet,N/A,N/A,N/A,N/A,N/A,N/A,N/A,N/A,N/A,N/A,N/A,N/A,,,0
1759293394,eth0,56,Ethernet,N/A,N/A,N/A,N/A,N/A,N/A,N/A,N/A,N/A,N/A,N/A,N/A,,,0
1759293394,eth0,56,Ethernet,N/A,N/A,N/A,N/A,N/A,N/A,N/A,N/A,N/A,N/A,N/A,N/A,,,0
1759293394,any,44,ARP,N/A,N/A,N/A,N/A,N/A,N/A,N/A,N/A,1,2048,172.30.0.220,172.30.0.122,,,0
1759293394,any,58,ARP,N/A,N/A,N/A,N/A,N/A,N/A,N/A,N/A,2,2048,172.30.0.122,172.30.0.220,,,0
1759293394,eth0,54,Ethernet,IPv4,N/A,N/A,v4,172.30.0.220,224.0.0.22,N/A,N/A,N/A,N/A,N/A,N/A,,,0
1759293394,any,56,N/A,IPv4,N/A,N/A,v4,172.30.0.220,224.0.0.22,N/A,N/A,N/A,N/A,N/A,N/A,,,0
1759293394,eth0,90,Ethernet,IPv6,ICMP,N/A,v6,fe80::ecf9:eff:fefb:55,ff02::179,N/A,N/A,N/A,N/A,N/A,N/A,,,1
1759293394,eth0,56,Ethernet,IPv4,N/A,N/A,v4,172.30.0.89,224.0.0.22,N/A,N/A,N/A,N/A,N/A,N/A,,,1
1759293394,any,92,N/A,IPv6,ICMP,N/A,v6,fe80::ecf9:eff:fefb:55,ff02::179,N/A,N/A,N/A,N/A,N/A,N/A,,,1
1759293394,eth0,90,Ethernet,IPv6,ICMP,N/A,v6,fe80::e48e:99ff:fe5f:147,ff02::179,N/A,N/A,N/A,N/A,N/A,N/A,,,1
1759293394,eth0,54,Ethernet,IPv4,N/A,N/A,v4,172.30.0.220,224.0.0.22,N/A,N/A,N/A,N/A,N/A,N/A,,,1
1759293394,any,92,N/A,IPv6,ICMP,N/A,v6,fe80::e48e:99ff:fe5f:147,ff02::179,N/A,N/A,N/A,N/A,N/A,N/A,,,1
1759293394,eth0,54,Ethernet,IPv4,N/A,N/A,v4,172.30.0.220,224.0.0.22,N/A,N/A,N/A,N/A,N/A,N/A,,,1
1759293394,any,56,N/A,IPv4,N/A,N/A,v4,172.30.0.220,224.0.0.22,N/A,N/A,N/A,N/A,N/A,N/A,,,1
1759293394,eth0,87,Ethernet,IPv6,UDP,N/A,v6,fe80::ecf9:eff:fefb:55,ff02::1:52,5355,5355,N/A,N/A,N/A,N/A,,,1
1759293394,eth0,91,Ethernet,IPv6,UDP,N/A,v6,fe80::e48e:99ff:fe5f:147,ff02::1:52,5355,5355,N/A,N/A,N/A,N/A,,,1
1759293394,any,89,N/A,IPv6,UDP,N/A,v6,fe80::ecf9:eff:fefb:55,ff02::1:52,5355,5355,N/A,N/A,N/A,N/A,,,1
1759293394,any,93,N/A,IPv6,UDP,N/A,v6,fe80::e48e:99ff:fe5f:147,ff02::1:52,5355,5355,N/A,N/A,N/A,N/A,,,1
1759293394,eth0,356,Ethernet,IPv4,UDP,N/A,v4,0.0.0.0,255.255.255.255,68,67,N/A,N/A,N/A,N/A,,,1
1759293394,any,358,N/A,IPv4,UDP,N/A,v4,0.0.0.0,255.255.255.255,68,67,N/A,N/A,N/A,N/A,,,1
1759293394,any,370,N/A,IPv4,UDP,N/A,v4,0.0.0.0,255.255.255.255,68,67,N/A,N/A,N/A,N/A,,,1
1759293394,eth0,368,Ethernet,IPv4,UDP,N/A,v4,0.0.0.0,255.255.255.255,68,67,N/A,N/A,N/A,N/A,,,1
1759293394,eth1,110,Ethernet,IPv6,ICMP,N/A,v6,fe80::103b:bdff:fef0:169,ff02::179,N/A,N/A,N/A,N/A,N/A,N/A,,,1
1759293394,any,112,N/A,IPv6,ICMP,N/A,v6,fe80::103b:bdff:fef0:169,ff02::179,N/A,N/A,N/A,N/A,N/A,N/A,,,1
1759293394,eth0,110,Ethernet,IPv6,ICMP,N/A,v6,fe80::ecf9:eff:fefb:55,ff02::179,N/A,N/A,N/A,N/A,N/A,N/A,,,1
1759293394,eth0,56,Ethernet,IPv4,N/A,N/A,v4,172.30.0.89,224.0.0.22,N/A,N/A,N/A,N/A,N/A,N/A,,,1
1759293394,any,112,N/A,IPv6,ICMP,N/A,v6,fe80::ecf9:eff:fefb:55,ff02::179,N/A,N/A,N/A,N/A,N/A,N/A,,,1
1759293394,any,58,N/A,IPv4,N/A,N/A,v4,172.30.0.89,224.0.0.22,N/A,N/A,N/A,N/A,N/A,N/A,,,1
1759293394,eth0,360,Ethernet,IPv4,UDP,N/A,v4,0.0.0.0,255.255.255.255,68,67,N/A,N/A,N/A,N/A,,,1
1759293394,any,362,N/A,IPv4,UDP,N/A,v4,0.0.0.0,255.255.255.255,68,67,N/A,N/A,N/A,N/A,,,1
1759293394,eth0,372,Ethernet,IPv4,UDP,N/A,v4,0.0.0.0,255.255.255.255,68,67,N/A,N/A,N/A,N/A,,,1
1759293394,any,374,N/A,IPv4,UDP,N/A,v4,0.0.0.0,255.255.255.255,68,67,N/A,N/A,N/A,N/A,,,1
1759293394,eth2,110,Ethernet,IPv6,ICMP,N/A,v6,fe80::dcac:f9ff:fe59:60,ff02::179,N/A,N/A,N/A,N/A,N/A,N/A,,,1
1759293394,any,112,N/A,IPv6,ICMP,N/A,v6,fe80::f056:abff:fe65:143,ff02::179,N/A,N/A,N/A,N/A,N/A,N/A,,,1
1759293394,eth1,110,Ethernet,IPv6,ICMP,N/A,v6,fe80::f056:abff:fe65:143,ff02::179,N/A,N/A,N/A,N/A,N/A,N/A,,,1
1759293394,eth0,56,Ethernet,N/A,N/A,N/A,N/A,N/A,N/A,N/A,N/A,N/A,N/A,N/A,N/A,,,1
1759293394,any,58,ARP,N/A,N/A,N/A,N/A,N/A,N/A,N/A,N/A,1,2048,172.30.0.89,172.30.0.122,,,1
1759293394,eth0,110,Ethernet,IPv6,ICMP,N/A,v6,fe80::e48e:99ff:fe5f:147,ff02::179,N/A,N/A,N/A,N/A,N/A,N/A,,,1
1759293394,eth0,54,Ethernet,IPv4,N/A,N/A,v4,172.30.0.220,224.0.0.22,N/A,N/A,N/A,N/A,N/A,N/A,,,1
1759293394,any,112,N/A,IPv6,ICMP,N/A,v6,fe80::e48e:99ff:fe5f:147,ff02::179,N/A,N/A,N/A,N/A,N/A,N/A,,,1
1759293394,any,44,ARP,N/A,N/A,N/A,N/A,N/A,N/A,N/A,N/A,1,2048,172.30.0.220,172.30.0.122,,,1
1759293394,any,58,ARP,N/A,N/A,N/A,N/A,N/A,N/A,N/A,N/A,2,2048,172.30.0.122,172.30.0.220,,,1
1759293394,eth0,42,Ethernet,N/A,N/A,N/A,N/A,N/A,N/A,N/A,N/A,N/A,N/A,N/A,N/A,,,1
1759293394,eth0,56,Ethernet,N/A,N/A,N/A,N/A,N/A,N/A,N/A,N/A,N/A,N/A,N/A,N/A,,,1
1759293394,eth0,54,Ethernet,IPv4,N/A,N/A,v4,172.30.0.220,224.0.0.22,N/A,N/A,N/A,N/A,N/A,N/A,,,1
1759293394,any,56,N/A,IPv4,N/A,N/A,v4,172.30.0.220,224.0.0.22,N/A,N/A,N/A,N/A,N/A,N/A,,,1
1759293394,any,112,N/A,IPv6,ICMP,N/A,v6,fe80::103b:bdff:fef0:169,ff02::179,N/A,N/A,N/A,N/A,N/A,N/A,,,1
1759293394,eth1,110,Ethernet,IPv6,ICMP,N/A,v6,fe80::103b:bdff:fef0:169,ff02::179,N/A,N/A,N/A,N/A,N/A,N/A,,,1
1759293394,eth0,70,Ethernet,IPv6,ICMP,N/A,v6,fe80::e48e:99ff:fe5f:147,ff02::204,N/A,N/A,N/A,N/A,N/A,N/A,,,1
1759293394,eth2,70,Ethernet,IPv6,ICMP,N/A,v6,fe80::dcac:f9ff:fe59:60,ff02::204,N/A,N/A,N/A,N/A,N/A,N/A,,,1
1759293394,eth1,70,Ethernet,IPv6,ICMP,N/A,v6,fe80::f056:abff:fe65:143,ff02::204,N/A,N/A,N/A,N/A,N/A,N/A,,,1
1759293394,any,72,N/A,IPv6,ICMP,N/A,v6,fe80::dcac:f9ff:fe59:60,ff02::204,N/A,N/A,N/A,N/A,N/A,N/A,,,1
1759293394,any,112,N/A,IPv6,ICMP,N/A,v6,fe80::e48e:99ff:fe5f:147,ff02::179,N/A,N/A,N/A,N/A,N/A,N/A,,,1
1759293394,eth0,110,Ethernet,IPv6,ICMP,N/A,v6,fe80::e48e:99ff:fe5f:147,ff02::179,N/A,N/A,N/A,N/A,N/A,N/A,,,1
1759293394,any,112,N/A,IPv6,ICMP,N/A,v6,fe80::dcac:f9ff:fe59:60,ff02::179,N/A,N/A,N/A,N/A,N/A,N/A,,,1
1759293394,eth2,110,Ethernet,IPv6,ICMP,N/A,v6,fe80::dcac:f9ff:fe59:60,ff02::179,N/A,N/A,N/A,N/A,N/A,N/A,,,1
1759293394,any,112,N/A,IPv6,ICMP,N/A,v6,fe80::f056:abff:fe65:143,ff02::179,N/A,N/A,N/A,N/A,N/A,N/A,,,1
1759293394,eth1,110,Ethernet,IPv6,ICMP,N/A,v6,fe80::f056:abff:fe65:143,ff02::179,N/A,N/A,N/A,N/A,N/A,N/A,,,1
1759293394,any,58,N/A,IPv4,N/A,N/A,v4,172.30.0.89,224.0.0.22,N/A,N/A,N/A,N/A,N/A,N/A,,,1
1759293394,eth0,56,Ethernet,IPv4,N/A,N/A,v4,172.30.0.89,224.0.0.22,N/A,N/A,N/A,N/A,N/A,N/A,,,1
1759293394,any,112,N/A,IPv6,ICMP,N/A,v6,fe80::a824:52ff:fe4f:69,ff02::179,N/A,N/A,N/A,N/A,N/A,N/A,,,0
1759293394,eth1,110,Ethernet,IPv6,ICMP,N/A,v6,fe80::a824:52ff:fe4f:69,ff02::179,N/A,N/A,N/A,N/A,N/A,N/A,,,0
1759293395,eth0,110,Ethernet,IPv6,ICMP,N/A,v6,fe80::ecf9:eff:fefb:55,ff02::179,N/A,N/A,N/A,N/A,N/A,N/A,,,1
1759293395,any,112,N/A,IPv6,ICMP,N/A,v6,fe80::ecf9:eff:fefb:55,ff02::179,N/A,N/A,N/A,N/A,N/A,N/A,,,1
1759293395,any,113,N/A,N/A,N/A,N/A,N/A,N/A,N/A,N/A,N/A,N/A,N/A,N/A,N/A,,,1
1759293395,eth0,111,Ethernet,N/A,N/A,N/A,N/A,N/A,N/A,N/A,N/A,N/A,N/A,N/A,N/A,,,1
1759293395,any,72,N/A,IPv6,ICMP,N/A,v6,fe80::ecf9:eff:fefb:55,ff02::204,N/A,N/A,N/A,N/A,N/A,N/A,,,1
1759293395,any,72,N/A,IPv6,ICMP,N/A,v6,fe80::103b:bdff:fef0:169,ff02::204,N/A,N/A,N/A,N/A,N/A,N/A,,,1
1759293395,eth0,70,Ethernet,IPv6,ICMP,N/A,v6,fe80::ecf9:eff:fefb:55,ff02::204,N/A,N/A,N/A,N/A,N/A,N/A,,,1
1759293395,eth1,70,Ethernet,IPv6,ICMP,N/A,v6,fe80::103b:bdff:fef0:169,ff02::204,N/A,N/A,N/A,N/A,N/A,N/A,,,1
1759293395,any,112,N/A,IPv6,ICMP,N/A,v6,fe80::5ca9:83ff:fe87:27,ff02::179,N/A,N/A,N/A,N/A,N/A,N/A,,,0
1759293395,eth0,110,Ethernet,IPv6,ICMP,N/A,v6,fe80::5ca9:83ff:fe87:27,ff02::179,N/A,N/A,N/A,N/A,N/A,N/A,,,0
1759293395,eth0,107,Ethernet,N/A,N/A,N/A,N/A,N/A,N/A,N/A,N/A,N/A,N/A,N/A,N/A,,,0
1759293395,eth0,70,Ethernet,IPv6,ICMP,N/A,v6,fe80::5ca9:83ff:fe87:27,ff02::204,N/A,N/A,N/A,N/A,N/A,N/A,,,0
1759293395,any,72,N/A,IPv6,ICMP,N/A,v6,fe80::a824:52ff:fe4f:69,ff02::204,N/A,N/A,N/A,N/A,N/A,N/A,,,0
1759293395,eth1,70,Ethernet,IPv6,ICMP,N/A,v6,fe80::a824:52ff:fe4f:69,ff02::204,N/A,N/A,N/A,N/A,N/A,N/A,,,0
1759293396,any,113,N/A,N/A,N/A,N/A,N/A,N/A,N/A,N/A,N/A,N/A,N/A,N/A,N/A,,,1
1759293396,eth0,111,Ethernet,N/A,N/A,N/A,N/A,N/A,N/A,N/A,N/A,N/A,N/A,N/A,N/A,,,1
1759293396,any,44,ARP,N/A,N/A,N/A,N/A,N/A,N/A,N/A,N/A,1,2048,10.10.10.109,10.10.10.68,,,1
1759293396,eth1,42,Ethernet,N/A,N/A,N/A,N/A,N/A,N/A,N/A,N/A,N/A,N/A,N/A,N/A,,,1
1759293396,eth1,42,Ethernet,N/A,N/A,N/A,N/A,N/A,N/A,N/A,N/A,N/A,N/A,N/A,N/A,,,1
1759293396,eth1,42,Ethernet,N/A,N/A,N/A,N/A,N/A,N/A,N/A,N/A,N/A,N/A,N/A,N/A,,,1
1759293396,eth1,42,Ethernet,N/A,N/A,N/A,N/A,N/A,N/A,N/A,N/A,N/A,N/A,N/A,N/A,,,1
1759293396,any,44,ARP,N/A,N/A,N/A,N/A,N/A,N/A,N/A,N/A,1,2048,10.10.10.68,10.10.10.109,,,1
1759293396,any,44,ARP,N/A,N/A,N/A,N/A,N/A,N/A,N/A,N/A,2,2048,10.10.10.109,10.10.10.68,,,1
1759293396,any,72,N/A,IPv6,ICMP,N/A,v6,fe80::7827:e3ff:fe68:239,ff02::204,N/A,N/A,N/A,N/A,N/A,N/A,,,1
1759293396,eth1,70,Ethernet,IPv6,ICMP,N/A,v6,fe80::7827:e3ff:fe68:239,ff02::204,N/A,N/A,N/A,N/A,N/A,N/A,,,1
1759293396,any,109,N/A,N/A,N/A,N/A,N/A,N/A,N/A,N/A,N/A,N/A,N/A,N/A,N/A,,,0
1759293396,eth0,107,Ethernet,N/A,N/A,N/A,N/A,N/A,N/A,N/A,N/A,N/A,N/A,N/A,N/A,,,0
1759293397,any,92,N/A,IPv6,ICMP,N/A,v6,fe80::b0b5:44ff:feea:219,ff02::179,N/A,N/A,N/A,N/A,N/A,N/A,,,1
1759293397,eth0,90,Ethernet,IPv6,ICMP,N/A,v6,fe80::b0b5:44ff:feea:219,ff02::179,N/A,N/A,N/A,N/A,N/A,N/A,,,1
1759293397,eth0,54,Ethernet,IPv4,N/A,N/A,v4,172.30.0.163,224.0.0.22,N/A,N/A,N/A,N/A,N/A,N/A,,,1
1759293397,eth0,88,Ethernet,IPv6,UDP,N/A,v6,fe80::b0b5:44ff:feea:219,ff02::1:52,5355,5355,N/A,N/A,N/A,N/A,,,1
1759293397,eth0,68,Ethernet,IPv4,UDP,N/A,v4,172.30.0.163,224.0.0.252,5355,5355,N/A,N/A,N/A,N/A,,,1
1759293397,any,90,N/A,IPv6,UDP,N/A,v6,fe80::b0b5:44ff:feea:219,ff02::1:52,5355,5355,N/A,N/A,N/A,N/A,,,1
1759293397,any,359,N/A,IPv4,UDP,N/A,v4,0.0.0.0,255.255.255.255,68,67,N/A,N/A,N/A,N/A,,,1
1759293397,eth0,357,Ethernet,IPv4,UDP,N/A,v4,0.0.0.0,255.255.255.255,68,67,N/A,N/A,N/A,N/A,,,1
1759293397,any,371,N/A,IPv4,UDP,N/A,v4,0.0.0.0,255.255.255.255,68,67,N/A,N/A,N/A,N/A,,,1
1759293397,eth0,369,Ethernet,IPv4,UDP,N/A,v4,0.0.0.0,255.255.255.255,68,67,N/A,N/A,N/A,N/A,,,1
1759293397,eth0,110,Ethernet,IPv6,ICMP,N/A,v6,fe80::b0b5:44ff:feea:219,ff02::179,N/A,N/A,N/A,N/A,N/A,N/A,,,1
1759293397,eth0,54,Ethernet,IPv4,N/A,N/A,v4,172.30.0.163,224.0.0.22,N/A,N/A,N/A,N/A,N/A,N/A,,,1
1759293397,eth1,110,Ethernet,IPv6,ICMP,N/A,v6,fe80::780a:a9ff:fee6:89,ff02::179,N/A,N/A,N/A,N/A,N/A,N/A,,,1
1759293397,any,112,N/A,IPv6,ICMP,N/A,v6,fe80::780a:a9ff:fee6:89,ff02::179,N/A,N/A,N/A,N/A,N/A,N/A,,,1
1759293397,any,56,N/A,IPv4,N/A,N/A,v4,172.30.0.163,224.0.0.22,N/A,N/A,N/A,N/A,N/A,N/A,,,1
1759293397,eth0,110,Ethernet,IPv6,ICMP,N/A,v6,fe80::b0b5:44ff:feea:219,ff02::179,N/A,N/A,N/A,N/A,N/A,N/A,,,1
1759293397,any,112,N/A,IPv6,ICMP,N/A,v6,fe80::b0b5:44ff:feea:219,ff02::179,N/A,N/A,N/A,N/A,N/A,N/A,,,1
1759293397,any,44,ARP,N/A,N/A,N/A,N/A,N/A,N/A,N/A,N/A,1,2048,172.30.0.163,172.30.0.122,,,1
1759293397,eth0,42,Ethernet,N/A,N/A,N/A,N/A,N/A,N/A,N/A,N/A,N/A,N/A,N/A,N/A,,,1
1759293397,any,56,N/A,IPv4,N/A,N/A,v4,172.30.0.163,224.0.0.22,N/A,N/A,N/A,N/A,N/A,N/A,,,1
1759293397,eth0,54,Ethernet,IPv4,N/A,N/A,v4,172.30.0.163,224.0.0.22,N/A,N/A,N/A,N/A,N/A,N/A,,,1
1759293397,eth0,90,Ethernet,IPv6,ICMP,N/A,v6,fe80::b0b5:44ff:feea:219,ff02::179,N/A,N/A,N/A,N/A,N/A,N/A,,,1
1759293397,any,92,N/A,IPv6,ICMP,N/A,v6,fe80::b0b5:44ff:feea:219,ff02::179,N/A,N/A,N/A,N/A,N/A,N/A,,,1
1759293397,any,113,N/A,N/A,N/A,N/A,N/A,N/A,N/A,N/A,N/A,N/A,N/A,N/A,N/A,,,1
1759293397,eth0,111,Ethernet,N/A,N/A,N/A,N/A,N/A,N/A,N/A,N/A,N/A,N/A,N/A,N/A,,,1
1759293397,eth0,70,Ethernet,IPv6,ICMP,N/A,v6,fe80::24f1:23ff:fe29:66,ff02::204,N/A,N/A,N/A,N/A,N/A,N/A,,,1
1759293397,any,72,N/A,IPv6,ICMP,N/A,v6,fe80::24f1:23ff:fe29:66,ff02::204,N/A,N/A,N/A,N/A,N/A,N/A,,,1
1759293397,any,92,N/A,IPv6,ICMP,N/A,v6,fe80::24f1:23ff:fe29:66,ff02::179,N/A,N/A,N/A,N/A,N/A,N/A,,,1
1759293397,eth0,90,Ethernet,IPv6,ICMP,N/A,v6,fe80::24f1:23ff:fe29:66,ff02::179,N/A,N/A,N/A,N/A,N/A,N/A,,,1
1759293397,eth0,54,Ethernet,IPv4,N/A,N/A,v4,172.30.0.23,224.0.0.22,N/A,N/A,N/A,N/A,N/A,N/A,,,1
1759293397,any,112,N/A,IPv6,ICMP,N/A,v6,fe80::780a:a9ff:fee6:89,ff02::179,N/A,N/A,N/A,N/A,N/A,N/A,,,1
1759293397,eth1,110,Ethernet,IPv6,ICMP,N/A,v6,fe80::780a:a9ff:fee6:89,ff02::179,N/A,N/A,N/A,N/A,N/A,N/A,,,1
1759293397,eth0,356,Ethernet,IPv4,UDP,N/A,v4,0.0.0.0,255.255.255.255,68,67,N/A,N/A,N/A,N/A,,,1
1759293397,any,358,N/A,IPv4,UDP,N/A,v4,0.0.0.0,255.255.255.255,68,67,N/A,N/A,N/A,N/A,,,1
1759293397,eth0,368,Ethernet,IPv4,UDP,N/A,v4,0.0.0.0,255.255.255.255,68,67,N/A,N/A,N/A,N/A,,,1
1759293397,any,370,N/A,IPv4,UDP,N/A,v4,0.0.0.0,255.255.255.255,68,67,N/A,N/A,N/A,N/A,,,1
1759293397,any,109,N/A,N/A,N/A,N/A,N/A,N/A,N/A,N/A,N/A,N/A,N/A,N/A,N/A,,,0
1759293397,eth0,107,Ethernet,N/A,N/A,N/A,N/A,N/A,N/A,N/A,N/A,N/A,N/A,N/A,N/A,,,0
1759293397,any,112,N/A,IPv6,ICMP,N/A,v6,fe80::7827:e3ff:fe68:239,ff02::179,N/A,N/A,N/A,N/A,N/A,N/A,,,1
1759293397,any,44,ARP,N/A,N/A,N/A,N/A,N/A,N/A,N/A,N/A,1,2048,172.30.0.23,172.30.0.122,,,1
1759293397,eth1,110,Ethernet,IPv6,ICMP,N/A,v6,fe80::7827:e3ff:fe68:239,ff02::179,N/A,N/A,N/A,N/A,N/A,N/A,,,1
1759293397,eth0,42,Ethernet,N/A,N/A,N/A,N/A,N/A,N/A,N/A,N/A,N/A,N/A,N/A,N/A,,,1
1759293397,eth0,54,Ethernet,IPv4,N/A,N/A,v4,172.30.0.23,224.0.0.22,N/A,N/A,N/A,N/A,N/A,N/A,,,1
1759293397,any,56,N/A,IPv4,N/A,N/A,v4,172.30.0.23,224.0.0.22,N/A,N/A,N/A,N/A,N/A,N/A,,,1
1759293397,eth0,110,Ethernet,IPv6,ICMP,N/A,v6,fe80::24f1:23ff:fe29:66,ff02::179,N/A,N/A,N/A,N/A,N/A,N/A,,,1
1759293397,any,112,N/A,IPv6,ICMP,N/A,v6,fe80::24f1:23ff:fe29:66,ff02::179,N/A,N/A,N/A,N/A,N/A,N/A,,,1
1759293397,any,56,N/A,IPv4,N/A,N/A,v4,172.30.0.23,224.0.0.22,N/A,N/A,N/A,N/A,N/A,N/A,,,1
1759293397,eth0,54,Ethernet,IPv4,N/A,N/A,v4,172.30.0.23,224.0.0.22,N/A,N/A,N/A,N/A,N/A,N/A,,,1
1759293398,eth0,90,Ethernet,IPv6,ICMP,N/A,v6,fe80::5ca9:83ff:fe87:27,ff02::179,N/A,N/A,N/A,N/A,N/A,N/A,,,0
1759293398,eth0,54,Ethernet,IPv4,N/A,N/A,v4,172.30.0.220,224.0.0.22,N/A,N/A,N/A,N/A,N/A,N/A,,,0
1759293398,any,92,N/A,IPv6,ICMP,N/A,v6,fe80::5ca9:83ff:fe87:27,ff02::179,N/A,N/A,N/A,N/A,N/A,N/A,,,0
1759293398,eth0,356,Ethernet,IPv4,UDP,N/A,v4,0.0.0.0,255.255.255.255,68,67,N/A,N/A,N/A,N/A,,,0
1759293398,any,358,N/A,IPv4,UDP,N/A,v4,0.0.0.0,255.255.255.255,68,67,N/A,N/A,N/A,N/A,,,0
1759293398,eth0,368,Ethernet,IPv4,UDP,N/A,v4,0.0.0.0,255.255.255.255,68,67,N/A,N/A,N/A,N/A,,,0
1759293398,any,370,N/A,IPv4,UDP,N/A,v4,0.0.0.0,255.255.255.255,68,67,N/A,N/A,N/A,N/A,,,0
1759293398,eth1,110,Ethernet,IPv6,ICMP,N/A,v6,fe80::a824:52ff:fe4f:69,ff02::179,N/A,N/A,N/A,N/A,N/A,N/A,,,0
1759293398,any,112,N/A,IPv6,ICMP,N/A,v6,fe80::a824:52ff:fe4f:69,ff02::179,N/A,N/A,N/A,N/A,N/A,N/A,,,0
1759293398,any,112,N/A,IPv6,ICMP,N/A,v6,fe80::5ca9:83ff:fe87:27,ff02::179,N/A,N/A,N/A,N/A,N/A,N/A,,,0
1759293398,eth0,110,Ethernet,IPv6,ICMP,N/A,v6,fe80::5ca9:83ff:fe87:27,ff02::179,N/A,N/A,N/A,N/A,N/A,N/A,,,0
1759293398,eth0,54,Ethernet,IPv4,N/A,N/A,v4,172.30.0.220,224.0.0.22,N/A,N/A,N/A,N/A,N/A,N/A,,,0
1759293398,any,112,N/A,IPv6,ICMP,N/A,v6,fe80::a824:52ff:fe4f:69,ff02::179,N/A,N/A,N/A,N/A,N/A,N/A,,,0
1759293398,eth1,70,Ethernet,IPv6,ICMP,N/A,v6,fe80::7827:e3ff:fe68:239,ff02::204,N/A,N/A,N/A,N/A,N/A,N/A,,,1
1759293398,any,72,N/A,IPv6,ICMP,N/A,v6,fe80::24f1:23ff:fe29:66,ff02::204,N/A,N/A,N/A,N/A,N/A,N/A,,,1
1759293398,any,72,N/A,IPv6,ICMP,N/A,v6,fe80::7827:e3ff:fe68:239,ff02::204,N/A,N/A,N/A,N/A,N/A,N/A,,,1
1759293398,eth0,70,Ethernet,IPv6,ICMP,N/A,v6,fe80::24f1:23ff:fe29:66,ff02::204,N/A,N/A,N/A,N/A,N/A,N/A,,,1
1759293398,any,112,N/A,IPv6,ICMP,N/A,v6,fe80::24f1:23ff:fe29:66,ff02::179,N/A,N/A,N/A,N/A,N/A,N/A,,,1
1759293398,eth0,110,Ethernet,IPv6,ICMP,N/A,v6,fe80::24f1:23ff:fe29:66,ff02::179,N/A,N/A,N/A,N/A,N/A,N/A,,,1
1759293398,eth0,90,Ethernet,IPv6,ICMP,N/A,v6,fe80::e48e:99ff:fe5f:147,ff02::179,N/A,N/A,N/A,N/A,N/A,N/A,,,1
1759293398,eth0,54,Ethernet,IPv4,N/A,N/A,v4,172.30.0.220,224.0.0.22,N/A,N/A,N/A,N/A,N/A,N/A,,,1
1759293398,any,92,N/A,IPv6,ICMP,N/A,v6,fe80::e48e:99ff:fe5f:147,ff02::179,N/A,N/A,N/A,N/A,N/A,N/A,,,1
1759293398,eth0,90,Ethernet,IPv6,ICMP,N/A,v6,fe80::ecf9:eff:fefb:55,ff02::179,N/A,N/A,N/A,N/A,N/A,N/A,,,1
1759293398,eth0,56,Ethernet,IPv4,N/A,N/A,v4,172.30.0.89,224.0.0.22,N/A,N/A,N/A,N/A,N/A,N/A,,,1
1759293398,any,92,N/A,IPv6,ICMP,N/A,v6,fe80::ecf9:eff:fefb:55,ff02::179,N/A,N/A,N/A,N/A,N/A,N/A,,,1
1759293398,any,58,N/A,IPv4,N/A,N/A,v4,172.30.0.89,224.0.0.22,N/A,N/A,N/A,N/A,N/A,N/A,,,1
1759293398,eth0,71,Ethernet,IPv4,UDP,N/A,v4,172.30.0.220,224.0.0.252,5355,5355,N/A,N/A,N/A,N/A,,,1
1759293398,any,73,N/A,IPv4,UDP,N/A,v4,172.30.0.220,224.0.0.252,5355,5355,N/A,N/A,N/A,N/A,,,1
1759293398,eth0,67,Ethernet,IPv4,UDP,N/A,v4,172.30.0.89,224.0.0.252,5355,5355,N/A,N/A,N/A,N/A,,,1
1759293398,eth0,87,Ethernet,IPv6,UDP,N/A,v6,fe80::ecf9:eff:fefb:55,ff02::1:52,5355,5355,N/A,N/A,N/A,N/A,,,1
1759293398,eth0,360,Ethernet,IPv4,UDP,N/A,v4,0.0.0.0,255.255.255.255,68,67,N/A,N/A,N/A,N/A,,,1
1759293398,any,362,N/A,IPv4,UDP,N/A,v4,0.0.0.0,255.255.255.255,68,67,N/A,N/A,N/A,N/A,,,1
1759293398,eth0,372,Ethernet,IPv4,UDP,N/A,v4,0.0.0.0,255.255.255.255,68,67,N/A,N/A,N/A,N/A,,,1
1759293398,any,374,N/A,IPv4,UDP,N/A,v4,0.0.0.0,255.255.255.255,68,67,N/A,N/A,N/A,N/A,,,1
1759293398,eth2,110,Ethernet,IPv6,ICMP,N/A,v6,fe80::dcac:f9ff:fe59:60,ff02::179,N/A,N/A,N/A,N/A,N/A,N/A,,,1
1759293398,any,112,N/A,IPv6,ICMP,N/A,v6,fe80::f056:abff:fe65:143,ff02::179,N/A,N/A,N/A,N/A,N/A,N/A,,,1
1759293398,eth1,110,Ethernet,IPv6,ICMP,N/A,v6,fe80::f056:abff:fe65:143,ff02::179,N/A,N/A,N/A,N/A,N/A,N/A,,,1
1759293398,eth1,110,Ethernet,IPv6,ICMP,N/A,v6,fe80::7827:e3ff:fe68:239,ff02::179,N/A,N/A,N/A,N/A,N/A,N/A,,,1
1759293398,any,112,N/A,IPv6,ICMP,N/A,v6,fe80::7827:e3ff:fe68:239,ff02::179,N/A,N/A,N/A,N/A,N/A,N/A,,,1
1759293398,any,56,N/A,IPv4,N/A,N/A,v4,172.30.0.220,224.0.0.22,N/A,N/A,N/A,N/A,N/A,N/A,,,1
1759293398,eth0,54,Ethernet,IPv4,N/A,N/A,v4,172.30.0.220,224.0.0.22,N/A,N/A,N/A,N/A,N/A,N/A,,,1
1759293398,any,358,N/A,IPv4,UDP,N/A,v4,0.0.0.0,255.255.255.255,68,67,N/A,N/A,N/A,N/A,,,1
1759293398,eth0,356,Ethernet,IPv4,UDP,N/A,v4,0.0.0.0,255.255.255.255,68,67,N/A,N/A,N/A,N/A,,,1
1759293398,any,370,N/A,IPv4,UDP,N/A,v4,0.0.0.0,255.255.255.255,68,67,N/A,N/A,N/A,N/A,,,1
1759293398,any,112,N/A,IPv6,ICMP,N/A,v6,fe80::e48e:99ff:fe5f:147,ff02::179,N/A,N/A,N/A,N/A,N/A,N/A,,,1
1759293398,eth0,368,Ethernet,IPv4,UDP,N/A,v4,0.0.0.0,255.255.255.255,68,67,N/A,N/A,N/A,N/A,,,1
1759293398,eth0,110,Ethernet,IPv6,ICMP,N/A,v6,fe80::e48e:99ff:fe5f:147,ff02::179,N/A,N/A,N/A,N/A,N/A,N/A,,,1
1759293398,eth0,56,Ethernet,N/A,N/A,N/A,N/A,N/A,N/A,N/A,N/A,N/A,N/A,N/A,N/A,,,1
1759293398,any,58,ARP,N/A,N/A,N/A,N/A,N/A,N/A,N/A,N/A,1,2048,172.30.0.89,172.30.0.122,,,1
1759293398,any,112,N/A,IPv6,ICMP,N/A,v6,fe80::103b:bdff:fef0:169,ff02::179,N/A,N/A,N/A,N/A,N/A,N/A,,,1
1759293398,eth1,110,Ethernet,IPv6,ICMP,N/A,v6,fe80::103b:bdff:fef0:169,ff02::179,N/A,N/A,N/A,N/A,N/A,N/A,,,1
1759293398,any,112,N/A,IPv6,ICMP,N/A,v6,fe80::ecf9:eff:fefb:55,ff02::179,N/A,N/A,N/A,N/A,N/A,N/A,,,1
1759293398,any,58,N/A,IPv4,N/A,N/A,v4,172.30.0.89,224.0.0.22,N/A,N/A,N/A,N/A,N/A,N/A,,,1
1759293398,any,44,ARP,N/A,N/A,N/A,N/A,N/A,N/A,N/A,N/A,1,2048,172.30.0.220,172.30.0.122,,,1
1759293398,any,58,ARP,N/A,N/A,N/A,N/A,N/A,N/A,N/A,N/A,2,2048,172.30.0.122,172.30.0.220,,,1
1759293398,any,58,ARP,N/A,N/A,N/A,N/A,N/A,N/A,N/A,N/A,2,2048,172.30.0.122,172.30.0.220,,,1
1759293398,eth0,110,Ethernet,IPv6,ICMP,N/A,v6,fe80::ecf9:eff:fefb:55,ff02::179,N/A,N/A,N/A,N/A,N/A,N/A,,,1
1759293398,eth0,56,Ethernet,IPv4,N/A,N/A,v4,172.30.0.89,224.0.0.22,N/A,N/A,N/A,N/A,N/A,N/A,,,1
1759293398,eth0,42,Ethernet,N/A,N/A,N/A,N/A,N/A,N/A,N/A,N/A,N/A,N/A,N/A,N/A,,,1
1759293398,eth0,56,Ethernet,N/A,N/A,N/A,N/A,N/A,N/A,N/A,N/A,N/A,N/A,N/A,N/A,,,1
1759293398,eth0,110,Ethernet,IPv6,ICMP,N/A,v6,fe80::e48e:99ff:fe5f:147,ff02::179,N/A,N/A,N/A,N/A,N/A,N/A,,,1
1759293398,any,112,N/A,IPv6,ICMP,N/A,v6,fe80::e48e:99ff:fe5f:147,ff02::179,N/A,N/A,N/A,N/A,N/A,N/A,,,1
1759293398,eth1,70,Ethernet,IPv6,ICMP,N/A,v6,fe80::780a:a9ff:fee6:89,ff02::204,N/A,N/A,N/A,N/A,N/A,N/A,,,1
1759293398,any,72,N/A,IPv6,ICMP,N/A,v6,fe80::b0b5:44ff:feea:219,ff02::204,N/A,N/A,N/A,N/A,N/A,N/A,,,1
1759293398,any,72,N/A,IPv6,ICMP,N/A,v6,fe80::780a:a9ff:fee6:89,ff02::204,N/A,N/A,N/A,N/A,N/A,N/A,,,1
1759293398,eth0,70,Ethernet,IPv6,ICMP,N/A,v6,fe80::b0b5:44ff:feea:219,ff02::204,N/A,N/A,N/A,N/A,N/A,N/A,,,1
1759293398,any,112,N/A,IPv6,ICMP,N/A,v6,fe80::dcac:f9ff:fe59:60,ff02::179,N/A,N/A,N/A,N/A,N/A,N/A,,,1
1759293398,eth2,110,Ethernet,IPv6,ICMP,N/A,v6,fe80::dcac:f9ff:fe59:60,ff02::179,N/A,N/A,N/A,N/A,N/A,N/A,,,1
1759293398,any,56,N/A,IPv4,N/A,N/A,v4,172.30.0.220,224.0.0.22,N/A,N/A,N/A,N/A,N/A,N/A,,,1
1759293398,eth0,54,Ethernet,IPv4,N/A,N/A,v4,172.30.0.220,224.0.0.22,N/A,N/A,N/A,N/A,N/A,N/A,,,1
1759293398,eth1,110,Ethernet,IPv6,ICMP,N/A,v6,fe80::a824:52ff:fe4f:69,ff02::179,N/A,N/A,N/A,N/A,N/A,N/A,,,0
1759293398,eth0,42,Ethernet,N/A,N/A,N/A,N/A,N/A,N/A,N/A,N/A,N/A,N/A,N/A,N/A,,,0
1759293398,eth0,56,Ethernet,N/A,N/A,N/A,N/A,N/A,N/A,N/A,N/A,N/A,N/A,N/A,N/A,,,0
1759293398,any,44,ARP,N/A,N/A,N/A,N/A,N/A,N/A,N/A,N/A,1,2048,172.30.0.220,172.30.0.122,,,0
1759293399,eth1,110,Ethernet,IPv6,ICMP,N/A,v6,fe80::f056:abff:fe65:143,ff02::179,N/A,N/A,N/A,N/A,N/A,N/A,,,1
1759293399,any,112,N/A,IPv6,ICMP,N/A,v6,fe80::f056:abff:fe65:143,ff02::179,N/A,N/A,N/A,N/A,N/A,N/A,,,1
1759293399,any,112,N/A,IPv6,ICMP,N/A,v6,fe80::ecf9:eff:fefb:55,ff02::179,N/A,N/A,N/A,N/A,N/A,N/A,,,1
1759293399,eth0,110,Ethernet,IPv6,ICMP,N/A,v6,fe80::ecf9:eff:fefb:55,ff02::179,N/A,N/A,N/A,N/A,N/A,N/A,,,1
1759293399,eth0,56,Ethernet,IPv4,N/A,N/A,v4,172.30.0.89,224.0.0.22,N/A,N/A,N/A,N/A,N/A,N/A,,,1
1759293399,any,112,N/A,IPv6,ICMP,N/A,v6,fe80::103b:bdff:fef0:169,ff02::179,N/A,N/A,N/A,N/A,N/A,N/A,,,1
1759293399,eth1,110,Ethernet,IPv6,ICMP,N/A,v6,fe80::103b:bdff:fef0:169,ff02::179,N/A,N/A,N/A,N/A,N/A,N/A,,,1
1759293399,any,72,N/A,IPv6,ICMP,N/A,v6,fe80::dcac:f9ff:fe59:60,ff02::204,N/A,N/A,N/A,N/A,N/A,N/A,,,1
1759293399,eth2,70,Ethernet,IPv6,ICMP,N/A,v6,fe80::dcac:f9ff:fe59:60,ff02::204,N/A,N/A,N/A,N/A,N/A,N/A,,,1
1759293399,eth0,111,Ethernet,N/A,N/A,N/A,N/A,N/A,N/A,N/A,N/A,N/A,N/A,N/A,N/A,,,1
1759293399,eth0,70,Ethernet,IPv6,ICMP,N/A,v6,fe80::e48e:99ff:fe5f:147,ff02::204,N/A,N/A,N/A,N/A,N/A,N/A,,,1
1759293399,eth1,70,Ethernet,IPv6,ICMP,N/A,v6,fe80::f056:abff:fe65:143,ff02::204,N/A,N/A,N/A,N/A,N/A,N/A,,,1
1759293399,eth1,70,Ethernet,IPv6,ICMP,N/A,v6,fe80::103b:bdff:fef0:169,ff02::204,N/A,N/A,N/A,N/A,N/A,N/A,,,1
1759293399,any,72,N/A,IPv6,ICMP,N/A,v6,fe80::ecf9:eff:fefb:55,ff02::204,N/A,N/A,N/A,N/A,N/A,N/A,,,1
1759293399,any,72,N/A,IPv6,ICMP,N/A,v6,fe80::103b:bdff:fef0:169,ff02::204,N/A,N/A,N/A,N/A,N/A,N/A,,,1
1759293399,eth0,70,Ethernet,IPv6,ICMP,N/A,v6,fe80::ecf9:eff:fefb:55,ff02::204,N/A,N/A,N/A,N/A,N/A,N/A,,,1
1759293399,eth0,110,Ethernet,IPv6,ICMP,N/A,v6,fe80::5ca9:83ff:fe87:27,ff02::179,N/A,N/A,N/A,N/A,N/A,N/A,,,0
1759293399,any,112,N/A,IPv6,ICMP,N/A,v6,fe80::5ca9:83ff:fe87:27,ff02::179,N/A,N/A,N/A,N/A,N/A,N/A,,,0
1759293399,eth0,54,Ethernet,IPv4,N/A,N/A,v4,172.30.0.220,224.0.0.22,N/A,N/A,N/A,N/A,N/A,N/A,,,0
1759293399,any,56,N/A,IPv4,N/A,N/A,v4,172.30.0.220,224.0.0.22,N/A,N/A,N/A,N/A,N/A,N/A,,,0
1759293399,any,72,N/A,IPv6,ICMP,N/A,v6,fe80::a824:52ff:fe4f:69,ff02::204,N/A,N/A,N/A,N/A,N/A,N/A,,,0
1759293399,eth1,70,Ethernet,IPv6,ICMP,N/A,v6,fe80::a824:52ff:fe4f:69,ff02::204,N/A,N/A,N/A,N/A,N/A,N/A,,,0
1759293399,eth0,107,Ethernet,N/A,N/A,N/A,N/A,N/A,N/A,N/A,N/A,N/A,N/A,N/A,N/A,,,0
1759293399,eth0,70,Ethernet,IPv6,ICMP,N/A,v6,fe80::5ca9:83ff:fe87:27,ff02::204,N/A,N/A,N/A,N/A,N/A,N/A,,,0
1759293400,eth0,111,Ethernet,N/A,N/A,N/A,N/A,N/A,N/A,N/A,N/A,N/A,N/A,N/A,N/A,,,1
1759293400,any,113,N/A,N/A,N/A,N/A,N/A,N/A,N/A,N/A,N/A,N/A,N/A,N/A,N/A,,,1
1759293400,eth0,107,Ethernet,N/A,N/A,N/A,N/A,N/A,N/A,N/A,N/A,N/A,N/A,N/A,N/A,,,0
1759293400,any,109,N/A,N/A,N/A,N/A,N/A,N/A,N/A,N/A,N/A,N/A,N/A,N/A,N/A,,,0
1759293401,eth0,90,Ethernet,IPv6,ICMP,N/A,v6,fe80::b0b5:44ff:feea:219,ff02::179,N/A,N/A,N/A,N/A,N/A,N/A,,,1
1759293401,eth0,54,Ethernet,IPv4,N/A,N/A,v4,172.30.0.163,224.0.0.22,N/A,N/A,N/A,N/A,N/A,N/A,,,1
1759293401,any,92,N/A,IPv6,ICMP,N/A,v6,fe80::b0b5:44ff:feea:219,ff02::179,N/A,N/A,N/A,N/A,N/A,N/A,,,1
1759293401,any,56,N/A,IPv4,N/A,N/A,v4,172.30.0.163,224.0.0.22,N/A,N/A,N/A,N/A,N/A,N/A,,,1
1759293401,eth0,68,Ethernet,IPv4,UDP,N/A,v4,172.30.0.163,224.0.0.252,5355,5355,N/A,N/A,N/A,N/A,,,1
1759293401,any,70,N/A,IPv4,UDP,N/A,v4,172.30.0.163,224.0.0.252,5355,5355,N/A,N/A,N/A,N/A,,,1
1759293401,eth0,88,Ethernet,IPv6,UDP,N/A,v6,fe80::b0b5:44ff:feea:219,ff02::1:52,5355,5355,N/A,N/A,N/A,N/A,,,1
1759293401,any,90,N/A,IPv6,UDP,N/A,v6,fe80::b0b5:44ff:feea:219,ff02::1:52,5355,5355,N/A,N/A,N/A,N/A,,,1
1759293401,any,359,N/A,IPv4,UDP,N/A,v4,0.0.0.0,255.255.255.255,68,67,N/A,N/A,N/A,N/A,,,1
1759293401,eth0,357,Ethernet,IPv4,UDP,N/A,v4,0.0.0.0,255.255.255.255,68,67,N/A,N/A,N/A,N/A,,,1
1759293401,eth0,369,Ethernet,IPv4,UDP,N/A,v4,0.0.0.0,255.255.255.255,68,67,N/A,N/A,N/A,N/A,,,1
1759293401,any,371,N/A,IPv4,UDP,N/A,v4,0.0.0.0,255.255.255.255,68,67,N/A,N/A,N/A,N/A,,,1
1759293401,any,112,N/A,IPv6,ICMP,N/A,v6,fe80::780a:a9ff:fee6:89,ff02::179,N/A,N/A,N/A,N/A,N/A,N/A,,,1
1759293401,eth1,110,Ethernet,IPv6,ICMP,N/A,v6,fe80::780a:a9ff:fee6:89,ff02::179,N/A,N/A,N/A,N/A,N/A,N/A,,,1
1759293401,eth0,110,Ethernet,IPv6,ICMP,N/A,v6,fe80::b0b5:44ff:feea:219,ff02::179,N/A,N/A,N/A,N/A,N/A,N/A,,,1
1759293401,eth0,54,Ethernet,IPv4,N/A,N/A,v4,172.30.0.163,224.0.0.22,N/A,N/A,N/A,N/A,N/A,N/A,,,1
1759293401,any,112,N/A,IPv6,ICMP,N/A,v6,fe80::b0b5:44ff:feea:219,ff02::179,N/A,N/A,N/A,N/A,N/A,N/A,,,1
1759293401,any,112,N/A,IPv6,ICMP,N/A,v6,fe80::780a:a9ff:fee6:89,ff02::179,N/A,N/A,N/A,N/A,N/A,N/A,,,1
1759293401,eth1,110,Ethernet,IPv6,ICMP,N/A,v6,fe80::780a:a9ff:fee6:89,ff02::179,N/A,N/A,N/A,N/A,N/A,N/A,,,1
1759293401,any,113,N/A,N/A,N/A,N/A,N/A,N/A,N/A,N/A,N/A,N/A,N/A,N/A,N/A,,,1
1759293401,eth0,111,Ethernet,N/A,N/A,N/A,N/A,N/A,N/A,N/A,N/A,N/A,N/A,N/A,N/A,,,1
1759293401,any,92,N/A,IPv6,ICMP,N/A,v6,fe80::24f1:23ff:fe29:66,ff02::179,N/A,N/A,N/A,N/A,N/A,N/A,,,1
1759293401,eth0,90,Ethernet,IPv6,ICMP,N/A,v6,fe80::24f1:23ff:fe29:66,ff02::179,N/A,N/A,N/A,N/A,N/A,N/A,,,1
1759293401,eth0,54,Ethernet,IPv4,N/A,N/A,v4,172.30.0.23,224.0.0.22,N/A,N/A,N/A,N/A,N/A,N/A,,,1
1759293401,eth0,356,Ethernet,IPv4,UDP,N/A,v4,0.0.0.0,255.255.255.255,68,67,N/A,N/A,N/A,N/A,,,1
1759293401,any,358,N/A,IPv4,UDP,N/A,v4,0.0.0.0,255.255.255.255,68,67,N/A,N/A,N/A,N/A,,,1
1759293401,eth0,42,Ethernet,N/A,N/A,N/A,N/A,N/A,N/A,N/A,N/A,N/A,N/A,N/A,N/A,,,1
1759293401,any,44,ARP,N/A,N/A,N/A,N/A,N/A,N/A,N/A,N/A,1,2048,172.30.0.163,172.30.0.122,,,1
1759293401,any,370,N/A,IPv4,UDP,N/A,v4,0.0.0.0,255.255.255.255,68,67,N/A,N/A,N/A,N/A,,,1
1759293401,eth0,368,Ethernet,IPv4,UDP,N/A,v4,0.0.0.0,255.255.255.255,68,67,N/A,N/A,N/A,N/A,,,1
1759293401,any,112,N/A,IPv6,ICMP,N/A,v6,fe80::7827:e3ff:fe68:239,ff02::179,N/A,N/A,N/A,N/A,N/A,N/A,,,1
1759293401,eth1,110,Ethernet,IPv6,ICMP,N/A,v6,fe80::7827:e3ff:fe68:239,ff02::179,N/A,N/A,N/A,N/A,N/A,N/A,,,1
1759293401,any,112,N/A,IPv6,ICMP,N/A,v6,fe80::24f1:23ff:fe29:66,ff02::179,N/A,N/A,N/A,N/A,N/A,N/A,,,1
1759293401,eth0,110,Ethernet,IPv6,ICMP,N/A,v6,fe80::24f1:23ff:fe29:66,ff02::179,N/A,N/A,N/A,N/A,N/A,N/A,,,1
1759293401,eth0,54,Ethernet,IPv4,N/A,N/A,v4,172.30.0.23,224.0.0.22,N/A,N/A,N/A,N/A,N/A,N/A,,,1
1759293401,eth0,54,Ethernet,IPv4,N/A,N/A,v4,172.30.0.163,224.0.0.22,N/A,N/A,N/A,N/A,N/A,N/A,,,1
1759293401,any,56,N/A,IPv4,N/A,N/A,v4,172.30.0.163,224.0.0.22,N/A,N/A,N/A,N/A,N/A,N/A,,,1
1759293401,any,112,N/A,IPv6,ICMP,N/A,v6,fe80::24f1:23ff:fe29:66,ff02::179,N/A,N/A,N/A,N/A,N/A,N/A,,,1
1759293401,eth0,110,Ethernet,IPv6,ICMP,N/A,v6,fe80::24f1:23ff:fe29:66,ff02::179,N/A,N/A,N/A,N/A,N/A,N/A,,,1
1759293401,eth0,110,Ethernet,IPv6,ICMP,N/A,v6,fe80::b0b5:44ff:feea:219,ff02::179,N/A,N/A,N/A,N/A,N/A,N/A,,,1
1759293401,eth0,107,Ethernet,N/A,N/A,N/A,N/A,N/A,N/A,N/A,N/A,N/A,N/A,N/A,N/A,,,0
1759293401,any,109,N/A,N/A,N/A,N/A,N/A,N/A,N/A,N/A,N/A,N/A,N/A,N/A,N/A,,,0
1759293401,eth0,42,Ethernet,N/A,N/A,N/A,N/A,N/A,N/A,N/A,N/A,N/A,N/A,N/A,N/A,,,1
1759293401,any,112,N/A,IPv6,ICMP,N/A,v6,fe80::b0b5:44ff:feea:219,ff02::179,N/A,N/A,N/A,N/A,N/A,N/A,,,1
1759293401,any,44,ARP,N/A,N/A,N/A,N/A,N/A,N/A,N/A,N/A,1,2048,172.30.0.23,172.30.0.122,,,1
1759293401,any,112,N/A,IPv6,ICMP,N/A,v6,fe80::7827:e3ff:fe68:239,ff02::179,N/A,N/A,N/A,N/A,N/A,N/A,,,1
1759293401,eth1,110,Ethernet,IPv6,ICMP,N/A,v6,fe80::7827:e3ff:fe68:239,ff02::179,N/A,N/A,N/A,N/A,N/A,N/A,,,1
1759293402,eth0,107,Ethernet,N/A,N/A,N/A,N/A,N/A,N/A,N/A,N/A,N/A,N/A,N/A,N/A,,,0
1759293402,any,109,N/A,N/A,N/A,N/A,N/A,N/A,N/A,N/A,N/A,N/A,N/A,N/A,N/A,,,0
1759293402,eth1,70,Ethernet,IPv6,ICMP,N/A,v6,fe80::780a:a9ff:fee6:89,ff02::204,N/A,N/A,N/A,N/A,N/A,N/A,,,1
1759293402,any,72,N/A,IPv6,ICMP,N/A,v6,fe80::b0b5:44ff:feea:219,ff02::204,N/A,N/A,N/A,N/A,N/A,N/A,,,1
1759293402,any,72,N/A,IPv6,ICMP,N/A,v6,fe80::780a:a9ff:fee6:89,ff02::204,N/A,N/A,N/A,N/A,N/A,N/A,,,1
1759293402,eth0,70,Ethernet,IPv6,ICMP,N/A,v6,fe80::b0b5:44ff:feea:219,ff02::204,N/A,N/A,N/A,N/A,N/A,N/A,,,1
1759293402,any,56,N/A,IPv4,N/A,N/A,v4,172.30.0.23,224.0.0.22,N/A,N/A,N/A,N/A,N/A,N/A,,,1
1759293402,eth0,54,Ethernet,IPv4,N/A,N/A,v4,172.30.0.23,224.0.0.22,N/A,N/A,N/A,N/A,N/A,N/A,,,1
1759293402,any,113,N/A,N/A,N/A,N/A,N/A,N/A,N/A,N/A,N/A,N/A,N/A,N/A,N/A,,,1
1759293402,eth0,111,Ethernet,N/A,N/A,N/A,N/A,N/A,N/A,N/A,N/A,N/A,N/A,N/A,N/A,,,1
1759293402,eth1,70,Ethernet,IPv6,ICMP,N/A,v6,fe80::7827:e3ff:fe68:239,ff02::204,N/A,N/A,N/A,N/A,N/A,N/A,,,1
1759293402,any,72,N/A,IPv6,ICMP,N/A,v6,fe80::24f1:23ff:fe29:66,ff02::204,N/A,N/A,N/A,N/A,N/A,N/A,,,1
1759293402,any,72,N/A,IPv6,ICMP,N/A,v6,fe80::7827:e3ff:fe68:239,ff02::204,N/A,N/A,N/A,N/A,N/A,N/A,,,1
1759293402,eth0,70,Ethernet,IPv6,ICMP,N/A,v6,fe80::24f1:23ff:fe29:66,ff02::204,N/A,N/A,N/A,N/A,N/A,N/A,,,1
1759293403,eth1,70,Ethernet,IPv6,ICMP,N/A,v6,fe80::a824:52ff:fe4f:69,ff02::204,N/A,N/A,N/A,N/A,N/A,N/A,,,0
1759293403,any,72,N/A,IPv6,ICMP,N/A,v6,fe80::a824:52ff:fe4f:69,ff02::204,N/A,N/A,N/A,N/A,N/A,N/A,,,0
1759293403,eth0,90,Ethernet,IPv6,ICMP,N/A,v6,fe80::5ca9:83ff:fe87:27,ff02::179,N/A,N/A,N/A,N/A,N/A,N/A,,,0
1759293403,eth0,54,Ethernet,IPv4,N/A,N/A,v4,172.30.0.220,224.0.0.22,N/A,N/A,N/A,N/A,N/A,N/A,,,0
1759293403,any,92,N/A,IPv6,ICMP,N/A,v6,fe80::5ca9:83ff:fe87:27,ff02::179,N/A,N/A,N/A,N/A,N/A,N/A,,,0
1759293403,eth0,87,Ethernet,IPv6,UDP,N/A,v6,fe80::5ca9:83ff:fe87:27,ff02::1:52,5355,5355,N/A,N/A,N/A,N/A,,,0
1759293403,any,89,N/A,IPv6,UDP,N/A,v6,fe80::5ca9:83ff:fe87:27,ff02::1:52,5355,5355,N/A,N/A,N/A,N/A,,,0
1759293403,any,72,N/A,IPv6,ICMP,N/A,v6,fe80::f056:abff:fe65:143,ff02::204,N/A,N/A,N/A,N/A,N/A,N/A,,,1
1759293403,eth1,70,Ethernet,IPv6,ICMP,N/A,v6,fe80::f056:abff:fe65:143,ff02::204,N/A,N/A,N/A,N/A,N/A,N/A,,,1
1759293403,eth0,70,Ethernet,IPv6,ICMP,N/A,v6,fe80::ecf9:eff:fefb:55,ff02::204,N/A,N/A,N/A,N/A,N/A,N/A,,,1
1759293403,any,72,N/A,IPv6,ICMP,N/A,v6,fe80::ecf9:eff:fefb:55,ff02::204,N/A,N/A,N/A,N/A,N/A,N/A,,,1
1759293403,eth1,70,Ethernet,IPv6,ICMP,N/A,v6,fe80::103b:bdff:fef0:169,ff02::204,N/A,N/A,N/A,N/A,N/A,N/A,,,1
1759293403,any,72,N/A,IPv6,ICMP,N/A,v6,fe80::103b:bdff:fef0:169,ff02::204,N/A,N/A,N/A,N/A,N/A,N/A,,,1
1759293403,eth0,90,Ethernet,IPv6,ICMP,N/A,v6,fe80::e48e:99ff:fe5f:147,ff02::179,N/A,N/A,N/A,N/A,N/A,N/A,,,1
1759293403,eth0,54,Ethernet,IPv4,N/A,N/A,v4,172.30.0.220,224.0.0.22,N/A,N/A,N/A,N/A,N/A,N/A,,,1
1759293403,eth0,90,Ethernet,IPv6,ICMP,N/A,v6,fe80::ecf9:eff:fefb:55,ff02::179,N/A,N/A,N/A,N/A,N/A,N/A,,,1
1759293403,eth0,56,Ethernet,IPv4,N/A,N/A,v4,172.30.0.89,224.0.0.22,N/A,N/A,N/A,N/A,N/A,N/A,,,1
1759293403,any,92,N/A,IPv6,ICMP,N/A,v6,fe80::e48e:99ff:fe5f:147,ff02::179,N/A,N/A,N/A,N/A,N/A,N/A,,,1
1759293403,any,92,N/A,IPv6,ICMP,N/A,v6,fe80::ecf9:eff:fefb:55,ff02::179,N/A,N/A,N/A,N/A,N/A,N/A,,,1
1759293403,any,58,N/A,IPv4,N/A,N/A,v4,172.30.0.89,224.0.0.22,N/A,N/A,N/A,N/A,N/A,N/A,,,1
1759293403,eth0,56,Ethernet,IPv4,N/A,N/A,v4,172.30.0.89,224.0.0.22,N/A,N/A,N/A,N/A,N/A,N/A,,,1
1759293403,any,58,N/A,IPv4,N/A,N/A,v4,172.30.0.89,224.0.0.22,N/A,N/A,N/A,N/A,N/A,N/A,,,1
1759293403,eth0,87,Ethernet,IPv6,UDP,N/A,v6,fe80::ecf9:eff:fefb:55,ff02::1:52,5355,5355,N/A,N/A,N/A,N/A,,,1
1759293403,eth0,71,Ethernet,IPv4,UDP,N/A,v4,172.30.0.220,224.0.0.252,5355,5355,N/A,N/A,N/A,N/A,,,1
1759293403,any,89,N/A,IPv6,UDP,N/A,v6,fe80::ecf9:eff:fefb:55,ff02::1:52,5355,5355,N/A,N/A,N/A,N/A,,,1
1759293403,any,73,N/A,IPv4,UDP,N/A,v4,172.30.0.220,224.0.0.252,5355,5355,N/A,N/A,N/A,N/A,,,1
1759293403,eth0,91,Ethernet,IPv6,UDP,N/A,v6,fe80::e48e:99ff:fe5f:147,ff02::1:52,5355,5355,N/A,N/A,N/A,N/A,,,1
1759293403,any,93,N/A,IPv6,UDP,N/A,v6,fe80::e48e:99ff:fe5f:147,ff02::1:52,5355,5355,N/A,N/A,N/A,N/A,,,1
1759293403,eth0,356,Ethernet,IPv4,UDP,N/A,v4,0.0.0.0,255.255.255.255,68,67,N/A,N/A,N/A,N/A,,,1
1759293403,any,358,N/A,IPv4,UDP,N/A,v4,0.0.0.0,255.255.255.255,68,67,N/A,N/A,N/A,N/A,,,1
1759293403,eth0,360,Ethernet,IPv4,UDP,N/A,v4,0.0.0.0,255.255.255.255,68,67,N/A,N/A,N/A,N/A,,,1
1759293403,any,362,N/A,IPv4,UDP,N/A,v4,0.0.0.0,255.255.255.255,68,67,N/A,N/A,N/A,N/A,,,1
1759293403,eth0,368,Ethernet,IPv4,UDP,N/A,v4,0.0.0.0,255.255.255.255,68,67,N/A,N/A,N/A,N/A,,,1
1759293403,any,370,N/A,IPv4,UDP,N/A,v4,0.0.0.0,255.255.255.255,68,67,N/A,N/A,N/A,N/A,,,1
1759293403,eth0,372,Ethernet,IPv4,UDP,N/A,v4,0.0.0.0,255.255.255.255,68,67,N/A,N/A,N/A,N/A,,,1
1759293403,any,374,N/A,IPv4,UDP,N/A,v4,0.0.0.0,255.255.255.255,68,67,N/A,N/A,N/A,N/A,,,1
1759293403,eth1,110,Ethernet,IPv6,ICMP,N/A,v6,fe80::103b:bdff:fef0:169,ff02::179,N/A,N/A,N/A,N/A,N/A,N/A,,,1
1759293403,any,112,N/A,IPv6,ICMP,N/A,v6,fe80::103b:bdff:fef0:169,ff02::179,N/A,N/A,N/A,N/A,N/A,N/A,,,1
1759293403,eth0,42,Ethernet,N/A,N/A,N/A,N/A,N/A,N/A,N/A,N/A,N/A,N/A,N/A,N/A,,,1
1759293403,any,112,N/A,IPv6,ICMP,N/A,v6,fe80::f056:abff:fe65:143,ff02::179,N/A,N/A,N/A,N/A,N/A,N/A,,,1
1759293403,eth0,67,Ethernet,IPv4,UDP,N/A,v4,172.30.0.220,224.0.0.252,5355,5355,N/A,N/A,N/A,N/A,,,0
1759293403,any,69,N/A,IPv4,UDP,N/A,v4,172.30.0.220,224.0.0.252,5355,5355,N/A,N/A,N/A,N/A,,,0
1759293403,eth0,356,Ethernet,IPv4,UDP,N/A,v4,0.0.0.0,255.255.255.255,68,67,N/A,N/A,N/A,N/A,,,0
1759293403,any,358,N/A,IPv4,UDP,N/A,v4,0.0.0.0,255.255.255.255,68,67,N/A,N/A,N/A,N/A,,,0
1759293403,eth0,368,Ethernet,IPv4,UDP,N/A,v4,0.0.0.0,255.255.255.255,68,67,N/A,N/A,N/A,N/A,,,0
1759293403,any,370,N/A,IPv4,UDP,N/A,v4,0.0.0.0,255.255.255.255,68,67,N/A,N/A,N/A,N/A,,,0
1759293403,eth1,110,Ethernet,IPv6,ICMP,N/A,v6,fe80::a824:52ff:fe4f:69,ff02::179,N/A,N/A,N/A,N/A,N/A,N/A,,,0
1759293403,any,112,N/A,IPv6,ICMP,N/A,v6,fe80::a824:52ff:fe4f:69,ff02::179,N/A,N/A,N/A,N/A,N/A,N/A,,,0
1759293403,eth0,110,Ethernet,IPv6,ICMP,N/A,v6,fe80::5ca9:83ff:fe87:27,ff02::179,N/A,N/A,N/A,N/A,N/A,N/A,,,0
1759293403,eth0,54,Ethernet,IPv4,N/A,N/A,v4,172.30.0.220,224.0.0.22,N/A,N/A,N/A,N/A,N/A,N/A,,,0
1759293403,any,112,N/A,IPv6,ICMP,N/A,v6,fe80::5ca9:83ff:fe87:27,ff02::179,N/A,N/A,N/A,N/A,N/A,N/A,,,0
1759293403,eth0,42,Ethernet,N/A,N/A,N/A,N/A,N/A,N/A,N/A,N/A,N/A,N/A,N/A,N/A,,,0
1759293403,eth0,56,Ethernet,N/A,N/A,N/A,N/A,N/A,N/A,N/A,N/A,N/A,N/A,N/A,N/A,,,0
1759293403,eth0,56,Ethernet,N/A,N/A,N/A,N/A,N/A,N/A,N/A,N/A,N/A,N/A,N/A,N/A,,,0
1759293403,any,44,ARP,N/A,N/A,N/A,N/A,N/A,N/A,N/A,N/A,1,2048,172.30.0.220,172.30.0.122,,,0
1759293403,any,58,ARP,N/A,N/A,N/A,N/A,N/A,N/A,N/A,N/A,2,2048,172.30.0.122,172.30.0.220,,,0
1759293403,any,58,ARP,N/A,N/A,N/A,N/A,N/A,N/A,N/A,N/A,2,2048,172.30.0.122,172.30.0.220,,,1
1759293403,any,56,N/A,IPv4,N/A,N/A,v4,172.30.0.220,224.0.0.22,N/A,N/A,N/A,N/A,N/A,N/A,,,1
1759293403,eth1,110,Ethernet,IPv6,ICMP,N/A,v6,fe80::f056:abff:fe65:143,ff02::179,N/A,N/A,N/A,N/A,N/A,N/A,,,1
1759293403,eth2,110,Ethernet,IPv6,ICMP,N/A,v6,fe80::dcac:f9ff:fe59:60,ff02::179,N/A,N/A,N/A,N/A,N/A,N/A,,,1
1759293403,eth0,56,Ethernet,N/A,N/A,N/A,N/A,N/A,N/A,N/A,N/A,N/A,N/A,N/A,N/A,,,1
1759293403,eth0,56,Ethernet,N/A,N/A,N/A,N/A,N/A,N/A,N/A,N/A,N/A,N/A,N/A,N/A,,,1
1759293403,eth0,54,Ethernet,IPv4,N/A,N/A,v4,172.30.0.220,224.0.0.22,N/A,N/A,N/A,N/A,N/A,N/A,,,1
1759293403,eth0,110,Ethernet,IPv6,ICMP,N/A,v6,fe80::ecf9:eff:fefb:55,ff02::179,N/A,N/A,N/A,N/A,N/A,N/A,,,1
1759293403,eth0,56,Ethernet,IPv4,N/A,N/A,v4,172.30.0.89,224.0.0.22,N/A,N/A,N/A,N/A,N/A,N/A,,,1
1759293403,eth0,110,Ethernet,IPv6,ICMP,N/A,v6,fe80::e48e:99ff:fe5f:147,ff02::179,N/A,N/A,N/A,N/A,N/A,N/A,,,1
1759293403,any,112,N/A,IPv6,ICMP,N/A,v6,fe80::ecf9:eff:fefb:55,ff02::179,N/A,N/A,N/A,N/A,N/A,N/A,,,1
1759293403,eth0,56,Ethernet,N/A,N/A,N/A,N/A,N/A,N/A,N/A,N/A,N/A,N/A,N/A,N/A,,,1
1759293403,any,58,ARP,N/A,N/A,N/A,N/A,N/A,N/A,N/A,N/A,1,2048,172.30.0.89,172.30.0.122,,,1
1759293403,any,112,N/A,IPv6,ICMP,N/A,v6,fe80::dcac:f9ff:fe59:60,ff02::179,N/A,N/A,N/A,N/A,N/A,N/A,,,1
1759293403,eth2,110,Ethernet,IPv6,ICMP,N/A,v6,fe80::dcac:f9ff:fe59:60,ff02::179,N/A,N/A,N/A,N/A,N/A,N/A,,,1
1759293403,any,112,N/A,IPv6,ICMP,N/A,v6,fe80::e48e:99ff:fe5f:147,ff02::179,N/A,N/A,N/A,N/A,N/A,N/A,,,1
1759293403,eth0,110,Ethernet,IPv6,ICMP,N/A,v6,fe80::e48e:99ff:fe5f:147,ff02::179,N/A,N/A,N/A,N/A,N/A,N/A,,,1
1759293403,any,112,N/A,IPv6,ICMP,N/A,v6,fe80::f056:abff:fe65:143,ff02::179,N/A,N/A,N/A,N/A,N/A,N/A,,,1
1759293403,eth1,110,Ethernet,IPv6,ICMP,N/A,v6,fe80::f056:abff:fe65:143,ff02::179,N/A,N/A,N/A,N/A,N/A,N/A,,,1
1759293403,any,112,N/A,IPv6,ICMP,N/A,v6,fe80::103b:bdff:fef0:169,ff02::179,N/A,N/A,N/A,N/A,N/A,N/A,,,1
1759293403,eth1,110,Ethernet,IPv6,ICMP,N/A,v6,fe80::103b:bdff:fef0:169,ff02::179,N/A,N/A,N/A,N/A,N/A,N/A,,,1
1759293404,any,112,N/A,IPv6,ICMP,N/A,v6,fe80::5ca9:83ff:fe87:27,ff02::179,N/A,N/A,N/A,N/A,N/A,N/A,,,0
1759293404,eth0,110,Ethernet,IPv6,ICMP,N/A,v6,fe80::5ca9:83ff:fe87:27,ff02::179,N/A,N/A,N/A,N/A,N/A,N/A,,,0
1759293404,eth0,54,Ethernet,IPv4,N/A,N/A,v4,172.30.0.220,224.0.0.22,N/A,N/A,N/A,N/A,N/A,N/A,,,0
1759293404,any,56,N/A,IPv4,N/A,N/A,v4,172.30.0.220,224.0.0.22,N/A,N/A,N/A,N/A,N/A,N/A,,,0
1759293404,eth1,110,Ethernet,IPv6,ICMP,N/A,v6,fe80::a824:52ff:fe4f:69,ff02::179,N/A,N/A,N/A,N/A,N/A,N/A,,,0
1759293404,eth0,107,Ethernet,N/A,N/A,N/A,N/A,N/A,N/A,N/A,N/A,N/A,N/A,N/A,N/A,,,0
1759293404,eth0,70,Ethernet,IPv6,ICMP,N/A,v6,fe80::5ca9:83ff:fe87:27,ff02::204,N/A,N/A,N/A,N/A,N/A,N/A,,,0
1759293404,any,72,N/A,IPv6,ICMP,N/A,v6,fe80::a824:52ff:fe4f:69,ff02::204,N/A,N/A,N/A,N/A,N/A,N/A,,,0
1759293404,eth1,70,Ethernet,IPv6,ICMP,N/A,v6,fe80::a824:52ff:fe4f:69,ff02::204,N/A,N/A,N/A,N/A,N/A,N/A,,,0
1759293404,eth0,110,Ethernet,IPv6,ICMP,N/A,v6,fe80::ecf9:eff:fefb:55,ff02::179,N/A,N/A,N/A,N/A,N/A,N/A,,,1
1759293404,any,112,N/A,IPv6,ICMP,N/A,v6,fe80::ecf9:eff:fefb:55,ff02::179,N/A,N/A,N/A,N/A,N/A,N/A,,,1
1759293404,any,58,N/A,IPv4,N/A,N/A,v4,172.30.0.89,224.0.0.22,N/A,N/A,N/A,N/A,N/A,N/A,,,1
1759293404,eth0,56,Ethernet,IPv4,N/A,N/A,v4,172.30.0.89,224.0.0.22,N/A,N/A,N/A,N/A,N/A,N/A,,,1
1759293404,eth0,54,Ethernet,IPv4,N/A,N/A,v4,172.30.0.220,224.0.0.22,N/A,N/A,N/A,N/A,N/A,N/A,,,1
1759293404,any,56,N/A,IPv4,N/A,N/A,v4,172.30.0.220,224.0.0.22,N/A,N/A,N/A,N/A,N/A,N/A,,,1
1759293404,eth1,70,Ethernet,IPv6,ICMP,N/A,v6,fe80::103b:bdff:fef0:169,ff02::204,N/A,N/A,N/A,N/A,N/A,N/A,,,1
1759293404,any,72,N/A,IPv6,ICMP,N/A,v6,fe80::ecf9:eff:fefb:55,ff02::204,N/A,N/A,N/A,N/A,N/A,N/A,,,1
1759293404,any,72,N/A,IPv6,ICMP,N/A,v6,fe80::103b:bdff:fef0:169,ff02::204,N/A,N/A,N/A,N/A,N/A,N/A,,,1
1759293404,eth0,70,Ethernet,IPv6,ICMP,N/A,v6,fe80::ecf9:eff:fefb:55,ff02::204,N/A,N/A,N/A,N/A,N/A,N/A,,,1
1759293404,any,72,N/A,IPv6,ICMP,N/A,v6,fe80::dcac:f9ff:fe59:60,ff02::204,N/A,N/A,N/A,N/A,N/A,N/A,,,1
1759293404,eth2,70,Ethernet,IPv6,ICMP,N/A,v6,fe80::dcac:f9ff:fe59:60,ff02::204,N/A,N/A,N/A,N/A,N/A,N/A,,,1
1759293404,eth0,111,Ethernet,N/A,N/A,N/A,N/A,N/A,N/A,N/A,N/A,N/A,N/A,N/A,N/A,,,1
1759293404,eth0,70,Ethernet,IPv6,ICMP,N/A,v6,fe80::e48e:99ff:fe5f:147,ff02::204,N/A,N/A,N/A,N/A,N/A,N/A,,,1
1759293404,eth1,70,Ethernet,IPv6,ICMP,N/A,v6,fe80::f056:abff:fe65:143,ff02::204,N/A,N/A,N/A,N/A,N/A,N/A,,,1
1759293405,any,113,N/A,N/A,N/A,N/A,N/A,N/A,N/A,N/A,N/A,N/A,N/A,N/A,N/A,,,1
1759293405,eth0,111,Ethernet,N/A,N/A,N/A,N/A,N/A,N/A,N/A,N/A,N/A,N/A,N/A,N/A,,,1
1759293405,eth0,107,Ethernet,N/A,N/A,N/A,N/A,N/A,N/A,N/A,N/A,N/A,N/A,N/A,N/A,,,0
1759293405,any,109,N/A,N/A,N/A,N/A,N/A,N/A,N/A,N/A,N/A,N/A,N/A,N/A,N/A,,,0
1759293406,eth0,90,Ethernet,IPv6,ICMP,N/A,v6,fe80::b0b5:44ff:feea:219,ff02::179,N/A,N/A,N/A,N/A,N/A,N/A,,,1
1759293406,eth0,54,Ethernet,IPv4,N/A,N/A,v4,172.30.0.163,224.0.0.22,N/A,N/A,N/A,N/A,N/A,N/A,,,1
1759293406,any,92,N/A,IPv6,ICMP,N/A,v6,fe80::b0b5:44ff:feea:219,ff02::179,N/A,N/A,N/A,N/A,N/A,N/A,,,1
1759293406,any,56,N/A,IPv4,N/A,N/A,v4,172.30.0.163,224.0.0.22,N/A,N/A,N/A,N/A,N/A,N/A,,,1
1759293406,any,70,N/A,IPv4,UDP,N/A,v4,172.30.0.163,224.0.0.252,5355,5355,N/A,N/A,N/A,N/A,,,1
1759293406,eth0,68,Ethernet,IPv4,UDP,N/A,v4,172.30.0.163,224.0.0.252,5355,5355,N/A,N/A,N/A,N/A,,,1
1759293406,eth0,357,Ethernet,IPv4,UDP,N/A,v4,0.0.0.0,255.255.255.255,68,67,N/A,N/A,N/A,N/A,,,1
1759293406,any,359,N/A,IPv4,UDP,N/A,v4,0.0.0.0,255.255.255.255,68,67,N/A,N/A,N/A,N/A,,,1
1759293406,any,371,N/A,IPv4,UDP,N/A,v4,0.0.0.0,255.255.255.255,68,67,N/A,N/A,N/A,N/A,,,1
1759293406,eth0,369,Ethernet,IPv4,UDP,N/A,v4,0.0.0.0,255.255.255.255,68,67,N/A,N/A,N/A,N/A,,,1
1759293406,any,112,N/A,IPv6,ICMP,N/A,v6,fe80::780a:a9ff:fee6:89,ff02::179,N/A,N/A,N/A,N/A,N/A,N/A,,,1
1759293406,eth1,110,Ethernet,IPv6,ICMP,N/A,v6,fe80::780a:a9ff:fee6:89,ff02::179,N/A,N/A,N/A,N/A,N/A,N/A,,,1
1759293406,eth0,110,Ethernet,IPv6,ICMP,N/A,v6,fe80::b0b5:44ff:feea:219,ff02::179,N/A,N/A,N/A,N/A,N/A,N/A,,,1
1759293406,eth0,54,Ethernet,IPv4,N/A,N/A,v4,172.30.0.163,224.0.0.22,N/A,N/A,N/A,N/A,N/A,N/A,,,1
1759293406,any,112,N/A,IPv6,ICMP,N/A,v6,fe80::b0b5:44ff:feea:219,ff02::179,N/A,N/A,N/A,N/A,N/A,N/A,,,1
1759293406,eth0,42,Ethernet,N/A,N/A,N/A,N/A,N/A,N/A,N/A,N/A,N/A,N/A,N/A,N/A,,,1
1759293406,any,44,ARP,N/A,N/A,N/A,N/A,N/A,N/A,N/A,N/A,1,2048,172.30.0.163,172.30.0.122,,,1
1759293406,any,56,N/A,IPv4,N/A,N/A,v4,172.30.0.163,224.0.0.22,N/A,N/A,N/A,N/A,N/A,N/A,,,1
1759293406,eth0,54,Ethernet,IPv4,N/A,N/A,v4,172.30.0.163,224.0.0.22,N/A,N/A,N/A,N/A,N/A,N/A,,,1
1759293406,any,72,N/A,IPv6,ICMP,N/A,v6,fe80::7827:e3ff:fe68:239,ff02::204,N/A,N/A,N/A,N/A,N/A,N/A,,,1
1759293406,eth1,70,Ethernet,IPv6,ICMP,N/A,v6,fe80::7827:e3ff:fe68:239,ff02::204,N/A,N/A,N/A,N/A,N/A,N/A,,,1
1759293406,any,92,N/A,IPv6,ICMP,N/A,v6,fe80::24f1:23ff:fe29:66,ff02::179,N/A,N/A,N/A,N/A,N/A,N/A,,,1
1759293406,eth0,90,Ethernet,IPv6,ICMP,N/A,v6,fe80::24f1:23ff:fe29:66,ff02::179,N/A,N/A,N/A,N/A,N/A,N/A,,,1
1759293406,eth0,54,Ethernet,IPv4,N/A,N/A,v4,172.30.0.23,224.0.0.22,N/A,N/A,N/A,N/A,N/A,N/A,,,1
1759293406,eth0,67,Ethernet,IPv4,UDP,N/A,v4,172.30.0.23,224.0.0.252,5355,5355,N/A,N/A,N/A,N/A,,,1
1759293406,any,69,N/A,IPv4,UDP,N/A,v4,172.30.0.23,224.0.0.252,5355,5355,N/A,N/A,N/A,N/A,,,1
1759293406,eth0,356,Ethernet,IPv4,UDP,N/A,v4,0.0.0.0,255.255.255.255,68,67,N/A,N/A,N/A,N/A,,,1
1759293406,any,358,N/A,IPv4,UDP,N/A,v4,0.0.0.0,255.255.255.255,68,67,N/A,N/A,N/A,N/A,,,1
1759293406,any,370,N/A,IPv4,UDP,N/A,v4,0.0.0.0,255.255.255.255,68,67,N/A,N/A,N/A,N/A,,,1
1759293406,eth0,368,Ethernet,IPv4,UDP,N/A,v4,0.0.0.0,255.255.255.255,68,67,N/A,N/A,N/A,N/A,,,1
1759293406,any,112,N/A,IPv6,ICMP,N/A,v6,fe80::7827:e3ff:fe68:239,ff02::179,N/A,N/A,N/A,N/A,N/A,N/A,,,1
1759293406,eth1,110,Ethernet,IPv6,ICMP,N/A,v6,fe80::7827:e3ff:fe68:239,ff02::179,N/A,N/A,N/A,N/A,N/A,N/A,,,1
1759293406,any,112,N/A,IPv6,ICMP,N/A,v6,fe80::24f1:23ff:fe29:66,ff02::179,N/A,N/A,N/A,N/A,N/A,N/A,,,1
1759293406,eth0,110,Ethernet,IPv6,ICMP,N/A,v6,fe80::24f1:23ff:fe29:66,ff02::179,N/A,N/A,N/A,N/A,N/A,N/A,,,1
1759293406,eth0,54,Ethernet,IPv4,N/A,N/A,v4,172.30.0.23,224.0.0.22,N/A,N/A,N/A,N/A,N/A,N/A,,,1
1759293406,eth0,42,Ethernet,N/A,N/A,N/A,N/A,N/A,N/A,N/A,N/A,N/A,N/A,N/A,N/A,,,1
1759293406,any,44,ARP,N/A,N/A,N/A,N/A,N/A,N/A,N/A,N/A,1,2048,172.30.0.23,172.30.0.122,,,1
1759293406,any,113,N/A,N/A,N/A,N/A,N/A,N/A,N/A,N/A,N/A,N/A,N/A,N/A,N/A,,,1
1759293406,eth0,111,Ethernet,N/A,N/A,N/A,N/A,N/A,N/A,N/A,N/A,N/A,N/A,N/A,N/A,,,1
1759293406,any,112,N/A,IPv6,ICMP,N/A,v6,fe80::7827:e3ff:fe68:239,ff02::179,N/A,N/A,N/A,N/A,N/A,N/A,,,1
1759293406,eth1,110,Ethernet,IPv6,ICMP,N/A,v6,fe80::7827:e3ff:fe68:239,ff02::179,N/A,N/A,N/A,N/A,N/A,N/A,,,1
1759293406,any,109,N/A,N/A,N/A,N/A,N/A,N/A,N/A,N/A,N/A,N/A,N/A,N/A,N/A,,,0
1759293406,eth0,107,Ethernet,N/A,N/A,N/A,N/A,N/A,N/A,N/A,N/A,N/A,N/A,N/A,N/A,,,0
1759293407,any,112,N/A,IPv6,ICMP,N/A,v6,fe80::b0b5:44ff:feea:219,ff02::179,N/A,N/A,N/A,N/A,N/A,N/A,,,1
1759293407,eth0,110,Ethernet,IPv6,ICMP,N/A,v6,fe80::b0b5:44ff:feea:219,ff02::179,N/A,N/A,N/A,N/A,N/A,N/A,,,1
1759293407,eth1,110,Ethernet,IPv6,ICMP,N/A,v6,fe80::780a:a9ff:fee6:89,ff02::179,N/A,N/A,N/A,N/A,N/A,N/A,,,1
1759293407,any,112,N/A,IPv6,ICMP,N/A,v6,fe80::780a:a9ff:fee6:89,ff02::179,N/A,N/A,N/A,N/A,N/A,N/A,,,1
1759293407,any,56,N/A,IPv4,N/A,N/A,v4,172.30.0.23,224.0.0.22,N/A,N/A,N/A,N/A,N/A,N/A,,,1
1759293407,eth0,54,Ethernet,IPv4,N/A,N/A,v4,172.30.0.23,224.0.0.22,N/A,N/A,N/A,N/A,N/A,N/A,,,1
1759293407,eth1,70,Ethernet,IPv6,ICMP,N/A,v6,fe80::780a:a9ff:fee6:89,ff02::204,N/A,N/A,N/A,N/A,N/A,N/A,,,1
1759293407,eth0,70,Ethernet,IPv6,ICMP,N/A,v6,fe80::b0b5:44ff:feea:219,ff02::204,N/A,N/A,N/A,N/A,N/A,N/A,,,1
1759293407,any,72,N/A,IPv6,ICMP,N/A,v6,fe80::780a:a9ff:fee6:89,ff02::204,N/A,N/A,N/A,N/A,N/A,N/A,,,1
1759293407,eth0,90,Ethernet,IPv6,ICMP,N/A,v6,fe80::e48e:99ff:fe5f:147,ff02::179,N/A,N/A,N/A,N/A,N/A,N/A,,,1
1759293407,eth0,54,Ethernet,IPv4,N/A,N/A,v4,172.30.0.220,224.0.0.22,N/A,N/A,N/A,N/A,N/A,N/A,,,1
1759293407,any,92,N/A,IPv6,ICMP,N/A,v6,fe80::e48e:99ff:fe5f:147,ff02::179,N/A,N/A,N/A,N/A,N/A,N/A,,,1
1759293407,eth0,90,Ethernet,IPv6,ICMP,N/A,v6,fe80::ecf9:eff:fefb:55,ff02::179,N/A,N/A,N/A,N/A,N/A,N/A,,,1
1759293407,eth0,56,Ethernet,IPv4,N/A,N/A,v4,172.30.0.89,224.0.0.22,N/A,N/A,N/A,N/A,N/A,N/A,,,1
1759293407,any,92,N/A,IPv6,ICMP,N/A,v6,fe80::ecf9:eff:fefb:55,ff02::179,N/A,N/A,N/A,N/A,N/A,N/A,,,1
1759293407,any,92,N/A,IPv6,ICMP,N/A,v6,fe80::e48e:99ff:fe5f:147,ff02::179,N/A,N/A,N/A,N/A,N/A,N/A,,,1
1759293407,eth0,90,Ethernet,IPv6,ICMP,N/A,v6,fe80::e48e:99ff:fe5f:147,ff02::179,N/A,N/A,N/A,N/A,N/A,N/A,,,1
1759293407,eth0,71,Ethernet,IPv4,UDP,N/A,v4,172.30.0.220,224.0.0.252,5355,5355,N/A,N/A,N/A,N/A,,,1
1759293407,any,73,N/A,IPv4,UDP,N/A,v4,172.30.0.220,224.0.0.252,5355,5355,N/A,N/A,N/A,N/A,,,1
1759293407,eth0,360,Ethernet,IPv4,UDP,N/A,v4,0.0.0.0,255.255.255.255,68,67,N/A,N/A,N/A,N/A,,,1
1759293407,any,362,N/A,IPv4,UDP,N/A,v4,0.0.0.0,255.255.255.255,68,67,N/A,N/A,N/A,N/A,,,1
1759293407,any,374,N/A,IPv4,UDP,N/A,v4,0.0.0.0,255.255.255.255,68,67,N/A,N/A,N/A,N/A,,,1
1759293407,any,112,N/A,IPv6,ICMP,N/A,v6,fe80::dcac:f9ff:fe59:60,ff02::179,N/A,N/A,N/A,N/A,N/A,N/A,,,1
1759293407,any,112,N/A,IPv6,ICMP,N/A,v6,fe80::24f1:23ff:fe29:66,ff02::179,N/A,N/A,N/A,N/A,N/A,N/A,,,1
1759293407,any,112,N/A,IPv6,ICMP,N/A,v6,fe80::f056:abff:fe65:143,ff02::179,N/A,N/A,N/A,N/A,N/A,N/A,,,1
1759293407,any,112,N/A,IPv6,ICMP,N/A,v6,fe80::e48e:99ff:fe5f:147,ff02::179,N/A,N/A,N/A,N/A,N/A,N/A,,,1
1759293407,any,358,N/A,IPv4,UDP,N/A,v4,0.0.0.0,255.255.255.255,68,67,N/A,N/A,N/A,N/A,,,1
1759293407,any,370,N/A,IPv4,UDP,N/A,v4,0.0.0.0,255.255.255.255,68,67,N/A,N/A,N/A,N/A,,,1
1759293407,any,112,N/A,IPv6,ICMP,N/A,v6,fe80::103b:bdff:fef0:169,ff02::179,N/A,N/A,N/A,N/A,N/A,N/A,,,1
1759293407,any,112,N/A,IPv6,ICMP,N/A,v6,fe80::ecf9:eff:fefb:55,ff02::179,N/A,N/A,N/A,N/A,N/A,N/A,,,1
1759293407,any,112,N/A,IPv6,ICMP,N/A,v6,fe80::dcac:f9ff:fe59:60,ff02::179,N/A,N/A,N/A,N/A,N/A,N/A,,,1
1759293407,any,56,N/A,IPv4,N/A,N/A,v4,172.30.0.220,224.0.0.22,N/A,N/A,N/A,N/A,N/A,N/A,,,1
1759293407,any,112,N/A,IPv6,ICMP,N/A,v6,fe80::103b:bdff:fef0:169,ff02::179,N/A,N/A,N/A,N/A,N/A,N/A,,,1
1759293407,any,44,ARP,N/A,N/A,N/A,N/A,N/A,N/A,N/A,N/A,1,2048,172.30.0.220,172.30.0.122,,,1
1759293407,any,58,ARP,N/A,N/A,N/A,N/A,N/A,N/A,N/A,N/A,2,2048,172.30.0.122,172.30.0.220,,,1
1759293407,any,58,ARP,N/A,N/A,N/A,N/A,N/A,N/A,N/A,N/A,1,2048,172.30.0.89,172.30.0.122,,,1
1759293407,any,112,N/A,IPv6,ICMP,N/A,v6,fe80::f056:abff:fe65:143,ff02::179,N/A,N/A,N/A,N/A,N/A,N/A,,,1
1759293407,eth0,372,Ethernet,IPv4,UDP,N/A,v4,0.0.0.0,255.255.255.255,68,67,N/A,N/A,N/A,N/A,,,1
1759293407,eth0,110,Ethernet,IPv6,ICMP,N/A,v6,fe80::24f1:23ff:fe29:66,ff02::179,N/A,N/A,N/A,N/A,N/A,N/A,,,1
1759293407,eth0,110,Ethernet,IPv6,ICMP,N/A,v6,fe80::e48e:99ff:fe5f:147,ff02::179,N/A,N/A,N/A,N/A,N/A,N/A,,,1
1759293407,eth0,54,Ethernet,IPv4,N/A,N/A,v4,172.30.0.220,224.0.0.22,N/A,N/A,N/A,N/A,N/A,N/A,,,1
1759293407,eth0,356,Ethernet,IPv4,UDP,N/A,v4,0.0.0.0,255.255.255.255,68,67,N/A,N/A,N/A,N/A,,,1
1759293407,eth0,368,Ethernet,IPv4,UDP,N/A,v4,0.0.0.0,255.255.255.255,68,67,N/A,N/A,N/A,N/A,,,1
1759293407,eth0,110,Ethernet,IPv6,ICMP,N/A,v6,fe80::ecf9:eff:fefb:55,ff02::179,N/A,N/A,N/A,N/A,N/A,N/A,,,1
1759293407,eth0,56,Ethernet,IPv4,N/A,N/A,v4,172.30.0.89,224.0.0.22,N/A,N/A,N/A,N/A,N/A,N/A,,,1
1759293407,eth0,54,Ethernet,IPv4,N/A,N/A,v4,172.30.0.220,224.0.0.22,N/A,N/A,N/A,N/A,N/A,N/A,,,1
1759293407,eth0,90,Ethernet,IPv6,ICMP,N/A,v6,fe80::5ca9:83ff:fe87:27,ff02::179,N/A,N/A,N/A,N/A,N/A,N/A,,,0
1759293407,eth0,54,Ethernet,IPv4,N/A,N/A,v4,172.30.0.220,224.0.0.22,N/A,N/A,N/A,N/A,N/A,N/A,,,0
1759293407,any,92,N/A,IPv6,ICMP,N/A,v6,fe80::5ca9:83ff:fe87:27,ff02::179,N/A,N/A,N/A,N/A,N/A,N/A,,,0
1759293407,eth0,67,Ethernet,IPv4,UDP,N/A,v4,172.30.0.220,224.0.0.252,5355,5355,N/A,N/A,N/A,N/A,,,0
1759293407,any,69,N/A,IPv4,UDP,N/A,v4,172.30.0.220,224.0.0.252,5355,5355,N/A,N/A,N/A,N/A,,,0
1759293407,eth0,356,Ethernet,IPv4,UDP,N/A,v4,0.0.0.0,255.255.255.255,68,67,N/A,N/A,N/A,N/A,,,0
1759293407,any,358,N/A,IPv4,UDP,N/A,v4,0.0.0.0,255.255.255.255,68,67,N/A,N/A,N/A,N/A,,,0
1759293407,eth0,368,Ethernet,IPv4,UDP,N/A,v4,0.0.0.0,255.255.255.255,68,67,N/A,N/A,N/A,N/A,,,0
1759293407,any,370,N/A,IPv4,UDP,N/A,v4,0.0.0.0,255.255.255.255,68,67,N/A,N/A,N/A,N/A,,,0
1759293407,eth1,110,Ethernet,IPv6,ICMP,N/A,v6,fe80::a824:52ff:fe4f:69,ff02::179,N/A,N/A,N/A,N/A,N/A,N/A,,,0
1759293407,any,112,N/A,IPv6,ICMP,N/A,v6,fe80::a824:52ff:fe4f:69,ff02::179,N/A,N/A,N/A,N/A,N/A,N/A,,,0
1759293407,any,112,N/A,IPv6,ICMP,N/A,v6,fe80::5ca9:83ff:fe87:27,ff02::179,N/A,N/A,N/A,N/A,N/A,N/A,,,0
1759293407,eth0,110,Ethernet,IPv6,ICMP,N/A,v6,fe80::5ca9:83ff:fe87:27,ff02::179,N/A,N/A,N/A,N/A,N/A,N/A,,,0
1759293407,eth0,54,Ethernet,IPv4,N/A,N/A,v4,172.30.0.220,224.0.0.22,N/A,N/A,N/A,N/A,N/A,N/A,,,0
1759293407,eth2,110,Ethernet,IPv6,ICMP,N/A,v6,fe80::dcac:f9ff:fe59:60,ff02::179,N/A,N/A,N/A,N/A,N/A,N/A,,,1
1759293407,eth1,110,Ethernet,IPv6,ICMP,N/A,v6,fe80::f056:abff:fe65:143,ff02::179,N/A,N/A,N/A,N/A,N/A,N/A,,,1
1759293407,eth1,110,Ethernet,IPv6,ICMP,N/A,v6,fe80::103b:bdff:fef0:169,ff02::179,N/A,N/A,N/A,N/A,N/A,N/A,,,1
1759293407,eth1,110,Ethernet,IPv6,ICMP,N/A,v6,fe80::103b:bdff:fef0:169,ff02::179,N/A,N/A,N/A,N/A,N/A,N/A,,,1
1759293407,eth1,110,Ethernet,IPv6,ICMP,N/A,v6,fe80::f056:abff:fe65:143,ff02::179,N/A,N/A,N/A,N/A,N/A,N/A,,,1
1759293407,eth0,42,Ethernet,N/A,N/A,N/A,N/A,N/A,N/A,N/A,N/A,N/A,N/A,N/A,N/A,,,1
1759293407,eth0,56,Ethernet,N/A,N/A,N/A,N/A,N/A,N/A,N/A,N/A,N/A,N/A,N/A,N/A,,,1
1759293407,eth0,56,Ethernet,N/A,N/A,N/A,N/A,N/A,N/A,N/A,N/A,N/A,N/A,N/A,N/A,,,1
1759293407,eth0,56,Ethernet,N/A,N/A,N/A,N/A,N/A,N/A,N/A,N/A,N/A,N/A,N/A,N/A,,,1
1759293407,eth2,110,Ethernet,IPv6,ICMP,N/A,v6,fe80::dcac:f9ff:fe59:60,ff02::179,N/A,N/A,N/A,N/A,N/A,N/A,,,1
1759293407,any,72,N/A,IPv6,ICMP,N/A,v6,fe80::24f1:23ff:fe29:66,ff02::204,N/A,N/A,N/A,N/A,N/A,N/A,,,1
1759293407,eth0,70,Ethernet,IPv6,ICMP,N/A,v6,fe80::24f1:23ff:fe29:66,ff02::204,N/A,N/A,N/A,N/A,N/A,N/A,,,1
1759293407,any,72,N/A,IPv6,ICMP,N/A,v6,fe80::7827:e3ff:fe68:239,ff02::204,N/A,N/A,N/A,N/A,N/A,N/A,,,1
1759293407,eth1,70,Ethernet,IPv6,ICMP,N/A,v6,fe80::7827:e3ff:fe68:239,ff02::204,N/A,N/A,N/A,N/A,N/A,N/A,,,1
1759293407,any,58,N/A,IPv4,N/A,N/A,v4,172.30.0.89,224.0.0.22,N/A,N/A,N/A,N/A,N/A,N/A,,,1
1759293407,eth0,56,Ethernet,IPv4,N/A,N/A,v4,172.30.0.89,224.0.0.22,N/A,N/A,N/A,N/A,N/A,N/A,,,1
1759293408,any,56,N/A,IPv4,N/A,N/A,v4,172.30.0.220,224.0.0.22,N/A,N/A,N/A,N/A,N/A,N/A,,,0
1759293408,eth0,54,Ethernet,IPv4,N/A,N/A,v4,172.30.0.220,224.0.0.22,N/A,N/A,N/A,N/A,N/A,N/A,,,0
1759293408,any,112,N/A,IPv6,ICMP,N/A,v6,fe80::a824:52ff:fe4f:69,ff02::179,N/A,N/A,N/A,N/A,N/A,N/A,,,0
1759293408,eth1,110,Ethernet,IPv6,ICMP,N/A,v6,fe80::a824:52ff:fe4f:69,ff02::179,N/A,N/A,N/A,N/A,N/A,N/A,,,0
1759293408,eth0,110,Ethernet,IPv6,ICMP,N/A,v6,fe80::5ca9:83ff:fe87:27,ff02::179,N/A,N/A,N/A,N/A,N/A,N/A,,,0
1759293408,any,112,N/A,IPv6,ICMP,N/A,v6,fe80::5ca9:83ff:fe87:27,ff02::179,N/A,N/A,N/A,N/A,N/A,N/A,,,0
1759293408,eth0,70,Ethernet,IPv6,ICMP,N/A,v6,fe80::5ca9:83ff:fe87:27,ff02::204,N/A,N/A,N/A,N/A,N/A,N/A,,,0
1759293408,eth0,110,Ethernet,IPv6,ICMP,N/A,v6,fe80::ecf9:eff:fefb:55,ff02::179,N/A,N/A,N/A,N/A,N/A,N/A,,,1
1759293408,any,112,N/A,IPv6,ICMP,N/A,v6,fe80::ecf9:eff:fefb:55,ff02::179,N/A,N/A,N/A,N/A,N/A,N/A,,,1
1759293408,eth0,111,Ethernet,N/A,N/A,N/A,N/A,N/A,N/A,N/A,N/A,N/A,N/A,N/A,N/A,,,1
1759293408,eth2,70,Ethernet,IPv6,ICMP,N/A,v6,fe80::dcac:f9ff:fe59:60,ff02::204,N/A,N/A,N/A,N/A,N/A,N/A,,,1
1759293408,any,72,N/A,IPv6,ICMP,N/A,v6,fe80::dcac:f9ff:fe59:60,ff02::204,N/A,N/A,N/A,N/A,N/A,N/A,,,1
1759293408,any,113,N/A,N/A,N/A,N/A,N/A,N/A,N/A,N/A,N/A,N/A,N/A,N/A,N/A,,,1
1759293408,eth1,70,Ethernet,IPv6,ICMP,N/A,v6,fe80::f056:abff:fe65:143,ff02::204,N/A,N/A,N/A,N/A,N/A,N/A,,,1
1759293408,any,72,N/A,IPv6,ICMP,N/A,v6,fe80::e48e:99ff:fe5f:147,ff02::204,N/A,N/A,N/A,N/A,N/A,N/A,,,1
1759293408,any,72,N/A,IPv6,ICMP,N/A,v6,fe80::f056:abff:fe65:143,ff02::204,N/A,N/A,N/A,N/A,N/A,N/A,,,1
1759293408,eth0,70,Ethernet,IPv6,ICMP,N/A,v6,fe80::e48e:99ff:fe5f:147,ff02::204,N/A,N/A,N/A,N/A,N/A,N/A,,,1
1759293408,any,72,N/A,IPv6,ICMP,N/A,v6,fe80::ecf9:eff:fefb:55,ff02::204,N/A,N/A,N/A,N/A,N/A,N/A,,,1
1759293408,eth0,70,Ethernet,IPv6,ICMP,N/A,v6,fe80::ecf9:eff:fefb:55,ff02::204,N/A,N/A,N/A,N/A,N/A,N/A,,,1
1759293408,any,72,N/A,IPv6,ICMP,N/A,v6,fe80::103b:bdff:fef0:169,ff02::204,N/A,N/A,N/A,N/A,N/A,N/A,,,1
1759293408,eth1,70,Ethernet,IPv6,ICMP,N/A,v6,fe80::103b:bdff:fef0:169,ff02::204,N/A,N/A,N/A,N/A,N/A,N/A,,,1
1759293408,any,112,N/A,IPv6,ICMP,N/A,v6,fe80::e48e:99ff:fe5f:147,ff02::179,N/A,N/A,N/A,N/A,N/A,N/A,,,1
1759293408,eth0,110,Ethernet,IPv6,ICMP,N/A,v6,fe80::e48e:99ff:fe5f:147,ff02::179,N/A,N/A,N/A,N/A,N/A,N/A,,,1
1759293408,eth0,42,Ethernet,N/A,N/A,N/A,N/A,N/A,N/A,N/A,N/A,N/A,N/A,N/A,N/A,,,0
1759293408,eth0,56,Ethernet,N/A,N/A,N/A,N/A,N/A,N/A,N/A,N/A,N/A,N/A,N/A,N/A,,,0
1759293408,any,72,N/A,IPv6,ICMP,N/A,v6,fe80::a824:52ff:fe4f:69,ff02::204,N/A,N/A,N/A,N/A,N/A,N/A,,,0
1759293408,any,72,N/A,IPv6,ICMP,N/A,v6,fe80::5ca9:83ff:fe87:27,ff02::204,N/A,N/A,N/A,N/A,N/A,N/A,,,0
1759293408,any,44,ARP,N/A,N/A,N/A,N/A,N/A,N/A,N/A,N/A,1,2048,172.30.0.220,172.30.0.122,,,0
1759293408,any,58,ARP,N/A,N/A,N/A,N/A,N/A,N/A,N/A,N/A,2,2048,172.30.0.122,172.30.0.220,,,0
1759293408,eth1,70,Ethernet,IPv6,ICMP,N/A,v6,fe80::a824:52ff:fe4f:69,ff02::204,N/A,N/A,N/A,N/A,N/A,N/A,,,0
1759293408,eth0,107,Ethernet,N/A,N/A,N/A,N/A,N/A,N/A,N/A,N/A,N/A,N/A,N/A,N/A,,,0
1759293408,any,109,N/A,N/A,N/A,N/A,N/A,N/A,N/A,N/A,N/A,N/A,N/A,N/A,N/A,,,0
1759293409,eth0,111,Ethernet,N/A,N/A,N/A,N/A,N/A,N/A,N/A,N/A,N/A,N/A,N/A,N/A,,,1
1759293409,any,113,N/A,N/A,N/A,N/A,N/A,N/A,N/A,N/A,N/A,N/A,N/A,N/A,N/A,,,1
1759293409,eth0,107,Ethernet,N/A,N/A,N/A,N/A,N/A,N/A,N/A,N/A,N/A,N/A,N/A,N/A,,,0
1759293409,any,109,N/A,N/A,N/A,N/A,N/A,N/A,N/A,N/A,N/A,N/A,N/A,N/A,N/A,,,0
1759293410,eth0,90,Ethernet,IPv6,ICMP,N/A,v6,fe80::b0b5:44ff:feea:219,ff02::179,N/A,N/A,N/A,N/A,N/A,N/A,,,1
1759293410,eth0,54,Ethernet,IPv4,N/A,N/A,v4,172.30.0.163,224.0.0.22,N/A,N/A,N/A,N/A,N/A,N/A,,,1
1759293410,any,92,N/A,IPv6,ICMP,N/A,v6,fe80::b0b5:44ff:feea:219,ff02::179,N/A,N/A,N/A,N/A,N/A,N/A,,,1
1759293410,any,90,N/A,IPv6,UDP,N/A,v6,fe80::b0b5:44ff:feea:219,ff02::1:52,5355,5355,N/A,N/A,N/A,N/A,,,1
1759293410,eth0,88,Ethernet,IPv6,UDP,N/A,v6,fe80::b0b5:44ff:feea:219,ff02::1:52,5355,5355,N/A,N/A,N/A,N/A,,,1
1759293410,eth0,68,Ethernet,IPv4,UDP,N/A,v4,172.30.0.163,224.0.0.252,5355,5355,N/A,N/A,N/A,N/A,,,1
1759293410,any,70,N/A,IPv4,UDP,N/A,v4,172.30.0.163,224.0.0.252,5355,5355,N/A,N/A,N/A,N/A,,,1
1759293410,eth0,68,Ethernet,IPv4,UDP,N/A,v4,172.30.0.163,224.0.0.252,5355,5355,N/A,N/A,N/A,N/A,,,1
1759293410,eth0,88,Ethernet,IPv6,UDP,N/A,v6,fe80::b0b5:44ff:feea:219,ff02::1:52,5355,5355,N/A,N/A,N/A,N/A,,,1
1759293410,eth0,357,Ethernet,IPv4,UDP,N/A,v4,0.0.0.0,255.255.255.255,68,67,N/A,N/A,N/A,N/A,,,1
1759293410,any,359,N/A,IPv4,UDP,N/A,v4,0.0.0.0,255.255.255.255,68,67,N/A,N/A,N/A,N/A,,,1
1759293410,eth0,110,Ethernet,IPv6,ICMP,N/A,v6,fe80::b0b5:44ff:feea:219,ff02::179,N/A,N/A,N/A,N/A,N/A,N/A,,,1
1759293410,any,112,N/A,IPv6,ICMP,N/A,v6,fe80::b0b5:44ff:feea:219,ff02::179,N/A,N/A,N/A,N/A,N/A,N/A,,,1
1759293410,any,112,N/A,IPv6,ICMP,N/A,v6,fe80::780a:a9ff:fee6:89,ff02::179,N/A,N/A,N/A,N/A,N/A,N/A,,,1
1759293410,eth1,110,Ethernet,IPv6,ICMP,N/A,v6,fe80::780a:a9ff:fee6:89,ff02::179,N/A,N/A,N/A,N/A,N/A,N/A,,,1
1759293410,eth0,369,Ethernet,IPv4,UDP,N/A,v4,0.0.0.0,255.255.255.255,68,67,N/A,N/A,N/A,N/A,,,1
1759293410,eth0,110,Ethernet,IPv6,ICMP,N/A,v6,fe80::b0b5:44ff:feea:219,ff02::179,N/A,N/A,N/A,N/A,N/A,N/A,,,1
1759293410,eth0,54,Ethernet,IPv4,N/A,N/A,v4,172.30.0.163,224.0.0.22,N/A,N/A,N/A,N/A,N/A,N/A,,,1
1759293410,any,112,N/A,IPv6,ICMP,N/A,v6,fe80::b0b5:44ff:feea:219,ff02::179,N/A,N/A,N/A,N/A,N/A,N/A,,,1
1759293410,eth0,42,Ethernet,N/A,N/A,N/A,N/A,N/A,N/A,N/A,N/A,N/A,N/A,N/A,N/A,,,1
1759293410,any,44,ARP,N/A,N/A,N/A,N/A,N/A,N/A,N/A,N/A,1,2048,172.30.0.163,172.30.0.122,,,1
1759293410,any,92,N/A,IPv6,ICMP,N/A,v6,fe80::b0b5:44ff:feea:219,ff02::179,N/A,N/A,N/A,N/A,N/A,N/A,,,1
1759293410,eth0,90,Ethernet,IPv6,ICMP,N/A,v6,fe80::b0b5:44ff:feea:219,ff02::179,N/A,N/A,N/A,N/A,N/A,N/A,,,1
1759293410,eth0,111,Ethernet,N/A,N/A,N/A,N/A,N/A,N/A,N/A,N/A,N/A,N/A,N/A,N/A,,,1
1759293410,any,113,N/A,N/A,N/A,N/A,N/A,N/A,N/A,N/A,N/A,N/A,N/A,N/A,N/A,,,1
1759293410,any,92,N/A,IPv6,ICMP,N/A,v6,fe80::24f1:23ff:fe29:66,ff02::179,N/A,N/A,N/A,N/A,N/A,N/A,,,1
1759293410,eth0,90,Ethernet,IPv6,ICMP,N/A,v6,fe80::24f1:23ff:fe29:66,ff02::179,N/A,N/A,N/A,N/A,N/A,N/A,,,1
1759293410,eth0,54,Ethernet,IPv4,N/A,N/A,v4,172.30.0.23,224.0.0.22,N/A,N/A,N/A,N/A,N/A,N/A,,,1
1759293410,eth0,356,Ethernet,IPv4,UDP,N/A,v4,0.0.0.0,255.255.255.255,68,67,N/A,N/A,N/A,N/A,,,1
1759293410,any,358,N/A,IPv4,UDP,N/A,v4,0.0.0.0,255.255.255.255,68,67,N/A,N/A,N/A,N/A,,,1
1759293410,any,370,N/A,IPv4,UDP,N/A,v4,0.0.0.0,255.255.255.255,68,67,N/A,N/A,N/A,N/A,,,1
1759293410,eth0,368,Ethernet,IPv4,UDP,N/A,v4,0.0.0.0,255.255.255.255,68,67,N/A,N/A,N/A,N/A,,,1
1759293410,any,112,N/A,IPv6,ICMP,N/A,v6,fe80::7827:e3ff:fe68:239,ff02::179,N/A,N/A,N/A,N/A,N/A,N/A,,,1
1759293410,eth1,110,Ethernet,IPv6,ICMP,N/A,v6,fe80::7827:e3ff:fe68:239,ff02::179,N/A,N/A,N/A,N/A,N/A,N/A,,,1
1759293410,any,112,N/A,IPv6,ICMP,N/A,v6,fe80::24f1:23ff:fe29:66,ff02::179,N/A,N/A,N/A,N/A,N/A,N/A,,,1
1759293410,eth0,110,Ethernet,IPv6,ICMP,N/A,v6,fe80::24f1:23ff:fe29:66,ff02::179,N/A,N/A,N/A,N/A,N/A,N/A,,,1
1759293410,eth0,54,Ethernet,IPv4,N/A,N/A,v4,172.30.0.23,224.0.0.22,N/A,N/A,N/A,N/A,N/A,N/A,,,1
1759293410,eth0,107,Ethernet,N/A,N/A,N/A,N/A,N/A,N/A,N/A,N/A,N/A,N/A,N/A,N/A,,,0
1759293410,any,109,N/A,N/A,N/A,N/A,N/A,N/A,N/A,N/A,N/A,N/A,N/A,N/A,N/A,,,0
1759293411,any,112,N/A,IPv6,ICMP,N/A,v6,fe80::780a:a9ff:fee6:89,ff02::179,N/A,N/A,N/A,N/A,N/A,N/A,,,1
1759293411,eth1,110,Ethernet,IPv6,ICMP,N/A,v6,fe80::780a:a9ff:fee6:89,ff02::179,N/A,N/A,N/A,N/A,N/A,N/A,,,1
1759293411,any,56,N/A,IPv4,N/A,N/A,v4,172.30.0.163,224.0.0.22,N/A,N/A,N/A,N/A,N/A,N/A,,,1
1759293411,eth0,54,Ethernet,IPv4,N/A,N/A,v4,172.30.0.163,224.0.0.22,N/A,N/A,N/A,N/A,N/A,N/A,,,1
1759293411,any,72,N/A,IPv6,ICMP,N/A,v6,fe80::b0b5:44ff:feea:219,ff02::204,N/A,N/A,N/A,N/A,N/A,N/A,,,1
1759293411,eth0,70,Ethernet,IPv6,ICMP,N/A,v6,fe80::b0b5:44ff:feea:219,ff02::204,N/A,N/A,N/A,N/A,N/A,N/A,,,1
1759293411,eth1,70,Ethernet,IPv6,ICMP,N/A,v6,fe80::780a:a9ff:fee6:89,ff02::204,N/A,N/A,N/A,N/A,N/A,N/A,,,1
1759293411,any,112,N/A,IPv6,ICMP,N/A,v6,fe80::7827:e3ff:fe68:239,ff02::179,N/A,N/A,N/A,N/A,N/A,N/A,,,1
1759293411,eth1,110,Ethernet,IPv6,ICMP,N/A,v6,fe80::7827:e3ff:fe68:239,ff02::179,N/A,N/A,N/A,N/A,N/A,N/A,,,1
1759293411,eth0,54,Ethernet,IPv4,N/A,N/A,v4,172.30.0.23,224.0.0.22,N/A,N/A,N/A,N/A,N/A,N/A,,,1
1759293411,any,56,N/A,IPv4,N/A,N/A,v4,172.30.0.23,224.0.0.22,N/A,N/A,N/A,N/A,N/A,N/A,,,1
1759293411,any,44,ARP,N/A,N/A,N/A,N/A,N/A,N/A,N/A,N/A,1,2048,172.30.0.23,172.30.0.122,,,1
1759293411,eth0,42,Ethernet,N/A,N/A,N/A,N/A,N/A,N/A,N/A,N/A,N/A,N/A,N/A,N/A,,,1
1759293411,any,72,N/A,IPv6,ICMP,N/A,v6,fe80::24f1:23ff:fe29:66,ff02::204,N/A,N/A,N/A,N/A,N/A,N/A,,,1
1759293411,eth0,70,Ethernet,IPv6,ICMP,N/A,v6,fe80::24f1:23ff:fe29:66,ff02::204,N/A,N/A,N/A,N/A,N/A,N/A,,,1
1759293411,any,72,N/A,IPv6,ICMP,N/A,v6,fe80::7827:e3ff:fe68:239,ff02::204,N/A,N/A,N/A,N/A,N/A,N/A,,,1
1759293411,eth1,70,Ethernet,IPv6,ICMP,N/A,v6,fe80::7827:e3ff:fe68:239,ff02::204,N/A,N/A,N/A,N/A,N/A,N/A,,,1
1759293411,any,112,N/A,IPv6,ICMP,N/A,v6,fe80::24f1:23ff:fe29:66,ff02::179,N/A,N/A,N/A,N/A,N/A,N/A,,,1
1759293411,eth0,110,Ethernet,IPv6,ICMP,N/A,v6,fe80::24f1:23ff:fe29:66,ff02::179,N/A,N/A,N/A,N/A,N/A,N/A,,,1
1759293411,eth0,111,Ethernet,N/A,N/A,N/A,N/A,N/A,N/A,N/A,N/A,N/A,N/A,N/A,N/A,,,1
1759293411,any,113,N/A,N/A,N/A,N/A,N/A,N/A,N/A,N/A,N/A,N/A,N/A,N/A,N/A,,,1
1759293412,any,109,N/A,N/A,N/A,N/A,N/A,N/A,N/A,N/A,N/A,N/A,N/A,N/A,N/A,,,0
1759293412,eth0,107,Ethernet,N/A,N/A,N/A,N/A,N/A,N/A,N/A,N/A,N/A,N/A,N/A,N/A,,,0
1759293412,any,72,N/A,IPv6,ICMP,N/A,v6,fe80::5ca9:83ff:fe87:27,ff02::204,N/A,N/A,N/A,N/A,N/A,N/A,,,0
1759293412,eth0,70,Ethernet,IPv6,ICMP,N/A,v6,fe80::5ca9:83ff:fe87:27,ff02::204,N/A,N/A,N/A,N/A,N/A,N/A,,,0
1759293412,eth0,90,Ethernet,IPv6,ICMP,N/A,v6,fe80::5ca9:83ff:fe87:27,ff02::179,N/A,N/A,N/A,N/A,N/A,N/A,,,0
1759293412,eth0,54,Ethernet,IPv4,N/A,N/A,v4,172.30.0.220,224.0.0.22,N/A,N/A,N/A,N/A,N/A,N/A,,,0
1759293412,any,92,N/A,IPv6,ICMP,N/A,v6,fe80::5ca9:83ff:fe87:27,ff02::179,N/A,N/A,N/A,N/A,N/A,N/A,,,0
1759293412,eth0,356,Ethernet,IPv4,UDP,N/A,v4,0.0.0.0,255.255.255.255,68,67,N/A,N/A,N/A,N/A,,,0
1759293412,any,358,N/A,IPv4,UDP,N/A,v4,0.0.0.0,255.255.255.255,68,67,N/A,N/A,N/A,N/A,,,0
1759293412,eth0,368,Ethernet,IPv4,UDP,N/A,v4,0.0.0.0,255.255.255.255,68,67,N/A,N/A,N/A,N/A,,,0
1759293412,any,370,N/A,IPv4,UDP,N/A,v4,0.0.0.0,255.255.255.255,68,67,N/A,N/A,N/A,N/A,,,0
1759293412,eth1,110,Ethernet,IPv6,ICMP,N/A,v6,fe80::a824:52ff:fe4f:69,ff02::179,N/A,N/A,N/A,N/A,N/A,N/A,,,0
1759293412,any,72,N/A,IPv6,ICMP,N/A,v6,fe80::f056:abff:fe65:143,ff02::204,N/A,N/A,N/A,N/A,N/A,N/A,,,1
1759293412,eth1,70,Ethernet,IPv6,ICMP,N/A,v6,fe80::f056:abff:fe65:143,ff02::204,N/A,N/A,N/A,N/A,N/A,N/A,,,1
1759293412,any,72,N/A,IPv6,ICMP,N/A,v6,fe80::e48e:99ff:fe5f:147,ff02::204,N/A,N/A,N/A,N/A,N/A,N/A,,,1
1759293412,eth0,70,Ethernet,IPv6,ICMP,N/A,v6,fe80::e48e:99ff:fe5f:147,ff02::204,N/A,N/A,N/A,N/A,N/A,N/A,,,1
1759293412,eth0,70,Ethernet,IPv6,ICMP,N/A,v6,fe80::ecf9:eff:fefb:55,ff02::204,N/A,N/A,N/A,N/A,N/A,N/A,,,1
1759293412,any,72,N/A,IPv6,ICMP,N/A,v6,fe80::ecf9:eff:fefb:55,ff02::204,N/A,N/A,N/A,N/A,N/A,N/A,,,1
1759293412,eth0,90,Ethernet,IPv6,ICMP,N/A,v6,fe80::e48e:99ff:fe5f:147,ff02::179,N/A,N/A,N/A,N/A,N/A,N/A,,,1
1759293412,eth0,54,Ethernet,IPv4,N/A,N/A,v4,172.30.0.220,224.0.0.22,N/A,N/A,N/A,N/A,N/A,N/A,,,1
1759293412,any,92,N/A,IPv6,ICMP,N/A,v6,fe80::e48e:99ff:fe5f:147,ff02::179,N/A,N/A,N/A,N/A,N/A,N/A,,,1
1759293412,eth0,90,Ethernet,IPv6,ICMP,N/A,v6,fe80::ecf9:eff:fefb:55,ff02::179,N/A,N/A,N/A,N/A,N/A,N/A,,,1
1759293412,eth0,56,Ethernet,IPv4,N/A,N/A,v4,172.30.0.89,224.0.0.22,N/A,N/A,N/A,N/A,N/A,N/A,,,1
1759293412,any,92,N/A,IPv6,ICMP,N/A,v6,fe80::ecf9:eff:fefb:55,ff02::179,N/A,N/A,N/A,N/A,N/A,N/A,,,1
1759293412,eth0,91,Ethernet,IPv6,UDP,N/A,v6,fe80::e48e:99ff:fe5f:147,ff02::1:52,5355,5355,N/A,N/A,N/A,N/A,,,1
1759293412,any,93,N/A,IPv6,UDP,N/A,v6,fe80::e48e:99ff:fe5f:147,ff02::1:52,5355,5355,N/A,N/A,N/A,N/A,,,1
1759293412,eth0,356,Ethernet,IPv4,UDP,N/A,v4,0.0.0.0,255.255.255.255,68,67,N/A,N/A,N/A,N/A,,,1
1759293412,any,358,N/A,IPv4,UDP,N/A,v4,0.0.0.0,255.255.255.255,68,67,N/A,N/A,N/A,N/A,,,1
1759293412,eth0,368,Ethernet,IPv4,UDP,N/A,v4,0.0.0.0,255.255.255.255,68,67,N/A,N/A,N/A,N/A,,,1
1759293412,any,370,N/A,IPv4,UDP,N/A,v4,0.0.0.0,255.255.255.255,68,67,N/A,N/A,N/A,N/A,,,1
1759293412,eth0,360,Ethernet,IPv4,UDP,N/A,v4,0.0.0.0,255.255.255.255,68,67,N/A,N/A,N/A,N/A,,,1
1759293412,any,362,N/A,IPv4,UDP,N/A,v4,0.0.0.0,255.255.255.255,68,67,N/A,N/A,N/A,N/A,,,1
1759293412,eth0,372,Ethernet,IPv4,UDP,N/A,v4,0.0.0.0,255.255.255.255,68,67,N/A,N/A,N/A,N/A,,,1
1759293412,any,374,N/A,IPv4,UDP,N/A,v4,0.0.0.0,255.255.255.255,68,67,N/A,N/A,N/A,N/A,,,1
1759293412,eth2,110,Ethernet,IPv6,ICMP,N/A,v6,fe80::dcac:f9ff:fe59:60,ff02::179,N/A,N/A,N/A,N/A,N/A,N/A,,,1
1759293412,any,112,N/A,IPv6,ICMP,N/A,v6,fe80::103b:bdff:fef0:169,ff02::179,N/A,N/A,N/A,N/A,N/A,N/A,,,1
1759293412,any,112,N/A,IPv6,ICMP,N/A,v6,fe80::dcac:f9ff:fe59:60,ff02::179,N/A,N/A,N/A,N/A,N/A,N/A,,,1
1759293412,eth1,110,Ethernet,IPv6,ICMP,N/A,v6,fe80::103b:bdff:fef0:169,ff02::179,N/A,N/A,N/A,N/A,N/A,N/A,,,1
1759293412,eth1,110,Ethernet,IPv6,ICMP,N/A,v6,fe80::f056:abff:fe65:143,ff02::179,N/A,N/A,N/A,N/A,N/A,N/A,,,1
1759293412,any,112,N/A,IPv6,ICMP,N/A,v6,fe80::f056:abff:fe65:143,ff02::179,N/A,N/A,N/A,N/A,N/A,N/A,,,1
1759293412,eth0,110,Ethernet,IPv6,ICMP,N/A,v6,fe80::ecf9:eff:fefb:55,ff02::179,N/A,N/A,N/A,N/A,N/A,N/A,,,1
1759293412,eth0,56,Ethernet,IPv4,N/A,N/A,v4,172.30.0.89,224.0.0.22,N/A,N/A,N/A,N/A,N/A,N/A,,,1
1759293412,any,112,N/A,IPv6,ICMP,N/A,v6,fe80::ecf9:eff:fefb:55,ff02::179,N/A,N/A,N/A,N/A,N/A,N/A,,,1
1759293412,any,58,N/A,IPv4,N/A,N/A,v4,172.30.0.89,224.0.0.22,N/A,N/A,N/A,N/A,N/A,N/A,,,1
1759293412,any,56,N/A,IPv4,N/A,N/A,v4,172.30.0.220,224.0.0.22,N/A,N/A,N/A,N/A,N/A,N/A,,,1
1759293412,any,44,ARP,N/A,N/A,N/A,N/A,N/A,N/A,N/A,N/A,1,2048,172.30.0.220,172.30.0.122,,,1
1759293412,any,58,ARP,N/A,N/A,N/A,N/A,N/A,N/A,N/A,N/A,2,2048,172.30.0.122,172.30.0.220,,,1
1759293412,any,58,ARP,N/A,N/A,N/A,N/A,N/A,N/A,N/A,N/A,2,2048,172.30.0.122,172.30.0.220,,,1
1759293412,any,112,N/A,IPv6,ICMP,N/A,v6,fe80::e48e:99ff:fe5f:147,ff02::179,N/A,N/A,N/A,N/A,N/A,N/A,,,1
1759293412,eth0,54,Ethernet,IPv4,N/A,N/A,v4,172.30.0.220,224.0.0.22,N/A,N/A,N/A,N/A,N/A,N/A,,,1
1759293412,eth0,42,Ethernet,N/A,N/A,N/A,N/A,N/A,N/A,N/A,N/A,N/A,N/A,N/A,N/A,,,1
1759293412,eth0,56,Ethernet,N/A,N/A,N/A,N/A,N/A,N/A,N/A,N/A,N/A,N/A,N/A,N/A,,,1
1759293412,eth0,56,Ethernet,N/A,N/A,N/A,N/A,N/A,N/A,N/A,N/A,N/A,N/A,N/A,N/A,,,1
1759293412,eth0,110,Ethernet,IPv6,ICMP,N/A,v6,fe80::e48e:99ff:fe5f:147,ff02::179,N/A,N/A,N/A,N/A,N/A,N/A,,,1
1759293412,any,58,ARP,N/A,N/A,N/A,N/A,N/A,N/A,N/A,N/A,1,2048,172.30.0.89,172.30.0.122,,,1
1759293412,eth0,56,Ethernet,N/A,N/A,N/A,N/A,N/A,N/A,N/A,N/A,N/A,N/A,N/A,N/A,,,1
1759293412,any,112,N/A,IPv6,ICMP,N/A,v6,fe80::103b:bdff:fef0:169,ff02::179,N/A,N/A,N/A,N/A,N/A,N/A,,,1
1759293412,eth1,110,Ethernet,IPv6,ICMP,N/A,v6,fe80::103b:bdff:fef0:169,ff02::179,N/A,N/A,N/A,N/A,N/A,N/A,,,1
1759293412,eth0,110,Ethernet,IPv6,ICMP,N/A,v6,fe80::e48e:99ff:fe5f:147,ff02::179,N/A,N/A,N/A,N/A,N/A,N/A,,,1
1759293412,any,112,N/A,IPv6,ICMP,N/A,v6,fe80::e48e:99ff:fe5f:147,ff02::179,N/A,N/A,N/A,N/A,N/A,N/A,,,1
1759293412,any,112,N/A,IPv6,ICMP,N/A,v6,fe80::a824:52ff:fe4f:69,ff02::179,N/A,N/A,N/A,N/A,N/A,N/A,,,0
1759293412,any,44,ARP,N/A,N/A,N/A,N/A,N/A,N/A,N/A,N/A,1,2048,172.30.0.220,172.30.0.122,,,0
1759293412,any,58,ARP,N/A,N/A,N/A,N/A,N/A,N/A,N/A,N/A,2,2048,172.30.0.122,172.30.0.220,,,0
1759293412,any,58,ARP,N/A,N/A,N/A,N/A,N/A,N/A,N/A,N/A,2,2048,172.30.0.122,172.30.0.220,,,0
1759293412,any,112,N/A,IPv6,ICMP,N/A,v6,fe80::5ca9:83ff:fe87:27,ff02::179,N/A,N/A,N/A,N/A,N/A,N/A,,,0
1759293412,eth0,42,Ethernet,N/A,N/A,N/A,N/A,N/A,N/A,N/A,N/A,N/A,N/A,N/A,N/A,,,0
1759293412,eth0,56,Ethernet,N/A,N/A,N/A,N/A,N/A,N/A,N/A,N/A,N/A,N/A,N/A,N/A,,,0
1759293412,eth0,110,Ethernet,IPv6,ICMP,N/A,v6,fe80::5ca9:83ff:fe87:27,ff02::179,N/A,N/A,N/A,N/A,N/A,N/A,,,0
1759293412,eth0,54,Ethernet,IPv4,N/A,N/A,v4,172.30.0.220,224.0.0.22,N/A,N/A,N/A,N/A,N/A,N/A,,,0
1759293412,any,112,N/A,IPv6,ICMP,N/A,v6,fe80::5ca9:83ff:fe87:27,ff02::179,N/A,N/A,N/A,N/A,N/A,N/A,,,0
1759293412,eth0,110,Ethernet,IPv6,ICMP,N/A,v6,fe80::5ca9:83ff:fe87:27,ff02::179,N/A,N/A,N/A,N/A,N/A,N/A,,,0
1759293413,any,112,N/A,IPv6,ICMP,N/A,v6,fe80::f056:abff:fe65:143,ff02::179,N/A,N/A,N/A,N/A,N/A,N/A,,,1
1759293413,eth2,110,Ethernet,IPv6,ICMP,N/A,v6,fe80::dcac:f9ff:fe59:60,ff02::179,N/A,N/A,N/A,N/A,N/A,N/A,,,1
1759293413,eth1,110,Ethernet,IPv6,ICMP,N/A,v6,fe80::f056:abff:fe65:143,ff02::179,N/A,N/A,N/A,N/A,N/A,N/A,,,1
1759293413,any,56,N/A,IPv4,N/A,N/A,v4,172.30.0.220,224.0.0.22,N/A,N/A,N/A,N/A,N/A,N/A,,,1
1759293413,eth0,54,Ethernet,IPv4,N/A,N/A,v4,172.30.0.220,224.0.0.22,N/A,N/A,N/A,N/A,N/A,N/A,,,1
1759293413,eth1,70,Ethernet,IPv6,ICMP,N/A,v6,fe80::103b:bdff:fef0:169,ff02::204,N/A,N/A,N/A,N/A,N/A,N/A,,,1
1759293413,any,72,N/A,IPv6,ICMP,N/A,v6,fe80::ecf9:eff:fefb:55,ff02::204,N/A,N/A,N/A,N/A,N/A,N/A,,,1
1759293413,any,72,N/A,IPv6,ICMP,N/A,v6,fe80::103b:bdff:fef0:169,ff02::204,N/A,N/A,N/A,N/A,N/A,N/A,,,1
1759293413,eth0,70,Ethernet,IPv6,ICMP,N/A,v6,fe80::ecf9:eff:fefb:55,ff02::204,N/A,N/A,N/A,N/A,N/A,N/A,,,1
1759293413,any,112,N/A,IPv6,ICMP,N/A,v6,fe80::ecf9:eff:fefb:55,ff02::179,N/A,N/A,N/A,N/A,N/A,N/A,,,1
1759293413,eth0,110,Ethernet,IPv6,ICMP,N/A,v6,fe80::ecf9:eff:fefb:55,ff02::179,N/A,N/A,N/A,N/A,N/A,N/A,,,1
1759293413,eth1,70,Ethernet,IPv6,ICMP,N/A,v6,fe80::f056:abff:fe65:143,ff02::204,N/A,N/A,N/A,N/A,N/A,N/A,,,1
1759293413,any,72,N/A,IPv6,ICMP,N/A,v6,fe80::dcac:f9ff:fe59:60,ff02::204,N/A,N/A,N/A,N/A,N/A,N/A,,,1
1759293413,eth2,70,Ethernet,IPv6,ICMP,N/A,v6,fe80::dcac:f9ff:fe59:60,ff02::204,N/A,N/A,N/A,N/A,N/A,N/A,,,1
1759293413,eth0,70,Ethernet,IPv6,ICMP,N/A,v6,fe80::e48e:99ff:fe5f:147,ff02::204,N/A,N/A,N/A,N/A,N/A,N/A,,,1
1759293413,any,58,N/A,IPv4,N/A,N/A,v4,172.30.0.89,224.0.0.22,N/A,N/A,N/A,N/A,N/A,N/A,,,1
1759293413,eth0,56,Ethernet,IPv4,N/A,N/A,v4,172.30.0.89,224.0.0.22,N/A,N/A,N/A,N/A,N/A,N/A,,,1
1759293413,any,113,N/A,N/A,N/A,N/A,N/A,N/A,N/A,N/A,N/A,N/A,N/A,N/A,N/A,,,1
1759293413,eth0,111,Ethernet,N/A,N/A,N/A,N/A,N/A,N/A,N/A,N/A,N/A,N/A,N/A,N/A,,,1
1759293413,any,112,N/A,IPv6,ICMP,N/A,v6,fe80::a824:52ff:fe4f:69,ff02::179,N/A,N/A,N/A,N/A,N/A,N/A,,,0
1759293413,eth1,110,Ethernet,IPv6,ICMP,N/A,v6,fe80::a824:52ff:fe4f:69,ff02::179,N/A,N/A,N/A,N/A,N/A,N/A,,,0
1759293413,eth0,54,Ethernet,IPv4,N/A,N/A,v4,172.30.0.220,224.0.0.22,N/A,N/A,N/A,N/A,N/A,N/A,,,0
1759293413,any,56,N/A,IPv4,N/A,N/A,v4,172.30.0.220,224.0.0.22,N/A,N/A,N/A,N/A,N/A,N/A,,,0
1759293413,any,72,N/A,IPv6,ICMP,N/A,v6,fe80::a824:52ff:fe4f:69,ff02::204,N/A,N/A,N/A,N/A,N/A,N/A,,,0
1759293413,eth1,70,Ethernet,IPv6,ICMP,N/A,v6,fe80::a824:52ff:fe4f:69,ff02::204,N/A,N/A,N/A,N/A,N/A,N/A,,,0
1759293413,eth0,70,Ethernet,IPv6,ICMP,N/A,v6,fe80::5ca9:83ff:fe87:27,ff02::204,N/A,N/A,N/A,N/A,N/A,N/A,,,0
1759293413,eth0,107,Ethernet,N/A,N/A,N/A,N/A,N/A,N/A,N/A,N/A,N/A,N/A,N/A,N/A,,,0
1759293413,any,109,N/A,N/A,N/A,N/A,N/A,N/A,N/A,N/A,N/A,N/A,N/A,N/A,N/A,,,0
1759293415,eth0,111,Ethernet,N/A,N/A,N/A,N/A,N/A,N/A,N/A,N/A,N/A,N/A,N/A,N/A,,,1
1759293415,any,113,N/A,N/A,N/A,N/A,N/A,N/A,N/A,N/A,N/A,N/A,N/A,N/A,N/A,,,1
1759293415,any,72,N/A,IPv6,ICMP,N/A,v6,fe80::7827:e3ff:fe68:239,ff02::204,N/A,N/A,N/A,N/A,N/A,N/A,,,1
1759293415,eth1,70,Ethernet,IPv6,ICMP,N/A,v6,fe80::7827:e3ff:fe68:239,ff02::204,N/A,N/A,N/A,N/A,N/A,N/A,,,1
1759293415,eth0,70,Ethernet,IPv6,ICMP,N/A,v6,fe80::24f1:23ff:fe29:66,ff02::204,N/A,N/A,N/A,N/A,N/A,N/A,,,1
1759293415,any,92,N/A,IPv6,ICMP,N/A,v6,fe80::b0b5:44ff:feea:219,ff02::179,N/A,N/A,N/A,N/A,N/A,N/A,,,1
1759293415,any,56,N/A,IPv4,N/A,N/A,v4,172.30.0.163,224.0.0.22,N/A,N/A,N/A,N/A,N/A,N/A,,,1
1759293415,eth0,90,Ethernet,IPv6,ICMP,N/A,v6,fe80::b0b5:44ff:feea:219,ff02::179,N/A,N/A,N/A,N/A,N/A,N/A,,,1
1759293415,eth0,54,Ethernet,IPv4,N/A,N/A,v4,172.30.0.163,224.0.0.22,N/A,N/A,N/A,N/A,N/A,N/A,,,1
1759293415,eth0,68,Ethernet,IPv4,UDP,N/A,v4,172.30.0.163,224.0.0.252,5355,5355,N/A,N/A,N/A,N/A,,,1
1759293415,eth0,88,Ethernet,IPv6,UDP,N/A,v6,fe80::b0b5:44ff:feea:219,ff02::1:52,5355,5355,N/A,N/A,N/A,N/A,,,1
1759293415,any,70,N/A,IPv4,UDP,N/A,v4,172.30.0.163,224.0.0.252,5355,5355,N/A,N/A,N/A,N/A,,,1
1759293415,any,112,N/A,IPv6,ICMP,N/A,v6,fe80::780a:a9ff:fee6:89,ff02::179,N/A,N/A,N/A,N/A,N/A,N/A,,,1
1759293415,eth1,110,Ethernet,IPv6,ICMP,N/A,v6,fe80::780a:a9ff:fee6:89,ff02::179,N/A,N/A,N/A,N/A,N/A,N/A,,,1
1759293415,any,359,N/A,IPv4,UDP,N/A,v4,0.0.0.0,255.255.255.255,68,67,N/A,N/A,N/A,N/A,,,1
1759293415,eth0,357,Ethernet,IPv4,UDP,N/A,v4,0.0.0.0,255.255.255.255,68,67,N/A,N/A,N/A,N/A,,,1
1759293415,any,109,N/A,N/A,N/A,N/A,N/A,N/A,N/A,N/A,N/A,N/A,N/A,N/A,N/A,,,0
1759293415,eth0,107,Ethernet,N/A,N/A,N/A,N/A,N/A,N/A,N/A,N/A,N/A,N/A,N/A,N/A,,,0
1759293415,eth0,369,Ethernet,IPv4,UDP,N/A,v4,0.0.0.0,255.255.255.255,68,67,N/A,N/A,N/A,N/A,,,1
1759293415,any,371,N/A,IPv4,UDP,N/A,v4,0.0.0.0,255.255.255.255,68,67,N/A,N/A,N/A,N/A,,,1
1759293415,eth0,110,Ethernet,IPv6,ICMP,N/A,v6,fe80::b0b5:44ff:feea:219,ff02::179,N/A,N/A,N/A,N/A,N/A,N/A,,,1
1759293415,eth0,54,Ethernet,IPv4,N/A,N/A,v4,172.30.0.163,224.0.0.22,N/A,N/A,N/A,N/A,N/A,N/A,,,1
1759293415,any,112,N/A,IPv6,ICMP,N/A,v6,fe80::b0b5:44ff:feea:219,ff02::179,N/A,N/A,N/A,N/A,N/A,N/A,,,1
1759293415,any,44,ARP,N/A,N/A,N/A,N/A,N/A,N/A,N/A,N/A,1,2048,172.30.0.163,172.30.0.122,,,1
1759293415,eth0,42,Ethernet,N/A,N/A,N/A,N/A,N/A,N/A,N/A,N/A,N/A,N/A,N/A,N/A,,,1
1759293415,eth0,54,Ethernet,IPv4,N/A,N/A,v4,172.30.0.163,224.0.0.22,N/A,N/A,N/A,N/A,N/A,N/A,,,1
1759293415,any,56,N/A,IPv4,N/A,N/A,v4,172.30.0.163,224.0.0.22,N/A,N/A,N/A,N/A,N/A,N/A,,,1
1759293415,eth0,90,Ethernet,IPv6,ICMP,N/A,v6,fe80::24f1:23ff:fe29:66,ff02::179,N/A,N/A,N/A,N/A,N/A,N/A,,,1
1759293415,eth0,54,Ethernet,IPv4,N/A,N/A,v4,172.30.0.23,224.0.0.22,N/A,N/A,N/A,N/A,N/A,N/A,,,1
1759293415,any,92,N/A,IPv6,ICMP,N/A,v6,fe80::24f1:23ff:fe29:66,ff02::179,N/A,N/A,N/A,N/A,N/A,N/A,,,1
1759293415,any,56,N/A,IPv4,N/A,N/A,v4,172.30.0.23,224.0.0.22,N/A,N/A,N/A,N/A,N/A,N/A,,,1
1759293415,eth0,54,Ethernet,IPv4,N/A,N/A,v4,172.30.0.23,224.0.0.22,N/A,N/A,N/A,N/A,N/A,N/A,,,1
1759293416,eth0,107,Ethernet,N/A,N/A,N/A,N/A,N/A,N/A,N/A,N/A,N/A,N/A,N/A,N/A,,,0
1759293416,any,109,N/A,N/A,N/A,N/A,N/A,N/A,N/A,N/A,N/A,N/A,N/A,N/A,N/A,,,0
1759293416,eth0,90,Ethernet,IPv6,ICMP,N/A,v6,fe80::5ca9:83ff:fe87:27,ff02::179,N/A,N/A,N/A,N/A,N/A,N/A,,,0
1759293416,any,89,N/A,IPv6,UDP,N/A,v6,fe80::24f1:23ff:fe29:66,ff02::1:52,5355,5355,N/A,N/A,N/A,N/A,,,1
1759293416,eth0,87,Ethernet,IPv6,UDP,N/A,v6,fe80::24f1:23ff:fe29:66,ff02::1:52,5355,5355,N/A,N/A,N/A,N/A,,,1
1759293416,eth0,67,Ethernet,IPv4,UDP,N/A,v4,172.30.0.23,224.0.0.252,5355,5355,N/A,N/A,N/A,N/A,,,1
1759293416,eth0,110,Ethernet,IPv6,ICMP,N/A,v6,fe80::b0b5:44ff:feea:219,ff02::179,N/A,N/A,N/A,N/A,N/A,N/A,,,1
1759293416,any,112,N/A,IPv6,ICMP,N/A,v6,fe80::b0b5:44ff:feea:219,ff02::179,N/A,N/A,N/A,N/A,N/A,N/A,,,1
1759293416,eth0,356,Ethernet,IPv4,UDP,N/A,v4,0.0.0.0,255.255.255.255,68,67,N/A,N/A,N/A,N/A,,,1
1759293416,any,358,N/A,IPv4,UDP,N/A,v4,0.0.0.0,255.255.255.255,68,67,N/A,N/A,N/A,N/A,,,1
1759293416,any,370,N/A,IPv4,UDP,N/A,v4,0.0.0.0,255.255.255.255,68,67,N/A,N/A,N/A,N/A,,,1
1759293416,eth0,368,Ethernet,IPv4,UDP,N/A,v4,0.0.0.0,255.255.255.255,68,67,N/A,N/A,N/A,N/A,,,1
1759293416,any,112,N/A,IPv6,ICMP,N/A,v6,fe80::7827:e3ff:fe68:239,ff02::179,N/A,N/A,N/A,N/A,N/A,N/A,,,1
1759293416,eth1,110,Ethernet,IPv6,ICMP,N/A,v6,fe80::7827:e3ff:fe68:239,ff02::179,N/A,N/A,N/A,N/A,N/A,N/A,,,1
1759293416,any,112,N/A,IPv6,ICMP,N/A,v6,fe80::24f1:23ff:fe29:66,ff02::179,N/A,N/A,N/A,N/A,N/A,N/A,,,1
1759293416,eth0,110,Ethernet,IPv6,ICMP,N/A,v6,fe80::24f1:23ff:fe29:66,ff02::179,N/A,N/A,N/A,N/A,N/A,N/A,,,1
1759293416,eth0,54,Ethernet,IPv4,N/A,N/A,v4,172.30.0.23,224.0.0.22,N/A,N/A,N/A,N/A,N/A,N/A,,,1
1759293416,eth0,42,Ethernet,N/A,N/A,N/A,N/A,N/A,N/A,N/A,N/A,N/A,N/A,N/A,N/A,,,1
1759293416,any,44,ARP,N/A,N/A,N/A,N/A,N/A,N/A,N/A,N/A,1,2048,172.30.0.23,172.30.0.122,,,1
1759293416,eth1,110,Ethernet,IPv6,ICMP,N/A,v6,fe80::780a:a9ff:fee6:89,ff02::179,N/A,N/A,N/A,N/A,N/A,N/A,,,1
1759293416,any,112,N/A,IPv6,ICMP,N/A,v6,fe80::780a:a9ff:fee6:89,ff02::179,N/A,N/A,N/A,N/A,N/A,N/A,,,1
1759293416,eth0,70,Ethernet,IPv6,ICMP,N/A,v6,fe80::b0b5:44ff:feea:219,ff02::204,N/A,N/A,N/A,N/A,N/A,N/A,,,1
1759293416,any,72,N/A,IPv6,ICMP,N/A,v6,fe80::b0b5:44ff:feea:219,ff02::204,N/A,N/A,N/A,N/A,N/A,N/A,,,1
1759293416,eth1,70,Ethernet,IPv6,ICMP,N/A,v6,fe80::780a:a9ff:fee6:89,ff02::204,N/A,N/A,N/A,N/A,N/A,N/A,,,1
1759293416,any,72,N/A,IPv6,ICMP,N/A,v6,fe80::780a:a9ff:fee6:89,ff02::204,N/A,N/A,N/A,N/A,N/A,N/A,,,1
1759293416,eth0,111,Ethernet,N/A,N/A,N/A,N/A,N/A,N/A,N/A,N/A,N/A,N/A,N/A,N/A,,,1
1759293416,any,113,N/A,N/A,N/A,N/A,N/A,N/A,N/A,N/A,N/A,N/A,N/A,N/A,N/A,,,1
1759293416,eth1,110,Ethernet,IPv6,ICMP,N/A,v6,fe80::7827:e3ff:fe68:239,ff02::179,N/A,N/A,N/A,N/A,N/A,N/A,,,1
1759293416,any,112,N/A,IPv6,ICMP,N/A,v6,fe80::7827:e3ff:fe68:239,ff02::179,N/A,N/A,N/A,N/A,N/A,N/A,,,1
1759293416,eth0,54,Ethernet,IPv4,N/A,N/A,v4,172.30.0.23,224.0.0.22,N/A,N/A,N/A,N/A,N/A,N/A,,,1
1759293416,any,56,N/A,IPv4,N/A,N/A,v4,172.30.0.23,224.0.0.22,N/A,N/A,N/A,N/A,N/A,N/A,,,1
1759293416,eth0,90,Ethernet,IPv6,ICMP,N/A,v6,fe80::e48e:99ff:fe5f:147,ff02::179,N/A,N/A,N/A,N/A,N/A,N/A,,,1
1759293416,eth0,54,Ethernet,IPv4,N/A,N/A,v4,172.30.0.220,224.0.0.22,N/A,N/A,N/A,N/A,N/A,N/A,,,1
1759293416,any,92,N/A,IPv6,ICMP,N/A,v6,fe80::e48e:99ff:fe5f:147,ff02::179,N/A,N/A,N/A,N/A,N/A,N/A,,,1
1759293416,eth0,90,Ethernet,IPv6,ICMP,N/A,v6,fe80::ecf9:eff:fefb:55,ff02::179,N/A,N/A,N/A,N/A,N/A,N/A,,,1
1759293416,any,92,N/A,IPv6,ICMP,N/A,v6,fe80::ecf9:eff:fefb:55,ff02::179,N/A,N/A,N/A,N/A,N/A,N/A,,,1
1759293416,any,58,N/A,IPv4,N/A,N/A,v4,172.30.0.89,224.0.0.22,N/A,N/A,N/A,N/A,N/A,N/A,,,1
1759293416,eth0,56,Ethernet,IPv4,N/A,N/A,v4,172.30.0.89,224.0.0.22,N/A,N/A,N/A,N/A,N/A,N/A,,,1
1759293416,eth0,91,Ethernet,IPv6,UDP,N/A,v6,fe80::e48e:99ff:fe5f:147,ff02::1:52,5355,5355,N/A,N/A,N/A,N/A,,,1
1759293416,eth0,87,Ethernet,IPv6,UDP,N/A,v6,fe80::ecf9:eff:fefb:55,ff02::1:52,5355,5355,N/A,N/A,N/A,N/A,,,1
1759293416,any,93,N/A,IPv6,UDP,N/A,v6,fe80::e48e:99ff:fe5f:147,ff02::1:52,5355,5355,N/A,N/A,N/A,N/A,,,1
1759293416,any,89,N/A,IPv6,UDP,N/A,v6,fe80::ecf9:eff:fefb:55,ff02::1:52,5355,5355,N/A,N/A,N/A,N/A,,,1
1759293416,eth0,360,Ethernet,IPv4,UDP,N/A,v4,0.0.0.0,255.255.255.255,68,67,N/A,N/A,N/A,N/A,,,1
1759293416,any,362,N/A,IPv4,UDP,N/A,v4,0.0.0.0,255.255.255.255,68,67,N/A,N/A,N/A,N/A,,,1
1759293416,eth0,372,Ethernet,IPv4,UDP,N/A,v4,0.0.0.0,255.255.255.255,68,67,N/A,N/A,N/A,N/A,,,1
1759293416,any,374,N/A,IPv4,UDP,N/A,v4,0.0.0.0,255.255.255.255,68,67,N/A,N/A,N/A,N/A,,,1
1759293416,eth2,110,Ethernet,IPv6,ICMP,N/A,v6,fe80::dcac:f9ff:fe59:60,ff02::179,N/A,N/A,N/A,N/A,N/A,N/A,,,1
1759293416,any,112,N/A,IPv6,ICMP,N/A,v6,fe80::f056:abff:fe65:143,ff02::179,N/A,N/A,N/A,N/A,N/A,N/A,,,1
1759293416,eth1,110,Ethernet,IPv6,ICMP,N/A,v6,fe80::f056:abff:fe65:143,ff02::179,N/A,N/A,N/A,N/A,N/A,N/A,,,1
1759293416,any,358,N/A,IPv4,UDP,N/A,v4,0.0.0.0,255.255.255.255,68,67,N/A,N/A,N/A,N/A,,,1
1759293416,eth0,356,Ethernet,IPv4,UDP,N/A,v4,0.0.0.0,255.255.255.255,68,67,N/A,N/A,N/A,N/A,,,1
1759293416,any,112,N/A,IPv6,ICMP,N/A,v6,fe80::e48e:99ff:fe5f:147,ff02::179,N/A,N/A,N/A,N/A,N/A,N/A,,,1
1759293416,eth0,110,Ethernet,IPv6,ICMP,N/A,v6,fe80::e48e:99ff:fe5f:147,ff02::179,N/A,N/A,N/A,N/A,N/A,N/A,,,1
1759293416,eth0,54,Ethernet,IPv4,N/A,N/A,v4,172.30.0.220,224.0.0.22,N/A,N/A,N/A,N/A,N/A,N/A,,,1
1759293416,any,370,N/A,IPv4,UDP,N/A,v4,0.0.0.0,255.255.255.255,68,67,N/A,N/A,N/A,N/A,,,1
1759293416,eth0,368,Ethernet,IPv4,UDP,N/A,v4,0.0.0.0,255.255.255.255,68,67,N/A,N/A,N/A,N/A,,,1
1759293416,any,112,N/A,IPv6,ICMP,N/A,v6,fe80::103b:bdff:fef0:169,ff02::179,N/A,N/A,N/A,N/A,N/A,N/A,,,1
1759293416,eth1,110,Ethernet,IPv6,ICMP,N/A,v6,fe80::103b:bdff:fef0:169,ff02::179,N/A,N/A,N/A,N/A,N/A,N/A,,,1
1759293416,any,58,ARP,N/A,N/A,N/A,N/A,N/A,N/A,N/A,N/A,1,2048,172.30.0.89,172.30.0.122,,,1
1759293416,eth0,56,Ethernet,N/A,N/A,N/A,N/A,N/A,N/A,N/A,N/A,N/A,N/A,N/A,N/A,,,1
1759293416,any,112,N/A,IPv6,ICMP,N/A,v6,fe80::ecf9:eff:fefb:55,ff02::179,N/A,N/A,N/A,N/A,N/A,N/A,,,1
1759293416,eth0,110,Ethernet,IPv6,ICMP,N/A,v6,fe80::ecf9:eff:fefb:55,ff02::179,N/A,N/A,N/A,N/A,N/A,N/A,,,1
1759293416,eth0,56,Ethernet,IPv4,N/A,N/A,v4,172.30.0.89,224.0.0.22,N/A,N/A,N/A,N/A,N/A,N/A,,,1
1759293416,eth0,42,Ethernet,N/A,N/A,N/A,N/A,N/A,N/A,N/A,N/A,N/A,N/A,N/A,N/A,,,1
1759293416,eth0,54,Ethernet,IPv4,N/A,N/A,v4,172.30.0.220,224.0.0.22,N/A,N/A,N/A,N/A,N/A,N/A,,,0
1759293416,any,92,N/A,IPv6,ICMP,N/A,v6,fe80::5ca9:83ff:fe87:27,ff02::179,N/A,N/A,N/A,N/A,N/A,N/A,,,0
1759293416,eth0,67,Ethernet,IPv4,UDP,N/A,v4,172.30.0.220,224.0.0.252,5355,5355,N/A,N/A,N/A,N/A,,,0
1759293416,any,69,N/A,IPv4,UDP,N/A,v4,172.30.0.220,224.0.0.252,5355,5355,N/A,N/A,N/A,N/A,,,0
1759293416,eth0,356,Ethernet,IPv4,UDP,N/A,v4,0.0.0.0,255.255.255.255,68,67,N/A,N/A,N/A,N/A,,,0
1759293416,any,358,N/A,IPv4,UDP,N/A,v4,0.0.0.0,255.255.255.255,68,67,N/A,N/A,N/A,N/A,,,0
1759293416,eth0,368,Ethernet,IPv4,UDP,N/A,v4,0.0.0.0,255.255.255.255,68,67,N/A,N/A,N/A,N/A,,,0
1759293416,any,370,N/A,IPv4,UDP,N/A,v4,0.0.0.0,255.255.255.255,68,67,N/A,N/A,N/A,N/A,,,0
1759293416,eth1,110,Ethernet,IPv6,ICMP,N/A,v6,fe80::a824:52ff:fe4f:69,ff02::179,N/A,N/A,N/A,N/A,N/A,N/A,,,0
1759293416,any,112,N/A,IPv6,ICMP,N/A,v6,fe80::a824:52ff:fe4f:69,ff02::179,N/A,N/A,N/A,N/A,N/A,N/A,,,0
1759293416,any,112,N/A,IPv6,ICMP,N/A,v6,fe80::5ca9:83ff:fe87:27,ff02::179,N/A,N/A,N/A,N/A,N/A,N/A,,,0
1759293416,eth0,110,Ethernet,IPv6,ICMP,N/A,v6,fe80::5ca9:83ff:fe87:27,ff02::179,N/A,N/A,N/A,N/A,N/A,N/A,,,0
1759293416,eth0,54,Ethernet,IPv4,N/A,N/A,v4,172.30.0.220,224.0.0.22,N/A,N/A,N/A,N/A,N/A,N/A,,,0
1759293416,eth0,42,Ethernet,N/A,N/A,N/A,N/A,N/A,N/A,N/A,N/A,N/A,N/A,N/A,N/A,,,0
1759293416,eth0,56,Ethernet,N/A,N/A,N/A,N/A,N/A,N/A,N/A,N/A,N/A,N/A,N/A,N/A,,,0
1759293416,eth0,56,Ethernet,N/A,N/A,N/A,N/A,N/A,N/A,N/A,N/A,N/A,N/A,N/A,N/A,,,0
1759293416,any,58,ARP,N/A,N/A,N/A,N/A,N/A,N/A,N/A,N/A,2,2048,172.30.0.122,172.30.0.220,,,0
1759293416,any,58,ARP,N/A,N/A,N/A,N/A,N/A,N/A,N/A,N/A,2,2048,172.30.0.122,172.30.0.220,,,0
1759293416,eth0,56,Ethernet,N/A,N/A,N/A,N/A,N/A,N/A,N/A,N/A,N/A,N/A,N/A,N/A,,,1
1759293416,eth0,56,Ethernet,N/A,N/A,N/A,N/A,N/A,N/A,N/A,N/A,N/A,N/A,N/A,N/A,,,1
1759293416,any,44,ARP,N/A,N/A,N/A,N/A,N/A,N/A,N/A,N/A,1,2048,172.30.0.220,172.30.0.122,,,1
1759293416,any,58,ARP,N/A,N/A,N/A,N/A,N/A,N/A,N/A,N/A,2,2048,172.30.0.122,172.30.0.220,,,1
1759293416,eth0,110,Ethernet,IPv6,ICMP,N/A,v6,fe80::e48e:99ff:fe5f:147,ff02::179,N/A,N/A,N/A,N/A,N/A,N/A,,,1
1759293416,any,112,N/A,IPv6,ICMP,N/A,v6,fe80::e48e:99ff:fe5f:147,ff02::179,N/A,N/A,N/A,N/A,N/A,N/A,,,1
1759293416,any,112,N/A,IPv6,ICMP,N/A,v6,fe80::103b:bdff:fef0:169,ff02::179,N/A,N/A,N/A,N/A,N/A,N/A,,,1
1759293416,eth1,110,Ethernet,IPv6,ICMP,N/A,v6,fe80::103b:bdff:fef0:169,ff02::179,N/A,N/A,N/A,N/A,N/A,N/A,,,1
1759293416,any,112,N/A,IPv6,ICMP,N/A,v6,fe80::24f1:23ff:fe29:66,ff02::179,N/A,N/A,N/A,N/A,N/A,N/A,,,1
1759293416,eth0,110,Ethernet,IPv6,ICMP,N/A,v6,fe80::24f1:23ff:fe29:66,ff02::179,N/A,N/A,N/A,N/A,N/A,N/A,,,1
1759293416,eth0,54,Ethernet,IPv4,N/A,N/A,v4,172.30.0.220,224.0.0.22,N/A,N/A,N/A,N/A,N/A,N/A,,,1
1759293416,any,56,N/A,IPv4,N/A,N/A,v4,172.30.0.220,224.0.0.22,N/A,N/A,N/A,N/A,N/A,N/A,,,1
1759293417,eth0,54,Ethernet,IPv4,N/A,N/A,v4,172.30.0.220,224.0.0.22,N/A,N/A,N/A,N/A,N/A,N/A,,,0
1759293417,any,56,N/A,IPv4,N/A,N/A,v4,172.30.0.220,224.0.0.22,N/A,N/A,N/A,N/A,N/A,N/A,,,0
1759293417,any,112,N/A,IPv6,ICMP,N/A,v6,fe80::a824:52ff:fe4f:69,ff02::179,N/A,N/A,N/A,N/A,N/A,N/A,,,0
1759293417,eth1,110,Ethernet,IPv6,ICMP,N/A,v6,fe80::a824:52ff:fe4f:69,ff02::179,N/A,N/A,N/A,N/A,N/A,N/A,,,0
1759293417,any,112,N/A,IPv6,ICMP,N/A,v6,fe80::5ca9:83ff:fe87:27,ff02::179,N/A,N/A,N/A,N/A,N/A,N/A,,,0
1759293417,eth0,110,Ethernet,IPv6,ICMP,N/A,v6,fe80::5ca9:83ff:fe87:27,ff02::179,N/A,N/A,N/A,N/A,N/A,N/A,,,0
1759293417,eth1,70,Ethernet,IPv6,ICMP,N/A,v6,fe80::a824:52ff:fe4f:69,ff02::204,N/A,N/A,N/A,N/A,N/A,N/A,,,0
1759293417,any,72,N/A,IPv6,ICMP,N/A,v6,fe80::24f1:23ff:fe29:66,ff02::204,N/A,N/A,N/A,N/A,N/A,N/A,,,1
1759293417,eth1,70,Ethernet,IPv6,ICMP,N/A,v6,fe80::7827:e3ff:fe68:239,ff02::204,N/A,N/A,N/A,N/A,N/A,N/A,,,1
1759293417,eth0,70,Ethernet,IPv6,ICMP,N/A,v6,fe80::24f1:23ff:fe29:66,ff02::204,N/A,N/A,N/A,N/A,N/A,N/A,,,1
1759293417,any,112,N/A,IPv6,ICMP,N/A,v6,fe80::dcac:f9ff:fe59:60,ff02::179,N/A,N/A,N/A,N/A,N/A,N/A,,,1
1759293417,eth2,110,Ethernet,IPv6,ICMP,N/A,v6,fe80::dcac:f9ff:fe59:60,ff02::179,N/A,N/A,N/A,N/A,N/A,N/A,,,1
1759293417,any,112,N/A,IPv6,ICMP,N/A,v6,fe80::ecf9:eff:fefb:55,ff02::179,N/A,N/A,N/A,N/A,N/A,N/A,,,1
1759293417,eth0,110,Ethernet,IPv6,ICMP,N/A,v6,fe80::ecf9:eff:fefb:55,ff02::179,N/A,N/A,N/A,N/A,N/A,N/A,,,1
1759293417,any,112,N/A,IPv6,ICMP,N/A,v6,fe80::f056:abff:fe65:143,ff02::179,N/A,N/A,N/A,N/A,N/A,N/A,,,1
1759293417,eth1,110,Ethernet,IPv6,ICMP,N/A,v6,fe80::f056:abff:fe65:143,ff02::179,N/A,N/A,N/A,N/A,N/A,N/A,,,1
1759293417,eth0,70,Ethernet,IPv6,ICMP,N/A,v6,fe80::ecf9:eff:fefb:55,ff02::204,N/A,N/A,N/A,N/A,N/A,N/A,,,1
1759293417,any,72,N/A,IPv6,ICMP,N/A,v6,fe80::ecf9:eff:fefb:55,ff02::204,N/A,N/A,N/A,N/A,N/A,N/A,,,1
1759293417,any,72,N/A,IPv6,ICMP,N/A,v6,fe80::103b:bdff:fef0:169,ff02::204,N/A,N/A,N/A,N/A,N/A,N/A,,,1
1759293417,eth1,70,Ethernet,IPv6,ICMP,N/A,v6,fe80::103b:bdff:fef0:169,ff02::204,N/A,N/A,N/A,N/A,N/A,N/A,,,1
1759293417,eth0,56,Ethernet,IPv4,N/A,N/A,v4,172.30.0.89,224.0.0.22,N/A,N/A,N/A,N/A,N/A,N/A,,,1
1759293417,any,58,N/A,IPv4,N/A,N/A,v4,172.30.0.89,224.0.0.22,N/A,N/A,N/A,N/A,N/A,N/A,,,1
1759293417,eth2,70,Ethernet,IPv6,ICMP,N/A,v6,fe80::dcac:f9ff:fe59:60,ff02::204,N/A,N/A,N/A,N/A,N/A,N/A,,,1
1759293417,any,72,N/A,IPv6,ICMP,N/A,v6,fe80::dcac:f9ff:fe59:60,ff02::204,N/A,N/A,N/A,N/A,N/A,N/A,,,1
1759293417,eth1,70,Ethernet,IPv6,ICMP,N/A,v6,fe80::f056:abff:fe65:143,ff02::204,N/A,N/A,N/A,N/A,N/A,N/A,,,1
1759293417,any,113,N/A,N/A,N/A,N/A,N/A,N/A,N/A,N/A,N/A,N/A,N/A,N/A,N/A,,,1
1759293417,any,72,N/A,IPv6,ICMP,N/A,v6,fe80::e48e:99ff:fe5f:147,ff02::204,N/A,N/A,N/A,N/A,N/A,N/A,,,1
1759293417,any,72,N/A,IPv6,ICMP,N/A,v6,fe80::f056:abff:fe65:143,ff02::204,N/A,N/A,N/A,N/A,N/A,N/A,,,1
1759293417,eth0,111,Ethernet,N/A,N/A,N/A,N/A,N/A,N/A,N/A,N/A,N/A,N/A,N/A,N/A,,,1
1759293417,eth0,70,Ethernet,IPv6,ICMP,N/A,v6,fe80::e48e:99ff:fe5f:147,ff02::204,N/A,N/A,N/A,N/A,N/A,N/A,,,1
1759293417,any,72,N/A,IPv6,ICMP,N/A,v6,fe80::a824:52ff:fe4f:69,ff02::204,N/A,N/A,N/A,N/A,N/A,N/A,,,0
1759293417,any,72,N/A,IPv6,ICMP,N/A,v6,fe80::5ca9:83ff:fe87:27,ff02::204,N/A,N/A,N/A,N/A,N/A,N/A,,,0
1759293417,eth0,70,Ethernet,IPv6,ICMP,N/A,v6,fe80::5ca9:83ff:fe87:27,ff02::204,N/A,N/A,N/A,N/A,N/A,N/A,,,0
1759293418,eth0,111,Ethernet,N/A,N/A,N/A,N/A,N/A,N/A,N/A,N/A,N/A,N/A,N/A,N/A,,,1
1759293418,any,113,N/A,N/A,N/A,N/A,N/A,N/A,N/A,N/A,N/A,N/A,N/A,N/A,N/A,,,1
1759293418,eth0,107,Ethernet,N/A,N/A,N/A,N/A,N/A,N/A,N/A,N/A,N/A,N/A,N/A,N/A,,,0
1759293418,any,109,N/A,N/A,N/A,N/A,N/A,N/A,N/A,N/A,N/A,N/A,N/A,N/A,N/A,,,0
1759293419,eth0,90,Ethernet,IPv6,ICMP,N/A,v6,fe80::b0b5:44ff:feea:219,ff02::179,N/A,N/A,N/A,N/A,N/A,N/A,,,1
1759293419,eth0,54,Ethernet,IPv4,N/A,N/A,v4,172.30.0.163,224.0.0.22,N/A,N/A,N/A,N/A,N/A,N/A,,,1
1759293419,any,92,N/A,IPv6,ICMP,N/A,v6,fe80::b0b5:44ff:feea:219,ff02::179,N/A,N/A,N/A,N/A,N/A,N/A,,,1
1759293419,eth0,68,Ethernet,IPv4,UDP,N/A,v4,172.30.0.163,224.0.0.252,5355,5355,N/A,N/A,N/A,N/A,,,1
1759293419,any,70,N/A,IPv4,UDP,N/A,v4,172.30.0.163,224.0.0.252,5355,5355,N/A,N/A,N/A,N/A,,,1
1759293419,eth0,357,Ethernet,IPv4,UDP,N/A,v4,0.0.0.0,255.255.255.255,68,67,N/A,N/A,N/A,N/A,,,1
1759293419,any,359,N/A,IPv4,UDP,N/A,v4,0.0.0.0,255.255.255.255,68,67,N/A,N/A,N/A,N/A,,,1
1759293419,any,371,N/A,IPv4,UDP,N/A,v4,0.0.0.0,255.255.255.255,68,67,N/A,N/A,N/A,N/A,,,1
1759293419,eth0,369,Ethernet,IPv4,UDP,N/A,v4,0.0.0.0,255.255.255.255,68,67,N/A,N/A,N/A,N/A,,,1
1759293419,eth1,110,Ethernet,IPv6,ICMP,N/A,v6,fe80::780a:a9ff:fee6:89,ff02::179,N/A,N/A,N/A,N/A,N/A,N/A,,,1
1759293419,any,112,N/A,IPv6,ICMP,N/A,v6,fe80::780a:a9ff:fee6:89,ff02::179,N/A,N/A,N/A,N/A,N/A,N/A,,,1
1759293419,eth0,110,Ethernet,IPv6,ICMP,N/A,v6,fe80::b0b5:44ff:feea:219,ff02::179,N/A,N/A,N/A,N/A,N/A,N/A,,,1
1759293419,eth0,54,Ethernet,IPv4,N/A,N/A,v4,172.30.0.163,224.0.0.22,N/A,N/A,N/A,N/A,N/A,N/A,,,1
1759293419,eth0,42,Ethernet,N/A,N/A,N/A,N/A,N/A,N/A,N/A,N/A,N/A,N/A,N/A,N/A,,,1
1759293419,any,112,N/A,IPv6,ICMP,N/A,v6,fe80::b0b5:44ff:feea:219,ff02::179,N/A,N/A,N/A,N/A,N/A,N/A,,,1
1759293419,any,44,ARP,N/A,N/A,N/A,N/A,N/A,N/A,N/A,N/A,1,2048,172.30.0.163,172.30.0.122,,,1
1759293419,any,113,N/A,N/A,N/A,N/A,N/A,N/A,N/A,N/A,N/A,N/A,N/A,N/A,N/A,,,1
1759293419,eth0,111,Ethernet,N/A,N/A,N/A,N/A,N/A,N/A,N/A,N/A,N/A,N/A,N/A,N/A,,,1
1759293419,eth0,107,Ethernet,N/A,N/A,N/A,N/A,N/A,N/A,N/A,N/A,N/A,N/A,N/A,N/A,,,0
1759293419,any,109,N/A,N/A,N/A,N/A,N/A,N/A,N/A,N/A,N/A,N/A,N/A,N/A,N/A,,,0
1759293420,any,112,N/A,IPv6,ICMP,N/A,v6,fe80::b0b5:44ff:feea:219,ff02::179,N/A,N/A,N/A,N/A,N/A,N/A,,,1
1759293420,eth0,110,Ethernet,IPv6,ICMP,N/A,v6,fe80::b0b5:44ff:feea:219,ff02::179,N/A,N/A,N/A,N/A,N/A,N/A,,,1
1759293420,eth0,90,Ethernet,IPv6,ICMP,N/A,v6,fe80::24f1:23ff:fe29:66,ff02::179,N/A,N/A,N/A,N/A,N/A,N/A,,,1
1759293420,eth0,54,Ethernet,IPv4,N/A,N/A,v4,172.30.0.23,224.0.0.22,N/A,N/A,N/A,N/A,N/A,N/A,,,1
1759293420,any,92,N/A,IPv6,ICMP,N/A,v6,fe80::24f1:23ff:fe29:66,ff02::179,N/A,N/A,N/A,N/A,N/A,N/A,,,1
1759293420,any,56,N/A,IPv4,N/A,N/A,v4,172.30.0.23,224.0.0.22,N/A,N/A,N/A,N/A,N/A,N/A,,,1
1759293420,any,89,N/A,IPv6,UDP,N/A,v6,fe80::24f1:23ff:fe29:66,ff02::1:52,5355,5355,N/A,N/A,N/A,N/A,,,1
1759293420,eth0,87,Ethernet,IPv6,UDP,N/A,v6,fe80::24f1:23ff:fe29:66,ff02::1:52,5355,5355,N/A,N/A,N/A,N/A,,,1
1759293420,eth0,356,Ethernet,IPv4,UDP,N/A,v4,0.0.0.0,255.255.255.255,68,67,N/A,N/A,N/A,N/A,,,1
1759293420,any,358,N/A,IPv4,UDP,N/A,v4,0.0.0.0,255.255.255.255,68,67,N/A,N/A,N/A,N/A,,,1
1759293420,eth0,368,Ethernet,IPv4,UDP,N/A,v4,0.0.0.0,255.255.255.255,68,67,N/A,N/A,N/A,N/A,,,1
1759293420,any,370,N/A,IPv4,UDP,N/A,v4,0.0.0.0,255.255.255.255,68,67,N/A,N/A,N/A,N/A,,,1
1759293420,any,112,N/A,IPv6,ICMP,N/A,v6,fe80::7827:e3ff:fe68:239,ff02::179,N/A,N/A,N/A,N/A,N/A,N/A,,,1
1759293420,eth1,110,Ethernet,IPv6,ICMP,N/A,v6,fe80::7827:e3ff:fe68:239,ff02::179,N/A,N/A,N/A,N/A,N/A,N/A,,,1
1759293420,any,112,N/A,IPv6,ICMP,N/A,v6,fe80::24f1:23ff:fe29:66,ff02::179,N/A,N/A,N/A,N/A,N/A,N/A,,,1
1759293420,eth0,110,Ethernet,IPv6,ICMP,N/A,v6,fe80::24f1:23ff:fe29:66,ff02::179,N/A,N/A,N/A,N/A,N/A,N/A,,,1
1759293420,eth0,54,Ethernet,IPv4,N/A,N/A,v4,172.30.0.23,224.0.0.22,N/A,N/A,N/A,N/A,N/A,N/A,,,1
1759293420,eth0,54,Ethernet,IPv4,N/A,N/A,v4,172.30.0.23,224.0.0.22,N/A,N/A,N/A,N/A,N/A,N/A,,,1
1759293420,any,56,N/A,IPv4,N/A,N/A,v4,172.30.0.23,224.0.0.22,N/A,N/A,N/A,N/A,N/A,N/A,,,1
1759293420,any,112,N/A,IPv6,ICMP,N/A,v6,fe80::780a:a9ff:fee6:89,ff02::179,N/A,N/A,N/A,N/A,N/A,N/A,,,1
1759293420,eth1,110,Ethernet,IPv6,ICMP,N/A,v6,fe80::780a:a9ff:fee6:89,ff02::179,N/A,N/A,N/A,N/A,N/A,N/A,,,1
1759293420,any,72,N/A,IPv6,ICMP,N/A,v6,fe80::b0b5:44ff:feea:219,ff02::204,N/A,N/A,N/A,N/A,N/A,N/A,,,1
1759293420,eth1,70,Ethernet,IPv6,ICMP,N/A,v6,fe80::780a:a9ff:fee6:89,ff02::204,N/A,N/A,N/A,N/A,N/A,N/A,,,1
1759293420,eth0,70,Ethernet,IPv6,ICMP,N/A,v6,fe80::b0b5:44ff:feea:219,ff02::204,N/A,N/A,N/A,N/A,N/A,N/A,,,1
1759293420,any,44,ARP,N/A,N/A,N/A,N/A,N/A,N/A,N/A,N/A,1,2048,172.30.0.23,172.30.0.122,,,1
1759293420,eth0,42,Ethernet,N/A,N/A,N/A,N/A,N/A,N/A,N/A,N/A,N/A,N/A,N/A,N/A,,,1
1759293420,eth0,54,Ethernet,IPv4,N/A,N/A,v4,172.30.0.163,224.0.0.22,N/A,N/A,N/A,N/A,N/A,N/A,,,1
1759293420,any,56,N/A,IPv4,N/A,N/A,v4,172.30.0.163,224.0.0.22,N/A,N/A,N/A,N/A,N/A,N/A,,,1
1759293420,eth1,110,Ethernet,IPv6,ICMP,N/A,v6,fe80::7827:e3ff:fe68:239,ff02::179,N/A,N/A,N/A,N/A,N/A,N/A,,,1
1759293420,any,112,N/A,IPv6,ICMP,N/A,v6,fe80::7827:e3ff:fe68:239,ff02::179,N/A,N/A,N/A,N/A,N/A,N/A,,,1
1759293420,eth0,110,Ethernet,IPv6,ICMP,N/A,v6,fe80::24f1:23ff:fe29:66,ff02::179,N/A,N/A,N/A,N/A,N/A,N/A,,,1
1759293420,any,112,N/A,IPv6,ICMP,N/A,v6,fe80::24f1:23ff:fe29:66,ff02::179,N/A,N/A,N/A,N/A,N/A,N/A,,,1
1759293420,any,113,N/A,N/A,N/A,N/A,N/A,N/A,N/A,N/A,N/A,N/A,N/A,N/A,N/A,,,1
1759293420,eth0,111,Ethernet,N/A,N/A,N/A,N/A,N/A,N/A,N/A,N/A,N/A,N/A,N/A,N/A,,,1
1759293420,eth0,107,Ethernet,N/A,N/A,N/A,N/A,N/A,N/A,N/A,N/A,N/A,N/A,N/A,N/A,,,0
1759293420,any,109,N/A,N/A,N/A,N/A,N/A,N/A,N/A,N/A,N/A,N/A,N/A,N/A,N/A,,,0
1759293421,eth1,70,Ethernet,IPv6,ICMP,N/A,v6,fe80::7827:e3ff:fe68:239,ff02::204,N/A,N/A,N/A,N/A,N/A,N/A,,,1
1759293421,eth0,70,Ethernet,IPv6,ICMP,N/A,v6,fe80::24f1:23ff:fe29:66,ff02::204,N/A,N/A,N/A,N/A,N/A,N/A,,,1
1759293421,any,72,N/A,IPv6,ICMP,N/A,v6,fe80::24f1:23ff:fe29:66,ff02::204,N/A,N/A,N/A,N/A,N/A,N/A,,,1
1759293421,any,72,N/A,IPv6,ICMP,N/A,v6,fe80::7827:e3ff:fe68:239,ff02::204,N/A,N/A,N/A,N/A,N/A,N/A,,,1
1759293421,any,72,N/A,IPv6,ICMP,N/A,v6,fe80::dcac:f9ff:fe59:60,ff02::204,N/A,N/A,N/A,N/A,N/A,N/A,,,1
1759293421,eth2,70,Ethernet,IPv6,ICMP,N/A,v6,fe80::dcac:f9ff:fe59:60,ff02::204,N/A,N/A,N/A,N/A,N/A,N/A,,,1
1759293421,eth1,70,Ethernet,IPv6,ICMP,N/A,v6,fe80::103b:bdff:fef0:169,ff02::204,N/A,N/A,N/A,N/A,N/A,N/A,,,1
1759293421,any,72,N/A,IPv6,ICMP,N/A,v6,fe80::103b:bdff:fef0:169,ff02::204,N/A,N/A,N/A,N/A,N/A,N/A,,,1
1759293421,eth0,70,Ethernet,IPv6,ICMP,N/A,v6,fe80::ecf9:eff:fefb:55,ff02::204,N/A,N/A,N/A,N/A,N/A,N/A,,,1
1759293421,eth0,90,Ethernet,IPv6,ICMP,N/A,v6,fe80::e48e:99ff:fe5f:147,ff02::179,N/A,N/A,N/A,N/A,N/A,N/A,,,1
1759293421,eth0,54,Ethernet,IPv4,N/A,N/A,v4,172.30.0.220,224.0.0.22,N/A,N/A,N/A,N/A,N/A,N/A,,,1
1759293421,any,92,N/A,IPv6,ICMP,N/A,v6,fe80::e48e:99ff:fe5f:147,ff02::179,N/A,N/A,N/A,N/A,N/A,N/A,,,1
1759293421,eth0,56,Ethernet,IPv4,N/A,N/A,v4,172.30.0.89,224.0.0.22,N/A,N/A,N/A,N/A,N/A,N/A,,,1
1759293421,eth0,90,Ethernet,IPv6,ICMP,N/A,v6,fe80::ecf9:eff:fefb:55,ff02::179,N/A,N/A,N/A,N/A,N/A,N/A,,,1
1759293421,any,58,N/A,IPv4,N/A,N/A,v4,172.30.0.89,224.0.0.22,N/A,N/A,N/A,N/A,N/A,N/A,,,1
1759293421,any,92,N/A,IPv6,ICMP,N/A,v6,fe80::ecf9:eff:fefb:55,ff02::179,N/A,N/A,N/A,N/A,N/A,N/A,,,1
1759293421,eth0,360,Ethernet,IPv4,UDP,N/A,v4,0.0.0.0,255.255.255.255,68,67,N/A,N/A,N/A,N/A,,,1
1759293421,any,362,N/A,IPv4,UDP,N/A,v4,0.0.0.0,255.255.255.255,68,67,N/A,N/A,N/A,N/A,,,1
1759293421,eth0,372,Ethernet,IPv4,UDP,N/A,v4,0.0.0.0,255.255.255.255,68,67,N/A,N/A,N/A,N/A,,,1
1759293421,any,374,N/A,IPv4,UDP,N/A,v4,0.0.0.0,255.255.255.255,68,67,N/A,N/A,N/A,N/A,,,1
1759293421,eth2,110,Ethernet,IPv6,ICMP,N/A,v6,fe80::dcac:f9ff:fe59:60,ff02::179,N/A,N/A,N/A,N/A,N/A,N/A,,,1
1759293421,any,112,N/A,IPv6,ICMP,N/A,v6,fe80::f056:abff:fe65:143,ff02::179,N/A,N/A,N/A,N/A,N/A,N/A,,,1
1759293421,eth1,110,Ethernet,IPv6,ICMP,N/A,v6,fe80::f056:abff:fe65:143,ff02::179,N/A,N/A,N/A,N/A,N/A,N/A,,,1
1759293421,eth0,110,Ethernet,IPv6,ICMP,N/A,v6,fe80::e48e:99ff:fe5f:147,ff02::179,N/A,N/A,N/A,N/A,N/A,N/A,,,1
1759293421,eth0,54,Ethernet,IPv4,N/A,N/A,v4,172.30.0.220,224.0.0.22,N/A,N/A,N/A,N/A,N/A,N/A,,,1
1759293421,any,112,N/A,IPv6,ICMP,N/A,v6,fe80::e48e:99ff:fe5f:147,ff02::179,N/A,N/A,N/A,N/A,N/A,N/A,,,1
1759293421,eth0,42,Ethernet,N/A,N/A,N/A,N/A,N/A,N/A,N/A,N/A,N/A,N/A,N/A,N/A,,,1
1759293421,eth0,56,Ethernet,N/A,N/A,N/A,N/A,N/A,N/A,N/A,N/A,N/A,N/A,N/A,N/A,,,1
1759293421,eth0,56,Ethernet,N/A,N/A,N/A,N/A,N/A,N/A,N/A,N/A,N/A,N/A,N/A,N/A,,,1
1759293421,any,44,ARP,N/A,N/A,N/A,N/A,N/A,N/A,N/A,N/A,1,2048,172.30.0.220,172.30.0.122,,,1
1759293421,any,58,ARP,N/A,N/A,N/A,N/A,N/A,N/A,N/A,N/A,2,2048,172.30.0.122,172.30.0.220,,,1
1759293421,any,358,N/A,IPv4,UDP,N/A,v4,0.0.0.0,255.255.255.255,68,67,N/A,N/A,N/A,N/A,,,1
1759293421,eth0,356,Ethernet,IPv4,UDP,N/A,v4,0.0.0.0,255.255.255.255,68,67,N/A,N/A,N/A,N/A,,,1
1759293421,eth0,368,Ethernet,IPv4,UDP,N/A,v4,0.0.0.0,255.255.255.255,68,67,N/A,N/A,N/A,N/A,,,1
1759293421,any,370,N/A,IPv4,UDP,N/A,v4,0.0.0.0,255.255.255.255,68,67,N/A,N/A,N/A,N/A,,,1
1759293421,any,112,N/A,IPv6,ICMP,N/A,v6,fe80::103b:bdff:fef0:169,ff02::179,N/A,N/A,N/A,N/A,N/A,N/A,,,1
1759293421,eth0,107,Ethernet,N/A,N/A,N/A,N/A,N/A,N/A,N/A,N/A,N/A,N/A,N/A,N/A,,,0
1759293421,any,109,N/A,N/A,N/A,N/A,N/A,N/A,N/A,N/A,N/A,N/A,N/A,N/A,N/A,,,0
1759293421,eth0,70,Ethernet,IPv6,ICMP,N/A,v6,fe80::5ca9:83ff:fe87:27,ff02::204,N/A,N/A,N/A,N/A,N/A,N/A,,,0
1759293421,any,72,N/A,IPv6,ICMP,N/A,v6,fe80::5ca9:83ff:fe87:27,ff02::204,N/A,N/A,N/A,N/A,N/A,N/A,,,0
1759293421,any,72,N/A,IPv6,ICMP,N/A,v6,fe80::a824:52ff:fe4f:69,ff02::204,N/A,N/A,N/A,N/A,N/A,N/A,,,0
1759293421,eth1,70,Ethernet,IPv6,ICMP,N/A,v6,fe80::a824:52ff:fe4f:69,ff02::204,N/A,N/A,N/A,N/A,N/A,N/A,,,0
1759293421,eth1,110,Ethernet,IPv6,ICMP,N/A,v6,fe80::103b:bdff:fef0:169,ff02::179,N/A,N/A,N/A,N/A,N/A,N/A,,,1
1759293421,any,112,N/A,IPv6,ICMP,N/A,v6,fe80::ecf9:eff:fefb:55,ff02::179,N/A,N/A,N/A,N/A,N/A,N/A,,,1
1759293421,eth0,110,Ethernet,IPv6,ICMP,N/A,v6,fe80::ecf9:eff:fefb:55,ff02::179,N/A,N/A,N/A,N/A,N/A,N/A,,,1
1759293421,eth0,56,Ethernet,IPv4,N/A,N/A,v4,172.30.0.89,224.0.0.22,N/A,N/A,N/A,N/A,N/A,N/A,,,1
1759293421,eth0,56,Ethernet,N/A,N/A,N/A,N/A,N/A,N/A,N/A,N/A,N/A,N/A,N/A,N/A,,,1
1759293421,any,58,ARP,N/A,N/A,N/A,N/A,N/A,N/A,N/A,N/A,1,2048,172.30.0.89,172.30.0.122,,,1
1759293422,eth0,90,Ethernet,IPv6,ICMP,N/A,v6,fe80::5ca9:83ff:fe87:27,ff02::179,N/A,N/A,N/A,N/A,N/A,N/A,,,0
1759293422,eth0,54,Ethernet,IPv4,N/A,N/A,v4,172.30.0.220,224.0.0.22,N/A,N/A,N/A,N/A,N/A,N/A,,,0
1759293422,any,92,N/A,IPv6,ICMP,N/A,v6,fe80::5ca9:83ff:fe87:27,ff02::179,N/A,N/A,N/A,N/A,N/A,N/A,,,0
1759293422,eth0,87,Ethernet,IPv6,UDP,N/A,v6,fe80::5ca9:83ff:fe87:27,ff02::1:52,5355,5355,N/A,N/A,N/A,N/A,,,0
1759293422,any,89,N/A,IPv6,UDP,N/A,v6,fe80::5ca9:83ff:fe87:27,ff02::1:52,5355,5355,N/A,N/A,N/A,N/A,,,0
1759293422,eth0,67,Ethernet,IPv4,UDP,N/A,v4,172.30.0.220,224.0.0.252,5355,5355,N/A,N/A,N/A,N/A,,,0
1759293422,any,69,N/A,IPv4,UDP,N/A,v4,172.30.0.220,224.0.0.252,5355,5355,N/A,N/A,N/A,N/A,,,0
1759293422,eth0,356,Ethernet,IPv4,UDP,N/A,v4,0.0.0.0,255.255.255.255,68,67,N/A,N/A,N/A,N/A,,,0
1759293422,any,358,N/A,IPv4,UDP,N/A,v4,0.0.0.0,255.255.255.255,68,67,N/A,N/A,N/A,N/A,,,0
1759293422,eth0,368,Ethernet,IPv4,UDP,N/A,v4,0.0.0.0,255.255.255.255,68,67,N/A,N/A,N/A,N/A,,,0
1759293422,eth0,110,Ethernet,IPv6,ICMP,N/A,v6,fe80::ecf9:eff:fefb:55,ff02::179,N/A,N/A,N/A,N/A,N/A,N/A,,,1
1759293422,any,112,N/A,IPv6,ICMP,N/A,v6,fe80::ecf9:eff:fefb:55,ff02::179,N/A,N/A,N/A,N/A,N/A,N/A,,,1
1759293422,any,56,N/A,IPv4,N/A,N/A,v4,172.30.0.220,224.0.0.22,N/A,N/A,N/A,N/A,N/A,N/A,,,1
1759293422,eth0,54,Ethernet,IPv4,N/A,N/A,v4,172.30.0.220,224.0.0.22,N/A,N/A,N/A,N/A,N/A,N/A,,,1
1759293422,eth1,70,Ethernet,IPv6,ICMP,N/A,v6,fe80::103b:bdff:fef0:169,ff02::204,N/A,N/A,N/A,N/A,N/A,N/A,,,1
1759293422,any,72,N/A,IPv6,ICMP,N/A,v6,fe80::ecf9:eff:fefb:55,ff02::204,N/A,N/A,N/A,N/A,N/A,N/A,,,1
1759293422,any,72,N/A,IPv6,ICMP,N/A,v6,fe80::103b:bdff:fef0:169,ff02::204,N/A,N/A,N/A,N/A,N/A,N/A,,,1
1759293422,eth0,70,Ethernet,IPv6,ICMP,N/A,v6,fe80::ecf9:eff:fefb:55,ff02::204,N/A,N/A,N/A,N/A,N/A,N/A,,,1
1759293422,any,58,N/A,IPv4,N/A,N/A,v4,172.30.0.89,224.0.0.22,N/A,N/A,N/A,N/A,N/A,N/A,,,1
1759293422,eth0,56,Ethernet,IPv4,N/A,N/A,v4,172.30.0.89,224.0.0.22,N/A,N/A,N/A,N/A,N/A,N/A,,,1
1759293422,eth0,110,Ethernet,IPv6,ICMP,N/A,v6,fe80::e48e:99ff:fe5f:147,ff02::179,N/A,N/A,N/A,N/A,N/A,N/A,,,1
1759293422,any,112,N/A,IPv6,ICMP,N/A,v6,fe80::e48e:99ff:fe5f:147,ff02::179,N/A,N/A,N/A,N/A,N/A,N/A,,,1
1759293422,any,112,N/A,IPv6,ICMP,N/A,v6,fe80::dcac:f9ff:fe59:60,ff02::179,N/A,N/A,N/A,N/A,N/A,N/A,,,1
1759293422,eth2,110,Ethernet,IPv6,ICMP,N/A,v6,fe80::dcac:f9ff:fe59:60,ff02::179,N/A,N/A,N/A,N/A,N/A,N/A,,,1
1759293422,any,72,N/A,IPv6,ICMP,N/A,v6,fe80::dcac:f9ff:fe59:60,ff02::204,N/A,N/A,N/A,N/A,N/A,N/A,,,1
1759293422,eth1,70,Ethernet,IPv6,ICMP,N/A,v6,fe80::f056:abff:fe65:143,ff02::204,N/A,N/A,N/A,N/A,N/A,N/A,,,1
1759293422,eth2,70,Ethernet,IPv6,ICMP,N/A,v6,fe80::dcac:f9ff:fe59:60,ff02::204,N/A,N/A,N/A,N/A,N/A,N/A,,,1
1759293422,eth0,70,Ethernet,IPv6,ICMP,N/A,v6,fe80::e48e:99ff:fe5f:147,ff02::204,N/A,N/A,N/A,N/A,N/A,N/A,,,1
1759293422,eth1,110,Ethernet,IPv6,ICMP,N/A,v6,fe80::103b:bdff:fef0:169,ff02::179,N/A,N/A,N/A,N/A,N/A,N/A,,,1
1759293422,any,112,N/A,IPv6,ICMP,N/A,v6,fe80::103b:bdff:fef0:169,ff02::179,N/A,N/A,N/A,N/A,N/A,N/A,,,1
1759293422,eth1,110,Ethernet,IPv6,ICMP,N/A,v6,fe80::f056:abff:fe65:143,ff02::179,N/A,N/A,N/A,N/A,N/A,N/A,,,1
1759293422,any,112,N/A,IPv6,ICMP,N/A,v6,fe80::f056:abff:fe65:143,ff02::179,N/A,N/A,N/A,N/A,N/A,N/A,,,1
1759293422,any,113,N/A,N/A,N/A,N/A,N/A,N/A,N/A,N/A,N/A,N/A,N/A,N/A,N/A,,,1
1759293422,eth0,111,Ethernet,N/A,N/A,N/A,N/A,N/A,N/A,N/A,N/A,N/A,N/A,N/A,N/A,,,1
1759293422,eth0,110,Ethernet,IPv6,ICMP,N/A,v6,fe80::5ca9:83ff:fe87:27,ff02::179,N/A,N/A,N/A,N/A,N/A,N/A,,,0
1759293422,eth0,54,Ethernet,IPv4,N/A,N/A,v4,172.30.0.220,224.0.0.22,N/A,N/A,N/A,N/A,N/A,N/A,,,0
1759293422,eth0,42,Ethernet,N/A,N/A,N/A,N/A,N/A,N/A,N/A,N/A,N/A,N/A,N/A,N/A,,,0
1759293422,eth0,56,Ethernet,N/A,N/A,N/A,N/A,N/A,N/A,N/A,N/A,N/A,N/A,N/A,N/A,,,0
1759293422,eth0,56,Ethernet,N/A,N/A,N/A,N/A,N/A,N/A,N/A,N/A,N/A,N/A,N/A,N/A,,,0
1759293422,any,370,N/A,IPv4,UDP,N/A,v4,0.0.0.0,255.255.255.255,68,67,N/A,N/A,N/A,N/A,,,0
1759293422,any,112,N/A,IPv6,ICMP,N/A,v6,fe80::a824:52ff:fe4f:69,ff02::179,N/A,N/A,N/A,N/A,N/A,N/A,,,0
1759293422,any,112,N/A,IPv6,ICMP,N/A,v6,fe80::5ca9:83ff:fe87:27,ff02::179,N/A,N/A,N/A,N/A,N/A,N/A,,,0
1759293422,any,44,ARP,N/A,N/A,N/A,N/A,N/A,N/A,N/A,N/A,1,2048,172.30.0.220,172.30.0.122,,,0
1759293422,any,58,ARP,N/A,N/A,N/A,N/A,N/A,N/A,N/A,N/A,2,2048,172.30.0.122,172.30.0.220,,,0
1759293422,eth1,110,Ethernet,IPv6,ICMP,N/A,v6,fe80::a824:52ff:fe4f:69,ff02::179,N/A,N/A,N/A,N/A,N/A,N/A,,,0
1759293422,eth0,54,Ethernet,IPv4,N/A,N/A,v4,172.30.0.220,224.0.0.22,N/A,N/A,N/A,N/A,N/A,N/A,,,0
1759293422,any,56,N/A,IPv4,N/A,N/A,v4,172.30.0.220,224.0.0.22,N/A,N/A,N/A,N/A,N/A,N/A,,,0
1759293422,any,72,N/A,IPv6,ICMP,N/A,v6,fe80::a824:52ff:fe4f:69,ff02::204,N/A,N/A,N/A,N/A,N/A,N/A,,,0
1759293422,eth1,70,Ethernet,IPv6,ICMP,N/A,v6,fe80::a824:52ff:fe4f:69,ff02::204,N/A,N/A,N/A,N/A,N/A,N/A,,,0
1759293422,eth0,70,Ethernet,IPv6,ICMP,N/A,v6,fe80::5ca9:83ff:fe87:27,ff02::204,N/A,N/A,N/A,N/A,N/A,N/A,,,0
1759293422,eth1,110,Ethernet,IPv6,ICMP,N/A,v6,fe80::a824:52ff:fe4f:69,ff02::179,N/A,N/A,N/A,N/A,N/A,N/A,,,0
1759293422,any,112,N/A,IPv6,ICMP,N/A,v6,fe80::a824:52ff:fe4f:69,ff02::179,N/A,N/A,N/A,N/A,N/A,N/A,,,0
1759293422,any,112,N/A,IPv6,ICMP,N/A,v6,fe80::5ca9:83ff:fe87:27,ff02::179,N/A,N/A,N/A,N/A,N/A,N/A,,,0
1759293422,eth0,110,Ethernet,IPv6,ICMP,N/A,v6,fe80::5ca9:83ff:fe87:27,ff02::179,N/A,N/A,N/A,N/A,N/A,N/A,,,0
1759293423,any,113,N/A,N/A,N/A,N/A,N/A,N/A,N/A,N/A,N/A,N/A,N/A,N/A,N/A,,,1
1759293423,eth0,111,Ethernet,N/A,N/A,N/A,N/A,N/A,N/A,N/A,N/A,N/A,N/A,N/A,N/A,,,1
1759293423,any,68,N/A,IPv4,TCP,N/A,v4,10.10.10.109,10.10.10.68,1337,55078,N/A,N/A,N/A,N/A,,,1
1759293423,eth1,66,Ethernet,IPv4,TCP,N/A,v4,10.10.10.109,10.10.10.68,1337,55078,N/A,N/A,N/A,N/A,,,1
1759293423,eth0,107,Ethernet,N/A,N/A,N/A,N/A,N/A,N/A,N/A,N/A,N/A,N/A,N/A,N/A,,,0
1759293423,any,109,N/A,N/A,N/A,N/A,N/A,N/A,N/A,N/A,N/A,N/A,N/A,N/A,N/A,,,0
1759293424,eth0,70,Ethernet,IPv6,ICMP,N/A,v6,fe80::b0b5:44ff:feea:219,ff02::204,N/A,N/A,N/A,N/A,N/A,N/A,,,1
1759293424,any,72,N/A,IPv6,ICMP,N/A,v6,fe80::b0b5:44ff:feea:219,ff02::204,N/A,N/A,N/A,N/A,N/A,N/A,,,1
1759293424,any,72,N/A,IPv6,ICMP,N/A,v6,fe80::780a:a9ff:fee6:89,ff02::204,N/A,N/A,N/A,N/A,N/A,N/A,,,1
1759293424,eth1,70,Ethernet,IPv6,ICMP,N/A,v6,fe80::780a:a9ff:fee6:89,ff02::204,N/A,N/A,N/A,N/A,N/A,N/A,,,1
1759293424,any,72,N/A,IPv6,ICMP,N/A,v6,fe80::7827:e3ff:fe68:239,ff02::204,N/A,N/A,N/A,N/A,N/A,N/A,,,1
1759293424,eth1,70,Ethernet,IPv6,ICMP,N/A,v6,fe80::7827:e3ff:fe68:239,ff02::204,N/A,N/A,N/A,N/A,N/A,N/A,,,1
1759293424,any,92,N/A,IPv6,ICMP,N/A,v6,fe80::b0b5:44ff:feea:219,ff02::179,N/A,N/A,N/A,N/A,N/A,N/A,,,1
1759293424,eth0,90,Ethernet,IPv6,ICMP,N/A,v6,fe80::b0b5:44ff:feea:219,ff02::179,N/A,N/A,N/A,N/A,N/A,N/A,,,1
1759293424,eth0,54,Ethernet,IPv4,N/A,N/A,v4,172.30.0.163,224.0.0.22,N/A,N/A,N/A,N/A,N/A,N/A,,,1
1759293424,eth0,88,Ethernet,IPv6,UDP,N/A,v6,fe80::b0b5:44ff:feea:219,ff02::1:52,5355,5355,N/A,N/A,N/A,N/A,,,1
1759293424,eth0,68,Ethernet,IPv4,UDP,N/A,v4,172.30.0.163,224.0.0.252,5355,5355,N/A,N/A,N/A,N/A,,,1
1759293424,any,90,N/A,IPv6,UDP,N/A,v6,fe80::b0b5:44ff:feea:219,ff02::1:52,5355,5355,N/A,N/A,N/A,N/A,,,1
1759293424,any,359,N/A,IPv4,UDP,N/A,v4,0.0.0.0,255.255.255.255,68,67,N/A,N/A,N/A,N/A,,,1
1759293424,eth0,357,Ethernet,IPv4,UDP,N/A,v4,0.0.0.0,255.255.255.255,68,67,N/A,N/A,N/A,N/A,,,1
1759293424,any,371,N/A,IPv4,UDP,N/A,v4,0.0.0.0,255.255.255.255,68,67,N/A,N/A,N/A,N/A,,,1
1759293424,eth0,369,Ethernet,IPv4,UDP,N/A,v4,0.0.0.0,255.255.255.255,68,67,N/A,N/A,N/A,N/A,,,1
1759293424,any,109,N/A,N/A,N/A,N/A,N/A,N/A,N/A,N/A,N/A,N/A,N/A,N/A,N/A,,,0
1759293424,eth0,107,Ethernet,N/A,N/A,N/A,N/A,N/A,N/A,N/A,N/A,N/A,N/A,N/A,N/A,,,0
1759293424,eth0,90,Ethernet,IPv6,ICMP,N/A,v6,fe80::b0b5:44ff:feea:219,ff02::179,N/A,N/A,N/A,N/A,N/A,N/A,,,1
1759293424,eth1,110,Ethernet,IPv6,ICMP,N/A,v6,fe80::780a:a9ff:fee6:89,ff02::179,N/A,N/A,N/A,N/A,N/A,N/A,,,1
1759293424,any,56,N/A,IPv4,N/A,N/A,v4,172.30.0.163,224.0.0.22,N/A,N/A,N/A,N/A,N/A,N/A,,,1
1759293424,eth0,54,Ethernet,IPv4,N/A,N/A,v4,172.30.0.163,224.0.0.22,N/A,N/A,N/A,N/A,N/A,N/A,,,1
1759293424,eth0,110,Ethernet,IPv6,ICMP,N/A,v6,fe80::b0b5:44ff:feea:219,ff02::179,N/A,N/A,N/A,N/A,N/A,N/A,,,1
1759293424,any,112,N/A,IPv6,ICMP,N/A,v6,fe80::b0b5:44ff:feea:219,ff02::179,N/A,N/A,N/A,N/A,N/A,N/A,,,1
1759293424,any,44,ARP,N/A,N/A,N/A,N/A,N/A,N/A,N/A,N/A,1,2048,172.30.0.163,172.30.0.122,,,1
1759293424,eth0,42,Ethernet,N/A,N/A,N/A,N/A,N/A,N/A,N/A,N/A,N/A,N/A,N/A,N/A,,,1
1759293425,eth0,107,Ethernet,N/A,N/A,N/A,N/A,N/A,N/A,N/A,N/A,N/A,N/A,N/A,N/A,,,0
1759293425,any,92,N/A,IPv6,ICMP,N/A,v6,fe80::b0b5:44ff:feea:219,ff02::179,N/A,N/A,N/A,N/A,N/A,N/A,,,1
1759293425,eth0,90,Ethernet,IPv6,ICMP,N/A,v6,fe80::b0b5:44ff:feea:219,ff02::179,N/A,N/A,N/A,N/A,N/A,N/A,,,1
1759293425,any,113,N/A,N/A,N/A,N/A,N/A,N/A,N/A,N/A,N/A,N/A,N/A,N/A,N/A,,,1
1759293425,eth0,111,Ethernet,N/A,N/A,N/A,N/A,N/A,N/A,N/A,N/A,N/A,N/A,N/A,N/A,,,1
1759293425,any,92,N/A,IPv6,ICMP,N/A,v6,fe80::24f1:23ff:fe29:66,ff02::179,N/A,N/A,N/A,N/A,N/A,N/A,,,1
1759293425,eth0,90,Ethernet,IPv6,ICMP,N/A,v6,fe80::24f1:23ff:fe29:66,ff02::179,N/A,N/A,N/A,N/A,N/A,N/A,,,1
1759293425,eth0,54,Ethernet,IPv4,N/A,N/A,v4,172.30.0.23,224.0.0.22,N/A,N/A,N/A,N/A,N/A,N/A,,,1
1759293425,any,69,N/A,IPv4,UDP,N/A,v4,172.30.0.23,224.0.0.252,5355,5355,N/A,N/A,N/A,N/A,,,1
1759293425,eth0,67,Ethernet,IPv4,UDP,N/A,v4,172.30.0.23,224.0.0.252,5355,5355,N/A,N/A,N/A,N/A,,,1
1759293425,any,358,N/A,IPv4,UDP,N/A,v4,0.0.0.0,255.255.255.255,68,67,N/A,N/A,N/A,N/A,,,1
1759293425,eth0,356,Ethernet,IPv4,UDP,N/A,v4,0.0.0.0,255.255.255.255,68,67,N/A,N/A,N/A,N/A,,,1
1759293425,eth0,368,Ethernet,IPv4,UDP,N/A,v4,0.0.0.0,255.255.255.255,68,67,N/A,N/A,N/A,N/A,,,1
1759293425,any,370,N/A,IPv4,UDP,N/A,v4,0.0.0.0,255.255.255.255,68,67,N/A,N/A,N/A,N/A,,,1
1759293425,eth0,42,Ethernet,N/A,N/A,N/A,N/A,N/A,N/A,N/A,N/A,N/A,N/A,N/A,N/A,,,1
1759293425,eth1,110,Ethernet,IPv6,ICMP,N/A,v6,fe80::7827:e3ff:fe68:239,ff02::179,N/A,N/A,N/A,N/A,N/A,N/A,,,1
1759293425,any,44,ARP,N/A,N/A,N/A,N/A,N/A,N/A,N/A,N/A,1,2048,172.30.0.23,172.30.0.122,,,1
1759293425,eth0,110,Ethernet,IPv6,ICMP,N/A,v6,fe80::24f1:23ff:fe29:66,ff02::179,N/A,N/A,N/A,N/A,N/A,N/A,,,1
1759293425,eth0,54,Ethernet,IPv4,N/A,N/A,v4,172.30.0.23,224.0.0.22,N/A,N/A,N/A,N/A,N/A,N/A,,,1
1759293425,any,112,N/A,IPv6,ICMP,N/A,v6,fe80::24f1:23ff:fe29:66,ff02::179,N/A,N/A,N/A,N/A,N/A,N/A,,,1
1759293425,eth0,70,Ethernet,IPv6,ICMP,N/A,v6,fe80::b0b5:44ff:feea:219,ff02::204,N/A,N/A,N/A,N/A,N/A,N/A,,,1
1759293425,eth1,70,Ethernet,IPv6,ICMP,N/A,v6,fe80::780a:a9ff:fee6:89,ff02::204,N/A,N/A,N/A,N/A,N/A,N/A,,,1
1759293425,any,72,N/A,IPv6,ICMP,N/A,v6,fe80::780a:a9ff:fee6:89,ff02::204,N/A,N/A,N/A,N/A,N/A,N/A,,,1
1759293425,any,112,N/A,IPv6,ICMP,N/A,v6,fe80::7827:e3ff:fe68:239,ff02::179,N/A,N/A,N/A,N/A,N/A,N/A,,,1
1759293425,eth1,110,Ethernet,IPv6,ICMP,N/A,v6,fe80::7827:e3ff:fe68:239,ff02::179,N/A,N/A,N/A,N/A,N/A,N/A,,,1
1759293425,any,112,N/A,IPv6,ICMP,N/A,v6,fe80::780a:a9ff:fee6:89,ff02::179,N/A,N/A,N/A,N/A,N/A,N/A,,,1
1759293425,eth1,110,Ethernet,IPv6,ICMP,N/A,v6,fe80::780a:a9ff:fee6:89,ff02::179,N/A,N/A,N/A,N/A,N/A,N/A,,,1
1759293425,any,56,N/A,IPv4,N/A,N/A,v4,172.30.0.23,224.0.0.22,N/A,N/A,N/A,N/A,N/A,N/A,,,1
1759293425,eth0,54,Ethernet,IPv4,N/A,N/A,v4,172.30.0.23,224.0.0.22,N/A,N/A,N/A,N/A,N/A,N/A,,,1
1759293425,eth0,54,Ethernet,IPv4,N/A,N/A,v4,172.30.0.163,224.0.0.22,N/A,N/A,N/A,N/A,N/A,N/A,,,1
1759293425,any,56,N/A,IPv4,N/A,N/A,v4,172.30.0.163,224.0.0.22,N/A,N/A,N/A,N/A,N/A,N/A,,,1
1759293425,eth0,90,Ethernet,IPv6,ICMP,N/A,v6,fe80::e48e:99ff:fe5f:147,ff02::179,N/A,N/A,N/A,N/A,N/A,N/A,,,1
1759293425,eth0,54,Ethernet,IPv4,N/A,N/A,v4,172.30.0.220,224.0.0.22,N/A,N/A,N/A,N/A,N/A,N/A,,,1
1759293425,any,92,N/A,IPv6,ICMP,N/A,v6,fe80::e48e:99ff:fe5f:147,ff02::179,N/A,N/A,N/A,N/A,N/A,N/A,,,1
1759293425,eth0,90,Ethernet,IPv6,ICMP,N/A,v6,fe80::ecf9:eff:fefb:55,ff02::179,N/A,N/A,N/A,N/A,N/A,N/A,,,1
1759293425,eth0,56,Ethernet,IPv4,N/A,N/A,v4,172.30.0.89,224.0.0.22,N/A,N/A,N/A,N/A,N/A,N/A,,,1
1759293425,any,92,N/A,IPv6,ICMP,N/A,v6,fe80::ecf9:eff:fefb:55,ff02::179,N/A,N/A,N/A,N/A,N/A,N/A,,,1
1759293425,any,58,N/A,IPv4,N/A,N/A,v4,172.30.0.89,224.0.0.22,N/A,N/A,N/A,N/A,N/A,N/A,,,1
1759293425,eth0,91,Ethernet,IPv6,UDP,N/A,v6,fe80::e48e:99ff:fe5f:147,ff02::1:52,5355,5355,N/A,N/A,N/A,N/A,,,1
1759293425,eth0,71,Ethernet,IPv4,UDP,N/A,v4,172.30.0.220,224.0.0.252,5355,5355,N/A,N/A,N/A,N/A,,,1
1759293425,any,93,N/A,IPv6,UDP,N/A,v6,fe80::e48e:99ff:fe5f:147,ff02::1:52,5355,5355,N/A,N/A,N/A,N/A,,,1
1759293425,any,109,N/A,N/A,N/A,N/A,N/A,N/A,N/A,N/A,N/A,N/A,N/A,N/A,N/A,,,0
1759293426,eth0,360,Ethernet,IPv4,UDP,N/A,v4,0.0.0.0,255.255.255.255,68,67,N/A,N/A,N/A,N/A,,,1
1759293426,any,362,N/A,IPv4,UDP,N/A,v4,0.0.0.0,255.255.255.255,68,67,N/A,N/A,N/A,N/A,,,1
1759293426,any,374,N/A,IPv4,UDP,N/A,v4,0.0.0.0,255.255.255.255,68,67,N/A,N/A,N/A,N/A,,,1
1759293426,any,69,N/A,IPv4,UDP,N/A,v4,172.30.0.89,224.0.0.252,5355,5355,N/A,N/A,N/A,N/A,,,1
1759293426,any,112,N/A,IPv6,ICMP,N/A,v6,fe80::f056:abff:fe65:143,ff02::179,N/A,N/A,N/A,N/A,N/A,N/A,,,1
1759293426,any,112,N/A,IPv6,ICMP,N/A,v6,fe80::e48e:99ff:fe5f:147,ff02::179,N/A,N/A,N/A,N/A,N/A,N/A,,,1
1759293426,any,358,N/A,IPv4,UDP,N/A,v4,0.0.0.0,255.255.255.255,68,67,N/A,N/A,N/A,N/A,,,1
1759293426,any,370,N/A,IPv4,UDP,N/A,v4,0.0.0.0,255.255.255.255,68,67,N/A,N/A,N/A,N/A,,,1
1759293426,any,58,ARP,N/A,N/A,N/A,N/A,N/A,N/A,N/A,N/A,1,2048,172.30.0.89,172.30.0.122,,,1
1759293426,any,112,N/A,IPv6,ICMP,N/A,v6,fe80::103b:bdff:fef0:169,ff02::179,N/A,N/A,N/A,N/A,N/A,N/A,,,1
1759293426,any,112,N/A,IPv6,ICMP,N/A,v6,fe80::ecf9:eff:fefb:55,ff02::179,N/A,N/A,N/A,N/A,N/A,N/A,,,1
1759293426,any,58,N/A,IPv4,N/A,N/A,v4,172.30.0.89,224.0.0.22,N/A,N/A,N/A,N/A,N/A,N/A,,,1
1759293426,any,72,N/A,IPv6,ICMP,N/A,v6,fe80::24f1:23ff:fe29:66,ff02::204,N/A,N/A,N/A,N/A,N/A,N/A,,,1
1759293426,any,72,N/A,IPv6,ICMP,N/A,v6,fe80::7827:e3ff:fe68:239,ff02::204,N/A,N/A,N/A,N/A,N/A,N/A,,,1
1759293426,any,112,N/A,IPv6,ICMP,N/A,v6,fe80::ecf9:eff:fefb:55,ff02::179,N/A,N/A,N/A,N/A,N/A,N/A,,,1
1759293426,any,44,ARP,N/A,N/A,N/A,N/A,N/A,N/A,N/A,N/A,1,2048,172.30.0.220,172.30.0.122,,,1
1759293426,any,58,ARP,N/A,N/A,N/A,N/A,N/A,N/A,N/A,N/A,2,2048,172.30.0.122,172.30.0.220,,,1
1759293426,any,58,ARP,N/A,N/A,N/A,N/A,N/A,N/A,N/A,N/A,2,2048,172.30.0.122,172.30.0.220,,,1
1759293426,eth0,372,Ethernet,IPv4,UDP,N/A,v4,0.0.0.0,255.255.255.255,68,67,N/A,N/A,N/A,N/A,,,1
1759293426,eth0,67,Ethernet,IPv4,UDP,N/A,v4,172.30.0.89,224.0.0.252,5355,5355,N/A,N/A,N/A,N/A,,,1
1759293426,eth0,110,Ethernet,IPv6,ICMP,N/A,v6,fe80::e48e:99ff:fe5f:147,ff02::179,N/A,N/A,N/A,N/A,N/A,N/A,,,1
1759293426,eth0,54,Ethernet,IPv4,N/A,N/A,v4,172.30.0.220,224.0.0.22,N/A,N/A,N/A,N/A,N/A,N/A,,,1
1759293426,eth0,356,Ethernet,IPv4,UDP,N/A,v4,0.0.0.0,255.255.255.255,68,67,N/A,N/A,N/A,N/A,,,1
1759293426,eth0,368,Ethernet,IPv4,UDP,N/A,v4,0.0.0.0,255.255.255.255,68,67,N/A,N/A,N/A,N/A,,,1
1759293426,eth0,56,Ethernet,N/A,N/A,N/A,N/A,N/A,N/A,N/A,N/A,N/A,N/A,N/A,N/A,,,1
1759293426,eth0,110,Ethernet,IPv6,ICMP,N/A,v6,fe80::ecf9:eff:fefb:55,ff02::179,N/A,N/A,N/A,N/A,N/A,N/A,,,1
1759293426,eth0,56,Ethernet,IPv4,N/A,N/A,v4,172.30.0.89,224.0.0.22,N/A,N/A,N/A,N/A,N/A,N/A,,,1
1759293426,eth2,110,Ethernet,IPv6,ICMP,N/A,v6,fe80::dcac:f9ff:fe59:60,ff02::179,N/A,N/A,N/A,N/A,N/A,N/A,,,1
1759293426,eth1,110,Ethernet,IPv6,ICMP,N/A,v6,fe80::f056:abff:fe65:143,ff02::179,N/A,N/A,N/A,N/A,N/A,N/A,,,1
1759293426,eth1,110,Ethernet,IPv6,ICMP,N/A,v6,fe80::103b:bdff:fef0:169,ff02::179,N/A,N/A,N/A,N/A,N/A,N/A,,,1
1759293426,eth1,70,Ethernet,IPv6,ICMP,N/A,v6,fe80::7827:e3ff:fe68:239,ff02::204,N/A,N/A,N/A,N/A,N/A,N/A,,,1
1759293426,eth0,70,Ethernet,IPv6,ICMP,N/A,v6,fe80::24f1:23ff:fe29:66,ff02::204,N/A,N/A,N/A,N/A,N/A,N/A,,,1
1759293426,eth0,110,Ethernet,IPv6,ICMP,N/A,v6,fe80::ecf9:eff:fefb:55,ff02::179,N/A,N/A,N/A,N/A,N/A,N/A,,,1
1759293426,eth0,42,Ethernet,N/A,N/A,N/A,N/A,N/A,N/A,N/A,N/A,N/A,N/A,N/A,N/A,,,1
1759293426,eth0,56,Ethernet,N/A,N/A,N/A,N/A,N/A,N/A,N/A,N/A,N/A,N/A,N/A,N/A,,,1
1759293426,eth0,56,Ethernet,N/A,N/A,N/A,N/A,N/A,N/A,N/A,N/A,N/A,N/A,N/A,N/A,,,1
1759293426,any,112,N/A,IPv6,ICMP,N/A,v6,fe80::24f1:23ff:fe29:66,ff02::179,N/A,N/A,N/A,N/A,N/A,N/A,,,1
1759293426,eth0,110,Ethernet,IPv6,ICMP,N/A,v6,fe80::24f1:23ff:fe29:66,ff02::179,N/A,N/A,N/A,N/A,N/A,N/A,,,1
1759293426,eth0,110,Ethernet,IPv6,ICMP,N/A,v6,fe80::e48e:99ff:fe5f:147,ff02::179,N/A,N/A,N/A,N/A,N/A,N/A,,,1
1759293426,any,112,N/A,IPv6,ICMP,N/A,v6,fe80::e48e:99ff:fe5f:147,ff02::179,N/A,N/A,N/A,N/A,N/A,N/A,,,1
1759293426,any,56,N/A,IPv4,N/A,N/A,v4,172.30.0.220,224.0.0.22,N/A,N/A,N/A,N/A,N/A,N/A,,,1
1759293426,eth1,110,Ethernet,IPv6,ICMP,N/A,v6,fe80::f056:abff:fe65:143,ff02::179,N/A,N/A,N/A,N/A,N/A,N/A,,,1
1759293426,eth0,54,Ethernet,IPv4,N/A,N/A,v4,172.30.0.220,224.0.0.22,N/A,N/A,N/A,N/A,N/A,N/A,,,1
1759293426,any,58,N/A,IPv4,N/A,N/A,v4,172.30.0.89,224.0.0.22,N/A,N/A,N/A,N/A,N/A,N/A,,,1
1759293426,eth0,56,Ethernet,IPv4,N/A,N/A,v4,172.30.0.89,224.0.0.22,N/A,N/A,N/A,N/A,N/A,N/A,,,1
1759293426,any,112,N/A,IPv6,ICMP,N/A,v6,fe80::dcac:f9ff:fe59:60,ff02::179,N/A,N/A,N/A,N/A,N/A,N/A,,,1
1759293426,eth2,110,Ethernet,IPv6,ICMP,N/A,v6,fe80::dcac:f9ff:fe59:60,ff02::179,N/A,N/A,N/A,N/A,N/A,N/A,,,1
1759293426,eth0,70,Ethernet,IPv6,ICMP,N/A,v6,fe80::e48e:99ff:fe5f:147,ff02::204,N/A,N/A,N/A,N/A,N/A,N/A,,,1
1759293426,eth2,70,Ethernet,IPv6,ICMP,N/A,v6,fe80::dcac:f9ff:fe59:60,ff02::204,N/A,N/A,N/A,N/A,N/A,N/A,,,1
1759293426,any,72,N/A,IPv6,ICMP,N/A,v6,fe80::dcac:f9ff:fe59:60,ff02::204,N/A,N/A,N/A,N/A,N/A,N/A,,,1
1759293426,any,72,N/A,IPv6,ICMP,N/A,v6,fe80::e48e:99ff:fe5f:147,ff02::204,N/A,N/A,N/A,N/A,N/A,N/A,,,1
1759293426,eth1,70,Ethernet,IPv6,ICMP,N/A,v6,fe80::f056:abff:fe65:143,ff02::204,N/A,N/A,N/A,N/A,N/A,N/A,,,1
1759293426,eth0,90,Ethernet,IPv6,ICMP,N/A,v6,fe80::5ca9:83ff:fe87:27,ff02::179,N/A,N/A,N/A,N/A,N/A,N/A,,,0
1759293426,eth0,54,Ethernet,IPv4,N/A,N/A,v4,172.30.0.220,224.0.0.22,N/A,N/A,N/A,N/A,N/A,N/A,,,0
1759293426,any,92,N/A,IPv6,ICMP,N/A,v6,fe80::5ca9:83ff:fe87:27,ff02::179,N/A,N/A,N/A,N/A,N/A,N/A,,,0
1759293426,eth0,356,Ethernet,IPv4,UDP,N/A,v4,0.0.0.0,255.255.255.255,68,67,N/A,N/A,N/A,N/A,,,0
1759293426,any,358,N/A,IPv4,UDP,N/A,v4,0.0.0.0,255.255.255.255,68,67,N/A,N/A,N/A,N/A,,,0
1759293426,eth0,368,Ethernet,IPv4,UDP,N/A,v4,0.0.0.0,255.255.255.255,68,67,N/A,N/A,N/A,N/A,,,0
1759293426,any,370,N/A,IPv4,UDP,N/A,v4,0.0.0.0,255.255.255.255,68,67,N/A,N/A,N/A,N/A,,,0
1759293426,eth1,110,Ethernet,IPv6,ICMP,N/A,v6,fe80::a824:52ff:fe4f:69,ff02::179,N/A,N/A,N/A,N/A,N/A,N/A,,,0
1759293426,any,112,N/A,IPv6,ICMP,N/A,v6,fe80::a824:52ff:fe4f:69,ff02::179,N/A,N/A,N/A,N/A,N/A,N/A,,,0
1759293426,eth0,54,Ethernet,IPv4,N/A,N/A,v4,172.30.0.220,224.0.0.22,N/A,N/A,N/A,N/A,N/A,N/A,,,0
1759293426,eth0,110,Ethernet,IPv6,ICMP,N/A,v6,fe80::5ca9:83ff:fe87:27,ff02::179,N/A,N/A,N/A,N/A,N/A,N/A,,,0
1759293426,any,56,N/A,IPv4,N/A,N/A,v4,172.30.0.220,224.0.0.22,N/A,N/A,N/A,N/A,N/A,N/A,,,0
1759293426,any,112,N/A,IPv6,ICMP,N/A,v6,fe80::a824:52ff:fe4f:69,ff02::179,N/A,N/A,N/A,N/A,N/A,N/A,,,0
1759293426,eth1,110,Ethernet,IPv6,ICMP,N/A,v6,fe80::a824:52ff:fe4f:69,ff02::179,N/A,N/A,N/A,N/A,N/A,N/A,,,0
1759293426,any,56,N/A,IPv4,N/A,N/A,v4,172.30.0.220,224.0.0.22,N/A,N/A,N/A,N/A,N/A,N/A,,,0
1759293426,eth0,54,Ethernet,IPv4,N/A,N/A,v4,172.30.0.220,224.0.0.22,N/A,N/A,N/A,N/A,N/A,N/A,,,0
1759293426,eth0,110,Ethernet,IPv6,ICMP,N/A,v6,fe80::5ca9:83ff:fe87:27,ff02::179,N/A,N/A,N/A,N/A,N/A,N/A,,,0
1759293426,any,112,N/A,IPv6,ICMP,N/A,v6,fe80::5ca9:83ff:fe87:27,ff02::179,N/A,N/A,N/A,N/A,N/A,N/A,,,0
1759293426,any,72,N/A,IPv6,ICMP,N/A,v6,fe80::ecf9:eff:fefb:55,ff02::204,N/A,N/A,N/A,N/A,N/A,N/A,,,1
1759293426,eth0,70,Ethernet,IPv6,ICMP,N/A,v6,fe80::ecf9:eff:fefb:55,ff02::204,N/A,N/A,N/A,N/A,N/A,N/A,,,1
1759293426,any,72,N/A,IPv6,ICMP,N/A,v6,fe80::103b:bdff:fef0:169,ff02::204,N/A,N/A,N/A,N/A,N/A,N/A,,,1
1759293426,eth1,70,Ethernet,IPv6,ICMP,N/A,v6,fe80::103b:bdff:fef0:169,ff02::204,N/A,N/A,N/A,N/A,N/A,N/A,,,1
1759293426,eth1,110,Ethernet,IPv6,ICMP,N/A,v6,fe80::103b:bdff:fef0:169,ff02::179,N/A,N/A,N/A,N/A,N/A,N/A,,,1
1759293426,any,112,N/A,IPv6,ICMP,N/A,v6,fe80::103b:bdff:fef0:169,ff02::179,N/A,N/A,N/A,N/A,N/A,N/A,,,1
1759293427,eth0,107,Ethernet,N/A,N/A,N/A,N/A,N/A,N/A,N/A,N/A,N/A,N/A,N/A,N/A,,,0
1759293427,eth0,70,Ethernet,IPv6,ICMP,N/A,v6,fe80::5ca9:83ff:fe87:27,ff02::204,N/A,N/A,N/A,N/A,N/A,N/A,,,0
1759293427,any,72,N/A,IPv6,ICMP,N/A,v6,fe80::a824:52ff:fe4f:69,ff02::204,N/A,N/A,N/A,N/A,N/A,N/A,,,0
1759293427,eth1,70,Ethernet,IPv6,ICMP,N/A,v6,fe80::a824:52ff:fe4f:69,ff02::204,N/A,N/A,N/A,N/A,N/A,N/A,,,0
1759293427,any,113,N/A,N/A,N/A,N/A,N/A,N/A,N/A,N/A,N/A,N/A,N/A,N/A,N/A,,,1
1759293427,eth0,111,Ethernet,N/A,N/A,N/A,N/A,N/A,N/A,N/A,N/A,N/A,N/A,N/A,N/A,,,1
1759293428,eth0,107,Ethernet,N/A,N/A,N/A,N/A,N/A,N/A,N/A,N/A,N/A,N/A,N/A,N/A,,,0
1759293428,any,109,N/A,N/A,N/A,N/A,N/A,N/A,N/A,N/A,N/A,N/A,N/A,N/A,N/A,,,0
1759293428,eth0,111,Ethernet,N/A,N/A,N/A,N/A,N/A,N/A,N/A,N/A,N/A,N/A,N/A,N/A,,,1
1759293428,any,113,N/A,N/A,N/A,N/A,N/A,N/A,N/A,N/A,N/A,N/A,N/A,N/A,N/A,,,1
1759293428,eth0,90,Ethernet,IPv6,ICMP,N/A,v6,fe80::b0b5:44ff:feea:219,ff02::179,N/A,N/A,N/A,N/A,N/A,N/A,,,1
1759293428,eth0,54,Ethernet,IPv4,N/A,N/A,v4,172.30.0.163,224.0.0.22,N/A,N/A,N/A,N/A,N/A,N/A,,,1
1759293428,any,92,N/A,IPv6,ICMP,N/A,v6,fe80::b0b5:44ff:feea:219,ff02::179,N/A,N/A,N/A,N/A,N/A,N/A,,,1
1759293428,any,56,N/A,IPv4,N/A,N/A,v4,172.30.0.163,224.0.0.22,N/A,N/A,N/A,N/A,N/A,N/A,,,1
1759293428,any,90,N/A,IPv6,UDP,N/A,v6,fe80::b0b5:44ff:feea:219,ff02::1:52,5355,5355,N/A,N/A,N/A,N/A,,,1
1759293428,eth0,88,Ethernet,IPv6,UDP,N/A,v6,fe80::b0b5:44ff:feea:219,ff02::1:52,5355,5355,N/A,N/A,N/A,N/A,,,1
1759293428,eth0,357,Ethernet,IPv4,UDP,N/A,v4,0.0.0.0,255.255.255.255,68,67,N/A,N/A,N/A,N/A,,,1
1759293428,any,359,N/A,IPv4,UDP,N/A,v4,0.0.0.0,255.255.255.255,68,67,N/A,N/A,N/A,N/A,,,1
1759293428,eth0,369,Ethernet,IPv4,UDP,N/A,v4,0.0.0.0,255.255.255.255,68,67,N/A,N/A,N/A,N/A,,,1
1759293428,any,371,N/A,IPv4,UDP,N/A,v4,0.0.0.0,255.255.255.255,68,67,N/A,N/A,N/A,N/A,,,1
1759293428,eth1,110,Ethernet,IPv6,ICMP,N/A,v6,fe80::780a:a9ff:fee6:89,ff02::179,N/A,N/A,N/A,N/A,N/A,N/A,,,1
1759293428,any,112,N/A,IPv6,ICMP,N/A,v6,fe80::780a:a9ff:fee6:89,ff02::179,N/A,N/A,N/A,N/A,N/A,N/A,,,1
1759293428,eth0,110,Ethernet,IPv6,ICMP,N/A,v6,fe80::b0b5:44ff:feea:219,ff02::179,N/A,N/A,N/A,N/A,N/A,N/A,,,1
1759293428,eth0,54,Ethernet,IPv4,N/A,N/A,v4,172.30.0.163,224.0.0.22,N/A,N/A,N/A,N/A,N/A,N/A,,,1
1759293428,any,112,N/A,IPv6,ICMP,N/A,v6,fe80::b0b5:44ff:feea:219,ff02::179,N/A,N/A,N/A,N/A,N/A,N/A,,,1
1759293428,any,44,ARP,N/A,N/A,N/A,N/A,N/A,N/A,N/A,N/A,1,2048,172.30.0.220,172.30.0.122,,,0
1759293428,any,58,ARP,N/A,N/A,N/A,N/A,N/A,N/A,N/A,N/A,2,2048,172.30.0.122,172.30.0.220,,,0
1759293428,eth0,42,Ethernet,N/A,N/A,N/A,N/A,N/A,N/A,N/A,N/A,N/A,N/A,N/A,N/A,,,0
1759293428,eth0,56,Ethernet,N/A,N/A,N/A,N/A,N/A,N/A,N/A,N/A,N/A,N/A,N/A,N/A,,,0
1759293428,eth0,56,Ethernet,N/A,N/A,N/A,N/A,N/A,N/A,N/A,N/A,N/A,N/A,N/A,N/A,,,0
1759293429,eth0,110,Ethernet,IPv6,ICMP,N/A,v6,fe80::b0b5:44ff:feea:219,ff02::179,N/A,N/A,N/A,N/A,N/A,N/A,,,1
1759293429,any,112,N/A,IPv6,ICMP,N/A,v6,fe80::b0b5:44ff:feea:219,ff02::179,N/A,N/A,N/A,N/A,N/A,N/A,,,1
1759293429,any,44,ARP,N/A,N/A,N/A,N/A,N/A,N/A,N/A,N/A,1,2048,172.30.0.163,172.30.0.122,,,1
1759293429,eth0,42,Ethernet,N/A,N/A,N/A,N/A,N/A,N/A,N/A,N/A,N/A,N/A,N/A,N/A,,,1
1759293429,any,44,ARP,N/A,N/A,N/A,N/A,N/A,N/A,N/A,N/A,1,2048,10.10.10.109,10.10.10.68,,,1
1759293429,eth1,42,Ethernet,N/A,N/A,N/A,N/A,N/A,N/A,N/A,N/A,N/A,N/A,N/A,N/A,,,1
1759293429,eth1,42,Ethernet,N/A,N/A,N/A,N/A,N/A,N/A,N/A,N/A,N/A,N/A,N/A,N/A,,,1
1759293429,any,113,N/A,N/A,N/A,N/A,N/A,N/A,N/A,N/A,N/A,N/A,N/A,N/A,N/A,,,1
1759293429,eth0,111,Ethernet,N/A,N/A,N/A,N/A,N/A,N/A,N/A,N/A,N/A,N/A,N/A,N/A,,,1
1759293429,eth0,90,Ethernet,IPv6,ICMP,N/A,v6,fe80::24f1:23ff:fe29:66,ff02::179,N/A,N/A,N/A,N/A,N/A,N/A,,,1
1759293429,eth0,54,Ethernet,IPv4,N/A,N/A,v4,172.30.0.23,224.0.0.22,N/A,N/A,N/A,N/A,N/A,N/A,,,1
1759293429,any,92,N/A,IPv6,ICMP,N/A,v6,fe80::24f1:23ff:fe29:66,ff02::179,N/A,N/A,N/A,N/A,N/A,N/A,,,1
1759293429,any,56,N/A,IPv4,N/A,N/A,v4,172.30.0.23,224.0.0.22,N/A,N/A,N/A,N/A,N/A,N/A,,,1
1759293429,any,358,N/A,IPv4,UDP,N/A,v4,0.0.0.0,255.255.255.255,68,67,N/A,N/A,N/A,N/A,,,1
1759293429,eth0,356,Ethernet,IPv4,UDP,N/A,v4,0.0.0.0,255.255.255.255,68,67,N/A,N/A,N/A,N/A,,,1
1759293429,any,370,N/A,IPv4,UDP,N/A,v4,0.0.0.0,255.255.255.255,68,67,N/A,N/A,N/A,N/A,,,1
1759293429,eth0,368,Ethernet,IPv4,UDP,N/A,v4,0.0.0.0,255.255.255.255,68,67,N/A,N/A,N/A,N/A,,,1
1759293429,any,112,N/A,IPv6,ICMP,N/A,v6,fe80::7827:e3ff:fe68:239,ff02::179,N/A,N/A,N/A,N/A,N/A,N/A,,,1
1759293429,eth1,110,Ethernet,IPv6,ICMP,N/A,v6,fe80::7827:e3ff:fe68:239,ff02::179,N/A,N/A,N/A,N/A,N/A,N/A,,,1
1759293429,eth0,110,Ethernet,IPv6,ICMP,N/A,v6,fe80::24f1:23ff:fe29:66,ff02::179,N/A,N/A,N/A,N/A,N/A,N/A,,,1
1759293429,eth0,54,Ethernet,IPv4,N/A,N/A,v4,172.30.0.23,224.0.0.22,N/A,N/A,N/A,N/A,N/A,N/A,,,1
1759293429,any,112,N/A,IPv6,ICMP,N/A,v6,fe80::24f1:23ff:fe29:66,ff02::179,N/A,N/A,N/A,N/A,N/A,N/A,,,1
1759293429,any,44,ARP,N/A,N/A,N/A,N/A,N/A,N/A,N/A,N/A,1,2048,172.30.0.23,172.30.0.122,,,1
1759293429,eth0,42,Ethernet,N/A,N/A,N/A,N/A,N/A,N/A,N/A,N/A,N/A,N/A,N/A,N/A,,,1
1759293429,any,112,N/A,IPv6,ICMP,N/A,v6,fe80::24f1:23ff:fe29:66,ff02::179,N/A,N/A,N/A,N/A,N/A,N/A,,,1
1759293429,eth0,110,Ethernet,IPv6,ICMP,N/A,v6,fe80::24f1:23ff:fe29:66,ff02::179,N/A,N/A,N/A,N/A,N/A,N/A,,,1
1759293429,eth0,54,Ethernet,IPv4,N/A,N/A,v4,172.30.0.163,224.0.0.22,N/A,N/A,N/A,N/A,N/A,N/A,,,1
1759293429,any,56,N/A,IPv4,N/A,N/A,v4,172.30.0.163,224.0.0.22,N/A,N/A,N/A,N/A,N/A,N/A,,,1
1759293429,any,112,N/A,IPv6,ICMP,N/A,v6,fe80::780a:a9ff:fee6:89,ff02::179,N/A,N/A,N/A,N/A,N/A,N/A,,,1
1759293429,eth1,110,Ethernet,IPv6,ICMP,N/A,v6,fe80::780a:a9ff:fee6:89,ff02::179,N/A,N/A,N/A,N/A,N/A,N/A,,,1
1759293429,eth0,107,Ethernet,N/A,N/A,N/A,N/A,N/A,N/A,N/A,N/A,N/A,N/A,N/A,N/A,,,0
1759293429,any,109,N/A,N/A,N/A,N/A,N/A,N/A,N/A,N/A,N/A,N/A,N/A,N/A,N/A,,,0
1759293430,eth0,70,Ethernet,IPv6,ICMP,N/A,v6,fe80::24f1:23ff:fe29:66,ff02::204,N/A,N/A,N/A,N/A,N/A,N/A,,,1
1759293430,any,72,N/A,IPv6,ICMP,N/A,v6,fe80::24f1:23ff:fe29:66,ff02::204,N/A,N/A,N/A,N/A,N/A,N/A,,,1
1759293430,any,72,N/A,IPv6,ICMP,N/A,v6,fe80::7827:e3ff:fe68:239,ff02::204,N/A,N/A,N/A,N/A,N/A,N/A,,,1
1759293430,eth1,70,Ethernet,IPv6,ICMP,N/A,v6,fe80::7827:e3ff:fe68:239,ff02::204,N/A,N/A,N/A,N/A,N/A,N/A,,,1
1759293430,eth1,70,Ethernet,IPv6,ICMP,N/A,v6,fe80::780a:a9ff:fee6:89,ff02::204,N/A,N/A,N/A,N/A,N/A,N/A,,,1
1759293430,eth0,70,Ethernet,IPv6,ICMP,N/A,v6,fe80::b0b5:44ff:feea:219,ff02::204,N/A,N/A,N/A,N/A,N/A,N/A,,,1
1759293430,any,72,N/A,IPv6,ICMP,N/A,v6,fe80::b0b5:44ff:feea:219,ff02::204,N/A,N/A,N/A,N/A,N/A,N/A,,,1
1759293430,any,56,N/A,IPv4,N/A,N/A,v4,172.30.0.23,224.0.0.22,N/A,N/A,N/A,N/A,N/A,N/A,,,1
1759293430,eth0,54,Ethernet,IPv4,N/A,N/A,v4,172.30.0.23,224.0.0.22,N/A,N/A,N/A,N/A,N/A,N/A,,,1
1759293430,eth0,111,Ethernet,N/A,N/A,N/A,N/A,N/A,N/A,N/A,N/A,N/A,N/A,N/A,N/A,,,1
1759293430,any,113,N/A,N/A,N/A,N/A,N/A,N/A,N/A,N/A,N/A,N/A,N/A,N/A,N/A,,,1
1759293430,any,112,N/A,IPv6,ICMP,N/A,v6,fe80::7827:e3ff:fe68:239,ff02::179,N/A,N/A,N/A,N/A,N/A,N/A,,,1
1759293430,eth1,110,Ethernet,IPv6,ICMP,N/A,v6,fe80::7827:e3ff:fe68:239,ff02::179,N/A,N/A,N/A,N/A,N/A,N/A,,,1
1759293430,any,72,N/A,IPv6,ICMP,N/A,v6,fe80::dcac:f9ff:fe59:60,ff02::204,N/A,N/A,N/A,N/A,N/A,N/A,,,1
1759293430,eth2,70,Ethernet,IPv6,ICMP,N/A,v6,fe80::dcac:f9ff:fe59:60,ff02::204,N/A,N/A,N/A,N/A,N/A,N/A,,,1
1759293430,any,72,N/A,IPv6,ICMP,N/A,v6,fe80::f056:abff:fe65:143,ff02::204,N/A,N/A,N/A,N/A,N/A,N/A,,,1
1759293430,eth1,70,Ethernet,IPv6,ICMP,N/A,v6,fe80::f056:abff:fe65:143,ff02::204,N/A,N/A,N/A,N/A,N/A,N/A,,,1
1759293430,any,72,N/A,IPv6,ICMP,N/A,v6,fe80::e48e:99ff:fe5f:147,ff02::204,N/A,N/A,N/A,N/A,N/A,N/A,,,1
1759293430,eth0,70,Ethernet,IPv6,ICMP,N/A,v6,fe80::e48e:99ff:fe5f:147,ff02::204,N/A,N/A,N/A,N/A,N/A,N/A,,,1
1759293430,any,72,N/A,IPv6,ICMP,N/A,v6,fe80::ecf9:eff:fefb:55,ff02::204,N/A,N/A,N/A,N/A,N/A,N/A,,,1
1759293430,eth0,107,Ethernet,N/A,N/A,N/A,N/A,N/A,N/A,N/A,N/A,N/A,N/A,N/A,N/A,,,0
1759293430,any,109,N/A,N/A,N/A,N/A,N/A,N/A,N/A,N/A,N/A,N/A,N/A,N/A,N/A,,,0
1759293430,eth0,70,Ethernet,IPv6,ICMP,N/A,v6,fe80::ecf9:eff:fefb:55,ff02::204,N/A,N/A,N/A,N/A,N/A,N/A,,,1
1759293431,eth0,90,Ethernet,IPv6,ICMP,N/A,v6,fe80::5ca9:83ff:fe87:27,ff02::179,N/A,N/A,N/A,N/A,N/A,N/A,,,0
1759293431,eth0,54,Ethernet,IPv4,N/A,N/A,v4,172.30.0.220,224.0.0.22,N/A,N/A,N/A,N/A,N/A,N/A,,,0
1759293431,any,92,N/A,IPv6,ICMP,N/A,v6,fe80::5ca9:83ff:fe87:27,ff02::179,N/A,N/A,N/A,N/A,N/A,N/A,,,0
1759293431,eth0,87,Ethernet,IPv6,UDP,N/A,v6,fe80::5ca9:83ff:fe87:27,ff02::1:52,5355,5355,N/A,N/A,N/A,N/A,,,0
1759293431,eth0,67,Ethernet,IPv4,UDP,N/A,v4,172.30.0.220,224.0.0.252,5355,5355,N/A,N/A,N/A,N/A,,,0
1759293431,any,89,N/A,IPv6,UDP,N/A,v6,fe80::5ca9:83ff:fe87:27,ff02::1:52,5355,5355,N/A,N/A,N/A,N/A,,,0
1759293431,eth0,356,Ethernet,IPv4,UDP,N/A,v4,0.0.0.0,255.255.255.255,68,67,N/A,N/A,N/A,N/A,,,0
1759293431,any,358,N/A,IPv4,UDP,N/A,v4,0.0.0.0,255.255.255.255,68,67,N/A,N/A,N/A,N/A,,,0
1759293431,eth0,368,Ethernet,IPv4,UDP,N/A,v4,0.0.0.0,255.255.255.255,68,67,N/A,N/A,N/A,N/A,,,0
1759293431,any,370,N/A,IPv4,UDP,N/A,v4,0.0.0.0,255.255.255.255,68,67,N/A,N/A,N/A,N/A,,,0
1759293431,eth1,110,Ethernet,IPv6,ICMP,N/A,v6,fe80::a824:52ff:fe4f:69,ff02::179,N/A,N/A,N/A,N/A,N/A,N/A,,,0
1759293431,any,112,N/A,IPv6,ICMP,N/A,v6,fe80::a824:52ff:fe4f:69,ff02::179,N/A,N/A,N/A,N/A,N/A,N/A,,,0
1759293431,eth0,110,Ethernet,IPv6,ICMP,N/A,v6,fe80::5ca9:83ff:fe87:27,ff02::179,N/A,N/A,N/A,N/A,N/A,N/A,,,0
1759293431,eth0,54,Ethernet,IPv4,N/A,N/A,v4,172.30.0.220,224.0.0.22,N/A,N/A,N/A,N/A,N/A,N/A,,,0
1759293431,any,112,N/A,IPv6,ICMP,N/A,v6,fe80::5ca9:83ff:fe87:27,ff02::179,N/A,N/A,N/A,N/A,N/A,N/A,,,0
1759293431,eth0,42,Ethernet,N/A,N/A,N/A,N/A,N/A,N/A,N/A,N/A,N/A,N/A,N/A,N/A,,,0
1759293431,eth1,70,Ethernet,IPv6,ICMP,N/A,v6,fe80::103b:bdff:fef0:169,ff02::204,N/A,N/A,N/A,N/A,N/A,N/A,,,1
1759293431,any,72,N/A,IPv6,ICMP,N/A,v6,fe80::103b:bdff:fef0:169,ff02::204,N/A,N/A,N/A,N/A,N/A,N/A,,,1
1759293431,eth0,90,Ethernet,IPv6,ICMP,N/A,v6,fe80::e48e:99ff:fe5f:147,ff02::179,N/A,N/A,N/A,N/A,N/A,N/A,,,1
1759293431,eth0,54,Ethernet,IPv4,N/A,N/A,v4,172.30.0.220,224.0.0.22,N/A,N/A,N/A,N/A,N/A,N/A,,,1
1759293431,any,92,N/A,IPv6,ICMP,N/A,v6,fe80::e48e:99ff:fe5f:147,ff02::179,N/A,N/A,N/A,N/A,N/A,N/A,,,1
1759293431,eth0,90,Ethernet,IPv6,ICMP,N/A,v6,fe80::ecf9:eff:fefb:55,ff02::179,N/A,N/A,N/A,N/A,N/A,N/A,,,1
1759293431,eth0,56,Ethernet,IPv4,N/A,N/A,v4,172.30.0.89,224.0.0.22,N/A,N/A,N/A,N/A,N/A,N/A,,,1
1759293431,any,92,N/A,IPv6,ICMP,N/A,v6,fe80::ecf9:eff:fefb:55,ff02::179,N/A,N/A,N/A,N/A,N/A,N/A,,,1
1759293431,any,58,N/A,IPv4,N/A,N/A,v4,172.30.0.89,224.0.0.22,N/A,N/A,N/A,N/A,N/A,N/A,,,1
1759293431,eth0,360,Ethernet,IPv4,UDP,N/A,v4,0.0.0.0,255.255.255.255,68,67,N/A,N/A,N/A,N/A,,,1
1759293431,any,362,N/A,IPv4,UDP,N/A,v4,0.0.0.0,255.255.255.255,68,67,N/A,N/A,N/A,N/A,,,1
1759293431,eth0,67,Ethernet,IPv4,UDP,N/A,v4,172.30.0.89,224.0.0.252,5355,5355,N/A,N/A,N/A,N/A,,,1
1759293431,eth0,87,Ethernet,IPv6,UDP,N/A,v6,fe80::ecf9:eff:fefb:55,ff02::1:52,5355,5355,N/A,N/A,N/A,N/A,,,1
1759293431,any,69,N/A,IPv4,UDP,N/A,v4,172.30.0.89,224.0.0.252,5355,5355,N/A,N/A,N/A,N/A,,,1
1759293431,eth0,372,Ethernet,IPv4,UDP,N/A,v4,0.0.0.0,255.255.255.255,68,67,N/A,N/A,N/A,N/A,,,1
1759293431,any,374,N/A,IPv4,UDP,N/A,v4,0.0.0.0,255.255.255.255,68,67,N/A,N/A,N/A,N/A,,,1
1759293431,eth2,110,Ethernet,IPv6,ICMP,N/A,v6,fe80::dcac:f9ff:fe59:60,ff02::179,N/A,N/A,N/A,N/A,N/A,N/A,,,1
1759293431,any,112,N/A,IPv6,ICMP,N/A,v6,fe80::f056:abff:fe65:143,ff02::179,N/A,N/A,N/A,N/A,N/A,N/A,,,1
1759293431,eth1,110,Ethernet,IPv6,ICMP,N/A,v6,fe80::f056:abff:fe65:143,ff02::179,N/A,N/A,N/A,N/A,N/A,N/A,,,1
1759293431,eth0,54,Ethernet,IPv4,N/A,N/A,v4,172.30.0.220,224.0.0.22,N/A,N/A,N/A,N/A,N/A,N/A,,,1
1759293431,any,56,N/A,IPv4,N/A,N/A,v4,172.30.0.220,224.0.0.22,N/A,N/A,N/A,N/A,N/A,N/A,,,1
1759293431,eth0,110,Ethernet,IPv6,ICMP,N/A,v6,fe80::e48e:99ff:fe5f:147,ff02::179,N/A,N/A,N/A,N/A,N/A,N/A,,,1
1759293431,any,112,N/A,IPv6,ICMP,N/A,v6,fe80::e48e:99ff:fe5f:147,ff02::179,N/A,N/A,N/A,N/A,N/A,N/A,,,1
1759293431,eth0,356,Ethernet,IPv4,UDP,N/A,v4,0.0.0.0,255.255.255.255,68,67,N/A,N/A,N/A,N/A,,,1
1759293431,eth0,368,Ethernet,IPv4,UDP,N/A,v4,0.0.0.0,255.255.255.255,68,67,N/A,N/A,N/A,N/A,,,1
1759293431,eth0,42,Ethernet,N/A,N/A,N/A,N/A,N/A,N/A,N/A,N/A,N/A,N/A,N/A,N/A,,,1
1759293431,eth0,56,Ethernet,N/A,N/A,N/A,N/A,N/A,N/A,N/A,N/A,N/A,N/A,N/A,N/A,,,1
1759293431,eth0,56,Ethernet,N/A,N/A,N/A,N/A,N/A,N/A,N/A,N/A,N/A,N/A,N/A,N/A,,,1
1759293431,any,358,N/A,IPv4,UDP,N/A,v4,0.0.0.0,255.255.255.255,68,67,N/A,N/A,N/A,N/A,,,1
1759293431,any,370,N/A,IPv4,UDP,N/A,v4,0.0.0.0,255.255.255.255,68,67,N/A,N/A,N/A,N/A,,,1
1759293431,any,44,ARP,N/A,N/A,N/A,N/A,N/A,N/A,N/A,N/A,1,2048,172.30.0.220,172.30.0.122,,,1
1759293431,any,58,ARP,N/A,N/A,N/A,N/A,N/A,N/A,N/A,N/A,2,2048,172.30.0.122,172.30.0.220,,,1
1759293431,any,58,ARP,N/A,N/A,N/A,N/A,N/A,N/A,N/A,N/A,2,2048,172.30.0.122,172.30.0.220,,,1
1759293431,any,112,N/A,IPv6,ICMP,N/A,v6,fe80::103b:bdff:fef0:169,ff02::179,N/A,N/A,N/A,N/A,N/A,N/A,,,1
1759293431,eth1,110,Ethernet,IPv6,ICMP,N/A,v6,fe80::103b:bdff:fef0:169,ff02::179,N/A,N/A,N/A,N/A,N/A,N/A,,,1
1759293431,any,112,N/A,IPv6,ICMP,N/A,v6,fe80::ecf9:eff:fefb:55,ff02::179,N/A,N/A,N/A,N/A,N/A,N/A,,,1
1759293431,eth0,110,Ethernet,IPv6,ICMP,N/A,v6,fe80::ecf9:eff:fefb:55,ff02::179,N/A,N/A,N/A,N/A,N/A,N/A,,,1
1759293431,eth0,56,Ethernet,IPv4,N/A,N/A,v4,172.30.0.89,224.0.0.22,N/A,N/A,N/A,N/A,N/A,N/A,,,1
1759293431,any,58,N/A,IPv4,N/A,N/A,v4,172.30.0.89,224.0.0.22,N/A,N/A,N/A,N/A,N/A,N/A,,,1
1759293431,any,58,ARP,N/A,N/A,N/A,N/A,N/A,N/A,N/A,N/A,1,2048,172.30.0.89,172.30.0.122,,,1
1759293431,eth0,56,Ethernet,N/A,N/A,N/A,N/A,N/A,N/A,N/A,N/A,N/A,N/A,N/A,N/A,,,1
1759293431,any,58,N/A,IPv4,N/A,N/A,v4,172.30.0.89,224.0.0.22,N/A,N/A,N/A,N/A,N/A,N/A,,,1
1759293431,eth0,56,Ethernet,IPv4,N/A,N/A,v4,172.30.0.89,224.0.0.22,N/A,N/A,N/A,N/A,N/A,N/A,,,1
1759293431,eth0,110,Ethernet,IPv6,ICMP,N/A,v6,fe80::e48e:99ff:fe5f:147,ff02::179,N/A,N/A,N/A,N/A,N/A,N/A,,,1
1759293431,any,112,N/A,IPv6,ICMP,N/A,v6,fe80::e48e:99ff:fe5f:147,ff02::179,N/A,N/A,N/A,N/A,N/A,N/A,,,1
1759293431,any,56,N/A,IPv4,N/A,N/A,v4,172.30.0.220,224.0.0.22,N/A,N/A,N/A,N/A,N/A,N/A,,,1
1759293431,eth0,54,Ethernet,IPv4,N/A,N/A,v4,172.30.0.220,224.0.0.22,N/A,N/A,N/A,N/A,N/A,N/A,,,1
1759293431,eth0,70,Ethernet,IPv6,ICMP,N/A,v6,fe80::e48e:99ff:fe5f:147,ff02::204,N/A,N/A,N/A,N/A,N/A,N/A,,,1
1759293431,eth2,70,Ethernet,IPv6,ICMP,N/A,v6,fe80::dcac:f9ff:fe59:60,ff02::204,N/A,N/A,N/A,N/A,N/A,N/A,,,1
1759293431,eth1,70,Ethernet,IPv6,ICMP,N/A,v6,fe80::f056:abff:fe65:143,ff02::204,N/A,N/A,N/A,N/A,N/A,N/A,,,1
1759293431,any,72,N/A,IPv6,ICMP,N/A,v6,fe80::dcac:f9ff:fe59:60,ff02::204,N/A,N/A,N/A,N/A,N/A,N/A,,,1
1759293431,eth1,110,Ethernet,IPv6,ICMP,N/A,v6,fe80::103b:bdff:fef0:169,ff02::179,N/A,N/A,N/A,N/A,N/A,N/A,,,1
1759293431,any,112,N/A,IPv6,ICMP,N/A,v6,fe80::103b:bdff:fef0:169,ff02::179,N/A,N/A,N/A,N/A,N/A,N/A,,,1
1759293431,eth2,110,Ethernet,IPv6,ICMP,N/A,v6,fe80::dcac:f9ff:fe59:60,ff02::179,N/A,N/A,N/A,N/A,N/A,N/A,,,1
1759293431,any,112,N/A,IPv6,ICMP,N/A,v6,fe80::dcac:f9ff:fe59:60,ff02::179,N/A,N/A,N/A,N/A,N/A,N/A,,,1
1759293431,any,112,N/A,IPv6,ICMP,N/A,v6,fe80::f056:abff:fe65:143,ff02::179,N/A,N/A,N/A,N/A,N/A,N/A,,,1
1759293431,eth1,110,Ethernet,IPv6,ICMP,N/A,v6,fe80::f056:abff:fe65:143,ff02::179,N/A,N/A,N/A,N/A,N/A,N/A,,,1
1759293431,eth0,56,Ethernet,N/A,N/A,N/A,N/A,N/A,N/A,N/A,N/A,N/A,N/A,N/A,N/A,,,0
1759293431,eth0,56,Ethernet,N/A,N/A,N/A,N/A,N/A,N/A,N/A,N/A,N/A,N/A,N/A,N/A,,,0
1759293431,any,44,ARP,N/A,N/A,N/A,N/A,N/A,N/A,N/A,N/A,1,2048,172.30.0.220,172.30.0.122,,,0
1759293431,any,58,ARP,N/A,N/A,N/A,N/A,N/A,N/A,N/A,N/A,2,2048,172.30.0.122,172.30.0.220,,,0
1759293431,eth0,54,Ethernet,IPv4,N/A,N/A,v4,172.30.0.220,224.0.0.22,N/A,N/A,N/A,N/A,N/A,N/A,,,0
1759293431,any,56,N/A,IPv4,N/A,N/A,v4,172.30.0.220,224.0.0.22,N/A,N/A,N/A,N/A,N/A,N/A,,,0
1759293431,eth0,110,Ethernet,IPv6,ICMP,N/A,v6,fe80::5ca9:83ff:fe87:27,ff02::179,N/A,N/A,N/A,N/A,N/A,N/A,,,0
1759293431,any,112,N/A,IPv6,ICMP,N/A,v6,fe80::5ca9:83ff:fe87:27,ff02::179,N/A,N/A,N/A,N/A,N/A,N/A,,,0
1759293432,eth0,110,Ethernet,IPv6,ICMP,N/A,v6,fe80::ecf9:eff:fefb:55,ff02::179,N/A,N/A,N/A,N/A,N/A,N/A,,,1
1759293432,any,112,N/A,IPv6,ICMP,N/A,v6,fe80::ecf9:eff:fefb:55,ff02::179,N/A,N/A,N/A,N/A,N/A,N/A,,,1
1759293432,any,113,N/A,N/A,N/A,N/A,N/A,N/A,N/A,N/A,N/A,N/A,N/A,N/A,N/A,,,1
1759293432,eth0,111,Ethernet,N/A,N/A,N/A,N/A,N/A,N/A,N/A,N/A,N/A,N/A,N/A,N/A,,,1
1759293432,eth1,70,Ethernet,IPv6,ICMP,N/A,v6,fe80::103b:bdff:fef0:169,ff02::204,N/A,N/A,N/A,N/A,N/A,N/A,,,1
1759293432,eth0,70,Ethernet,IPv6,ICMP,N/A,v6,fe80::ecf9:eff:fefb:55,ff02::204,N/A,N/A,N/A,N/A,N/A,N/A,,,1
1759293432,any,72,N/A,IPv6,ICMP,N/A,v6,fe80::ecf9:eff:fefb:55,ff02::204,N/A,N/A,N/A,N/A,N/A,N/A,,,1
1759293432,any,72,N/A,IPv6,ICMP,N/A,v6,fe80::103b:bdff:fef0:169,ff02::204,N/A,N/A,N/A,N/A,N/A,N/A,,,1
1759293432,any,112,N/A,IPv6,ICMP,N/A,v6,fe80::a824:52ff:fe4f:69,ff02::179,N/A,N/A,N/A,N/A,N/A,N/A,,,0
1759293432,eth1,110,Ethernet,IPv6,ICMP,N/A,v6,fe80::a824:52ff:fe4f:69,ff02::179,N/A,N/A,N/A,N/A,N/A,N/A,,,0
1759293432,eth0,107,Ethernet,N/A,N/A,N/A,N/A,N/A,N/A,N/A,N/A,N/A,N/A,N/A,N/A,,,0
1759293432,eth0,70,Ethernet,IPv6,ICMP,N/A,v6,fe80::5ca9:83ff:fe87:27,ff02::204,N/A,N/A,N/A,N/A,N/A,N/A,,,0
1759293432,any,72,N/A,IPv6,ICMP,N/A,v6,fe80::a824:52ff:fe4f:69,ff02::204,N/A,N/A,N/A,N/A,N/A,N/A,,,0
1759293432,eth1,70,Ethernet,IPv6,ICMP,N/A,v6,fe80::a824:52ff:fe4f:69,ff02::204,N/A,N/A,N/A,N/A,N/A,N/A,,,0
1759293433,eth0,111,Ethernet,N/A,N/A,N/A,N/A,N/A,N/A,N/A,N/A,N/A,N/A,N/A,N/A,,,1
1759293433,any,113,N/A,N/A,N/A,N/A,N/A,N/A,N/A,N/A,N/A,N/A,N/A,N/A,N/A,,,1
1759293433,any,72,N/A,IPv6,ICMP,N/A,v6,fe80::780a:a9ff:fee6:89,ff02::204,N/A,N/A,N/A,N/A,N/A,N/A,,,1
1759293433,eth1,70,Ethernet,IPv6,ICMP,N/A,v6,fe80::780a:a9ff:fee6:89,ff02::204,N/A,N/A,N/A,N/A,N/A,N/A,,,1
1759293433,any,72,N/A,IPv6,ICMP,N/A,v6,fe80::b0b5:44ff:feea:219,ff02::204,N/A,N/A,N/A,N/A,N/A,N/A,,,1
1759293433,eth0,70,Ethernet,IPv6,ICMP,N/A,v6,fe80::b0b5:44ff:feea:219,ff02::204,N/A,N/A,N/A,N/A,N/A,N/A,,,1
1759293433,eth0,107,Ethernet,N/A,N/A,N/A,N/A,N/A,N/A,N/A,N/A,N/A,N/A,N/A,N/A,,,0
1759293433,any,109,N/A,N/A,N/A,N/A,N/A,N/A,N/A,N/A,N/A,N/A,N/A,N/A,N/A,,,0
1759293434,eth0,90,Ethernet,IPv6,ICMP,N/A,v6,fe80::b0b5:44ff:feea:219,ff02::179,N/A,N/A,N/A,N/A,N/A,N/A,,,1
1759293434,eth0,54,Ethernet,IPv4,N/A,N/A,v4,172.30.0.163,224.0.0.22,N/A,N/A,N/A,N/A,N/A,N/A,,,1
1759293434,any,92,N/A,IPv6,ICMP,N/A,v6,fe80::b0b5:44ff:feea:219,ff02::179,N/A,N/A,N/A,N/A,N/A,N/A,,,1
1759293434,eth0,88,Ethernet,IPv6,UDP,N/A,v6,fe80::b0b5:44ff:feea:219,ff02::1:52,5355,5355,N/A,N/A,N/A,N/A,,,1
1759293434,any,90,N/A,IPv6,UDP,N/A,v6,fe80::b0b5:44ff:feea:219,ff02::1:52,5355,5355,N/A,N/A,N/A,N/A,,,1
1759293434,any,359,N/A,IPv4,UDP,N/A,v4,0.0.0.0,255.255.255.255,68,67,N/A,N/A,N/A,N/A,,,1
1759293434,eth0,357,Ethernet,IPv4,UDP,N/A,v4,0.0.0.0,255.255.255.255,68,67,N/A,N/A,N/A,N/A,,,1
1759293434,eth0,369,Ethernet,IPv4,UDP,N/A,v4,0.0.0.0,255.255.255.255,68,67,N/A,N/A,N/A,N/A,,,1
1759293434,any,371,N/A,IPv4,UDP,N/A,v4,0.0.0.0,255.255.255.255,68,67,N/A,N/A,N/A,N/A,,,1
1759293434,any,112,N/A,IPv6,ICMP,N/A,v6,fe80::780a:a9ff:fee6:89,ff02::179,N/A,N/A,N/A,N/A,N/A,N/A,,,1
1759293434,eth1,110,Ethernet,IPv6,ICMP,N/A,v6,fe80::780a:a9ff:fee6:89,ff02::179,N/A,N/A,N/A,N/A,N/A,N/A,,,1
1759293434,any,112,N/A,IPv6,ICMP,N/A,v6,fe80::b0b5:44ff:feea:219,ff02::179,N/A,N/A,N/A,N/A,N/A,N/A,,,1
1759293434,eth0,110,Ethernet,IPv6,ICMP,N/A,v6,fe80::b0b5:44ff:feea:219,ff02::179,N/A,N/A,N/A,N/A,N/A,N/A,,,1
1759293434,eth0,54,Ethernet,IPv4,N/A,N/A,v4,172.30.0.163,224.0.0.22,N/A,N/A,N/A,N/A,N/A,N/A,,,1
1759293434,eth0,42,Ethernet,N/A,N/A,N/A,N/A,N/A,N/A,N/A,N/A,N/A,N/A,N/A,N/A,,,1
1759293434,any,44,ARP,N/A,N/A,N/A,N/A,N/A,N/A,N/A,N/A,1,2048,172.30.0.163,172.30.0.122,,,1
1759293434,any,72,N/A,IPv6,ICMP,N/A,v6,fe80::7827:e3ff:fe68:239,ff02::204,N/A,N/A,N/A,N/A,N/A,N/A,,,1
1759293434,eth1,70,Ethernet,IPv6,ICMP,N/A,v6,fe80::7827:e3ff:fe68:239,ff02::204,N/A,N/A,N/A,N/A,N/A,N/A,,,1
1759293434,any,72,N/A,IPv6,ICMP,N/A,v6,fe80::24f1:23ff:fe29:66,ff02::204,N/A,N/A,N/A,N/A,N/A,N/A,,,1
1759293434,eth0,70,Ethernet,IPv6,ICMP,N/A,v6,fe80::24f1:23ff:fe29:66,ff02::204,N/A,N/A,N/A,N/A,N/A,N/A,,,1
1759293434,any,112,N/A,IPv6,ICMP,N/A,v6,fe80::780a:a9ff:fee6:89,ff02::179,N/A,N/A,N/A,N/A,N/A,N/A,,,1
1759293434,eth1,110,Ethernet,IPv6,ICMP,N/A,v6,fe80::780a:a9ff:fee6:89,ff02::179,N/A,N/A,N/A,N/A,N/A,N/A,,,1
1759293434,eth0,90,Ethernet,IPv6,ICMP,N/A,v6,fe80::24f1:23ff:fe29:66,ff02::179,N/A,N/A,N/A,N/A,N/A,N/A,,,1
1759293434,eth0,54,Ethernet,IPv4,N/A,N/A,v4,172.30.0.23,224.0.0.22,N/A,N/A,N/A,N/A,N/A,N/A,,,1
1759293434,any,92,N/A,IPv6,ICMP,N/A,v6,fe80::24f1:23ff:fe29:66,ff02::179,N/A,N/A,N/A,N/A,N/A,N/A,,,1
1759293434,any,56,N/A,IPv4,N/A,N/A,v4,172.30.0.23,224.0.0.22,N/A,N/A,N/A,N/A,N/A,N/A,,,1
1759293434,any,358,N/A,IPv4,UDP,N/A,v4,0.0.0.0,255.255.255.255,68,67,N/A,N/A,N/A,N/A,,,1
1759293434,eth0,356,Ethernet,IPv4,UDP,N/A,v4,0.0.0.0,255.255.255.255,68,67,N/A,N/A,N/A,N/A,,,1
1759293434,any,109,N/A,N/A,N/A,N/A,N/A,N/A,N/A,N/A,N/A,N/A,N/A,N/A,N/A,,,0
1759293434,eth0,107,Ethernet,N/A,N/A,N/A,N/A,N/A,N/A,N/A,N/A,N/A,N/A,N/A,N/A,,,0
1759293434,eth0,368,Ethernet,IPv4,UDP,N/A,v4,0.0.0.0,255.255.255.255,68,67,N/A,N/A,N/A,N/A,,,1
1759293434,any,112,N/A,IPv6,ICMP,N/A,v6,fe80::7827:e3ff:fe68:239,ff02::179,N/A,N/A,N/A,N/A,N/A,N/A,,,1
1759293434,eth1,110,Ethernet,IPv6,ICMP,N/A,v6,fe80::7827:e3ff:fe68:239,ff02::179,N/A,N/A,N/A,N/A,N/A,N/A,,,1
1759293434,any,112,N/A,IPv6,ICMP,N/A,v6,fe80::24f1:23ff:fe29:66,ff02::179,N/A,N/A,N/A,N/A,N/A,N/A,,,1
1759293434,eth0,110,Ethernet,IPv6,ICMP,N/A,v6,fe80::24f1:23ff:fe29:66,ff02::179,N/A,N/A,N/A,N/A,N/A,N/A,,,1
1759293434,eth0,54,Ethernet,IPv4,N/A,N/A,v4,172.30.0.23,224.0.0.22,N/A,N/A,N/A,N/A,N/A,N/A,,,1
1759293434,eth0,42,Ethernet,N/A,N/A,N/A,N/A,N/A,N/A,N/A,N/A,N/A,N/A,N/A,N/A,,,1
1759293434,any,44,ARP,N/A,N/A,N/A,N/A,N/A,N/A,N/A,N/A,1,2048,172.30.0.23,172.30.0.122,,,1
1759293434,any,112,N/A,IPv6,ICMP,N/A,v6,fe80::24f1:23ff:fe29:66,ff02::179,N/A,N/A,N/A,N/A,N/A,N/A,,,1
1759293434,eth0,110,Ethernet,IPv6,ICMP,N/A,v6,fe80::24f1:23ff:fe29:66,ff02::179,N/A,N/A,N/A,N/A,N/A,N/A,,,1
1759293434,any,112,N/A,IPv6,ICMP,N/A,v6,fe80::b0b5:44ff:feea:219,ff02::179,N/A,N/A,N/A,N/A,N/A,N/A,,,1
1759293434,eth0,110,Ethernet,IPv6,ICMP,N/A,v6,fe80::b0b5:44ff:feea:219,ff02::179,N/A,N/A,N/A,N/A,N/A,N/A,,,1
1759293434,eth0,111,Ethernet,N/A,N/A,N/A,N/A,N/A,N/A,N/A,N/A,N/A,N/A,N/A,N/A,,,1
1759293434,any,113,N/A,N/A,N/A,N/A,N/A,N/A,N/A,N/A,N/A,N/A,N/A,N/A,N/A,,,1
1759293434,eth0,54,Ethernet,IPv4,N/A,N/A,v4,172.30.0.163,224.0.0.22,N/A,N/A,N/A,N/A,N/A,N/A,,,1
1759293434,any,56,N/A,IPv4,N/A,N/A,v4,172.30.0.163,224.0.0.22,N/A,N/A,N/A,N/A,N/A,N/A,,,1
1759293435,eth0,90,Ethernet,IPv6,ICMP,N/A,v6,fe80::5ca9:83ff:fe87:27,ff02::179,N/A,N/A,N/A,N/A,N/A,N/A,,,0
1759293435,eth0,54,Ethernet,IPv4,N/A,N/A,v4,172.30.0.220,224.0.0.22,N/A,N/A,N/A,N/A,N/A,N/A,,,0
1759293435,any,92,N/A,IPv6,ICMP,N/A,v6,fe80::5ca9:83ff:fe87:27,ff02::179,N/A,N/A,N/A,N/A,N/A,N/A,,,0
1759293435,eth0,356,Ethernet,IPv4,UDP,N/A,v4,0.0.0.0,255.255.255.255,68,67,N/A,N/A,N/A,N/A,,,0
1759293435,any,358,N/A,IPv4,UDP,N/A,v4,0.0.0.0,255.255.255.255,68,67,N/A,N/A,N/A,N/A,,,0
1759293435,eth0,368,Ethernet,IPv4,UDP,N/A,v4,0.0.0.0,255.255.255.255,68,67,N/A,N/A,N/A,N/A,,,0
1759293435,any,370,N/A,IPv4,UDP,N/A,v4,0.0.0.0,255.255.255.255,68,67,N/A,N/A,N/A,N/A,,,0
1759293435,eth1,70,Ethernet,IPv6,ICMP,N/A,v6,fe80::7827:e3ff:fe68:239,ff02::204,N/A,N/A,N/A,N/A,N/A,N/A,,,1
1759293435,eth0,70,Ethernet,IPv6,ICMP,N/A,v6,fe80::24f1:23ff:fe29:66,ff02::204,N/A,N/A,N/A,N/A,N/A,N/A,,,1
1759293435,any,72,N/A,IPv6,ICMP,N/A,v6,fe80::24f1:23ff:fe29:66,ff02::204,N/A,N/A,N/A,N/A,N/A,N/A,,,1
1759293435,any,72,N/A,IPv6,ICMP,N/A,v6,fe80::7827:e3ff:fe68:239,ff02::204,N/A,N/A,N/A,N/A,N/A,N/A,,,1
1759293435,eth1,70,Ethernet,IPv6,ICMP,N/A,v6,fe80::780a:a9ff:fee6:89,ff02::204,N/A,N/A,N/A,N/A,N/A,N/A,,,1
1759293435,eth0,70,Ethernet,IPv6,ICMP,N/A,v6,fe80::b0b5:44ff:feea:219,ff02::204,N/A,N/A,N/A,N/A,N/A,N/A,,,1
1759293435,any,72,N/A,IPv6,ICMP,N/A,v6,fe80::b0b5:44ff:feea:219,ff02::204,N/A,N/A,N/A,N/A,N/A,N/A,,,1
1759293435,any,72,N/A,IPv6,ICMP,N/A,v6,fe80::780a:a9ff:fee6:89,ff02::204,N/A,N/A,N/A,N/A,N/A,N/A,,,1
1759293435,eth0,54,Ethernet,IPv4,N/A,N/A,v4,172.30.0.23,224.0.0.22,N/A,N/A,N/A,N/A,N/A,N/A,,,1
1759293435,any,56,N/A,IPv4,N/A,N/A,v4,172.30.0.23,224.0.0.22,N/A,N/A,N/A,N/A,N/A,N/A,,,1
1759293435,eth0,90,Ethernet,IPv6,ICMP,N/A,v6,fe80::ecf9:eff:fefb:55,ff02::179,N/A,N/A,N/A,N/A,N/A,N/A,,,1
1759293435,eth0,56,Ethernet,IPv4,N/A,N/A,v4,172.30.0.89,224.0.0.22,N/A,N/A,N/A,N/A,N/A,N/A,,,1
1759293435,any,92,N/A,IPv6,ICMP,N/A,v6,fe80::ecf9:eff:fefb:55,ff02::179,N/A,N/A,N/A,N/A,N/A,N/A,,,1
1759293435,eth0,90,Ethernet,IPv6,ICMP,N/A,v6,fe80::e48e:99ff:fe5f:147,ff02::179,N/A,N/A,N/A,N/A,N/A,N/A,,,1
1759293435,eth0,54,Ethernet,IPv4,N/A,N/A,v4,172.30.0.220,224.0.0.22,N/A,N/A,N/A,N/A,N/A,N/A,,,1
1759293435,any,92,N/A,IPv6,ICMP,N/A,v6,fe80::e48e:99ff:fe5f:147,ff02::179,N/A,N/A,N/A,N/A,N/A,N/A,,,1
1759293435,eth0,356,Ethernet,IPv4,UDP,N/A,v4,0.0.0.0,255.255.255.255,68,67,N/A,N/A,N/A,N/A,,,1
1759293435,any,358,N/A,IPv4,UDP,N/A,v4,0.0.0.0,255.255.255.255,68,67,N/A,N/A,N/A,N/A,,,1
1759293435,eth0,368,Ethernet,IPv4,UDP,N/A,v4,0.0.0.0,255.255.255.255,68,67,N/A,N/A,N/A,N/A,,,1
1759293435,eth1,110,Ethernet,IPv6,ICMP,N/A,v6,fe80::103b:bdff:fef0:169,ff02::179,N/A,N/A,N/A,N/A,N/A,N/A,,,1
1759293435,any,112,N/A,IPv6,ICMP,N/A,v6,fe80::103b:bdff:fef0:169,ff02::179,N/A,N/A,N/A,N/A,N/A,N/A,,,1
1759293435,eth0,56,Ethernet,N/A,N/A,N/A,N/A,N/A,N/A,N/A,N/A,N/A,N/A,N/A,N/A,,,1
1759293435,eth0,56,Ethernet,IPv4,N/A,N/A,v4,172.30.0.89,224.0.0.22,N/A,N/A,N/A,N/A,N/A,N/A,,,1
1759293435,any,58,ARP,N/A,N/A,N/A,N/A,N/A,N/A,N/A,N/A,1,2048,172.30.0.89,172.30.0.122,,,1
1759293435,any,58,N/A,IPv4,N/A,N/A,v4,172.30.0.89,224.0.0.22,N/A,N/A,N/A,N/A,N/A,N/A,,,1
1759293435,eth0,110,Ethernet,IPv6,ICMP,N/A,v6,fe80::ecf9:eff:fefb:55,ff02::179,N/A,N/A,N/A,N/A,N/A,N/A,,,1
1759293435,any,112,N/A,IPv6,ICMP,N/A,v6,fe80::ecf9:eff:fefb:55,ff02::179,N/A,N/A,N/A,N/A,N/A,N/A,,,1
1759293435,eth0,360,Ethernet,IPv4,UDP,N/A,v4,0.0.0.0,255.255.255.255,68,67,N/A,N/A,N/A,N/A,,,1
1759293435,any,362,N/A,IPv4,UDP,N/A,v4,0.0.0.0,255.255.255.255,68,67,N/A,N/A,N/A,N/A,,,1
1759293435,eth0,372,Ethernet,IPv4,UDP,N/A,v4,0.0.0.0,255.255.255.255,68,67,N/A,N/A,N/A,N/A,,,1
1759293435,any,374,N/A,IPv4,UDP,N/A,v4,0.0.0.0,255.255.255.255,68,67,N/A,N/A,N/A,N/A,,,1
1759293435,eth2,110,Ethernet,IPv6,ICMP,N/A,v6,fe80::dcac:f9ff:fe59:60,ff02::179,N/A,N/A,N/A,N/A,N/A,N/A,,,1
1759293435,any,112,N/A,IPv6,ICMP,N/A,v6,fe80::dcac:f9ff:fe59:60,ff02::179,N/A,N/A,N/A,N/A,N/A,N/A,,,1
1759293435,eth1,110,Ethernet,IPv6,ICMP,N/A,v6,fe80::f056:abff:fe65:143,ff02::179,N/A,N/A,N/A,N/A,N/A,N/A,,,1
1759293435,any,56,N/A,IPv4,N/A,N/A,v4,172.30.0.220,224.0.0.22,N/A,N/A,N/A,N/A,N/A,N/A,,,1
1759293435,any,44,ARP,N/A,N/A,N/A,N/A,N/A,N/A,N/A,N/A,1,2048,172.30.0.220,172.30.0.122,,,1
1759293435,any,58,ARP,N/A,N/A,N/A,N/A,N/A,N/A,N/A,N/A,2,2048,172.30.0.122,172.30.0.220,,,1
1759293435,any,58,ARP,N/A,N/A,N/A,N/A,N/A,N/A,N/A,N/A,2,2048,172.30.0.122,172.30.0.220,,,1
1759293435,eth0,54,Ethernet,IPv4,N/A,N/A,v4,172.30.0.220,224.0.0.22,N/A,N/A,N/A,N/A,N/A,N/A,,,1
1759293435,eth0,110,Ethernet,IPv6,ICMP,N/A,v6,fe80::e48e:99ff:fe5f:147,ff02::179,N/A,N/A,N/A,N/A,N/A,N/A,,,1
1759293435,eth0,42,Ethernet,N/A,N/A,N/A,N/A,N/A,N/A,N/A,N/A,N/A,N/A,N/A,N/A,,,1
1759293435,eth0,56,Ethernet,N/A,N/A,N/A,N/A,N/A,N/A,N/A,N/A,N/A,N/A,N/A,N/A,,,1
1759293435,eth0,56,Ethernet,N/A,N/A,N/A,N/A,N/A,N/A,N/A,N/A,N/A,N/A,N/A,N/A,,,1
1759293435,any,112,N/A,IPv6,ICMP,N/A,v6,fe80::e48e:99ff:fe5f:147,ff02::179,N/A,N/A,N/A,N/A,N/A,N/A,,,1
1759293435,eth0,110,Ethernet,IPv6,ICMP,N/A,v6,fe80::e48e:99ff:fe5f:147,ff02::179,N/A,N/A,N/A,N/A,N/A,N/A,,,1
1759293435,eth1,110,Ethernet,IPv6,ICMP,N/A,v6,fe80::7827:e3ff:fe68:239,ff02::179,N/A,N/A,N/A,N/A,N/A,N/A,,,1
1759293435,any,112,N/A,IPv6,ICMP,N/A,v6,fe80::7827:e3ff:fe68:239,ff02::179,N/A,N/A,N/A,N/A,N/A,N/A,,,1
1759293435,any,112,N/A,IPv6,ICMP,N/A,v6,fe80::f056:abff:fe65:143,ff02::179,N/A,N/A,N/A,N/A,N/A,N/A,,,1
1759293435,eth1,110,Ethernet,IPv6,ICMP,N/A,v6,fe80::f056:abff:fe65:143,ff02::179,N/A,N/A,N/A,N/A,N/A,N/A,,,1
1759293435,any,58,N/A,IPv4,N/A,N/A,v4,172.30.0.89,224.0.0.22,N/A,N/A,N/A,N/A,N/A,N/A,,,1
1759293435,eth0,56,Ethernet,IPv4,N/A,N/A,v4,172.30.0.89,224.0.0.22,N/A,N/A,N/A,N/A,N/A,N/A,,,1
1759293435,eth2,110,Ethernet,IPv6,ICMP,N/A,v6,fe80::dcac:f9ff:fe59:60,ff02::179,N/A,N/A,N/A,N/A,N/A,N/A,,,1
1759293435,any,112,N/A,IPv6,ICMP,N/A,v6,fe80::dcac:f9ff:fe59:60,ff02::179,N/A,N/A,N/A,N/A,N/A,N/A,,,1
1759293435,any,112,N/A,IPv6,ICMP,N/A,v6,fe80::ecf9:eff:fefb:55,ff02::179,N/A,N/A,N/A,N/A,N/A,N/A,,,1
1759293435,eth0,110,Ethernet,IPv6,ICMP,N/A,v6,fe80::ecf9:eff:fefb:55,ff02::179,N/A,N/A,N/A,N/A,N/A,N/A,,,1
1759293435,any,112,N/A,IPv6,ICMP,N/A,v6,fe80::a824:52ff:fe4f:69,ff02::179,N/A,N/A,N/A,N/A,N/A,N/A,,,0
1759293435,any,112,N/A,IPv6,ICMP,N/A,v6,fe80::5ca9:83ff:fe87:27,ff02::179,N/A,N/A,N/A,N/A,N/A,N/A,,,0
1759293435,any,44,ARP,N/A,N/A,N/A,N/A,N/A,N/A,N/A,N/A,1,2048,172.30.0.220,172.30.0.122,,,0
1759293435,any,58,ARP,N/A,N/A,N/A,N/A,N/A,N/A,N/A,N/A,2,2048,172.30.0.122,172.30.0.220,,,0
1759293435,any,58,ARP,N/A,N/A,N/A,N/A,N/A,N/A,N/A,N/A,2,2048,172.30.0.122,172.30.0.220,,,0
1759293435,eth1,110,Ethernet,IPv6,ICMP,N/A,v6,fe80::a824:52ff:fe4f:69,ff02::179,N/A,N/A,N/A,N/A,N/A,N/A,,,0
1759293435,eth0,110,Ethernet,IPv6,ICMP,N/A,v6,fe80::5ca9:83ff:fe87:27,ff02::179,N/A,N/A,N/A,N/A,N/A,N/A,,,0
1759293435,eth0,54,Ethernet,IPv4,N/A,N/A,v4,172.30.0.220,224.0.0.22,N/A,N/A,N/A,N/A,N/A,N/A,,,0
1759293435,eth0,42,Ethernet,N/A,N/A,N/A,N/A,N/A,N/A,N/A,N/A,N/A,N/A,N/A,N/A,,,0
1759293435,eth0,56,Ethernet,N/A,N/A,N/A,N/A,N/A,N/A,N/A,N/A,N/A,N/A,N/A,N/A,,,0
1759293435,eth0,56,Ethernet,N/A,N/A,N/A,N/A,N/A,N/A,N/A,N/A,N/A,N/A,N/A,N/A,,,0
1759293436,eth1,110,Ethernet,IPv6,ICMP,N/A,v6,fe80::103b:bdff:fef0:169,ff02::179,N/A,N/A,N/A,N/A,N/A,N/A,,,1
1759293436,any,112,N/A,IPv6,ICMP,N/A,v6,fe80::103b:bdff:fef0:169,ff02::179,N/A,N/A,N/A,N/A,N/A,N/A,,,1
1759293436,eth0,54,Ethernet,IPv4,N/A,N/A,v4,172.30.0.220,224.0.0.22,N/A,N/A,N/A,N/A,N/A,N/A,,,1
1759293436,any,56,N/A,IPv4,N/A,N/A,v4,172.30.0.220,224.0.0.22,N/A,N/A,N/A,N/A,N/A,N/A,,,1
1759293436,any,72,N/A,IPv6,ICMP,N/A,v6,fe80::dcac:f9ff:fe59:60,ff02::204,N/A,N/A,N/A,N/A,N/A,N/A,,,1
1759293436,eth2,70,Ethernet,IPv6,ICMP,N/A,v6,fe80::dcac:f9ff:fe59:60,ff02::204,N/A,N/A,N/A,N/A,N/A,N/A,,,1
1759293436,eth1,70,Ethernet,IPv6,ICMP,N/A,v6,fe80::f056:abff:fe65:143,ff02::204,N/A,N/A,N/A,N/A,N/A,N/A,,,1
1759293436,eth0,111,Ethernet,N/A,N/A,N/A,N/A,N/A,N/A,N/A,N/A,N/A,N/A,N/A,N/A,,,1
1759293436,eth0,70,Ethernet,IPv6,ICMP,N/A,v6,fe80::e48e:99ff:fe5f:147,ff02::204,N/A,N/A,N/A,N/A,N/A,N/A,,,1
1759293436,eth1,70,Ethernet,IPv6,ICMP,N/A,v6,fe80::103b:bdff:fef0:169,ff02::204,N/A,N/A,N/A,N/A,N/A,N/A,,,1
1759293436,eth0,70,Ethernet,IPv6,ICMP,N/A,v6,fe80::ecf9:eff:fefb:55,ff02::204,N/A,N/A,N/A,N/A,N/A,N/A,,,1
1759293436,any,72,N/A,IPv6,ICMP,N/A,v6,fe80::ecf9:eff:fefb:55,ff02::204,N/A,N/A,N/A,N/A,N/A,N/A,,,1
1759293436,any,72,N/A,IPv6,ICMP,N/A,v6,fe80::103b:bdff:fef0:169,ff02::204,N/A,N/A,N/A,N/A,N/A,N/A,,,1
1759293436,any,56,N/A,IPv4,N/A,N/A,v4,172.30.0.220,224.0.0.22,N/A,N/A,N/A,N/A,N/A,N/A,,,0
1759293436,eth0,54,Ethernet,IPv4,N/A,N/A,v4,172.30.0.220,224.0.0.22,N/A,N/A,N/A,N/A,N/A,N/A,,,0
1759293436,any,112,N/A,IPv6,ICMP,N/A,v6,fe80::a824:52ff:fe4f:69,ff02::179,N/A,N/A,N/A,N/A,N/A,N/A,,,0
1759293436,eth1,110,Ethernet,IPv6,ICMP,N/A,v6,fe80::a824:52ff:fe4f:69,ff02::179,N/A,N/A,N/A,N/A,N/A,N/A,,,0
1759293436,eth0,110,Ethernet,IPv6,ICMP,N/A,v6,fe80::5ca9:83ff:fe87:27,ff02::179,N/A,N/A,N/A,N/A,N/A,N/A,,,0
1759293436,any,112,N/A,IPv6,ICMP,N/A,v6,fe80::5ca9:83ff:fe87:27,ff02::179,N/A,N/A,N/A,N/A,N/A,N/A,,,0
1759293436,any,72,N/A,IPv6,ICMP,N/A,v6,fe80::a824:52ff:fe4f:69,ff02::204,N/A,N/A,N/A,N/A,N/A,N/A,,,0
1759293436,eth1,70,Ethernet,IPv6,ICMP,N/A,v6,fe80::a824:52ff:fe4f:69,ff02::204,N/A,N/A,N/A,N/A,N/A,N/A,,,0
1759293436,eth0,107,Ethernet,N/A,N/A,N/A,N/A,N/A,N/A,N/A,N/A,N/A,N/A,N/A,N/A,,,0
1759293436,eth0,70,Ethernet,IPv6,ICMP,N/A,v6,fe80::5ca9:83ff:fe87:27,ff02::204,N/A,N/A,N/A,N/A,N/A,N/A,,,0
1759293437,eth0,111,Ethernet,N/A,N/A,N/A,N/A,N/A,N/A,N/A,N/A,N/A,N/A,N/A,N/A,,,1
1759293437,any,113,N/A,N/A,N/A,N/A,N/A,N/A,N/A,N/A,N/A,N/A,N/A,N/A,N/A,,,1
1759293437,eth0,107,Ethernet,N/A,N/A,N/A,N/A,N/A,N/A,N/A,N/A,N/A,N/A,N/A,N/A,,,0
1759293437,any,109,N/A,N/A,N/A,N/A,N/A,N/A,N/A,N/A,N/A,N/A,N/A,N/A,N/A,,,0
1759293438,any,92,N/A,IPv6,ICMP,N/A,v6,fe80::b0b5:44ff:feea:219,ff02::179,N/A,N/A,N/A,N/A,N/A,N/A,,,1
1759293438,eth0,90,Ethernet,IPv6,ICMP,N/A,v6,fe80::b0b5:44ff:feea:219,ff02::179,N/A,N/A,N/A,N/A,N/A,N/A,,,1
1759293438,eth0,54,Ethernet,IPv4,N/A,N/A,v4,172.30.0.163,224.0.0.22,N/A,N/A,N/A,N/A,N/A,N/A,,,1
1759293438,eth0,68,Ethernet,IPv4,UDP,N/A,v4,172.30.0.163,224.0.0.252,5355,5355,N/A,N/A,N/A,N/A,,,1
1759293438,any,70,N/A,IPv4,UDP,N/A,v4,172.30.0.163,224.0.0.252,5355,5355,N/A,N/A,N/A,N/A,,,1
1759293438,any,359,N/A,IPv4,UDP,N/A,v4,0.0.0.0,255.255.255.255,68,67,N/A,N/A,N/A,N/A,,,1
1759293438,eth0,357,Ethernet,IPv4,UDP,N/A,v4,0.0.0.0,255.255.255.255,68,67,N/A,N/A,N/A,N/A,,,1
1759293438,eth0,369,Ethernet,IPv4,UDP,N/A,v4,0.0.0.0,255.255.255.255,68,67,N/A,N/A,N/A,N/A,,,1
1759293438,any,371,N/A,IPv4,UDP,N/A,v4,0.0.0.0,255.255.255.255,68,67,N/A,N/A,N/A,N/A,,,1
1759293438,eth0,54,Ethernet,IPv4,N/A,N/A,v4,172.30.0.163,224.0.0.22,N/A,N/A,N/A,N/A,N/A,N/A,,,1
1759293438,eth0,110,Ethernet,IPv6,ICMP,N/A,v6,fe80::b0b5:44ff:feea:219,ff02::179,N/A,N/A,N/A,N/A,N/A,N/A,,,1
1759293438,eth1,110,Ethernet,IPv6,ICMP,N/A,v6,fe80::780a:a9ff:fee6:89,ff02::179,N/A,N/A,N/A,N/A,N/A,N/A,,,1
1759293438,any,56,N/A,IPv4,N/A,N/A,v4,172.30.0.163,224.0.0.22,N/A,N/A,N/A,N/A,N/A,N/A,,,1
1759293438,eth0,54,Ethernet,IPv4,N/A,N/A,v4,172.30.0.163,224.0.0.22,N/A,N/A,N/A,N/A,N/A,N/A,,,1
1759293438,any,56,N/A,IPv4,N/A,N/A,v4,172.30.0.163,224.0.0.22,N/A,N/A,N/A,N/A,N/A,N/A,,,1
1759293438,any,112,N/A,IPv6,ICMP,N/A,v6,fe80::780a:a9ff:fee6:89,ff02::179,N/A,N/A,N/A,N/A,N/A,N/A,,,1
1759293438,eth1,110,Ethernet,IPv6,ICMP,N/A,v6,fe80::780a:a9ff:fee6:89,ff02::179,N/A,N/A,N/A,N/A,N/A,N/A,,,1
1759293438,any,44,ARP,N/A,N/A,N/A,N/A,N/A,N/A,N/A,N/A,1,2048,172.30.0.163,172.30.0.122,,,1
1759293438,eth0,42,Ethernet,N/A,N/A,N/A,N/A,N/A,N/A,N/A,N/A,N/A,N/A,N/A,N/A,,,1
1759293438,any,113,N/A,N/A,N/A,N/A,N/A,N/A,N/A,N/A,N/A,N/A,N/A,N/A,N/A,,,1
1759293438,eth0,111,Ethernet,N/A,N/A,N/A,N/A,N/A,N/A,N/A,N/A,N/A,N/A,N/A,N/A,,,1
1759293438,eth0,90,Ethernet,IPv6,ICMP,N/A,v6,fe80::24f1:23ff:fe29:66,ff02::179,N/A,N/A,N/A,N/A,N/A,N/A,,,1
1759293438,eth0,54,Ethernet,IPv4,N/A,N/A,v4,172.30.0.23,224.0.0.22,N/A,N/A,N/A,N/A,N/A,N/A,,,1
1759293438,any,92,N/A,IPv6,ICMP,N/A,v6,fe80::24f1:23ff:fe29:66,ff02::179,N/A,N/A,N/A,N/A,N/A,N/A,,,1
1759293438,any,69,N/A,IPv4,UDP,N/A,v4,172.30.0.23,224.0.0.252,5355,5355,N/A,N/A,N/A,N/A,,,1
1759293438,eth0,67,Ethernet,IPv4,UDP,N/A,v4,172.30.0.23,224.0.0.252,5355,5355,N/A,N/A,N/A,N/A,,,1
1759293438,any,358,N/A,IPv4,UDP,N/A,v4,0.0.0.0,255.255.255.255,68,67,N/A,N/A,N/A,N/A,,,1
1759293438,eth0,356,Ethernet,IPv4,UDP,N/A,v4,0.0.0.0,255.255.255.255,68,67,N/A,N/A,N/A,N/A,,,1
1759293438,eth0,368,Ethernet,IPv4,UDP,N/A,v4,0.0.0.0,255.255.255.255,68,67,N/A,N/A,N/A,N/A,,,1
1759293438,any,370,N/A,IPv4,UDP,N/A,v4,0.0.0.0,255.255.255.255,68,67,N/A,N/A,N/A,N/A,,,1
1759293438,any,112,N/A,IPv6,ICMP,N/A,v6,fe80::7827:e3ff:fe68:239,ff02::179,N/A,N/A,N/A,N/A,N/A,N/A,,,1
1759293438,eth1,110,Ethernet,IPv6,ICMP,N/A,v6,fe80::7827:e3ff:fe68:239,ff02::179,N/A,N/A,N/A,N/A,N/A,N/A,,,1
1759293438,any,112,N/A,IPv6,ICMP,N/A,v6,fe80::24f1:23ff:fe29:66,ff02::179,N/A,N/A,N/A,N/A,N/A,N/A,,,1
1759293438,eth0,110,Ethernet,IPv6,ICMP,N/A,v6,fe80::24f1:23ff:fe29:66,ff02::179,N/A,N/A,N/A,N/A,N/A,N/A,,,1
1759293438,eth0,54,Ethernet,IPv4,N/A,N/A,v4,172.30.0.23,224.0.0.22,N/A,N/A,N/A,N/A,N/A,N/A,,,1
1759293438,eth0,42,Ethernet,N/A,N/A,N/A,N/A,N/A,N/A,N/A,N/A,N/A,N/A,N/A,N/A,,,1
1759293438,any,44,ARP,N/A,N/A,N/A,N/A,N/A,N/A,N/A,N/A,1,2048,172.30.0.23,172.30.0.122,,,1
1759293439,eth0,107,Ethernet,N/A,N/A,N/A,N/A,N/A,N/A,N/A,N/A,N/A,N/A,N/A,N/A,,,0
1759293439,any,109,N/A,N/A,N/A,N/A,N/A,N/A,N/A,N/A,N/A,N/A,N/A,N/A,N/A,,,0
1759293439,eth0,110,Ethernet,IPv6,ICMP,N/A,v6,fe80::b0b5:44ff:feea:219,ff02::179,N/A,N/A,N/A,N/A,N/A,N/A,,,1
1759293439,any,112,N/A,IPv6,ICMP,N/A,v6,fe80::b0b5:44ff:feea:219,ff02::179,N/A,N/A,N/A,N/A,N/A,N/A,,,1
1759293439,eth0,70,Ethernet,IPv6,ICMP,N/A,v6,fe80::b0b5:44ff:feea:219,ff02::204,N/A,N/A,N/A,N/A,N/A,N/A,,,1
1759293439,any,72,N/A,IPv6,ICMP,N/A,v6,fe80::b0b5:44ff:feea:219,ff02::204,N/A,N/A,N/A,N/A,N/A,N/A,,,1
1759293439,any,72,N/A,IPv6,ICMP,N/A,v6,fe80::780a:a9ff:fee6:89,ff02::204,N/A,N/A,N/A,N/A,N/A,N/A,,,1
1759293439,eth1,70,Ethernet,IPv6,ICMP,N/A,v6,fe80::780a:a9ff:fee6:89,ff02::204,N/A,N/A,N/A,N/A,N/A,N/A,,,1
1759293439,any,112,N/A,IPv6,ICMP,N/A,v6,fe80::7827:e3ff:fe68:239,ff02::179,N/A,N/A,N/A,N/A,N/A,N/A,,,1
1759293439,eth0,54,Ethernet,IPv4,N/A,N/A,v4,172.30.0.23,224.0.0.22,N/A,N/A,N/A,N/A,N/A,N/A,,,1
1759293439,eth1,110,Ethernet,IPv6,ICMP,N/A,v6,fe80::7827:e3ff:fe68:239,ff02::179,N/A,N/A,N/A,N/A,N/A,N/A,,,1
1759293439,any,112,N/A,IPv6,ICMP,N/A,v6,fe80::24f1:23ff:fe29:66,ff02::179,N/A,N/A,N/A,N/A,N/A,N/A,,,1
1759293439,eth0,110,Ethernet,IPv6,ICMP,N/A,v6,fe80::24f1:23ff:fe29:66,ff02::179,N/A,N/A,N/A,N/A,N/A,N/A,,,1
1759293439,eth0,111,Ethernet,N/A,N/A,N/A,N/A,N/A,N/A,N/A,N/A,N/A,N/A,N/A,N/A,,,1
1759293439,any,113,N/A,N/A,N/A,N/A,N/A,N/A,N/A,N/A,N/A,N/A,N/A,N/A,N/A,,,1
1759293439,eth1,70,Ethernet,IPv6,ICMP,N/A,v6,fe80::7827:e3ff:fe68:239,ff02::204,N/A,N/A,N/A,N/A,N/A,N/A,,,1
1759293439,eth0,70,Ethernet,IPv6,ICMP,N/A,v6,fe80::24f1:23ff:fe29:66,ff02::204,N/A,N/A,N/A,N/A,N/A,N/A,,,1
1759293439,any,72,N/A,IPv6,ICMP,N/A,v6,fe80::24f1:23ff:fe29:66,ff02::204,N/A,N/A,N/A,N/A,N/A,N/A,,,1
1759293439,any,72,N/A,IPv6,ICMP,N/A,v6,fe80::7827:e3ff:fe68:239,ff02::204,N/A,N/A,N/A,N/A,N/A,N/A,,,1
1759293440,any,109,N/A,N/A,N/A,N/A,N/A,N/A,N/A,N/A,N/A,N/A,N/A,N/A,N/A,,,0
1759293440,eth0,107,Ethernet,N/A,N/A,N/A,N/A,N/A,N/A,N/A,N/A,N/A,N/A,N/A,N/A,,,0
1759293440,any,72,N/A,IPv6,ICMP,N/A,v6,fe80::a824:52ff:fe4f:69,ff02::204,N/A,N/A,N/A,N/A,N/A,N/A,,,0
1759293440,eth1,70,Ethernet,IPv6,ICMP,N/A,v6,fe80::a824:52ff:fe4f:69,ff02::204,N/A,N/A,N/A,N/A,N/A,N/A,,,0
1759293440,any,72,N/A,IPv6,ICMP,N/A,v6,fe80::5ca9:83ff:fe87:27,ff02::204,N/A,N/A,N/A,N/A,N/A,N/A,,,0
1759293440,eth0,70,Ethernet,IPv6,ICMP,N/A,v6,fe80::5ca9:83ff:fe87:27,ff02::204,N/A,N/A,N/A,N/A,N/A,N/A,,,0
1759293440,eth0,90,Ethernet,IPv6,ICMP,N/A,v6,fe80::5ca9:83ff:fe87:27,ff02::179,N/A,N/A,N/A,N/A,N/A,N/A,,,0
1759293440,eth0,54,Ethernet,IPv4,N/A,N/A,v4,172.30.0.220,224.0.0.22,N/A,N/A,N/A,N/A,N/A,N/A,,,0
1759293440,any,92,N/A,IPv6,ICMP,N/A,v6,fe80::5ca9:83ff:fe87:27,ff02::179,N/A,N/A,N/A,N/A,N/A,N/A,,,0
1759293440,eth0,67,Ethernet,IPv4,UDP,N/A,v4,172.30.0.220,224.0.0.252,5355,5355,N/A,N/A,N/A,N/A,,,0
1759293440,any,69,N/A,IPv4,UDP,N/A,v4,172.30.0.220,224.0.0.252,5355,5355,N/A,N/A,N/A,N/A,,,0
1759293440,eth0,356,Ethernet,IPv4,UDP,N/A,v4,0.0.0.0,255.255.255.255,68,67,N/A,N/A,N/A,N/A,,,0
1759293440,any,358,N/A,IPv4,UDP,N/A,v4,0.0.0.0,255.255.255.255,68,67,N/A,N/A,N/A,N/A,,,0
1759293440,eth0,368,Ethernet,IPv4,UDP,N/A,v4,0.0.0.0,255.255.255.255,68,67,N/A,N/A,N/A,N/A,,,0
1759293440,any,370,N/A,IPv4,UDP,N/A,v4,0.0.0.0,255.255.255.255,68,67,N/A,N/A,N/A,N/A,,,0
1759293440,eth1,110,Ethernet,IPv6,ICMP,N/A,v6,fe80::a824:52ff:fe4f:69,ff02::179,N/A,N/A,N/A,N/A,N/A,N/A,,,0
1759293440,any,112,N/A,IPv6,ICMP,N/A,v6,fe80::a824:52ff:fe4f:69,ff02::179,N/A,N/A,N/A,N/A,N/A,N/A,,,0
1759293440,eth0,54,Ethernet,IPv4,N/A,N/A,v4,172.30.0.220,224.0.0.22,N/A,N/A,N/A,N/A,N/A,N/A,,,0
1759293440,eth0,110,Ethernet,IPv6,ICMP,N/A,v6,fe80::5ca9:83ff:fe87:27,ff02::179,N/A,N/A,N/A,N/A,N/A,N/A,,,0
1759293440,any,56,N/A,IPv4,N/A,N/A,v4,172.30.0.220,224.0.0.22,N/A,N/A,N/A,N/A,N/A,N/A,,,0
1759293440,eth0,42,Ethernet,N/A,N/A,N/A,N/A,N/A,N/A,N/A,N/A,N/A,N/A,N/A,N/A,,,0
1759293440,eth0,56,Ethernet,N/A,N/A,N/A,N/A,N/A,N/A,N/A,N/A,N/A,N/A,N/A,N/A,,,0
1759293440,eth0,56,Ethernet,N/A,N/A,N/A,N/A,N/A,N/A,N/A,N/A,N/A,N/A,N/A,N/A,,,0
1759293440,any,44,ARP,N/A,N/A,N/A,N/A,N/A,N/A,N/A,N/A,1,2048,172.30.0.220,172.30.0.122,,,0
1759293440,any,58,ARP,N/A,N/A,N/A,N/A,N/A,N/A,N/A,N/A,2,2048,172.30.0.122,172.30.0.220,,,0
1759293440,any,72,N/A,IPv6,ICMP,N/A,v6,fe80::e48e:99ff:fe5f:147,ff02::204,N/A,N/A,N/A,N/A,N/A,N/A,,,1
1759293440,eth0,70,Ethernet,IPv6,ICMP,N/A,v6,fe80::e48e:99ff:fe5f:147,ff02::204,N/A,N/A,N/A,N/A,N/A,N/A,,,1
1759293440,any,72,N/A,IPv6,ICMP,N/A,v6,fe80::f056:abff:fe65:143,ff02::204,N/A,N/A,N/A,N/A,N/A,N/A,,,1
1759293440,eth1,70,Ethernet,IPv6,ICMP,N/A,v6,fe80::f056:abff:fe65:143,ff02::204,N/A,N/A,N/A,N/A,N/A,N/A,,,1
1759293440,eth0,90,Ethernet,IPv6,ICMP,N/A,v6,fe80::ecf9:eff:fefb:55,ff02::179,N/A,N/A,N/A,N/A,N/A,N/A,,,1
1759293440,eth0,56,Ethernet,IPv4,N/A,N/A,v4,172.30.0.89,224.0.0.22,N/A,N/A,N/A,N/A,N/A,N/A,,,1
1759293440,any,92,N/A,IPv6,ICMP,N/A,v6,fe80::ecf9:eff:fefb:55,ff02::179,N/A,N/A,N/A,N/A,N/A,N/A,,,1
1759293440,any,58,N/A,IPv4,N/A,N/A,v4,172.30.0.89,224.0.0.22,N/A,N/A,N/A,N/A,N/A,N/A,,,1
1759293440,eth0,87,Ethernet,IPv6,UDP,N/A,v6,fe80::ecf9:eff:fefb:55,ff02::1:52,5355,5355,N/A,N/A,N/A,N/A,,,1
1759293440,any,89,N/A,IPv6,UDP,N/A,v6,fe80::ecf9:eff:fefb:55,ff02::1:52,5355,5355,N/A,N/A,N/A,N/A,,,1
1759293440,any,69,N/A,IPv4,UDP,N/A,v4,172.30.0.89,224.0.0.252,5355,5355,N/A,N/A,N/A,N/A,,,1
1759293440,eth0,67,Ethernet,IPv4,UDP,N/A,v4,172.30.0.89,224.0.0.252,5355,5355,N/A,N/A,N/A,N/A,,,1
1759293440,eth0,90,Ethernet,IPv6,ICMP,N/A,v6,fe80::e48e:99ff:fe5f:147,ff02::179,N/A,N/A,N/A,N/A,N/A,N/A,,,1
1759293440,eth0,54,Ethernet,IPv4,N/A,N/A,v4,172.30.0.220,224.0.0.22,N/A,N/A,N/A,N/A,N/A,N/A,,,1
1759293440,any,92,N/A,IPv6,ICMP,N/A,v6,fe80::e48e:99ff:fe5f:147,ff02::179,N/A,N/A,N/A,N/A,N/A,N/A,,,1
1759293440,eth0,356,Ethernet,IPv4,UDP,N/A,v4,0.0.0.0,255.255.255.255,68,67,N/A,N/A,N/A,N/A,,,1
1759293440,any,358,N/A,IPv4,UDP,N/A,v4,0.0.0.0,255.255.255.255,68,67,N/A,N/A,N/A,N/A,,,1
1759293440,eth0,368,Ethernet,IPv4,UDP,N/A,v4,0.0.0.0,255.255.255.255,68,67,N/A,N/A,N/A,N/A,,,1
1759293440,any,370,N/A,IPv4,UDP,N/A,v4,0.0.0.0,255.255.255.255,68,67,N/A,N/A,N/A,N/A,,,1
1759293440,eth1,110,Ethernet,IPv6,ICMP,N/A,v6,fe80::103b:bdff:fef0:169,ff02::179,N/A,N/A,N/A,N/A,N/A,N/A,,,1
1759293440,any,112,N/A,IPv6,ICMP,N/A,v6,fe80::ecf9:eff:fefb:55,ff02::179,N/A,N/A,N/A,N/A,N/A,N/A,,,1
1759293440,any,112,N/A,IPv6,ICMP,N/A,v6,fe80::103b:bdff:fef0:169,ff02::179,N/A,N/A,N/A,N/A,N/A,N/A,,,1
1759293440,eth0,110,Ethernet,IPv6,ICMP,N/A,v6,fe80::ecf9:eff:fefb:55,ff02::179,N/A,N/A,N/A,N/A,N/A,N/A,,,1
1759293440,eth0,110,Ethernet,IPv6,ICMP,N/A,v6,fe80::ecf9:eff:fefb:55,ff02::179,N/A,N/A,N/A,N/A,N/A,N/A,,,1
1759293440,eth0,56,Ethernet,IPv4,N/A,N/A,v4,172.30.0.89,224.0.0.22,N/A,N/A,N/A,N/A,N/A,N/A,,,1
1759293440,any,112,N/A,IPv6,ICMP,N/A,v6,fe80::ecf9:eff:fefb:55,ff02::179,N/A,N/A,N/A,N/A,N/A,N/A,,,1
1759293440,any,58,N/A,IPv4,N/A,N/A,v4,172.30.0.89,224.0.0.22,N/A,N/A,N/A,N/A,N/A,N/A,,,1
1759293440,eth0,71,Ethernet,IPv4,UDP,N/A,v4,172.30.0.220,224.0.0.252,5355,5355,N/A,N/A,N/A,N/A,,,1
1759293440,any,73,N/A,IPv4,UDP,N/A,v4,172.30.0.220,224.0.0.252,5355,5355,N/A,N/A,N/A,N/A,,,1
1759293440,eth0,56,Ethernet,N/A,N/A,N/A,N/A,N/A,N/A,N/A,N/A,N/A,N/A,N/A,N/A,,,1
1759293440,any,58,ARP,N/A,N/A,N/A,N/A,N/A,N/A,N/A,N/A,1,2048,172.30.0.89,172.30.0.122,,,1
1759293440,eth0,360,Ethernet,IPv4,UDP,N/A,v4,0.0.0.0,255.255.255.255,68,67,N/A,N/A,N/A,N/A,,,1
1759293440,any,362,N/A,IPv4,UDP,N/A,v4,0.0.0.0,255.255.255.255,68,67,N/A,N/A,N/A,N/A,,,1
1759293440,eth0,372,Ethernet,IPv4,UDP,N/A,v4,0.0.0.0,255.255.255.255,68,67,N/A,N/A,N/A,N/A,,,1
1759293440,any,374,N/A,IPv4,UDP,N/A,v4,0.0.0.0,255.255.255.255,68,67,N/A,N/A,N/A,N/A,,,1
1759293440,any,112,N/A,IPv6,ICMP,N/A,v6,fe80::dcac:f9ff:fe59:60,ff02::179,N/A,N/A,N/A,N/A,N/A,N/A,,,1
1759293440,any,112,N/A,IPv6,ICMP,N/A,v6,fe80::f056:abff:fe65:143,ff02::179,N/A,N/A,N/A,N/A,N/A,N/A,,,1
1759293440,any,56,N/A,IPv4,N/A,N/A,v4,172.30.0.220,224.0.0.22,N/A,N/A,N/A,N/A,N/A,N/A,,,1
1759293440,any,92,N/A,IPv6,ICMP,N/A,v6,fe80::ecf9:eff:fefb:55,ff02::179,N/A,N/A,N/A,N/A,N/A,N/A,,,1
1759293440,any,112,N/A,IPv6,ICMP,N/A,v6,fe80::e48e:99ff:fe5f:147,ff02::179,N/A,N/A,N/A,N/A,N/A,N/A,,,1
1759293440,any,44,ARP,N/A,N/A,N/A,N/A,N/A,N/A,N/A,N/A,1,2048,172.30.0.220,172.30.0.122,,,1
1759293440,any,58,ARP,N/A,N/A,N/A,N/A,N/A,N/A,N/A,N/A,2,2048,172.30.0.122,172.30.0.220,,,1
1759293440,any,56,N/A,IPv4,N/A,N/A,v4,172.30.0.220,224.0.0.22,N/A,N/A,N/A,N/A,N/A,N/A,,,1
1759293440,eth2,110,Ethernet,IPv6,ICMP,N/A,v6,fe80::dcac:f9ff:fe59:60,ff02::179,N/A,N/A,N/A,N/A,N/A,N/A,,,1
1759293440,eth1,110,Ethernet,IPv6,ICMP,N/A,v6,fe80::f056:abff:fe65:143,ff02::179,N/A,N/A,N/A,N/A,N/A,N/A,,,1
1759293440,eth0,54,Ethernet,IPv4,N/A,N/A,v4,172.30.0.220,224.0.0.22,N/A,N/A,N/A,N/A,N/A,N/A,,,1
1759293440,eth0,90,Ethernet,IPv6,ICMP,N/A,v6,fe80::ecf9:eff:fefb:55,ff02::179,N/A,N/A,N/A,N/A,N/A,N/A,,,1
1759293440,eth0,110,Ethernet,IPv6,ICMP,N/A,v6,fe80::e48e:99ff:fe5f:147,ff02::179,N/A,N/A,N/A,N/A,N/A,N/A,,,1
1759293440,eth0,42,Ethernet,N/A,N/A,N/A,N/A,N/A,N/A,N/A,N/A,N/A,N/A,N/A,N/A,,,1
1759293440,eth0,56,Ethernet,N/A,N/A,N/A,N/A,N/A,N/A,N/A,N/A,N/A,N/A,N/A,N/A,,,1
1759293440,eth0,56,Ethernet,N/A,N/A,N/A,N/A,N/A,N/A,N/A,N/A,N/A,N/A,N/A,N/A,,,1
1759293440,eth0,54,Ethernet,IPv4,N/A,N/A,v4,172.30.0.220,224.0.0.22,N/A,N/A,N/A,N/A,N/A,N/A,,,1
1759293440,any,58,N/A,IPv4,N/A,N/A,v4,172.30.0.89,224.0.0.22,N/A,N/A,N/A,N/A,N/A,N/A,,,1
1759293440,eth0,56,Ethernet,IPv4,N/A,N/A,v4,172.30.0.89,224.0.0.22,N/A,N/A,N/A,N/A,N/A,N/A,,,1
1759293440,any,112,N/A,IPv6,ICMP,N/A,v6,fe80::f056:abff:fe65:143,ff02::179,N/A,N/A,N/A,N/A,N/A,N/A,,,1
1759293440,eth1,110,Ethernet,IPv6,ICMP,N/A,v6,fe80::f056:abff:fe65:143,ff02::179,N/A,N/A,N/A,N/A,N/A,N/A,,,1
1759293440,any,112,N/A,IPv6,ICMP,N/A,v6,fe80::a824:52ff:fe4f:69,ff02::179,N/A,N/A,N/A,N/A,N/A,N/A,,,0
1759293440,eth1,110,Ethernet,IPv6,ICMP,N/A,v6,fe80::a824:52ff:fe4f:69,ff02::179,N/A,N/A,N/A,N/A,N/A,N/A,,,0
1759293441,eth1,110,Ethernet,IPv6,ICMP,N/A,v6,fe80::103b:bdff:fef0:169,ff02::179,N/A,N/A,N/A,N/A,N/A,N/A,,,1
1759293441,any,112,N/A,IPv6,ICMP,N/A,v6,fe80::103b:bdff:fef0:169,ff02::179,N/A,N/A,N/A,N/A,N/A,N/A,,,1
1759293441,eth2,110,Ethernet,IPv6,ICMP,N/A,v6,fe80::dcac:f9ff:fe59:60,ff02::179,N/A,N/A,N/A,N/A,N/A,N/A,,,1
1759293441,any,112,N/A,IPv6,ICMP,N/A,v6,fe80::dcac:f9ff:fe59:60,ff02::179,N/A,N/A,N/A,N/A,N/A,N/A,,,1
1759293441,any,72,N/A,IPv6,ICMP,N/A,v6,fe80::dcac:f9ff:fe59:60,ff02::204,N/A,N/A,N/A,N/A,N/A,N/A,,,1
1759293441,eth1,70,Ethernet,IPv6,ICMP,N/A,v6,fe80::f056:abff:fe65:143,ff02::204,N/A,N/A,N/A,N/A,N/A,N/A,,,1
1759293441,eth2,70,Ethernet,IPv6,ICMP,N/A,v6,fe80::dcac:f9ff:fe59:60,ff02::204,N/A,N/A,N/A,N/A,N/A,N/A,,,1
1759293441,eth0,111,Ethernet,N/A,N/A,N/A,N/A,N/A,N/A,N/A,N/A,N/A,N/A,N/A,N/A,,,1
1759293441,eth0,70,Ethernet,IPv6,ICMP,N/A,v6,fe80::e48e:99ff:fe5f:147,ff02::204,N/A,N/A,N/A,N/A,N/A,N/A,,,1
1759293441,eth1,70,Ethernet,IPv6,ICMP,N/A,v6,fe80::103b:bdff:fef0:169,ff02::204,N/A,N/A,N/A,N/A,N/A,N/A,,,1
1759293441,eth0,70,Ethernet,IPv6,ICMP,N/A,v6,fe80::ecf9:eff:fefb:55,ff02::204,N/A,N/A,N/A,N/A,N/A,N/A,,,1
1759293441,any,72,N/A,IPv6,ICMP,N/A,v6,fe80::ecf9:eff:fefb:55,ff02::204,N/A,N/A,N/A,N/A,N/A,N/A,,,1
1759293441,any,72,N/A,IPv6,ICMP,N/A,v6,fe80::103b:bdff:fef0:169,ff02::204,N/A,N/A,N/A,N/A,N/A,N/A,,,1
1759293441,any,112,N/A,IPv6,ICMP,N/A,v6,fe80::e48e:99ff:fe5f:147,ff02::179,N/A,N/A,N/A,N/A,N/A,N/A,,,1
1759293441,eth0,110,Ethernet,IPv6,ICMP,N/A,v6,fe80::e48e:99ff:fe5f:147,ff02::179,N/A,N/A,N/A,N/A,N/A,N/A,,,1
1759293441,any,112,N/A,IPv6,ICMP,N/A,v6,fe80::5ca9:83ff:fe87:27,ff02::179,N/A,N/A,N/A,N/A,N/A,N/A,,,0
1759293441,eth0,110,Ethernet,IPv6,ICMP,N/A,v6,fe80::5ca9:83ff:fe87:27,ff02::179,N/A,N/A,N/A,N/A,N/A,N/A,,,0
1759293441,eth0,54,Ethernet,IPv4,N/A,N/A,v4,172.30.0.220,224.0.0.22,N/A,N/A,N/A,N/A,N/A,N/A,,,0
1759293441,any,56,N/A,IPv4,N/A,N/A,v4,172.30.0.220,224.0.0.22,N/A,N/A,N/A,N/A,N/A,N/A,,,0
1759293441,eth0,70,Ethernet,IPv6,ICMP,N/A,v6,fe80::5ca9:83ff:fe87:27,ff02::204,N/A,N/A,N/A,N/A,N/A,N/A,,,0
1759293441,any,72,N/A,IPv6,ICMP,N/A,v6,fe80::a824:52ff:fe4f:69,ff02::204,N/A,N/A,N/A,N/A,N/A,N/A,,,0
1759293441,eth1,70,Ethernet,IPv6,ICMP,N/A,v6,fe80::a824:52ff:fe4f:69,ff02::204,N/A,N/A,N/A,N/A,N/A,N/A,,,0
1759293441,eth0,107,Ethernet,N/A,N/A,N/A,N/A,N/A,N/A,N/A,N/A,N/A,N/A,N/A,N/A,,,0
1759293441,any,109,N/A,N/A,N/A,N/A,N/A,N/A,N/A,N/A,N/A,N/A,N/A,N/A,N/A,,,0
1759293442,eth0,111,Ethernet,N/A,N/A,N/A,N/A,N/A,N/A,N/A,N/A,N/A,N/A,N/A,N/A,,,1
1759293442,any,113,N/A,N/A,N/A,N/A,N/A,N/A,N/A,N/A,N/A,N/A,N/A,N/A,N/A,,,1
1759293442,eth0,107,Ethernet,N/A,N/A,N/A,N/A,N/A,N/A,N/A,N/A,N/A,N/A,N/A,N/A,,,0
1759293442,any,109,N/A,N/A,N/A,N/A,N/A,N/A,N/A,N/A,N/A,N/A,N/A,N/A,N/A,,,0
1759293443,eth0,70,Ethernet,IPv6,ICMP,N/A,v6,fe80::b0b5:44ff:feea:219,ff02::204,N/A,N/A,N/A,N/A,N/A,N/A,,,1
1759293443,any,72,N/A,IPv6,ICMP,N/A,v6,fe80::b0b5:44ff:feea:219,ff02::204,N/A,N/A,N/A,N/A,N/A,N/A,,,1
1759293443,any,92,N/A,IPv6,ICMP,N/A,v6,fe80::b0b5:44ff:feea:219,ff02::179,N/A,N/A,N/A,N/A,N/A,N/A,,,1
1759293443,eth0,90,Ethernet,IPv6,ICMP,N/A,v6,fe80::b0b5:44ff:feea:219,ff02::179,N/A,N/A,N/A,N/A,N/A,N/A,,,1
1759293443,eth0,54,Ethernet,IPv4,N/A,N/A,v4,172.30.0.163,224.0.0.22,N/A,N/A,N/A,N/A,N/A,N/A,,,1
1759293443,any,90,N/A,IPv6,UDP,N/A,v6,fe80::b0b5:44ff:feea:219,ff02::1:52,5355,5355,N/A,N/A,N/A,N/A,,,1
1759293443,eth0,88,Ethernet,IPv6,UDP,N/A,v6,fe80::b0b5:44ff:feea:219,ff02::1:52,5355,5355,N/A,N/A,N/A,N/A,,,1
1759293443,eth0,357,Ethernet,IPv4,UDP,N/A,v4,0.0.0.0,255.255.255.255,68,67,N/A,N/A,N/A,N/A,,,1
1759293443,any,359,N/A,IPv4,UDP,N/A,v4,0.0.0.0,255.255.255.255,68,67,N/A,N/A,N/A,N/A,,,1
1759293443,any,371,N/A,IPv4,UDP,N/A,v4,0.0.0.0,255.255.255.255,68,67,N/A,N/A,N/A,N/A,,,1
1759293443,eth0,369,Ethernet,IPv4,UDP,N/A,v4,0.0.0.0,255.255.255.255,68,67,N/A,N/A,N/A,N/A,,,1
1759293443,any,112,N/A,IPv6,ICMP,N/A,v6,fe80::780a:a9ff:fee6:89,ff02::179,N/A,N/A,N/A,N/A,N/A,N/A,,,1
1759293443,any,109,N/A,N/A,N/A,N/A,N/A,N/A,N/A,N/A,N/A,N/A,N/A,N/A,N/A,,,0
1759293443,eth0,107,Ethernet,N/A,N/A,N/A,N/A,N/A,N/A,N/A,N/A,N/A,N/A,N/A,N/A,,,0
1759293443,any,56,N/A,IPv4,N/A,N/A,v4,172.30.0.163,224.0.0.22,N/A,N/A,N/A,N/A,N/A,N/A,,,1
1759293443,any,44,ARP,N/A,N/A,N/A,N/A,N/A,N/A,N/A,N/A,1,2048,172.30.0.163,172.30.0.122,,,1
1759293443,any,112,N/A,IPv6,ICMP,N/A,v6,fe80::b0b5:44ff:feea:219,ff02::179,N/A,N/A,N/A,N/A,N/A,N/A,,,1
1759293443,eth1,110,Ethernet,IPv6,ICMP,N/A,v6,fe80::780a:a9ff:fee6:89,ff02::179,N/A,N/A,N/A,N/A,N/A,N/A,,,1
1759293443,eth0,54,Ethernet,IPv4,N/A,N/A,v4,172.30.0.163,224.0.0.22,N/A,N/A,N/A,N/A,N/A,N/A,,,1
1759293443,eth0,42,Ethernet,N/A,N/A,N/A,N/A,N/A,N/A,N/A,N/A,N/A,N/A,N/A,N/A,,,1
1759293443,eth0,110,Ethernet,IPv6,ICMP,N/A,v6,fe80::b0b5:44ff:feea:219,ff02::179,N/A,N/A,N/A,N/A,N/A,N/A,,,1
1759293443,eth0,110,Ethernet,IPv6,ICMP,N/A,v6,fe80::b0b5:44ff:feea:219,ff02::179,N/A,N/A,N/A,N/A,N/A,N/A,,,1
1759293443,any,112,N/A,IPv6,ICMP,N/A,v6,fe80::b0b5:44ff:feea:219,ff02::179,N/A,N/A,N/A,N/A,N/A,N/A,,,1
1759293443,any,56,N/A,IPv4,N/A,N/A,v4,172.30.0.163,224.0.0.22,N/A,N/A,N/A,N/A,N/A,N/A,,,1
1759293443,eth0,54,Ethernet,IPv4,N/A,N/A,v4,172.30.0.163,224.0.0.22,N/A,N/A,N/A,N/A,N/A,N/A,,,1
1759293443,any,72,N/A,IPv6,ICMP,N/A,v6,fe80::24f1:23ff:fe29:66,ff02::204,N/A,N/A,N/A,N/A,N/A,N/A,,,1
1759293443,eth0,70,Ethernet,IPv6,ICMP,N/A,v6,fe80::24f1:23ff:fe29:66,ff02::204,N/A,N/A,N/A,N/A,N/A,N/A,,,1
1759293443,eth0,111,Ethernet,N/A,N/A,N/A,N/A,N/A,N/A,N/A,N/A,N/A,N/A,N/A,N/A,,,1
1759293443,any,113,N/A,N/A,N/A,N/A,N/A,N/A,N/A,N/A,N/A,N/A,N/A,N/A,N/A,,,1
1759293443,any,92,N/A,IPv6,ICMP,N/A,v6,fe80::24f1:23ff:fe29:66,ff02::179,N/A,N/A,N/A,N/A,N/A,N/A,,,1
1759293443,eth0,90,Ethernet,IPv6,ICMP,N/A,v6,fe80::24f1:23ff:fe29:66,ff02::179,N/A,N/A,N/A,N/A,N/A,N/A,,,1
1759293443,eth0,54,Ethernet,IPv4,N/A,N/A,v4,172.30.0.23,224.0.0.22,N/A,N/A,N/A,N/A,N/A,N/A,,,1
1759293443,eth0,87,Ethernet,IPv6,UDP,N/A,v6,fe80::24f1:23ff:fe29:66,ff02::1:52,5355,5355,N/A,N/A,N/A,N/A,,,1
1759293443,any,89,N/A,IPv6,UDP,N/A,v6,fe80::24f1:23ff:fe29:66,ff02::1:52,5355,5355,N/A,N/A,N/A,N/A,,,1
1759293444,eth0,90,Ethernet,IPv6,ICMP,N/A,v6,fe80::5ca9:83ff:fe87:27,ff02::179,N/A,N/A,N/A,N/A,N/A,N/A,,,0
1759293444,eth0,54,Ethernet,IPv4,N/A,N/A,v4,172.30.0.220,224.0.0.22,N/A,N/A,N/A,N/A,N/A,N/A,,,0
1759293444,any,92,N/A,IPv6,ICMP,N/A,v6,fe80::5ca9:83ff:fe87:27,ff02::179,N/A,N/A,N/A,N/A,N/A,N/A,,,0
1759293444,eth0,356,Ethernet,IPv4,UDP,N/A,v4,0.0.0.0,255.255.255.255,68,67,N/A,N/A,N/A,N/A,,,0
1759293444,any,358,N/A,IPv4,UDP,N/A,v4,0.0.0.0,255.255.255.255,68,67,N/A,N/A,N/A,N/A,,,0
1759293444,eth0,368,Ethernet,IPv4,UDP,N/A,v4,0.0.0.0,255.255.255.255,68,67,N/A,N/A,N/A,N/A,,,0
1759293444,any,370,N/A,IPv4,UDP,N/A,v4,0.0.0.0,255.255.255.255,68,67,N/A,N/A,N/A,N/A,,,0
1759293444,eth1,110,Ethernet,IPv6,ICMP,N/A,v6,fe80::a824:52ff:fe4f:69,ff02::179,N/A,N/A,N/A,N/A,N/A,N/A,,,0
1759293444,any,56,N/A,IPv4,N/A,N/A,v4,172.30.0.220,224.0.0.22,N/A,N/A,N/A,N/A,N/A,N/A,,,0
1759293444,eth0,54,Ethernet,IPv4,N/A,N/A,v4,172.30.0.220,224.0.0.22,N/A,N/A,N/A,N/A,N/A,N/A,,,0
1759293444,eth0,356,Ethernet,IPv4,UDP,N/A,v4,0.0.0.0,255.255.255.255,68,67,N/A,N/A,N/A,N/A,,,1
1759293444,any,358,N/A,IPv4,UDP,N/A,v4,0.0.0.0,255.255.255.255,68,67,N/A,N/A,N/A,N/A,,,1
1759293444,any,370,N/A,IPv4,UDP,N/A,v4,0.0.0.0,255.255.255.255,68,67,N/A,N/A,N/A,N/A,,,1
1759293444,eth0,368,Ethernet,IPv4,UDP,N/A,v4,0.0.0.0,255.255.255.255,68,67,N/A,N/A,N/A,N/A,,,1
1759293444,any,112,N/A,IPv6,ICMP,N/A,v6,fe80::7827:e3ff:fe68:239,ff02::179,N/A,N/A,N/A,N/A,N/A,N/A,,,1
1759293444,any,56,N/A,IPv4,N/A,N/A,v4,172.30.0.23,224.0.0.22,N/A,N/A,N/A,N/A,N/A,N/A,,,1
1759293444,eth1,110,Ethernet,IPv6,ICMP,N/A,v6,fe80::7827:e3ff:fe68:239,ff02::179,N/A,N/A,N/A,N/A,N/A,N/A,,,1
1759293444,eth0,54,Ethernet,IPv4,N/A,N/A,v4,172.30.0.23,224.0.0.22,N/A,N/A,N/A,N/A,N/A,N/A,,,1
1759293444,eth0,42,Ethernet,N/A,N/A,N/A,N/A,N/A,N/A,N/A,N/A,N/A,N/A,N/A,N/A,,,1
1759293444,eth0,110,Ethernet,IPv6,ICMP,N/A,v6,fe80::24f1:23ff:fe29:66,ff02::179,N/A,N/A,N/A,N/A,N/A,N/A,,,1
1759293444,any,112,N/A,IPv6,ICMP,N/A,v6,fe80::24f1:23ff:fe29:66,ff02::179,N/A,N/A,N/A,N/A,N/A,N/A,,,1
1759293444,any,112,N/A,IPv6,ICMP,N/A,v6,fe80::780a:a9ff:fee6:89,ff02::179,N/A,N/A,N/A,N/A,N/A,N/A,,,1
1759293444,eth1,110,Ethernet,IPv6,ICMP,N/A,v6,fe80::780a:a9ff:fee6:89,ff02::179,N/A,N/A,N/A,N/A,N/A,N/A,,,1
1759293444,eth0,70,Ethernet,IPv6,ICMP,N/A,v6,fe80::b0b5:44ff:feea:219,ff02::204,N/A,N/A,N/A,N/A,N/A,N/A,,,1
1759293444,eth1,70,Ethernet,IPv6,ICMP,N/A,v6,fe80::780a:a9ff:fee6:89,ff02::204,N/A,N/A,N/A,N/A,N/A,N/A,,,1
1759293444,any,72,N/A,IPv6,ICMP,N/A,v6,fe80::b0b5:44ff:feea:219,ff02::204,N/A,N/A,N/A,N/A,N/A,N/A,,,1
1759293444,eth0,90,Ethernet,IPv6,ICMP,N/A,v6,fe80::e48e:99ff:fe5f:147,ff02::179,N/A,N/A,N/A,N/A,N/A,N/A,,,1
1759293444,eth0,54,Ethernet,IPv4,N/A,N/A,v4,172.30.0.220,224.0.0.22,N/A,N/A,N/A,N/A,N/A,N/A,,,1
1759293444,any,92,N/A,IPv6,ICMP,N/A,v6,fe80::e48e:99ff:fe5f:147,ff02::179,N/A,N/A,N/A,N/A,N/A,N/A,,,1
1759293444,eth0,90,Ethernet,IPv6,ICMP,N/A,v6,fe80::ecf9:eff:fefb:55,ff02::179,N/A,N/A,N/A,N/A,N/A,N/A,,,1
1759293444,eth0,56,Ethernet,IPv4,N/A,N/A,v4,172.30.0.89,224.0.0.22,N/A,N/A,N/A,N/A,N/A,N/A,,,1
1759293444,any,92,N/A,IPv6,ICMP,N/A,v6,fe80::ecf9:eff:fefb:55,ff02::179,N/A,N/A,N/A,N/A,N/A,N/A,,,1
1759293444,any,58,N/A,IPv4,N/A,N/A,v4,172.30.0.89,224.0.0.22,N/A,N/A,N/A,N/A,N/A,N/A,,,1
1759293444,eth0,67,Ethernet,IPv4,UDP,N/A,v4,172.30.0.89,224.0.0.252,5355,5355,N/A,N/A,N/A,N/A,,,1
1759293444,eth0,360,Ethernet,IPv4,UDP,N/A,v4,0.0.0.0,255.255.255.255,68,67,N/A,N/A,N/A,N/A,,,1
1759293444,any,69,N/A,IPv4,UDP,N/A,v4,172.30.0.89,224.0.0.252,5355,5355,N/A,N/A,N/A,N/A,,,1
1759293444,any,362,N/A,IPv4,UDP,N/A,v4,0.0.0.0,255.255.255.255,68,67,N/A,N/A,N/A,N/A,,,1
1759293444,eth0,372,Ethernet,IPv4,UDP,N/A,v4,0.0.0.0,255.255.255.255,68,67,N/A,N/A,N/A,N/A,,,1
1759293444,any,374,N/A,IPv4,UDP,N/A,v4,0.0.0.0,255.255.255.255,68,67,N/A,N/A,N/A,N/A,,,1
1759293444,eth2,110,Ethernet,IPv6,ICMP,N/A,v6,fe80::dcac:f9ff:fe59:60,ff02::179,N/A,N/A,N/A,N/A,N/A,N/A,,,1
1759293444,any,112,N/A,IPv6,ICMP,N/A,v6,fe80::f056:abff:fe65:143,ff02::179,N/A,N/A,N/A,N/A,N/A,N/A,,,1
1759293444,any,44,ARP,N/A,N/A,N/A,N/A,N/A,N/A,N/A,N/A,1,2048,172.30.0.220,172.30.0.122,,,1
1759293444,any,58,ARP,N/A,N/A,N/A,N/A,N/A,N/A,N/A,N/A,2,2048,172.30.0.122,172.30.0.220,,,1
1759293444,any,58,ARP,N/A,N/A,N/A,N/A,N/A,N/A,N/A,N/A,2,2048,172.30.0.122,172.30.0.220,,,1
1759293444,any,112,N/A,IPv6,ICMP,N/A,v6,fe80::e48e:99ff:fe5f:147,ff02::179,N/A,N/A,N/A,N/A,N/A,N/A,,,1
1759293444,eth1,110,Ethernet,IPv6,ICMP,N/A,v6,fe80::f056:abff:fe65:143,ff02::179,N/A,N/A,N/A,N/A,N/A,N/A,,,1
1759293444,eth0,42,Ethernet,N/A,N/A,N/A,N/A,N/A,N/A,N/A,N/A,N/A,N/A,N/A,N/A,,,1
1759293444,eth0,56,Ethernet,N/A,N/A,N/A,N/A,N/A,N/A,N/A,N/A,N/A,N/A,N/A,N/A,,,1
1759293444,eth0,56,Ethernet,N/A,N/A,N/A,N/A,N/A,N/A,N/A,N/A,N/A,N/A,N/A,N/A,,,1
1759293444,eth0,110,Ethernet,IPv6,ICMP,N/A,v6,fe80::e48e:99ff:fe5f:147,ff02::179,N/A,N/A,N/A,N/A,N/A,N/A,,,1
1759293444,eth0,54,Ethernet,IPv4,N/A,N/A,v4,172.30.0.220,224.0.0.22,N/A,N/A,N/A,N/A,N/A,N/A,,,1
1759293444,any,358,N/A,IPv4,UDP,N/A,v4,0.0.0.0,255.255.255.255,68,67,N/A,N/A,N/A,N/A,,,1
1759293444,eth0,356,Ethernet,IPv4,UDP,N/A,v4,0.0.0.0,255.255.255.255,68,67,N/A,N/A,N/A,N/A,,,1
1759293444,eth0,368,Ethernet,IPv4,UDP,N/A,v4,0.0.0.0,255.255.255.255,68,67,N/A,N/A,N/A,N/A,,,1
1759293444,any,370,N/A,IPv4,UDP,N/A,v4,0.0.0.0,255.255.255.255,68,67,N/A,N/A,N/A,N/A,,,1
1759293444,any,112,N/A,IPv6,ICMP,N/A,v6,fe80::103b:bdff:fef0:169,ff02::179,N/A,N/A,N/A,N/A,N/A,N/A,,,1
1759293444,eth1,110,Ethernet,IPv6,ICMP,N/A,v6,fe80::103b:bdff:fef0:169,ff02::179,N/A,N/A,N/A,N/A,N/A,N/A,,,1
1759293444,eth0,110,Ethernet,IPv6,ICMP,N/A,v6,fe80::ecf9:eff:fefb:55,ff02::179,N/A,N/A,N/A,N/A,N/A,N/A,,,1
1759293444,eth0,56,Ethernet,IPv4,N/A,N/A,v4,172.30.0.89,224.0.0.22,N/A,N/A,N/A,N/A,N/A,N/A,,,1
1759293444,any,112,N/A,IPv6,ICMP,N/A,v6,fe80::ecf9:eff:fefb:55,ff02::179,N/A,N/A,N/A,N/A,N/A,N/A,,,1
1759293444,any,58,N/A,IPv4,N/A,N/A,v4,172.30.0.89,224.0.0.22,N/A,N/A,N/A,N/A,N/A,N/A,,,1
1759293444,any,112,N/A,IPv6,ICMP,N/A,v6,fe80::24f1:23ff:fe29:66,ff02::179,N/A,N/A,N/A,N/A,N/A,N/A,,,1
1759293444,eth0,110,Ethernet,IPv6,ICMP,N/A,v6,fe80::24f1:23ff:fe29:66,ff02::179,N/A,N/A,N/A,N/A,N/A,N/A,,,1
1759293444,any,112,N/A,IPv6,ICMP,N/A,v6,fe80::e48e:99ff:fe5f:147,ff02::179,N/A,N/A,N/A,N/A,N/A,N/A,,,1
1759293444,eth0,110,Ethernet,IPv6,ICMP,N/A,v6,fe80::e48e:99ff:fe5f:147,ff02::179,N/A,N/A,N/A,N/A,N/A,N/A,,,1
1759293444,any,58,ARP,N/A,N/A,N/A,N/A,N/A,N/A,N/A,N/A,1,2048,172.30.0.89,172.30.0.122,,,1
1759293444,eth0,56,Ethernet,N/A,N/A,N/A,N/A,N/A,N/A,N/A,N/A,N/A,N/A,N/A,N/A,,,1
1759293444,eth0,54,Ethernet,IPv4,N/A,N/A,v4,172.30.0.23,224.0.0.22,N/A,N/A,N/A,N/A,N/A,N/A,,,1
1759293444,any,56,N/A,IPv4,N/A,N/A,v4,172.30.0.23,224.0.0.22,N/A,N/A,N/A,N/A,N/A,N/A,,,1
1759293444,any,58,N/A,IPv4,N/A,N/A,v4,172.30.0.89,224.0.0.22,N/A,N/A,N/A,N/A,N/A,N/A,,,1
1759293444,eth0,56,Ethernet,IPv4,N/A,N/A,v4,172.30.0.89,224.0.0.22,N/A,N/A,N/A,N/A,N/A,N/A,,,1
1759293444,any,112,N/A,IPv6,ICMP,N/A,v6,fe80::7827:e3ff:fe68:239,ff02::179,N/A,N/A,N/A,N/A,N/A,N/A,,,1
1759293444,eth1,110,Ethernet,IPv6,ICMP,N/A,v6,fe80::7827:e3ff:fe68:239,ff02::179,N/A,N/A,N/A,N/A,N/A,N/A,,,1
1759293444,eth0,42,Ethernet,N/A,N/A,N/A,N/A,N/A,N/A,N/A,N/A,N/A,N/A,N/A,N/A,,,0
1759293444,eth0,56,Ethernet,N/A,N/A,N/A,N/A,N/A,N/A,N/A,N/A,N/A,N/A,N/A,N/A,,,0
1759293444,eth0,56,Ethernet,N/A,N/A,N/A,N/A,N/A,N/A,N/A,N/A,N/A,N/A,N/A,N/A,,,0
1759293444,eth0,110,Ethernet,IPv6,ICMP,N/A,v6,fe80::5ca9:83ff:fe87:27,ff02::179,N/A,N/A,N/A,N/A,N/A,N/A,,,0
1759293444,any,44,ARP,N/A,N/A,N/A,N/A,N/A,N/A,N/A,N/A,1,2048,172.30.0.220,172.30.0.122,,,0
1759293444,any,58,ARP,N/A,N/A,N/A,N/A,N/A,N/A,N/A,N/A,2,2048,172.30.0.122,172.30.0.220,,,0
1759293444,any,112,N/A,IPv6,ICMP,N/A,v6,fe80::5ca9:83ff:fe87:27,ff02::179,N/A,N/A,N/A,N/A,N/A,N/A,,,0
1759293445,eth0,70,Ethernet,IPv6,ICMP,N/A,v6,fe80::24f1:23ff:fe29:66,ff02::204,N/A,N/A,N/A,N/A,N/A,N/A,,,1
1759293445,eth1,70,Ethernet,IPv6,ICMP,N/A,v6,fe80::7827:e3ff:fe68:239,ff02::204,N/A,N/A,N/A,N/A,N/A,N/A,,,1
1759293445,any,72,N/A,IPv6,ICMP,N/A,v6,fe80::24f1:23ff:fe29:66,ff02::204,N/A,N/A,N/A,N/A,N/A,N/A,,,1
1759293445,eth0,54,Ethernet,IPv4,N/A,N/A,v4,172.30.0.220,224.0.0.22,N/A,N/A,N/A,N/A,N/A,N/A,,,1
1759293445,any,56,N/A,IPv4,N/A,N/A,v4,172.30.0.220,224.0.0.22,N/A,N/A,N/A,N/A,N/A,N/A,,,1
1759293445,any,112,N/A,IPv6,ICMP,N/A,v6,fe80::ecf9:eff:fefb:55,ff02::179,N/A,N/A,N/A,N/A,N/A,N/A,,,1
1759293445,eth0,110,Ethernet,IPv6,ICMP,N/A,v6,fe80::ecf9:eff:fefb:55,ff02::179,N/A,N/A,N/A,N/A,N/A,N/A,,,1
1759293445,any,112,N/A,IPv6,ICMP,N/A,v6,fe80::103b:bdff:fef0:169,ff02::179,N/A,N/A,N/A,N/A,N/A,N/A,,,1
1759293445,eth1,110,Ethernet,IPv6,ICMP,N/A,v6,fe80::103b:bdff:fef0:169,ff02::179,N/A,N/A,N/A,N/A,N/A,N/A,,,1
1759293445,any,112,N/A,IPv6,ICMP,N/A,v6,fe80::dcac:f9ff:fe59:60,ff02::179,N/A,N/A,N/A,N/A,N/A,N/A,,,1
1759293445,eth2,110,Ethernet,IPv6,ICMP,N/A,v6,fe80::dcac:f9ff:fe59:60,ff02::179,N/A,N/A,N/A,N/A,N/A,N/A,,,1
1759293445,eth0,111,Ethernet,N/A,N/A,N/A,N/A,N/A,N/A,N/A,N/A,N/A,N/A,N/A,N/A,,,1
1759293445,eth2,70,Ethernet,IPv6,ICMP,N/A,v6,fe80::dcac:f9ff:fe59:60,ff02::204,N/A,N/A,N/A,N/A,N/A,N/A,,,1
1759293445,any,72,N/A,IPv6,ICMP,N/A,v6,fe80::dcac:f9ff:fe59:60,ff02::204,N/A,N/A,N/A,N/A,N/A,N/A,,,1
1759293445,any,113,N/A,N/A,N/A,N/A,N/A,N/A,N/A,N/A,N/A,N/A,N/A,N/A,N/A,,,1
1759293445,eth1,70,Ethernet,IPv6,ICMP,N/A,v6,fe80::f056:abff:fe65:143,ff02::204,N/A,N/A,N/A,N/A,N/A,N/A,,,1
1759293445,any,72,N/A,IPv6,ICMP,N/A,v6,fe80::e48e:99ff:fe5f:147,ff02::204,N/A,N/A,N/A,N/A,N/A,N/A,,,1
1759293445,any,72,N/A,IPv6,ICMP,N/A,v6,fe80::f056:abff:fe65:143,ff02::204,N/A,N/A,N/A,N/A,N/A,N/A,,,1
1759293445,eth0,70,Ethernet,IPv6,ICMP,N/A,v6,fe80::e48e:99ff:fe5f:147,ff02::204,N/A,N/A,N/A,N/A,N/A,N/A,,,1
1759293445,eth1,70,Ethernet,IPv6,ICMP,N/A,v6,fe80::103b:bdff:fef0:169,ff02::204,N/A,N/A,N/A,N/A,N/A,N/A,,,1
1759293445,eth0,70,Ethernet,IPv6,ICMP,N/A,v6,fe80::ecf9:eff:fefb:55,ff02::204,N/A,N/A,N/A,N/A,N/A,N/A,,,1
1759293445,any,72,N/A,IPv6,ICMP,N/A,v6,fe80::ecf9:eff:fefb:55,ff02::204,N/A,N/A,N/A,N/A,N/A,N/A,,,1
1759293445,any,72,N/A,IPv6,ICMP,N/A,v6,fe80::103b:bdff:fef0:169,ff02::204,N/A,N/A,N/A,N/A,N/A,N/A,,,1
1759293445,any,112,N/A,IPv6,ICMP,N/A,v6,fe80::f056:abff:fe65:143,ff02::179,N/A,N/A,N/A,N/A,N/A,N/A,,,1
1759293445,eth1,110,Ethernet,IPv6,ICMP,N/A,v6,fe80::f056:abff:fe65:143,ff02::179,N/A,N/A,N/A,N/A,N/A,N/A,,,1
1759293445,any,56,N/A,IPv4,N/A,N/A,v4,172.30.0.220,224.0.0.22,N/A,N/A,N/A,N/A,N/A,N/A,,,0
1759293445,eth0,54,Ethernet,IPv4,N/A,N/A,v4,172.30.0.220,224.0.0.22,N/A,N/A,N/A,N/A,N/A,N/A,,,0
1759293445,any,112,N/A,IPv6,ICMP,N/A,v6,fe80::a824:52ff:fe4f:69,ff02::179,N/A,N/A,N/A,N/A,N/A,N/A,,,0
1759293445,eth1,110,Ethernet,IPv6,ICMP,N/A,v6,fe80::a824:52ff:fe4f:69,ff02::179,N/A,N/A,N/A,N/A,N/A,N/A,,,0
1759293445,any,112,N/A,IPv6,ICMP,N/A,v6,fe80::5ca9:83ff:fe87:27,ff02::179,N/A,N/A,N/A,N/A,N/A,N/A,,,0
1759293445,eth0,110,Ethernet,IPv6,ICMP,N/A,v6,fe80::5ca9:83ff:fe87:27,ff02::179,N/A,N/A,N/A,N/A,N/A,N/A,,,0
1759293445,any,72,N/A,IPv6,ICMP,N/A,v6,fe80::a824:52ff:fe4f:69,ff02::204,N/A,N/A,N/A,N/A,N/A,N/A,,,0
1759293445,eth1,70,Ethernet,IPv6,ICMP,N/A,v6,fe80::a824:52ff:fe4f:69,ff02::204,N/A,N/A,N/A,N/A,N/A,N/A,,,0
1759293445,eth0,70,Ethernet,IPv6,ICMP,N/A,v6,fe80::5ca9:83ff:fe87:27,ff02::204,N/A,N/A,N/A,N/A,N/A,N/A,,,0
1759293446,eth0,111,Ethernet,N/A,N/A,N/A,N/A,N/A,N/A,N/A,N/A,N/A,N/A,N/A,N/A,,,1
1759293446,any,113,N/A,N/A,N/A,N/A,N/A,N/A,N/A,N/A,N/A,N/A,N/A,N/A,N/A,,,1
1759293446,eth0,107,Ethernet,N/A,N/A,N/A,N/A,N/A,N/A,N/A,N/A,N/A,N/A,N/A,N/A,,,0
1759293446,any,109,N/A,N/A,N/A,N/A,N/A,N/A,N/A,N/A,N/A,N/A,N/A,N/A,N/A,,,0
1759293447,any,92,N/A,IPv6,ICMP,N/A,v6,fe80::b0b5:44ff:feea:219,ff02::179,N/A,N/A,N/A,N/A,N/A,N/A,,,1
1759293447,any,56,N/A,IPv4,N/A,N/A,v4,172.30.0.163,224.0.0.22,N/A,N/A,N/A,N/A,N/A,N/A,,,1
1759293447,eth0,90,Ethernet,IPv6,ICMP,N/A,v6,fe80::b0b5:44ff:feea:219,ff02::179,N/A,N/A,N/A,N/A,N/A,N/A,,,1
1759293447,eth0,54,Ethernet,IPv4,N/A,N/A,v4,172.30.0.163,224.0.0.22,N/A,N/A,N/A,N/A,N/A,N/A,,,1
1759293447,eth0,68,Ethernet,IPv4,UDP,N/A,v4,172.30.0.163,224.0.0.252,5355,5355,N/A,N/A,N/A,N/A,,,1
1759293447,any,70,N/A,IPv4,UDP,N/A,v4,172.30.0.163,224.0.0.252,5355,5355,N/A,N/A,N/A,N/A,,,1
1759293447,eth0,357,Ethernet,IPv4,UDP,N/A,v4,0.0.0.0,255.255.255.255,68,67,N/A,N/A,N/A,N/A,,,1
1759293447,any,359,N/A,IPv4,UDP,N/A,v4,0.0.0.0,255.255.255.255,68,67,N/A,N/A,N/A,N/A,,,1
1759293447,any,371,N/A,IPv4,UDP,N/A,v4,0.0.0.0,255.255.255.255,68,67,N/A,N/A,N/A,N/A,,,1
1759293447,eth0,369,Ethernet,IPv4,UDP,N/A,v4,0.0.0.0,255.255.255.255,68,67,N/A,N/A,N/A,N/A,,,1
1759293447,any,112,N/A,IPv6,ICMP,N/A,v6,fe80::780a:a9ff:fee6:89,ff02::179,N/A,N/A,N/A,N/A,N/A,N/A,,,1
1759293447,eth1,110,Ethernet,IPv6,ICMP,N/A,v6,fe80::780a:a9ff:fee6:89,ff02::179,N/A,N/A,N/A,N/A,N/A,N/A,,,1
1759293447,eth0,110,Ethernet,IPv6,ICMP,N/A,v6,fe80::b0b5:44ff:feea:219,ff02::179,N/A,N/A,N/A,N/A,N/A,N/A,,,1
1759293447,eth0,54,Ethernet,IPv4,N/A,N/A,v4,172.30.0.163,224.0.0.22,N/A,N/A,N/A,N/A,N/A,N/A,,,1
1759293447,any,112,N/A,IPv6,ICMP,N/A,v6,fe80::b0b5:44ff:feea:219,ff02::179,N/A,N/A,N/A,N/A,N/A,N/A,,,1
1759293447,any,113,N/A,N/A,N/A,N/A,N/A,N/A,N/A,N/A,N/A,N/A,N/A,N/A,N/A,,,1
1759293447,eth0,111,Ethernet,N/A,N/A,N/A,N/A,N/A,N/A,N/A,N/A,N/A,N/A,N/A,N/A,,,1
1759293447,eth0,54,Ethernet,IPv4,N/A,N/A,v4,172.30.0.163,224.0.0.22,N/A,N/A,N/A,N/A,N/A,N/A,,,1
1759293447,any,56,N/A,IPv4,N/A,N/A,v4,172.30.0.163,224.0.0.22,N/A,N/A,N/A,N/A,N/A,N/A,,,1
1759293447,any,112,N/A,IPv6,ICMP,N/A,v6,fe80::780a:a9ff:fee6:89,ff02::179,N/A,N/A,N/A,N/A,N/A,N/A,,,1
1759293447,eth1,110,Ethernet,IPv6,ICMP,N/A,v6,fe80::780a:a9ff:fee6:89,ff02::179,N/A,N/A,N/A,N/A,N/A,N/A,,,1
1759293447,eth0,107,Ethernet,N/A,N/A,N/A,N/A,N/A,N/A,N/A,N/A,N/A,N/A,N/A,N/A,,,0
1759293447,any,109,N/A,N/A,N/A,N/A,N/A,N/A,N/A,N/A,N/A,N/A,N/A,N/A,N/A,,,0
1759293448,any,92,N/A,IPv6,ICMP,N/A,v6,fe80::24f1:23ff:fe29:66,ff02::179,N/A,N/A,N/A,N/A,N/A,N/A,,,1
1759293448,eth0,90,Ethernet,IPv6,ICMP,N/A,v6,fe80::24f1:23ff:fe29:66,ff02::179,N/A,N/A,N/A,N/A,N/A,N/A,,,1
1759293448,eth0,54,Ethernet,IPv4,N/A,N/A,v4,172.30.0.23,224.0.0.22,N/A,N/A,N/A,N/A,N/A,N/A,,,1
1759293448,any,44,ARP,N/A,N/A,N/A,N/A,N/A,N/A,N/A,N/A,1,2048,172.30.0.163,172.30.0.122,,,1
1759293448,eth0,42,Ethernet,N/A,N/A,N/A,N/A,N/A,N/A,N/A,N/A,N/A,N/A,N/A,N/A,,,1
1759293448,eth0,70,Ethernet,IPv6,ICMP,N/A,v6,fe80::b0b5:44ff:feea:219,ff02::204,N/A,N/A,N/A,N/A,N/A,N/A,,,1
1759293448,any,72,N/A,IPv6,ICMP,N/A,v6,fe80::b0b5:44ff:feea:219,ff02::204,N/A,N/A,N/A,N/A,N/A,N/A,,,1
1759293448,any,72,N/A,IPv6,ICMP,N/A,v6,fe80::780a:a9ff:fee6:89,ff02::204,N/A,N/A,N/A,N/A,N/A,N/A,,,1
1759293448,eth1,70,Ethernet,IPv6,ICMP,N/A,v6,fe80::780a:a9ff:fee6:89,ff02::204,N/A,N/A,N/A,N/A,N/A,N/A,,,1
1759293448,any,358,N/A,IPv4,UDP,N/A,v4,0.0.0.0,255.255.255.255,68,67,N/A,N/A,N/A,N/A,,,1
1759293448,eth0,356,Ethernet,IPv4,UDP,N/A,v4,0.0.0.0,255.255.255.255,68,67,N/A,N/A,N/A,N/A,,,1
1759293448,any,370,N/A,IPv4,UDP,N/A,v4,0.0.0.0,255.255.255.255,68,67,N/A,N/A,N/A,N/A,,,1
1759293448,eth0,368,Ethernet,IPv4,UDP,N/A,v4,0.0.0.0,255.255.255.255,68,67,N/A,N/A,N/A,N/A,,,1
1759293448,any,112,N/A,IPv6,ICMP,N/A,v6,fe80::7827:e3ff:fe68:239,ff02::179,N/A,N/A,N/A,N/A,N/A,N/A,,,1
1759293448,eth1,110,Ethernet,IPv6,ICMP,N/A,v6,fe80::7827:e3ff:fe68:239,ff02::179,N/A,N/A,N/A,N/A,N/A,N/A,,,1
1759293448,eth0,42,Ethernet,N/A,N/A,N/A,N/A,N/A,N/A,N/A,N/A,N/A,N/A,N/A,N/A,,,1
1759293448,any,112,N/A,IPv6,ICMP,N/A,v6,fe80::24f1:23ff:fe29:66,ff02::179,N/A,N/A,N/A,N/A,N/A,N/A,,,1
1759293448,eth0,110,Ethernet,IPv6,ICMP,N/A,v6,fe80::24f1:23ff:fe29:66,ff02::179,N/A,N/A,N/A,N/A,N/A,N/A,,,1
1759293448,eth0,54,Ethernet,IPv4,N/A,N/A,v4,172.30.0.23,224.0.0.22,N/A,N/A,N/A,N/A,N/A,N/A,,,1
1759293448,any,109,N/A,N/A,N/A,N/A,N/A,N/A,N/A,N/A,N/A,N/A,N/A,N/A,N/A,,,0
1759293448,eth0,107,Ethernet,N/A,N/A,N/A,N/A,N/A,N/A,N/A,N/A,N/A,N/A,N/A,N/A,,,0
1759293448,eth0,110,Ethernet,IPv6,ICMP,N/A,v6,fe80::b0b5:44ff:feea:219,ff02::179,N/A,N/A,N/A,N/A,N/A,N/A,,,1
1759293448,any,112,N/A,IPv6,ICMP,N/A,v6,fe80::b0b5:44ff:feea:219,ff02::179,N/A,N/A,N/A,N/A,N/A,N/A,,,1
1759293448,eth0,110,Ethernet,IPv6,ICMP,N/A,v6,fe80::24f1:23ff:fe29:66,ff02::179,N/A,N/A,N/A,N/A,N/A,N/A,,,1
1759293448,any,112,N/A,IPv6,ICMP,N/A,v6,fe80::24f1:23ff:fe29:66,ff02::179,N/A,N/A,N/A,N/A,N/A,N/A,,,1
1759293448,any,113,N/A,N/A,N/A,N/A,N/A,N/A,N/A,N/A,N/A,N/A,N/A,N/A,N/A,,,1
1759293448,eth0,111,Ethernet,N/A,N/A,N/A,N/A,N/A,N/A,N/A,N/A,N/A,N/A,N/A,N/A,,,1
1759293448,any,56,N/A,IPv4,N/A,N/A,v4,172.30.0.23,224.0.0.22,N/A,N/A,N/A,N/A,N/A,N/A,,,1
1759293448,eth0,54,Ethernet,IPv4,N/A,N/A,v4,172.30.0.23,224.0.0.22,N/A,N/A,N/A,N/A,N/A,N/A,,,1
1759293448,any,112,N/A,IPv6,ICMP,N/A,v6,fe80::7827:e3ff:fe68:239,ff02::179,N/A,N/A,N/A,N/A,N/A,N/A,,,1
1759293448,eth1,110,Ethernet,IPv6,ICMP,N/A,v6,fe80::7827:e3ff:fe68:239,ff02::179,N/A,N/A,N/A,N/A,N/A,N/A,,,1
1759293449,eth0,107,Ethernet,N/A,N/A,N/A,N/A,N/A,N/A,N/A,N/A,N/A,N/A,N/A,N/A,,,0
1759293449,eth0,70,Ethernet,IPv6,ICMP,N/A,v6,fe80::5ca9:83ff:fe87:27,ff02::204,N/A,N/A,N/A,N/A,N/A,N/A,,,0
1759293449,any,109,N/A,N/A,N/A,N/A,N/A,N/A,N/A,N/A,N/A,N/A,N/A,N/A,N/A,,,0
1759293449,any,72,N/A,IPv6,ICMP,N/A,v6,fe80::24f1:23ff:fe29:66,ff02::204,N/A,N/A,N/A,N/A,N/A,N/A,,,1
1759293449,eth1,70,Ethernet,IPv6,ICMP,N/A,v6,fe80::7827:e3ff:fe68:239,ff02::204,N/A,N/A,N/A,N/A,N/A,N/A,,,1
1759293449,eth0,70,Ethernet,IPv6,ICMP,N/A,v6,fe80::24f1:23ff:fe29:66,ff02::204,N/A,N/A,N/A,N/A,N/A,N/A,,,1
1759293449,any,72,N/A,IPv6,ICMP,N/A,v6,fe80::dcac:f9ff:fe59:60,ff02::204,N/A,N/A,N/A,N/A,N/A,N/A,,,1
1759293449,eth2,70,Ethernet,IPv6,ICMP,N/A,v6,fe80::dcac:f9ff:fe59:60,ff02::204,N/A,N/A,N/A,N/A,N/A,N/A,,,1
1759293449,any,72,N/A,IPv6,ICMP,N/A,v6,fe80::103b:bdff:fef0:169,ff02::204,N/A,N/A,N/A,N/A,N/A,N/A,,,1
1759293449,eth1,70,Ethernet,IPv6,ICMP,N/A,v6,fe80::103b:bdff:fef0:169,ff02::204,N/A,N/A,N/A,N/A,N/A,N/A,,,1
1759293449,any,72,N/A,IPv6,ICMP,N/A,v6,fe80::e48e:99ff:fe5f:147,ff02::204,N/A,N/A,N/A,N/A,N/A,N/A,,,1
1759293449,eth0,70,Ethernet,IPv6,ICMP,N/A,v6,fe80::e48e:99ff:fe5f:147,ff02::204,N/A,N/A,N/A,N/A,N/A,N/A,,,1
1759293449,eth0,90,Ethernet,IPv6,ICMP,N/A,v6,fe80::ecf9:eff:fefb:55,ff02::179,N/A,N/A,N/A,N/A,N/A,N/A,,,1
1759293449,eth0,56,Ethernet,IPv4,N/A,N/A,v4,172.30.0.89,224.0.0.22,N/A,N/A,N/A,N/A,N/A,N/A,,,1
1759293449,any,92,N/A,IPv6,ICMP,N/A,v6,fe80::ecf9:eff:fefb:55,ff02::179,N/A,N/A,N/A,N/A,N/A,N/A,,,1
1759293449,eth0,90,Ethernet,IPv6,ICMP,N/A,v6,fe80::e48e:99ff:fe5f:147,ff02::179,N/A,N/A,N/A,N/A,N/A,N/A,,,1
1759293449,eth0,54,Ethernet,IPv4,N/A,N/A,v4,172.30.0.220,224.0.0.22,N/A,N/A,N/A,N/A,N/A,N/A,,,1
1759293449,any,92,N/A,IPv6,ICMP,N/A,v6,fe80::e48e:99ff:fe5f:147,ff02::179,N/A,N/A,N/A,N/A,N/A,N/A,,,1
1759293449,eth0,360,Ethernet,IPv4,UDP,N/A,v4,0.0.0.0,255.255.255.255,68,67,N/A,N/A,N/A,N/A,,,1
1759293449,any,362,N/A,IPv4,UDP,N/A,v4,0.0.0.0,255.255.255.255,68,67,N/A,N/A,N/A,N/A,,,1
1759293449,eth0,372,Ethernet,IPv4,UDP,N/A,v4,0.0.0.0,255.255.255.255,68,67,N/A,N/A,N/A,N/A,,,1
1759293449,any,374,N/A,IPv4,UDP,N/A,v4,0.0.0.0,255.255.255.255,68,67,N/A,N/A,N/A,N/A,,,1
1759293449,eth0,42,Ethernet,N/A,N/A,N/A,N/A,N/A,N/A,N/A,N/A,N/A,N/A,N/A,N/A,,,1
1759293449,any,112,N/A,IPv6,ICMP,N/A,v6,fe80::f056:abff:fe65:143,ff02::179,N/A,N/A,N/A,N/A,N/A,N/A,,,1
1759293449,eth1,110,Ethernet,IPv6,ICMP,N/A,v6,fe80::f056:abff:fe65:143,ff02::179,N/A,N/A,N/A,N/A,N/A,N/A,,,1
1759293449,eth2,110,Ethernet,IPv6,ICMP,N/A,v6,fe80::dcac:f9ff:fe59:60,ff02::179,N/A,N/A,N/A,N/A,N/A,N/A,,,1
1759293449,eth0,56,Ethernet,N/A,N/A,N/A,N/A,N/A,N/A,N/A,N/A,N/A,N/A,N/A,N/A,,,1
1759293449,eth0,56,Ethernet,N/A,N/A,N/A,N/A,N/A,N/A,N/A,N/A,N/A,N/A,N/A,N/A,,,1
1759293449,any,58,ARP,N/A,N/A,N/A,N/A,N/A,N/A,N/A,N/A,2,2048,172.30.0.122,172.30.0.220,,,1
1759293449,any,58,ARP,N/A,N/A,N/A,N/A,N/A,N/A,N/A,N/A,2,2048,172.30.0.122,172.30.0.220,,,1
1759293449,eth0,110,Ethernet,IPv6,ICMP,N/A,v6,fe80::e48e:99ff:fe5f:147,ff02::179,N/A,N/A,N/A,N/A,N/A,N/A,,,1
1759293449,eth0,54,Ethernet,IPv4,N/A,N/A,v4,172.30.0.220,224.0.0.22,N/A,N/A,N/A,N/A,N/A,N/A,,,1
1759293449,any,112,N/A,IPv6,ICMP,N/A,v6,fe80::e48e:99ff:fe5f:147,ff02::179,N/A,N/A,N/A,N/A,N/A,N/A,,,1
1759293449,eth0,356,Ethernet,IPv4,UDP,N/A,v4,0.0.0.0,255.255.255.255,68,67,N/A,N/A,N/A,N/A,,,1
1759293449,any,358,N/A,IPv4,UDP,N/A,v4,0.0.0.0,255.255.255.255,68,67,N/A,N/A,N/A,N/A,,,1
1759293449,any,370,N/A,IPv4,UDP,N/A,v4,0.0.0.0,255.255.255.255,68,67,N/A,N/A,N/A,N/A,,,1
1759293449,eth0,368,Ethernet,IPv4,UDP,N/A,v4,0.0.0.0,255.255.255.255,68,67,N/A,N/A,N/A,N/A,,,1
1759293449,any,112,N/A,IPv6,ICMP,N/A,v6,fe80::103b:bdff:fef0:169,ff02::179,N/A,N/A,N/A,N/A,N/A,N/A,,,1
1759293449,eth1,110,Ethernet,IPv6,ICMP,N/A,v6,fe80::103b:bdff:fef0:169,ff02::179,N/A,N/A,N/A,N/A,N/A,N/A,,,1
1759293449,any,112,N/A,IPv6,ICMP,N/A,v6,fe80::ecf9:eff:fefb:55,ff02::179,N/A,N/A,N/A,N/A,N/A,N/A,,,1
1759293449,eth0,110,Ethernet,IPv6,ICMP,N/A,v6,fe80::ecf9:eff:fefb:55,ff02::179,N/A,N/A,N/A,N/A,N/A,N/A,,,1
1759293449,any,58,N/A,IPv4,N/A,N/A,v4,172.30.0.89,224.0.0.22,N/A,N/A,N/A,N/A,N/A,N/A,,,1
1759293449,eth0,56,Ethernet,IPv4,N/A,N/A,v4,172.30.0.89,224.0.0.22,N/A,N/A,N/A,N/A,N/A,N/A,,,1
1759293449,any,72,N/A,IPv6,ICMP,N/A,v6,fe80::a824:52ff:fe4f:69,ff02::204,N/A,N/A,N/A,N/A,N/A,N/A,,,0
1759293449,eth1,70,Ethernet,IPv6,ICMP,N/A,v6,fe80::a824:52ff:fe4f:69,ff02::204,N/A,N/A,N/A,N/A,N/A,N/A,,,0
1759293449,eth0,90,Ethernet,IPv6,ICMP,N/A,v6,fe80::5ca9:83ff:fe87:27,ff02::179,N/A,N/A,N/A,N/A,N/A,N/A,,,0
1759293449,eth0,54,Ethernet,IPv4,N/A,N/A,v4,172.30.0.220,224.0.0.22,N/A,N/A,N/A,N/A,N/A,N/A,,,0
1759293449,any,92,N/A,IPv6,ICMP,N/A,v6,fe80::5ca9:83ff:fe87:27,ff02::179,N/A,N/A,N/A,N/A,N/A,N/A,,,0
1759293449,eth0,87,Ethernet,IPv6,UDP,N/A,v6,fe80::5ca9:83ff:fe87:27,ff02::1:52,5355,5355,N/A,N/A,N/A,N/A,,,0
1759293449,any,89,N/A,IPv6,UDP,N/A,v6,fe80::5ca9:83ff:fe87:27,ff02::1:52,5355,5355,N/A,N/A,N/A,N/A,,,0
1759293449,eth0,356,Ethernet,IPv4,UDP,N/A,v4,0.0.0.0,255.255.255.255,68,67,N/A,N/A,N/A,N/A,,,0
1759293449,any,358,N/A,IPv4,UDP,N/A,v4,0.0.0.0,255.255.255.255,68,67,N/A,N/A,N/A,N/A,,,0
1759293449,eth0,368,Ethernet,IPv4,UDP,N/A,v4,0.0.0.0,255.255.255.255,68,67,N/A,N/A,N/A,N/A,,,0
1759293449,any,370,N/A,IPv4,UDP,N/A,v4,0.0.0.0,255.255.255.255,68,67,N/A,N/A,N/A,N/A,,,0
1759293449,eth1,110,Ethernet,IPv6,ICMP,N/A,v6,fe80::a824:52ff:fe4f:69,ff02::179,N/A,N/A,N/A,N/A,N/A,N/A,,,0
1759293449,any,112,N/A,IPv6,ICMP,N/A,v6,fe80::a824:52ff:fe4f:69,ff02::179,N/A,N/A,N/A,N/A,N/A,N/A,,,0
1759293449,eth0,110,Ethernet,IPv6,ICMP,N/A,v6,fe80::5ca9:83ff:fe87:27,ff02::179,N/A,N/A,N/A,N/A,N/A,N/A,,,0
1759293449,eth0,54,Ethernet,IPv4,N/A,N/A,v4,172.30.0.220,224.0.0.22,N/A,N/A,N/A,N/A,N/A,N/A,,,0
1759293449,any,112,N/A,IPv6,ICMP,N/A,v6,fe80::5ca9:83ff:fe87:27,ff02::179,N/A,N/A,N/A,N/A,N/A,N/A,,,0
1759293449,eth0,42,Ethernet,N/A,N/A,N/A,N/A,N/A,N/A,N/A,N/A,N/A,N/A,N/A,N/A,,,0
1759293449,eth0,56,Ethernet,N/A,N/A,N/A,N/A,N/A,N/A,N/A,N/A,N/A,N/A,N/A,N/A,,,0
1759293449,eth0,56,Ethernet,N/A,N/A,N/A,N/A,N/A,N/A,N/A,N/A,N/A,N/A,N/A,N/A,,,0
1759293449,any,44,ARP,N/A,N/A,N/A,N/A,N/A,N/A,N/A,N/A,1,2048,172.30.0.220,172.30.0.122,,,0
1759293449,any,58,ARP,N/A,N/A,N/A,N/A,N/A,N/A,N/A,N/A,2,2048,172.30.0.122,172.30.0.220,,,0
1759293449,any,58,ARP,N/A,N/A,N/A,N/A,N/A,N/A,N/A,N/A,1,2048,172.30.0.89,172.30.0.122,,,1
1759293449,eth0,56,Ethernet,N/A,N/A,N/A,N/A,N/A,N/A,N/A,N/A,N/A,N/A,N/A,N/A,,,1
1759293449,eth0,110,Ethernet,IPv6,ICMP,N/A,v6,fe80::e48e:99ff:fe5f:147,ff02::179,N/A,N/A,N/A,N/A,N/A,N/A,,,1
1759293449,any,112,N/A,IPv6,ICMP,N/A,v6,fe80::e48e:99ff:fe5f:147,ff02::179,N/A,N/A,N/A,N/A,N/A,N/A,,,1
1759293449,any,58,N/A,IPv4,N/A,N/A,v4,172.30.0.89,224.0.0.22,N/A,N/A,N/A,N/A,N/A,N/A,,,1
1759293449,eth0,56,Ethernet,IPv4,N/A,N/A,v4,172.30.0.89,224.0.0.22,N/A,N/A,N/A,N/A,N/A,N/A,,,1
1759293449,any,112,N/A,IPv6,ICMP,N/A,v6,fe80::103b:bdff:fef0:169,ff02::179,N/A,N/A,N/A,N/A,N/A,N/A,,,1
1759293449,eth1,110,Ethernet,IPv6,ICMP,N/A,v6,fe80::103b:bdff:fef0:169,ff02::179,N/A,N/A,N/A,N/A,N/A,N/A,,,1
1759293450,any,56,N/A,IPv4,N/A,N/A,v4,172.30.0.220,224.0.0.22,N/A,N/A,N/A,N/A,N/A,N/A,,,0
1759293450,eth0,54,Ethernet,IPv4,N/A,N/A,v4,172.30.0.220,224.0.0.22,N/A,N/A,N/A,N/A,N/A,N/A,,,0
1759293450,any,112,N/A,IPv6,ICMP,N/A,v6,fe80::5ca9:83ff:fe87:27,ff02::179,N/A,N/A,N/A,N/A,N/A,N/A,,,0
1759293450,eth0,110,Ethernet,IPv6,ICMP,N/A,v6,fe80::5ca9:83ff:fe87:27,ff02::179,N/A,N/A,N/A,N/A,N/A,N/A,,,0
1759293450,any,112,N/A,IPv6,ICMP,N/A,v6,fe80::f056:abff:fe65:143,ff02::179,N/A,N/A,N/A,N/A,N/A,N/A,,,1
1759293450,eth1,110,Ethernet,IPv6,ICMP,N/A,v6,fe80::f056:abff:fe65:143,ff02::179,N/A,N/A,N/A,N/A,N/A,N/A,,,1
1759293450,any,112,N/A,IPv6,ICMP,N/A,v6,fe80::dcac:f9ff:fe59:60,ff02::179,N/A,N/A,N/A,N/A,N/A,N/A,,,1
1759293450,eth2,110,Ethernet,IPv6,ICMP,N/A,v6,fe80::dcac:f9ff:fe59:60,ff02::179,N/A,N/A,N/A,N/A,N/A,N/A,,,1
1759293450,eth0,54,Ethernet,IPv4,N/A,N/A,v4,172.30.0.220,224.0.0.22,N/A,N/A,N/A,N/A,N/A,N/A,,,1
1759293450,any,56,N/A,IPv4,N/A,N/A,v4,172.30.0.220,224.0.0.22,N/A,N/A,N/A,N/A,N/A,N/A,,,1
1759293450,eth1,70,Ethernet,IPv6,ICMP,N/A,v6,fe80::103b:bdff:fef0:169,ff02::204,N/A,N/A,N/A,N/A,N/A,N/A,,,1
1759293450,eth0,70,Ethernet,IPv6,ICMP,N/A,v6,fe80::ecf9:eff:fefb:55,ff02::204,N/A,N/A,N/A,N/A,N/A,N/A,,,1
1759293450,any,72,N/A,IPv6,ICMP,N/A,v6,fe80::ecf9:eff:fefb:55,ff02::204,N/A,N/A,N/A,N/A,N/A,N/A,,,1
1759293450,any,72,N/A,IPv6,ICMP,N/A,v6,fe80::103b:bdff:fef0:169,ff02::204,N/A,N/A,N/A,N/A,N/A,N/A,,,1
1759293450,eth0,110,Ethernet,IPv6,ICMP,N/A,v6,fe80::ecf9:eff:fefb:55,ff02::179,N/A,N/A,N/A,N/A,N/A,N/A,,,1
1759293450,any,112,N/A,IPv6,ICMP,N/A,v6,fe80::ecf9:eff:fefb:55,ff02::179,N/A,N/A,N/A,N/A,N/A,N/A,,,1
1759293450,any,72,N/A,IPv6,ICMP,N/A,v6,fe80::dcac:f9ff:fe59:60,ff02::204,N/A,N/A,N/A,N/A,N/A,N/A,,,1
1759293450,eth2,70,Ethernet,IPv6,ICMP,N/A,v6,fe80::dcac:f9ff:fe59:60,ff02::204,N/A,N/A,N/A,N/A,N/A,N/A,,,1
1759293450,eth1,70,Ethernet,IPv6,ICMP,N/A,v6,fe80::f056:abff:fe65:143,ff02::204,N/A,N/A,N/A,N/A,N/A,N/A,,,1
1759293450,eth0,70,Ethernet,IPv6,ICMP,N/A,v6,fe80::e48e:99ff:fe5f:147,ff02::204,N/A,N/A,N/A,N/A,N/A,N/A,,,1
1759293450,any,113,N/A,N/A,N/A,N/A,N/A,N/A,N/A,N/A,N/A,N/A,N/A,N/A,N/A,,,1
1759293450,eth0,111,Ethernet,N/A,N/A,N/A,N/A,N/A,N/A,N/A,N/A,N/A,N/A,N/A,N/A,,,1
1759293450,any,112,N/A,IPv6,ICMP,N/A,v6,fe80::a824:52ff:fe4f:69,ff02::179,N/A,N/A,N/A,N/A,N/A,N/A,,,0
1759293450,eth1,110,Ethernet,IPv6,ICMP,N/A,v6,fe80::a824:52ff:fe4f:69,ff02::179,N/A,N/A,N/A,N/A,N/A,N/A,,,0
1759293450,eth0,70,Ethernet,IPv6,ICMP,N/A,v6,fe80::5ca9:83ff:fe87:27,ff02::204,N/A,N/A,N/A,N/A,N/A,N/A,,,0
1759293450,eth1,70,Ethernet,IPv6,ICMP,N/A,v6,fe80::a824:52ff:fe4f:69,ff02::204,N/A,N/A,N/A,N/A,N/A,N/A,,,0
1759293450,any,72,N/A,IPv6,ICMP,N/A,v6,fe80::a824:52ff:fe4f:69,ff02::204,N/A,N/A,N/A,N/A,N/A,N/A,,,0
1759293450,eth0,107,Ethernet,N/A,N/A,N/A,N/A,N/A,N/A,N/A,N/A,N/A,N/A,N/A,N/A,,,0
1759293450,any,109,N/A,N/A,N/A,N/A,N/A,N/A,N/A,N/A,N/A,N/A,N/A,N/A,N/A,,,0
1759293451,any,113,N/A,N/A,N/A,N/A,N/A,N/A,N/A,N/A,N/A,N/A,N/A,N/A,N/A,,,1
1759293451,eth0,111,Ethernet,N/A,N/A,N/A,N/A,N/A,N/A,N/A,N/A,N/A,N/A,N/A,N/A,,,1
1759293452,any,72,N/A,IPv6,ICMP,N/A,v6,fe80::780a:a9ff:fee6:89,ff02::204,N/A,N/A,N/A,N/A,N/A,N/A,,,1
1759293452,eth1,70,Ethernet,IPv6,ICMP,N/A,v6,fe80::780a:a9ff:fee6:89,ff02::204,N/A,N/A,N/A,N/A,N/A,N/A,,,1
1759293452,eth0,70,Ethernet,IPv6,ICMP,N/A,v6,fe80::b0b5:44ff:feea:219,ff02::204,N/A,N/A,N/A,N/A,N/A,N/A,,,1
1759293452,any,72,N/A,IPv6,ICMP,N/A,v6,fe80::b0b5:44ff:feea:219,ff02::204,N/A,N/A,N/A,N/A,N/A,N/A,,,1
1759293452,eth0,90,Ethernet,IPv6,ICMP,N/A,v6,fe80::b0b5:44ff:feea:219,ff02::179,N/A,N/A,N/A,N/A,N/A,N/A,,,1
1759293452,eth0,54,Ethernet,IPv4,N/A,N/A,v4,172.30.0.163,224.0.0.22,N/A,N/A,N/A,N/A,N/A,N/A,,,1
1759293452,any,92,N/A,IPv6,ICMP,N/A,v6,fe80::b0b5:44ff:feea:219,ff02::179,N/A,N/A,N/A,N/A,N/A,N/A,,,1
1759293452,any,56,N/A,IPv4,N/A,N/A,v4,172.30.0.163,224.0.0.22,N/A,N/A,N/A,N/A,N/A,N/A,,,1
1759293452,eth0,88,Ethernet,IPv6,UDP,N/A,v6,fe80::b0b5:44ff:feea:219,ff02::1:52,5355,5355,N/A,N/A,N/A,N/A,,,1
1759293452,any,90,N/A,IPv6,UDP,N/A,v6,fe80::b0b5:44ff:feea:219,ff02::1:52,5355,5355,N/A,N/A,N/A,N/A,,,1
1759293452,eth0,357,Ethernet,IPv4,UDP,N/A,v4,0.0.0.0,255.255.255.255,68,67,N/A,N/A,N/A,N/A,,,1
1759293452,any,359,N/A,IPv4,UDP,N/A,v4,0.0.0.0,255.255.255.255,68,67,N/A,N/A,N/A,N/A,,,1
1759293452,eth0,369,Ethernet,IPv4,UDP,N/A,v4,0.0.0.0,255.255.255.255,68,67,N/A,N/A,N/A,N/A,,,1
1759293452,any,44,ARP,N/A,N/A,N/A,N/A,N/A,N/A,N/A,N/A,1,2048,172.30.0.163,172.30.0.122,,,1
1759293452,eth0,42,Ethernet,N/A,N/A,N/A,N/A,N/A,N/A,N/A,N/A,N/A,N/A,N/A,N/A,,,1
1759293452,eth1,110,Ethernet,IPv6,ICMP,N/A,v6,fe80::780a:a9ff:fee6:89,ff02::179,N/A,N/A,N/A,N/A,N/A,N/A,,,1
1759293452,eth0,110,Ethernet,IPv6,ICMP,N/A,v6,fe80::b0b5:44ff:feea:219,ff02::179,N/A,N/A,N/A,N/A,N/A,N/A,,,1
1759293452,eth0,54,Ethernet,IPv4,N/A,N/A,v4,172.30.0.163,224.0.0.22,N/A,N/A,N/A,N/A,N/A,N/A,,,1
1759293452,any,112,N/A,IPv6,ICMP,N/A,v6,fe80::b0b5:44ff:feea:219,ff02::179,N/A,N/A,N/A,N/A,N/A,N/A,,,1
1759293452,any,56,N/A,IPv4,N/A,N/A,v4,172.30.0.163,224.0.0.22,N/A,N/A,N/A,N/A,N/A,N/A,,,1
1759293452,eth0,70,Ethernet,IPv6,ICMP,N/A,v6,fe80::24f1:23ff:fe29:66,ff02::204,N/A,N/A,N/A,N/A,N/A,N/A,,,1
1759293452,any,72,N/A,IPv6,ICMP,N/A,v6,fe80::24f1:23ff:fe29:66,ff02::204,N/A,N/A,N/A,N/A,N/A,N/A,,,1
1759293452,eth0,107,Ethernet,N/A,N/A,N/A,N/A,N/A,N/A,N/A,N/A,N/A,N/A,N/A,N/A,,,0
1759293452,any,109,N/A,N/A,N/A,N/A,N/A,N/A,N/A,N/A,N/A,N/A,N/A,N/A,N/A,,,0
1759293452,any,72,N/A,IPv6,ICMP,N/A,v6,fe80::7827:e3ff:fe68:239,ff02::204,N/A,N/A,N/A,N/A,N/A,N/A,,,1
1759293452,eth1,70,Ethernet,IPv6,ICMP,N/A,v6,fe80::7827:e3ff:fe68:239,ff02::204,N/A,N/A,N/A,N/A,N/A,N/A,,,1
1759293453,any,109,N/A,N/A,N/A,N/A,N/A,N/A,N/A,N/A,N/A,N/A,N/A,N/A,N/A,,,0
1759293453,eth0,107,Ethernet,N/A,N/A,N/A,N/A,N/A,N/A,N/A,N/A,N/A,N/A,N/A,N/A,,,0
1759293453,eth0,90,Ethernet,IPv6,ICMP,N/A,v6,fe80::5ca9:83ff:fe87:27,ff02::179,N/A,N/A,N/A,N/A,N/A,N/A,,,0
1759293453,eth0,54,Ethernet,IPv4,N/A,N/A,v4,172.30.0.220,224.0.0.22,N/A,N/A,N/A,N/A,N/A,N/A,,,0
1759293453,any,92,N/A,IPv6,ICMP,N/A,v6,fe80::5ca9:83ff:fe87:27,ff02::179,N/A,N/A,N/A,N/A,N/A,N/A,,,0
1759293453,eth0,87,Ethernet,IPv6,UDP,N/A,v6,fe80::5ca9:83ff:fe87:27,ff02::1:52,5355,5355,N/A,N/A,N/A,N/A,,,0
1759293453,any,89,N/A,IPv6,UDP,N/A,v6,fe80::5ca9:83ff:fe87:27,ff02::1:52,5355,5355,N/A,N/A,N/A,N/A,,,0
1759293453,eth0,356,Ethernet,IPv4,UDP,N/A,v4,0.0.0.0,255.255.255.255,68,67,N/A,N/A,N/A,N/A,,,0
1759293453,any,358,N/A,IPv4,UDP,N/A,v4,0.0.0.0,255.255.255.255,68,67,N/A,N/A,N/A,N/A,,,0
1759293453,eth0,368,Ethernet,IPv4,UDP,N/A,v4,0.0.0.0,255.255.255.255,68,67,N/A,N/A,N/A,N/A,,,0
1759293453,any,370,N/A,IPv4,UDP,N/A,v4,0.0.0.0,255.255.255.255,68,67,N/A,N/A,N/A,N/A,,,0
1759293453,eth1,110,Ethernet,IPv6,ICMP,N/A,v6,fe80::a824:52ff:fe4f:69,ff02::179,N/A,N/A,N/A,N/A,N/A,N/A,,,0
1759293453,any,56,N/A,IPv4,N/A,N/A,v4,172.30.0.220,224.0.0.22,N/A,N/A,N/A,N/A,N/A,N/A,,,0
1759293453,eth0,54,Ethernet,IPv4,N/A,N/A,v4,172.30.0.220,224.0.0.22,N/A,N/A,N/A,N/A,N/A,N/A,,,0
1759293453,any,112,N/A,IPv6,ICMP,N/A,v6,fe80::5ca9:83ff:fe87:27,ff02::179,N/A,N/A,N/A,N/A,N/A,N/A,,,0
1759293453,eth0,110,Ethernet,IPv6,ICMP,N/A,v6,fe80::5ca9:83ff:fe87:27,ff02::179,N/A,N/A,N/A,N/A,N/A,N/A,,,0
1759293453,eth0,111,Ethernet,N/A,N/A,N/A,N/A,N/A,N/A,N/A,N/A,N/A,N/A,N/A,N/A,,,1
1759293453,any,113,N/A,N/A,N/A,N/A,N/A,N/A,N/A,N/A,N/A,N/A,N/A,N/A,N/A,,,1
1759293453,any,92,N/A,IPv6,ICMP,N/A,v6,fe80::24f1:23ff:fe29:66,ff02::179,N/A,N/A,N/A,N/A,N/A,N/A,,,1
1759293453,eth0,90,Ethernet,IPv6,ICMP,N/A,v6,fe80::24f1:23ff:fe29:66,ff02::179,N/A,N/A,N/A,N/A,N/A,N/A,,,1
1759293453,eth0,54,Ethernet,IPv4,N/A,N/A,v4,172.30.0.23,224.0.0.22,N/A,N/A,N/A,N/A,N/A,N/A,,,1
1759293453,eth0,54,Ethernet,IPv4,N/A,N/A,v4,172.30.0.163,224.0.0.22,N/A,N/A,N/A,N/A,N/A,N/A,,,1
1759293453,any,56,N/A,IPv4,N/A,N/A,v4,172.30.0.163,224.0.0.22,N/A,N/A,N/A,N/A,N/A,N/A,,,1
1759293453,any,358,N/A,IPv4,UDP,N/A,v4,0.0.0.0,255.255.255.255,68,67,N/A,N/A,N/A,N/A,,,1
1759293453,eth0,356,Ethernet,IPv4,UDP,N/A,v4,0.0.0.0,255.255.255.255,68,67,N/A,N/A,N/A,N/A,,,1
1759293453,eth0,368,Ethernet,IPv4,UDP,N/A,v4,0.0.0.0,255.255.255.255,68,67,N/A,N/A,N/A,N/A,,,1
1759293453,any,370,N/A,IPv4,UDP,N/A,v4,0.0.0.0,255.255.255.255,68,67,N/A,N/A,N/A,N/A,,,1
1759293453,any,112,N/A,IPv6,ICMP,N/A,v6,fe80::7827:e3ff:fe68:239,ff02::179,N/A,N/A,N/A,N/A,N/A,N/A,,,1
1759293453,eth1,110,Ethernet,IPv6,ICMP,N/A,v6,fe80::7827:e3ff:fe68:239,ff02::179,N/A,N/A,N/A,N/A,N/A,N/A,,,1
1759293453,any,112,N/A,IPv6,ICMP,N/A,v6,fe80::24f1:23ff:fe29:66,ff02::179,N/A,N/A,N/A,N/A,N/A,N/A,,,1
1759293453,eth0,110,Ethernet,IPv6,ICMP,N/A,v6,fe80::24f1:23ff:fe29:66,ff02::179,N/A,N/A,N/A,N/A,N/A,N/A,,,1
1759293453,eth0,54,Ethernet,IPv4,N/A,N/A,v4,172.30.0.23,224.0.0.22,N/A,N/A,N/A,N/A,N/A,N/A,,,1
1759293453,eth0,42,Ethernet,N/A,N/A,N/A,N/A,N/A,N/A,N/A,N/A,N/A,N/A,N/A,N/A,,,1
1759293453,any,44,ARP,N/A,N/A,N/A,N/A,N/A,N/A,N/A,N/A,1,2048,172.30.0.23,172.30.0.122,,,1
1759293453,any,112,N/A,IPv6,ICMP,N/A,v6,fe80::780a:a9ff:fee6:89,ff02::179,N/A,N/A,N/A,N/A,N/A,N/A,,,1
1759293453,eth1,110,Ethernet,IPv6,ICMP,N/A,v6,fe80::780a:a9ff:fee6:89,ff02::179,N/A,N/A,N/A,N/A,N/A,N/A,,,1
1759293453,any,112,N/A,IPv6,ICMP,N/A,v6,fe80::24f1:23ff:fe29:66,ff02::179,N/A,N/A,N/A,N/A,N/A,N/A,,,1
1759293453,eth0,110,Ethernet,IPv6,ICMP,N/A,v6,fe80::24f1:23ff:fe29:66,ff02::179,N/A,N/A,N/A,N/A,N/A,N/A,,,1
1759293453,eth0,70,Ethernet,IPv6,ICMP,N/A,v6,fe80::b0b5:44ff:feea:219,ff02::204,N/A,N/A,N/A,N/A,N/A,N/A,,,1
1759293453,eth1,70,Ethernet,IPv6,ICMP,N/A,v6,fe80::780a:a9ff:fee6:89,ff02::204,N/A,N/A,N/A,N/A,N/A,N/A,,,1
1759293453,any,72,N/A,IPv6,ICMP,N/A,v6,fe80::b0b5:44ff:feea:219,ff02::204,N/A,N/A,N/A,N/A,N/A,N/A,,,1
1759293453,any,112,N/A,IPv6,ICMP,N/A,v6,fe80::7827:e3ff:fe68:239,ff02::179,N/A,N/A,N/A,N/A,N/A,N/A,,,1
1759293453,eth1,110,Ethernet,IPv6,ICMP,N/A,v6,fe80::7827:e3ff:fe68:239,ff02::179,N/A,N/A,N/A,N/A,N/A,N/A,,,1
1759293453,eth0,110,Ethernet,IPv6,ICMP,N/A,v6,fe80::b0b5:44ff:feea:219,ff02::179,N/A,N/A,N/A,N/A,N/A,N/A,,,1
1759293453,any,112,N/A,IPv6,ICMP,N/A,v6,fe80::b0b5:44ff:feea:219,ff02::179,N/A,N/A,N/A,N/A,N/A,N/A,,,1
1759293453,eth0,90,Ethernet,IPv6,ICMP,N/A,v6,fe80::e48e:99ff:fe5f:147,ff02::179,N/A,N/A,N/A,N/A,N/A,N/A,,,1
1759293453,eth0,54,Ethernet,IPv4,N/A,N/A,v4,172.30.0.220,224.0.0.22,N/A,N/A,N/A,N/A,N/A,N/A,,,1
1759293453,any,92,N/A,IPv6,ICMP,N/A,v6,fe80::e48e:99ff:fe5f:147,ff02::179,N/A,N/A,N/A,N/A,N/A,N/A,,,1
1759293453,eth0,90,Ethernet,IPv6,ICMP,N/A,v6,fe80::ecf9:eff:fefb:55,ff02::179,N/A,N/A,N/A,N/A,N/A,N/A,,,1
1759293453,any,92,N/A,IPv6,ICMP,N/A,v6,fe80::ecf9:eff:fefb:55,ff02::179,N/A,N/A,N/A,N/A,N/A,N/A,,,1
1759293453,eth0,56,Ethernet,IPv4,N/A,N/A,v4,172.30.0.89,224.0.0.22,N/A,N/A,N/A,N/A,N/A,N/A,,,1
1759293453,any,58,N/A,IPv4,N/A,N/A,v4,172.30.0.89,224.0.0.22,N/A,N/A,N/A,N/A,N/A,N/A,,,1
1759293453,eth0,360,Ethernet,IPv4,UDP,N/A,v4,0.0.0.0,255.255.255.255,68,67,N/A,N/A,N/A,N/A,,,1
1759293453,any,362,N/A,IPv4,UDP,N/A,v4,0.0.0.0,255.255.255.255,68,67,N/A,N/A,N/A,N/A,,,1
1759293453,eth0,372,Ethernet,IPv4,UDP,N/A,v4,0.0.0.0,255.255.255.255,68,67,N/A,N/A,N/A,N/A,,,1
1759293453,any,374,N/A,IPv4,UDP,N/A,v4,0.0.0.0,255.255.255.255,68,67,N/A,N/A,N/A,N/A,,,1
1759293453,eth2,110,Ethernet,IPv6,ICMP,N/A,v6,fe80::dcac:f9ff:fe59:60,ff02::179,N/A,N/A,N/A,N/A,N/A,N/A,,,1
1759293453,any,112,N/A,IPv6,ICMP,N/A,v6,fe80::f056:abff:fe65:143,ff02::179,N/A,N/A,N/A,N/A,N/A,N/A,,,1
1759293453,eth1,110,Ethernet,IPv6,ICMP,N/A,v6,fe80::f056:abff:fe65:143,ff02::179,N/A,N/A,N/A,N/A,N/A,N/A,,,1
1759293453,eth0,110,Ethernet,IPv6,ICMP,N/A,v6,fe80::e48e:99ff:fe5f:147,ff02::179,N/A,N/A,N/A,N/A,N/A,N/A,,,1
1759293453,eth0,54,Ethernet,IPv4,N/A,N/A,v4,172.30.0.220,224.0.0.22,N/A,N/A,N/A,N/A,N/A,N/A,,,1
1759293453,any,112,N/A,IPv6,ICMP,N/A,v6,fe80::e48e:99ff:fe5f:147,ff02::179,N/A,N/A,N/A,N/A,N/A,N/A,,,1
1759293453,any,358,N/A,IPv4,UDP,N/A,v4,0.0.0.0,255.255.255.255,68,67,N/A,N/A,N/A,N/A,,,1
1759293453,eth0,356,Ethernet,IPv4,UDP,N/A,v4,0.0.0.0,255.255.255.255,68,67,N/A,N/A,N/A,N/A,,,1
1759293453,eth0,42,Ethernet,N/A,N/A,N/A,N/A,N/A,N/A,N/A,N/A,N/A,N/A,N/A,N/A,,,1
1759293453,eth0,56,Ethernet,N/A,N/A,N/A,N/A,N/A,N/A,N/A,N/A,N/A,N/A,N/A,N/A,,,1
1759293453,eth0,56,Ethernet,N/A,N/A,N/A,N/A,N/A,N/A,N/A,N/A,N/A,N/A,N/A,N/A,,,1
1759293453,eth0,368,Ethernet,IPv4,UDP,N/A,v4,0.0.0.0,255.255.255.255,68,67,N/A,N/A,N/A,N/A,,,1
1759293453,any,58,ARP,N/A,N/A,N/A,N/A,N/A,N/A,N/A,N/A,2,2048,172.30.0.122,172.30.0.220,,,1
1759293453,any,58,ARP,N/A,N/A,N/A,N/A,N/A,N/A,N/A,N/A,2,2048,172.30.0.122,172.30.0.220,,,1
1759293453,any,370,N/A,IPv4,UDP,N/A,v4,0.0.0.0,255.255.255.255,68,67,N/A,N/A,N/A,N/A,,,1
1759293453,any,112,N/A,IPv6,ICMP,N/A,v6,fe80::103b:bdff:fef0:169,ff02::179,N/A,N/A,N/A,N/A,N/A,N/A,,,1
1759293453,eth1,110,Ethernet,IPv6,ICMP,N/A,v6,fe80::103b:bdff:fef0:169,ff02::179,N/A,N/A,N/A,N/A,N/A,N/A,,,1
1759293453,any,112,N/A,IPv6,ICMP,N/A,v6,fe80::ecf9:eff:fefb:55,ff02::179,N/A,N/A,N/A,N/A,N/A,N/A,,,1
1759293453,any,58,N/A,IPv4,N/A,N/A,v4,172.30.0.89,224.0.0.22,N/A,N/A,N/A,N/A,N/A,N/A,,,1
1759293453,eth0,110,Ethernet,IPv6,ICMP,N/A,v6,fe80::ecf9:eff:fefb:55,ff02::179,N/A,N/A,N/A,N/A,N/A,N/A,,,1
1759293453,eth0,56,Ethernet,IPv4,N/A,N/A,v4,172.30.0.89,224.0.0.22,N/A,N/A,N/A,N/A,N/A,N/A,,,1
1759293453,eth0,56,Ethernet,N/A,N/A,N/A,N/A,N/A,N/A,N/A,N/A,N/A,N/A,N/A,N/A,,,1
1759293453,any,58,ARP,N/A,N/A,N/A,N/A,N/A,N/A,N/A,N/A,1,2048,172.30.0.89,172.30.0.122,,,1
1759293453,any,112,N/A,IPv6,ICMP,N/A,v6,fe80::dcac:f9ff:fe59:60,ff02::179,N/A,N/A,N/A,N/A,N/A,N/A,,,1
1759293453,eth2,110,Ethernet,IPv6,ICMP,N/A,v6,fe80::dcac:f9ff:fe59:60,ff02::179,N/A,N/A,N/A,N/A,N/A,N/A,,,1
1759293453,eth0,42,Ethernet,N/A,N/A,N/A,N/A,N/A,N/A,N/A,N/A,N/A,N/A,N/A,N/A,,,0
1759293453,eth0,56,Ethernet,N/A,N/A,N/A,N/A,N/A,N/A,N/A,N/A,N/A,N/A,N/A,N/A,,,0
1759293453,eth0,56,Ethernet,N/A,N/A,N/A,N/A,N/A,N/A,N/A,N/A,N/A,N/A,N/A,N/A,,,0
1759293453,any,44,ARP,N/A,N/A,N/A,N/A,N/A,N/A,N/A,N/A,1,2048,172.30.0.220,172.30.0.122,,,0
1759293453,any,58,ARP,N/A,N/A,N/A,N/A,N/A,N/A,N/A,N/A,2,2048,172.30.0.122,172.30.0.220,,,0
1759293453,any,58,ARP,N/A,N/A,N/A,N/A,N/A,N/A,N/A,N/A,2,2048,172.30.0.122,172.30.0.220,,,0
1759293454,eth0,70,Ethernet,IPv6,ICMP,N/A,v6,fe80::24f1:23ff:fe29:66,ff02::204,N/A,N/A,N/A,N/A,N/A,N/A,,,1
1759293454,eth1,70,Ethernet,IPv6,ICMP,N/A,v6,fe80::7827:e3ff:fe68:239,ff02::204,N/A,N/A,N/A,N/A,N/A,N/A,,,1
1759293454,any,72,N/A,IPv6,ICMP,N/A,v6,fe80::24f1:23ff:fe29:66,ff02::204,N/A,N/A,N/A,N/A,N/A,N/A,,,1
1759293454,eth0,110,Ethernet,IPv6,ICMP,N/A,v6,fe80::e48e:99ff:fe5f:147,ff02::179,N/A,N/A,N/A,N/A,N/A,N/A,,,1
1759293454,any,112,N/A,IPv6,ICMP,N/A,v6,fe80::e48e:99ff:fe5f:147,ff02::179,N/A,N/A,N/A,N/A,N/A,N/A,,,1
1759293454,any,58,N/A,IPv4,N/A,N/A,v4,172.30.0.89,224.0.0.22,N/A,N/A,N/A,N/A,N/A,N/A,,,1
1759293454,eth0,56,Ethernet,IPv4,N/A,N/A,v4,172.30.0.89,224.0.0.22,N/A,N/A,N/A,N/A,N/A,N/A,,,1
1759293454,eth0,54,Ethernet,IPv4,N/A,N/A,v4,172.30.0.23,224.0.0.22,N/A,N/A,N/A,N/A,N/A,N/A,,,1
1759293454,any,56,N/A,IPv4,N/A,N/A,v4,172.30.0.23,224.0.0.22,N/A,N/A,N/A,N/A,N/A,N/A,,,1
1759293454,any,72,N/A,IPv6,ICMP,N/A,v6,fe80::ecf9:eff:fefb:55,ff02::204,N/A,N/A,N/A,N/A,N/A,N/A,,,1
1759293454,eth0,70,Ethernet,IPv6,ICMP,N/A,v6,fe80::ecf9:eff:fefb:55,ff02::204,N/A,N/A,N/A,N/A,N/A,N/A,,,1
1759293454,any,72,N/A,IPv6,ICMP,N/A,v6,fe80::103b:bdff:fef0:169,ff02::204,N/A,N/A,N/A,N/A,N/A,N/A,,,1
1759293454,eth1,70,Ethernet,IPv6,ICMP,N/A,v6,fe80::103b:bdff:fef0:169,ff02::204,N/A,N/A,N/A,N/A,N/A,N/A,,,1
1759293454,any,112,N/A,IPv6,ICMP,N/A,v6,fe80::103b:bdff:fef0:169,ff02::179,N/A,N/A,N/A,N/A,N/A,N/A,,,1
1759293454,eth1,110,Ethernet,IPv6,ICMP,N/A,v6,fe80::103b:bdff:fef0:169,ff02::179,N/A,N/A,N/A,N/A,N/A,N/A,,,1
1759293454,any,112,N/A,IPv6,ICMP,N/A,v6,fe80::ecf9:eff:fefb:55,ff02::179,N/A,N/A,N/A,N/A,N/A,N/A,,,1
1759293454,eth0,110,Ethernet,IPv6,ICMP,N/A,v6,fe80::ecf9:eff:fefb:55,ff02::179,N/A,N/A,N/A,N/A,N/A,N/A,,,1
1759293454,any,112,N/A,IPv6,ICMP,N/A,v6,fe80::f056:abff:fe65:143,ff02::179,N/A,N/A,N/A,N/A,N/A,N/A,,,1
1759293454,eth1,110,Ethernet,IPv6,ICMP,N/A,v6,fe80::f056:abff:fe65:143,ff02::179,N/A,N/A,N/A,N/A,N/A,N/A,,,1
1759293454,eth0,70,Ethernet,IPv6,ICMP,N/A,v6,fe80::e48e:99ff:fe5f:147,ff02::204,N/A,N/A,N/A,N/A,N/A,N/A,,,1
1759293454,eth2,70,Ethernet,IPv6,ICMP,N/A,v6,fe80::dcac:f9ff:fe59:60,ff02::204,N/A,N/A,N/A,N/A,N/A,N/A,,,1
1759293454,any,72,N/A,IPv6,ICMP,N/A,v6,fe80::dcac:f9ff:fe59:60,ff02::204,N/A,N/A,N/A,N/A,N/A,N/A,,,1
1759293454,any,72,N/A,IPv6,ICMP,N/A,v6,fe80::e48e:99ff:fe5f:147,ff02::204,N/A,N/A,N/A,N/A,N/A,N/A,,,1
1759293454,eth1,70,Ethernet,IPv6,ICMP,N/A,v6,fe80::f056:abff:fe65:143,ff02::204,N/A,N/A,N/A,N/A,N/A,N/A,,,1
1759293454,eth0,54,Ethernet,IPv4,N/A,N/A,v4,172.30.0.220,224.0.0.22,N/A,N/A,N/A,N/A,N/A,N/A,,,1
1759293454,any,56,N/A,IPv4,N/A,N/A,v4,172.30.0.220,224.0.0.22,N/A,N/A,N/A,N/A,N/A,N/A,,,1
1759293454,any,113,N/A,N/A,N/A,N/A,N/A,N/A,N/A,N/A,N/A,N/A,N/A,N/A,N/A,,,1
1759293454,eth0,111,Ethernet,N/A,N/A,N/A,N/A,N/A,N/A,N/A,N/A,N/A,N/A,N/A,N/A,,,1
1759293454,eth0,54,Ethernet,IPv4,N/A,N/A,v4,172.30.0.220,224.0.0.22,N/A,N/A,N/A,N/A,N/A,N/A,,,0
1759293454,any,56,N/A,IPv4,N/A,N/A,v4,172.30.0.220,224.0.0.22,N/A,N/A,N/A,N/A,N/A,N/A,,,0
1759293454,any,112,N/A,IPv6,ICMP,N/A,v6,fe80::5ca9:83ff:fe87:27,ff02::179,N/A,N/A,N/A,N/A,N/A,N/A,,,0
1759293454,eth0,110,Ethernet,IPv6,ICMP,N/A,v6,fe80::5ca9:83ff:fe87:27,ff02::179,N/A,N/A,N/A,N/A,N/A,N/A,,,0
1759293454,eth0,70,Ethernet,IPv6,ICMP,N/A,v6,fe80::5ca9:83ff:fe87:27,ff02::204,N/A,N/A,N/A,N/A,N/A,N/A,,,0
1759293454,any,72,N/A,IPv6,ICMP,N/A,v6,fe80::a824:52ff:fe4f:69,ff02::204,N/A,N/A,N/A,N/A,N/A,N/A,,,0
1759293454,any,72,N/A,IPv6,ICMP,N/A,v6,fe80::5ca9:83ff:fe87:27,ff02::204,N/A,N/A,N/A,N/A,N/A,N/A,,,0
1759293454,eth1,70,Ethernet,IPv6,ICMP,N/A,v6,fe80::a824:52ff:fe4f:69,ff02::204,N/A,N/A,N/A,N/A,N/A,N/A,,,0
1759293454,any,112,N/A,IPv6,ICMP,N/A,v6,fe80::a824:52ff:fe4f:69,ff02::179,N/A,N/A,N/A,N/A,N/A,N/A,,,0
1759293454,eth1,110,Ethernet,IPv6,ICMP,N/A,v6,fe80::a824:52ff:fe4f:69,ff02::179,N/A,N/A,N/A,N/A,N/A,N/A,,,0
1759293455,eth0,111,Ethernet,N/A,N/A,N/A,N/A,N/A,N/A,N/A,N/A,N/A,N/A,N/A,N/A,,,1
1759293455,any,113,N/A,N/A,N/A,N/A,N/A,N/A,N/A,N/A,N/A,N/A,N/A,N/A,N/A,,,1
1759293455,any,109,N/A,N/A,N/A,N/A,N/A,N/A,N/A,N/A,N/A,N/A,N/A,N/A,N/A,,,0
1759293455,eth0,107,Ethernet,N/A,N/A,N/A,N/A,N/A,N/A,N/A,N/A,N/A,N/A,N/A,N/A,,,0
1759293456,eth0,90,Ethernet,IPv6,ICMP,N/A,v6,fe80::b0b5:44ff:feea:219,ff02::179,N/A,N/A,N/A,N/A,N/A,N/A,,,1
1759293456,eth0,54,Ethernet,IPv4,N/A,N/A,v4,172.30.0.163,224.0.0.22,N/A,N/A,N/A,N/A,N/A,N/A,,,1
1759293456,any,92,N/A,IPv6,ICMP,N/A,v6,fe80::b0b5:44ff:feea:219,ff02::179,N/A,N/A,N/A,N/A,N/A,N/A,,,1
1759293456,any,70,N/A,IPv4,UDP,N/A,v4,172.30.0.163,224.0.0.252,5355,5355,N/A,N/A,N/A,N/A,,,1
1759293456,eth0,68,Ethernet,IPv4,UDP,N/A,v4,172.30.0.163,224.0.0.252,5355,5355,N/A,N/A,N/A,N/A,,,1
1759293456,eth0,357,Ethernet,IPv4,UDP,N/A,v4,0.0.0.0,255.255.255.255,68,67,N/A,N/A,N/A,N/A,,,1
1759293456,any,359,N/A,IPv4,UDP,N/A,v4,0.0.0.0,255.255.255.255,68,67,N/A,N/A,N/A,N/A,,,1
1759293456,any,371,N/A,IPv4,UDP,N/A,v4,0.0.0.0,255.255.255.255,68,67,N/A,N/A,N/A,N/A,,,1
1759293456,eth0,369,Ethernet,IPv4,UDP,N/A,v4,0.0.0.0,255.255.255.255,68,67,N/A,N/A,N/A,N/A,,,1
1759293456,any,112,N/A,IPv6,ICMP,N/A,v6,fe80::780a:a9ff:fee6:89,ff02::179,N/A,N/A,N/A,N/A,N/A,N/A,,,1
1759293456,eth1,110,Ethernet,IPv6,ICMP,N/A,v6,fe80::780a:a9ff:fee6:89,ff02::179,N/A,N/A,N/A,N/A,N/A,N/A,,,1
1759293456,any,44,ARP,N/A,N/A,N/A,N/A,N/A,N/A,N/A,N/A,1,2048,172.30.0.163,172.30.0.122,,,1
1759293456,eth0,42,Ethernet,N/A,N/A,N/A,N/A,N/A,N/A,N/A,N/A,N/A,N/A,N/A,N/A,,,1
1759293456,eth0,110,Ethernet,IPv6,ICMP,N/A,v6,fe80::b0b5:44ff:feea:219,ff02::179,N/A,N/A,N/A,N/A,N/A,N/A,,,1
1759293456,eth0,54,Ethernet,IPv4,N/A,N/A,v4,172.30.0.163,224.0.0.22,N/A,N/A,N/A,N/A,N/A,N/A,,,1
1759293456,eth0,111,Ethernet,N/A,N/A,N/A,N/A,N/A,N/A,N/A,N/A,N/A,N/A,N/A,N/A,,,1
1759293456,any,113,N/A,N/A,N/A,N/A,N/A,N/A,N/A,N/A,N/A,N/A,N/A,N/A,N/A,,,1
1759293456,eth0,107,Ethernet,N/A,N/A,N/A,N/A,N/A,N/A,N/A,N/A,N/A,N/A,N/A,N/A,,,0
1759293456,any,109,N/A,N/A,N/A,N/A,N/A,N/A,N/A,N/A,N/A,N/A,N/A,N/A,N/A,,,0
1759293457,any,56,N/A,IPv4,N/A,N/A,v4,172.30.0.163,224.0.0.22,N/A,N/A,N/A,N/A,N/A,N/A,,,1
1759293457,eth0,54,Ethernet,IPv4,N/A,N/A,v4,172.30.0.163,224.0.0.22,N/A,N/A,N/A,N/A,N/A,N/A,,,1
1759293457,any,112,N/A,IPv6,ICMP,N/A,v6,fe80::780a:a9ff:fee6:89,ff02::179,N/A,N/A,N/A,N/A,N/A,N/A,,,1
1759293457,eth1,110,Ethernet,IPv6,ICMP,N/A,v6,fe80::780a:a9ff:fee6:89,ff02::179,N/A,N/A,N/A,N/A,N/A,N/A,,,1
1759293457,eth1,70,Ethernet,IPv6,ICMP,N/A,v6,fe80::780a:a9ff:fee6:89,ff02::204,N/A,N/A,N/A,N/A,N/A,N/A,,,1
1759293457,any,72,N/A,IPv6,ICMP,N/A,v6,fe80::b0b5:44ff:feea:219,ff02::204,N/A,N/A,N/A,N/A,N/A,N/A,,,1
1759293457,any,72,N/A,IPv6,ICMP,N/A,v6,fe80::780a:a9ff:fee6:89,ff02::204,N/A,N/A,N/A,N/A,N/A,N/A,,,1
1759293457,eth0,70,Ethernet,IPv6,ICMP,N/A,v6,fe80::b0b5:44ff:feea:219,ff02::204,N/A,N/A,N/A,N/A,N/A,N/A,,,1
1759293457,any,92,N/A,IPv6,ICMP,N/A,v6,fe80::24f1:23ff:fe29:66,ff02::179,N/A,N/A,N/A,N/A,N/A,N/A,,,1
1759293457,any,56,N/A,IPv4,N/A,N/A,v4,172.30.0.23,224.0.0.22,N/A,N/A,N/A,N/A,N/A,N/A,,,1
1759293457,eth0,90,Ethernet,IPv6,ICMP,N/A,v6,fe80::24f1:23ff:fe29:66,ff02::179,N/A,N/A,N/A,N/A,N/A,N/A,,,1
1759293457,eth0,107,Ethernet,N/A,N/A,N/A,N/A,N/A,N/A,N/A,N/A,N/A,N/A,N/A,N/A,,,0
1759293457,any,109,N/A,N/A,N/A,N/A,N/A,N/A,N/A,N/A,N/A,N/A,N/A,N/A,N/A,,,0
1759293457,eth0,54,Ethernet,IPv4,N/A,N/A,v4,172.30.0.23,224.0.0.22,N/A,N/A,N/A,N/A,N/A,N/A,,,1
1759293457,any,358,N/A,IPv4,UDP,N/A,v4,0.0.0.0,255.255.255.255,68,67,N/A,N/A,N/A,N/A,,,1
1759293457,eth0,356,Ethernet,IPv4,UDP,N/A,v4,0.0.0.0,255.255.255.255,68,67,N/A,N/A,N/A,N/A,,,1
1759293457,eth0,368,Ethernet,IPv4,UDP,N/A,v4,0.0.0.0,255.255.255.255,68,67,N/A,N/A,N/A,N/A,,,1
1759293457,any,370,N/A,IPv4,UDP,N/A,v4,0.0.0.0,255.255.255.255,68,67,N/A,N/A,N/A,N/A,,,1
1759293457,any,112,N/A,IPv6,ICMP,N/A,v6,fe80::7827:e3ff:fe68:239,ff02::179,N/A,N/A,N/A,N/A,N/A,N/A,,,1
1759293457,eth1,110,Ethernet,IPv6,ICMP,N/A,v6,fe80::7827:e3ff:fe68:239,ff02::179,N/A,N/A,N/A,N/A,N/A,N/A,,,1
1759293457,eth0,110,Ethernet,IPv6,ICMP,N/A,v6,fe80::24f1:23ff:fe29:66,ff02::179,N/A,N/A,N/A,N/A,N/A,N/A,,,1
1759293457,eth0,54,Ethernet,IPv4,N/A,N/A,v4,172.30.0.23,224.0.0.22,N/A,N/A,N/A,N/A,N/A,N/A,,,1
1759293457,any,112,N/A,IPv6,ICMP,N/A,v6,fe80::24f1:23ff:fe29:66,ff02::179,N/A,N/A,N/A,N/A,N/A,N/A,,,1
1759293457,any,44,ARP,N/A,N/A,N/A,N/A,N/A,N/A,N/A,N/A,1,2048,172.30.0.23,172.30.0.122,,,1
1759293457,eth0,42,Ethernet,N/A,N/A,N/A,N/A,N/A,N/A,N/A,N/A,N/A,N/A,N/A,N/A,,,1
1759293457,eth0,54,Ethernet,IPv4,N/A,N/A,v4,172.30.0.23,224.0.0.22,N/A,N/A,N/A,N/A,N/A,N/A,,,1
1759293457,any,56,N/A,IPv4,N/A,N/A,v4,172.30.0.23,224.0.0.22,N/A,N/A,N/A,N/A,N/A,N/A,,,1
1759293457,eth0,110,Ethernet,IPv6,ICMP,N/A,v6,fe80::b0b5:44ff:feea:219,ff02::179,N/A,N/A,N/A,N/A,N/A,N/A,,,1
1759293457,any,112,N/A,IPv6,ICMP,N/A,v6,fe80::b0b5:44ff:feea:219,ff02::179,N/A,N/A,N/A,N/A,N/A,N/A,,,1
1759293457,eth0,110,Ethernet,IPv6,ICMP,N/A,v6,fe80::24f1:23ff:fe29:66,ff02::179,N/A,N/A,N/A,N/A,N/A,N/A,,,1
1759293457,any,112,N/A,IPv6,ICMP,N/A,v6,fe80::24f1:23ff:fe29:66,ff02::179,N/A,N/A,N/A,N/A,N/A,N/A,,,1
1759293458,eth0,70,Ethernet,IPv6,ICMP,N/A,v6,fe80::5ca9:83ff:fe87:27,ff02::204,N/A,N/A,N/A,N/A,N/A,N/A,,,0
1759293458,any,72,N/A,IPv6,ICMP,N/A,v6,fe80::5ca9:83ff:fe87:27,ff02::204,N/A,N/A,N/A,N/A,N/A,N/A,,,0
1759293458,any,72,N/A,IPv6,ICMP,N/A,v6,fe80::a824:52ff:fe4f:69,ff02::204,N/A,N/A,N/A,N/A,N/A,N/A,,,0
1759293458,eth1,70,Ethernet,IPv6,ICMP,N/A,v6,fe80::7827:e3ff:fe68:239,ff02::204,N/A,N/A,N/A,N/A,N/A,N/A,,,1
1759293458,eth0,70,Ethernet,IPv6,ICMP,N/A,v6,fe80::24f1:23ff:fe29:66,ff02::204,N/A,N/A,N/A,N/A,N/A,N/A,,,1
1759293458,any,72,N/A,IPv6,ICMP,N/A,v6,fe80::24f1:23ff:fe29:66,ff02::204,N/A,N/A,N/A,N/A,N/A,N/A,,,1
1759293458,any,72,N/A,IPv6,ICMP,N/A,v6,fe80::7827:e3ff:fe68:239,ff02::204,N/A,N/A,N/A,N/A,N/A,N/A,,,1
1759293458,eth0,111,Ethernet,N/A,N/A,N/A,N/A,N/A,N/A,N/A,N/A,N/A,N/A,N/A,N/A,,,1
1759293458,any,113,N/A,N/A,N/A,N/A,N/A,N/A,N/A,N/A,N/A,N/A,N/A,N/A,N/A,,,1
1759293458,any,112,N/A,IPv6,ICMP,N/A,v6,fe80::7827:e3ff:fe68:239,ff02::179,N/A,N/A,N/A,N/A,N/A,N/A,,,1
1759293458,eth1,110,Ethernet,IPv6,ICMP,N/A,v6,fe80::7827:e3ff:fe68:239,ff02::179,N/A,N/A,N/A,N/A,N/A,N/A,,,1
1759293458,any,72,N/A,IPv6,ICMP,N/A,v6,fe80::dcac:f9ff:fe59:60,ff02::204,N/A,N/A,N/A,N/A,N/A,N/A,,,1
1759293458,eth2,70,Ethernet,IPv6,ICMP,N/A,v6,fe80::dcac:f9ff:fe59:60,ff02::204,N/A,N/A,N/A,N/A,N/A,N/A,,,1
1759293458,any,72,N/A,IPv6,ICMP,N/A,v6,fe80::103b:bdff:fef0:169,ff02::204,N/A,N/A,N/A,N/A,N/A,N/A,,,1
1759293458,eth1,70,Ethernet,IPv6,ICMP,N/A,v6,fe80::103b:bdff:fef0:169,ff02::204,N/A,N/A,N/A,N/A,N/A,N/A,,,1
1759293458,eth0,70,Ethernet,IPv6,ICMP,N/A,v6,fe80::ecf9:eff:fefb:55,ff02::204,N/A,N/A,N/A,N/A,N/A,N/A,,,1
1759293458,any,72,N/A,IPv6,ICMP,N/A,v6,fe80::ecf9:eff:fefb:55,ff02::204,N/A,N/A,N/A,N/A,N/A,N/A,,,1
1759293458,any,72,N/A,IPv6,ICMP,N/A,v6,fe80::f056:abff:fe65:143,ff02::204,N/A,N/A,N/A,N/A,N/A,N/A,,,1
1759293458,eth1,70,Ethernet,IPv6,ICMP,N/A,v6,fe80::f056:abff:fe65:143,ff02::204,N/A,N/A,N/A,N/A,N/A,N/A,,,1
1759293458,any,72,N/A,IPv6,ICMP,N/A,v6,fe80::e48e:99ff:fe5f:147,ff02::204,N/A,N/A,N/A,N/A,N/A,N/A,,,1
1759293458,eth0,70,Ethernet,IPv6,ICMP,N/A,v6,fe80::e48e:99ff:fe5f:147,ff02::204,N/A,N/A,N/A,N/A,N/A,N/A,,,1
1759293458,eth0,90,Ethernet,IPv6,ICMP,N/A,v6,fe80::e48e:99ff:fe5f:147,ff02::179,N/A,N/A,N/A,N/A,N/A,N/A,,,1
1759293458,eth0,54,Ethernet,IPv4,N/A,N/A,v4,172.30.0.220,224.0.0.22,N/A,N/A,N/A,N/A,N/A,N/A,,,1
1759293458,any,92,N/A,IPv6,ICMP,N/A,v6,fe80::e48e:99ff:fe5f:147,ff02::179,N/A,N/A,N/A,N/A,N/A,N/A,,,1
1759293458,eth0,90,Ethernet,IPv6,ICMP,N/A,v6,fe80::ecf9:eff:fefb:55,ff02::179,N/A,N/A,N/A,N/A,N/A,N/A,,,1
1759293458,eth0,56,Ethernet,IPv4,N/A,N/A,v4,172.30.0.89,224.0.0.22,N/A,N/A,N/A,N/A,N/A,N/A,,,1
1759293458,any,92,N/A,IPv6,ICMP,N/A,v6,fe80::ecf9:eff:fefb:55,ff02::179,N/A,N/A,N/A,N/A,N/A,N/A,,,1
1759293458,any,58,N/A,IPv4,N/A,N/A,v4,172.30.0.89,224.0.0.22,N/A,N/A,N/A,N/A,N/A,N/A,,,1
1759293458,eth0,54,Ethernet,IPv4,N/A,N/A,v4,172.30.0.220,224.0.0.22,N/A,N/A,N/A,N/A,N/A,N/A,,,1
1759293458,any,56,N/A,IPv4,N/A,N/A,v4,172.30.0.220,224.0.0.22,N/A,N/A,N/A,N/A,N/A,N/A,,,1
1759293458,eth0,87,Ethernet,IPv6,UDP,N/A,v6,fe80::ecf9:eff:fefb:55,ff02::1:52,5355,5355,N/A,N/A,N/A,N/A,,,1
1759293458,any,89,N/A,IPv6,UDP,N/A,v6,fe80::ecf9:eff:fefb:55,ff02::1:52,5355,5355,N/A,N/A,N/A,N/A,,,1
1759293458,eth0,91,Ethernet,IPv6,UDP,N/A,v6,fe80::e48e:99ff:fe5f:147,ff02::1:52,5355,5355,N/A,N/A,N/A,N/A,,,1
1759293458,any,93,N/A,IPv6,UDP,N/A,v6,fe80::e48e:99ff:fe5f:147,ff02::1:52,5355,5355,N/A,N/A,N/A,N/A,,,1
1759293458,eth0,360,Ethernet,IPv4,UDP,N/A,v4,0.0.0.0,255.255.255.255,68,67,N/A,N/A,N/A,N/A,,,1
1759293458,eth1,70,Ethernet,IPv6,ICMP,N/A,v6,fe80::a824:52ff:fe4f:69,ff02::204,N/A,N/A,N/A,N/A,N/A,N/A,,,0
1759293458,eth0,107,Ethernet,N/A,N/A,N/A,N/A,N/A,N/A,N/A,N/A,N/A,N/A,N/A,N/A,,,0
1759293458,any,109,N/A,N/A,N/A,N/A,N/A,N/A,N/A,N/A,N/A,N/A,N/A,N/A,N/A,,,0
1759293458,any,362,N/A,IPv4,UDP,N/A,v4,0.0.0.0,255.255.255.255,68,67,N/A,N/A,N/A,N/A,,,1
1759293458,eth2,110,Ethernet,IPv6,ICMP,N/A,v6,fe80::dcac:f9ff:fe59:60,ff02::179,N/A,N/A,N/A,N/A,N/A,N/A,,,1
1759293458,eth1,110,Ethernet,IPv6,ICMP,N/A,v6,fe80::f056:abff:fe65:143,ff02::179,N/A,N/A,N/A,N/A,N/A,N/A,,,1
1759293459,eth0,90,Ethernet,IPv6,ICMP,N/A,v6,fe80::5ca9:83ff:fe87:27,ff02::179,N/A,N/A,N/A,N/A,N/A,N/A,,,0
1759293459,eth0,54,Ethernet,IPv4,N/A,N/A,v4,172.30.0.220,224.0.0.22,N/A,N/A,N/A,N/A,N/A,N/A,,,0
1759293459,any,92,N/A,IPv6,ICMP,N/A,v6,fe80::5ca9:83ff:fe87:27,ff02::179,N/A,N/A,N/A,N/A,N/A,N/A,,,0
1759293459,eth0,54,Ethernet,IPv4,N/A,N/A,v4,172.30.0.220,224.0.0.22,N/A,N/A,N/A,N/A,N/A,N/A,,,0
1759293459,any,56,N/A,IPv4,N/A,N/A,v4,172.30.0.220,224.0.0.22,N/A,N/A,N/A,N/A,N/A,N/A,,,0
1759293459,eth0,87,Ethernet,IPv6,UDP,N/A,v6,fe80::5ca9:83ff:fe87:27,ff02::1:52,5355,5355,N/A,N/A,N/A,N/A,,,0
1759293459,eth0,67,Ethernet,IPv4,UDP,N/A,v4,172.30.0.220,224.0.0.252,5355,5355,N/A,N/A,N/A,N/A,,,0
1759293459,any,89,N/A,IPv6,UDP,N/A,v6,fe80::5ca9:83ff:fe87:27,ff02::1:52,5355,5355,N/A,N/A,N/A,N/A,,,0
1759293459,eth0,356,Ethernet,IPv4,UDP,N/A,v4,0.0.0.0,255.255.255.255,68,67,N/A,N/A,N/A,N/A,,,0
1759293459,any,358,N/A,IPv4,UDP,N/A,v4,0.0.0.0,255.255.255.255,68,67,N/A,N/A,N/A,N/A,,,0
1759293459,eth0,368,Ethernet,IPv4,UDP,N/A,v4,0.0.0.0,255.255.255.255,68,67,N/A,N/A,N/A,N/A,,,0
1759293459,any,370,N/A,IPv4,UDP,N/A,v4,0.0.0.0,255.255.255.255,68,67,N/A,N/A,N/A,N/A,,,0
1759293459,eth1,110,Ethernet,IPv6,ICMP,N/A,v6,fe80::a824:52ff:fe4f:69,ff02::179,N/A,N/A,N/A,N/A,N/A,N/A,,,0
1759293459,any,112,N/A,IPv6,ICMP,N/A,v6,fe80::a824:52ff:fe4f:69,ff02::179,N/A,N/A,N/A,N/A,N/A,N/A,,,0
1759293459,eth0,54,Ethernet,IPv4,N/A,N/A,v4,172.30.0.220,224.0.0.22,N/A,N/A,N/A,N/A,N/A,N/A,,,0
1759293459,any,56,N/A,IPv4,N/A,N/A,v4,172.30.0.220,224.0.0.22,N/A,N/A,N/A,N/A,N/A,N/A,,,0
1759293459,eth0,110,Ethernet,IPv6,ICMP,N/A,v6,fe80::5ca9:83ff:fe87:27,ff02::179,N/A,N/A,N/A,N/A,N/A,N/A,,,0
1759293459,any,112,N/A,IPv6,ICMP,N/A,v6,fe80::5ca9:83ff:fe87:27,ff02::179,N/A,N/A,N/A,N/A,N/A,N/A,,,0
1759293459,eth0,42,Ethernet,N/A,N/A,N/A,N/A,N/A,N/A,N/A,N/A,N/A,N/A,N/A,N/A,,,0
1759293459,any,44,ARP,N/A,N/A,N/A,N/A,N/A,N/A,N/A,N/A,1,2048,172.30.0.220,172.30.0.122,,,0
1759293459,any,58,ARP,N/A,N/A,N/A,N/A,N/A,N/A,N/A,N/A,2,2048,172.30.0.122,172.30.0.220,,,0
1759293459,eth0,56,Ethernet,N/A,N/A,N/A,N/A,N/A,N/A,N/A,N/A,N/A,N/A,N/A,N/A,,,0
1759293459,eth0,372,Ethernet,IPv4,UDP,N/A,v4,0.0.0.0,255.255.255.255,68,67,N/A,N/A,N/A,N/A,,,1
1759293459,eth0,356,Ethernet,IPv4,UDP,N/A,v4,0.0.0.0,255.255.255.255,68,67,N/A,N/A,N/A,N/A,,,1
1759293459,eth0,368,Ethernet,IPv4,UDP,N/A,v4,0.0.0.0,255.255.255.255,68,67,N/A,N/A,N/A,N/A,,,1
1759293459,eth0,110,Ethernet,IPv6,ICMP,N/A,v6,fe80::e48e:99ff:fe5f:147,ff02::179,N/A,N/A,N/A,N/A,N/A,N/A,,,1
1759293459,eth0,54,Ethernet,IPv4,N/A,N/A,v4,172.30.0.220,224.0.0.22,N/A,N/A,N/A,N/A,N/A,N/A,,,1
1759293459,eth0,56,Ethernet,N/A,N/A,N/A,N/A,N/A,N/A,N/A,N/A,N/A,N/A,N/A,N/A,,,1
1759293459,eth0,110,Ethernet,IPv6,ICMP,N/A,v6,fe80::ecf9:eff:fefb:55,ff02::179,N/A,N/A,N/A,N/A,N/A,N/A,,,1
1759293459,eth0,56,Ethernet,IPv4,N/A,N/A,v4,172.30.0.89,224.0.0.22,N/A,N/A,N/A,N/A,N/A,N/A,,,1
1759293459,eth0,42,Ethernet,N/A,N/A,N/A,N/A,N/A,N/A,N/A,N/A,N/A,N/A,N/A,N/A,,,1
1759293459,eth0,56,Ethernet,N/A,N/A,N/A,N/A,N/A,N/A,N/A,N/A,N/A,N/A,N/A,N/A,,,1
1759293459,eth0,56,Ethernet,N/A,N/A,N/A,N/A,N/A,N/A,N/A,N/A,N/A,N/A,N/A,N/A,,,1
1759293459,eth0,54,Ethernet,IPv4,N/A,N/A,v4,172.30.0.220,224.0.0.22,N/A,N/A,N/A,N/A,N/A,N/A,,,1
1759293459,any,374,N/A,IPv4,UDP,N/A,v4,0.0.0.0,255.255.255.255,68,67,N/A,N/A,N/A,N/A,,,1
1759293459,any,112,N/A,IPv6,ICMP,N/A,v6,fe80::dcac:f9ff:fe59:60,ff02::179,N/A,N/A,N/A,N/A,N/A,N/A,,,1
1759293459,any,112,N/A,IPv6,ICMP,N/A,v6,fe80::f056:abff:fe65:143,ff02::179,N/A,N/A,N/A,N/A,N/A,N/A,,,1
1759293459,any,358,N/A,IPv4,UDP,N/A,v4,0.0.0.0,255.255.255.255,68,67,N/A,N/A,N/A,N/A,,,1
1759293459,any,370,N/A,IPv4,UDP,N/A,v4,0.0.0.0,255.255.255.255,68,67,N/A,N/A,N/A,N/A,,,1
1759293459,any,112,N/A,IPv6,ICMP,N/A,v6,fe80::103b:bdff:fef0:169,ff02::179,N/A,N/A,N/A,N/A,N/A,N/A,,,1
1759293459,any,112,N/A,IPv6,ICMP,N/A,v6,fe80::e48e:99ff:fe5f:147,ff02::179,N/A,N/A,N/A,N/A,N/A,N/A,,,1
1759293459,any,58,ARP,N/A,N/A,N/A,N/A,N/A,N/A,N/A,N/A,1,2048,172.30.0.89,172.30.0.122,,,1
1759293459,any,112,N/A,IPv6,ICMP,N/A,v6,fe80::ecf9:eff:fefb:55,ff02::179,N/A,N/A,N/A,N/A,N/A,N/A,,,1
1759293459,any,58,N/A,IPv4,N/A,N/A,v4,172.30.0.89,224.0.0.22,N/A,N/A,N/A,N/A,N/A,N/A,,,1
1759293459,any,44,ARP,N/A,N/A,N/A,N/A,N/A,N/A,N/A,N/A,1,2048,172.30.0.220,172.30.0.122,,,1
1759293459,any,58,ARP,N/A,N/A,N/A,N/A,N/A,N/A,N/A,N/A,2,2048,172.30.0.122,172.30.0.220,,,1
1759293459,eth1,110,Ethernet,IPv6,ICMP,N/A,v6,fe80::103b:bdff:fef0:169,ff02::179,N/A,N/A,N/A,N/A,N/A,N/A,,,1
1759293459,any,56,N/A,IPv4,N/A,N/A,v4,172.30.0.220,224.0.0.22,N/A,N/A,N/A,N/A,N/A,N/A,,,1
1759293459,any,112,N/A,IPv6,ICMP,N/A,v6,fe80::dcac:f9ff:fe59:60,ff02::179,N/A,N/A,N/A,N/A,N/A,N/A,,,1
1759293459,eth2,110,Ethernet,IPv6,ICMP,N/A,v6,fe80::dcac:f9ff:fe59:60,ff02::179,N/A,N/A,N/A,N/A,N/A,N/A,,,1
1759293459,any,112,N/A,IPv6,ICMP,N/A,v6,fe80::ecf9:eff:fefb:55,ff02::179,N/A,N/A,N/A,N/A,N/A,N/A,,,1
1759293459,eth0,110,Ethernet,IPv6,ICMP,N/A,v6,fe80::ecf9:eff:fefb:55,ff02::179,N/A,N/A,N/A,N/A,N/A,N/A,,,1
1759293459,any,112,N/A,IPv6,ICMP,N/A,v6,fe80::f056:abff:fe65:143,ff02::179,N/A,N/A,N/A,N/A,N/A,N/A,,,1
1759293459,eth1,110,Ethernet,IPv6,ICMP,N/A,v6,fe80::f056:abff:fe65:143,ff02::179,N/A,N/A,N/A,N/A,N/A,N/A,,,1
1759293459,eth1,70,Ethernet,IPv6,ICMP,N/A,v6,fe80::103b:bdff:fef0:169,ff02::204,N/A,N/A,N/A,N/A,N/A,N/A,,,1
1759293459,any,72,N/A,IPv6,ICMP,N/A,v6,fe80::ecf9:eff:fefb:55,ff02::204,N/A,N/A,N/A,N/A,N/A,N/A,,,1
1759293459,any,72,N/A,IPv6,ICMP,N/A,v6,fe80::103b:bdff:fef0:169,ff02::204,N/A,N/A,N/A,N/A,N/A,N/A,,,1
1759293459,eth0,70,Ethernet,IPv6,ICMP,N/A,v6,fe80::ecf9:eff:fefb:55,ff02::204,N/A,N/A,N/A,N/A,N/A,N/A,,,1
1759293459,any,112,N/A,IPv6,ICMP,N/A,v6,fe80::103b:bdff:fef0:169,ff02::179,N/A,N/A,N/A,N/A,N/A,N/A,,,1
1759293459,eth1,110,Ethernet,IPv6,ICMP,N/A,v6,fe80::103b:bdff:fef0:169,ff02::179,N/A,N/A,N/A,N/A,N/A,N/A,,,1
1759293459,any,112,N/A,IPv6,ICMP,N/A,v6,fe80::e48e:99ff:fe5f:147,ff02::179,N/A,N/A,N/A,N/A,N/A,N/A,,,1
1759293459,eth0,110,Ethernet,IPv6,ICMP,N/A,v6,fe80::e48e:99ff:fe5f:147,ff02::179,N/A,N/A,N/A,N/A,N/A,N/A,,,1
1759293459,eth0,70,Ethernet,IPv6,ICMP,N/A,v6,fe80::e48e:99ff:fe5f:147,ff02::204,N/A,N/A,N/A,N/A,N/A,N/A,,,1
1759293459,eth2,70,Ethernet,IPv6,ICMP,N/A,v6,fe80::dcac:f9ff:fe59:60,ff02::204,N/A,N/A,N/A,N/A,N/A,N/A,,,1
1759293459,eth1,70,Ethernet,IPv6,ICMP,N/A,v6,fe80::f056:abff:fe65:143,ff02::204,N/A,N/A,N/A,N/A,N/A,N/A,,,1
1759293459,any,72,N/A,IPv6,ICMP,N/A,v6,fe80::dcac:f9ff:fe59:60,ff02::204,N/A,N/A,N/A,N/A,N/A,N/A,,,1
1759293459,eth0,56,Ethernet,IPv4,N/A,N/A,v4,172.30.0.89,224.0.0.22,N/A,N/A,N/A,N/A,N/A,N/A,,,1
1759293459,any,58,N/A,IPv4,N/A,N/A,v4,172.30.0.89,224.0.0.22,N/A,N/A,N/A,N/A,N/A,N/A,,,1
1759293459,eth0,111,Ethernet,N/A,N/A,N/A,N/A,N/A,N/A,N/A,N/A,N/A,N/A,N/A,N/A,,,1
1759293459,any,113,N/A,N/A,N/A,N/A,N/A,N/A,N/A,N/A,N/A,N/A,N/A,N/A,N/A,,,1
1759293459,eth0,56,Ethernet,N/A,N/A,N/A,N/A,N/A,N/A,N/A,N/A,N/A,N/A,N/A,N/A,,,0
1759293459,any,112,N/A,IPv6,ICMP,N/A,v6,fe80::a824:52ff:fe4f:69,ff02::179,N/A,N/A,N/A,N/A,N/A,N/A,,,0
1759293459,eth1,110,Ethernet,IPv6,ICMP,N/A,v6,fe80::a824:52ff:fe4f:69,ff02::179,N/A,N/A,N/A,N/A,N/A,N/A,,,0
1759293459,any,112,N/A,IPv6,ICMP,N/A,v6,fe80::5ca9:83ff:fe87:27,ff02::179,N/A,N/A,N/A,N/A,N/A,N/A,,,0
1759293459,eth0,110,Ethernet,IPv6,ICMP,N/A,v6,fe80::5ca9:83ff:fe87:27,ff02::179,N/A,N/A,N/A,N/A,N/A,N/A,,,0
1759293459,eth0,70,Ethernet,IPv6,ICMP,N/A,v6,fe80::5ca9:83ff:fe87:27,ff02::204,N/A,N/A,N/A,N/A,N/A,N/A,,,0
1759293459,eth1,70,Ethernet,IPv6,ICMP,N/A,v6,fe80::a824:52ff:fe4f:69,ff02::204,N/A,N/A,N/A,N/A,N/A,N/A,,,0
1759293459,any,72,N/A,IPv6,ICMP,N/A,v6,fe80::a824:52ff:fe4f:69,ff02::204,N/A,N/A,N/A,N/A,N/A,N/A,,,0
1759293460,eth0,54,Ethernet,IPv4,N/A,N/A,v4,172.30.0.220,224.0.0.22,N/A,N/A,N/A,N/A,N/A,N/A,,,0
1759293460,any,56,N/A,IPv4,N/A,N/A,v4,172.30.0.220,224.0.0.22,N/A,N/A,N/A,N/A,N/A,N/A,,,0
1759293460,eth0,107,Ethernet,N/A,N/A,N/A,N/A,N/A,N/A,N/A,N/A,N/A,N/A,N/A,N/A,,,0
1759293460,any,109,N/A,N/A,N/A,N/A,N/A,N/A,N/A,N/A,N/A,N/A,N/A,N/A,N/A,,,0
1759293461,eth0,70,Ethernet,IPv6,ICMP,N/A,v6,fe80::b0b5:44ff:feea:219,ff02::204,N/A,N/A,N/A,N/A,N/A,N/A,,,1
1759293461,any,72,N/A,IPv6,ICMP,N/A,v6,fe80::b0b5:44ff:feea:219,ff02::204,N/A,N/A,N/A,N/A,N/A,N/A,,,1
1759293461,any,113,N/A,N/A,N/A,N/A,N/A,N/A,N/A,N/A,N/A,N/A,N/A,N/A,N/A,,,1
1759293461,eth0,111,Ethernet,N/A,N/A,N/A,N/A,N/A,N/A,N/A,N/A,N/A,N/A,N/A,N/A,,,1
1759293461,any,72,N/A,IPv6,ICMP,N/A,v6,fe80::780a:a9ff:fee6:89,ff02::204,N/A,N/A,N/A,N/A,N/A,N/A,,,1
1759293461,eth1,70,Ethernet,IPv6,ICMP,N/A,v6,fe80::780a:a9ff:fee6:89,ff02::204,N/A,N/A,N/A,N/A,N/A,N/A,,,1
1759293461,eth0,90,Ethernet,IPv6,ICMP,N/A,v6,fe80::b0b5:44ff:feea:219,ff02::179,N/A,N/A,N/A,N/A,N/A,N/A,,,1
1759293461,eth0,54,Ethernet,IPv4,N/A,N/A,v4,172.30.0.163,224.0.0.22,N/A,N/A,N/A,N/A,N/A,N/A,,,1
1759293461,any,92,N/A,IPv6,ICMP,N/A,v6,fe80::b0b5:44ff:feea:219,ff02::179,N/A,N/A,N/A,N/A,N/A,N/A,,,1
1759293461,any,70,N/A,IPv4,UDP,N/A,v4,172.30.0.163,224.0.0.252,5355,5355,N/A,N/A,N/A,N/A,,,1
1759293461,eth0,68,Ethernet,IPv4,UDP,N/A,v4,172.30.0.163,224.0.0.252,5355,5355,N/A,N/A,N/A,N/A,,,1
1759293461,eth0,357,Ethernet,IPv4,UDP,N/A,v4,0.0.0.0,255.255.255.255,68,67,N/A,N/A,N/A,N/A,,,1
1759293461,any,359,N/A,IPv4,UDP,N/A,v4,0.0.0.0,255.255.255.255,68,67,N/A,N/A,N/A,N/A,,,1
1759293461,eth0,369,Ethernet,IPv4,UDP,N/A,v4,0.0.0.0,255.255.255.255,68,67,N/A,N/A,N/A,N/A,,,1
1759293461,any,371,N/A,IPv4,UDP,N/A,v4,0.0.0.0,255.255.255.255,68,67,N/A,N/A,N/A,N/A,,,1
1759293461,eth0,42,Ethernet,N/A,N/A,N/A,N/A,N/A,N/A,N/A,N/A,N/A,N/A,N/A,N/A,,,1
1759293461,eth1,110,Ethernet,IPv6,ICMP,N/A,v6,fe80::780a:a9ff:fee6:89,ff02::179,N/A,N/A,N/A,N/A,N/A,N/A,,,1
1759293461,any,112,N/A,IPv6,ICMP,N/A,v6,fe80::780a:a9ff:fee6:89,ff02::179,N/A,N/A,N/A,N/A,N/A,N/A,,,1
1759293461,eth0,54,Ethernet,IPv4,N/A,N/A,v4,172.30.0.163,224.0.0.22,N/A,N/A,N/A,N/A,N/A,N/A,,,1
1759293461,any,56,N/A,IPv4,N/A,N/A,v4,172.30.0.163,224.0.0.22,N/A,N/A,N/A,N/A,N/A,N/A,,,1
1759293461,any,112,N/A,IPv6,ICMP,N/A,v6,fe80::b0b5:44ff:feea:219,ff02::179,N/A,N/A,N/A,N/A,N/A,N/A,,,1
1759293461,eth0,110,Ethernet,IPv6,ICMP,N/A,v6,fe80::b0b5:44ff:feea:219,ff02::179,N/A,N/A,N/A,N/A,N/A,N/A,,,1
1759293461,any,72,N/A,IPv6,ICMP,N/A,v6,fe80::24f1:23ff:fe29:66,ff02::204,N/A,N/A,N/A,N/A,N/A,N/A,,,1
1759293461,eth0,70,Ethernet,IPv6,ICMP,N/A,v6,fe80::24f1:23ff:fe29:66,ff02::204,N/A,N/A,N/A,N/A,N/A,N/A,,,1
1759293461,any,109,N/A,N/A,N/A,N/A,N/A,N/A,N/A,N/A,N/A,N/A,N/A,N/A,N/A,,,0
1759293461,eth0,107,Ethernet,N/A,N/A,N/A,N/A,N/A,N/A,N/A,N/A,N/A,N/A,N/A,N/A,,,0
1759293462,any,72,N/A,IPv6,ICMP,N/A,v6,fe80::7827:e3ff:fe68:239,ff02::204,N/A,N/A,N/A,N/A,N/A,N/A,,,1
1759293462,eth1,70,Ethernet,IPv6,ICMP,N/A,v6,fe80::7827:e3ff:fe68:239,ff02::204,N/A,N/A,N/A,N/A,N/A,N/A,,,1
1759293462,any,112,N/A,IPv6,ICMP,N/A,v6,fe80::b0b5:44ff:feea:219,ff02::179,N/A,N/A,N/A,N/A,N/A,N/A,,,1
1759293462,eth0,110,Ethernet,IPv6,ICMP,N/A,v6,fe80::b0b5:44ff:feea:219,ff02::179,N/A,N/A,N/A,N/A,N/A,N/A,,,1
1759293462,eth0,70,Ethernet,IPv6,ICMP,N/A,v6,fe80::b0b5:44ff:feea:219,ff02::204,N/A,N/A,N/A,N/A,N/A,N/A,,,1
1759293462,eth1,70,Ethernet,IPv6,ICMP,N/A,v6,fe80::780a:a9ff:fee6:89,ff02::204,N/A,N/A,N/A,N/A,N/A,N/A,,,1
1759293462,any,72,N/A,IPv6,ICMP,N/A,v6,fe80::b0b5:44ff:feea:219,ff02::204,N/A,N/A,N/A,N/A,N/A,N/A,,,1
1759293462,eth0,111,Ethernet,N/A,N/A,N/A,N/A,N/A,N/A,N/A,N/A,N/A,N/A,N/A,N/A,,,1
1759293462,any,113,N/A,N/A,N/A,N/A,N/A,N/A,N/A,N/A,N/A,N/A,N/A,N/A,N/A,,,1
1759293462,eth0,90,Ethernet,IPv6,ICMP,N/A,v6,fe80::24f1:23ff:fe29:66,ff02::179,N/A,N/A,N/A,N/A,N/A,N/A,,,1
1759293462,eth0,54,Ethernet,IPv4,N/A,N/A,v4,172.30.0.23,224.0.0.22,N/A,N/A,N/A,N/A,N/A,N/A,,,1
1759293462,any,92,N/A,IPv6,ICMP,N/A,v6,fe80::24f1:23ff:fe29:66,ff02::179,N/A,N/A,N/A,N/A,N/A,N/A,,,1
1759293462,any,56,N/A,IPv4,N/A,N/A,v4,172.30.0.163,224.0.0.22,N/A,N/A,N/A,N/A,N/A,N/A,,,1
1759293462,eth0,54,Ethernet,IPv4,N/A,N/A,v4,172.30.0.163,224.0.0.22,N/A,N/A,N/A,N/A,N/A,N/A,,,1
1759293462,any,69,N/A,IPv4,UDP,N/A,v4,172.30.0.23,224.0.0.252,5355,5355,N/A,N/A,N/A,N/A,,,1
1759293462,eth0,67,Ethernet,IPv4,UDP,N/A,v4,172.30.0.23,224.0.0.252,5355,5355,N/A,N/A,N/A,N/A,,,1
1759293462,eth0,356,Ethernet,IPv4,UDP,N/A,v4,0.0.0.0,255.255.255.255,68,67,N/A,N/A,N/A,N/A,,,1
1759293462,any,358,N/A,IPv4,UDP,N/A,v4,0.0.0.0,255.255.255.255,68,67,N/A,N/A,N/A,N/A,,,1
1759293462,eth0,368,Ethernet,IPv4,UDP,N/A,v4,0.0.0.0,255.255.255.255,68,67,N/A,N/A,N/A,N/A,,,1
1759293462,any,370,N/A,IPv4,UDP,N/A,v4,0.0.0.0,255.255.255.255,68,67,N/A,N/A,N/A,N/A,,,1
1759293462,any,112,N/A,IPv6,ICMP,N/A,v6,fe80::7827:e3ff:fe68:239,ff02::179,N/A,N/A,N/A,N/A,N/A,N/A,,,1
1759293462,eth1,110,Ethernet,IPv6,ICMP,N/A,v6,fe80::7827:e3ff:fe68:239,ff02::179,N/A,N/A,N/A,N/A,N/A,N/A,,,1
1759293462,any,56,N/A,IPv4,N/A,N/A,v4,172.30.0.23,224.0.0.22,N/A,N/A,N/A,N/A,N/A,N/A,,,1
1759293462,eth0,54,Ethernet,IPv4,N/A,N/A,v4,172.30.0.23,224.0.0.22,N/A,N/A,N/A,N/A,N/A,N/A,,,1
1759293462,eth0,110,Ethernet,IPv6,ICMP,N/A,v6,fe80::24f1:23ff:fe29:66,ff02::179,N/A,N/A,N/A,N/A,N/A,N/A,,,1
1759293462,eth0,107,Ethernet,N/A,N/A,N/A,N/A,N/A,N/A,N/A,N/A,N/A,N/A,N/A,N/A,,,0
1759293462,any,109,N/A,N/A,N/A,N/A,N/A,N/A,N/A,N/A,N/A,N/A,N/A,N/A,N/A,,,0
1759293462,any,112,N/A,IPv6,ICMP,N/A,v6,fe80::24f1:23ff:fe29:66,ff02::179,N/A,N/A,N/A,N/A,N/A,N/A,,,1
1759293462,any,112,N/A,IPv6,ICMP,N/A,v6,fe80::780a:a9ff:fee6:89,ff02::179,N/A,N/A,N/A,N/A,N/A,N/A,,,1
1759293462,eth1,110,Ethernet,IPv6,ICMP,N/A,v6,fe80::780a:a9ff:fee6:89,ff02::179,N/A,N/A,N/A,N/A,N/A,N/A,,,1
1759293462,eth0,110,Ethernet,IPv6,ICMP,N/A,v6,fe80::24f1:23ff:fe29:66,ff02::179,N/A,N/A,N/A,N/A,N/A,N/A,,,1
1759293462,any,112,N/A,IPv6,ICMP,N/A,v6,fe80::24f1:23ff:fe29:66,ff02::179,N/A,N/A,N/A,N/A,N/A,N/A,,,1
1759293462,eth0,90,Ethernet,IPv6,ICMP,N/A,v6,fe80::e48e:99ff:fe5f:147,ff02::179,N/A,N/A,N/A,N/A,N/A,N/A,,,1
1759293462,eth0,54,Ethernet,IPv4,N/A,N/A,v4,172.30.0.220,224.0.0.22,N/A,N/A,N/A,N/A,N/A,N/A,,,1
1759293462,any,92,N/A,IPv6,ICMP,N/A,v6,fe80::e48e:99ff:fe5f:147,ff02::179,N/A,N/A,N/A,N/A,N/A,N/A,,,1
1759293462,eth0,90,Ethernet,IPv6,ICMP,N/A,v6,fe80::ecf9:eff:fefb:55,ff02::179,N/A,N/A,N/A,N/A,N/A,N/A,,,1
1759293462,eth0,56,Ethernet,IPv4,N/A,N/A,v4,172.30.0.89,224.0.0.22,N/A,N/A,N/A,N/A,N/A,N/A,,,1
1759293462,any,92,N/A,IPv6,ICMP,N/A,v6,fe80::ecf9:eff:fefb:55,ff02::179,N/A,N/A,N/A,N/A,N/A,N/A,,,1
1759293462,eth0,87,Ethernet,IPv6,UDP,N/A,v6,fe80::ecf9:eff:fefb:55,ff02::1:52,5355,5355,N/A,N/A,N/A,N/A,,,1
1759293462,eth0,71,Ethernet,IPv4,UDP,N/A,v4,172.30.0.220,224.0.0.252,5355,5355,N/A,N/A,N/A,N/A,,,1
1759293462,any,89,N/A,IPv6,UDP,N/A,v6,fe80::ecf9:eff:fefb:55,ff02::1:52,5355,5355,N/A,N/A,N/A,N/A,,,1
1759293462,any,73,N/A,IPv4,UDP,N/A,v4,172.30.0.220,224.0.0.252,5355,5355,N/A,N/A,N/A,N/A,,,1
1759293463,any,72,N/A,IPv6,ICMP,N/A,v6,fe80::5ca9:83ff:fe87:27,ff02::204,N/A,N/A,N/A,N/A,N/A,N/A,,,0
1759293463,eth0,70,Ethernet,IPv6,ICMP,N/A,v6,fe80::5ca9:83ff:fe87:27,ff02::204,N/A,N/A,N/A,N/A,N/A,N/A,,,0
1759293463,eth0,90,Ethernet,IPv6,ICMP,N/A,v6,fe80::5ca9:83ff:fe87:27,ff02::179,N/A,N/A,N/A,N/A,N/A,N/A,,,0
1759293463,eth0,54,Ethernet,IPv4,N/A,N/A,v4,172.30.0.220,224.0.0.22,N/A,N/A,N/A,N/A,N/A,N/A,,,0
1759293463,any,92,N/A,IPv6,ICMP,N/A,v6,fe80::5ca9:83ff:fe87:27,ff02::179,N/A,N/A,N/A,N/A,N/A,N/A,,,0
1759293463,eth0,67,Ethernet,IPv4,UDP,N/A,v4,172.30.0.220,224.0.0.252,5355,5355,N/A,N/A,N/A,N/A,,,0
1759293463,any,69,N/A,IPv4,UDP,N/A,v4,172.30.0.220,224.0.0.252,5355,5355,N/A,N/A,N/A,N/A,,,0
1759293463,eth0,356,Ethernet,IPv4,UDP,N/A,v4,0.0.0.0,255.255.255.255,68,67,N/A,N/A,N/A,N/A,,,0
1759293463,any,358,N/A,IPv4,UDP,N/A,v4,0.0.0.0,255.255.255.255,68,67,N/A,N/A,N/A,N/A,,,0
1759293463,eth0,356,Ethernet,IPv4,UDP,N/A,v4,0.0.0.0,255.255.255.255,68,67,N/A,N/A,N/A,N/A,,,1
1759293463,any,358,N/A,IPv4,UDP,N/A,v4,0.0.0.0,255.255.255.255,68,67,N/A,N/A,N/A,N/A,,,1
1759293463,eth0,368,Ethernet,IPv4,UDP,N/A,v4,0.0.0.0,255.255.255.255,68,67,N/A,N/A,N/A,N/A,,,1
1759293463,any,370,N/A,IPv4,UDP,N/A,v4,0.0.0.0,255.255.255.255,68,67,N/A,N/A,N/A,N/A,,,1
1759293463,eth1,110,Ethernet,IPv6,ICMP,N/A,v6,fe80::103b:bdff:fef0:169,ff02::179,N/A,N/A,N/A,N/A,N/A,N/A,,,1
1759293463,any,112,N/A,IPv6,ICMP,N/A,v6,fe80::103b:bdff:fef0:169,ff02::179,N/A,N/A,N/A,N/A,N/A,N/A,,,1
1759293463,eth0,360,Ethernet,IPv4,UDP,N/A,v4,0.0.0.0,255.255.255.255,68,67,N/A,N/A,N/A,N/A,,,1
1759293463,any,362,N/A,IPv4,UDP,N/A,v4,0.0.0.0,255.255.255.255,68,67,N/A,N/A,N/A,N/A,,,1
1759293463,eth0,372,Ethernet,IPv4,UDP,N/A,v4,0.0.0.0,255.255.255.255,68,67,N/A,N/A,N/A,N/A,,,1
1759293463,any,374,N/A,IPv4,UDP,N/A,v4,0.0.0.0,255.255.255.255,68,67,N/A,N/A,N/A,N/A,,,1
1759293463,any,112,N/A,IPv6,ICMP,N/A,v6,fe80::ecf9:eff:fefb:55,ff02::179,N/A,N/A,N/A,N/A,N/A,N/A,,,1
1759293463,any,58,N/A,IPv4,N/A,N/A,v4,172.30.0.89,224.0.0.22,N/A,N/A,N/A,N/A,N/A,N/A,,,1
1759293463,any,112,N/A,IPv6,ICMP,N/A,v6,fe80::f056:abff:fe65:143,ff02::179,N/A,N/A,N/A,N/A,N/A,N/A,,,1
1759293463,any,72,N/A,IPv6,ICMP,N/A,v6,fe80::7827:e3ff:fe68:239,ff02::204,N/A,N/A,N/A,N/A,N/A,N/A,,,1
1759293463,any,112,N/A,IPv6,ICMP,N/A,v6,fe80::e48e:99ff:fe5f:147,ff02::179,N/A,N/A,N/A,N/A,N/A,N/A,,,1
1759293463,any,58,ARP,N/A,N/A,N/A,N/A,N/A,N/A,N/A,N/A,1,2048,172.30.0.89,172.30.0.122,,,1
1759293463,any,56,N/A,IPv4,N/A,N/A,v4,172.30.0.220,224.0.0.22,N/A,N/A,N/A,N/A,N/A,N/A,,,1
1759293463,any,112,N/A,IPv6,ICMP,N/A,v6,fe80::dcac:f9ff:fe59:60,ff02::179,N/A,N/A,N/A,N/A,N/A,N/A,,,1
1759293463,any,44,ARP,N/A,N/A,N/A,N/A,N/A,N/A,N/A,N/A,1,2048,172.30.0.220,172.30.0.122,,,1
1759293463,any,58,ARP,N/A,N/A,N/A,N/A,N/A,N/A,N/A,N/A,2,2048,172.30.0.122,172.30.0.220,,,1
1759293463,any,58,ARP,N/A,N/A,N/A,N/A,N/A,N/A,N/A,N/A,2,2048,172.30.0.122,172.30.0.220,,,1
1759293463,eth2,110,Ethernet,IPv6,ICMP,N/A,v6,fe80::dcac:f9ff:fe59:60,ff02::179,N/A,N/A,N/A,N/A,N/A,N/A,,,1
1759293463,eth2,110,Ethernet,IPv6,ICMP,N/A,v6,fe80::dcac:f9ff:fe59:60,ff02::179,N/A,N/A,N/A,N/A,N/A,N/A,,,1
1759293463,eth0,110,Ethernet,IPv6,ICMP,N/A,v6,fe80::ecf9:eff:fefb:55,ff02::179,N/A,N/A,N/A,N/A,N/A,N/A,,,1
1759293463,eth0,56,Ethernet,IPv4,N/A,N/A,v4,172.30.0.89,224.0.0.22,N/A,N/A,N/A,N/A,N/A,N/A,,,1
1759293463,eth0,70,Ethernet,IPv6,ICMP,N/A,v6,fe80::24f1:23ff:fe29:66,ff02::204,N/A,N/A,N/A,N/A,N/A,N/A,,,1
1759293463,eth0,110,Ethernet,IPv6,ICMP,N/A,v6,fe80::e48e:99ff:fe5f:147,ff02::179,N/A,N/A,N/A,N/A,N/A,N/A,,,1
1759293463,eth0,54,Ethernet,IPv4,N/A,N/A,v4,172.30.0.220,224.0.0.22,N/A,N/A,N/A,N/A,N/A,N/A,,,1
1759293463,eth0,56,Ethernet,N/A,N/A,N/A,N/A,N/A,N/A,N/A,N/A,N/A,N/A,N/A,N/A,,,1
1759293463,eth0,54,Ethernet,IPv4,N/A,N/A,v4,172.30.0.220,224.0.0.22,N/A,N/A,N/A,N/A,N/A,N/A,,,1
1759293463,eth0,42,Ethernet,N/A,N/A,N/A,N/A,N/A,N/A,N/A,N/A,N/A,N/A,N/A,N/A,,,1
1759293463,eth0,56,Ethernet,N/A,N/A,N/A,N/A,N/A,N/A,N/A,N/A,N/A,N/A,N/A,N/A,,,1
1759293463,eth0,56,Ethernet,N/A,N/A,N/A,N/A,N/A,N/A,N/A,N/A,N/A,N/A,N/A,N/A,,,1
1759293463,eth1,110,Ethernet,IPv6,ICMP,N/A,v6,fe80::f056:abff:fe65:143,ff02::179,N/A,N/A,N/A,N/A,N/A,N/A,,,1
1759293463,eth1,70,Ethernet,IPv6,ICMP,N/A,v6,fe80::7827:e3ff:fe68:239,ff02::204,N/A,N/A,N/A,N/A,N/A,N/A,,,1
1759293463,eth0,56,Ethernet,IPv4,N/A,N/A,v4,172.30.0.89,224.0.0.22,N/A,N/A,N/A,N/A,N/A,N/A,,,1
1759293463,any,58,N/A,IPv4,N/A,N/A,v4,172.30.0.89,224.0.0.22,N/A,N/A,N/A,N/A,N/A,N/A,,,1
1759293463,any,112,N/A,IPv6,ICMP,N/A,v6,fe80::7827:e3ff:fe68:239,ff02::179,N/A,N/A,N/A,N/A,N/A,N/A,,,1
1759293463,eth1,110,Ethernet,IPv6,ICMP,N/A,v6,fe80::7827:e3ff:fe68:239,ff02::179,N/A,N/A,N/A,N/A,N/A,N/A,,,1
1759293463,any,56,N/A,IPv4,N/A,N/A,v4,172.30.0.23,224.0.0.22,N/A,N/A,N/A,N/A,N/A,N/A,,,1
1759293463,eth0,54,Ethernet,IPv4,N/A,N/A,v4,172.30.0.23,224.0.0.22,N/A,N/A,N/A,N/A,N/A,N/A,,,1
1759293463,any,112,N/A,IPv6,ICMP,N/A,v6,fe80::103b:bdff:fef0:169,ff02::179,N/A,N/A,N/A,N/A,N/A,N/A,,,1
1759293463,eth1,110,Ethernet,IPv6,ICMP,N/A,v6,fe80::103b:bdff:fef0:169,ff02::179,N/A,N/A,N/A,N/A,N/A,N/A,,,1
1759293463,eth0,110,Ethernet,IPv6,ICMP,N/A,v6,fe80::ecf9:eff:fefb:55,ff02::179,N/A,N/A,N/A,N/A,N/A,N/A,,,1
1759293463,any,112,N/A,IPv6,ICMP,N/A,v6,fe80::ecf9:eff:fefb:55,ff02::179,N/A,N/A,N/A,N/A,N/A,N/A,,,1
1759293463,eth1,70,Ethernet,IPv6,ICMP,N/A,v6,fe80::f056:abff:fe65:143,ff02::204,N/A,N/A,N/A,N/A,N/A,N/A,,,1
1759293463,any,72,N/A,IPv6,ICMP,N/A,v6,fe80::dcac:f9ff:fe59:60,ff02::204,N/A,N/A,N/A,N/A,N/A,N/A,,,1
1759293463,any,72,N/A,IPv6,ICMP,N/A,v6,fe80::e48e:99ff:fe5f:147,ff02::204,N/A,N/A,N/A,N/A,N/A,N/A,,,1
1759293463,any,72,N/A,IPv6,ICMP,N/A,v6,fe80::f056:abff:fe65:143,ff02::204,N/A,N/A,N/A,N/A,N/A,N/A,,,1
1759293463,eth2,70,Ethernet,IPv6,ICMP,N/A,v6,fe80::dcac:f9ff:fe59:60,ff02::204,N/A,N/A,N/A,N/A,N/A,N/A,,,1
1759293463,eth0,70,Ethernet,IPv6,ICMP,N/A,v6,fe80::e48e:99ff:fe5f:147,ff02::204,N/A,N/A,N/A,N/A,N/A,N/A,,,1
1759293463,any,112,N/A,IPv6,ICMP,N/A,v6,fe80::f056:abff:fe65:143,ff02::179,N/A,N/A,N/A,N/A,N/A,N/A,,,1
1759293463,eth1,110,Ethernet,IPv6,ICMP,N/A,v6,fe80::f056:abff:fe65:143,ff02::179,N/A,N/A,N/A,N/A,N/A,N/A,,,1
1759293463,eth0,111,Ethernet,N/A,N/A,N/A,N/A,N/A,N/A,N/A,N/A,N/A,N/A,N/A,N/A,,,1
1759293463,any,113,N/A,N/A,N/A,N/A,N/A,N/A,N/A,N/A,N/A,N/A,N/A,N/A,N/A,,,1
1759293463,eth0,110,Ethernet,IPv6,ICMP,N/A,v6,fe80::e48e:99ff:fe5f:147,ff02::179,N/A,N/A,N/A,N/A,N/A,N/A,,,1
1759293463,any,112,N/A,IPv6,ICMP,N/A,v6,fe80::e48e:99ff:fe5f:147,ff02::179,N/A,N/A,N/A,N/A,N/A,N/A,,,1
1759293463,any,370,N/A,IPv4,UDP,N/A,v4,0.0.0.0,255.255.255.255,68,67,N/A,N/A,N/A,N/A,,,0
1759293463,any,112,N/A,IPv6,ICMP,N/A,v6,fe80::a824:52ff:fe4f:69,ff02::179,N/A,N/A,N/A,N/A,N/A,N/A,,,0
1759293463,any,112,N/A,IPv6,ICMP,N/A,v6,fe80::5ca9:83ff:fe87:27,ff02::179,N/A,N/A,N/A,N/A,N/A,N/A,,,0
1759293463,any,44,ARP,N/A,N/A,N/A,N/A,N/A,N/A,N/A,N/A,1,2048,172.30.0.220,172.30.0.122,,,0
1759293463,any,58,ARP,N/A,N/A,N/A,N/A,N/A,N/A,N/A,N/A,2,2048,172.30.0.122,172.30.0.220,,,0
1759293463,any,58,ARP,N/A,N/A,N/A,N/A,N/A,N/A,N/A,N/A,2,2048,172.30.0.122,172.30.0.220,,,0
1759293463,eth0,368,Ethernet,IPv4,UDP,N/A,v4,0.0.0.0,255.255.255.255,68,67,N/A,N/A,N/A,N/A,,,0
1759293463,eth0,110,Ethernet,IPv6,ICMP,N/A,v6,fe80::5ca9:83ff:fe87:27,ff02::179,N/A,N/A,N/A,N/A,N/A,N/A,,,0
1759293463,eth0,54,Ethernet,IPv4,N/A,N/A,v4,172.30.0.220,224.0.0.22,N/A,N/A,N/A,N/A,N/A,N/A,,,0
1759293463,eth0,42,Ethernet,N/A,N/A,N/A,N/A,N/A,N/A,N/A,N/A,N/A,N/A,N/A,N/A,,,0
1759293463,eth0,56,Ethernet,N/A,N/A,N/A,N/A,N/A,N/A,N/A,N/A,N/A,N/A,N/A,N/A,,,0
1759293463,eth0,56,Ethernet,N/A,N/A,N/A,N/A,N/A,N/A,N/A,N/A,N/A,N/A,N/A,N/A,,,0
1759293463,eth1,110,Ethernet,IPv6,ICMP,N/A,v6,fe80::a824:52ff:fe4f:69,ff02::179,N/A,N/A,N/A,N/A,N/A,N/A,,,0
1759293463,any,56,N/A,IPv4,N/A,N/A,v4,172.30.0.220,224.0.0.22,N/A,N/A,N/A,N/A,N/A,N/A,,,0
1759293463,eth1,110,Ethernet,IPv6,ICMP,N/A,v6,fe80::a824:52ff:fe4f:69,ff02::179,N/A,N/A,N/A,N/A,N/A,N/A,,,0
1759293463,eth0,54,Ethernet,IPv4,N/A,N/A,v4,172.30.0.220,224.0.0.22,N/A,N/A,N/A,N/A,N/A,N/A,,,0
1759293464,eth1,70,Ethernet,IPv6,ICMP,N/A,v6,fe80::103b:bdff:fef0:169,ff02::204,N/A,N/A,N/A,N/A,N/A,N/A,,,1
1759293464,eth0,70,Ethernet,IPv6,ICMP,N/A,v6,fe80::ecf9:eff:fefb:55,ff02::204,N/A,N/A,N/A,N/A,N/A,N/A,,,1
1759293464,any,72,N/A,IPv6,ICMP,N/A,v6,fe80::ecf9:eff:fefb:55,ff02::204,N/A,N/A,N/A,N/A,N/A,N/A,,,1
1759293464,any,112,N/A,IPv6,ICMP,N/A,v6,fe80::5ca9:83ff:fe87:27,ff02::179,N/A,N/A,N/A,N/A,N/A,N/A,,,0
1759293464,eth0,110,Ethernet,IPv6,ICMP,N/A,v6,fe80::5ca9:83ff:fe87:27,ff02::179,N/A,N/A,N/A,N/A,N/A,N/A,,,0
1759293464,eth0,107,Ethernet,N/A,N/A,N/A,N/A,N/A,N/A,N/A,N/A,N/A,N/A,N/A,N/A,,,0
1759293464,eth0,70,Ethernet,IPv6,ICMP,N/A,v6,fe80::5ca9:83ff:fe87:27,ff02::204,N/A,N/A,N/A,N/A,N/A,N/A,,,0
1759293464,any,72,N/A,IPv6,ICMP,N/A,v6,fe80::a824:52ff:fe4f:69,ff02::204,N/A,N/A,N/A,N/A,N/A,N/A,,,0
1759293464,eth1,70,Ethernet,IPv6,ICMP,N/A,v6,fe80::a824:52ff:fe4f:69,ff02::204,N/A,N/A,N/A,N/A,N/A,N/A,,,0
1759293464,any,72,N/A,IPv6,ICMP,N/A,v6,fe80::103b:bdff:fef0:169,ff02::204,N/A,N/A,N/A,N/A,N/A,N/A,,,1
1759293464,any,113,N/A,N/A,N/A,N/A,N/A,N/A,N/A,N/A,N/A,N/A,N/A,N/A,N/A,,,1
1759293464,eth0,111,Ethernet,N/A,N/A,N/A,N/A,N/A,N/A,N/A,N/A,N/A,N/A,N/A,N/A,,,1
1759293465,eth0,107,Ethernet,N/A,N/A,N/A,N/A,N/A,N/A,N/A,N/A,N/A,N/A,N/A,N/A,,,0
1759293465,any,109,N/A,N/A,N/A,N/A,N/A,N/A,N/A,N/A,N/A,N/A,N/A,N/A,N/A,,,0
1759293465,eth0,111,Ethernet,N/A,N/A,N/A,N/A,N/A,N/A,N/A,N/A,N/A,N/A,N/A,N/A,,,1
1759293465,any,113,N/A,N/A,N/A,N/A,N/A,N/A,N/A,N/A,N/A,N/A,N/A,N/A,N/A,,,1
1759293465,any,92,N/A,IPv6,ICMP,N/A,v6,fe80::b0b5:44ff:feea:219,ff02::179,N/A,N/A,N/A,N/A,N/A,N/A,,,1
1759293465,eth0,90,Ethernet,IPv6,ICMP,N/A,v6,fe80::b0b5:44ff:feea:219,ff02::179,N/A,N/A,N/A,N/A,N/A,N/A,,,1
1759293465,eth0,54,Ethernet,IPv4,N/A,N/A,v4,172.30.0.163,224.0.0.22,N/A,N/A,N/A,N/A,N/A,N/A,,,1
1759293465,eth0,357,Ethernet,IPv4,UDP,N/A,v4,0.0.0.0,255.255.255.255,68,67,N/A,N/A,N/A,N/A,,,1
1759293465,any,359,N/A,IPv4,UDP,N/A,v4,0.0.0.0,255.255.255.255,68,67,N/A,N/A,N/A,N/A,,,1
1759293465,eth0,369,Ethernet,IPv4,UDP,N/A,v4,0.0.0.0,255.255.255.255,68,67,N/A,N/A,N/A,N/A,,,1
1759293465,any,371,N/A,IPv4,UDP,N/A,v4,0.0.0.0,255.255.255.255,68,67,N/A,N/A,N/A,N/A,,,1
1759293465,any,112,N/A,IPv6,ICMP,N/A,v6,fe80::780a:a9ff:fee6:89,ff02::179,N/A,N/A,N/A,N/A,N/A,N/A,,,1
1759293465,eth1,110,Ethernet,IPv6,ICMP,N/A,v6,fe80::780a:a9ff:fee6:89,ff02::179,N/A,N/A,N/A,N/A,N/A,N/A,,,1
1759293465,eth0,54,Ethernet,IPv4,N/A,N/A,v4,172.30.0.163,224.0.0.22,N/A,N/A,N/A,N/A,N/A,N/A,,,1
1759293465,eth0,42,Ethernet,N/A,N/A,N/A,N/A,N/A,N/A,N/A,N/A,N/A,N/A,N/A,N/A,,,1
1759293465,any,56,N/A,IPv4,N/A,N/A,v4,172.30.0.163,224.0.0.22,N/A,N/A,N/A,N/A,N/A,N/A,,,1
1759293465,eth0,110,Ethernet,IPv6,ICMP,N/A,v6,fe80::b0b5:44ff:feea:219,ff02::179,N/A,N/A,N/A,N/A,N/A,N/A,,,1
1759293465,any,112,N/A,IPv6,ICMP,N/A,v6,fe80::b0b5:44ff:feea:219,ff02::179,N/A,N/A,N/A,N/A,N/A,N/A,,,1
1759293466,eth0,107,Ethernet,N/A,N/A,N/A,N/A,N/A,N/A,N/A,N/A,N/A,N/A,N/A,N/A,,,0
1759293466,eth0,110,Ethernet,IPv6,ICMP,N/A,v6,fe80::b0b5:44ff:feea:219,ff02::179,N/A,N/A,N/A,N/A,N/A,N/A,,,1
1759293466,any,112,N/A,IPv6,ICMP,N/A,v6,fe80::b0b5:44ff:feea:219,ff02::179,N/A,N/A,N/A,N/A,N/A,N/A,,,1
1759293466,any,56,N/A,IPv4,N/A,N/A,v4,172.30.0.163,224.0.0.22,N/A,N/A,N/A,N/A,N/A,N/A,,,1
1759293466,eth0,54,Ethernet,IPv4,N/A,N/A,v4,172.30.0.163,224.0.0.22,N/A,N/A,N/A,N/A,N/A,N/A,,,1
1759293466,any,92,N/A,IPv6,ICMP,N/A,v6,fe80::24f1:23ff:fe29:66,ff02::179,N/A,N/A,N/A,N/A,N/A,N/A,,,1
1759293466,eth0,90,Ethernet,IPv6,ICMP,N/A,v6,fe80::24f1:23ff:fe29:66,ff02::179,N/A,N/A,N/A,N/A,N/A,N/A,,,1
1759293466,eth0,54,Ethernet,IPv4,N/A,N/A,v4,172.30.0.23,224.0.0.22,N/A,N/A,N/A,N/A,N/A,N/A,,,1
1759293466,any,358,N/A,IPv4,UDP,N/A,v4,0.0.0.0,255.255.255.255,68,67,N/A,N/A,N/A,N/A,,,1
1759293466,eth0,356,Ethernet,IPv4,UDP,N/A,v4,0.0.0.0,255.255.255.255,68,67,N/A,N/A,N/A,N/A,,,1
1759293466,eth0,368,Ethernet,IPv4,UDP,N/A,v4,0.0.0.0,255.255.255.255,68,67,N/A,N/A,N/A,N/A,,,1
1759293466,any,370,N/A,IPv4,UDP,N/A,v4,0.0.0.0,255.255.255.255,68,67,N/A,N/A,N/A,N/A,,,1
1759293466,any,112,N/A,IPv6,ICMP,N/A,v6,fe80::7827:e3ff:fe68:239,ff02::179,N/A,N/A,N/A,N/A,N/A,N/A,,,1
1759293466,eth1,110,Ethernet,IPv6,ICMP,N/A,v6,fe80::7827:e3ff:fe68:239,ff02::179,N/A,N/A,N/A,N/A,N/A,N/A,,,1
1759293466,any,112,N/A,IPv6,ICMP,N/A,v6,fe80::24f1:23ff:fe29:66,ff02::179,N/A,N/A,N/A,N/A,N/A,N/A,,,1
1759293466,eth0,110,Ethernet,IPv6,ICMP,N/A,v6,fe80::24f1:23ff:fe29:66,ff02::179,N/A,N/A,N/A,N/A,N/A,N/A,,,1
1759293466,eth0,54,Ethernet,IPv4,N/A,N/A,v4,172.30.0.23,224.0.0.22,N/A,N/A,N/A,N/A,N/A,N/A,,,1
1759293466,eth0,110,Ethernet,IPv6,ICMP,N/A,v6,fe80::24f1:23ff:fe29:66,ff02::179,N/A,N/A,N/A,N/A,N/A,N/A,,,1
1759293466,any,112,N/A,IPv6,ICMP,N/A,v6,fe80::24f1:23ff:fe29:66,ff02::179,N/A,N/A,N/A,N/A,N/A,N/A,,,1
1759293466,eth1,110,Ethernet,IPv6,ICMP,N/A,v6,fe80::780a:a9ff:fee6:89,ff02::179,N/A,N/A,N/A,N/A,N/A,N/A,,,1
1759293466,any,112,N/A,IPv6,ICMP,N/A,v6,fe80::780a:a9ff:fee6:89,ff02::179,N/A,N/A,N/A,N/A,N/A,N/A,,,1
1759293466,eth0,42,Ethernet,N/A,N/A,N/A,N/A,N/A,N/A,N/A,N/A,N/A,N/A,N/A,N/A,,,1
1759293466,any,44,ARP,N/A,N/A,N/A,N/A,N/A,N/A,N/A,N/A,1,2048,172.30.0.23,172.30.0.122,,,1
1759293466,any,109,N/A,N/A,N/A,N/A,N/A,N/A,N/A,N/A,N/A,N/A,N/A,N/A,N/A,,,0
1759293467,eth1,110,Ethernet,IPv6,ICMP,N/A,v6,fe80::7827:e3ff:fe68:239,ff02::179,N/A,N/A,N/A,N/A,N/A,N/A,,,1
1759293467,any,112,N/A,IPv6,ICMP,N/A,v6,fe80::7827:e3ff:fe68:239,ff02::179,N/A,N/A,N/A,N/A,N/A,N/A,,,1
1759293467,any,72,N/A,IPv6,ICMP,N/A,v6,fe80::b0b5:44ff:feea:219,ff02::204,N/A,N/A,N/A,N/A,N/A,N/A,,,1
1759293467,eth0,70,Ethernet,IPv6,ICMP,N/A,v6,fe80::b0b5:44ff:feea:219,ff02::204,N/A,N/A,N/A,N/A,N/A,N/A,,,1
1759293467,eth1,70,Ethernet,IPv6,ICMP,N/A,v6,fe80::780a:a9ff:fee6:89,ff02::204,N/A,N/A,N/A,N/A,N/A,N/A,,,1
1759293467,any,113,N/A,N/A,N/A,N/A,N/A,N/A,N/A,N/A,N/A,N/A,N/A,N/A,N/A,,,1
1759293467,eth0,111,Ethernet,N/A,N/A,N/A,N/A,N/A,N/A,N/A,N/A,N/A,N/A,N/A,N/A,,,1
1759293467,eth1,70,Ethernet,IPv6,ICMP,N/A,v6,fe80::f056:abff:fe65:143,ff02::204,N/A,N/A,N/A,N/A,N/A,N/A,,,1
1759293467,any,56,N/A,IPv4,N/A,N/A,v4,172.30.0.23,224.0.0.22,N/A,N/A,N/A,N/A,N/A,N/A,,,1
1759293467,eth0,107,Ethernet,N/A,N/A,N/A,N/A,N/A,N/A,N/A,N/A,N/A,N/A,N/A,N/A,,,0
1759293467,any,109,N/A,N/A,N/A,N/A,N/A,N/A,N/A,N/A,N/A,N/A,N/A,N/A,N/A,,,0
1759293467,eth0,54,Ethernet,IPv4,N/A,N/A,v4,172.30.0.23,224.0.0.22,N/A,N/A,N/A,N/A,N/A,N/A,,,1
1759293467,any,72,N/A,IPv6,ICMP,N/A,v6,fe80::dcac:f9ff:fe59:60,ff02::204,N/A,N/A,N/A,N/A,N/A,N/A,,,1
1759293467,eth2,70,Ethernet,IPv6,ICMP,N/A,v6,fe80::dcac:f9ff:fe59:60,ff02::204,N/A,N/A,N/A,N/A,N/A,N/A,,,1
1759293467,eth0,70,Ethernet,IPv6,ICMP,N/A,v6,fe80::e48e:99ff:fe5f:147,ff02::204,N/A,N/A,N/A,N/A,N/A,N/A,,,1
1759293467,any,72,N/A,IPv6,ICMP,N/A,v6,fe80::e48e:99ff:fe5f:147,ff02::204,N/A,N/A,N/A,N/A,N/A,N/A,,,1
1759293468,eth0,90,Ethernet,IPv6,ICMP,N/A,v6,fe80::5ca9:83ff:fe87:27,ff02::179,N/A,N/A,N/A,N/A,N/A,N/A,,,0
1759293468,eth0,54,Ethernet,IPv4,N/A,N/A,v4,172.30.0.220,224.0.0.22,N/A,N/A,N/A,N/A,N/A,N/A,,,0
1759293468,any,92,N/A,IPv6,ICMP,N/A,v6,fe80::5ca9:83ff:fe87:27,ff02::179,N/A,N/A,N/A,N/A,N/A,N/A,,,0
1759293468,eth0,67,Ethernet,IPv4,UDP,N/A,v4,172.30.0.220,224.0.0.252,5355,5355,N/A,N/A,N/A,N/A,,,0
1759293468,eth0,87,Ethernet,IPv6,UDP,N/A,v6,fe80::5ca9:83ff:fe87:27,ff02::1:52,5355,5355,N/A,N/A,N/A,N/A,,,0
1759293468,any,69,N/A,IPv4,UDP,N/A,v4,172.30.0.220,224.0.0.252,5355,5355,N/A,N/A,N/A,N/A,,,0
1759293468,eth0,356,Ethernet,IPv4,UDP,N/A,v4,0.0.0.0,255.255.255.255,68,67,N/A,N/A,N/A,N/A,,,0
1759293468,any,358,N/A,IPv4,UDP,N/A,v4,0.0.0.0,255.255.255.255,68,67,N/A,N/A,N/A,N/A,,,0
1759293468,eth0,368,Ethernet,IPv4,UDP,N/A,v4,0.0.0.0,255.255.255.255,68,67,N/A,N/A,N/A,N/A,,,0
1759293468,any,370,N/A,IPv4,UDP,N/A,v4,0.0.0.0,255.255.255.255,68,67,N/A,N/A,N/A,N/A,,,0
1759293468,eth1,110,Ethernet,IPv6,ICMP,N/A,v6,fe80::a824:52ff:fe4f:69,ff02::179,N/A,N/A,N/A,N/A,N/A,N/A,,,0
1759293468,any,112,N/A,IPv6,ICMP,N/A,v6,fe80::a824:52ff:fe4f:69,ff02::179,N/A,N/A,N/A,N/A,N/A,N/A,,,0
1759293468,eth0,110,Ethernet,IPv6,ICMP,N/A,v6,fe80::5ca9:83ff:fe87:27,ff02::179,N/A,N/A,N/A,N/A,N/A,N/A,,,0
1759293468,eth0,54,Ethernet,IPv4,N/A,N/A,v4,172.30.0.220,224.0.0.22,N/A,N/A,N/A,N/A,N/A,N/A,,,0
1759293468,any,112,N/A,IPv6,ICMP,N/A,v6,fe80::5ca9:83ff:fe87:27,ff02::179,N/A,N/A,N/A,N/A,N/A,N/A,,,0
1759293468,eth0,42,Ethernet,N/A,N/A,N/A,N/A,N/A,N/A,N/A,N/A,N/A,N/A,N/A,N/A,,,0
1759293468,eth0,56,Ethernet,N/A,N/A,N/A,N/A,N/A,N/A,N/A,N/A,N/A,N/A,N/A,N/A,,,0
1759293468,eth0,56,Ethernet,N/A,N/A,N/A,N/A,N/A,N/A,N/A,N/A,N/A,N/A,N/A,N/A,,,0
1759293468,any,44,ARP,N/A,N/A,N/A,N/A,N/A,N/A,N/A,N/A,1,2048,172.30.0.220,172.30.0.122,,,0
1759293468,any,58,ARP,N/A,N/A,N/A,N/A,N/A,N/A,N/A,N/A,2,2048,172.30.0.122,172.30.0.220,,,0
1759293468,eth0,54,Ethernet,IPv4,N/A,N/A,v4,172.30.0.220,224.0.0.22,N/A,N/A,N/A,N/A,N/A,N/A,,,0
1759293468,eth1,110,Ethernet,IPv6,ICMP,N/A,v6,fe80::a824:52ff:fe4f:69,ff02::179,N/A,N/A,N/A,N/A,N/A,N/A,,,0
1759293468,eth1,70,Ethernet,IPv6,ICMP,N/A,v6,fe80::7827:e3ff:fe68:239,ff02::204,N/A,N/A,N/A,N/A,N/A,N/A,,,1
1759293468,any,72,N/A,IPv6,ICMP,N/A,v6,fe80::24f1:23ff:fe29:66,ff02::204,N/A,N/A,N/A,N/A,N/A,N/A,,,1
1759293468,any,72,N/A,IPv6,ICMP,N/A,v6,fe80::7827:e3ff:fe68:239,ff02::204,N/A,N/A,N/A,N/A,N/A,N/A,,,1
1759293468,eth0,70,Ethernet,IPv6,ICMP,N/A,v6,fe80::24f1:23ff:fe29:66,ff02::204,N/A,N/A,N/A,N/A,N/A,N/A,,,1
1759293468,eth0,90,Ethernet,IPv6,ICMP,N/A,v6,fe80::ecf9:eff:fefb:55,ff02::179,N/A,N/A,N/A,N/A,N/A,N/A,,,1
1759293468,eth0,56,Ethernet,IPv4,N/A,N/A,v4,172.30.0.89,224.0.0.22,N/A,N/A,N/A,N/A,N/A,N/A,,,1
1759293468,any,92,N/A,IPv6,ICMP,N/A,v6,fe80::ecf9:eff:fefb:55,ff02::179,N/A,N/A,N/A,N/A,N/A,N/A,,,1
1759293468,eth0,90,Ethernet,IPv6,ICMP,N/A,v6,fe80::e48e:99ff:fe5f:147,ff02::179,N/A,N/A,N/A,N/A,N/A,N/A,,,1
1759293468,eth0,54,Ethernet,IPv4,N/A,N/A,v4,172.30.0.220,224.0.0.22,N/A,N/A,N/A,N/A,N/A,N/A,,,1
1759293468,any,92,N/A,IPv6,ICMP,N/A,v6,fe80::e48e:99ff:fe5f:147,ff02::179,N/A,N/A,N/A,N/A,N/A,N/A,,,1
1759293468,eth0,67,Ethernet,IPv4,UDP,N/A,v4,172.30.0.89,224.0.0.252,5355,5355,N/A,N/A,N/A,N/A,,,1
1759293468,eth0,87,Ethernet,IPv6,UDP,N/A,v6,fe80::ecf9:eff:fefb:55,ff02::1:52,5355,5355,N/A,N/A,N/A,N/A,,,1
1759293468,any,69,N/A,IPv4,UDP,N/A,v4,172.30.0.89,224.0.0.252,5355,5355,N/A,N/A,N/A,N/A,,,1
1759293468,eth0,356,Ethernet,IPv4,UDP,N/A,v4,0.0.0.0,255.255.255.255,68,67,N/A,N/A,N/A,N/A,,,1
1759293468,any,358,N/A,IPv4,UDP,N/A,v4,0.0.0.0,255.255.255.255,68,67,N/A,N/A,N/A,N/A,,,1
1759293468,eth0,368,Ethernet,IPv4,UDP,N/A,v4,0.0.0.0,255.255.255.255,68,67,N/A,N/A,N/A,N/A,,,1
1759293468,any,370,N/A,IPv4,UDP,N/A,v4,0.0.0.0,255.255.255.255,68,67,N/A,N/A,N/A,N/A,,,1
1759293468,eth1,110,Ethernet,IPv6,ICMP,N/A,v6,fe80::103b:bdff:fef0:169,ff02::179,N/A,N/A,N/A,N/A,N/A,N/A,,,1
1759293468,any,112,N/A,IPv6,ICMP,N/A,v6,fe80::103b:bdff:fef0:169,ff02::179,N/A,N/A,N/A,N/A,N/A,N/A,,,1
1759293468,eth0,56,Ethernet,IPv4,N/A,N/A,v4,172.30.0.89,224.0.0.22,N/A,N/A,N/A,N/A,N/A,N/A,,,1
1759293468,eth0,110,Ethernet,IPv6,ICMP,N/A,v6,fe80::ecf9:eff:fefb:55,ff02::179,N/A,N/A,N/A,N/A,N/A,N/A,,,1
1759293468,any,58,N/A,IPv4,N/A,N/A,v4,172.30.0.89,224.0.0.22,N/A,N/A,N/A,N/A,N/A,N/A,,,1
1759293468,eth0,56,Ethernet,N/A,N/A,N/A,N/A,N/A,N/A,N/A,N/A,N/A,N/A,N/A,N/A,,,1
1759293468,eth0,91,Ethernet,IPv6,UDP,N/A,v6,fe80::e48e:99ff:fe5f:147,ff02::1:52,5355,5355,N/A,N/A,N/A,N/A,,,1
1759293468,eth0,71,Ethernet,IPv4,UDP,N/A,v4,172.30.0.220,224.0.0.252,5355,5355,N/A,N/A,N/A,N/A,,,1
1759293468,any,93,N/A,IPv6,UDP,N/A,v6,fe80::e48e:99ff:fe5f:147,ff02::1:52,5355,5355,N/A,N/A,N/A,N/A,,,1
1759293468,eth0,360,Ethernet,IPv4,UDP,N/A,v4,0.0.0.0,255.255.255.255,68,67,N/A,N/A,N/A,N/A,,,1
1759293468,any,362,N/A,IPv4,UDP,N/A,v4,0.0.0.0,255.255.255.255,68,67,N/A,N/A,N/A,N/A,,,1
1759293468,eth0,372,Ethernet,IPv4,UDP,N/A,v4,0.0.0.0,255.255.255.255,68,67,N/A,N/A,N/A,N/A,,,1
1759293468,any,374,N/A,IPv4,UDP,N/A,v4,0.0.0.0,255.255.255.255,68,67,N/A,N/A,N/A,N/A,,,1
1759293468,eth0,42,Ethernet,N/A,N/A,N/A,N/A,N/A,N/A,N/A,N/A,N/A,N/A,N/A,N/A,,,1
1759293468,any,112,N/A,IPv6,ICMP,N/A,v6,fe80::f056:abff:fe65:143,ff02::179,N/A,N/A,N/A,N/A,N/A,N/A,,,1
1759293468,eth1,110,Ethernet,IPv6,ICMP,N/A,v6,fe80::f056:abff:fe65:143,ff02::179,N/A,N/A,N/A,N/A,N/A,N/A,,,1
1759293468,eth2,110,Ethernet,IPv6,ICMP,N/A,v6,fe80::dcac:f9ff:fe59:60,ff02::179,N/A,N/A,N/A,N/A,N/A,N/A,,,1
1759293468,eth0,56,Ethernet,N/A,N/A,N/A,N/A,N/A,N/A,N/A,N/A,N/A,N/A,N/A,N/A,,,1
1759293468,eth0,56,Ethernet,N/A,N/A,N/A,N/A,N/A,N/A,N/A,N/A,N/A,N/A,N/A,N/A,,,1
1759293468,any,58,ARP,N/A,N/A,N/A,N/A,N/A,N/A,N/A,N/A,2,2048,172.30.0.122,172.30.0.220,,,1
1759293468,eth0,110,Ethernet,IPv6,ICMP,N/A,v6,fe80::e48e:99ff:fe5f:147,ff02::179,N/A,N/A,N/A,N/A,N/A,N/A,,,1
1759293468,eth0,54,Ethernet,IPv4,N/A,N/A,v4,172.30.0.220,224.0.0.22,N/A,N/A,N/A,N/A,N/A,N/A,,,1
1759293468,any,112,N/A,IPv6,ICMP,N/A,v6,fe80::e48e:99ff:fe5f:147,ff02::179,N/A,N/A,N/A,N/A,N/A,N/A,,,1
1759293468,any,112,N/A,IPv6,ICMP,N/A,v6,fe80::103b:bdff:fef0:169,ff02::179,N/A,N/A,N/A,N/A,N/A,N/A,,,1
1759293468,eth1,110,Ethernet,IPv6,ICMP,N/A,v6,fe80::103b:bdff:fef0:169,ff02::179,N/A,N/A,N/A,N/A,N/A,N/A,,,1
1759293468,any,112,N/A,IPv6,ICMP,N/A,v6,fe80::dcac:f9ff:fe59:60,ff02::179,N/A,N/A,N/A,N/A,N/A,N/A,,,1
1759293468,eth2,110,Ethernet,IPv6,ICMP,N/A,v6,fe80::dcac:f9ff:fe59:60,ff02::179,N/A,N/A,N/A,N/A,N/A,N/A,,,1
1759293468,any,58,N/A,IPv4,N/A,N/A,v4,172.30.0.89,224.0.0.22,N/A,N/A,N/A,N/A,N/A,N/A,,,1
1759293468,eth0,56,Ethernet,IPv4,N/A,N/A,v4,172.30.0.89,224.0.0.22,N/A,N/A,N/A,N/A,N/A,N/A,,,1
1759293468,any,56,N/A,IPv4,N/A,N/A,v4,172.30.0.220,224.0.0.22,N/A,N/A,N/A,N/A,N/A,N/A,,,1
1759293468,eth0,54,Ethernet,IPv4,N/A,N/A,v4,172.30.0.220,224.0.0.22,N/A,N/A,N/A,N/A,N/A,N/A,,,1
1759293468,any,112,N/A,IPv6,ICMP,N/A,v6,fe80::f056:abff:fe65:143,ff02::179,N/A,N/A,N/A,N/A,N/A,N/A,,,1
1759293468,eth1,110,Ethernet,IPv6,ICMP,N/A,v6,fe80::f056:abff:fe65:143,ff02::179,N/A,N/A,N/A,N/A,N/A,N/A,,,1
1759293468,any,56,N/A,IPv4,N/A,N/A,v4,172.30.0.220,224.0.0.22,N/A,N/A,N/A,N/A,N/A,N/A,,,0
1759293469,eth0,110,Ethernet,IPv6,ICMP,N/A,v6,fe80::e48e:99ff:fe5f:147,ff02::179,N/A,N/A,N/A,N/A,N/A,N/A,,,1
1759293469,any,112,N/A,IPv6,ICMP,N/A,v6,fe80::e48e:99ff:fe5f:147,ff02::179,N/A,N/A,N/A,N/A,N/A,N/A,,,1
1759293469,eth1,70,Ethernet,IPv6,ICMP,N/A,v6,fe80::f056:abff:fe65:143,ff02::204,N/A,N/A,N/A,N/A,N/A,N/A,,,1
1759293469,any,72,N/A,IPv6,ICMP,N/A,v6,fe80::dcac:f9ff:fe59:60,ff02::204,N/A,N/A,N/A,N/A,N/A,N/A,,,1
1759293469,eth2,70,Ethernet,IPv6,ICMP,N/A,v6,fe80::dcac:f9ff:fe59:60,ff02::204,N/A,N/A,N/A,N/A,N/A,N/A,,,1
1759293469,eth0,111,Ethernet,N/A,N/A,N/A,N/A,N/A,N/A,N/A,N/A,N/A,N/A,N/A,N/A,,,1
1759293469,eth0,70,Ethernet,IPv6,ICMP,N/A,v6,fe80::e48e:99ff:fe5f:147,ff02::204,N/A,N/A,N/A,N/A,N/A,N/A,,,1
1759293469,any,112,N/A,IPv6,ICMP,N/A,v6,fe80::ecf9:eff:fefb:55,ff02::179,N/A,N/A,N/A,N/A,N/A,N/A,,,1
1759293469,eth0,110,Ethernet,IPv6,ICMP,N/A,v6,fe80::ecf9:eff:fefb:55,ff02::179,N/A,N/A,N/A,N/A,N/A,N/A,,,1
1759293469,eth1,70,Ethernet,IPv6,ICMP,N/A,v6,fe80::103b:bdff:fef0:169,ff02::204,N/A,N/A,N/A,N/A,N/A,N/A,,,1
1759293469,eth0,70,Ethernet,IPv6,ICMP,N/A,v6,fe80::ecf9:eff:fefb:55,ff02::204,N/A,N/A,N/A,N/A,N/A,N/A,,,1
1759293469,any,72,N/A,IPv6,ICMP,N/A,v6,fe80::ecf9:eff:fefb:55,ff02::204,N/A,N/A,N/A,N/A,N/A,N/A,,,1
1759293469,any,72,N/A,IPv6,ICMP,N/A,v6,fe80::103b:bdff:fef0:169,ff02::204,N/A,N/A,N/A,N/A,N/A,N/A,,,1
1759293469,eth0,110,Ethernet,IPv6,ICMP,N/A,v6,fe80::5ca9:83ff:fe87:27,ff02::179,N/A,N/A,N/A,N/A,N/A,N/A,,,0
1759293469,any,112,N/A,IPv6,ICMP,N/A,v6,fe80::5ca9:83ff:fe87:27,ff02::179,N/A,N/A,N/A,N/A,N/A,N/A,,,0
1759293469,eth0,107,Ethernet,N/A,N/A,N/A,N/A,N/A,N/A,N/A,N/A,N/A,N/A,N/A,N/A,,,0
1759293469,eth0,70,Ethernet,IPv6,ICMP,N/A,v6,fe80::5ca9:83ff:fe87:27,ff02::204,N/A,N/A,N/A,N/A,N/A,N/A,,,0
1759293469,any,72,N/A,IPv6,ICMP,N/A,v6,fe80::a824:52ff:fe4f:69,ff02::204,N/A,N/A,N/A,N/A,N/A,N/A,,,0
1759293469,eth1,70,Ethernet,IPv6,ICMP,N/A,v6,fe80::a824:52ff:fe4f:69,ff02::204,N/A,N/A,N/A,N/A,N/A,N/A,,,0
1759293470,any,113,N/A,N/A,N/A,N/A,N/A,N/A,N/A,N/A,N/A,N/A,N/A,N/A,N/A,,,1
1759293470,eth0,111,Ethernet,N/A,N/A,N/A,N/A,N/A,N/A,N/A,N/A,N/A,N/A,N/A,N/A,,,1
1759293470,eth0,70,Ethernet,IPv6,ICMP,N/A,v6,fe80::b0b5:44ff:feea:219,ff02::204,N/A,N/A,N/A,N/A,N/A,N/A,,,1
1759293470,any,72,N/A,IPv6,ICMP,N/A,v6,fe80::b0b5:44ff:feea:219,ff02::204,N/A,N/A,N/A,N/A,N/A,N/A,,,1
1759293470,any,109,N/A,N/A,N/A,N/A,N/A,N/A,N/A,N/A,N/A,N/A,N/A,N/A,N/A,,,0
1759293470,eth0,107,Ethernet,N/A,N/A,N/A,N/A,N/A,N/A,N/A,N/A,N/A,N/A,N/A,N/A,,,0
1759293471,any,92,N/A,IPv6,ICMP,N/A,v6,fe80::b0b5:44ff:feea:219,ff02::179,N/A,N/A,N/A,N/A,N/A,N/A,,,1
1759293471,eth0,90,Ethernet,IPv6,ICMP,N/A,v6,fe80::b0b5:44ff:feea:219,ff02::179,N/A,N/A,N/A,N/A,N/A,N/A,,,1
1759293471,eth0,54,Ethernet,IPv4,N/A,N/A,v4,172.30.0.163,224.0.0.22,N/A,N/A,N/A,N/A,N/A,N/A,,,1
1759293471,any,90,N/A,IPv6,UDP,N/A,v6,fe80::b0b5:44ff:feea:219,ff02::1:52,5355,5355,N/A,N/A,N/A,N/A,,,1
1759293471,eth0,88,Ethernet,IPv6,UDP,N/A,v6,fe80::b0b5:44ff:feea:219,ff02::1:52,5355,5355,N/A,N/A,N/A,N/A,,,1
1759293471,eth0,357,Ethernet,IPv4,UDP,N/A,v4,0.0.0.0,255.255.255.255,68,67,N/A,N/A,N/A,N/A,,,1
1759293471,any,359,N/A,IPv4,UDP,N/A,v4,0.0.0.0,255.255.255.255,68,67,N/A,N/A,N/A,N/A,,,1
1759293471,any,371,N/A,IPv4,UDP,N/A,v4,0.0.0.0,255.255.255.255,68,67,N/A,N/A,N/A,N/A,,,1
1759293471,eth0,369,Ethernet,IPv4,UDP,N/A,v4,0.0.0.0,255.255.255.255,68,67,N/A,N/A,N/A,N/A,,,1
1759293471,any,112,N/A,IPv6,ICMP,N/A,v6,fe80::780a:a9ff:fee6:89,ff02::179,N/A,N/A,N/A,N/A,N/A,N/A,,,1
1759293471,eth1,110,Ethernet,IPv6,ICMP,N/A,v6,fe80::780a:a9ff:fee6:89,ff02::179,N/A,N/A,N/A,N/A,N/A,N/A,,,1
1759293471,eth0,42,Ethernet,N/A,N/A,N/A,N/A,N/A,N/A,N/A,N/A,N/A,N/A,N/A,N/A,,,1
1759293471,eth0,110,Ethernet,IPv6,ICMP,N/A,v6,fe80::b0b5:44ff:feea:219,ff02::179,N/A,N/A,N/A,N/A,N/A,N/A,,,1
1759293471,eth0,54,Ethernet,IPv4,N/A,N/A,v4,172.30.0.163,224.0.0.22,N/A,N/A,N/A,N/A,N/A,N/A,,,1
1759293471,any,112,N/A,IPv6,ICMP,N/A,v6,fe80::b0b5:44ff:feea:219,ff02::179,N/A,N/A,N/A,N/A,N/A,N/A,,,1
1759293471,eth0,90,Ethernet,IPv6,ICMP,N/A,v6,fe80::e48e:99ff:fe5f:147,ff02::179,N/A,N/A,N/A,N/A,N/A,N/A,,,1
1759293471,eth0,54,Ethernet,IPv4,N/A,N/A,v4,172.30.0.220,224.0.0.22,N/A,N/A,N/A,N/A,N/A,N/A,,,1
1759293471,any,92,N/A,IPv6,ICMP,N/A,v6,fe80::e48e:99ff:fe5f:147,ff02::179,N/A,N/A,N/A,N/A,N/A,N/A,,,1
1759293471,eth0,91,Ethernet,IPv6,UDP,N/A,v6,fe80::e48e:99ff:fe5f:147,ff02::1:52,5355,5355,N/A,N/A,N/A,N/A,,,1
1759293471,any,93,N/A,IPv6,UDP,N/A,v6,fe80::e48e:99ff:fe5f:147,ff02::1:52,5355,5355,N/A,N/A,N/A,N/A,,,1
1759293471,eth0,360,Ethernet,IPv4,UDP,N/A,v4,0.0.0.0,255.255.255.255,68,67,N/A,N/A,N/A,N/A,,,1
1759293471,any,362,N/A,IPv4,UDP,N/A,v4,0.0.0.0,255.255.255.255,68,67,N/A,N/A,N/A,N/A,,,1
1759293471,eth0,372,Ethernet,IPv4,UDP,N/A,v4,0.0.0.0,255.255.255.255,68,67,N/A,N/A,N/A,N/A,,,1
1759293471,any,374,N/A,IPv4,UDP,N/A,v4,0.0.0.0,255.255.255.255,68,67,N/A,N/A,N/A,N/A,,,1
1759293471,eth2,110,Ethernet,IPv6,ICMP,N/A,v6,fe80::dcac:f9ff:fe59:60,ff02::179,N/A,N/A,N/A,N/A,N/A,N/A,,,1
1759293471,any,112,N/A,IPv6,ICMP,N/A,v6,fe80::f056:abff:fe65:143,ff02::179,N/A,N/A,N/A,N/A,N/A,N/A,,,1
1759293471,eth1,110,Ethernet,IPv6,ICMP,N/A,v6,fe80::f056:abff:fe65:143,ff02::179,N/A,N/A,N/A,N/A,N/A,N/A,,,1
1759293471,any,112,N/A,IPv6,ICMP,N/A,v6,fe80::e48e:99ff:fe5f:147,ff02::179,N/A,N/A,N/A,N/A,N/A,N/A,,,1
1759293471,any,44,ARP,N/A,N/A,N/A,N/A,N/A,N/A,N/A,N/A,1,2048,172.30.0.220,172.30.0.122,,,1
1759293471,any,58,ARP,N/A,N/A,N/A,N/A,N/A,N/A,N/A,N/A,2,2048,172.30.0.122,172.30.0.220,,,1
1759293471,eth0,110,Ethernet,IPv6,ICMP,N/A,v6,fe80::e48e:99ff:fe5f:147,ff02::179,N/A,N/A,N/A,N/A,N/A,N/A,,,1
1759293471,eth0,54,Ethernet,IPv4,N/A,N/A,v4,172.30.0.220,224.0.0.22,N/A,N/A,N/A,N/A,N/A,N/A,,,1
1759293471,eth0,42,Ethernet,N/A,N/A,N/A,N/A,N/A,N/A,N/A,N/A,N/A,N/A,N/A,N/A,,,1
1759293471,eth0,56,Ethernet,N/A,N/A,N/A,N/A,N/A,N/A,N/A,N/A,N/A,N/A,N/A,N/A,,,1
1759293471,eth0,56,Ethernet,N/A,N/A,N/A,N/A,N/A,N/A,N/A,N/A,N/A,N/A,N/A,N/A,,,1
1759293471,any,112,N/A,IPv6,ICMP,N/A,v6,fe80::b0b5:44ff:feea:219,ff02::179,N/A,N/A,N/A,N/A,N/A,N/A,,,1
1759293471,eth0,110,Ethernet,IPv6,ICMP,N/A,v6,fe80::b0b5:44ff:feea:219,ff02::179,N/A,N/A,N/A,N/A,N/A,N/A,,,1
1759293471,any,112,N/A,IPv6,ICMP,N/A,v6,fe80::780a:a9ff:fee6:89,ff02::179,N/A,N/A,N/A,N/A,N/A,N/A,,,1
1759293471,eth1,110,Ethernet,IPv6,ICMP,N/A,v6,fe80::780a:a9ff:fee6:89,ff02::179,N/A,N/A,N/A,N/A,N/A,N/A,,,1
1759293471,eth0,90,Ethernet,IPv6,ICMP,N/A,v6,fe80::24f1:23ff:fe29:66,ff02::179,N/A,N/A,N/A,N/A,N/A,N/A,,,1
1759293471,eth0,54,Ethernet,IPv4,N/A,N/A,v4,172.30.0.23,224.0.0.22,N/A,N/A,N/A,N/A,N/A,N/A,,,1
1759293471,any,92,N/A,IPv6,ICMP,N/A,v6,fe80::24f1:23ff:fe29:66,ff02::179,N/A,N/A,N/A,N/A,N/A,N/A,,,1
1759293471,any,89,N/A,IPv6,UDP,N/A,v6,fe80::24f1:23ff:fe29:66,ff02::1:52,5355,5355,N/A,N/A,N/A,N/A,,,1
1759293471,eth0,87,Ethernet,IPv6,UDP,N/A,v6,fe80::24f1:23ff:fe29:66,ff02::1:52,5355,5355,N/A,N/A,N/A,N/A,,,1
1759293471,eth0,356,Ethernet,IPv4,UDP,N/A,v4,0.0.0.0,255.255.255.255,68,67,N/A,N/A,N/A,N/A,,,1
1759293471,any,358,N/A,IPv4,UDP,N/A,v4,0.0.0.0,255.255.255.255,68,67,N/A,N/A,N/A,N/A,,,1
1759293471,any,370,N/A,IPv4,UDP,N/A,v4,0.0.0.0,255.255.255.255,68,67,N/A,N/A,N/A,N/A,,,1
1759293471,eth0,368,Ethernet,IPv4,UDP,N/A,v4,0.0.0.0,255.255.255.255,68,67,N/A,N/A,N/A,N/A,,,1
1759293471,any,112,N/A,IPv6,ICMP,N/A,v6,fe80::7827:e3ff:fe68:239,ff02::179,N/A,N/A,N/A,N/A,N/A,N/A,,,1
1759293471,eth1,110,Ethernet,IPv6,ICMP,N/A,v6,fe80::7827:e3ff:fe68:239,ff02::179,N/A,N/A,N/A,N/A,N/A,N/A,,,1
1759293471,eth0,110,Ethernet,IPv6,ICMP,N/A,v6,fe80::24f1:23ff:fe29:66,ff02::179,N/A,N/A,N/A,N/A,N/A,N/A,,,1
1759293471,any,112,N/A,IPv6,ICMP,N/A,v6,fe80::dcac:f9ff:fe59:60,ff02::179,N/A,N/A,N/A,N/A,N/A,N/A,,,1
1759293471,eth2,110,Ethernet,IPv6,ICMP,N/A,v6,fe80::dcac:f9ff:fe59:60,ff02::179,N/A,N/A,N/A,N/A,N/A,N/A,,,1
1759293471,any,109,N/A,N/A,N/A,N/A,N/A,N/A,N/A,N/A,N/A,N/A,N/A,N/A,N/A,,,0
1759293471,eth0,107,Ethernet,N/A,N/A,N/A,N/A,N/A,N/A,N/A,N/A,N/A,N/A,N/A,N/A,,,0
1759293471,eth0,110,Ethernet,IPv6,ICMP,N/A,v6,fe80::24f1:23ff:fe29:66,ff02::179,N/A,N/A,N/A,N/A,N/A,N/A,,,1
1759293471,eth0,54,Ethernet,IPv4,N/A,N/A,v4,172.30.0.23,224.0.0.22,N/A,N/A,N/A,N/A,N/A,N/A,,,1
1759293471,any,112,N/A,IPv6,ICMP,N/A,v6,fe80::24f1:23ff:fe29:66,ff02::179,N/A,N/A,N/A,N/A,N/A,N/A,,,1
1759293471,any,44,ARP,N/A,N/A,N/A,N/A,N/A,N/A,N/A,N/A,1,2048,172.30.0.23,172.30.0.122,,,1
1759293471,eth0,42,Ethernet,N/A,N/A,N/A,N/A,N/A,N/A,N/A,N/A,N/A,N/A,N/A,N/A,,,1
1759293471,eth0,54,Ethernet,IPv4,N/A,N/A,v4,172.30.0.220,224.0.0.22,N/A,N/A,N/A,N/A,N/A,N/A,,,1
1759293471,any,56,N/A,IPv4,N/A,N/A,v4,172.30.0.220,224.0.0.22,N/A,N/A,N/A,N/A,N/A,N/A,,,1
1759293471,any,112,N/A,IPv6,ICMP,N/A,v6,fe80::7827:e3ff:fe68:239,ff02::179,N/A,N/A,N/A,N/A,N/A,N/A,,,1
1759293471,eth1,110,Ethernet,IPv6,ICMP,N/A,v6,fe80::7827:e3ff:fe68:239,ff02::179,N/A,N/A,N/A,N/A,N/A,N/A,,,1
1759293471,any,56,N/A,IPv4,N/A,N/A,v4,172.30.0.163,224.0.0.22,N/A,N/A,N/A,N/A,N/A,N/A,,,1
1759293471,eth0,54,Ethernet,IPv4,N/A,N/A,v4,172.30.0.163,224.0.0.22,N/A,N/A,N/A,N/A,N/A,N/A,,,1
1759293472,any,109,N/A,N/A,N/A,N/A,N/A,N/A,N/A,N/A,N/A,N/A,N/A,N/A,N/A,,,0
1759293472,eth0,107,Ethernet,N/A,N/A,N/A,N/A,N/A,N/A,N/A,N/A,N/A,N/A,N/A,N/A,,,0
1759293472,eth0,90,Ethernet,IPv6,ICMP,N/A,v6,fe80::5ca9:83ff:fe87:27,ff02::179,N/A,N/A,N/A,N/A,N/A,N/A,,,0
1759293472,eth0,54,Ethernet,IPv4,N/A,N/A,v4,172.30.0.220,224.0.0.22,N/A,N/A,N/A,N/A,N/A,N/A,,,0
1759293472,any,92,N/A,IPv6,ICMP,N/A,v6,fe80::5ca9:83ff:fe87:27,ff02::179,N/A,N/A,N/A,N/A,N/A,N/A,,,0
1759293472,eth0,67,Ethernet,IPv4,UDP,N/A,v4,172.30.0.220,224.0.0.252,5355,5355,N/A,N/A,N/A,N/A,,,0
1759293472,any,69,N/A,IPv4,UDP,N/A,v4,172.30.0.220,224.0.0.252,5355,5355,N/A,N/A,N/A,N/A,,,0
1759293472,eth0,356,Ethernet,IPv4,UDP,N/A,v4,0.0.0.0,255.255.255.255,68,67,N/A,N/A,N/A,N/A,,,0
1759293472,any,358,N/A,IPv4,UDP,N/A,v4,0.0.0.0,255.255.255.255,68,67,N/A,N/A,N/A,N/A,,,0
1759293472,eth0,368,Ethernet,IPv4,UDP,N/A,v4,0.0.0.0,255.255.255.255,68,67,N/A,N/A,N/A,N/A,,,0
1759293472,any,370,N/A,IPv4,UDP,N/A,v4,0.0.0.0,255.255.255.255,68,67,N/A,N/A,N/A,N/A,,,0
1759293472,eth1,110,Ethernet,IPv6,ICMP,N/A,v6,fe80::a824:52ff:fe4f:69,ff02::179,N/A,N/A,N/A,N/A,N/A,N/A,,,0
1759293472,any,112,N/A,IPv6,ICMP,N/A,v6,fe80::a824:52ff:fe4f:69,ff02::179,N/A,N/A,N/A,N/A,N/A,N/A,,,0
1759293472,eth0,54,Ethernet,IPv4,N/A,N/A,v4,172.30.0.220,224.0.0.22,N/A,N/A,N/A,N/A,N/A,N/A,,,0
1759293472,eth0,110,Ethernet,IPv6,ICMP,N/A,v6,fe80::e48e:99ff:fe5f:147,ff02::179,N/A,N/A,N/A,N/A,N/A,N/A,,,1
1759293472,any,112,N/A,IPv6,ICMP,N/A,v6,fe80::e48e:99ff:fe5f:147,ff02::179,N/A,N/A,N/A,N/A,N/A,N/A,,,1
1759293472,eth1,110,Ethernet,IPv6,ICMP,N/A,v6,fe80::f056:abff:fe65:143,ff02::179,N/A,N/A,N/A,N/A,N/A,N/A,,,1
1759293472,any,112,N/A,IPv6,ICMP,N/A,v6,fe80::f056:abff:fe65:143,ff02::179,N/A,N/A,N/A,N/A,N/A,N/A,,,1
1759293472,any,92,N/A,IPv6,ICMP,N/A,v6,fe80::ecf9:eff:fefb:55,ff02::179,N/A,N/A,N/A,N/A,N/A,N/A,,,1
1759293472,eth0,90,Ethernet,IPv6,ICMP,N/A,v6,fe80::ecf9:eff:fefb:55,ff02::179,N/A,N/A,N/A,N/A,N/A,N/A,,,1
1759293472,eth0,56,Ethernet,IPv4,N/A,N/A,v4,172.30.0.89,224.0.0.22,N/A,N/A,N/A,N/A,N/A,N/A,,,1
1759293472,any,92,N/A,IPv6,ICMP,N/A,v6,fe80::ecf9:eff:fefb:55,ff02::179,N/A,N/A,N/A,N/A,N/A,N/A,,,1
1759293472,eth0,90,Ethernet,IPv6,ICMP,N/A,v6,fe80::ecf9:eff:fefb:55,ff02::179,N/A,N/A,N/A,N/A,N/A,N/A,,,1
1759293472,any,89,N/A,IPv6,UDP,N/A,v6,fe80::ecf9:eff:fefb:55,ff02::1:52,5355,5355,N/A,N/A,N/A,N/A,,,1
1759293472,eth0,87,Ethernet,IPv6,UDP,N/A,v6,fe80::ecf9:eff:fefb:55,ff02::1:52,5355,5355,N/A,N/A,N/A,N/A,,,1
1759293472,eth0,67,Ethernet,IPv4,UDP,N/A,v4,172.30.0.89,224.0.0.252,5355,5355,N/A,N/A,N/A,N/A,,,1
1759293472,eth0,356,Ethernet,IPv4,UDP,N/A,v4,0.0.0.0,255.255.255.255,68,67,N/A,N/A,N/A,N/A,,,1
1759293472,any,358,N/A,IPv4,UDP,N/A,v4,0.0.0.0,255.255.255.255,68,67,N/A,N/A,N/A,N/A,,,1
1759293472,eth0,368,Ethernet,IPv4,UDP,N/A,v4,0.0.0.0,255.255.255.255,68,67,N/A,N/A,N/A,N/A,,,1
1759293472,any,112,N/A,IPv6,ICMP,N/A,v6,fe80::103b:bdff:fef0:169,ff02::179,N/A,N/A,N/A,N/A,N/A,N/A,,,1
1759293472,eth1,110,Ethernet,IPv6,ICMP,N/A,v6,fe80::103b:bdff:fef0:169,ff02::179,N/A,N/A,N/A,N/A,N/A,N/A,,,1
1759293472,any,112,N/A,IPv6,ICMP,N/A,v6,fe80::ecf9:eff:fefb:55,ff02::179,N/A,N/A,N/A,N/A,N/A,N/A,,,1
1759293472,any,58,N/A,IPv4,N/A,N/A,v4,172.30.0.89,224.0.0.22,N/A,N/A,N/A,N/A,N/A,N/A,,,1
1759293472,eth0,110,Ethernet,IPv6,ICMP,N/A,v6,fe80::ecf9:eff:fefb:55,ff02::179,N/A,N/A,N/A,N/A,N/A,N/A,,,1
1759293472,eth0,56,Ethernet,IPv4,N/A,N/A,v4,172.30.0.89,224.0.0.22,N/A,N/A,N/A,N/A,N/A,N/A,,,1
1759293472,any,58,ARP,N/A,N/A,N/A,N/A,N/A,N/A,N/A,N/A,1,2048,172.30.0.89,172.30.0.122,,,1
1759293472,eth0,56,Ethernet,N/A,N/A,N/A,N/A,N/A,N/A,N/A,N/A,N/A,N/A,N/A,N/A,,,1
1759293472,eth1,70,Ethernet,IPv6,ICMP,N/A,v6,fe80::780a:a9ff:fee6:89,ff02::204,N/A,N/A,N/A,N/A,N/A,N/A,,,1
1759293472,any,72,N/A,IPv6,ICMP,N/A,v6,fe80::b0b5:44ff:feea:219,ff02::204,N/A,N/A,N/A,N/A,N/A,N/A,,,1
1759293472,any,72,N/A,IPv6,ICMP,N/A,v6,fe80::780a:a9ff:fee6:89,ff02::204,N/A,N/A,N/A,N/A,N/A,N/A,,,1
1759293472,eth0,70,Ethernet,IPv6,ICMP,N/A,v6,fe80::b0b5:44ff:feea:219,ff02::204,N/A,N/A,N/A,N/A,N/A,N/A,,,1
1759293472,any,72,N/A,IPv6,ICMP,N/A,v6,fe80::dcac:f9ff:fe59:60,ff02::204,N/A,N/A,N/A,N/A,N/A,N/A,,,1
1759293472,eth2,70,Ethernet,IPv6,ICMP,N/A,v6,fe80::dcac:f9ff:fe59:60,ff02::204,N/A,N/A,N/A,N/A,N/A,N/A,,,1
1759293472,eth1,70,Ethernet,IPv6,ICMP,N/A,v6,fe80::f056:abff:fe65:143,ff02::204,N/A,N/A,N/A,N/A,N/A,N/A,,,1
1759293472,eth0,111,Ethernet,N/A,N/A,N/A,N/A,N/A,N/A,N/A,N/A,N/A,N/A,N/A,N/A,,,1
1759293472,eth0,70,Ethernet,IPv6,ICMP,N/A,v6,fe80::e48e:99ff:fe5f:147,ff02::204,N/A,N/A,N/A,N/A,N/A,N/A,,,1
1759293472,eth0,90,Ethernet,IPv6,ICMP,N/A,v6,fe80::24f1:23ff:fe29:66,ff02::179,N/A,N/A,N/A,N/A,N/A,N/A,,,1
1759293472,any,92,N/A,IPv6,ICMP,N/A,v6,fe80::24f1:23ff:fe29:66,ff02::179,N/A,N/A,N/A,N/A,N/A,N/A,,,1
1759293472,eth0,110,Ethernet,IPv6,ICMP,N/A,v6,fe80::ecf9:eff:fefb:55,ff02::179,N/A,N/A,N/A,N/A,N/A,N/A,,,1
1759293472,any,112,N/A,IPv6,ICMP,N/A,v6,fe80::ecf9:eff:fefb:55,ff02::179,N/A,N/A,N/A,N/A,N/A,N/A,,,1
1759293472,any,56,N/A,IPv4,N/A,N/A,v4,172.30.0.23,224.0.0.22,N/A,N/A,N/A,N/A,N/A,N/A,,,1
1759293472,eth0,54,Ethernet,IPv4,N/A,N/A,v4,172.30.0.23,224.0.0.22,N/A,N/A,N/A,N/A,N/A,N/A,,,1
1759293472,eth0,56,Ethernet,IPv4,N/A,N/A,v4,172.30.0.89,224.0.0.22,N/A,N/A,N/A,N/A,N/A,N/A,,,1
1759293472,any,58,N/A,IPv4,N/A,N/A,v4,172.30.0.89,224.0.0.22,N/A,N/A,N/A,N/A,N/A,N/A,,,1
1759293472,eth0,110,Ethernet,IPv6,ICMP,N/A,v6,fe80::5ca9:83ff:fe87:27,ff02::179,N/A,N/A,N/A,N/A,N/A,N/A,,,0
1759293472,eth0,42,Ethernet,N/A,N/A,N/A,N/A,N/A,N/A,N/A,N/A,N/A,N/A,N/A,N/A,,,0
1759293472,eth0,56,Ethernet,N/A,N/A,N/A,N/A,N/A,N/A,N/A,N/A,N/A,N/A,N/A,N/A,,,0
1759293472,eth0,56,Ethernet,N/A,N/A,N/A,N/A,N/A,N/A,N/A,N/A,N/A,N/A,N/A,N/A,,,0
1759293472,any,56,N/A,IPv4,N/A,N/A,v4,172.30.0.220,224.0.0.22,N/A,N/A,N/A,N/A,N/A,N/A,,,0
1759293472,any,44,ARP,N/A,N/A,N/A,N/A,N/A,N/A,N/A,N/A,1,2048,172.30.0.220,172.30.0.122,,,0
1759293472,any,58,ARP,N/A,N/A,N/A,N/A,N/A,N/A,N/A,N/A,2,2048,172.30.0.122,172.30.0.220,,,0
1759293472,any,58,ARP,N/A,N/A,N/A,N/A,N/A,N/A,N/A,N/A,2,2048,172.30.0.122,172.30.0.220,,,0
1759293472,eth0,54,Ethernet,IPv4,N/A,N/A,v4,172.30.0.220,224.0.0.22,N/A,N/A,N/A,N/A,N/A,N/A,,,0
1759293472,any,56,N/A,IPv4,N/A,N/A,v4,172.30.0.220,224.0.0.22,N/A,N/A,N/A,N/A,N/A,N/A,,,0
1759293473,any,72,N/A,IPv6,ICMP,N/A,v6,fe80::24f1:23ff:fe29:66,ff02::204,N/A,N/A,N/A,N/A,N/A,N/A,,,1
1759293473,eth0,70,Ethernet,IPv6,ICMP,N/A,v6,fe80::24f1:23ff:fe29:66,ff02::204,N/A,N/A,N/A,N/A,N/A,N/A,,,1
1759293473,eth1,70,Ethernet,IPv6,ICMP,N/A,v6,fe80::7827:e3ff:fe68:239,ff02::204,N/A,N/A,N/A,N/A,N/A,N/A,,,1
1759293473,eth1,110,Ethernet,IPv6,ICMP,N/A,v6,fe80::103b:bdff:fef0:169,ff02::179,N/A,N/A,N/A,N/A,N/A,N/A,,,1
1759293473,any,112,N/A,IPv6,ICMP,N/A,v6,fe80::103b:bdff:fef0:169,ff02::179,N/A,N/A,N/A,N/A,N/A,N/A,,,1
1759293473,any,113,N/A,N/A,N/A,N/A,N/A,N/A,N/A,N/A,N/A,N/A,N/A,N/A,N/A,,,1
1759293473,eth0,111,Ethernet,N/A,N/A,N/A,N/A,N/A,N/A,N/A,N/A,N/A,N/A,N/A,N/A,,,1
1759293473,eth1,70,Ethernet,IPv6,ICMP,N/A,v6,fe80::103b:bdff:fef0:169,ff02::204,N/A,N/A,N/A,N/A,N/A,N/A,,,1
1759293473,eth0,70,Ethernet,IPv6,ICMP,N/A,v6,fe80::ecf9:eff:fefb:55,ff02::204,N/A,N/A,N/A,N/A,N/A,N/A,,,1
1759293473,any,72,N/A,IPv6,ICMP,N/A,v6,fe80::ecf9:eff:fefb:55,ff02::204,N/A,N/A,N/A,N/A,N/A,N/A,,,1
1759293473,any,72,N/A,IPv6,ICMP,N/A,v6,fe80::103b:bdff:fef0:169,ff02::204,N/A,N/A,N/A,N/A,N/A,N/A,,,1
1759293473,any,112,N/A,IPv6,ICMP,N/A,v6,fe80::5ca9:83ff:fe87:27,ff02::179,N/A,N/A,N/A,N/A,N/A,N/A,,,0
1759293473,eth0,110,Ethernet,IPv6,ICMP,N/A,v6,fe80::5ca9:83ff:fe87:27,ff02::179,N/A,N/A,N/A,N/A,N/A,N/A,,,0
1759293473,any,112,N/A,IPv6,ICMP,N/A,v6,fe80::a824:52ff:fe4f:69,ff02::179,N/A,N/A,N/A,N/A,N/A,N/A,,,0
1759293473,eth1,110,Ethernet,IPv6,ICMP,N/A,v6,fe80::a824:52ff:fe4f:69,ff02::179,N/A,N/A,N/A,N/A,N/A,N/A,,,0
1759293473,eth1,70,Ethernet,IPv6,ICMP,N/A,v6,fe80::a824:52ff:fe4f:69,ff02::204,N/A,N/A,N/A,N/A,N/A,N/A,,,0
1759293473,any,72,N/A,IPv6,ICMP,N/A,v6,fe80::a824:52ff:fe4f:69,ff02::204,N/A,N/A,N/A,N/A,N/A,N/A,,,0
1759293473,eth0,107,Ethernet,N/A,N/A,N/A,N/A,N/A,N/A,N/A,N/A,N/A,N/A,N/A,N/A,,,0
1759293473,any,109,N/A,N/A,N/A,N/A,N/A,N/A,N/A,N/A,N/A,N/A,N/A,N/A,N/A,,,0
1759293473,eth0,70,Ethernet,IPv6,ICMP,N/A,v6,fe80::5ca9:83ff:fe87:27,ff02::204,N/A,N/A,N/A,N/A,N/A,N/A,,,0
1759293473,any,72,N/A,IPv6,ICMP,N/A,v6,fe80::5ca9:83ff:fe87:27,ff02::204,N/A,N/A,N/A,N/A,N/A,N/A,,,0
1759293474,eth0,111,Ethernet,N/A,N/A,N/A,N/A,N/A,N/A,N/A,N/A,N/A,N/A,N/A,N/A,,,1
1759293474,any,113,N/A,N/A,N/A,N/A,N/A,N/A,N/A,N/A,N/A,N/A,N/A,N/A,N/A,,,1
1759293474,eth0,107,Ethernet,N/A,N/A,N/A,N/A,N/A,N/A,N/A,N/A,N/A,N/A,N/A,N/A,,,0
1759293474,any,109,N/A,N/A,N/A,N/A,N/A,N/A,N/A,N/A,N/A,N/A,N/A,N/A,N/A,,,0
1759293475,any,92,N/A,IPv6,ICMP,N/A,v6,fe80::b0b5:44ff:feea:219,ff02::179,N/A,N/A,N/A,N/A,N/A,N/A,,,1
1759293475,eth0,90,Ethernet,IPv6,ICMP,N/A,v6,fe80::b0b5:44ff:feea:219,ff02::179,N/A,N/A,N/A,N/A,N/A,N/A,,,1
1759293475,eth0,54,Ethernet,IPv4,N/A,N/A,v4,172.30.0.163,224.0.0.22,N/A,N/A,N/A,N/A,N/A,N/A,,,1
1759293475,eth0,88,Ethernet,IPv6,UDP,N/A,v6,fe80::b0b5:44ff:feea:219,ff02::1:52,5355,5355,N/A,N/A,N/A,N/A,,,1
1759293475,any,90,N/A,IPv6,UDP,N/A,v6,fe80::b0b5:44ff:feea:219,ff02::1:52,5355,5355,N/A,N/A,N/A,N/A,,,1
1759293475,any,70,N/A,IPv4,UDP,N/A,v4,172.30.0.163,224.0.0.252,5355,5355,N/A,N/A,N/A,N/A,,,1
1759293475,eth0,68,Ethernet,IPv4,UDP,N/A,v4,172.30.0.163,224.0.0.252,5355,5355,N/A,N/A,N/A,N/A,,,1
1759293475,eth0,357,Ethernet,IPv4,UDP,N/A,v4,0.0.0.0,255.255.255.255,68,67,N/A,N/A,N/A,N/A,,,1
1759293475,any,359,N/A,IPv4,UDP,N/A,v4,0.0.0.0,255.255.255.255,68,67,N/A,N/A,N/A,N/A,,,1
1759293475,any,371,N/A,IPv4,UDP,N/A,v4,0.0.0.0,255.255.255.255,68,67,N/A,N/A,N/A,N/A,,,1
1759293475,eth0,369,Ethernet,IPv4,UDP,N/A,v4,0.0.0.0,255.255.255.255,68,67,N/A,N/A,N/A,N/A,,,1
1759293475,eth1,110,Ethernet,IPv6,ICMP,N/A,v6,fe80::780a:a9ff:fee6:89,ff02::179,N/A,N/A,N/A,N/A,N/A,N/A,,,1
1759293475,any,112,N/A,IPv6,ICMP,N/A,v6,fe80::780a:a9ff:fee6:89,ff02::179,N/A,N/A,N/A,N/A,N/A,N/A,,,1
1759293475,eth0,54,Ethernet,IPv4,N/A,N/A,v4,172.30.0.163,224.0.0.22,N/A,N/A,N/A,N/A,N/A,N/A,,,1
1759293475,eth0,110,Ethernet,IPv6,ICMP,N/A,v6,fe80::b0b5:44ff:feea:219,ff02::179,N/A,N/A,N/A,N/A,N/A,N/A,,,1
1759293475,any,56,N/A,IPv4,N/A,N/A,v4,172.30.0.163,224.0.0.22,N/A,N/A,N/A,N/A,N/A,N/A,,,1
1759293475,any,112,N/A,IPv6,ICMP,N/A,v6,fe80::b0b5:44ff:feea:219,ff02::179,N/A,N/A,N/A,N/A,N/A,N/A,,,1
1759293475,eth0,110,Ethernet,IPv6,ICMP,N/A,v6,fe80::b0b5:44ff:feea:219,ff02::179,N/A,N/A,N/A,N/A,N/A,N/A,,,1
1759293475,eth0,42,Ethernet,N/A,N/A,N/A,N/A,N/A,N/A,N/A,N/A,N/A,N/A,N/A,N/A,,,1
1759293475,any,44,ARP,N/A,N/A,N/A,N/A,N/A,N/A,N/A,N/A,1,2048,172.30.0.163,172.30.0.122,,,1
1759293475,any,56,N/A,IPv4,N/A,N/A,v4,172.30.0.163,224.0.0.22,N/A,N/A,N/A,N/A,N/A,N/A,,,1
1759293475,eth0,54,Ethernet,IPv4,N/A,N/A,v4,172.30.0.163,224.0.0.22,N/A,N/A,N/A,N/A,N/A,N/A,,,1
1759293475,eth0,90,Ethernet,IPv6,ICMP,N/A,v6,fe80::24f1:23ff:fe29:66,ff02::179,N/A,N/A,N/A,N/A,N/A,N/A,,,1
1759293475,eth0,54,Ethernet,IPv4,N/A,N/A,v4,172.30.0.23,224.0.0.22,N/A,N/A,N/A,N/A,N/A,N/A,,,1
1759293475,any,92,N/A,IPv6,ICMP,N/A,v6,fe80::24f1:23ff:fe29:66,ff02::179,N/A,N/A,N/A,N/A,N/A,N/A,,,1
1759293475,any,113,N/A,N/A,N/A,N/A,N/A,N/A,N/A,N/A,N/A,N/A,N/A,N/A,N/A,,,1
1759293475,eth0,111,Ethernet,N/A,N/A,N/A,N/A,N/A,N/A,N/A,N/A,N/A,N/A,N/A,N/A,,,1
1759293475,eth0,356,Ethernet,IPv4,UDP,N/A,v4,0.0.0.0,255.255.255.255,68,67,N/A,N/A,N/A,N/A,,,1
1759293475,any,358,N/A,IPv4,UDP,N/A,v4,0.0.0.0,255.255.255.255,68,67,N/A,N/A,N/A,N/A,,,1
1759293475,eth0,368,Ethernet,IPv4,UDP,N/A,v4,0.0.0.0,255.255.255.255,68,67,N/A,N/A,N/A,N/A,,,1
1759293475,any,370,N/A,IPv4,UDP,N/A,v4,0.0.0.0,255.255.255.255,68,67,N/A,N/A,N/A,N/A,,,1
1759293475,any,112,N/A,IPv6,ICMP,N/A,v6,fe80::7827:e3ff:fe68:239,ff02::179,N/A,N/A,N/A,N/A,N/A,N/A,,,1
1759293475,eth1,110,Ethernet,IPv6,ICMP,N/A,v6,fe80::7827:e3ff:fe68:239,ff02::179,N/A,N/A,N/A,N/A,N/A,N/A,,,1
1759293475,any,112,N/A,IPv6,ICMP,N/A,v6,fe80::24f1:23ff:fe29:66,ff02::179,N/A,N/A,N/A,N/A,N/A,N/A,,,1
1759293475,eth0,110,Ethernet,IPv6,ICMP,N/A,v6,fe80::24f1:23ff:fe29:66,ff02::179,N/A,N/A,N/A,N/A,N/A,N/A,,,1
1759293475,eth0,54,Ethernet,IPv4,N/A,N/A,v4,172.30.0.23,224.0.0.22,N/A,N/A,N/A,N/A,N/A,N/A,,,1
1759293475,eth0,42,Ethernet,N/A,N/A,N/A,N/A,N/A,N/A,N/A,N/A,N/A,N/A,N/A,N/A,,,1
1759293475,any,112,N/A,IPv6,ICMP,N/A,v6,fe80::780a:a9ff:fee6:89,ff02::179,N/A,N/A,N/A,N/A,N/A,N/A,,,1
1759293475,eth1,110,Ethernet,IPv6,ICMP,N/A,v6,fe80::780a:a9ff:fee6:89,ff02::179,N/A,N/A,N/A,N/A,N/A,N/A,,,1
1759293475,any,72,N/A,IPv6,ICMP,N/A,v6,fe80::dcac:f9ff:fe59:60,ff02::204,N/A,N/A,N/A,N/A,N/A,N/A,,,1
1759293475,eth2,70,Ethernet,IPv6,ICMP,N/A,v6,fe80::dcac:f9ff:fe59:60,ff02::204,N/A,N/A,N/A,N/A,N/A,N/A,,,1
1759293476,eth0,54,Ethernet,IPv4,N/A,N/A,v4,172.30.0.23,224.0.0.22,N/A,N/A,N/A,N/A,N/A,N/A,,,1
1759293476,any,56,N/A,IPv4,N/A,N/A,v4,172.30.0.23,224.0.0.22,N/A,N/A,N/A,N/A,N/A,N/A,,,1
1759293476,any,72,N/A,IPv6,ICMP,N/A,v6,fe80::e48e:99ff:fe5f:147,ff02::204,N/A,N/A,N/A,N/A,N/A,N/A,,,1
1759293476,eth0,70,Ethernet,IPv6,ICMP,N/A,v6,fe80::e48e:99ff:fe5f:147,ff02::204,N/A,N/A,N/A,N/A,N/A,N/A,,,1
1759293476,any,112,N/A,IPv6,ICMP,N/A,v6,fe80::7827:e3ff:fe68:239,ff02::179,N/A,N/A,N/A,N/A,N/A,N/A,,,1
1759293476,eth1,110,Ethernet,IPv6,ICMP,N/A,v6,fe80::7827:e3ff:fe68:239,ff02::179,N/A,N/A,N/A,N/A,N/A,N/A,,,1
1759293476,eth1,70,Ethernet,IPv6,ICMP,N/A,v6,fe80::780a:a9ff:fee6:89,ff02::204,N/A,N/A,N/A,N/A,N/A,N/A,,,1
1759293476,eth0,70,Ethernet,IPv6,ICMP,N/A,v6,fe80::b0b5:44ff:feea:219,ff02::204,N/A,N/A,N/A,N/A,N/A,N/A,,,1
1759293476,any,72,N/A,IPv6,ICMP,N/A,v6,fe80::b0b5:44ff:feea:219,ff02::204,N/A,N/A,N/A,N/A,N/A,N/A,,,1
1759293476,any,72,N/A,IPv6,ICMP,N/A,v6,fe80::780a:a9ff:fee6:89,ff02::204,N/A,N/A,N/A,N/A,N/A,N/A,,,1
1759293476,any,72,N/A,IPv6,ICMP,N/A,v6,fe80::f056:abff:fe65:143,ff02::204,N/A,N/A,N/A,N/A,N/A,N/A,,,1
1759293476,eth1,70,Ethernet,IPv6,ICMP,N/A,v6,fe80::f056:abff:fe65:143,ff02::204,N/A,N/A,N/A,N/A,N/A,N/A,,,1
1759293476,eth0,90,Ethernet,IPv6,ICMP,N/A,v6,fe80::e48e:99ff:fe5f:147,ff02::179,N/A,N/A,N/A,N/A,N/A,N/A,,,1
1759293476,eth0,54,Ethernet,IPv4,N/A,N/A,v4,172.30.0.220,224.0.0.22,N/A,N/A,N/A,N/A,N/A,N/A,,,1
1759293476,any,92,N/A,IPv6,ICMP,N/A,v6,fe80::e48e:99ff:fe5f:147,ff02::179,N/A,N/A,N/A,N/A,N/A,N/A,,,1
1759293476,eth0,71,Ethernet,IPv4,UDP,N/A,v4,172.30.0.220,224.0.0.252,5355,5355,N/A,N/A,N/A,N/A,,,1
1759293476,any,73,N/A,IPv4,UDP,N/A,v4,172.30.0.220,224.0.0.252,5355,5355,N/A,N/A,N/A,N/A,,,1
1759293476,eth0,360,Ethernet,IPv4,UDP,N/A,v4,0.0.0.0,255.255.255.255,68,67,N/A,N/A,N/A,N/A,,,1
1759293476,any,362,N/A,IPv4,UDP,N/A,v4,0.0.0.0,255.255.255.255,68,67,N/A,N/A,N/A,N/A,,,1
1759293476,eth0,372,Ethernet,IPv4,UDP,N/A,v4,0.0.0.0,255.255.255.255,68,67,N/A,N/A,N/A,N/A,,,1
1759293476,eth0,107,Ethernet,N/A,N/A,N/A,N/A,N/A,N/A,N/A,N/A,N/A,N/A,N/A,N/A,,,0
1759293476,any,109,N/A,N/A,N/A,N/A,N/A,N/A,N/A,N/A,N/A,N/A,N/A,N/A,N/A,,,0
1759293476,eth0,110,Ethernet,IPv6,ICMP,N/A,v6,fe80::e48e:99ff:fe5f:147,ff02::179,N/A,N/A,N/A,N/A,N/A,N/A,,,1
1759293476,eth0,54,Ethernet,IPv4,N/A,N/A,v4,172.30.0.220,224.0.0.22,N/A,N/A,N/A,N/A,N/A,N/A,,,1
1759293476,eth0,42,Ethernet,N/A,N/A,N/A,N/A,N/A,N/A,N/A,N/A,N/A,N/A,N/A,N/A,,,1
1759293476,eth0,56,Ethernet,N/A,N/A,N/A,N/A,N/A,N/A,N/A,N/A,N/A,N/A,N/A,N/A,,,1
1759293476,eth0,56,Ethernet,N/A,N/A,N/A,N/A,N/A,N/A,N/A,N/A,N/A,N/A,N/A,N/A,,,1
1759293476,eth0,70,Ethernet,IPv6,ICMP,N/A,v6,fe80::24f1:23ff:fe29:66,ff02::204,N/A,N/A,N/A,N/A,N/A,N/A,,,1
1759293476,any,374,N/A,IPv4,UDP,N/A,v4,0.0.0.0,255.255.255.255,68,67,N/A,N/A,N/A,N/A,,,1
1759293476,any,112,N/A,IPv6,ICMP,N/A,v6,fe80::f056:abff:fe65:143,ff02::179,N/A,N/A,N/A,N/A,N/A,N/A,,,1
1759293476,any,112,N/A,IPv6,ICMP,N/A,v6,fe80::e48e:99ff:fe5f:147,ff02::179,N/A,N/A,N/A,N/A,N/A,N/A,,,1
1759293476,any,44,ARP,N/A,N/A,N/A,N/A,N/A,N/A,N/A,N/A,1,2048,172.30.0.220,172.30.0.122,,,1
1759293476,any,58,ARP,N/A,N/A,N/A,N/A,N/A,N/A,N/A,N/A,2,2048,172.30.0.122,172.30.0.220,,,1
1759293476,any,72,N/A,IPv6,ICMP,N/A,v6,fe80::24f1:23ff:fe29:66,ff02::204,N/A,N/A,N/A,N/A,N/A,N/A,,,1
1759293476,any,72,N/A,IPv6,ICMP,N/A,v6,fe80::7827:e3ff:fe68:239,ff02::204,N/A,N/A,N/A,N/A,N/A,N/A,,,1
1759293476,eth2,110,Ethernet,IPv6,ICMP,N/A,v6,fe80::dcac:f9ff:fe59:60,ff02::179,N/A,N/A,N/A,N/A,N/A,N/A,,,1
1759293476,eth1,110,Ethernet,IPv6,ICMP,N/A,v6,fe80::f056:abff:fe65:143,ff02::179,N/A,N/A,N/A,N/A,N/A,N/A,,,1
1759293476,eth1,70,Ethernet,IPv6,ICMP,N/A,v6,fe80::7827:e3ff:fe68:239,ff02::204,N/A,N/A,N/A,N/A,N/A,N/A,,,1
1759293476,any,112,N/A,IPv6,ICMP,N/A,v6,fe80::24f1:23ff:fe29:66,ff02::179,N/A,N/A,N/A,N/A,N/A,N/A,,,1
1759293476,eth0,110,Ethernet,IPv6,ICMP,N/A,v6,fe80::24f1:23ff:fe29:66,ff02::179,N/A,N/A,N/A,N/A,N/A,N/A,,,1
1759293476,eth0,110,Ethernet,IPv6,ICMP,N/A,v6,fe80::e48e:99ff:fe5f:147,ff02::179,N/A,N/A,N/A,N/A,N/A,N/A,,,1
1759293476,any,112,N/A,IPv6,ICMP,N/A,v6,fe80::e48e:99ff:fe5f:147,ff02::179,N/A,N/A,N/A,N/A,N/A,N/A,,,1
1759293477,any,72,N/A,IPv6,ICMP,N/A,v6,fe80::5ca9:83ff:fe87:27,ff02::204,N/A,N/A,N/A,N/A,N/A,N/A,,,0
1759293477,eth0,70,Ethernet,IPv6,ICMP,N/A,v6,fe80::5ca9:83ff:fe87:27,ff02::204,N/A,N/A,N/A,N/A,N/A,N/A,,,0
1759293477,any,109,N/A,N/A,N/A,N/A,N/A,N/A,N/A,N/A,N/A,N/A,N/A,N/A,N/A,,,0
1759293477,eth0,107,Ethernet,N/A,N/A,N/A,N/A,N/A,N/A,N/A,N/A,N/A,N/A,N/A,N/A,,,0
1759293477,any,72,N/A,IPv6,ICMP,N/A,v6,fe80::a824:52ff:fe4f:69,ff02::204,N/A,N/A,N/A,N/A,N/A,N/A,,,0
1759293477,eth1,70,Ethernet,IPv6,ICMP,N/A,v6,fe80::a824:52ff:fe4f:69,ff02::204,N/A,N/A,N/A,N/A,N/A,N/A,,,0
1759293477,eth0,90,Ethernet,IPv6,ICMP,N/A,v6,fe80::5ca9:83ff:fe87:27,ff02::179,N/A,N/A,N/A,N/A,N/A,N/A,,,0
1759293477,eth0,54,Ethernet,IPv4,N/A,N/A,v4,172.30.0.220,224.0.0.22,N/A,N/A,N/A,N/A,N/A,N/A,,,0
1759293477,any,92,N/A,IPv6,ICMP,N/A,v6,fe80::5ca9:83ff:fe87:27,ff02::179,N/A,N/A,N/A,N/A,N/A,N/A,,,0
1759293477,eth0,87,Ethernet,IPv6,UDP,N/A,v6,fe80::5ca9:83ff:fe87:27,ff02::1:52,5355,5355,N/A,N/A,N/A,N/A,,,0
1759293477,eth0,67,Ethernet,IPv4,UDP,N/A,v4,172.30.0.220,224.0.0.252,5355,5355,N/A,N/A,N/A,N/A,,,0
1759293477,any,89,N/A,IPv6,UDP,N/A,v6,fe80::5ca9:83ff:fe87:27,ff02::1:52,5355,5355,N/A,N/A,N/A,N/A,,,0
1759293477,eth0,356,Ethernet,IPv4,UDP,N/A,v4,0.0.0.0,255.255.255.255,68,67,N/A,N/A,N/A,N/A,,,0
1759293477,any,358,N/A,IPv4,UDP,N/A,v4,0.0.0.0,255.255.255.255,68,67,N/A,N/A,N/A,N/A,,,0
1759293477,eth0,368,Ethernet,IPv4,UDP,N/A,v4,0.0.0.0,255.255.255.255,68,67,N/A,N/A,N/A,N/A,,,0
1759293477,any,370,N/A,IPv4,UDP,N/A,v4,0.0.0.0,255.255.255.255,68,67,N/A,N/A,N/A,N/A,,,0
1759293477,eth1,110,Ethernet,IPv6,ICMP,N/A,v6,fe80::a824:52ff:fe4f:69,ff02::179,N/A,N/A,N/A,N/A,N/A,N/A,,,0
1759293477,any,112,N/A,IPv6,ICMP,N/A,v6,fe80::a824:52ff:fe4f:69,ff02::179,N/A,N/A,N/A,N/A,N/A,N/A,,,0
1759293477,eth0,110,Ethernet,IPv6,ICMP,N/A,v6,fe80::5ca9:83ff:fe87:27,ff02::179,N/A,N/A,N/A,N/A,N/A,N/A,,,0
1759293477,eth0,54,Ethernet,IPv4,N/A,N/A,v4,172.30.0.220,224.0.0.22,N/A,N/A,N/A,N/A,N/A,N/A,,,0
1759293477,any,112,N/A,IPv6,ICMP,N/A,v6,fe80::5ca9:83ff:fe87:27,ff02::179,N/A,N/A,N/A,N/A,N/A,N/A,,,0
1759293477,eth0,42,Ethernet,N/A,N/A,N/A,N/A,N/A,N/A,N/A,N/A,N/A,N/A,N/A,N/A,,,0
1759293477,eth0,56,Ethernet,N/A,N/A,N/A,N/A,N/A,N/A,N/A,N/A,N/A,N/A,N/A,N/A,,,0
1759293477,eth0,56,Ethernet,N/A,N/A,N/A,N/A,N/A,N/A,N/A,N/A,N/A,N/A,N/A,N/A,,,0
1759293477,any,44,ARP,N/A,N/A,N/A,N/A,N/A,N/A,N/A,N/A,1,2048,172.30.0.220,172.30.0.122,,,0
1759293477,any,58,ARP,N/A,N/A,N/A,N/A,N/A,N/A,N/A,N/A,2,2048,172.30.0.122,172.30.0.220,,,0
1759293477,any,72,N/A,IPv6,ICMP,N/A,v6,fe80::ecf9:eff:fefb:55,ff02::204,N/A,N/A,N/A,N/A,N/A,N/A,,,1
1759293477,eth0,70,Ethernet,IPv6,ICMP,N/A,v6,fe80::ecf9:eff:fefb:55,ff02::204,N/A,N/A,N/A,N/A,N/A,N/A,,,1
1759293477,any,112,N/A,IPv6,ICMP,N/A,v6,fe80::dcac:f9ff:fe59:60,ff02::179,N/A,N/A,N/A,N/A,N/A,N/A,,,1
1759293477,eth2,110,Ethernet,IPv6,ICMP,N/A,v6,fe80::dcac:f9ff:fe59:60,ff02::179,N/A,N/A,N/A,N/A,N/A,N/A,,,1
1759293477,eth0,54,Ethernet,IPv4,N/A,N/A,v4,172.30.0.220,224.0.0.22,N/A,N/A,N/A,N/A,N/A,N/A,,,1
1759293477,eth1,110,Ethernet,IPv6,ICMP,N/A,v6,fe80::f056:abff:fe65:143,ff02::179,N/A,N/A,N/A,N/A,N/A,N/A,,,1
1759293477,any,56,N/A,IPv4,N/A,N/A,v4,172.30.0.220,224.0.0.22,N/A,N/A,N/A,N/A,N/A,N/A,,,1
1759293477,eth0,90,Ethernet,IPv6,ICMP,N/A,v6,fe80::ecf9:eff:fefb:55,ff02::179,N/A,N/A,N/A,N/A,N/A,N/A,,,1
1759293477,eth0,56,Ethernet,IPv4,N/A,N/A,v4,172.30.0.89,224.0.0.22,N/A,N/A,N/A,N/A,N/A,N/A,,,1
1759293477,any,92,N/A,IPv6,ICMP,N/A,v6,fe80::ecf9:eff:fefb:55,ff02::179,N/A,N/A,N/A,N/A,N/A,N/A,,,1
1759293477,any,58,N/A,IPv4,N/A,N/A,v4,172.30.0.89,224.0.0.22,N/A,N/A,N/A,N/A,N/A,N/A,,,1
1759293477,any,358,N/A,IPv4,UDP,N/A,v4,0.0.0.0,255.255.255.255,68,67,N/A,N/A,N/A,N/A,,,1
1759293477,eth0,356,Ethernet,IPv4,UDP,N/A,v4,0.0.0.0,255.255.255.255,68,67,N/A,N/A,N/A,N/A,,,1
1759293477,any,370,N/A,IPv4,UDP,N/A,v4,0.0.0.0,255.255.255.255,68,67,N/A,N/A,N/A,N/A,,,1
1759293477,eth0,368,Ethernet,IPv4,UDP,N/A,v4,0.0.0.0,255.255.255.255,68,67,N/A,N/A,N/A,N/A,,,1
1759293477,any,112,N/A,IPv6,ICMP,N/A,v6,fe80::103b:bdff:fef0:169,ff02::179,N/A,N/A,N/A,N/A,N/A,N/A,,,1
1759293477,eth1,110,Ethernet,IPv6,ICMP,N/A,v6,fe80::103b:bdff:fef0:169,ff02::179,N/A,N/A,N/A,N/A,N/A,N/A,,,1
1759293477,any,112,N/A,IPv6,ICMP,N/A,v6,fe80::ecf9:eff:fefb:55,ff02::179,N/A,N/A,N/A,N/A,N/A,N/A,,,1
1759293477,any,58,N/A,IPv4,N/A,N/A,v4,172.30.0.89,224.0.0.22,N/A,N/A,N/A,N/A,N/A,N/A,,,1
1759293477,eth0,110,Ethernet,IPv6,ICMP,N/A,v6,fe80::ecf9:eff:fefb:55,ff02::179,N/A,N/A,N/A,N/A,N/A,N/A,,,1
1759293477,eth0,56,Ethernet,IPv4,N/A,N/A,v4,172.30.0.89,224.0.0.22,N/A,N/A,N/A,N/A,N/A,N/A,,,1
1759293477,eth0,56,Ethernet,N/A,N/A,N/A,N/A,N/A,N/A,N/A,N/A,N/A,N/A,N/A,N/A,,,1
1759293477,any,58,ARP,N/A,N/A,N/A,N/A,N/A,N/A,N/A,N/A,1,2048,172.30.0.89,172.30.0.122,,,1
1759293477,eth1,110,Ethernet,IPv6,ICMP,N/A,v6,fe80::103b:bdff:fef0:169,ff02::179,N/A,N/A,N/A,N/A,N/A,N/A,,,1
1759293477,eth0,70,Ethernet,IPv6,ICMP,N/A,v6,fe80::e48e:99ff:fe5f:147,ff02::204,N/A,N/A,N/A,N/A,N/A,N/A,,,1
1759293477,eth2,70,Ethernet,IPv6,ICMP,N/A,v6,fe80::dcac:f9ff:fe59:60,ff02::204,N/A,N/A,N/A,N/A,N/A,N/A,,,1
1759293477,eth1,70,Ethernet,IPv6,ICMP,N/A,v6,fe80::f056:abff:fe65:143,ff02::204,N/A,N/A,N/A,N/A,N/A,N/A,,,1
1759293477,any,72,N/A,IPv6,ICMP,N/A,v6,fe80::dcac:f9ff:fe59:60,ff02::204,N/A,N/A,N/A,N/A,N/A,N/A,,,1
1759293477,any,58,N/A,IPv4,N/A,N/A,v4,172.30.0.89,224.0.0.22,N/A,N/A,N/A,N/A,N/A,N/A,,,1
1759293477,eth0,56,Ethernet,IPv4,N/A,N/A,v4,172.30.0.89,224.0.0.22,N/A,N/A,N/A,N/A,N/A,N/A,,,1
1759293477,any,113,N/A,N/A,N/A,N/A,N/A,N/A,N/A,N/A,N/A,N/A,N/A,N/A,N/A,,,1
1759293477,eth0,111,Ethernet,N/A,N/A,N/A,N/A,N/A,N/A,N/A,N/A,N/A,N/A,N/A,N/A,,,1
1759293478,eth0,110,Ethernet,IPv6,ICMP,N/A,v6,fe80::ecf9:eff:fefb:55,ff02::179,N/A,N/A,N/A,N/A,N/A,N/A,,,1
1759293478,any,112,N/A,IPv6,ICMP,N/A,v6,fe80::ecf9:eff:fefb:55,ff02::179,N/A,N/A,N/A,N/A,N/A,N/A,,,1
1759293478,eth1,70,Ethernet,IPv6,ICMP,N/A,v6,fe80::103b:bdff:fef0:169,ff02::204,N/A,N/A,N/A,N/A,N/A,N/A,,,1
1759293478,eth0,70,Ethernet,IPv6,ICMP,N/A,v6,fe80::ecf9:eff:fefb:55,ff02::204,N/A,N/A,N/A,N/A,N/A,N/A,,,1
1759293478,any,72,N/A,IPv6,ICMP,N/A,v6,fe80::ecf9:eff:fefb:55,ff02::204,N/A,N/A,N/A,N/A,N/A,N/A,,,1
1759293478,any,72,N/A,IPv6,ICMP,N/A,v6,fe80::103b:bdff:fef0:169,ff02::204,N/A,N/A,N/A,N/A,N/A,N/A,,,1
1759293478,eth0,54,Ethernet,IPv4,N/A,N/A,v4,172.30.0.220,224.0.0.22,N/A,N/A,N/A,N/A,N/A,N/A,,,0
1759293478,any,56,N/A,IPv4,N/A,N/A,v4,172.30.0.220,224.0.0.22,N/A,N/A,N/A,N/A,N/A,N/A,,,0
1759293478,any,112,N/A,IPv6,ICMP,N/A,v6,fe80::a824:52ff:fe4f:69,ff02::179,N/A,N/A,N/A,N/A,N/A,N/A,,,0
1759293478,eth1,110,Ethernet,IPv6,ICMP,N/A,v6,fe80::a824:52ff:fe4f:69,ff02::179,N/A,N/A,N/A,N/A,N/A,N/A,,,0
1759293478,any,72,N/A,IPv6,ICMP,N/A,v6,fe80::a824:52ff:fe4f:69,ff02::204,N/A,N/A,N/A,N/A,N/A,N/A,,,0
1759293478,eth1,70,Ethernet,IPv6,ICMP,N/A,v6,fe80::a824:52ff:fe4f:69,ff02::204,N/A,N/A,N/A,N/A,N/A,N/A,,,0
1759293478,eth0,70,Ethernet,IPv6,ICMP,N/A,v6,fe80::5ca9:83ff:fe87:27,ff02::204,N/A,N/A,N/A,N/A,N/A,N/A,,,0
1759293478,eth0,110,Ethernet,IPv6,ICMP,N/A,v6,fe80::5ca9:83ff:fe87:27,ff02::179,N/A,N/A,N/A,N/A,N/A,N/A,,,0
1759293478,any,112,N/A,IPv6,ICMP,N/A,v6,fe80::5ca9:83ff:fe87:27,ff02::179,N/A,N/A,N/A,N/A,N/A,N/A,,,0
1759293479,any,113,N/A,N/A,N/A,N/A,N/A,N/A,N/A,N/A,N/A,N/A,N/A,N/A,N/A,,,1
1759293479,eth0,111,Ethernet,N/A,N/A,N/A,N/A,N/A,N/A,N/A,N/A,N/A,N/A,N/A,N/A,,,1
1759293479,any,109,N/A,N/A,N/A,N/A,N/A,N/A,N/A,N/A,N/A,N/A,N/A,N/A,N/A,,,0
1759293479,eth0,107,Ethernet,N/A,N/A,N/A,N/A,N/A,N/A,N/A,N/A,N/A,N/A,N/A,N/A,,,0
1759293480,eth0,111,Ethernet,N/A,N/A,N/A,N/A,N/A,N/A,N/A,N/A,N/A,N/A,N/A,N/A,,,1
1759293480,any,113,N/A,N/A,N/A,N/A,N/A,N/A,N/A,N/A,N/A,N/A,N/A,N/A,N/A,,,1
1759293480,any,92,N/A,IPv6,ICMP,N/A,v6,fe80::b0b5:44ff:feea:219,ff02::179,N/A,N/A,N/A,N/A,N/A,N/A,,,1
1759293480,eth0,90,Ethernet,IPv6,ICMP,N/A,v6,fe80::b0b5:44ff:feea:219,ff02::179,N/A,N/A,N/A,N/A,N/A,N/A,,,1
1759293480,eth0,54,Ethernet,IPv4,N/A,N/A,v4,172.30.0.163,224.0.0.22,N/A,N/A,N/A,N/A,N/A,N/A,,,1
1759293480,eth0,90,Ethernet,IPv6,ICMP,N/A,v6,fe80::b0b5:44ff:feea:219,ff02::179,N/A,N/A,N/A,N/A,N/A,N/A,,,1
1759293480,any,92,N/A,IPv6,ICMP,N/A,v6,fe80::b0b5:44ff:feea:219,ff02::179,N/A,N/A,N/A,N/A,N/A,N/A,,,1
1759293480,any,70,N/A,IPv4,UDP,N/A,v4,172.30.0.163,224.0.0.252,5355,5355,N/A,N/A,N/A,N/A,,,1
1759293480,eth0,68,Ethernet,IPv4,UDP,N/A,v4,172.30.0.163,224.0.0.252,5355,5355,N/A,N/A,N/A,N/A,,,1
1759293480,eth0,88,Ethernet,IPv6,UDP,N/A,v6,fe80::b0b5:44ff:feea:219,ff02::1:52,5355,5355,N/A,N/A,N/A,N/A,,,1
1759293480,any,90,N/A,IPv6,UDP,N/A,v6,fe80::b0b5:44ff:feea:219,ff02::1:52,5355,5355,N/A,N/A,N/A,N/A,,,1
1759293480,eth0,357,Ethernet,IPv4,UDP,N/A,v4,0.0.0.0,255.255.255.255,68,67,N/A,N/A,N/A,N/A,,,1
1759293480,any,359,N/A,IPv4,UDP,N/A,v4,0.0.0.0,255.255.255.255,68,67,N/A,N/A,N/A,N/A,,,1
1759293480,any,371,N/A,IPv4,UDP,N/A,v4,0.0.0.0,255.255.255.255,68,67,N/A,N/A,N/A,N/A,,,1
1759293480,eth0,369,Ethernet,IPv4,UDP,N/A,v4,0.0.0.0,255.255.255.255,68,67,N/A,N/A,N/A,N/A,,,1
1759293480,eth1,110,Ethernet,IPv6,ICMP,N/A,v6,fe80::780a:a9ff:fee6:89,ff02::179,N/A,N/A,N/A,N/A,N/A,N/A,,,1
1759293480,any,112,N/A,IPv6,ICMP,N/A,v6,fe80::780a:a9ff:fee6:89,ff02::179,N/A,N/A,N/A,N/A,N/A,N/A,,,1
1759293480,any,44,ARP,N/A,N/A,N/A,N/A,N/A,N/A,N/A,N/A,1,2048,172.30.0.163,172.30.0.122,,,1
1759293480,eth0,42,Ethernet,N/A,N/A,N/A,N/A,N/A,N/A,N/A,N/A,N/A,N/A,N/A,N/A,,,1
1759293480,any,56,N/A,IPv4,N/A,N/A,v4,172.30.0.163,224.0.0.22,N/A,N/A,N/A,N/A,N/A,N/A,,,1
1759293480,eth0,54,Ethernet,IPv4,N/A,N/A,v4,172.30.0.163,224.0.0.22,N/A,N/A,N/A,N/A,N/A,N/A,,,1
1759293480,eth0,110,Ethernet,IPv6,ICMP,N/A,v6,fe80::b0b5:44ff:feea:219,ff02::179,N/A,N/A,N/A,N/A,N/A,N/A,,,1
1759293480,any,112,N/A,IPv6,ICMP,N/A,v6,fe80::b0b5:44ff:feea:219,ff02::179,N/A,N/A,N/A,N/A,N/A,N/A,,,1
1759293480,eth0,90,Ethernet,IPv6,ICMP,N/A,v6,fe80::e48e:99ff:fe5f:147,ff02::179,N/A,N/A,N/A,N/A,N/A,N/A,,,1
1759293480,eth0,54,Ethernet,IPv4,N/A,N/A,v4,172.30.0.220,224.0.0.22,N/A,N/A,N/A,N/A,N/A,N/A,,,1
1759293480,any,92,N/A,IPv6,ICMP,N/A,v6,fe80::e48e:99ff:fe5f:147,ff02::179,N/A,N/A,N/A,N/A,N/A,N/A,,,1
1759293480,eth0,91,Ethernet,IPv6,UDP,N/A,v6,fe80::e48e:99ff:fe5f:147,ff02::1:52,5355,5355,N/A,N/A,N/A,N/A,,,1
1759293480,any,93,N/A,IPv6,UDP,N/A,v6,fe80::e48e:99ff:fe5f:147,ff02::1:52,5355,5355,N/A,N/A,N/A,N/A,,,1
1759293480,eth0,360,Ethernet,IPv4,UDP,N/A,v4,0.0.0.0,255.255.255.255,68,67,N/A,N/A,N/A,N/A,,,1
1759293480,any,362,N/A,IPv4,UDP,N/A,v4,0.0.0.0,255.255.255.255,68,67,N/A,N/A,N/A,N/A,,,1
1759293480,eth0,372,Ethernet,IPv4,UDP,N/A,v4,0.0.0.0,255.255.255.255,68,67,N/A,N/A,N/A,N/A,,,1
1759293480,any,374,N/A,IPv4,UDP,N/A,v4,0.0.0.0,255.255.255.255,68,67,N/A,N/A,N/A,N/A,,,1
1759293480,eth2,110,Ethernet,IPv6,ICMP,N/A,v6,fe80::dcac:f9ff:fe59:60,ff02::179,N/A,N/A,N/A,N/A,N/A,N/A,,,1
1759293480,any,112,N/A,IPv6,ICMP,N/A,v6,fe80::f056:abff:fe65:143,ff02::179,N/A,N/A,N/A,N/A,N/A,N/A,,,1
1759293480,eth1,110,Ethernet,IPv6,ICMP,N/A,v6,fe80::f056:abff:fe65:143,ff02::179,N/A,N/A,N/A,N/A,N/A,N/A,,,1
1759293480,any,112,N/A,IPv6,ICMP,N/A,v6,fe80::e48e:99ff:fe5f:147,ff02::179,N/A,N/A,N/A,N/A,N/A,N/A,,,1
1759293480,eth0,110,Ethernet,IPv6,ICMP,N/A,v6,fe80::e48e:99ff:fe5f:147,ff02::179,N/A,N/A,N/A,N/A,N/A,N/A,,,1
1759293480,eth0,54,Ethernet,IPv4,N/A,N/A,v4,172.30.0.220,224.0.0.22,N/A,N/A,N/A,N/A,N/A,N/A,,,1
1759293480,any,112,N/A,IPv6,ICMP,N/A,v6,fe80::dcac:f9ff:fe59:60,ff02::179,N/A,N/A,N/A,N/A,N/A,N/A,,,1
1759293480,eth2,110,Ethernet,IPv6,ICMP,N/A,v6,fe80::dcac:f9ff:fe59:60,ff02::179,N/A,N/A,N/A,N/A,N/A,N/A,,,1
1759293480,eth0,107,Ethernet,N/A,N/A,N/A,N/A,N/A,N/A,N/A,N/A,N/A,N/A,N/A,N/A,,,0
1759293480,any,109,N/A,N/A,N/A,N/A,N/A,N/A,N/A,N/A,N/A,N/A,N/A,N/A,N/A,,,0
1759293480,any,44,ARP,N/A,N/A,N/A,N/A,N/A,N/A,N/A,N/A,1,2048,172.30.0.220,172.30.0.122,,,1
1759293480,any,58,ARP,N/A,N/A,N/A,N/A,N/A,N/A,N/A,N/A,2,2048,172.30.0.122,172.30.0.220,,,1
1759293480,any,58,ARP,N/A,N/A,N/A,N/A,N/A,N/A,N/A,N/A,2,2048,172.30.0.122,172.30.0.220,,,1
1759293480,eth0,42,Ethernet,N/A,N/A,N/A,N/A,N/A,N/A,N/A,N/A,N/A,N/A,N/A,N/A,,,1
1759293480,eth0,56,Ethernet,N/A,N/A,N/A,N/A,N/A,N/A,N/A,N/A,N/A,N/A,N/A,N/A,,,1
1759293480,eth0,56,Ethernet,N/A,N/A,N/A,N/A,N/A,N/A,N/A,N/A,N/A,N/A,N/A,N/A,,,1
1759293480,eth0,54,Ethernet,IPv4,N/A,N/A,v4,172.30.0.220,224.0.0.22,N/A,N/A,N/A,N/A,N/A,N/A,,,1
1759293480,any,56,N/A,IPv4,N/A,N/A,v4,172.30.0.220,224.0.0.22,N/A,N/A,N/A,N/A,N/A,N/A,,,1
1759293480,any,72,N/A,IPv6,ICMP,N/A,v6,fe80::24f1:23ff:fe29:66,ff02::204,N/A,N/A,N/A,N/A,N/A,N/A,,,1
1759293480,eth0,70,Ethernet,IPv6,ICMP,N/A,v6,fe80::24f1:23ff:fe29:66,ff02::204,N/A,N/A,N/A,N/A,N/A,N/A,,,1
1759293480,any,112,N/A,IPv6,ICMP,N/A,v6,fe80::f056:abff:fe65:143,ff02::179,N/A,N/A,N/A,N/A,N/A,N/A,,,1
1759293480,eth1,110,Ethernet,IPv6,ICMP,N/A,v6,fe80::f056:abff:fe65:143,ff02::179,N/A,N/A,N/A,N/A,N/A,N/A,,,1
1759293480,eth0,110,Ethernet,IPv6,ICMP,N/A,v6,fe80::e48e:99ff:fe5f:147,ff02::179,N/A,N/A,N/A,N/A,N/A,N/A,,,1
1759293480,any,112,N/A,IPv6,ICMP,N/A,v6,fe80::e48e:99ff:fe5f:147,ff02::179,N/A,N/A,N/A,N/A,N/A,N/A,,,1
1759293480,any,92,N/A,IPv6,ICMP,N/A,v6,fe80::24f1:23ff:fe29:66,ff02::179,N/A,N/A,N/A,N/A,N/A,N/A,,,1
1759293480,eth0,90,Ethernet,IPv6,ICMP,N/A,v6,fe80::24f1:23ff:fe29:66,ff02::179,N/A,N/A,N/A,N/A,N/A,N/A,,,1
1759293480,eth0,54,Ethernet,IPv4,N/A,N/A,v4,172.30.0.23,224.0.0.22,N/A,N/A,N/A,N/A,N/A,N/A,,,1
1759293481,any,109,N/A,N/A,N/A,N/A,N/A,N/A,N/A,N/A,N/A,N/A,N/A,N/A,N/A,,,0
1759293481,eth0,107,Ethernet,N/A,N/A,N/A,N/A,N/A,N/A,N/A,N/A,N/A,N/A,N/A,N/A,,,0
1759293481,eth0,90,Ethernet,IPv6,ICMP,N/A,v6,fe80::5ca9:83ff:fe87:27,ff02::179,N/A,N/A,N/A,N/A,N/A,N/A,,,0
1759293481,eth0,54,Ethernet,IPv4,N/A,N/A,v4,172.30.0.220,224.0.0.22,N/A,N/A,N/A,N/A,N/A,N/A,,,0
1759293481,any,92,N/A,IPv6,ICMP,N/A,v6,fe80::5ca9:83ff:fe87:27,ff02::179,N/A,N/A,N/A,N/A,N/A,N/A,,,0
1759293481,eth0,87,Ethernet,IPv6,UDP,N/A,v6,fe80::5ca9:83ff:fe87:27,ff02::1:52,5355,5355,N/A,N/A,N/A,N/A,,,0
1759293481,any,89,N/A,IPv6,UDP,N/A,v6,fe80::5ca9:83ff:fe87:27,ff02::1:52,5355,5355,N/A,N/A,N/A,N/A,,,0
1759293481,eth0,356,Ethernet,IPv4,UDP,N/A,v4,0.0.0.0,255.255.255.255,68,67,N/A,N/A,N/A,N/A,,,0
1759293481,any,358,N/A,IPv4,UDP,N/A,v4,0.0.0.0,255.255.255.255,68,67,N/A,N/A,N/A,N/A,,,0
1759293481,eth0,368,Ethernet,IPv4,UDP,N/A,v4,0.0.0.0,255.255.255.255,68,67,N/A,N/A,N/A,N/A,,,0
1759293481,any,370,N/A,IPv4,UDP,N/A,v4,0.0.0.0,255.255.255.255,68,67,N/A,N/A,N/A,N/A,,,0
1759293481,eth1,110,Ethernet,IPv6,ICMP,N/A,v6,fe80::a824:52ff:fe4f:69,ff02::179,N/A,N/A,N/A,N/A,N/A,N/A,,,0
1759293481,eth0,67,Ethernet,IPv4,UDP,N/A,v4,172.30.0.23,224.0.0.252,5355,5355,N/A,N/A,N/A,N/A,,,1
1759293481,eth0,87,Ethernet,IPv6,UDP,N/A,v6,fe80::24f1:23ff:fe29:66,ff02::1:52,5355,5355,N/A,N/A,N/A,N/A,,,1
1759293481,any,69,N/A,IPv4,UDP,N/A,v4,172.30.0.23,224.0.0.252,5355,5355,N/A,N/A,N/A,N/A,,,1
1759293481,any,112,N/A,IPv6,ICMP,N/A,v6,fe80::b0b5:44ff:feea:219,ff02::179,N/A,N/A,N/A,N/A,N/A,N/A,,,1
1759293481,eth0,110,Ethernet,IPv6,ICMP,N/A,v6,fe80::b0b5:44ff:feea:219,ff02::179,N/A,N/A,N/A,N/A,N/A,N/A,,,1
1759293481,eth0,356,Ethernet,IPv4,UDP,N/A,v4,0.0.0.0,255.255.255.255,68,67,N/A,N/A,N/A,N/A,,,1
1759293481,any,358,N/A,IPv4,UDP,N/A,v4,0.0.0.0,255.255.255.255,68,67,N/A,N/A,N/A,N/A,,,1
1759293481,any,370,N/A,IPv4,UDP,N/A,v4,0.0.0.0,255.255.255.255,68,67,N/A,N/A,N/A,N/A,,,1
1759293481,any,112,N/A,IPv6,ICMP,N/A,v6,fe80::7827:e3ff:fe68:239,ff02::179,N/A,N/A,N/A,N/A,N/A,N/A,,,1
1759293481,eth0,368,Ethernet,IPv4,UDP,N/A,v4,0.0.0.0,255.255.255.255,68,67,N/A,N/A,N/A,N/A,,,1
1759293481,eth1,110,Ethernet,IPv6,ICMP,N/A,v6,fe80::7827:e3ff:fe68:239,ff02::179,N/A,N/A,N/A,N/A,N/A,N/A,,,1
1759293481,any,112,N/A,IPv6,ICMP,N/A,v6,fe80::24f1:23ff:fe29:66,ff02::179,N/A,N/A,N/A,N/A,N/A,N/A,,,1
1759293481,eth0,110,Ethernet,IPv6,ICMP,N/A,v6,fe80::24f1:23ff:fe29:66,ff02::179,N/A,N/A,N/A,N/A,N/A,N/A,,,1
1759293481,eth0,54,Ethernet,IPv4,N/A,N/A,v4,172.30.0.23,224.0.0.22,N/A,N/A,N/A,N/A,N/A,N/A,,,1
1759293481,eth0,42,Ethernet,N/A,N/A,N/A,N/A,N/A,N/A,N/A,N/A,N/A,N/A,N/A,N/A,,,1
1759293481,any,44,ARP,N/A,N/A,N/A,N/A,N/A,N/A,N/A,N/A,1,2048,172.30.0.23,172.30.0.122,,,1
1759293481,any,112,N/A,IPv6,ICMP,N/A,v6,fe80::24f1:23ff:fe29:66,ff02::179,N/A,N/A,N/A,N/A,N/A,N/A,,,1
1759293481,eth0,110,Ethernet,IPv6,ICMP,N/A,v6,fe80::24f1:23ff:fe29:66,ff02::179,N/A,N/A,N/A,N/A,N/A,N/A,,,1
1759293481,eth0,54,Ethernet,IPv4,N/A,N/A,v4,172.30.0.23,224.0.0.22,N/A,N/A,N/A,N/A,N/A,N/A,,,1
1759293481,any,56,N/A,IPv4,N/A,N/A,v4,172.30.0.23,224.0.0.22,N/A,N/A,N/A,N/A,N/A,N/A,,,1
1759293481,any,112,N/A,IPv6,ICMP,N/A,v6,fe80::780a:a9ff:fee6:89,ff02::179,N/A,N/A,N/A,N/A,N/A,N/A,,,1
1759293481,eth1,110,Ethernet,IPv6,ICMP,N/A,v6,fe80::780a:a9ff:fee6:89,ff02::179,N/A,N/A,N/A,N/A,N/A,N/A,,,1
1759293481,eth1,70,Ethernet,IPv6,ICMP,N/A,v6,fe80::780a:a9ff:fee6:89,ff02::204,N/A,N/A,N/A,N/A,N/A,N/A,,,1
1759293481,any,72,N/A,IPv6,ICMP,N/A,v6,fe80::b0b5:44ff:feea:219,ff02::204,N/A,N/A,N/A,N/A,N/A,N/A,,,1
1759293481,any,72,N/A,IPv6,ICMP,N/A,v6,fe80::780a:a9ff:fee6:89,ff02::204,N/A,N/A,N/A,N/A,N/A,N/A,,,1
1759293481,eth0,70,Ethernet,IPv6,ICMP,N/A,v6,fe80::b0b5:44ff:feea:219,ff02::204,N/A,N/A,N/A,N/A,N/A,N/A,,,1
1759293481,any,56,N/A,IPv4,N/A,N/A,v4,172.30.0.163,224.0.0.22,N/A,N/A,N/A,N/A,N/A,N/A,,,1
1759293481,eth0,54,Ethernet,IPv4,N/A,N/A,v4,172.30.0.163,224.0.0.22,N/A,N/A,N/A,N/A,N/A,N/A,,,1
1759293481,eth0,90,Ethernet,IPv6,ICMP,N/A,v6,fe80::ecf9:eff:fefb:55,ff02::179,N/A,N/A,N/A,N/A,N/A,N/A,,,1
1759293481,eth0,56,Ethernet,IPv4,N/A,N/A,v4,172.30.0.89,224.0.0.22,N/A,N/A,N/A,N/A,N/A,N/A,,,1
1759293481,any,92,N/A,IPv6,ICMP,N/A,v6,fe80::ecf9:eff:fefb:55,ff02::179,N/A,N/A,N/A,N/A,N/A,N/A,,,1
1759293481,eth0,67,Ethernet,IPv4,UDP,N/A,v4,172.30.0.89,224.0.0.252,5355,5355,N/A,N/A,N/A,N/A,,,1
1759293481,any,69,N/A,IPv4,UDP,N/A,v4,172.30.0.89,224.0.0.252,5355,5355,N/A,N/A,N/A,N/A,,,1
1759293481,any,358,N/A,IPv4,UDP,N/A,v4,0.0.0.0,255.255.255.255,68,67,N/A,N/A,N/A,N/A,,,1
1759293481,eth0,356,Ethernet,IPv4,UDP,N/A,v4,0.0.0.0,255.255.255.255,68,67,N/A,N/A,N/A,N/A,,,1
1759293481,eth0,368,Ethernet,IPv4,UDP,N/A,v4,0.0.0.0,255.255.255.255,68,67,N/A,N/A,N/A,N/A,,,1
1759293481,any,370,N/A,IPv4,UDP,N/A,v4,0.0.0.0,255.255.255.255,68,67,N/A,N/A,N/A,N/A,,,1
1759293481,any,112,N/A,IPv6,ICMP,N/A,v6,fe80::103b:bdff:fef0:169,ff02::179,N/A,N/A,N/A,N/A,N/A,N/A,,,1
1759293481,eth1,110,Ethernet,IPv6,ICMP,N/A,v6,fe80::103b:bdff:fef0:169,ff02::179,N/A,N/A,N/A,N/A,N/A,N/A,,,1
1759293481,any,112,N/A,IPv6,ICMP,N/A,v6,fe80::ecf9:eff:fefb:55,ff02::179,N/A,N/A,N/A,N/A,N/A,N/A,,,1
1759293481,any,58,N/A,IPv4,N/A,N/A,v4,172.30.0.89,224.0.0.22,N/A,N/A,N/A,N/A,N/A,N/A,,,1
1759293481,eth0,110,Ethernet,IPv6,ICMP,N/A,v6,fe80::ecf9:eff:fefb:55,ff02::179,N/A,N/A,N/A,N/A,N/A,N/A,,,1
1759293481,eth0,56,Ethernet,IPv4,N/A,N/A,v4,172.30.0.89,224.0.0.22,N/A,N/A,N/A,N/A,N/A,N/A,,,1
1759293481,any,58,ARP,N/A,N/A,N/A,N/A,N/A,N/A,N/A,N/A,1,2048,172.30.0.89,172.30.0.122,,,1
1759293481,eth0,56,Ethernet,N/A,N/A,N/A,N/A,N/A,N/A,N/A,N/A,N/A,N/A,N/A,N/A,,,1
1759293481,eth0,111,Ethernet,N/A,N/A,N/A,N/A,N/A,N/A,N/A,N/A,N/A,N/A,N/A,N/A,,,1
1759293481,eth0,70,Ethernet,IPv6,ICMP,N/A,v6,fe80::e48e:99ff:fe5f:147,ff02::204,N/A,N/A,N/A,N/A,N/A,N/A,,,1
1759293481,eth2,70,Ethernet,IPv6,ICMP,N/A,v6,fe80::dcac:f9ff:fe59:60,ff02::204,N/A,N/A,N/A,N/A,N/A,N/A,,,1
1759293481,eth1,70,Ethernet,IPv6,ICMP,N/A,v6,fe80::f056:abff:fe65:143,ff02::204,N/A,N/A,N/A,N/A,N/A,N/A,,,1
1759293481,any,72,N/A,IPv6,ICMP,N/A,v6,fe80::dcac:f9ff:fe59:60,ff02::204,N/A,N/A,N/A,N/A,N/A,N/A,,,1
1759293481,eth0,56,Ethernet,IPv4,N/A,N/A,v4,172.30.0.89,224.0.0.22,N/A,N/A,N/A,N/A,N/A,N/A,,,1
1759293481,any,58,N/A,IPv4,N/A,N/A,v4,172.30.0.89,224.0.0.22,N/A,N/A,N/A,N/A,N/A,N/A,,,1
1759293481,any,112,N/A,IPv6,ICMP,N/A,v6,fe80::7827:e3ff:fe68:239,ff02::179,N/A,N/A,N/A,N/A,N/A,N/A,,,1
1759293481,eth1,110,Ethernet,IPv6,ICMP,N/A,v6,fe80::7827:e3ff:fe68:239,ff02::179,N/A,N/A,N/A,N/A,N/A,N/A,,,1
1759293481,any,112,N/A,IPv6,ICMP,N/A,v6,fe80::ecf9:eff:fefb:55,ff02::179,N/A,N/A,N/A,N/A,N/A,N/A,,,1
1759293481,eth0,110,Ethernet,IPv6,ICMP,N/A,v6,fe80::ecf9:eff:fefb:55,ff02::179,N/A,N/A,N/A,N/A,N/A,N/A,,,1
1759293481,any,56,N/A,IPv4,N/A,N/A,v4,172.30.0.220,224.0.0.22,N/A,N/A,N/A,N/A,N/A,N/A,,,0
1759293481,any,44,ARP,N/A,N/A,N/A,N/A,N/A,N/A,N/A,N/A,1,2048,172.30.0.220,172.30.0.122,,,0
1759293481,any,58,ARP,N/A,N/A,N/A,N/A,N/A,N/A,N/A,N/A,2,2048,172.30.0.122,172.30.0.220,,,0
1759293481,any,58,ARP,N/A,N/A,N/A,N/A,N/A,N/A,N/A,N/A,2,2048,172.30.0.122,172.30.0.220,,,0
1759293481,any,112,N/A,IPv6,ICMP,N/A,v6,fe80::5ca9:83ff:fe87:27,ff02::179,N/A,N/A,N/A,N/A,N/A,N/A,,,0
1759293481,eth0,54,Ethernet,IPv4,N/A,N/A,v4,172.30.0.220,224.0.0.22,N/A,N/A,N/A,N/A,N/A,N/A,,,0
1759293481,eth0,42,Ethernet,N/A,N/A,N/A,N/A,N/A,N/A,N/A,N/A,N/A,N/A,N/A,N/A,,,0
1759293481,eth0,56,Ethernet,N/A,N/A,N/A,N/A,N/A,N/A,N/A,N/A,N/A,N/A,N/A,N/A,,,0
1759293481,eth0,56,Ethernet,N/A,N/A,N/A,N/A,N/A,N/A,N/A,N/A,N/A,N/A,N/A,N/A,,,0
1759293481,eth0,110,Ethernet,IPv6,ICMP,N/A,v6,fe80::5ca9:83ff:fe87:27,ff02::179,N/A,N/A,N/A,N/A,N/A,N/A,,,0
1759293482,any,72,N/A,IPv6,ICMP,N/A,v6,fe80::7827:e3ff:fe68:239,ff02::204,N/A,N/A,N/A,N/A,N/A,N/A,,,1
1759293482,eth1,70,Ethernet,IPv6,ICMP,N/A,v6,fe80::7827:e3ff:fe68:239,ff02::204,N/A,N/A,N/A,N/A,N/A,N/A,,,1
1759293482,eth0,70,Ethernet,IPv6,ICMP,N/A,v6,fe80::24f1:23ff:fe29:66,ff02::204,N/A,N/A,N/A,N/A,N/A,N/A,,,1
1759293482,eth0,70,Ethernet,IPv6,ICMP,N/A,v6,fe80::ecf9:eff:fefb:55,ff02::204,N/A,N/A,N/A,N/A,N/A,N/A,,,1
1759293482,any,72,N/A,IPv6,ICMP,N/A,v6,fe80::ecf9:eff:fefb:55,ff02::204,N/A,N/A,N/A,N/A,N/A,N/A,,,1
1759293482,eth1,70,Ethernet,IPv6,ICMP,N/A,v6,fe80::103b:bdff:fef0:169,ff02::204,N/A,N/A,N/A,N/A,N/A,N/A,,,1
1759293482,any,72,N/A,IPv6,ICMP,N/A,v6,fe80::103b:bdff:fef0:169,ff02::204,N/A,N/A,N/A,N/A,N/A,N/A,,,1
1759293482,eth1,110,Ethernet,IPv6,ICMP,N/A,v6,fe80::103b:bdff:fef0:169,ff02::179,N/A,N/A,N/A,N/A,N/A,N/A,,,1
1759293482,any,112,N/A,IPv6,ICMP,N/A,v6,fe80::103b:bdff:fef0:169,ff02::179,N/A,N/A,N/A,N/A,N/A,N/A,,,1
1759293482,eth0,111,Ethernet,N/A,N/A,N/A,N/A,N/A,N/A,N/A,N/A,N/A,N/A,N/A,N/A,,,1
1759293482,any,113,N/A,N/A,N/A,N/A,N/A,N/A,N/A,N/A,N/A,N/A,N/A,N/A,N/A,,,1
1759293482,eth0,54,Ethernet,IPv4,N/A,N/A,v4,172.30.0.220,224.0.0.22,N/A,N/A,N/A,N/A,N/A,N/A,,,0
1759293482,any,56,N/A,IPv4,N/A,N/A,v4,172.30.0.220,224.0.0.22,N/A,N/A,N/A,N/A,N/A,N/A,,,0
1759293482,any,112,N/A,IPv6,ICMP,N/A,v6,fe80::a824:52ff:fe4f:69,ff02::179,N/A,N/A,N/A,N/A,N/A,N/A,,,0
1759293482,eth1,110,Ethernet,IPv6,ICMP,N/A,v6,fe80::a824:52ff:fe4f:69,ff02::179,N/A,N/A,N/A,N/A,N/A,N/A,,,0
1759293482,eth0,110,Ethernet,IPv6,ICMP,N/A,v6,fe80::5ca9:83ff:fe87:27,ff02::179,N/A,N/A,N/A,N/A,N/A,N/A,,,0
1759293482,any,112,N/A,IPv6,ICMP,N/A,v6,fe80::5ca9:83ff:fe87:27,ff02::179,N/A,N/A,N/A,N/A,N/A,N/A,,,0
1759293482,any,72,N/A,IPv6,ICMP,N/A,v6,fe80::a824:52ff:fe4f:69,ff02::204,N/A,N/A,N/A,N/A,N/A,N/A,,,0
1759293482,eth1,70,Ethernet,IPv6,ICMP,N/A,v6,fe80::a824:52ff:fe4f:69,ff02::204,N/A,N/A,N/A,N/A,N/A,N/A,,,0
1759293482,eth0,70,Ethernet,IPv6,ICMP,N/A,v6,fe80::5ca9:83ff:fe87:27,ff02::204,N/A,N/A,N/A,N/A,N/A,N/A,,,0
1759293483,eth0,111,Ethernet,N/A,N/A,N/A,N/A,N/A,N/A,N/A,N/A,N/A,N/A,N/A,N/A,,,1
1759293483,any,113,N/A,N/A,N/A,N/A,N/A,N/A,N/A,N/A,N/A,N/A,N/A,N/A,N/A,,,1
1759293483,eth0,107,Ethernet,N/A,N/A,N/A,N/A,N/A,N/A,N/A,N/A,N/A,N/A,N/A,N/A,,,0
1759293483,any,109,N/A,N/A,N/A,N/A,N/A,N/A,N/A,N/A,N/A,N/A,N/A,N/A,N/A,,,0
1759293484,any,92,N/A,IPv6,ICMP,N/A,v6,fe80::b0b5:44ff:feea:219,ff02::179,N/A,N/A,N/A,N/A,N/A,N/A,,,1
1759293484,eth0,90,Ethernet,IPv6,ICMP,N/A,v6,fe80::b0b5:44ff:feea:219,ff02::179,N/A,N/A,N/A,N/A,N/A,N/A,,,1
1759293484,eth0,54,Ethernet,IPv4,N/A,N/A,v4,172.30.0.163,224.0.0.22,N/A,N/A,N/A,N/A,N/A,N/A,,,1
1759293484,eth0,88,Ethernet,IPv6,UDP,N/A,v6,fe80::b0b5:44ff:feea:219,ff02::1:52,5355,5355,N/A,N/A,N/A,N/A,,,1
1759293484,any,90,N/A,IPv6,UDP,N/A,v6,fe80::b0b5:44ff:feea:219,ff02::1:52,5355,5355,N/A,N/A,N/A,N/A,,,1
1759293484,any,359,N/A,IPv4,UDP,N/A,v4,0.0.0.0,255.255.255.255,68,67,N/A,N/A,N/A,N/A,,,1
1759293484,eth0,357,Ethernet,IPv4,UDP,N/A,v4,0.0.0.0,255.255.255.255,68,67,N/A,N/A,N/A,N/A,,,1
1759293484,eth0,369,Ethernet,IPv4,UDP,N/A,v4,0.0.0.0,255.255.255.255,68,67,N/A,N/A,N/A,N/A,,,1
1759293484,any,371,N/A,IPv4,UDP,N/A,v4,0.0.0.0,255.255.255.255,68,67,N/A,N/A,N/A,N/A,,,1
1759293484,any,112,N/A,IPv6,ICMP,N/A,v6,fe80::780a:a9ff:fee6:89,ff02::179,N/A,N/A,N/A,N/A,N/A,N/A,,,1
1759293484,eth1,110,Ethernet,IPv6,ICMP,N/A,v6,fe80::780a:a9ff:fee6:89,ff02::179,N/A,N/A,N/A,N/A,N/A,N/A,,,1
1759293484,any,44,ARP,N/A,N/A,N/A,N/A,N/A,N/A,N/A,N/A,1,2048,172.30.0.163,172.30.0.122,,,1
1759293484,eth0,42,Ethernet,N/A,N/A,N/A,N/A,N/A,N/A,N/A,N/A,N/A,N/A,N/A,N/A,,,1
1759293484,eth0,110,Ethernet,IPv6,ICMP,N/A,v6,fe80::b0b5:44ff:feea:219,ff02::179,N/A,N/A,N/A,N/A,N/A,N/A,,,1
1759293484,eth0,107,Ethernet,N/A,N/A,N/A,N/A,N/A,N/A,N/A,N/A,N/A,N/A,N/A,N/A,,,0
1759293484,any,109,N/A,N/A,N/A,N/A,N/A,N/A,N/A,N/A,N/A,N/A,N/A,N/A,N/A,,,0
1759293484,eth0,54,Ethernet,IPv4,N/A,N/A,v4,172.30.0.163,224.0.0.22,N/A,N/A,N/A,N/A,N/A,N/A,,,1
1759293484,any,112,N/A,IPv6,ICMP,N/A,v6,fe80::b0b5:44ff:feea:219,ff02::179,N/A,N/A,N/A,N/A,N/A,N/A,,,1
1759293484,eth0,111,Ethernet,N/A,N/A,N/A,N/A,N/A,N/A,N/A,N/A,N/A,N/A,N/A,N/A,,,1
1759293484,any,113,N/A,N/A,N/A,N/A,N/A,N/A,N/A,N/A,N/A,N/A,N/A,N/A,N/A,,,1
1759293485,any,109,N/A,N/A,N/A,N/A,N/A,N/A,N/A,N/A,N/A,N/A,N/A,N/A,N/A,,,0
1759293485,eth0,107,Ethernet,N/A,N/A,N/A,N/A,N/A,N/A,N/A,N/A,N/A,N/A,N/A,N/A,,,0
1759293485,any,112,N/A,IPv6,ICMP,N/A,v6,fe80::b0b5:44ff:feea:219,ff02::179,N/A,N/A,N/A,N/A,N/A,N/A,,,1
1759293485,eth1,110,Ethernet,IPv6,ICMP,N/A,v6,fe80::780a:a9ff:fee6:89,ff02::179,N/A,N/A,N/A,N/A,N/A,N/A,,,1
1759293485,eth0,110,Ethernet,IPv6,ICMP,N/A,v6,fe80::b0b5:44ff:feea:219,ff02::179,N/A,N/A,N/A,N/A,N/A,N/A,,,1
1759293485,any,92,N/A,IPv6,ICMP,N/A,v6,fe80::24f1:23ff:fe29:66,ff02::179,N/A,N/A,N/A,N/A,N/A,N/A,,,1
1759293485,eth0,90,Ethernet,IPv6,ICMP,N/A,v6,fe80::24f1:23ff:fe29:66,ff02::179,N/A,N/A,N/A,N/A,N/A,N/A,,,1
1759293485,eth0,54,Ethernet,IPv4,N/A,N/A,v4,172.30.0.23,224.0.0.22,N/A,N/A,N/A,N/A,N/A,N/A,,,1
1759293485,eth0,356,Ethernet,IPv4,UDP,N/A,v4,0.0.0.0,255.255.255.255,68,67,N/A,N/A,N/A,N/A,,,1
1759293485,any,358,N/A,IPv4,UDP,N/A,v4,0.0.0.0,255.255.255.255,68,67,N/A,N/A,N/A,N/A,,,1
1759293485,any,370,N/A,IPv4,UDP,N/A,v4,0.0.0.0,255.255.255.255,68,67,N/A,N/A,N/A,N/A,,,1
1759293485,eth0,368,Ethernet,IPv4,UDP,N/A,v4,0.0.0.0,255.255.255.255,68,67,N/A,N/A,N/A,N/A,,,1
1759293485,any,112,N/A,IPv6,ICMP,N/A,v6,fe80::7827:e3ff:fe68:239,ff02::179,N/A,N/A,N/A,N/A,N/A,N/A,,,1
1759293485,eth1,110,Ethernet,IPv6,ICMP,N/A,v6,fe80::7827:e3ff:fe68:239,ff02::179,N/A,N/A,N/A,N/A,N/A,N/A,,,1
1759293485,eth0,110,Ethernet,IPv6,ICMP,N/A,v6,fe80::24f1:23ff:fe29:66,ff02::179,N/A,N/A,N/A,N/A,N/A,N/A,,,1
1759293485,eth0,54,Ethernet,IPv4,N/A,N/A,v4,172.30.0.23,224.0.0.22,N/A,N/A,N/A,N/A,N/A,N/A,,,1
1759293485,any,112,N/A,IPv6,ICMP,N/A,v6,fe80::24f1:23ff:fe29:66,ff02::179,N/A,N/A,N/A,N/A,N/A,N/A,,,1
1759293485,any,44,ARP,N/A,N/A,N/A,N/A,N/A,N/A,N/A,N/A,1,2048,172.30.0.23,172.30.0.122,,,1
1759293485,eth0,42,Ethernet,N/A,N/A,N/A,N/A,N/A,N/A,N/A,N/A,N/A,N/A,N/A,N/A,,,1
1759293485,any,112,N/A,IPv6,ICMP,N/A,v6,fe80::7827:e3ff:fe68:239,ff02::179,N/A,N/A,N/A,N/A,N/A,N/A,,,1
1759293485,eth1,110,Ethernet,IPv6,ICMP,N/A,v6,fe80::7827:e3ff:fe68:239,ff02::179,N/A,N/A,N/A,N/A,N/A,N/A,,,1
1759293485,any,56,N/A,IPv4,N/A,N/A,v4,172.30.0.163,224.0.0.22,N/A,N/A,N/A,N/A,N/A,N/A,,,1
1759293485,eth0,54,Ethernet,IPv4,N/A,N/A,v4,172.30.0.163,224.0.0.22,N/A,N/A,N/A,N/A,N/A,N/A,,,1
1759293485,any,72,N/A,IPv6,ICMP,N/A,v6,fe80::b0b5:44ff:feea:219,ff02::204,N/A,N/A,N/A,N/A,N/A,N/A,,,1
1759293485,eth1,70,Ethernet,IPv6,ICMP,N/A,v6,fe80::780a:a9ff:fee6:89,ff02::204,N/A,N/A,N/A,N/A,N/A,N/A,,,1
1759293485,eth0,70,Ethernet,IPv6,ICMP,N/A,v6,fe80::b0b5:44ff:feea:219,ff02::204,N/A,N/A,N/A,N/A,N/A,N/A,,,1
1759293485,any,56,N/A,IPv4,N/A,N/A,v4,172.30.0.23,224.0.0.22,N/A,N/A,N/A,N/A,N/A,N/A,,,1
1759293485,eth0,54,Ethernet,IPv4,N/A,N/A,v4,172.30.0.23,224.0.0.22,N/A,N/A,N/A,N/A,N/A,N/A,,,1
1759293485,eth0,90,Ethernet,IPv6,ICMP,N/A,v6,fe80::e48e:99ff:fe5f:147,ff02::179,N/A,N/A,N/A,N/A,N/A,N/A,,,1
1759293485,eth0,54,Ethernet,IPv4,N/A,N/A,v4,172.30.0.220,224.0.0.22,N/A,N/A,N/A,N/A,N/A,N/A,,,1
1759293485,any,92,N/A,IPv6,ICMP,N/A,v6,fe80::e48e:99ff:fe5f:147,ff02::179,N/A,N/A,N/A,N/A,N/A,N/A,,,1
1759293485,eth0,91,Ethernet,IPv6,UDP,N/A,v6,fe80::e48e:99ff:fe5f:147,ff02::1:52,5355,5355,N/A,N/A,N/A,N/A,,,1
1759293485,eth0,71,Ethernet,IPv4,UDP,N/A,v4,172.30.0.220,224.0.0.252,5355,5355,N/A,N/A,N/A,N/A,,,1
1759293485,any,93,N/A,IPv6,UDP,N/A,v6,fe80::e48e:99ff:fe5f:147,ff02::1:52,5355,5355,N/A,N/A,N/A,N/A,,,1
1759293485,eth0,360,Ethernet,IPv4,UDP,N/A,v4,0.0.0.0,255.255.255.255,68,67,N/A,N/A,N/A,N/A,,,1
1759293485,any,362,N/A,IPv4,UDP,N/A,v4,0.0.0.0,255.255.255.255,68,67,N/A,N/A,N/A,N/A,,,1
1759293485,eth0,372,Ethernet,IPv4,UDP,N/A,v4,0.0.0.0,255.255.255.255,68,67,N/A,N/A,N/A,N/A,,,1
1759293485,any,374,N/A,IPv4,UDP,N/A,v4,0.0.0.0,255.255.255.255,68,67,N/A,N/A,N/A,N/A,,,1
1759293485,eth2,110,Ethernet,IPv6,ICMP,N/A,v6,fe80::dcac:f9ff:fe59:60,ff02::179,N/A,N/A,N/A,N/A,N/A,N/A,,,1
1759293485,any,112,N/A,IPv6,ICMP,N/A,v6,fe80::f056:abff:fe65:143,ff02::179,N/A,N/A,N/A,N/A,N/A,N/A,,,1
1759293485,eth1,110,Ethernet,IPv6,ICMP,N/A,v6,fe80::f056:abff:fe65:143,ff02::179,N/A,N/A,N/A,N/A,N/A,N/A,,,1
1759293485,eth0,110,Ethernet,IPv6,ICMP,N/A,v6,fe80::e48e:99ff:fe5f:147,ff02::179,N/A,N/A,N/A,N/A,N/A,N/A,,,1
1759293485,eth0,54,Ethernet,IPv4,N/A,N/A,v4,172.30.0.220,224.0.0.22,N/A,N/A,N/A,N/A,N/A,N/A,,,1
1759293485,any,112,N/A,IPv6,ICMP,N/A,v6,fe80::e48e:99ff:fe5f:147,ff02::179,N/A,N/A,N/A,N/A,N/A,N/A,,,1
1759293485,eth0,42,Ethernet,N/A,N/A,N/A,N/A,N/A,N/A,N/A,N/A,N/A,N/A,N/A,N/A,,,1
1759293485,eth0,56,Ethernet,N/A,N/A,N/A,N/A,N/A,N/A,N/A,N/A,N/A,N/A,N/A,N/A,,,1
1759293485,eth0,56,Ethernet,N/A,N/A,N/A,N/A,N/A,N/A,N/A,N/A,N/A,N/A,N/A,N/A,,,1
1759293485,any,44,ARP,N/A,N/A,N/A,N/A,N/A,N/A,N/A,N/A,1,2048,172.30.0.220,172.30.0.122,,,1
1759293485,any,58,ARP,N/A,N/A,N/A,N/A,N/A,N/A,N/A,N/A,2,2048,172.30.0.122,172.30.0.220,,,1
1759293485,any,112,N/A,IPv6,ICMP,N/A,v6,fe80::dcac:f9ff:fe59:60,ff02::179,N/A,N/A,N/A,N/A,N/A,N/A,,,1
1759293485,eth2,110,Ethernet,IPv6,ICMP,N/A,v6,fe80::dcac:f9ff:fe59:60,ff02::179,N/A,N/A,N/A,N/A,N/A,N/A,,,1
1759293485,any,72,N/A,IPv6,ICMP,N/A,v6,fe80::103b:bdff:fef0:169,ff02::204,N/A,N/A,N/A,N/A,N/A,N/A,,,1
1759293485,eth1,70,Ethernet,IPv6,ICMP,N/A,v6,fe80::103b:bdff:fef0:169,ff02::204,N/A,N/A,N/A,N/A,N/A,N/A,,,1
1759293486,eth1,70,Ethernet,IPv6,ICMP,N/A,v6,fe80::7827:e3ff:fe68:239,ff02::204,N/A,N/A,N/A,N/A,N/A,N/A,,,1
1759293486,eth0,70,Ethernet,IPv6,ICMP,N/A,v6,fe80::24f1:23ff:fe29:66,ff02::204,N/A,N/A,N/A,N/A,N/A,N/A,,,1
1759293486,any,72,N/A,IPv6,ICMP,N/A,v6,fe80::24f1:23ff:fe29:66,ff02::204,N/A,N/A,N/A,N/A,N/A,N/A,,,1
1759293486,any,72,N/A,IPv6,ICMP,N/A,v6,fe80::7827:e3ff:fe68:239,ff02::204,N/A,N/A,N/A,N/A,N/A,N/A,,,1
1759293486,eth0,110,Ethernet,IPv6,ICMP,N/A,v6,fe80::e48e:99ff:fe5f:147,ff02::179,N/A,N/A,N/A,N/A,N/A,N/A,,,1
1759293486,any,112,N/A,IPv6,ICMP,N/A,v6,fe80::e48e:99ff:fe5f:147,ff02::179,N/A,N/A,N/A,N/A,N/A,N/A,,,1
1759293486,any,112,N/A,IPv6,ICMP,N/A,v6,fe80::24f1:23ff:fe29:66,ff02::179,N/A,N/A,N/A,N/A,N/A,N/A,,,1
1759293486,eth0,110,Ethernet,IPv6,ICMP,N/A,v6,fe80::24f1:23ff:fe29:66,ff02::179,N/A,N/A,N/A,N/A,N/A,N/A,,,1
1759293486,any,112,N/A,IPv6,ICMP,N/A,v6,fe80::f056:abff:fe65:143,ff02::179,N/A,N/A,N/A,N/A,N/A,N/A,,,1
1759293486,eth1,110,Ethernet,IPv6,ICMP,N/A,v6,fe80::f056:abff:fe65:143,ff02::179,N/A,N/A,N/A,N/A,N/A,N/A,,,1
1759293486,eth0,54,Ethernet,IPv4,N/A,N/A,v4,172.30.0.220,224.0.0.22,N/A,N/A,N/A,N/A,N/A,N/A,,,1
1759293486,any,56,N/A,IPv4,N/A,N/A,v4,172.30.0.220,224.0.0.22,N/A,N/A,N/A,N/A,N/A,N/A,,,1
1759293486,eth0,70,Ethernet,IPv6,ICMP,N/A,v6,fe80::ecf9:eff:fefb:55,ff02::204,N/A,N/A,N/A,N/A,N/A,N/A,,,1
1759293486,any,72,N/A,IPv6,ICMP,N/A,v6,fe80::ecf9:eff:fefb:55,ff02::204,N/A,N/A,N/A,N/A,N/A,N/A,,,1
1759293486,eth0,90,Ethernet,IPv6,ICMP,N/A,v6,fe80::ecf9:eff:fefb:55,ff02::179,N/A,N/A,N/A,N/A,N/A,N/A,,,1
1759293486,eth0,56,Ethernet,IPv4,N/A,N/A,v4,172.30.0.89,224.0.0.22,N/A,N/A,N/A,N/A,N/A,N/A,,,1
1759293486,any,92,N/A,IPv6,ICMP,N/A,v6,fe80::ecf9:eff:fefb:55,ff02::179,N/A,N/A,N/A,N/A,N/A,N/A,,,1
1759293486,eth0,87,Ethernet,IPv6,UDP,N/A,v6,fe80::ecf9:eff:fefb:55,ff02::1:52,5355,5355,N/A,N/A,N/A,N/A,,,1
1759293486,any,89,N/A,IPv6,UDP,N/A,v6,fe80::ecf9:eff:fefb:55,ff02::1:52,5355,5355,N/A,N/A,N/A,N/A,,,1
1759293486,any,358,N/A,IPv4,UDP,N/A,v4,0.0.0.0,255.255.255.255,68,67,N/A,N/A,N/A,N/A,,,1
1759293486,eth0,70,Ethernet,IPv6,ICMP,N/A,v6,fe80::5ca9:83ff:fe87:27,ff02::204,N/A,N/A,N/A,N/A,N/A,N/A,,,0
1759293486,any,72,N/A,IPv6,ICMP,N/A,v6,fe80::5ca9:83ff:fe87:27,ff02::204,N/A,N/A,N/A,N/A,N/A,N/A,,,0
1759293486,any,109,N/A,N/A,N/A,N/A,N/A,N/A,N/A,N/A,N/A,N/A,N/A,N/A,N/A,,,0
1759293486,eth0,107,Ethernet,N/A,N/A,N/A,N/A,N/A,N/A,N/A,N/A,N/A,N/A,N/A,N/A,,,0
1759293486,any,72,N/A,IPv6,ICMP,N/A,v6,fe80::a824:52ff:fe4f:69,ff02::204,N/A,N/A,N/A,N/A,N/A,N/A,,,0
1759293486,eth1,70,Ethernet,IPv6,ICMP,N/A,v6,fe80::a824:52ff:fe4f:69,ff02::204,N/A,N/A,N/A,N/A,N/A,N/A,,,0
1759293486,any,58,ARP,N/A,N/A,N/A,N/A,N/A,N/A,N/A,N/A,1,2048,172.30.0.89,172.30.0.122,,,1
1759293486,any,112,N/A,IPv6,ICMP,N/A,v6,fe80::103b:bdff:fef0:169,ff02::179,N/A,N/A,N/A,N/A,N/A,N/A,,,1
1759293486,eth0,356,Ethernet,IPv4,UDP,N/A,v4,0.0.0.0,255.255.255.255,68,67,N/A,N/A,N/A,N/A,,,1
1759293486,eth0,368,Ethernet,IPv4,UDP,N/A,v4,0.0.0.0,255.255.255.255,68,67,N/A,N/A,N/A,N/A,,,1
1759293486,eth0,56,Ethernet,N/A,N/A,N/A,N/A,N/A,N/A,N/A,N/A,N/A,N/A,N/A,N/A,,,1
1759293486,eth1,110,Ethernet,IPv6,ICMP,N/A,v6,fe80::103b:bdff:fef0:169,ff02::179,N/A,N/A,N/A,N/A,N/A,N/A,,,1
1759293486,eth0,110,Ethernet,IPv6,ICMP,N/A,v6,fe80::ecf9:eff:fefb:55,ff02::179,N/A,N/A,N/A,N/A,N/A,N/A,,,1
1759293486,eth0,56,Ethernet,IPv4,N/A,N/A,v4,172.30.0.89,224.0.0.22,N/A,N/A,N/A,N/A,N/A,N/A,,,1
1759293486,any,112,N/A,IPv6,ICMP,N/A,v6,fe80::ecf9:eff:fefb:55,ff02::179,N/A,N/A,N/A,N/A,N/A,N/A,,,1
1759293486,any,58,N/A,IPv4,N/A,N/A,v4,172.30.0.89,224.0.0.22,N/A,N/A,N/A,N/A,N/A,N/A,,,1
1759293486,any,72,N/A,IPv6,ICMP,N/A,v6,fe80::dcac:f9ff:fe59:60,ff02::204,N/A,N/A,N/A,N/A,N/A,N/A,,,1
1759293486,eth2,70,Ethernet,IPv6,ICMP,N/A,v6,fe80::dcac:f9ff:fe59:60,ff02::204,N/A,N/A,N/A,N/A,N/A,N/A,,,1
1759293486,eth1,70,Ethernet,IPv6,ICMP,N/A,v6,fe80::f056:abff:fe65:143,ff02::204,N/A,N/A,N/A,N/A,N/A,N/A,,,1
1759293486,eth0,70,Ethernet,IPv6,ICMP,N/A,v6,fe80::e48e:99ff:fe5f:147,ff02::204,N/A,N/A,N/A,N/A,N/A,N/A,,,1
1759293486,eth0,110,Ethernet,IPv6,ICMP,N/A,v6,fe80::ecf9:eff:fefb:55,ff02::179,N/A,N/A,N/A,N/A,N/A,N/A,,,1
1759293486,any,112,N/A,IPv6,ICMP,N/A,v6,fe80::ecf9:eff:fefb:55,ff02::179,N/A,N/A,N/A,N/A,N/A,N/A,,,1
1759293486,eth0,111,Ethernet,N/A,N/A,N/A,N/A,N/A,N/A,N/A,N/A,N/A,N/A,N/A,N/A,,,1
1759293486,any,113,N/A,N/A,N/A,N/A,N/A,N/A,N/A,N/A,N/A,N/A,N/A,N/A,N/A,,,1
1759293486,any,58,N/A,IPv4,N/A,N/A,v4,172.30.0.89,224.0.0.22,N/A,N/A,N/A,N/A,N/A,N/A,,,1
1759293486,eth0,56,Ethernet,IPv4,N/A,N/A,v4,172.30.0.89,224.0.0.22,N/A,N/A,N/A,N/A,N/A,N/A,,,1
1759293487,eth0,90,Ethernet,IPv6,ICMP,N/A,v6,fe80::5ca9:83ff:fe87:27,ff02::179,N/A,N/A,N/A,N/A,N/A,N/A,,,0
1759293487,eth0,54,Ethernet,IPv4,N/A,N/A,v4,172.30.0.220,224.0.0.22,N/A,N/A,N/A,N/A,N/A,N/A,,,0
1759293487,any,92,N/A,IPv6,ICMP,N/A,v6,fe80::5ca9:83ff:fe87:27,ff02::179,N/A,N/A,N/A,N/A,N/A,N/A,,,0
1759293487,eth0,90,Ethernet,IPv6,ICMP,N/A,v6,fe80::5ca9:83ff:fe87:27,ff02::179,N/A,N/A,N/A,N/A,N/A,N/A,,,0
1759293487,any,92,N/A,IPv6,ICMP,N/A,v6,fe80::5ca9:83ff:fe87:27,ff02::179,N/A,N/A,N/A,N/A,N/A,N/A,,,0
1759293487,eth0,356,Ethernet,IPv4,UDP,N/A,v4,0.0.0.0,255.255.255.255,68,67,N/A,N/A,N/A,N/A,,,0
1759293487,any,358,N/A,IPv4,UDP,N/A,v4,0.0.0.0,255.255.255.255,68,67,N/A,N/A,N/A,N/A,,,0
1759293487,eth0,368,Ethernet,IPv4,UDP,N/A,v4,0.0.0.0,255.255.255.255,68,67,N/A,N/A,N/A,N/A,,,0
1759293487,any,370,N/A,IPv4,UDP,N/A,v4,0.0.0.0,255.255.255.255,68,67,N/A,N/A,N/A,N/A,,,0
1759293487,eth1,110,Ethernet,IPv6,ICMP,N/A,v6,fe80::a824:52ff:fe4f:69,ff02::179,N/A,N/A,N/A,N/A,N/A,N/A,,,0
1759293487,any,112,N/A,IPv6,ICMP,N/A,v6,fe80::a824:52ff:fe4f:69,ff02::179,N/A,N/A,N/A,N/A,N/A,N/A,,,0
1759293487,eth0,54,Ethernet,IPv4,N/A,N/A,v4,172.30.0.220,224.0.0.22,N/A,N/A,N/A,N/A,N/A,N/A,,,0
1759293487,any,56,N/A,IPv4,N/A,N/A,v4,172.30.0.220,224.0.0.22,N/A,N/A,N/A,N/A,N/A,N/A,,,0
1759293487,eth0,110,Ethernet,IPv6,ICMP,N/A,v6,fe80::5ca9:83ff:fe87:27,ff02::179,N/A,N/A,N/A,N/A,N/A,N/A,,,0
1759293487,any,112,N/A,IPv6,ICMP,N/A,v6,fe80::5ca9:83ff:fe87:27,ff02::179,N/A,N/A,N/A,N/A,N/A,N/A,,,0
1759293487,eth0,42,Ethernet,N/A,N/A,N/A,N/A,N/A,N/A,N/A,N/A,N/A,N/A,N/A,N/A,,,0
1759293487,eth0,56,Ethernet,N/A,N/A,N/A,N/A,N/A,N/A,N/A,N/A,N/A,N/A,N/A,N/A,,,0
1759293487,eth0,56,Ethernet,N/A,N/A,N/A,N/A,N/A,N/A,N/A,N/A,N/A,N/A,N/A,N/A,,,0
1759293487,any,44,ARP,N/A,N/A,N/A,N/A,N/A,N/A,N/A,N/A,1,2048,172.30.0.220,172.30.0.122,,,0
1759293487,any,112,N/A,IPv6,ICMP,N/A,v6,fe80::103b:bdff:fef0:169,ff02::179,N/A,N/A,N/A,N/A,N/A,N/A,,,1
1759293487,eth1,110,Ethernet,IPv6,ICMP,N/A,v6,fe80::103b:bdff:fef0:169,ff02::179,N/A,N/A,N/A,N/A,N/A,N/A,,,1
1759293487,any,72,N/A,IPv6,ICMP,N/A,v6,fe80::ecf9:eff:fefb:55,ff02::204,N/A,N/A,N/A,N/A,N/A,N/A,,,1
1759293487,eth0,70,Ethernet,IPv6,ICMP,N/A,v6,fe80::ecf9:eff:fefb:55,ff02::204,N/A,N/A,N/A,N/A,N/A,N/A,,,1
1759293487,eth1,70,Ethernet,IPv6,ICMP,N/A,v6,fe80::103b:bdff:fef0:169,ff02::204,N/A,N/A,N/A,N/A,N/A,N/A,,,1
1759293487,any,58,ARP,N/A,N/A,N/A,N/A,N/A,N/A,N/A,N/A,2,2048,172.30.0.122,172.30.0.220,,,0
1759293487,any,56,N/A,IPv4,N/A,N/A,v4,172.30.0.220,224.0.0.22,N/A,N/A,N/A,N/A,N/A,N/A,,,0
1759293487,eth0,54,Ethernet,IPv4,N/A,N/A,v4,172.30.0.220,224.0.0.22,N/A,N/A,N/A,N/A,N/A,N/A,,,0
1759293487,any,72,N/A,IPv6,ICMP,N/A,v6,fe80::a824:52ff:fe4f:69,ff02::204,N/A,N/A,N/A,N/A,N/A,N/A,,,0
1759293487,eth1,70,Ethernet,IPv6,ICMP,N/A,v6,fe80::a824:52ff:fe4f:69,ff02::204,N/A,N/A,N/A,N/A,N/A,N/A,,,0
1759293487,eth0,70,Ethernet,IPv6,ICMP,N/A,v6,fe80::5ca9:83ff:fe87:27,ff02::204,N/A,N/A,N/A,N/A,N/A,N/A,,,0
1759293487,any,112,N/A,IPv6,ICMP,N/A,v6,fe80::a824:52ff:fe4f:69,ff02::179,N/A,N/A,N/A,N/A,N/A,N/A,,,0
1759293487,eth1,110,Ethernet,IPv6,ICMP,N/A,v6,fe80::a824:52ff:fe4f:69,ff02::179,N/A,N/A,N/A,N/A,N/A,N/A,,,0
1759293487,any,112,N/A,IPv6,ICMP,N/A,v6,fe80::5ca9:83ff:fe87:27,ff02::179,N/A,N/A,N/A,N/A,N/A,N/A,,,0
1759293487,eth0,110,Ethernet,IPv6,ICMP,N/A,v6,fe80::5ca9:83ff:fe87:27,ff02::179,N/A,N/A,N/A,N/A,N/A,N/A,,,0
1759293488,any,113,N/A,N/A,N/A,N/A,N/A,N/A,N/A,N/A,N/A,N/A,N/A,N/A,N/A,,,1
1759293488,eth0,111,Ethernet,N/A,N/A,N/A,N/A,N/A,N/A,N/A,N/A,N/A,N/A,N/A,N/A,,,1
1759293488,eth0,107,Ethernet,N/A,N/A,N/A,N/A,N/A,N/A,N/A,N/A,N/A,N/A,N/A,N/A,,,0
1759293488,any,109,N/A,N/A,N/A,N/A,N/A,N/A,N/A,N/A,N/A,N/A,N/A,N/A,N/A,,,0
1759293489,any,72,N/A,IPv6,ICMP,N/A,v6,fe80::780a:a9ff:fee6:89,ff02::204,N/A,N/A,N/A,N/A,N/A,N/A,,,1
1759293489,eth1,70,Ethernet,IPv6,ICMP,N/A,v6,fe80::780a:a9ff:fee6:89,ff02::204,N/A,N/A,N/A,N/A,N/A,N/A,,,1
1759293489,eth0,70,Ethernet,IPv6,ICMP,N/A,v6,fe80::b0b5:44ff:feea:219,ff02::204,N/A,N/A,N/A,N/A,N/A,N/A,,,1
1759293489,any,72,N/A,IPv6,ICMP,N/A,v6,fe80::b0b5:44ff:feea:219,ff02::204,N/A,N/A,N/A,N/A,N/A,N/A,,,1
1759293489,any,113,N/A,N/A,N/A,N/A,N/A,N/A,N/A,N/A,N/A,N/A,N/A,N/A,N/A,,,1
1759293489,eth0,111,Ethernet,N/A,N/A,N/A,N/A,N/A,N/A,N/A,N/A,N/A,N/A,N/A,N/A,,,1
1759293489,any,92,N/A,IPv6,ICMP,N/A,v6,fe80::b0b5:44ff:feea:219,ff02::179,N/A,N/A,N/A,N/A,N/A,N/A,,,1
1759293489,eth0,90,Ethernet,IPv6,ICMP,N/A,v6,fe80::b0b5:44ff:feea:219,ff02::179,N/A,N/A,N/A,N/A,N/A,N/A,,,1
1759293489,eth0,54,Ethernet,IPv4,N/A,N/A,v4,172.30.0.163,224.0.0.22,N/A,N/A,N/A,N/A,N/A,N/A,,,1
1759293489,eth0,357,Ethernet,IPv4,UDP,N/A,v4,0.0.0.0,255.255.255.255,68,67,N/A,N/A,N/A,N/A,,,1
1759293489,any,359,N/A,IPv4,UDP,N/A,v4,0.0.0.0,255.255.255.255,68,67,N/A,N/A,N/A,N/A,,,1
1759293489,eth0,369,Ethernet,IPv4,UDP,N/A,v4,0.0.0.0,255.255.255.255,68,67,N/A,N/A,N/A,N/A,,,1
1759293489,any,371,N/A,IPv4,UDP,N/A,v4,0.0.0.0,255.255.255.255,68,67,N/A,N/A,N/A,N/A,,,1
1759293489,any,112,N/A,IPv6,ICMP,N/A,v6,fe80::780a:a9ff:fee6:89,ff02::179,N/A,N/A,N/A,N/A,N/A,N/A,,,1
1759293489,eth1,110,Ethernet,IPv6,ICMP,N/A,v6,fe80::780a:a9ff:fee6:89,ff02::179,N/A,N/A,N/A,N/A,N/A,N/A,,,1
1759293489,eth0,42,Ethernet,N/A,N/A,N/A,N/A,N/A,N/A,N/A,N/A,N/A,N/A,N/A,N/A,,,1
1759293489,any,44,ARP,N/A,N/A,N/A,N/A,N/A,N/A,N/A,N/A,1,2048,172.30.0.163,172.30.0.122,,,1
1759293489,eth0,110,Ethernet,IPv6,ICMP,N/A,v6,fe80::b0b5:44ff:feea:219,ff02::179,N/A,N/A,N/A,N/A,N/A,N/A,,,1
1759293489,eth0,54,Ethernet,IPv4,N/A,N/A,v4,172.30.0.163,224.0.0.22,N/A,N/A,N/A,N/A,N/A,N/A,,,1
1759293489,any,112,N/A,IPv6,ICMP,N/A,v6,fe80::b0b5:44ff:feea:219,ff02::179,N/A,N/A,N/A,N/A,N/A,N/A,,,1
1759293489,eth0,90,Ethernet,IPv6,ICMP,N/A,v6,fe80::e48e:99ff:fe5f:147,ff02::179,N/A,N/A,N/A,N/A,N/A,N/A,,,1
1759293489,eth0,54,Ethernet,IPv4,N/A,N/A,v4,172.30.0.220,224.0.0.22,N/A,N/A,N/A,N/A,N/A,N/A,,,1
1759293489,any,92,N/A,IPv6,ICMP,N/A,v6,fe80::e48e:99ff:fe5f:147,ff02::179,N/A,N/A,N/A,N/A,N/A,N/A,,,1
1759293489,eth0,360,Ethernet,IPv4,UDP,N/A,v4,0.0.0.0,255.255.255.255,68,67,N/A,N/A,N/A,N/A,,,1
1759293489,any,362,N/A,IPv4,UDP,N/A,v4,0.0.0.0,255.255.255.255,68,67,N/A,N/A,N/A,N/A,,,1
1759293489,eth0,372,Ethernet,IPv4,UDP,N/A,v4,0.0.0.0,255.255.255.255,68,67,N/A,N/A,N/A,N/A,,,1
1759293489,any,374,N/A,IPv4,UDP,N/A,v4,0.0.0.0,255.255.255.255,68,67,N/A,N/A,N/A,N/A,,,1
1759293489,eth2,110,Ethernet,IPv6,ICMP,N/A,v6,fe80::dcac:f9ff:fe59:60,ff02::179,N/A,N/A,N/A,N/A,N/A,N/A,,,1
1759293489,any,112,N/A,IPv6,ICMP,N/A,v6,fe80::f056:abff:fe65:143,ff02::179,N/A,N/A,N/A,N/A,N/A,N/A,,,1
1759293489,eth1,110,Ethernet,IPv6,ICMP,N/A,v6,fe80::f056:abff:fe65:143,ff02::179,N/A,N/A,N/A,N/A,N/A,N/A,,,1
1759293489,eth0,54,Ethernet,IPv4,N/A,N/A,v4,172.30.0.220,224.0.0.22,N/A,N/A,N/A,N/A,N/A,N/A,,,1
1759293489,eth0,110,Ethernet,IPv6,ICMP,N/A,v6,fe80::e48e:99ff:fe5f:147,ff02::179,N/A,N/A,N/A,N/A,N/A,N/A,,,1
1759293489,eth0,42,Ethernet,N/A,N/A,N/A,N/A,N/A,N/A,N/A,N/A,N/A,N/A,N/A,N/A,,,1
1759293489,any,56,N/A,IPv4,N/A,N/A,v4,172.30.0.220,224.0.0.22,N/A,N/A,N/A,N/A,N/A,N/A,,,1
1759293489,any,58,ARP,N/A,N/A,N/A,N/A,N/A,N/A,N/A,N/A,2,2048,172.30.0.122,172.30.0.220,,,1
1759293489,any,58,ARP,N/A,N/A,N/A,N/A,N/A,N/A,N/A,N/A,2,2048,172.30.0.122,172.30.0.220,,,1
1759293489,eth0,56,Ethernet,N/A,N/A,N/A,N/A,N/A,N/A,N/A,N/A,N/A,N/A,N/A,N/A,,,1
1759293489,eth0,56,Ethernet,N/A,N/A,N/A,N/A,N/A,N/A,N/A,N/A,N/A,N/A,N/A,N/A,,,1
1759293489,any,56,N/A,IPv4,N/A,N/A,v4,172.30.0.163,224.0.0.22,N/A,N/A,N/A,N/A,N/A,N/A,,,1
1759293489,eth0,54,Ethernet,IPv4,N/A,N/A,v4,172.30.0.163,224.0.0.22,N/A,N/A,N/A,N/A,N/A,N/A,,,1
1759293489,any,72,N/A,IPv6,ICMP,N/A,v6,fe80::7827:e3ff:fe68:239,ff02::204,N/A,N/A,N/A,N/A,N/A,N/A,,,1
1759293489,eth1,70,Ethernet,IPv6,ICMP,N/A,v6,fe80::7827:e3ff:fe68:239,ff02::204,N/A,N/A,N/A,N/A,N/A,N/A,,,1
1759293489,any,56,N/A,IPv4,N/A,N/A,v4,172.30.0.220,224.0.0.22,N/A,N/A,N/A,N/A,N/A,N/A,,,1
1759293489,eth0,54,Ethernet,IPv4,N/A,N/A,v4,172.30.0.220,224.0.0.22,N/A,N/A,N/A,N/A,N/A,N/A,,,1
1759293489,any,112,N/A,IPv6,ICMP,N/A,v6,fe80::dcac:f9ff:fe59:60,ff02::179,N/A,N/A,N/A,N/A,N/A,N/A,,,1
1759293489,eth2,110,Ethernet,IPv6,ICMP,N/A,v6,fe80::dcac:f9ff:fe59:60,ff02::179,N/A,N/A,N/A,N/A,N/A,N/A,,,1
1759293489,any,112,N/A,IPv6,ICMP,N/A,v6,fe80::f056:abff:fe65:143,ff02::179,N/A,N/A,N/A,N/A,N/A,N/A,,,1
1759293489,eth1,110,Ethernet,IPv6,ICMP,N/A,v6,fe80::f056:abff:fe65:143,ff02::179,N/A,N/A,N/A,N/A,N/A,N/A,,,1
1759293489,any,109,N/A,N/A,N/A,N/A,N/A,N/A,N/A,N/A,N/A,N/A,N/A,N/A,N/A,,,0
1759293489,eth0,107,Ethernet,N/A,N/A,N/A,N/A,N/A,N/A,N/A,N/A,N/A,N/A,N/A,N/A,,,0
1759293490,any,112,N/A,IPv6,ICMP,N/A,v6,fe80::e48e:99ff:fe5f:147,ff02::179,N/A,N/A,N/A,N/A,N/A,N/A,,,1
1759293490,eth0,110,Ethernet,IPv6,ICMP,N/A,v6,fe80::e48e:99ff:fe5f:147,ff02::179,N/A,N/A,N/A,N/A,N/A,N/A,,,1
1759293490,any,112,N/A,IPv6,ICMP,N/A,v6,fe80::780a:a9ff:fee6:89,ff02::179,N/A,N/A,N/A,N/A,N/A,N/A,,,1
1759293490,eth1,110,Ethernet,IPv6,ICMP,N/A,v6,fe80::780a:a9ff:fee6:89,ff02::179,N/A,N/A,N/A,N/A,N/A,N/A,,,1
1759293490,any,72,N/A,IPv6,ICMP,N/A,v6,fe80::24f1:23ff:fe29:66,ff02::204,N/A,N/A,N/A,N/A,N/A,N/A,,,1
1759293490,eth0,70,Ethernet,IPv6,ICMP,N/A,v6,fe80::24f1:23ff:fe29:66,ff02::204,N/A,N/A,N/A,N/A,N/A,N/A,,,1
1759293490,eth0,90,Ethernet,IPv6,ICMP,N/A,v6,fe80::24f1:23ff:fe29:66,ff02::179,N/A,N/A,N/A,N/A,N/A,N/A,,,1
1759293490,eth0,54,Ethernet,IPv4,N/A,N/A,v4,172.30.0.23,224.0.0.22,N/A,N/A,N/A,N/A,N/A,N/A,,,1
1759293490,any,92,N/A,IPv6,ICMP,N/A,v6,fe80::24f1:23ff:fe29:66,ff02::179,N/A,N/A,N/A,N/A,N/A,N/A,,,1
1759293490,any,69,N/A,IPv4,UDP,N/A,v4,172.30.0.23,224.0.0.252,5355,5355,N/A,N/A,N/A,N/A,,,1
1759293490,eth0,67,Ethernet,IPv4,UDP,N/A,v4,172.30.0.23,224.0.0.252,5355,5355,N/A,N/A,N/A,N/A,,,1
1759293490,eth0,356,Ethernet,IPv4,UDP,N/A,v4,0.0.0.0,255.255.255.255,68,67,N/A,N/A,N/A,N/A,,,1
1759293490,any,358,N/A,IPv4,UDP,N/A,v4,0.0.0.0,255.255.255.255,68,67,N/A,N/A,N/A,N/A,,,1
1759293490,any,370,N/A,IPv4,UDP,N/A,v4,0.0.0.0,255.255.255.255,68,67,N/A,N/A,N/A,N/A,,,1
1759293490,eth0,368,Ethernet,IPv4,UDP,N/A,v4,0.0.0.0,255.255.255.255,68,67,N/A,N/A,N/A,N/A,,,1
1759293490,any,112,N/A,IPv6,ICMP,N/A,v6,fe80::7827:e3ff:fe68:239,ff02::179,N/A,N/A,N/A,N/A,N/A,N/A,,,1
1759293490,eth1,110,Ethernet,IPv6,ICMP,N/A,v6,fe80::7827:e3ff:fe68:239,ff02::179,N/A,N/A,N/A,N/A,N/A,N/A,,,1
1759293490,any,112,N/A,IPv6,ICMP,N/A,v6,fe80::24f1:23ff:fe29:66,ff02::179,N/A,N/A,N/A,N/A,N/A,N/A,,,1
1759293490,eth0,110,Ethernet,IPv6,ICMP,N/A,v6,fe80::24f1:23ff:fe29:66,ff02::179,N/A,N/A,N/A,N/A,N/A,N/A,,,1
1759293490,eth0,54,Ethernet,IPv4,N/A,N/A,v4,172.30.0.23,224.0.0.22,N/A,N/A,N/A,N/A,N/A,N/A,,,1
1759293490,eth0,42,Ethernet,N/A,N/A,N/A,N/A,N/A,N/A,N/A,N/A,N/A,N/A,N/A,N/A,,,1
1759293490,any,44,ARP,N/A,N/A,N/A,N/A,N/A,N/A,N/A,N/A,1,2048,172.30.0.23,172.30.0.122,,,1
1759293490,any,56,N/A,IPv4,N/A,N/A,v4,172.30.0.23,224.0.0.22,N/A,N/A,N/A,N/A,N/A,N/A,,,1
1759293490,eth0,54,Ethernet,IPv4,N/A,N/A,v4,172.30.0.23,224.0.0.22,N/A,N/A,N/A,N/A,N/A,N/A,,,1
1759293490,eth0,70,Ethernet,IPv6,ICMP,N/A,v6,fe80::b0b5:44ff:feea:219,ff02::204,N/A,N/A,N/A,N/A,N/A,N/A,,,1
1759293490,eth1,70,Ethernet,IPv6,ICMP,N/A,v6,fe80::780a:a9ff:fee6:89,ff02::204,N/A,N/A,N/A,N/A,N/A,N/A,,,1
1759293490,any,72,N/A,IPv6,ICMP,N/A,v6,fe80::b0b5:44ff:feea:219,ff02::204,N/A,N/A,N/A,N/A,N/A,N/A,,,1
1759293490,eth0,110,Ethernet,IPv6,ICMP,N/A,v6,fe80::b0b5:44ff:feea:219,ff02::179,N/A,N/A,N/A,N/A,N/A,N/A,,,1
1759293490,any,112,N/A,IPv6,ICMP,N/A,v6,fe80::b0b5:44ff:feea:219,ff02::179,N/A,N/A,N/A,N/A,N/A,N/A,,,1
1759293490,eth0,70,Ethernet,IPv6,ICMP,N/A,v6,fe80::e48e:99ff:fe5f:147,ff02::204,N/A,N/A,N/A,N/A,N/A,N/A,,,1
1759293490,eth2,70,Ethernet,IPv6,ICMP,N/A,v6,fe80::dcac:f9ff:fe59:60,ff02::204,N/A,N/A,N/A,N/A,N/A,N/A,,,1
1759293490,any,72,N/A,IPv6,ICMP,N/A,v6,fe80::dcac:f9ff:fe59:60,ff02::204,N/A,N/A,N/A,N/A,N/A,N/A,,,1
1759293490,any,72,N/A,IPv6,ICMP,N/A,v6,fe80::e48e:99ff:fe5f:147,ff02::204,N/A,N/A,N/A,N/A,N/A,N/A,,,1
1759293490,eth1,70,Ethernet,IPv6,ICMP,N/A,v6,fe80::f056:abff:fe65:143,ff02::204,N/A,N/A,N/A,N/A,N/A,N/A,,,1
1759293490,any,112,N/A,IPv6,ICMP,N/A,v6,fe80::24f1:23ff:fe29:66,ff02::179,N/A,N/A,N/A,N/A,N/A,N/A,,,1
1759293490,eth0,110,Ethernet,IPv6,ICMP,N/A,v6,fe80::24f1:23ff:fe29:66,ff02::179,N/A,N/A,N/A,N/A,N/A,N/A,,,1
1759293490,eth0,90,Ethernet,IPv6,ICMP,N/A,v6,fe80::ecf9:eff:fefb:55,ff02::179,N/A,N/A,N/A,N/A,N/A,N/A,,,1
1759293490,eth0,56,Ethernet,IPv4,N/A,N/A,v4,172.30.0.89,224.0.0.22,N/A,N/A,N/A,N/A,N/A,N/A,,,1
1759293490,any,92,N/A,IPv6,ICMP,N/A,v6,fe80::ecf9:eff:fefb:55,ff02::179,N/A,N/A,N/A,N/A,N/A,N/A,,,1
1759293490,any,92,N/A,IPv6,ICMP,N/A,v6,fe80::ecf9:eff:fefb:55,ff02::179,N/A,N/A,N/A,N/A,N/A,N/A,,,1
1759293490,eth0,90,Ethernet,IPv6,ICMP,N/A,v6,fe80::ecf9:eff:fefb:55,ff02::179,N/A,N/A,N/A,N/A,N/A,N/A,,,1
1759293490,any,358,N/A,IPv4,UDP,N/A,v4,0.0.0.0,255.255.255.255,68,67,N/A,N/A,N/A,N/A,,,1
1759293490,eth0,356,Ethernet,IPv4,UDP,N/A,v4,0.0.0.0,255.255.255.255,68,67,N/A,N/A,N/A,N/A,,,1
1759293490,eth0,368,Ethernet,IPv4,UDP,N/A,v4,0.0.0.0,255.255.255.255,68,67,N/A,N/A,N/A,N/A,,,1
1759293490,any,370,N/A,IPv4,UDP,N/A,v4,0.0.0.0,255.255.255.255,68,67,N/A,N/A,N/A,N/A,,,1
1759293490,any,112,N/A,IPv6,ICMP,N/A,v6,fe80::103b:bdff:fef0:169,ff02::179,N/A,N/A,N/A,N/A,N/A,N/A,,,1
1759293490,eth1,110,Ethernet,IPv6,ICMP,N/A,v6,fe80::103b:bdff:fef0:169,ff02::179,N/A,N/A,N/A,N/A,N/A,N/A,,,1
1759293490,any,58,ARP,N/A,N/A,N/A,N/A,N/A,N/A,N/A,N/A,1,2048,172.30.0.89,172.30.0.122,,,1
1759293490,eth0,56,Ethernet,N/A,N/A,N/A,N/A,N/A,N/A,N/A,N/A,N/A,N/A,N/A,N/A,,,1
1759293490,any,112,N/A,IPv6,ICMP,N/A,v6,fe80::ecf9:eff:fefb:55,ff02::179,N/A,N/A,N/A,N/A,N/A,N/A,,,1
1759293490,any,109,N/A,N/A,N/A,N/A,N/A,N/A,N/A,N/A,N/A,N/A,N/A,N/A,N/A,,,0
1759293490,eth0,107,Ethernet,N/A,N/A,N/A,N/A,N/A,N/A,N/A,N/A,N/A,N/A,N/A,N/A,,,0
1759293490,any,58,N/A,IPv4,N/A,N/A,v4,172.30.0.89,224.0.0.22,N/A,N/A,N/A,N/A,N/A,N/A,,,1
1759293490,eth0,110,Ethernet,IPv6,ICMP,N/A,v6,fe80::ecf9:eff:fefb:55,ff02::179,N/A,N/A,N/A,N/A,N/A,N/A,,,1
1759293490,eth0,56,Ethernet,IPv4,N/A,N/A,v4,172.30.0.89,224.0.0.22,N/A,N/A,N/A,N/A,N/A,N/A,,,1
1759293490,any,112,N/A,IPv6,ICMP,N/A,v6,fe80::7827:e3ff:fe68:239,ff02::179,N/A,N/A,N/A,N/A,N/A,N/A,,,1
1759293490,eth1,110,Ethernet,IPv6,ICMP,N/A,v6,fe80::7827:e3ff:fe68:239,ff02::179,N/A,N/A,N/A,N/A,N/A,N/A,,,1
1759293490,eth0,111,Ethernet,N/A,N/A,N/A,N/A,N/A,N/A,N/A,N/A,N/A,N/A,N/A,N/A,,,1
1759293490,any,113,N/A,N/A,N/A,N/A,N/A,N/A,N/A,N/A,N/A,N/A,N/A,N/A,N/A,,,1
1759293490,any,112,N/A,IPv6,ICMP,N/A,v6,fe80::103b:bdff:fef0:169,ff02::179,N/A,N/A,N/A,N/A,N/A,N/A,,,1
1759293490,eth1,110,Ethernet,IPv6,ICMP,N/A,v6,fe80::103b:bdff:fef0:169,ff02::179,N/A,N/A,N/A,N/A,N/A,N/A,,,1
1759293491,eth0,90,Ethernet,IPv6,ICMP,N/A,v6,fe80::5ca9:83ff:fe87:27,ff02::179,N/A,N/A,N/A,N/A,N/A,N/A,,,0
1759293491,eth0,54,Ethernet,IPv4,N/A,N/A,v4,172.30.0.220,224.0.0.22,N/A,N/A,N/A,N/A,N/A,N/A,,,0
1759293491,any,92,N/A,IPv6,ICMP,N/A,v6,fe80::5ca9:83ff:fe87:27,ff02::179,N/A,N/A,N/A,N/A,N/A,N/A,,,0
1759293491,eth0,67,Ethernet,IPv4,UDP,N/A,v4,172.30.0.220,224.0.0.252,5355,5355,N/A,N/A,N/A,N/A,,,0
1759293491,any,69,N/A,IPv4,UDP,N/A,v4,172.30.0.220,224.0.0.252,5355,5355,N/A,N/A,N/A,N/A,,,0
1759293491,eth0,356,Ethernet,IPv4,UDP,N/A,v4,0.0.0.0,255.255.255.255,68,67,N/A,N/A,N/A,N/A,,,0
1759293491,any,358,N/A,IPv4,UDP,N/A,v4,0.0.0.0,255.255.255.255,68,67,N/A,N/A,N/A,N/A,,,0
1759293491,eth0,368,Ethernet,IPv4,UDP,N/A,v4,0.0.0.0,255.255.255.255,68,67,N/A,N/A,N/A,N/A,,,0
1759293491,any,370,N/A,IPv4,UDP,N/A,v4,0.0.0.0,255.255.255.255,68,67,N/A,N/A,N/A,N/A,,,0
1759293491,any,72,N/A,IPv6,ICMP,N/A,v6,fe80::24f1:23ff:fe29:66,ff02::204,N/A,N/A,N/A,N/A,N/A,N/A,,,1
1759293491,eth0,70,Ethernet,IPv6,ICMP,N/A,v6,fe80::24f1:23ff:fe29:66,ff02::204,N/A,N/A,N/A,N/A,N/A,N/A,,,1
1759293491,any,72,N/A,IPv6,ICMP,N/A,v6,fe80::7827:e3ff:fe68:239,ff02::204,N/A,N/A,N/A,N/A,N/A,N/A,,,1
1759293491,eth1,70,Ethernet,IPv6,ICMP,N/A,v6,fe80::7827:e3ff:fe68:239,ff02::204,N/A,N/A,N/A,N/A,N/A,N/A,,,1
1759293491,any,112,N/A,IPv6,ICMP,N/A,v6,fe80::ecf9:eff:fefb:55,ff02::179,N/A,N/A,N/A,N/A,N/A,N/A,,,1
1759293491,eth0,110,Ethernet,IPv6,ICMP,N/A,v6,fe80::ecf9:eff:fefb:55,ff02::179,N/A,N/A,N/A,N/A,N/A,N/A,,,1
1759293491,any,58,N/A,IPv4,N/A,N/A,v4,172.30.0.89,224.0.0.22,N/A,N/A,N/A,N/A,N/A,N/A,,,1
1759293491,eth0,56,Ethernet,IPv4,N/A,N/A,v4,172.30.0.89,224.0.0.22,N/A,N/A,N/A,N/A,N/A,N/A,,,1
1759293491,any,72,N/A,IPv6,ICMP,N/A,v6,fe80::ecf9:eff:fefb:55,ff02::204,N/A,N/A,N/A,N/A,N/A,N/A,,,1
1759293491,eth1,70,Ethernet,IPv6,ICMP,N/A,v6,fe80::103b:bdff:fef0:169,ff02::204,N/A,N/A,N/A,N/A,N/A,N/A,,,1
1759293491,eth0,70,Ethernet,IPv6,ICMP,N/A,v6,fe80::ecf9:eff:fefb:55,ff02::204,N/A,N/A,N/A,N/A,N/A,N/A,,,1
1759293491,any,112,N/A,IPv6,ICMP,N/A,v6,fe80::a824:52ff:fe4f:69,ff02::179,N/A,N/A,N/A,N/A,N/A,N/A,,,0
1759293491,any,112,N/A,IPv6,ICMP,N/A,v6,fe80::5ca9:83ff:fe87:27,ff02::179,N/A,N/A,N/A,N/A,N/A,N/A,,,0
1759293491,any,56,N/A,IPv4,N/A,N/A,v4,172.30.0.220,224.0.0.22,N/A,N/A,N/A,N/A,N/A,N/A,,,0
1759293491,any,44,ARP,N/A,N/A,N/A,N/A,N/A,N/A,N/A,N/A,1,2048,172.30.0.220,172.30.0.122,,,0
1759293491,any,58,ARP,N/A,N/A,N/A,N/A,N/A,N/A,N/A,N/A,2,2048,172.30.0.122,172.30.0.220,,,0
1759293491,eth1,110,Ethernet,IPv6,ICMP,N/A,v6,fe80::a824:52ff:fe4f:69,ff02::179,N/A,N/A,N/A,N/A,N/A,N/A,,,0
1759293491,eth0,110,Ethernet,IPv6,ICMP,N/A,v6,fe80::5ca9:83ff:fe87:27,ff02::179,N/A,N/A,N/A,N/A,N/A,N/A,,,0
1759293491,eth0,54,Ethernet,IPv4,N/A,N/A,v4,172.30.0.220,224.0.0.22,N/A,N/A,N/A,N/A,N/A,N/A,,,0
1759293491,eth0,54,Ethernet,IPv4,N/A,N/A,v4,172.30.0.220,224.0.0.22,N/A,N/A,N/A,N/A,N/A,N/A,,,0
1759293491,eth0,42,Ethernet,N/A,N/A,N/A,N/A,N/A,N/A,N/A,N/A,N/A,N/A,N/A,N/A,,,0
1759293491,eth0,56,Ethernet,N/A,N/A,N/A,N/A,N/A,N/A,N/A,N/A,N/A,N/A,N/A,N/A,,,0
1759293491,eth0,56,Ethernet,N/A,N/A,N/A,N/A,N/A,N/A,N/A,N/A,N/A,N/A,N/A,N/A,,,0
1759293491,eth0,110,Ethernet,IPv6,ICMP,N/A,v6,fe80::5ca9:83ff:fe87:27,ff02::179,N/A,N/A,N/A,N/A,N/A,N/A,,,0
1759293491,any,112,N/A,IPv6,ICMP,N/A,v6,fe80::5ca9:83ff:fe87:27,ff02::179,N/A,N/A,N/A,N/A,N/A,N/A,,,0
1759293492,eth0,111,Ethernet,N/A,N/A,N/A,N/A,N/A,N/A,N/A,N/A,N/A,N/A,N/A,N/A,,,1
1759293492,any,113,N/A,N/A,N/A,N/A,N/A,N/A,N/A,N/A,N/A,N/A,N/A,N/A,N/A,,,1
1759293492,any,112,N/A,IPv6,ICMP,N/A,v6,fe80::a824:52ff:fe4f:69,ff02::179,N/A,N/A,N/A,N/A,N/A,N/A,,,0
1759293492,eth1,110,Ethernet,IPv6,ICMP,N/A,v6,fe80::a824:52ff:fe4f:69,ff02::179,N/A,N/A,N/A,N/A,N/A,N/A,,,0
1759293492,eth0,107,Ethernet,N/A,N/A,N/A,N/A,N/A,N/A,N/A,N/A,N/A,N/A,N/A,N/A,,,0
1759293492,eth0,70,Ethernet,IPv6,ICMP,N/A,v6,fe80::5ca9:83ff:fe87:27,ff02::204,N/A,N/A,N/A,N/A,N/A,N/A,,,0
1759293492,any,72,N/A,IPv6,ICMP,N/A,v6,fe80::a824:52ff:fe4f:69,ff02::204,N/A,N/A,N/A,N/A,N/A,N/A,,,0
1759293492,eth1,70,Ethernet,IPv6,ICMP,N/A,v6,fe80::a824:52ff:fe4f:69,ff02::204,N/A,N/A,N/A,N/A,N/A,N/A,,,0
1759293493,any,113,N/A,N/A,N/A,N/A,N/A,N/A,N/A,N/A,N/A,N/A,N/A,N/A,N/A,,,1
1759293493,eth0,111,Ethernet,N/A,N/A,N/A,N/A,N/A,N/A,N/A,N/A,N/A,N/A,N/A,N/A,,,1
1759293493,eth0,90,Ethernet,IPv6,ICMP,N/A,v6,fe80::b0b5:44ff:feea:219,ff02::179,N/A,N/A,N/A,N/A,N/A,N/A,,,1
1759293493,eth0,54,Ethernet,IPv4,N/A,N/A,v4,172.30.0.163,224.0.0.22,N/A,N/A,N/A,N/A,N/A,N/A,,,1
1759293493,any,92,N/A,IPv6,ICMP,N/A,v6,fe80::b0b5:44ff:feea:219,ff02::179,N/A,N/A,N/A,N/A,N/A,N/A,,,1
1759293493,eth0,357,Ethernet,IPv4,UDP,N/A,v4,0.0.0.0,255.255.255.255,68,67,N/A,N/A,N/A,N/A,,,1
1759293493,any,359,N/A,IPv4,UDP,N/A,v4,0.0.0.0,255.255.255.255,68,67,N/A,N/A,N/A,N/A,,,1
1759293493,any,371,N/A,IPv4,UDP,N/A,v4,0.0.0.0,255.255.255.255,68,67,N/A,N/A,N/A,N/A,,,1
1759293493,eth0,369,Ethernet,IPv4,UDP,N/A,v4,0.0.0.0,255.255.255.255,68,67,N/A,N/A,N/A,N/A,,,1
1759293493,any,112,N/A,IPv6,ICMP,N/A,v6,fe80::780a:a9ff:fee6:89,ff02::179,N/A,N/A,N/A,N/A,N/A,N/A,,,1
1759293493,eth1,110,Ethernet,IPv6,ICMP,N/A,v6,fe80::780a:a9ff:fee6:89,ff02::179,N/A,N/A,N/A,N/A,N/A,N/A,,,1
1759293493,eth0,110,Ethernet,IPv6,ICMP,N/A,v6,fe80::b0b5:44ff:feea:219,ff02::179,N/A,N/A,N/A,N/A,N/A,N/A,,,1
1759293493,eth0,54,Ethernet,IPv4,N/A,N/A,v4,172.30.0.163,224.0.0.22,N/A,N/A,N/A,N/A,N/A,N/A,,,1
1759293493,any,112,N/A,IPv6,ICMP,N/A,v6,fe80::b0b5:44ff:feea:219,ff02::179,N/A,N/A,N/A,N/A,N/A,N/A,,,1
1759293493,eth1,110,Ethernet,IPv6,ICMP,N/A,v6,fe80::780a:a9ff:fee6:89,ff02::179,N/A,N/A,N/A,N/A,N/A,N/A,,,1
1759293493,any,112,N/A,IPv6,ICMP,N/A,v6,fe80::780a:a9ff:fee6:89,ff02::179,N/A,N/A,N/A,N/A,N/A,N/A,,,1
1759293493,eth0,107,Ethernet,N/A,N/A,N/A,N/A,N/A,N/A,N/A,N/A,N/A,N/A,N/A,N/A,,,0
1759293493,any,109,N/A,N/A,N/A,N/A,N/A,N/A,N/A,N/A,N/A,N/A,N/A,N/A,N/A,,,0
1759293494,any,56,N/A,IPv4,N/A,N/A,v4,172.30.0.163,224.0.0.22,N/A,N/A,N/A,N/A,N/A,N/A,,,1
1759293494,eth0,54,Ethernet,IPv4,N/A,N/A,v4,172.30.0.163,224.0.0.22,N/A,N/A,N/A,N/A,N/A,N/A,,,1
1759293494,any,72,N/A,IPv6,ICMP,N/A,v6,fe80::dcac:f9ff:fe59:60,ff02::204,N/A,N/A,N/A,N/A,N/A,N/A,,,1
1759293494,eth2,70,Ethernet,IPv6,ICMP,N/A,v6,fe80::dcac:f9ff:fe59:60,ff02::204,N/A,N/A,N/A,N/A,N/A,N/A,,,1
1759293494,any,72,N/A,IPv6,ICMP,N/A,v6,fe80::b0b5:44ff:feea:219,ff02::204,N/A,N/A,N/A,N/A,N/A,N/A,,,1
1759293494,eth0,70,Ethernet,IPv6,ICMP,N/A,v6,fe80::b0b5:44ff:feea:219,ff02::204,N/A,N/A,N/A,N/A,N/A,N/A,,,1
1759293494,any,72,N/A,IPv6,ICMP,N/A,v6,fe80::780a:a9ff:fee6:89,ff02::204,N/A,N/A,N/A,N/A,N/A,N/A,,,1
1759293494,eth1,70,Ethernet,IPv6,ICMP,N/A,v6,fe80::780a:a9ff:fee6:89,ff02::204,N/A,N/A,N/A,N/A,N/A,N/A,,,1
1759293494,eth0,42,Ethernet,N/A,N/A,N/A,N/A,N/A,N/A,N/A,N/A,N/A,N/A,N/A,N/A,,,1
1759293494,any,44,ARP,N/A,N/A,N/A,N/A,N/A,N/A,N/A,N/A,1,2048,172.30.0.163,172.30.0.122,,,1
1759293494,any,112,N/A,IPv6,ICMP,N/A,v6,fe80::b0b5:44ff:feea:219,ff02::179,N/A,N/A,N/A,N/A,N/A,N/A,,,1
1759293494,eth0,110,Ethernet,IPv6,ICMP,N/A,v6,fe80::b0b5:44ff:feea:219,ff02::179,N/A,N/A,N/A,N/A,N/A,N/A,,,1
1759293494,eth0,90,Ethernet,IPv6,ICMP,N/A,v6,fe80::24f1:23ff:fe29:66,ff02::179,N/A,N/A,N/A,N/A,N/A,N/A,,,1
1759293494,eth0,54,Ethernet,IPv4,N/A,N/A,v4,172.30.0.23,224.0.0.22,N/A,N/A,N/A,N/A,N/A,N/A,,,1
1759293494,any,92,N/A,IPv6,ICMP,N/A,v6,fe80::24f1:23ff:fe29:66,ff02::179,N/A,N/A,N/A,N/A,N/A,N/A,,,1
1759293494,any,113,N/A,N/A,N/A,N/A,N/A,N/A,N/A,N/A,N/A,N/A,N/A,N/A,N/A,,,1
1759293494,eth0,111,Ethernet,N/A,N/A,N/A,N/A,N/A,N/A,N/A,N/A,N/A,N/A,N/A,N/A,,,1
1759293494,any,89,N/A,IPv6,UDP,N/A,v6,fe80::24f1:23ff:fe29:66,ff02::1:52,5355,5355,N/A,N/A,N/A,N/A,,,1
1759293494,eth0,87,Ethernet,IPv6,UDP,N/A,v6,fe80::24f1:23ff:fe29:66,ff02::1:52,5355,5355,N/A,N/A,N/A,N/A,,,1
1759293494,eth0,67,Ethernet,IPv4,UDP,N/A,v4,172.30.0.23,224.0.0.252,5355,5355,N/A,N/A,N/A,N/A,,,1
1759293494,eth0,356,Ethernet,IPv4,UDP,N/A,v4,0.0.0.0,255.255.255.255,68,67,N/A,N/A,N/A,N/A,,,1
1759293494,any,358,N/A,IPv4,UDP,N/A,v4,0.0.0.0,255.255.255.255,68,67,N/A,N/A,N/A,N/A,,,1
1759293494,any,370,N/A,IPv4,UDP,N/A,v4,0.0.0.0,255.255.255.255,68,67,N/A,N/A,N/A,N/A,,,1
1759293494,eth0,368,Ethernet,IPv4,UDP,N/A,v4,0.0.0.0,255.255.255.255,68,67,N/A,N/A,N/A,N/A,,,1
1759293494,any,112,N/A,IPv6,ICMP,N/A,v6,fe80::7827:e3ff:fe68:239,ff02::179,N/A,N/A,N/A,N/A,N/A,N/A,,,1
1759293494,eth1,110,Ethernet,IPv6,ICMP,N/A,v6,fe80::7827:e3ff:fe68:239,ff02::179,N/A,N/A,N/A,N/A,N/A,N/A,,,1
1759293494,any,112,N/A,IPv6,ICMP,N/A,v6,fe80::24f1:23ff:fe29:66,ff02::179,N/A,N/A,N/A,N/A,N/A,N/A,,,1
1759293494,eth0,110,Ethernet,IPv6,ICMP,N/A,v6,fe80::24f1:23ff:fe29:66,ff02::179,N/A,N/A,N/A,N/A,N/A,N/A,,,1
1759293494,eth0,54,Ethernet,IPv4,N/A,N/A,v4,172.30.0.23,224.0.0.22,N/A,N/A,N/A,N/A,N/A,N/A,,,1
1759293494,eth0,42,Ethernet,N/A,N/A,N/A,N/A,N/A,N/A,N/A,N/A,N/A,N/A,N/A,N/A,,,1
1759293494,any,44,ARP,N/A,N/A,N/A,N/A,N/A,N/A,N/A,N/A,1,2048,172.30.0.23,172.30.0.122,,,1
1759293494,eth0,54,Ethernet,IPv4,N/A,N/A,v4,172.30.0.23,224.0.0.22,N/A,N/A,N/A,N/A,N/A,N/A,,,1
1759293494,any,56,N/A,IPv4,N/A,N/A,v4,172.30.0.23,224.0.0.22,N/A,N/A,N/A,N/A,N/A,N/A,,,1
1759293494,eth0,90,Ethernet,IPv6,ICMP,N/A,v6,fe80::e48e:99ff:fe5f:147,ff02::179,N/A,N/A,N/A,N/A,N/A,N/A,,,1
1759293494,eth0,54,Ethernet,IPv4,N/A,N/A,v4,172.30.0.220,224.0.0.22,N/A,N/A,N/A,N/A,N/A,N/A,,,1
1759293494,any,92,N/A,IPv6,ICMP,N/A,v6,fe80::e48e:99ff:fe5f:147,ff02::179,N/A,N/A,N/A,N/A,N/A,N/A,,,1
1759293494,eth0,91,Ethernet,IPv6,UDP,N/A,v6,fe80::e48e:99ff:fe5f:147,ff02::1:52,5355,5355,N/A,N/A,N/A,N/A,,,1
1759293494,eth0,107,Ethernet,N/A,N/A,N/A,N/A,N/A,N/A,N/A,N/A,N/A,N/A,N/A,N/A,,,0
1759293494,any,109,N/A,N/A,N/A,N/A,N/A,N/A,N/A,N/A,N/A,N/A,N/A,N/A,N/A,,,0
1759293494,any,93,N/A,IPv6,UDP,N/A,v6,fe80::e48e:99ff:fe5f:147,ff02::1:52,5355,5355,N/A,N/A,N/A,N/A,,,1
1759293494,eth0,360,Ethernet,IPv4,UDP,N/A,v4,0.0.0.0,255.255.255.255,68,67,N/A,N/A,N/A,N/A,,,1
1759293494,any,362,N/A,IPv4,UDP,N/A,v4,0.0.0.0,255.255.255.255,68,67,N/A,N/A,N/A,N/A,,,1
1759293494,eth0,372,Ethernet,IPv4,UDP,N/A,v4,0.0.0.0,255.255.255.255,68,67,N/A,N/A,N/A,N/A,,,1
1759293494,any,374,N/A,IPv4,UDP,N/A,v4,0.0.0.0,255.255.255.255,68,67,N/A,N/A,N/A,N/A,,,1
1759293494,eth2,110,Ethernet,IPv6,ICMP,N/A,v6,fe80::dcac:f9ff:fe59:60,ff02::179,N/A,N/A,N/A,N/A,N/A,N/A,,,1
1759293494,any,112,N/A,IPv6,ICMP,N/A,v6,fe80::f056:abff:fe65:143,ff02::179,N/A,N/A,N/A,N/A,N/A,N/A,,,1
1759293494,eth1,110,Ethernet,IPv6,ICMP,N/A,v6,fe80::f056:abff:fe65:143,ff02::179,N/A,N/A,N/A,N/A,N/A,N/A,,,1
1759293494,eth0,110,Ethernet,IPv6,ICMP,N/A,v6,fe80::e48e:99ff:fe5f:147,ff02::179,N/A,N/A,N/A,N/A,N/A,N/A,,,1
1759293494,eth0,54,Ethernet,IPv4,N/A,N/A,v4,172.30.0.220,224.0.0.22,N/A,N/A,N/A,N/A,N/A,N/A,,,1
1759293494,any,112,N/A,IPv6,ICMP,N/A,v6,fe80::e48e:99ff:fe5f:147,ff02::179,N/A,N/A,N/A,N/A,N/A,N/A,,,1
1759293494,eth0,42,Ethernet,N/A,N/A,N/A,N/A,N/A,N/A,N/A,N/A,N/A,N/A,N/A,N/A,,,1
1759293494,eth0,56,Ethernet,N/A,N/A,N/A,N/A,N/A,N/A,N/A,N/A,N/A,N/A,N/A,N/A,,,1
1759293494,eth0,56,Ethernet,N/A,N/A,N/A,N/A,N/A,N/A,N/A,N/A,N/A,N/A,N/A,N/A,,,1
1759293494,any,44,ARP,N/A,N/A,N/A,N/A,N/A,N/A,N/A,N/A,1,2048,172.30.0.220,172.30.0.122,,,1
1759293494,any,58,ARP,N/A,N/A,N/A,N/A,N/A,N/A,N/A,N/A,2,2048,172.30.0.122,172.30.0.220,,,1
1759293494,any,112,N/A,IPv6,ICMP,N/A,v6,fe80::dcac:f9ff:fe59:60,ff02::179,N/A,N/A,N/A,N/A,N/A,N/A,,,1
1759293494,eth2,110,Ethernet,IPv6,ICMP,N/A,v6,fe80::dcac:f9ff:fe59:60,ff02::179,N/A,N/A,N/A,N/A,N/A,N/A,,,1
1759293495,eth0,107,Ethernet,N/A,N/A,N/A,N/A,N/A,N/A,N/A,N/A,N/A,N/A,N/A,N/A,,,0
1759293495,any,72,N/A,IPv6,ICMP,N/A,v6,fe80::7827:e3ff:fe68:239,ff02::204,N/A,N/A,N/A,N/A,N/A,N/A,,,1
1759293495,eth1,70,Ethernet,IPv6,ICMP,N/A,v6,fe80::7827:e3ff:fe68:239,ff02::204,N/A,N/A,N/A,N/A,N/A,N/A,,,1
1759293495,eth0,70,Ethernet,IPv6,ICMP,N/A,v6,fe80::24f1:23ff:fe29:66,ff02::204,N/A,N/A,N/A,N/A,N/A,N/A,,,1
1759293495,any,112,N/A,IPv6,ICMP,N/A,v6,fe80::24f1:23ff:fe29:66,ff02::179,N/A,N/A,N/A,N/A,N/A,N/A,,,1
1759293495,eth0,110,Ethernet,IPv6,ICMP,N/A,v6,fe80::24f1:23ff:fe29:66,ff02::179,N/A,N/A,N/A,N/A,N/A,N/A,,,1
1759293495,any,112,N/A,IPv6,ICMP,N/A,v6,fe80::7827:e3ff:fe68:239,ff02::179,N/A,N/A,N/A,N/A,N/A,N/A,,,1
1759293495,eth1,110,Ethernet,IPv6,ICMP,N/A,v6,fe80::7827:e3ff:fe68:239,ff02::179,N/A,N/A,N/A,N/A,N/A,N/A,,,1
1759293495,any,56,N/A,IPv4,N/A,N/A,v4,172.30.0.220,224.0.0.22,N/A,N/A,N/A,N/A,N/A,N/A,,,1
1759293495,eth0,54,Ethernet,IPv4,N/A,N/A,v4,172.30.0.220,224.0.0.22,N/A,N/A,N/A,N/A,N/A,N/A,,,1
1759293495,any,112,N/A,IPv6,ICMP,N/A,v6,fe80::f056:abff:fe65:143,ff02::179,N/A,N/A,N/A,N/A,N/A,N/A,,,1
1759293495,eth1,110,Ethernet,IPv6,ICMP,N/A,v6,fe80::f056:abff:fe65:143,ff02::179,N/A,N/A,N/A,N/A,N/A,N/A,,,1
1759293495,eth0,70,Ethernet,IPv6,ICMP,N/A,v6,fe80::e48e:99ff:fe5f:147,ff02::204,N/A,N/A,N/A,N/A,N/A,N/A,,,1
1759293495,eth2,70,Ethernet,IPv6,ICMP,N/A,v6,fe80::dcac:f9ff:fe59:60,ff02::204,N/A,N/A,N/A,N/A,N/A,N/A,,,1
1759293495,eth1,70,Ethernet,IPv6,ICMP,N/A,v6,fe80::f056:abff:fe65:143,ff02::204,N/A,N/A,N/A,N/A,N/A,N/A,,,1
1759293495,any,72,N/A,IPv6,ICMP,N/A,v6,fe80::dcac:f9ff:fe59:60,ff02::204,N/A,N/A,N/A,N/A,N/A,N/A,,,1
1759293495,any,72,N/A,IPv6,ICMP,N/A,v6,fe80::103b:bdff:fef0:169,ff02::204,N/A,N/A,N/A,N/A,N/A,N/A,,,1
1759293495,eth1,70,Ethernet,IPv6,ICMP,N/A,v6,fe80::103b:bdff:fef0:169,ff02::204,N/A,N/A,N/A,N/A,N/A,N/A,,,1
1759293495,any,72,N/A,IPv6,ICMP,N/A,v6,fe80::ecf9:eff:fefb:55,ff02::204,N/A,N/A,N/A,N/A,N/A,N/A,,,1
1759293495,eth0,70,Ethernet,IPv6,ICMP,N/A,v6,fe80::ecf9:eff:fefb:55,ff02::204,N/A,N/A,N/A,N/A,N/A,N/A,,,1
1759293495,eth0,110,Ethernet,IPv6,ICMP,N/A,v6,fe80::e48e:99ff:fe5f:147,ff02::179,N/A,N/A,N/A,N/A,N/A,N/A,,,1
1759293495,any,112,N/A,IPv6,ICMP,N/A,v6,fe80::e48e:99ff:fe5f:147,ff02::179,N/A,N/A,N/A,N/A,N/A,N/A,,,1
1759293495,eth1,70,Ethernet,IPv6,ICMP,N/A,v6,fe80::496:82ff:fe68:161,ff02::204,N/A,N/A,N/A,N/A,N/A,N/A,,,1
1759293495,any,72,N/A,IPv6,ICMP,N/A,v6,fe80::496:82ff:fe68:161,ff02::204,N/A,N/A,N/A,N/A,N/A,N/A,,,1
1759293495,eth0,90,Ethernet,IPv6,ICMP,N/A,v6,fe80::ecf9:eff:fefb:55,ff02::179,N/A,N/A,N/A,N/A,N/A,N/A,,,1
1759293495,eth0,56,Ethernet,IPv4,N/A,N/A,v4,172.30.0.89,224.0.0.22,N/A,N/A,N/A,N/A,N/A,N/A,,,1
1759293495,any,92,N/A,IPv6,ICMP,N/A,v6,fe80::ecf9:eff:fefb:55,ff02::179,N/A,N/A,N/A,N/A,N/A,N/A,,,1
1759293495,eth0,67,Ethernet,IPv4,UDP,N/A,v4,172.30.0.89,224.0.0.252,5355,5355,N/A,N/A,N/A,N/A,,,1
1759293495,any,69,N/A,IPv4,UDP,N/A,v4,172.30.0.89,224.0.0.252,5355,5355,N/A,N/A,N/A,N/A,,,1
1759293495,any,113,N/A,N/A,N/A,N/A,N/A,N/A,N/A,N/A,N/A,N/A,N/A,N/A,N/A,,,1
1759293495,eth0,111,Ethernet,N/A,N/A,N/A,N/A,N/A,N/A,N/A,N/A,N/A,N/A,N/A,N/A,,,1
1759293495,eth0,356,Ethernet,IPv4,UDP,N/A,v4,0.0.0.0,255.255.255.255,68,67,N/A,N/A,N/A,N/A,,,1
1759293495,eth0,368,Ethernet,IPv4,UDP,N/A,v4,0.0.0.0,255.255.255.255,68,67,N/A,N/A,N/A,N/A,,,1
1759293495,any,109,N/A,N/A,N/A,N/A,N/A,N/A,N/A,N/A,N/A,N/A,N/A,N/A,N/A,,,0
1759293495,any,72,N/A,IPv6,ICMP,N/A,v6,fe80::a824:52ff:fe4f:69,ff02::204,N/A,N/A,N/A,N/A,N/A,N/A,,,0
1759293495,eth1,70,Ethernet,IPv6,ICMP,N/A,v6,fe80::a824:52ff:fe4f:69,ff02::204,N/A,N/A,N/A,N/A,N/A,N/A,,,0
1759293495,eth0,56,Ethernet,IPv4,N/A,N/A,v4,172.30.0.89,224.0.0.22,N/A,N/A,N/A,N/A,N/A,N/A,,,1
1759293495,any,370,N/A,IPv4,UDP,N/A,v4,0.0.0.0,255.255.255.255,68,67,N/A,N/A,N/A,N/A,,,1
1759293495,any,112,N/A,IPv6,ICMP,N/A,v6,fe80::103b:bdff:fef0:169,ff02::179,N/A,N/A,N/A,N/A,N/A,N/A,,,1
1759293495,any,58,N/A,IPv4,N/A,N/A,v4,172.30.0.89,224.0.0.22,N/A,N/A,N/A,N/A,N/A,N/A,,,1
1759293495,eth1,110,Ethernet,IPv6,ICMP,N/A,v6,fe80::103b:bdff:fef0:169,ff02::179,N/A,N/A,N/A,N/A,N/A,N/A,,,1
1759293495,eth0,110,Ethernet,IPv6,ICMP,N/A,v6,fe80::ecf9:eff:fefb:55,ff02::179,N/A,N/A,N/A,N/A,N/A,N/A,,,1
1759293495,any,112,N/A,IPv6,ICMP,N/A,v6,fe80::ecf9:eff:fefb:55,ff02::179,N/A,N/A,N/A,N/A,N/A,N/A,,,1
1759293495,eth0,56,Ethernet,N/A,N/A,N/A,N/A,N/A,N/A,N/A,N/A,N/A,N/A,N/A,N/A,,,1
1759293495,any,58,ARP,N/A,N/A,N/A,N/A,N/A,N/A,N/A,N/A,1,2048,172.30.0.89,172.30.0.122,,,1
1759293496,eth0,90,Ethernet,IPv6,ICMP,N/A,v6,fe80::5ca9:83ff:fe87:27,ff02::179,N/A,N/A,N/A,N/A,N/A,N/A,,,0
1759293496,eth0,54,Ethernet,IPv4,N/A,N/A,v4,172.30.0.220,224.0.0.22,N/A,N/A,N/A,N/A,N/A,N/A,,,0
1759293496,any,92,N/A,IPv6,ICMP,N/A,v6,fe80::5ca9:83ff:fe87:27,ff02::179,N/A,N/A,N/A,N/A,N/A,N/A,,,0
1759293496,eth0,67,Ethernet,IPv4,UDP,N/A,v4,172.30.0.220,224.0.0.252,5355,5355,N/A,N/A,N/A,N/A,,,0
1759293496,eth0,87,Ethernet,IPv6,UDP,N/A,v6,fe80::5ca9:83ff:fe87:27,ff02::1:52,5355,5355,N/A,N/A,N/A,N/A,,,0
1759293496,any,69,N/A,IPv4,UDP,N/A,v4,172.30.0.220,224.0.0.252,5355,5355,N/A,N/A,N/A,N/A,,,0
1759293496,eth0,356,Ethernet,IPv4,UDP,N/A,v4,0.0.0.0,255.255.255.255,68,67,N/A,N/A,N/A,N/A,,,0
1759293496,any,358,N/A,IPv4,UDP,N/A,v4,0.0.0.0,255.255.255.255,68,67,N/A,N/A,N/A,N/A,,,0
1759293496,eth0,368,Ethernet,IPv4,UDP,N/A,v4,0.0.0.0,255.255.255.255,68,67,N/A,N/A,N/A,N/A,,,0
1759293496,any,370,N/A,IPv4,UDP,N/A,v4,0.0.0.0,255.255.255.255,68,67,N/A,N/A,N/A,N/A,,,0
1759293496,eth1,110,Ethernet,IPv6,ICMP,N/A,v6,fe80::a824:52ff:fe4f:69,ff02::179,N/A,N/A,N/A,N/A,N/A,N/A,,,0
1759293496,any,112,N/A,IPv6,ICMP,N/A,v6,fe80::a824:52ff:fe4f:69,ff02::179,N/A,N/A,N/A,N/A,N/A,N/A,,,0
1759293496,eth0,110,Ethernet,IPv6,ICMP,N/A,v6,fe80::5ca9:83ff:fe87:27,ff02::179,N/A,N/A,N/A,N/A,N/A,N/A,,,0
1759293496,eth0,54,Ethernet,IPv4,N/A,N/A,v4,172.30.0.220,224.0.0.22,N/A,N/A,N/A,N/A,N/A,N/A,,,0
1759293496,any,112,N/A,IPv6,ICMP,N/A,v6,fe80::5ca9:83ff:fe87:27,ff02::179,N/A,N/A,N/A,N/A,N/A,N/A,,,0
1759293496,eth0,42,Ethernet,N/A,N/A,N/A,N/A,N/A,N/A,N/A,N/A,N/A,N/A,N/A,N/A,,,0
1759293496,any,44,ARP,N/A,N/A,N/A,N/A,N/A,N/A,N/A,N/A,1,2048,172.30.0.220,172.30.0.122,,,0
1759293496,any,58,ARP,N/A,N/A,N/A,N/A,N/A,N/A,N/A,N/A,2,2048,172.30.0.122,172.30.0.220,,,0
1759293496,eth0,56,Ethernet,N/A,N/A,N/A,N/A,N/A,N/A,N/A,N/A,N/A,N/A,N/A,N/A,,,0
1759293496,eth0,56,Ethernet,N/A,N/A,N/A,N/A,N/A,N/A,N/A,N/A,N/A,N/A,N/A,N/A,,,0
1759293496,any,112,N/A,IPv6,ICMP,N/A,v6,fe80::5ca9:83ff:fe87:27,ff02::179,N/A,N/A,N/A,N/A,N/A,N/A,,,0
1759293496,eth0,110,Ethernet,IPv6,ICMP,N/A,v6,fe80::5ca9:83ff:fe87:27,ff02::179,N/A,N/A,N/A,N/A,N/A,N/A,,,0
1759293496,eth0,56,Ethernet,IPv4,N/A,N/A,v4,172.30.0.89,224.0.0.22,N/A,N/A,N/A,N/A,N/A,N/A,,,1
1759293496,any,58,N/A,IPv4,N/A,N/A,v4,172.30.0.89,224.0.0.22,N/A,N/A,N/A,N/A,N/A,N/A,,,1
1759293496,eth0,110,Ethernet,IPv6,ICMP,N/A,v6,fe80::ecf9:eff:fefb:55,ff02::179,N/A,N/A,N/A,N/A,N/A,N/A,,,1
1759293496,any,112,N/A,IPv6,ICMP,N/A,v6,fe80::ecf9:eff:fefb:55,ff02::179,N/A,N/A,N/A,N/A,N/A,N/A,,,1
1759293496,eth0,70,Ethernet,IPv6,ICMP,N/A,v6,fe80::ecf9:eff:fefb:55,ff02::204,N/A,N/A,N/A,N/A,N/A,N/A,,,1
1759293496,eth1,70,Ethernet,IPv6,ICMP,N/A,v6,fe80::103b:bdff:fef0:169,ff02::204,N/A,N/A,N/A,N/A,N/A,N/A,,,1
1759293496,any,72,N/A,IPv6,ICMP,N/A,v6,fe80::ecf9:eff:fefb:55,ff02::204,N/A,N/A,N/A,N/A,N/A,N/A,,,1
1759293496,any,112,N/A,IPv6,ICMP,N/A,v6,fe80::103b:bdff:fef0:169,ff02::179,N/A,N/A,N/A,N/A,N/A,N/A,,,1
1759293496,eth1,110,Ethernet,IPv6,ICMP,N/A,v6,fe80::103b:bdff:fef0:169,ff02::179,N/A,N/A,N/A,N/A,N/A,N/A,,,1
1759293497,eth0,111,Ethernet,N/A,N/A,N/A,N/A,N/A,N/A,N/A,N/A,N/A,N/A,N/A,N/A,,,1
1759293497,any,113,N/A,N/A,N/A,N/A,N/A,N/A,N/A,N/A,N/A,N/A,N/A,N/A,N/A,,,1
1759293497,any,112,N/A,IPv6,ICMP,N/A,v6,fe80::a824:52ff:fe4f:69,ff02::179,N/A,N/A,N/A,N/A,N/A,N/A,,,0
1759293497,eth1,110,Ethernet,IPv6,ICMP,N/A,v6,fe80::a824:52ff:fe4f:69,ff02::179,N/A,N/A,N/A,N/A,N/A,N/A,,,0
1759293497,eth0,54,Ethernet,IPv4,N/A,N/A,v4,172.30.0.220,224.0.0.22,N/A,N/A,N/A,N/A,N/A,N/A,,,0
1759293497,any,56,N/A,IPv4,N/A,N/A,v4,172.30.0.220,224.0.0.22,N/A,N/A,N/A,N/A,N/A,N/A,,,0
1759293497,eth0,107,Ethernet,N/A,N/A,N/A,N/A,N/A,N/A,N/A,N/A,N/A,N/A,N/A,N/A,,,0
1759293497,eth0,70,Ethernet,IPv6,ICMP,N/A,v6,fe80::5ca9:83ff:fe87:27,ff02::204,N/A,N/A,N/A,N/A,N/A,N/A,,,0
1759293497,any,72,N/A,IPv6,ICMP,N/A,v6,fe80::a824:52ff:fe4f:69,ff02::204,N/A,N/A,N/A,N/A,N/A,N/A,,,0
1759293497,eth1,70,Ethernet,IPv6,ICMP,N/A,v6,fe80::a824:52ff:fe4f:69,ff02::204,N/A,N/A,N/A,N/A,N/A,N/A,,,0
1759293498,eth0,111,Ethernet,N/A,N/A,N/A,N/A,N/A,N/A,N/A,N/A,N/A,N/A,N/A,N/A,,,1
1759293498,any,113,N/A,N/A,N/A,N/A,N/A,N/A,N/A,N/A,N/A,N/A,N/A,N/A,N/A,,,1
1759293498,any,72,N/A,IPv6,ICMP,N/A,v6,fe80::b0b5:44ff:feea:219,ff02::204,N/A,N/A,N/A,N/A,N/A,N/A,,,1
1759293498,eth0,70,Ethernet,IPv6,ICMP,N/A,v6,fe80::b0b5:44ff:feea:219,ff02::204,N/A,N/A,N/A,N/A,N/A,N/A,,,1
1759293498,any,72,N/A,IPv6,ICMP,N/A,v6,fe80::780a:a9ff:fee6:89,ff02::204,N/A,N/A,N/A,N/A,N/A,N/A,,,1
1759293498,eth1,70,Ethernet,IPv6,ICMP,N/A,v6,fe80::780a:a9ff:fee6:89,ff02::204,N/A,N/A,N/A,N/A,N/A,N/A,,,1
1759293498,any,72,N/A,IPv6,ICMP,N/A,v6,fe80::7827:e3ff:fe68:239,ff02::204,N/A,N/A,N/A,N/A,N/A,N/A,,,1
1759293498,eth1,70,Ethernet,IPv6,ICMP,N/A,v6,fe80::7827:e3ff:fe68:239,ff02::204,N/A,N/A,N/A,N/A,N/A,N/A,,,1
1759293498,any,92,N/A,IPv6,ICMP,N/A,v6,fe80::b0b5:44ff:feea:219,ff02::179,N/A,N/A,N/A,N/A,N/A,N/A,,,1
1759293498,eth0,90,Ethernet,IPv6,ICMP,N/A,v6,fe80::b0b5:44ff:feea:219,ff02::179,N/A,N/A,N/A,N/A,N/A,N/A,,,1
1759293498,eth0,54,Ethernet,IPv4,N/A,N/A,v4,172.30.0.163,224.0.0.22,N/A,N/A,N/A,N/A,N/A,N/A,,,1
1759293498,eth0,88,Ethernet,IPv6,UDP,N/A,v6,fe80::b0b5:44ff:feea:219,ff02::1:52,5355,5355,N/A,N/A,N/A,N/A,,,1
1759293498,any,90,N/A,IPv6,UDP,N/A,v6,fe80::b0b5:44ff:feea:219,ff02::1:52,5355,5355,N/A,N/A,N/A,N/A,,,1
1759293498,any,72,N/A,IPv6,ICMP,N/A,v6,fe80::24f1:23ff:fe29:66,ff02::204,N/A,N/A,N/A,N/A,N/A,N/A,,,1
1759293498,eth0,70,Ethernet,IPv6,ICMP,N/A,v6,fe80::24f1:23ff:fe29:66,ff02::204,N/A,N/A,N/A,N/A,N/A,N/A,,,1
1759293498,eth0,357,Ethernet,IPv4,UDP,N/A,v4,0.0.0.0,255.255.255.255,68,67,N/A,N/A,N/A,N/A,,,1
1759293498,any,359,N/A,IPv4,UDP,N/A,v4,0.0.0.0,255.255.255.255,68,67,N/A,N/A,N/A,N/A,,,1
1759293498,eth0,369,Ethernet,IPv4,UDP,N/A,v4,0.0.0.0,255.255.255.255,68,67,N/A,N/A,N/A,N/A,,,1
1759293498,any,371,N/A,IPv4,UDP,N/A,v4,0.0.0.0,255.255.255.255,68,67,N/A,N/A,N/A,N/A,,,1
1759293498,any,112,N/A,IPv6,ICMP,N/A,v6,fe80::780a:a9ff:fee6:89,ff02::179,N/A,N/A,N/A,N/A,N/A,N/A,,,1
1759293498,eth1,110,Ethernet,IPv6,ICMP,N/A,v6,fe80::780a:a9ff:fee6:89,ff02::179,N/A,N/A,N/A,N/A,N/A,N/A,,,1
1759293498,any,44,ARP,N/A,N/A,N/A,N/A,N/A,N/A,N/A,N/A,1,2048,172.30.0.163,172.30.0.122,,,1
1759293498,eth0,42,Ethernet,N/A,N/A,N/A,N/A,N/A,N/A,N/A,N/A,N/A,N/A,N/A,N/A,,,1
1759293498,eth0,54,Ethernet,IPv4,N/A,N/A,v4,172.30.0.163,224.0.0.22,N/A,N/A,N/A,N/A,N/A,N/A,,,1
1759293498,any,56,N/A,IPv4,N/A,N/A,v4,172.30.0.163,224.0.0.22,N/A,N/A,N/A,N/A,N/A,N/A,,,1
1759293498,any,112,N/A,IPv6,ICMP,N/A,v6,fe80::b0b5:44ff:feea:219,ff02::179,N/A,N/A,N/A,N/A,N/A,N/A,,,1
1759293498,eth0,110,Ethernet,IPv6,ICMP,N/A,v6,fe80::b0b5:44ff:feea:219,ff02::179,N/A,N/A,N/A,N/A,N/A,N/A,,,1
1759293498,eth1,110,Ethernet,IPv6,ICMP,N/A,v6,fe80::780a:a9ff:fee6:89,ff02::179,N/A,N/A,N/A,N/A,N/A,N/A,,,1
1759293498,any,112,N/A,IPv6,ICMP,N/A,v6,fe80::780a:a9ff:fee6:89,ff02::179,N/A,N/A,N/A,N/A,N/A,N/A,,,1
1759293498,eth0,90,Ethernet,IPv6,ICMP,N/A,v6,fe80::e48e:99ff:fe5f:147,ff02::179,N/A,N/A,N/A,N/A,N/A,N/A,,,1
1759293498,eth0,54,Ethernet,IPv4,N/A,N/A,v4,172.30.0.220,224.0.0.22,N/A,N/A,N/A,N/A,N/A,N/A,,,1
1759293498,any,92,N/A,IPv6,ICMP,N/A,v6,fe80::e48e:99ff:fe5f:147,ff02::179,N/A,N/A,N/A,N/A,N/A,N/A,,,1
1759293498,eth0,110,Ethernet,IPv6,ICMP,N/A,v6,fe80::b0b5:44ff:feea:219,ff02::179,N/A,N/A,N/A,N/A,N/A,N/A,,,1
1759293498,any,112,N/A,IPv6,ICMP,N/A,v6,fe80::b0b5:44ff:feea:219,ff02::179,N/A,N/A,N/A,N/A,N/A,N/A,,,1
1759293498,eth0,360,Ethernet,IPv4,UDP,N/A,v4,0.0.0.0,255.255.255.255,68,67,N/A,N/A,N/A,N/A,,,1
1759293498,any,362,N/A,IPv4,UDP,N/A,v4,0.0.0.0,255.255.255.255,68,67,N/A,N/A,N/A,N/A,,,1
1759293498,eth0,372,Ethernet,IPv4,UDP,N/A,v4,0.0.0.0,255.255.255.255,68,67,N/A,N/A,N/A,N/A,,,1
1759293498,any,374,N/A,IPv4,UDP,N/A,v4,0.0.0.0,255.255.255.255,68,67,N/A,N/A,N/A,N/A,,,1
1759293498,eth0,107,Ethernet,N/A,N/A,N/A,N/A,N/A,N/A,N/A,N/A,N/A,N/A,N/A,N/A,,,0
1759293498,any,109,N/A,N/A,N/A,N/A,N/A,N/A,N/A,N/A,N/A,N/A,N/A,N/A,N/A,,,0
1759293499,eth2,110,Ethernet,IPv6,ICMP,N/A,v6,fe80::dcac:f9ff:fe59:60,ff02::179,N/A,N/A,N/A,N/A,N/A,N/A,,,1
1759293499,any,112,N/A,IPv6,ICMP,N/A,v6,fe80::f056:abff:fe65:143,ff02::179,N/A,N/A,N/A,N/A,N/A,N/A,,,1
1759293499,eth1,110,Ethernet,IPv6,ICMP,N/A,v6,fe80::f056:abff:fe65:143,ff02::179,N/A,N/A,N/A,N/A,N/A,N/A,,,1
1759293499,eth0,42,Ethernet,N/A,N/A,N/A,N/A,N/A,N/A,N/A,N/A,N/A,N/A,N/A,N/A,,,1
1759293499,any,44,ARP,N/A,N/A,N/A,N/A,N/A,N/A,N/A,N/A,1,2048,172.30.0.220,172.30.0.122,,,1
1759293499,any,58,ARP,N/A,N/A,N/A,N/A,N/A,N/A,N/A,N/A,2,2048,172.30.0.122,172.30.0.220,,,1
1759293499,any,58,ARP,N/A,N/A,N/A,N/A,N/A,N/A,N/A,N/A,2,2048,172.30.0.122,172.30.0.220,,,1
1759293499,eth0,56,Ethernet,N/A,N/A,N/A,N/A,N/A,N/A,N/A,N/A,N/A,N/A,N/A,N/A,,,1
1759293499,eth0,56,Ethernet,N/A,N/A,N/A,N/A,N/A,N/A,N/A,N/A,N/A,N/A,N/A,N/A,,,1
1759293499,any,112,N/A,IPv6,ICMP,N/A,v6,fe80::e48e:99ff:fe5f:147,ff02::179,N/A,N/A,N/A,N/A,N/A,N/A,,,1
1759293499,eth0,110,Ethernet,IPv6,ICMP,N/A,v6,fe80::e48e:99ff:fe5f:147,ff02::179,N/A,N/A,N/A,N/A,N/A,N/A,,,1
1759293499,eth0,54,Ethernet,IPv4,N/A,N/A,v4,172.30.0.220,224.0.0.22,N/A,N/A,N/A,N/A,N/A,N/A,,,1
1759293499,any,112,N/A,IPv6,ICMP,N/A,v6,fe80::dcac:f9ff:fe59:60,ff02::179,N/A,N/A,N/A,N/A,N/A,N/A,,,1
1759293499,eth2,110,Ethernet,IPv6,ICMP,N/A,v6,fe80::dcac:f9ff:fe59:60,ff02::179,N/A,N/A,N/A,N/A,N/A,N/A,,,1
1759293499,any,112,N/A,IPv6,ICMP,N/A,v6,fe80::f056:abff:fe65:143,ff02::179,N/A,N/A,N/A,N/A,N/A,N/A,,,1
1759293499,eth1,110,Ethernet,IPv6,ICMP,N/A,v6,fe80::f056:abff:fe65:143,ff02::179,N/A,N/A,N/A,N/A,N/A,N/A,,,1
1759293499,eth1,70,Ethernet,IPv6,ICMP,N/A,v6,fe80::780a:a9ff:fee6:89,ff02::204,N/A,N/A,N/A,N/A,N/A,N/A,,,1
1759293499,eth0,70,Ethernet,IPv6,ICMP,N/A,v6,fe80::b0b5:44ff:feea:219,ff02::204,N/A,N/A,N/A,N/A,N/A,N/A,,,1
1759293499,any,72,N/A,IPv6,ICMP,N/A,v6,fe80::b0b5:44ff:feea:219,ff02::204,N/A,N/A,N/A,N/A,N/A,N/A,,,1
1759293499,any,56,N/A,IPv4,N/A,N/A,v4,172.30.0.220,224.0.0.22,N/A,N/A,N/A,N/A,N/A,N/A,,,1
1759293499,eth0,54,Ethernet,IPv4,N/A,N/A,v4,172.30.0.220,224.0.0.22,N/A,N/A,N/A,N/A,N/A,N/A,,,1
1759293499,any,92,N/A,IPv6,ICMP,N/A,v6,fe80::24f1:23ff:fe29:66,ff02::179,N/A,N/A,N/A,N/A,N/A,N/A,,,1
1759293499,eth0,90,Ethernet,IPv6,ICMP,N/A,v6,fe80::24f1:23ff:fe29:66,ff02::179,N/A,N/A,N/A,N/A,N/A,N/A,,,1
1759293499,eth0,54,Ethernet,IPv4,N/A,N/A,v4,172.30.0.23,224.0.0.22,N/A,N/A,N/A,N/A,N/A,N/A,,,1
1759293499,eth0,67,Ethernet,IPv4,UDP,N/A,v4,172.30.0.23,224.0.0.252,5355,5355,N/A,N/A,N/A,N/A,,,1
1759293499,any,69,N/A,IPv4,UDP,N/A,v4,172.30.0.23,224.0.0.252,5355,5355,N/A,N/A,N/A,N/A,,,1
1759293499,eth0,356,Ethernet,IPv4,UDP,N/A,v4,0.0.0.0,255.255.255.255,68,67,N/A,N/A,N/A,N/A,,,1
1759293499,any,358,N/A,IPv4,UDP,N/A,v4,0.0.0.0,255.255.255.255,68,67,N/A,N/A,N/A,N/A,,,1
1759293499,any,370,N/A,IPv4,UDP,N/A,v4,0.0.0.0,255.255.255.255,68,67,N/A,N/A,N/A,N/A,,,1
1759293499,eth0,368,Ethernet,IPv4,UDP,N/A,v4,0.0.0.0,255.255.255.255,68,67,N/A,N/A,N/A,N/A,,,1
1759293499,any,112,N/A,IPv6,ICMP,N/A,v6,fe80::7827:e3ff:fe68:239,ff02::179,N/A,N/A,N/A,N/A,N/A,N/A,,,1
1759293499,eth1,110,Ethernet,IPv6,ICMP,N/A,v6,fe80::7827:e3ff:fe68:239,ff02::179,N/A,N/A,N/A,N/A,N/A,N/A,,,1
1759293499,eth0,110,Ethernet,IPv6,ICMP,N/A,v6,fe80::24f1:23ff:fe29:66,ff02::179,N/A,N/A,N/A,N/A,N/A,N/A,,,1
1759293499,eth0,54,Ethernet,IPv4,N/A,N/A,v4,172.30.0.23,224.0.0.22,N/A,N/A,N/A,N/A,N/A,N/A,,,1
1759293499,any,112,N/A,IPv6,ICMP,N/A,v6,fe80::24f1:23ff:fe29:66,ff02::179,N/A,N/A,N/A,N/A,N/A,N/A,,,1
1759293499,any,44,ARP,N/A,N/A,N/A,N/A,N/A,N/A,N/A,N/A,1,2048,172.30.0.23,172.30.0.122,,,1
1759293499,eth0,42,Ethernet,N/A,N/A,N/A,N/A,N/A,N/A,N/A,N/A,N/A,N/A,N/A,N/A,,,1
1759293499,eth1,70,Ethernet,IPv6,ICMP,N/A,v6,fe80::f056:abff:fe65:143,ff02::204,N/A,N/A,N/A,N/A,N/A,N/A,,,1
1759293499,any,72,N/A,IPv6,ICMP,N/A,v6,fe80::dcac:f9ff:fe59:60,ff02::204,N/A,N/A,N/A,N/A,N/A,N/A,,,1
1759293499,any,72,N/A,IPv6,ICMP,N/A,v6,fe80::e48e:99ff:fe5f:147,ff02::204,N/A,N/A,N/A,N/A,N/A,N/A,,,1
1759293499,any,72,N/A,IPv6,ICMP,N/A,v6,fe80::f056:abff:fe65:143,ff02::204,N/A,N/A,N/A,N/A,N/A,N/A,,,1
1759293499,eth2,70,Ethernet,IPv6,ICMP,N/A,v6,fe80::dcac:f9ff:fe59:60,ff02::204,N/A,N/A,N/A,N/A,N/A,N/A,,,1
1759293499,eth0,70,Ethernet,IPv6,ICMP,N/A,v6,fe80::e48e:99ff:fe5f:147,ff02::204,N/A,N/A,N/A,N/A,N/A,N/A,,,1
1759293499,any,56,N/A,IPv4,N/A,N/A,v4,172.30.0.23,224.0.0.22,N/A,N/A,N/A,N/A,N/A,N/A,,,1
1759293499,eth0,54,Ethernet,IPv4,N/A,N/A,v4,172.30.0.23,224.0.0.22,N/A,N/A,N/A,N/A,N/A,N/A,,,1
1759293499,any,112,N/A,IPv6,ICMP,N/A,v6,fe80::7827:e3ff:fe68:239,ff02::179,N/A,N/A,N/A,N/A,N/A,N/A,,,1
1759293499,eth1,110,Ethernet,IPv6,ICMP,N/A,v6,fe80::7827:e3ff:fe68:239,ff02::179,N/A,N/A,N/A,N/A,N/A,N/A,,,1
1759293499,any,56,N/A,IPv4,N/A,N/A,v4,172.30.0.163,224.0.0.22,N/A,N/A,N/A,N/A,N/A,N/A,,,1
1759293499,eth0,54,Ethernet,IPv4,N/A,N/A,v4,172.30.0.163,224.0.0.22,N/A,N/A,N/A,N/A,N/A,N/A,,,1
1759293499,eth0,110,Ethernet,IPv6,ICMP,N/A,v6,fe80::e48e:99ff:fe5f:147,ff02::179,N/A,N/A,N/A,N/A,N/A,N/A,,,1
1759293499,any,112,N/A,IPv6,ICMP,N/A,v6,fe80::e48e:99ff:fe5f:147,ff02::179,N/A,N/A,N/A,N/A,N/A,N/A,,,1
1759293499,eth0,111,Ethernet,N/A,N/A,N/A,N/A,N/A,N/A,N/A,N/A,N/A,N/A,N/A,N/A,,,1
1759293499,any,113,N/A,N/A,N/A,N/A,N/A,N/A,N/A,N/A,N/A,N/A,N/A,N/A,N/A,,,1
1759293499,eth0,90,Ethernet,IPv6,ICMP,N/A,v6,fe80::ecf9:eff:fefb:55,ff02::179,N/A,N/A,N/A,N/A,N/A,N/A,,,1
1759293499,eth0,56,Ethernet,IPv4,N/A,N/A,v4,172.30.0.89,224.0.0.22,N/A,N/A,N/A,N/A,N/A,N/A,,,1
1759293499,any,92,N/A,IPv6,ICMP,N/A,v6,fe80::ecf9:eff:fefb:55,ff02::179,N/A,N/A,N/A,N/A,N/A,N/A,,,1
1759293499,any,58,N/A,IPv4,N/A,N/A,v4,172.30.0.89,224.0.0.22,N/A,N/A,N/A,N/A,N/A,N/A,,,1
1759293500,eth0,107,Ethernet,N/A,N/A,N/A,N/A,N/A,N/A,N/A,N/A,N/A,N/A,N/A,N/A,,,0
1759293500,any,109,N/A,N/A,N/A,N/A,N/A,N/A,N/A,N/A,N/A,N/A,N/A,N/A,N/A,,,0
1759293500,eth0,90,Ethernet,IPv6,ICMP,N/A,v6,fe80::5ca9:83ff:fe87:27,ff02::179,N/A,N/A,N/A,N/A,N/A,N/A,,,0
1759293500,eth0,54,Ethernet,IPv4,N/A,N/A,v4,172.30.0.220,224.0.0.22,N/A,N/A,N/A,N/A,N/A,N/A,,,0
1759293500,any,92,N/A,IPv6,ICMP,N/A,v6,fe80::5ca9:83ff:fe87:27,ff02::179,N/A,N/A,N/A,N/A,N/A,N/A,,,0
1759293500,eth0,90,Ethernet,IPv6,ICMP,N/A,v6,fe80::5ca9:83ff:fe87:27,ff02::179,N/A,N/A,N/A,N/A,N/A,N/A,,,0
1759293500,any,92,N/A,IPv6,ICMP,N/A,v6,fe80::5ca9:83ff:fe87:27,ff02::179,N/A,N/A,N/A,N/A,N/A,N/A,,,0
1759293500,eth0,67,Ethernet,IPv4,UDP,N/A,v4,172.30.0.220,224.0.0.252,5355,5355,N/A,N/A,N/A,N/A,,,0
1759293500,eth0,356,Ethernet,IPv4,UDP,N/A,v4,0.0.0.0,255.255.255.255,68,67,N/A,N/A,N/A,N/A,,,0
1759293500,any,358,N/A,IPv4,UDP,N/A,v4,0.0.0.0,255.255.255.255,68,67,N/A,N/A,N/A,N/A,,,0
1759293500,eth0,368,Ethernet,IPv4,UDP,N/A,v4,0.0.0.0,255.255.255.255,68,67,N/A,N/A,N/A,N/A,,,0
1759293500,any,370,N/A,IPv4,UDP,N/A,v4,0.0.0.0,255.255.255.255,68,67,N/A,N/A,N/A,N/A,,,0
1759293500,eth1,110,Ethernet,IPv6,ICMP,N/A,v6,fe80::a824:52ff:fe4f:69,ff02::179,N/A,N/A,N/A,N/A,N/A,N/A,,,0
1759293500,any,112,N/A,IPv6,ICMP,N/A,v6,fe80::a824:52ff:fe4f:69,ff02::179,N/A,N/A,N/A,N/A,N/A,N/A,,,0
1759293500,eth0,110,Ethernet,IPv6,ICMP,N/A,v6,fe80::5ca9:83ff:fe87:27,ff02::179,N/A,N/A,N/A,N/A,N/A,N/A,,,0
1759293500,eth0,87,Ethernet,IPv6,UDP,N/A,v6,fe80::ecf9:eff:fefb:55,ff02::1:52,5355,5355,N/A,N/A,N/A,N/A,,,1
1759293500,any,89,N/A,IPv6,UDP,N/A,v6,fe80::ecf9:eff:fefb:55,ff02::1:52,5355,5355,N/A,N/A,N/A,N/A,,,1
1759293500,any,358,N/A,IPv4,UDP,N/A,v4,0.0.0.0,255.255.255.255,68,67,N/A,N/A,N/A,N/A,,,1
1759293500,eth0,356,Ethernet,IPv4,UDP,N/A,v4,0.0.0.0,255.255.255.255,68,67,N/A,N/A,N/A,N/A,,,1
1759293500,eth0,368,Ethernet,IPv4,UDP,N/A,v4,0.0.0.0,255.255.255.255,68,67,N/A,N/A,N/A,N/A,,,1
1759293500,any,370,N/A,IPv4,UDP,N/A,v4,0.0.0.0,255.255.255.255,68,67,N/A,N/A,N/A,N/A,,,1
1759293500,any,112,N/A,IPv6,ICMP,N/A,v6,fe80::24f1:23ff:fe29:66,ff02::179,N/A,N/A,N/A,N/A,N/A,N/A,,,1
1759293500,eth0,110,Ethernet,IPv6,ICMP,N/A,v6,fe80::24f1:23ff:fe29:66,ff02::179,N/A,N/A,N/A,N/A,N/A,N/A,,,1
1759293500,any,112,N/A,IPv6,ICMP,N/A,v6,fe80::103b:bdff:fef0:169,ff02::179,N/A,N/A,N/A,N/A,N/A,N/A,,,1
1759293500,eth1,110,Ethernet,IPv6,ICMP,N/A,v6,fe80::103b:bdff:fef0:169,ff02::179,N/A,N/A,N/A,N/A,N/A,N/A,,,1
1759293500,any,58,ARP,N/A,N/A,N/A,N/A,N/A,N/A,N/A,N/A,1,2048,172.30.0.89,172.30.0.122,,,1
1759293500,any,112,N/A,IPv6,ICMP,N/A,v6,fe80::ecf9:eff:fefb:55,ff02::179,N/A,N/A,N/A,N/A,N/A,N/A,,,1
1759293500,any,58,N/A,IPv4,N/A,N/A,v4,172.30.0.89,224.0.0.22,N/A,N/A,N/A,N/A,N/A,N/A,,,1
1759293500,eth0,56,Ethernet,N/A,N/A,N/A,N/A,N/A,N/A,N/A,N/A,N/A,N/A,N/A,N/A,,,1
1759293500,eth0,110,Ethernet,IPv6,ICMP,N/A,v6,fe80::ecf9:eff:fefb:55,ff02::179,N/A,N/A,N/A,N/A,N/A,N/A,,,1
1759293500,eth0,56,Ethernet,IPv4,N/A,N/A,v4,172.30.0.89,224.0.0.22,N/A,N/A,N/A,N/A,N/A,N/A,,,1
1759293500,any,72,N/A,IPv6,ICMP,N/A,v6,fe80::24f1:23ff:fe29:66,ff02::204,N/A,N/A,N/A,N/A,N/A,N/A,,,1
1759293500,eth0,70,Ethernet,IPv6,ICMP,N/A,v6,fe80::24f1:23ff:fe29:66,ff02::204,N/A,N/A,N/A,N/A,N/A,N/A,,,1
1759293500,any,72,N/A,IPv6,ICMP,N/A,v6,fe80::7827:e3ff:fe68:239,ff02::204,N/A,N/A,N/A,N/A,N/A,N/A,,,1
1759293500,eth1,70,Ethernet,IPv6,ICMP,N/A,v6,fe80::7827:e3ff:fe68:239,ff02::204,N/A,N/A,N/A,N/A,N/A,N/A,,,1
1759293500,any,112,N/A,IPv6,ICMP,N/A,v6,fe80::ecf9:eff:fefb:55,ff02::179,N/A,N/A,N/A,N/A,N/A,N/A,,,1
1759293500,eth0,110,Ethernet,IPv6,ICMP,N/A,v6,fe80::ecf9:eff:fefb:55,ff02::179,N/A,N/A,N/A,N/A,N/A,N/A,,,1
1759293500,any,58,N/A,IPv4,N/A,N/A,v4,172.30.0.89,224.0.0.22,N/A,N/A,N/A,N/A,N/A,N/A,,,1
1759293500,eth0,56,Ethernet,IPv4,N/A,N/A,v4,172.30.0.89,224.0.0.22,N/A,N/A,N/A,N/A,N/A,N/A,,,1
1759293500,any,112,N/A,IPv6,ICMP,N/A,v6,fe80::103b:bdff:fef0:169,ff02::179,N/A,N/A,N/A,N/A,N/A,N/A,,,1
1759293500,eth1,110,Ethernet,IPv6,ICMP,N/A,v6,fe80::103b:bdff:fef0:169,ff02::179,N/A,N/A,N/A,N/A,N/A,N/A,,,1
1759293500,eth0,54,Ethernet,IPv4,N/A,N/A,v4,172.30.0.220,224.0.0.22,N/A,N/A,N/A,N/A,N/A,N/A,,,0
1759293500,eth0,42,Ethernet,N/A,N/A,N/A,N/A,N/A,N/A,N/A,N/A,N/A,N/A,N/A,N/A,,,0
1759293500,eth0,56,Ethernet,N/A,N/A,N/A,N/A,N/A,N/A,N/A,N/A,N/A,N/A,N/A,N/A,,,0
1759293500,eth0,56,Ethernet,N/A,N/A,N/A,N/A,N/A,N/A,N/A,N/A,N/A,N/A,N/A,N/A,,,0
1759293500,any,112,N/A,IPv6,ICMP,N/A,v6,fe80::5ca9:83ff:fe87:27,ff02::179,N/A,N/A,N/A,N/A,N/A,N/A,,,0
1759293500,any,44,ARP,N/A,N/A,N/A,N/A,N/A,N/A,N/A,N/A,1,2048,172.30.0.220,172.30.0.122,,,0
1759293500,any,58,ARP,N/A,N/A,N/A,N/A,N/A,N/A,N/A,N/A,2,2048,172.30.0.122,172.30.0.220,,,0
1759293500,any,58,ARP,N/A,N/A,N/A,N/A,N/A,N/A,N/A,N/A,2,2048,172.30.0.122,172.30.0.220,,,0
1759293500,any,112,N/A,IPv6,ICMP,N/A,v6,fe80::5ca9:83ff:fe87:27,ff02::179,N/A,N/A,N/A,N/A,N/A,N/A,,,0
1759293500,eth0,110,Ethernet,IPv6,ICMP,N/A,v6,fe80::5ca9:83ff:fe87:27,ff02::179,N/A,N/A,N/A,N/A,N/A,N/A,,,0
1759293500,any,56,N/A,IPv4,N/A,N/A,v4,172.30.0.220,224.0.0.22,N/A,N/A,N/A,N/A,N/A,N/A,,,0
1759293500,eth0,54,Ethernet,IPv4,N/A,N/A,v4,172.30.0.220,224.0.0.22,N/A,N/A,N/A,N/A,N/A,N/A,,,0
1759293501,eth0,111,Ethernet,N/A,N/A,N/A,N/A,N/A,N/A,N/A,N/A,N/A,N/A,N/A,N/A,,,1
1759293501,any,113,N/A,N/A,N/A,N/A,N/A,N/A,N/A,N/A,N/A,N/A,N/A,N/A,N/A,,,1
1759293501,eth1,70,Ethernet,IPv6,ICMP,N/A,v6,fe80::103b:bdff:fef0:169,ff02::204,N/A,N/A,N/A,N/A,N/A,N/A,,,1
1759293501,eth0,70,Ethernet,IPv6,ICMP,N/A,v6,fe80::ecf9:eff:fefb:55,ff02::204,N/A,N/A,N/A,N/A,N/A,N/A,,,1
1759293501,any,72,N/A,IPv6,ICMP,N/A,v6,fe80::ecf9:eff:fefb:55,ff02::204,N/A,N/A,N/A,N/A,N/A,N/A,,,1
1759293501,any,72,N/A,IPv6,ICMP,N/A,v6,fe80::103b:bdff:fef0:169,ff02::204,N/A,N/A,N/A,N/A,N/A,N/A,,,1
1759293501,any,112,N/A,IPv6,ICMP,N/A,v6,fe80::a824:52ff:fe4f:69,ff02::179,N/A,N/A,N/A,N/A,N/A,N/A,,,0
1759293501,eth1,110,Ethernet,IPv6,ICMP,N/A,v6,fe80::a824:52ff:fe4f:69,ff02::179,N/A,N/A,N/A,N/A,N/A,N/A,,,0
1759293501,eth0,107,Ethernet,N/A,N/A,N/A,N/A,N/A,N/A,N/A,N/A,N/A,N/A,N/A,N/A,,,0
1759293501,eth0,70,Ethernet,IPv6,ICMP,N/A,v6,fe80::5ca9:83ff:fe87:27,ff02::204,N/A,N/A,N/A,N/A,N/A,N/A,,,0
1759293501,any,72,N/A,IPv6,ICMP,N/A,v6,fe80::a824:52ff:fe4f:69,ff02::204,N/A,N/A,N/A,N/A,N/A,N/A,,,0
1759293501,eth1,70,Ethernet,IPv6,ICMP,N/A,v6,fe80::a824:52ff:fe4f:69,ff02::204,N/A,N/A,N/A,N/A,N/A,N/A,,,0
1759293502,eth0,111,Ethernet,N/A,N/A,N/A,N/A,N/A,N/A,N/A,N/A,N/A,N/A,N/A,N/A,,,1
1759293502,any,113,N/A,N/A,N/A,N/A,N/A,N/A,N/A,N/A,N/A,N/A,N/A,N/A,N/A,,,1
1759293502,any,56,N/A,IPv4,N/A,N/A,v4,172.30.0.163,224.0.0.22,N/A,N/A,N/A,N/A,N/A,N/A,,,1
1759293502,any,92,N/A,IPv6,ICMP,N/A,v6,fe80::b0b5:44ff:feea:219,ff02::179,N/A,N/A,N/A,N/A,N/A,N/A,,,1
1759293502,eth0,54,Ethernet,IPv4,N/A,N/A,v4,172.30.0.163,224.0.0.22,N/A,N/A,N/A,N/A,N/A,N/A,,,1
1759293502,eth0,90,Ethernet,IPv6,ICMP,N/A,v6,fe80::b0b5:44ff:feea:219,ff02::179,N/A,N/A,N/A,N/A,N/A,N/A,,,1
1759293502,eth0,88,Ethernet,IPv6,UDP,N/A,v6,fe80::b0b5:44ff:feea:219,ff02::1:52,5355,5355,N/A,N/A,N/A,N/A,,,1
1759293502,any,90,N/A,IPv6,UDP,N/A,v6,fe80::b0b5:44ff:feea:219,ff02::1:52,5355,5355,N/A,N/A,N/A,N/A,,,1
1759293502,eth0,357,Ethernet,IPv4,UDP,N/A,v4,0.0.0.0,255.255.255.255,68,67,N/A,N/A,N/A,N/A,,,1
1759293502,any,359,N/A,IPv4,UDP,N/A,v4,0.0.0.0,255.255.255.255,68,67,N/A,N/A,N/A,N/A,,,1
1759293502,eth0,369,Ethernet,IPv4,UDP,N/A,v4,0.0.0.0,255.255.255.255,68,67,N/A,N/A,N/A,N/A,,,1
1759293502,any,371,N/A,IPv4,UDP,N/A,v4,0.0.0.0,255.255.255.255,68,67,N/A,N/A,N/A,N/A,,,1
1759293502,eth1,110,Ethernet,IPv6,ICMP,N/A,v6,fe80::780a:a9ff:fee6:89,ff02::179,N/A,N/A,N/A,N/A,N/A,N/A,,,1
1759293502,any,112,N/A,IPv6,ICMP,N/A,v6,fe80::780a:a9ff:fee6:89,ff02::179,N/A,N/A,N/A,N/A,N/A,N/A,,,1
1759293502,eth0,54,Ethernet,IPv4,N/A,N/A,v4,172.30.0.163,224.0.0.22,N/A,N/A,N/A,N/A,N/A,N/A,,,1
1759293502,eth0,110,Ethernet,IPv6,ICMP,N/A,v6,fe80::b0b5:44ff:feea:219,ff02::179,N/A,N/A,N/A,N/A,N/A,N/A,,,1
1759293502,any,56,N/A,IPv4,N/A,N/A,v4,172.30.0.163,224.0.0.22,N/A,N/A,N/A,N/A,N/A,N/A,,,1
1759293502,eth0,107,Ethernet,N/A,N/A,N/A,N/A,N/A,N/A,N/A,N/A,N/A,N/A,N/A,N/A,,,0
1759293502,any,109,N/A,N/A,N/A,N/A,N/A,N/A,N/A,N/A,N/A,N/A,N/A,N/A,N/A,,,0
1759293503,eth0,110,Ethernet,IPv6,ICMP,N/A,v6,fe80::b0b5:44ff:feea:219,ff02::179,N/A,N/A,N/A,N/A,N/A,N/A,,,1
1759293503,any,112,N/A,IPv6,ICMP,N/A,v6,fe80::b0b5:44ff:feea:219,ff02::179,N/A,N/A,N/A,N/A,N/A,N/A,,,1
1759293503,eth0,111,Ethernet,N/A,N/A,N/A,N/A,N/A,N/A,N/A,N/A,N/A,N/A,N/A,N/A,,,1
1759293503,any,113,N/A,N/A,N/A,N/A,N/A,N/A,N/A,N/A,N/A,N/A,N/A,N/A,N/A,,,1
1759293503,eth0,70,Ethernet,IPv6,ICMP,N/A,v6,fe80::e48e:99ff:fe5f:147,ff02::204,N/A,N/A,N/A,N/A,N/A,N/A,,,1
1759293503,any,72,N/A,IPv6,ICMP,N/A,v6,fe80::e48e:99ff:fe5f:147,ff02::204,N/A,N/A,N/A,N/A,N/A,N/A,,,1
1759293503,eth1,70,Ethernet,IPv6,ICMP,N/A,v6,fe80::f056:abff:fe65:143,ff02::204,N/A,N/A,N/A,N/A,N/A,N/A,,,1
1759293503,any,72,N/A,IPv6,ICMP,N/A,v6,fe80::f056:abff:fe65:143,ff02::204,N/A,N/A,N/A,N/A,N/A,N/A,,,1
1759293503,any,44,ARP,N/A,N/A,N/A,N/A,N/A,N/A,N/A,N/A,1,2048,172.30.0.163,172.30.0.122,,,1
1759293503,eth0,42,Ethernet,N/A,N/A,N/A,N/A,N/A,N/A,N/A,N/A,N/A,N/A,N/A,N/A,,,1
1759293503,any,72,N/A,IPv6,ICMP,N/A,v6,fe80::b0b5:44ff:feea:219,ff02::204,N/A,N/A,N/A,N/A,N/A,N/A,,,1
1759293503,any,72,N/A,IPv6,ICMP,N/A,v6,fe80::780a:a9ff:fee6:89,ff02::204,N/A,N/A,N/A,N/A,N/A,N/A,,,1
1759293503,eth0,70,Ethernet,IPv6,ICMP,N/A,v6,fe80::b0b5:44ff:feea:219,ff02::204,N/A,N/A,N/A,N/A,N/A,N/A,,,1
1759293503,eth1,70,Ethernet,IPv6,ICMP,N/A,v6,fe80::780a:a9ff:fee6:89,ff02::204,N/A,N/A,N/A,N/A,N/A,N/A,,,1
1759293503,any,112,N/A,IPv6,ICMP,N/A,v6,fe80::780a:a9ff:fee6:89,ff02::179,N/A,N/A,N/A,N/A,N/A,N/A,,,1
1759293503,eth1,110,Ethernet,IPv6,ICMP,N/A,v6,fe80::780a:a9ff:fee6:89,ff02::179,N/A,N/A,N/A,N/A,N/A,N/A,,,1
1759293503,eth0,90,Ethernet,IPv6,ICMP,N/A,v6,fe80::24f1:23ff:fe29:66,ff02::179,N/A,N/A,N/A,N/A,N/A,N/A,,,1
1759293503,eth0,54,Ethernet,IPv4,N/A,N/A,v4,172.30.0.23,224.0.0.22,N/A,N/A,N/A,N/A,N/A,N/A,,,1
1759293503,any,92,N/A,IPv6,ICMP,N/A,v6,fe80::24f1:23ff:fe29:66,ff02::179,N/A,N/A,N/A,N/A,N/A,N/A,,,1
1759293503,any,358,N/A,IPv4,UDP,N/A,v4,0.0.0.0,255.255.255.255,68,67,N/A,N/A,N/A,N/A,,,1
1759293503,eth0,356,Ethernet,IPv4,UDP,N/A,v4,0.0.0.0,255.255.255.255,68,67,N/A,N/A,N/A,N/A,,,1
1759293503,eth0,368,Ethernet,IPv4,UDP,N/A,v4,0.0.0.0,255.255.255.255,68,67,N/A,N/A,N/A,N/A,,,1
1759293503,any,370,N/A,IPv4,UDP,N/A,v4,0.0.0.0,255.255.255.255,68,67,N/A,N/A,N/A,N/A,,,1
1759293503,any,112,N/A,IPv6,ICMP,N/A,v6,fe80::7827:e3ff:fe68:239,ff02::179,N/A,N/A,N/A,N/A,N/A,N/A,,,1
1759293503,eth1,110,Ethernet,IPv6,ICMP,N/A,v6,fe80::7827:e3ff:fe68:239,ff02::179,N/A,N/A,N/A,N/A,N/A,N/A,,,1
1759293503,any,112,N/A,IPv6,ICMP,N/A,v6,fe80::24f1:23ff:fe29:66,ff02::179,N/A,N/A,N/A,N/A,N/A,N/A,,,1
1759293503,eth0,110,Ethernet,IPv6,ICMP,N/A,v6,fe80::24f1:23ff:fe29:66,ff02::179,N/A,N/A,N/A,N/A,N/A,N/A,,,1
1759293503,eth0,54,Ethernet,IPv4,N/A,N/A,v4,172.30.0.23,224.0.0.22,N/A,N/A,N/A,N/A,N/A,N/A,,,1
1759293503,eth0,42,Ethernet,N/A,N/A,N/A,N/A,N/A,N/A,N/A,N/A,N/A,N/A,N/A,N/A,,,1
1759293503,any,44,ARP,N/A,N/A,N/A,N/A,N/A,N/A,N/A,N/A,1,2048,172.30.0.23,172.30.0.122,,,1
1759293503,eth0,54,Ethernet,IPv4,N/A,N/A,v4,172.30.0.23,224.0.0.22,N/A,N/A,N/A,N/A,N/A,N/A,,,1
1759293503,any,56,N/A,IPv4,N/A,N/A,v4,172.30.0.23,224.0.0.22,N/A,N/A,N/A,N/A,N/A,N/A,,,1
1759293503,any,72,N/A,IPv6,ICMP,N/A,v6,fe80::dcac:f9ff:fe59:60,ff02::204,N/A,N/A,N/A,N/A,N/A,N/A,,,1
1759293503,eth2,70,Ethernet,IPv6,ICMP,N/A,v6,fe80::dcac:f9ff:fe59:60,ff02::204,N/A,N/A,N/A,N/A,N/A,N/A,,,1
1759293503,eth0,54,Ethernet,IPv4,N/A,N/A,v4,172.30.0.163,224.0.0.22,N/A,N/A,N/A,N/A,N/A,N/A,,,1
1759293503,any,56,N/A,IPv4,N/A,N/A,v4,172.30.0.163,224.0.0.22,N/A,N/A,N/A,N/A,N/A,N/A,,,1
1759293503,eth0,107,Ethernet,N/A,N/A,N/A,N/A,N/A,N/A,N/A,N/A,N/A,N/A,N/A,N/A,,,0
1759293503,any,109,N/A,N/A,N/A,N/A,N/A,N/A,N/A,N/A,N/A,N/A,N/A,N/A,N/A,,,0
1759293504,eth0,90,Ethernet,IPv6,ICMP,N/A,v6,fe80::e48e:99ff:fe5f:147,ff02::179,N/A,N/A,N/A,N/A,N/A,N/A,,,1
1759293504,eth0,54,Ethernet,IPv4,N/A,N/A,v4,172.30.0.220,224.0.0.22,N/A,N/A,N/A,N/A,N/A,N/A,,,1
1759293504,any,92,N/A,IPv6,ICMP,N/A,v6,fe80::e48e:99ff:fe5f:147,ff02::179,N/A,N/A,N/A,N/A,N/A,N/A,,,1
1759293504,eth0,71,Ethernet,IPv4,UDP,N/A,v4,172.30.0.220,224.0.0.252,5355,5355,N/A,N/A,N/A,N/A,,,1
1759293504,eth0,91,Ethernet,IPv6,UDP,N/A,v6,fe80::e48e:99ff:fe5f:147,ff02::1:52,5355,5355,N/A,N/A,N/A,N/A,,,1
1759293504,any,73,N/A,IPv4,UDP,N/A,v4,172.30.0.220,224.0.0.252,5355,5355,N/A,N/A,N/A,N/A,,,1
1759293504,eth0,360,Ethernet,IPv4,UDP,N/A,v4,0.0.0.0,255.255.255.255,68,67,N/A,N/A,N/A,N/A,,,1
1759293504,any,362,N/A,IPv4,UDP,N/A,v4,0.0.0.0,255.255.255.255,68,67,N/A,N/A,N/A,N/A,,,1
1759293504,eth0,372,Ethernet,IPv4,UDP,N/A,v4,0.0.0.0,255.255.255.255,68,67,N/A,N/A,N/A,N/A,,,1
1759293504,any,374,N/A,IPv4,UDP,N/A,v4,0.0.0.0,255.255.255.255,68,67,N/A,N/A,N/A,N/A,,,1
1759293504,eth2,110,Ethernet,IPv6,ICMP,N/A,v6,fe80::dcac:f9ff:fe59:60,ff02::179,N/A,N/A,N/A,N/A,N/A,N/A,,,1
1759293504,any,112,N/A,IPv6,ICMP,N/A,v6,fe80::dcac:f9ff:fe59:60,ff02::179,N/A,N/A,N/A,N/A,N/A,N/A,,,1
1759293504,eth1,110,Ethernet,IPv6,ICMP,N/A,v6,fe80::f056:abff:fe65:143,ff02::179,N/A,N/A,N/A,N/A,N/A,N/A,,,1
1759293504,any,112,N/A,IPv6,ICMP,N/A,v6,fe80::f056:abff:fe65:143,ff02::179,N/A,N/A,N/A,N/A,N/A,N/A,,,1
1759293504,eth0,110,Ethernet,IPv6,ICMP,N/A,v6,fe80::e48e:99ff:fe5f:147,ff02::179,N/A,N/A,N/A,N/A,N/A,N/A,,,1
1759293504,eth0,54,Ethernet,IPv4,N/A,N/A,v4,172.30.0.220,224.0.0.22,N/A,N/A,N/A,N/A,N/A,N/A,,,1
1759293504,any,112,N/A,IPv6,ICMP,N/A,v6,fe80::e48e:99ff:fe5f:147,ff02::179,N/A,N/A,N/A,N/A,N/A,N/A,,,1
1759293504,eth0,42,Ethernet,N/A,N/A,N/A,N/A,N/A,N/A,N/A,N/A,N/A,N/A,N/A,N/A,,,1
1759293504,eth0,56,Ethernet,N/A,N/A,N/A,N/A,N/A,N/A,N/A,N/A,N/A,N/A,N/A,N/A,,,1
1759293504,eth0,56,Ethernet,N/A,N/A,N/A,N/A,N/A,N/A,N/A,N/A,N/A,N/A,N/A,N/A,,,1
1759293504,any,44,ARP,N/A,N/A,N/A,N/A,N/A,N/A,N/A,N/A,1,2048,172.30.0.220,172.30.0.122,,,1
1759293504,any,58,ARP,N/A,N/A,N/A,N/A,N/A,N/A,N/A,N/A,2,2048,172.30.0.122,172.30.0.220,,,1
1759293504,any,112,N/A,IPv6,ICMP,N/A,v6,fe80::f056:abff:fe65:143,ff02::179,N/A,N/A,N/A,N/A,N/A,N/A,,,1
1759293504,eth1,110,Ethernet,IPv6,ICMP,N/A,v6,fe80::f056:abff:fe65:143,ff02::179,N/A,N/A,N/A,N/A,N/A,N/A,,,1
1759293504,any,112,N/A,IPv6,ICMP,N/A,v6,fe80::24f1:23ff:fe29:66,ff02::179,N/A,N/A,N/A,N/A,N/A,N/A,,,1
1759293504,eth0,110,Ethernet,IPv6,ICMP,N/A,v6,fe80::24f1:23ff:fe29:66,ff02::179,N/A,N/A,N/A,N/A,N/A,N/A,,,1
1759293504,eth0,110,Ethernet,IPv6,ICMP,N/A,v6,fe80::e48e:99ff:fe5f:147,ff02::179,N/A,N/A,N/A,N/A,N/A,N/A,,,1
1759293504,any,112,N/A,IPv6,ICMP,N/A,v6,fe80::e48e:99ff:fe5f:147,ff02::179,N/A,N/A,N/A,N/A,N/A,N/A,,,1
1759293504,any,112,N/A,IPv6,ICMP,N/A,v6,fe80::7827:e3ff:fe68:239,ff02::179,N/A,N/A,N/A,N/A,N/A,N/A,,,1
1759293504,eth1,110,Ethernet,IPv6,ICMP,N/A,v6,fe80::7827:e3ff:fe68:239,ff02::179,N/A,N/A,N/A,N/A,N/A,N/A,,,1
1759293504,any,72,N/A,IPv6,ICMP,N/A,v6,fe80::dcac:f9ff:fe59:60,ff02::204,N/A,N/A,N/A,N/A,N/A,N/A,,,1
1759293504,eth2,70,Ethernet,IPv6,ICMP,N/A,v6,fe80::dcac:f9ff:fe59:60,ff02::204,N/A,N/A,N/A,N/A,N/A,N/A,,,1
1759293504,eth1,70,Ethernet,IPv6,ICMP,N/A,v6,fe80::f056:abff:fe65:143,ff02::204,N/A,N/A,N/A,N/A,N/A,N/A,,,1
1759293504,eth0,70,Ethernet,IPv6,ICMP,N/A,v6,fe80::e48e:99ff:fe5f:147,ff02::204,N/A,N/A,N/A,N/A,N/A,N/A,,,1
1759293504,any,112,N/A,IPv6,ICMP,N/A,v6,fe80::dcac:f9ff:fe59:60,ff02::179,N/A,N/A,N/A,N/A,N/A,N/A,,,1
1759293504,eth2,110,Ethernet,IPv6,ICMP,N/A,v6,fe80::dcac:f9ff:fe59:60,ff02::179,N/A,N/A,N/A,N/A,N/A,N/A,,,1
1759293504,any,72,N/A,IPv6,ICMP,N/A,v6,fe80::ecf9:eff:fefb:55,ff02::204,N/A,N/A,N/A,N/A,N/A,N/A,,,1
1759293504,eth0,70,Ethernet,IPv6,ICMP,N/A,v6,fe80::ecf9:eff:fefb:55,ff02::204,N/A,N/A,N/A,N/A,N/A,N/A,,,1
1759293505,eth0,107,Ethernet,N/A,N/A,N/A,N/A,N/A,N/A,N/A,N/A,N/A,N/A,N/A,N/A,,,0
1759293505,any,109,N/A,N/A,N/A,N/A,N/A,N/A,N/A,N/A,N/A,N/A,N/A,N/A,N/A,,,0
1759293505,eth0,90,Ethernet,IPv6,ICMP,N/A,v6,fe80::5ca9:83ff:fe87:27,ff02::179,N/A,N/A,N/A,N/A,N/A,N/A,,,0
1759293505,eth1,70,Ethernet,IPv6,ICMP,N/A,v6,fe80::103b:bdff:fef0:169,ff02::204,N/A,N/A,N/A,N/A,N/A,N/A,,,1
1759293505,any,72,N/A,IPv6,ICMP,N/A,v6,fe80::103b:bdff:fef0:169,ff02::204,N/A,N/A,N/A,N/A,N/A,N/A,,,1
1759293505,eth1,70,Ethernet,IPv6,ICMP,N/A,v6,fe80::7827:e3ff:fe68:239,ff02::204,N/A,N/A,N/A,N/A,N/A,N/A,,,1
1759293505,any,72,N/A,IPv6,ICMP,N/A,v6,fe80::24f1:23ff:fe29:66,ff02::204,N/A,N/A,N/A,N/A,N/A,N/A,,,1
1759293505,any,72,N/A,IPv6,ICMP,N/A,v6,fe80::7827:e3ff:fe68:239,ff02::204,N/A,N/A,N/A,N/A,N/A,N/A,,,1
1759293505,eth0,70,Ethernet,IPv6,ICMP,N/A,v6,fe80::24f1:23ff:fe29:66,ff02::204,N/A,N/A,N/A,N/A,N/A,N/A,,,1
1759293505,eth0,90,Ethernet,IPv6,ICMP,N/A,v6,fe80::ecf9:eff:fefb:55,ff02::179,N/A,N/A,N/A,N/A,N/A,N/A,,,1
1759293505,eth0,56,Ethernet,IPv4,N/A,N/A,v4,172.30.0.89,224.0.0.22,N/A,N/A,N/A,N/A,N/A,N/A,,,1
1759293505,any,92,N/A,IPv6,ICMP,N/A,v6,fe80::ecf9:eff:fefb:55,ff02::179,N/A,N/A,N/A,N/A,N/A,N/A,,,1
1759293505,eth0,54,Ethernet,IPv4,N/A,N/A,v4,172.30.0.220,224.0.0.22,N/A,N/A,N/A,N/A,N/A,N/A,,,1
1759293505,any,56,N/A,IPv4,N/A,N/A,v4,172.30.0.220,224.0.0.22,N/A,N/A,N/A,N/A,N/A,N/A,,,1
1759293505,eth0,67,Ethernet,IPv4,UDP,N/A,v4,172.30.0.89,224.0.0.252,5355,5355,N/A,N/A,N/A,N/A,,,1
1759293505,eth0,54,Ethernet,IPv4,N/A,N/A,v4,172.30.0.220,224.0.0.22,N/A,N/A,N/A,N/A,N/A,N/A,,,0
1759293505,any,92,N/A,IPv6,ICMP,N/A,v6,fe80::5ca9:83ff:fe87:27,ff02::179,N/A,N/A,N/A,N/A,N/A,N/A,,,0
1759293505,eth0,356,Ethernet,IPv4,UDP,N/A,v4,0.0.0.0,255.255.255.255,68,67,N/A,N/A,N/A,N/A,,,0
1759293505,any,358,N/A,IPv4,UDP,N/A,v4,0.0.0.0,255.255.255.255,68,67,N/A,N/A,N/A,N/A,,,0
1759293505,eth0,368,Ethernet,IPv4,UDP,N/A,v4,0.0.0.0,255.255.255.255,68,67,N/A,N/A,N/A,N/A,,,0
1759293505,any,370,N/A,IPv4,UDP,N/A,v4,0.0.0.0,255.255.255.255,68,67,N/A,N/A,N/A,N/A,,,0
1759293505,eth1,110,Ethernet,IPv6,ICMP,N/A,v6,fe80::a824:52ff:fe4f:69,ff02::179,N/A,N/A,N/A,N/A,N/A,N/A,,,0
1759293505,any,112,N/A,IPv6,ICMP,N/A,v6,fe80::a824:52ff:fe4f:69,ff02::179,N/A,N/A,N/A,N/A,N/A,N/A,,,0
1759293505,eth0,54,Ethernet,IPv4,N/A,N/A,v4,172.30.0.220,224.0.0.22,N/A,N/A,N/A,N/A,N/A,N/A,,,0
1759293505,any,56,N/A,IPv4,N/A,N/A,v4,172.30.0.220,224.0.0.22,N/A,N/A,N/A,N/A,N/A,N/A,,,0
1759293505,eth0,110,Ethernet,IPv6,ICMP,N/A,v6,fe80::5ca9:83ff:fe87:27,ff02::179,N/A,N/A,N/A,N/A,N/A,N/A,,,0
1759293505,any,112,N/A,IPv6,ICMP,N/A,v6,fe80::5ca9:83ff:fe87:27,ff02::179,N/A,N/A,N/A,N/A,N/A,N/A,,,0
1759293505,eth0,42,Ethernet,N/A,N/A,N/A,N/A,N/A,N/A,N/A,N/A,N/A,N/A,N/A,N/A,,,0
1759293505,eth0,56,Ethernet,N/A,N/A,N/A,N/A,N/A,N/A,N/A,N/A,N/A,N/A,N/A,N/A,,,0
1759293505,eth0,56,Ethernet,N/A,N/A,N/A,N/A,N/A,N/A,N/A,N/A,N/A,N/A,N/A,N/A,,,0
1759293505,any,44,ARP,N/A,N/A,N/A,N/A,N/A,N/A,N/A,N/A,1,2048,172.30.0.220,172.30.0.122,,,0
1759293505,any,58,ARP,N/A,N/A,N/A,N/A,N/A,N/A,N/A,N/A,2,2048,172.30.0.122,172.30.0.220,,,0
1759293505,any,112,N/A,IPv6,ICMP,N/A,v6,fe80::a824:52ff:fe4f:69,ff02::179,N/A,N/A,N/A,N/A,N/A,N/A,,,0
1759293505,eth1,110,Ethernet,IPv6,ICMP,N/A,v6,fe80::a824:52ff:fe4f:69,ff02::179,N/A,N/A,N/A,N/A,N/A,N/A,,,0
1759293505,any,69,N/A,IPv4,UDP,N/A,v4,172.30.0.89,224.0.0.252,5355,5355,N/A,N/A,N/A,N/A,,,1
1759293505,any,358,N/A,IPv4,UDP,N/A,v4,0.0.0.0,255.255.255.255,68,67,N/A,N/A,N/A,N/A,,,1
1759293505,eth0,356,Ethernet,IPv4,UDP,N/A,v4,0.0.0.0,255.255.255.255,68,67,N/A,N/A,N/A,N/A,,,1
1759293505,eth0,368,Ethernet,IPv4,UDP,N/A,v4,0.0.0.0,255.255.255.255,68,67,N/A,N/A,N/A,N/A,,,1
1759293505,any,370,N/A,IPv4,UDP,N/A,v4,0.0.0.0,255.255.255.255,68,67,N/A,N/A,N/A,N/A,,,1
1759293505,any,113,N/A,N/A,N/A,N/A,N/A,N/A,N/A,N/A,N/A,N/A,N/A,N/A,N/A,,,1
1759293505,eth0,111,Ethernet,N/A,N/A,N/A,N/A,N/A,N/A,N/A,N/A,N/A,N/A,N/A,N/A,,,1
1759293505,eth1,110,Ethernet,IPv6,ICMP,N/A,v6,fe80::103b:bdff:fef0:169,ff02::179,N/A,N/A,N/A,N/A,N/A,N/A,,,1
1759293505,any,58,ARP,N/A,N/A,N/A,N/A,N/A,N/A,N/A,N/A,1,2048,172.30.0.89,172.30.0.122,,,1
1759293505,any,112,N/A,IPv6,ICMP,N/A,v6,fe80::103b:bdff:fef0:169,ff02::179,N/A,N/A,N/A,N/A,N/A,N/A,,,1
1759293505,eth0,56,Ethernet,N/A,N/A,N/A,N/A,N/A,N/A,N/A,N/A,N/A,N/A,N/A,N/A,,,1
1759293505,any,112,N/A,IPv6,ICMP,N/A,v6,fe80::ecf9:eff:fefb:55,ff02::179,N/A,N/A,N/A,N/A,N/A,N/A,,,1
1759293505,any,58,N/A,IPv4,N/A,N/A,v4,172.30.0.89,224.0.0.22,N/A,N/A,N/A,N/A,N/A,N/A,,,1
1759293505,eth0,110,Ethernet,IPv6,ICMP,N/A,v6,fe80::ecf9:eff:fefb:55,ff02::179,N/A,N/A,N/A,N/A,N/A,N/A,,,1
1759293505,eth0,56,Ethernet,IPv4,N/A,N/A,v4,172.30.0.89,224.0.0.22,N/A,N/A,N/A,N/A,N/A,N/A,,,1
1759293505,any,112,N/A,IPv6,ICMP,N/A,v6,fe80::103b:bdff:fef0:169,ff02::179,N/A,N/A,N/A,N/A,N/A,N/A,,,1
1759293505,eth1,110,Ethernet,IPv6,ICMP,N/A,v6,fe80::103b:bdff:fef0:169,ff02::179,N/A,N/A,N/A,N/A,N/A,N/A,,,1
1759293505,any,112,N/A,IPv6,ICMP,N/A,v6,fe80::ecf9:eff:fefb:55,ff02::179,N/A,N/A,N/A,N/A,N/A,N/A,,,1
1759293505,eth0,110,Ethernet,IPv6,ICMP,N/A,v6,fe80::ecf9:eff:fefb:55,ff02::179,N/A,N/A,N/A,N/A,N/A,N/A,,,1
1759293505,eth0,56,Ethernet,IPv4,N/A,N/A,v4,172.30.0.89,224.0.0.22,N/A,N/A,N/A,N/A,N/A,N/A,,,1
1759293505,any,58,N/A,IPv4,N/A,N/A,v4,172.30.0.89,224.0.0.22,N/A,N/A,N/A,N/A,N/A,N/A,,,1
1759293506,any,112,N/A,IPv6,ICMP,N/A,v6,fe80::5ca9:83ff:fe87:27,ff02::179,N/A,N/A,N/A,N/A,N/A,N/A,,,0
1759293506,eth0,110,Ethernet,IPv6,ICMP,N/A,v6,fe80::5ca9:83ff:fe87:27,ff02::179,N/A,N/A,N/A,N/A,N/A,N/A,,,0
1759293506,any,56,N/A,IPv4,N/A,N/A,v4,172.30.0.220,224.0.0.22,N/A,N/A,N/A,N/A,N/A,N/A,,,0
1759293506,eth0,54,Ethernet,IPv4,N/A,N/A,v4,172.30.0.220,224.0.0.22,N/A,N/A,N/A,N/A,N/A,N/A,,,0
1759293506,eth0,107,Ethernet,N/A,N/A,N/A,N/A,N/A,N/A,N/A,N/A,N/A,N/A,N/A,N/A,,,0
1759293506,eth0,70,Ethernet,IPv6,ICMP,N/A,v6,fe80::5ca9:83ff:fe87:27,ff02::204,N/A,N/A,N/A,N/A,N/A,N/A,,,0
1759293506,any,113,N/A,N/A,N/A,N/A,N/A,N/A,N/A,N/A,N/A,N/A,N/A,N/A,N/A,,,1
1759293506,eth0,111,Ethernet,N/A,N/A,N/A,N/A,N/A,N/A,N/A,N/A,N/A,N/A,N/A,N/A,,,1
1759293506,eth0,70,Ethernet,IPv6,ICMP,N/A,v6,fe80::ecf9:eff:fefb:55,ff02::204,N/A,N/A,N/A,N/A,N/A,N/A,,,1
1759293506,eth1,70,Ethernet,IPv6,ICMP,N/A,v6,fe80::103b:bdff:fef0:169,ff02::204,N/A,N/A,N/A,N/A,N/A,N/A,,,1
1759293506,any,72,N/A,IPv6,ICMP,N/A,v6,fe80::ecf9:eff:fefb:55,ff02::204,N/A,N/A,N/A,N/A,N/A,N/A,,,1
1759293506,any,72,N/A,IPv6,ICMP,N/A,v6,fe80::a824:52ff:fe4f:69,ff02::204,N/A,N/A,N/A,N/A,N/A,N/A,,,0
1759293506,eth1,70,Ethernet,IPv6,ICMP,N/A,v6,fe80::a824:52ff:fe4f:69,ff02::204,N/A,N/A,N/A,N/A,N/A,N/A,,,0
1759293507,any,72,N/A,IPv6,ICMP,N/A,v6,fe80::780a:a9ff:fee6:89,ff02::204,N/A,N/A,N/A,N/A,N/A,N/A,,,1
1759293507,eth1,70,Ethernet,IPv6,ICMP,N/A,v6,fe80::780a:a9ff:fee6:89,ff02::204,N/A,N/A,N/A,N/A,N/A,N/A,,,1
1759293507,eth0,111,Ethernet,N/A,N/A,N/A,N/A,N/A,N/A,N/A,N/A,N/A,N/A,N/A,N/A,,,1
1759293507,any,113,N/A,N/A,N/A,N/A,N/A,N/A,N/A,N/A,N/A,N/A,N/A,N/A,N/A,,,1
1759293507,any,72,N/A,IPv6,ICMP,N/A,v6,fe80::b0b5:44ff:feea:219,ff02::204,N/A,N/A,N/A,N/A,N/A,N/A,,,1
1759293507,eth0,70,Ethernet,IPv6,ICMP,N/A,v6,fe80::b0b5:44ff:feea:219,ff02::204,N/A,N/A,N/A,N/A,N/A,N/A,,,1
1759293507,any,109,N/A,N/A,N/A,N/A,N/A,N/A,N/A,N/A,N/A,N/A,N/A,N/A,N/A,,,0
1759293507,eth0,107,Ethernet,N/A,N/A,N/A,N/A,N/A,N/A,N/A,N/A,N/A,N/A,N/A,N/A,,,0
1759293508,any,92,N/A,IPv6,ICMP,N/A,v6,fe80::b0b5:44ff:feea:219,ff02::179,N/A,N/A,N/A,N/A,N/A,N/A,,,1
1759293508,eth0,90,Ethernet,IPv6,ICMP,N/A,v6,fe80::b0b5:44ff:feea:219,ff02::179,N/A,N/A,N/A,N/A,N/A,N/A,,,1
1759293508,eth0,54,Ethernet,IPv4,N/A,N/A,v4,172.30.0.163,224.0.0.22,N/A,N/A,N/A,N/A,N/A,N/A,,,1
1759293508,eth0,357,Ethernet,IPv4,UDP,N/A,v4,0.0.0.0,255.255.255.255,68,67,N/A,N/A,N/A,N/A,,,1
1759293508,any,359,N/A,IPv4,UDP,N/A,v4,0.0.0.0,255.255.255.255,68,67,N/A,N/A,N/A,N/A,,,1
1759293508,eth0,369,Ethernet,IPv4,UDP,N/A,v4,0.0.0.0,255.255.255.255,68,67,N/A,N/A,N/A,N/A,,,1
1759293508,any,371,N/A,IPv4,UDP,N/A,v4,0.0.0.0,255.255.255.255,68,67,N/A,N/A,N/A,N/A,,,1
1759293508,any,112,N/A,IPv6,ICMP,N/A,v6,fe80::780a:a9ff:fee6:89,ff02::179,N/A,N/A,N/A,N/A,N/A,N/A,,,1
1759293508,eth1,110,Ethernet,IPv6,ICMP,N/A,v6,fe80::780a:a9ff:fee6:89,ff02::179,N/A,N/A,N/A,N/A,N/A,N/A,,,1
1759293508,any,112,N/A,IPv6,ICMP,N/A,v6,fe80::b0b5:44ff:feea:219,ff02::179,N/A,N/A,N/A,N/A,N/A,N/A,,,1
1759293508,eth0,110,Ethernet,IPv6,ICMP,N/A,v6,fe80::b0b5:44ff:feea:219,ff02::179,N/A,N/A,N/A,N/A,N/A,N/A,,,1
1759293508,eth0,54,Ethernet,IPv4,N/A,N/A,v4,172.30.0.163,224.0.0.22,N/A,N/A,N/A,N/A,N/A,N/A,,,1
1759293508,eth0,42,Ethernet,N/A,N/A,N/A,N/A,N/A,N/A,N/A,N/A,N/A,N/A,N/A,N/A,,,1
1759293508,any,44,ARP,N/A,N/A,N/A,N/A,N/A,N/A,N/A,N/A,1,2048,172.30.0.163,172.30.0.122,,,1
1759293508,eth0,90,Ethernet,IPv6,ICMP,N/A,v6,fe80::e48e:99ff:fe5f:147,ff02::179,N/A,N/A,N/A,N/A,N/A,N/A,,,1
1759293508,eth0,54,Ethernet,IPv4,N/A,N/A,v4,172.30.0.220,224.0.0.22,N/A,N/A,N/A,N/A,N/A,N/A,,,1
1759293508,any,92,N/A,IPv6,ICMP,N/A,v6,fe80::e48e:99ff:fe5f:147,ff02::179,N/A,N/A,N/A,N/A,N/A,N/A,,,1
1759293508,eth0,360,Ethernet,IPv4,UDP,N/A,v4,0.0.0.0,255.255.255.255,68,67,N/A,N/A,N/A,N/A,,,1
1759293508,eth0,372,Ethernet,IPv4,UDP,N/A,v4,0.0.0.0,255.255.255.255,68,67,N/A,N/A,N/A,N/A,,,1
1759293508,eth0,110,Ethernet,IPv6,ICMP,N/A,v6,fe80::e48e:99ff:fe5f:147,ff02::179,N/A,N/A,N/A,N/A,N/A,N/A,,,1
1759293508,eth0,54,Ethernet,IPv4,N/A,N/A,v4,172.30.0.220,224.0.0.22,N/A,N/A,N/A,N/A,N/A,N/A,,,1
1759293508,eth0,42,Ethernet,N/A,N/A,N/A,N/A,N/A,N/A,N/A,N/A,N/A,N/A,N/A,N/A,,,1
1759293508,eth0,56,Ethernet,N/A,N/A,N/A,N/A,N/A,N/A,N/A,N/A,N/A,N/A,N/A,N/A,,,1
1759293508,eth0,56,Ethernet,N/A,N/A,N/A,N/A,N/A,N/A,N/A,N/A,N/A,N/A,N/A,N/A,,,1
1759293508,eth0,54,Ethernet,IPv4,N/A,N/A,v4,172.30.0.220,224.0.0.22,N/A,N/A,N/A,N/A,N/A,N/A,,,1
1759293508,any,362,N/A,IPv4,UDP,N/A,v4,0.0.0.0,255.255.255.255,68,67,N/A,N/A,N/A,N/A,,,1
1759293508,any,374,N/A,IPv4,UDP,N/A,v4,0.0.0.0,255.255.255.255,68,67,N/A,N/A,N/A,N/A,,,1
1759293508,any,112,N/A,IPv6,ICMP,N/A,v6,fe80::f056:abff:fe65:143,ff02::179,N/A,N/A,N/A,N/A,N/A,N/A,,,1
1759293508,any,112,N/A,IPv6,ICMP,N/A,v6,fe80::e48e:99ff:fe5f:147,ff02::179,N/A,N/A,N/A,N/A,N/A,N/A,,,1
1759293508,any,44,ARP,N/A,N/A,N/A,N/A,N/A,N/A,N/A,N/A,1,2048,172.30.0.220,172.30.0.122,,,1
1759293508,any,58,ARP,N/A,N/A,N/A,N/A,N/A,N/A,N/A,N/A,2,2048,172.30.0.122,172.30.0.220,,,1
1759293508,any,58,ARP,N/A,N/A,N/A,N/A,N/A,N/A,N/A,N/A,2,2048,172.30.0.122,172.30.0.220,,,1
1759293508,any,56,N/A,IPv4,N/A,N/A,v4,172.30.0.220,224.0.0.22,N/A,N/A,N/A,N/A,N/A,N/A,,,1
1759293508,eth2,110,Ethernet,IPv6,ICMP,N/A,v6,fe80::dcac:f9ff:fe59:60,ff02::179,N/A,N/A,N/A,N/A,N/A,N/A,,,1
1759293508,eth1,110,Ethernet,IPv6,ICMP,N/A,v6,fe80::f056:abff:fe65:143,ff02::179,N/A,N/A,N/A,N/A,N/A,N/A,,,1
1759293508,any,92,N/A,IPv6,ICMP,N/A,v6,fe80::24f1:23ff:fe29:66,ff02::179,N/A,N/A,N/A,N/A,N/A,N/A,,,1
1759293508,eth0,90,Ethernet,IPv6,ICMP,N/A,v6,fe80::24f1:23ff:fe29:66,ff02::179,N/A,N/A,N/A,N/A,N/A,N/A,,,1
1759293508,eth0,54,Ethernet,IPv4,N/A,N/A,v4,172.30.0.23,224.0.0.22,N/A,N/A,N/A,N/A,N/A,N/A,,,1
1759293508,eth0,87,Ethernet,IPv6,UDP,N/A,v6,fe80::24f1:23ff:fe29:66,ff02::1:52,5355,5355,N/A,N/A,N/A,N/A,,,1
1759293508,eth0,67,Ethernet,IPv4,UDP,N/A,v4,172.30.0.23,224.0.0.252,5355,5355,N/A,N/A,N/A,N/A,,,1
1759293508,any,89,N/A,IPv6,UDP,N/A,v6,fe80::24f1:23ff:fe29:66,ff02::1:52,5355,5355,N/A,N/A,N/A,N/A,,,1
1759293508,any,358,N/A,IPv4,UDP,N/A,v4,0.0.0.0,255.255.255.255,68,67,N/A,N/A,N/A,N/A,,,1
1759293508,eth0,356,Ethernet,IPv4,UDP,N/A,v4,0.0.0.0,255.255.255.255,68,67,N/A,N/A,N/A,N/A,,,1
1759293508,eth0,368,Ethernet,IPv4,UDP,N/A,v4,0.0.0.0,255.255.255.255,68,67,N/A,N/A,N/A,N/A,,,1
1759293508,any,370,N/A,IPv4,UDP,N/A,v4,0.0.0.0,255.255.255.255,68,67,N/A,N/A,N/A,N/A,,,1
1759293508,any,112,N/A,IPv6,ICMP,N/A,v6,fe80::7827:e3ff:fe68:239,ff02::179,N/A,N/A,N/A,N/A,N/A,N/A,,,1
1759293508,eth1,110,Ethernet,IPv6,ICMP,N/A,v6,fe80::7827:e3ff:fe68:239,ff02::179,N/A,N/A,N/A,N/A,N/A,N/A,,,1
1759293508,eth0,110,Ethernet,IPv6,ICMP,N/A,v6,fe80::24f1:23ff:fe29:66,ff02::179,N/A,N/A,N/A,N/A,N/A,N/A,,,1
1759293508,eth0,54,Ethernet,IPv4,N/A,N/A,v4,172.30.0.23,224.0.0.22,N/A,N/A,N/A,N/A,N/A,N/A,,,1
1759293508,any,112,N/A,IPv6,ICMP,N/A,v6,fe80::24f1:23ff:fe29:66,ff02::179,N/A,N/A,N/A,N/A,N/A,N/A,,,1
1759293508,any,44,ARP,N/A,N/A,N/A,N/A,N/A,N/A,N/A,N/A,1,2048,172.30.0.23,172.30.0.122,,,1
1759293508,eth0,42,Ethernet,N/A,N/A,N/A,N/A,N/A,N/A,N/A,N/A,N/A,N/A,N/A,N/A,,,1
1759293508,eth0,110,Ethernet,IPv6,ICMP,N/A,v6,fe80::e48e:99ff:fe5f:147,ff02::179,N/A,N/A,N/A,N/A,N/A,N/A,,,1
1759293508,any,112,N/A,IPv6,ICMP,N/A,v6,fe80::e48e:99ff:fe5f:147,ff02::179,N/A,N/A,N/A,N/A,N/A,N/A,,,1
1759293508,any,112,N/A,IPv6,ICMP,N/A,v6,fe80::780a:a9ff:fee6:89,ff02::179,N/A,N/A,N/A,N/A,N/A,N/A,,,1
1759293508,eth1,110,Ethernet,IPv6,ICMP,N/A,v6,fe80::780a:a9ff:fee6:89,ff02::179,N/A,N/A,N/A,N/A,N/A,N/A,,,1
1759293508,eth0,110,Ethernet,IPv6,ICMP,N/A,v6,fe80::b0b5:44ff:feea:219,ff02::179,N/A,N/A,N/A,N/A,N/A,N/A,,,1
1759293508,any,112,N/A,IPv6,ICMP,N/A,v6,fe80::b0b5:44ff:feea:219,ff02::179,N/A,N/A,N/A,N/A,N/A,N/A,,,1
1759293508,any,109,N/A,N/A,N/A,N/A,N/A,N/A,N/A,N/A,N/A,N/A,N/A,N/A,N/A,,,0
1759293508,eth0,107,Ethernet,N/A,N/A,N/A,N/A,N/A,N/A,N/A,N/A,N/A,N/A,N/A,N/A,,,0
1759293509,any,56,N/A,IPv4,N/A,N/A,v4,172.30.0.163,224.0.0.22,N/A,N/A,N/A,N/A,N/A,N/A,,,1
1759293509,eth0,54,Ethernet,IPv4,N/A,N/A,v4,172.30.0.163,224.0.0.22,N/A,N/A,N/A,N/A,N/A,N/A,,,1
1759293509,any,112,N/A,IPv6,ICMP,N/A,v6,fe80::f056:abff:fe65:143,ff02::179,N/A,N/A,N/A,N/A,N/A,N/A,,,1
1759293509,eth1,110,Ethernet,IPv6,ICMP,N/A,v6,fe80::f056:abff:fe65:143,ff02::179,N/A,N/A,N/A,N/A,N/A,N/A,,,1
1759293509,any,112,N/A,IPv6,ICMP,N/A,v6,fe80::dcac:f9ff:fe59:60,ff02::179,N/A,N/A,N/A,N/A,N/A,N/A,,,1
1759293509,eth2,110,Ethernet,IPv6,ICMP,N/A,v6,fe80::dcac:f9ff:fe59:60,ff02::179,N/A,N/A,N/A,N/A,N/A,N/A,,,1
1759293509,any,112,N/A,IPv6,ICMP,N/A,v6,fe80::24f1:23ff:fe29:66,ff02::179,N/A,N/A,N/A,N/A,N/A,N/A,,,1
1759293509,eth0,110,Ethernet,IPv6,ICMP,N/A,v6,fe80::24f1:23ff:fe29:66,ff02::179,N/A,N/A,N/A,N/A,N/A,N/A,,,1
1759293509,eth0,90,Ethernet,IPv6,ICMP,N/A,v6,fe80::ecf9:eff:fefb:55,ff02::179,N/A,N/A,N/A,N/A,N/A,N/A,,,1
1759293509,eth0,56,Ethernet,IPv4,N/A,N/A,v4,172.30.0.89,224.0.0.22,N/A,N/A,N/A,N/A,N/A,N/A,,,1
1759293509,any,92,N/A,IPv6,ICMP,N/A,v6,fe80::ecf9:eff:fefb:55,ff02::179,N/A,N/A,N/A,N/A,N/A,N/A,,,1
1759293509,any,58,N/A,IPv4,N/A,N/A,v4,172.30.0.89,224.0.0.22,N/A,N/A,N/A,N/A,N/A,N/A,,,1
1759293509,eth0,67,Ethernet,IPv4,UDP,N/A,v4,172.30.0.89,224.0.0.252,5355,5355,N/A,N/A,N/A,N/A,,,1
1759293509,eth0,87,Ethernet,IPv6,UDP,N/A,v6,fe80::ecf9:eff:fefb:55,ff02::1:52,5355,5355,N/A,N/A,N/A,N/A,,,1
1759293509,any,69,N/A,IPv4,UDP,N/A,v4,172.30.0.89,224.0.0.252,5355,5355,N/A,N/A,N/A,N/A,,,1
1759293509,any,358,N/A,IPv4,UDP,N/A,v4,0.0.0.0,255.255.255.255,68,67,N/A,N/A,N/A,N/A,,,1
1759293509,eth0,356,Ethernet,IPv4,UDP,N/A,v4,0.0.0.0,255.255.255.255,68,67,N/A,N/A,N/A,N/A,,,1
1759293509,any,370,N/A,IPv4,UDP,N/A,v4,0.0.0.0,255.255.255.255,68,67,N/A,N/A,N/A,N/A,,,1
1759293509,eth0,368,Ethernet,IPv4,UDP,N/A,v4,0.0.0.0,255.255.255.255,68,67,N/A,N/A,N/A,N/A,,,1
1759293509,eth1,110,Ethernet,IPv6,ICMP,N/A,v6,fe80::103b:bdff:fef0:169,ff02::179,N/A,N/A,N/A,N/A,N/A,N/A,,,1
1759293509,eth0,56,Ethernet,N/A,N/A,N/A,N/A,N/A,N/A,N/A,N/A,N/A,N/A,N/A,N/A,,,1
1759293509,any,58,ARP,N/A,N/A,N/A,N/A,N/A,N/A,N/A,N/A,1,2048,172.30.0.89,172.30.0.122,,,1
1759293509,any,112,N/A,IPv6,ICMP,N/A,v6,fe80::103b:bdff:fef0:169,ff02::179,N/A,N/A,N/A,N/A,N/A,N/A,,,1
1759293509,any,112,N/A,IPv6,ICMP,N/A,v6,fe80::ecf9:eff:fefb:55,ff02::179,N/A,N/A,N/A,N/A,N/A,N/A,,,1
1759293509,eth0,110,Ethernet,IPv6,ICMP,N/A,v6,fe80::ecf9:eff:fefb:55,ff02::179,N/A,N/A,N/A,N/A,N/A,N/A,,,1
1759293509,eth0,56,Ethernet,IPv4,N/A,N/A,v4,172.30.0.89,224.0.0.22,N/A,N/A,N/A,N/A,N/A,N/A,,,1
1759293509,any,58,N/A,IPv4,N/A,N/A,v4,172.30.0.89,224.0.0.22,N/A,N/A,N/A,N/A,N/A,N/A,,,1
1759293509,any,112,N/A,IPv6,ICMP,N/A,v6,fe80::7827:e3ff:fe68:239,ff02::179,N/A,N/A,N/A,N/A,N/A,N/A,,,1
1759293509,eth1,110,Ethernet,IPv6,ICMP,N/A,v6,fe80::7827:e3ff:fe68:239,ff02::179,N/A,N/A,N/A,N/A,N/A,N/A,,,1
1759293509,eth1,70,Ethernet,IPv6,ICMP,N/A,v6,fe80::780a:a9ff:fee6:89,ff02::204,N/A,N/A,N/A,N/A,N/A,N/A,,,1
1759293509,eth0,70,Ethernet,IPv6,ICMP,N/A,v6,fe80::b0b5:44ff:feea:219,ff02::204,N/A,N/A,N/A,N/A,N/A,N/A,,,1
1759293509,any,72,N/A,IPv6,ICMP,N/A,v6,fe80::b0b5:44ff:feea:219,ff02::204,N/A,N/A,N/A,N/A,N/A,N/A,,,1
1759293509,any,72,N/A,IPv6,ICMP,N/A,v6,fe80::780a:a9ff:fee6:89,ff02::204,N/A,N/A,N/A,N/A,N/A,N/A,,,1
1759293509,any,72,N/A,IPv6,ICMP,N/A,v6,fe80::dcac:f9ff:fe59:60,ff02::204,N/A,N/A,N/A,N/A,N/A,N/A,,,1
1759293509,eth2,70,Ethernet,IPv6,ICMP,N/A,v6,fe80::dcac:f9ff:fe59:60,ff02::204,N/A,N/A,N/A,N/A,N/A,N/A,,,1
1759293509,eth0,90,Ethernet,IPv6,ICMP,N/A,v6,fe80::5ca9:83ff:fe87:27,ff02::179,N/A,N/A,N/A,N/A,N/A,N/A,,,0
1759293509,eth0,54,Ethernet,IPv4,N/A,N/A,v4,172.30.0.220,224.0.0.22,N/A,N/A,N/A,N/A,N/A,N/A,,,0
1759293509,any,92,N/A,IPv6,ICMP,N/A,v6,fe80::5ca9:83ff:fe87:27,ff02::179,N/A,N/A,N/A,N/A,N/A,N/A,,,0
1759293509,eth0,356,Ethernet,IPv4,UDP,N/A,v4,0.0.0.0,255.255.255.255,68,67,N/A,N/A,N/A,N/A,,,0
1759293509,any,358,N/A,IPv4,UDP,N/A,v4,0.0.0.0,255.255.255.255,68,67,N/A,N/A,N/A,N/A,,,0
1759293509,eth0,368,Ethernet,IPv4,UDP,N/A,v4,0.0.0.0,255.255.255.255,68,67,N/A,N/A,N/A,N/A,,,0
1759293509,any,370,N/A,IPv4,UDP,N/A,v4,0.0.0.0,255.255.255.255,68,67,N/A,N/A,N/A,N/A,,,0
1759293509,eth1,110,Ethernet,IPv6,ICMP,N/A,v6,fe80::a824:52ff:fe4f:69,ff02::179,N/A,N/A,N/A,N/A,N/A,N/A,,,0
1759293509,any,112,N/A,IPv6,ICMP,N/A,v6,fe80::a824:52ff:fe4f:69,ff02::179,N/A,N/A,N/A,N/A,N/A,N/A,,,0
1759293509,eth0,54,Ethernet,IPv4,N/A,N/A,v4,172.30.0.220,224.0.0.22,N/A,N/A,N/A,N/A,N/A,N/A,,,0
1759293509,eth0,110,Ethernet,IPv6,ICMP,N/A,v6,fe80::5ca9:83ff:fe87:27,ff02::179,N/A,N/A,N/A,N/A,N/A,N/A,,,0
1759293509,any,56,N/A,IPv4,N/A,N/A,v4,172.30.0.220,224.0.0.22,N/A,N/A,N/A,N/A,N/A,N/A,,,0
1759293509,any,112,N/A,IPv6,ICMP,N/A,v6,fe80::a824:52ff:fe4f:69,ff02::179,N/A,N/A,N/A,N/A,N/A,N/A,,,0
1759293509,eth1,110,Ethernet,IPv6,ICMP,N/A,v6,fe80::a824:52ff:fe4f:69,ff02::179,N/A,N/A,N/A,N/A,N/A,N/A,,,0
1759293509,eth1,70,Ethernet,IPv6,ICMP,N/A,v6,fe80::f056:abff:fe65:143,ff02::204,N/A,N/A,N/A,N/A,N/A,N/A,,,1
1759293509,eth0,111,Ethernet,N/A,N/A,N/A,N/A,N/A,N/A,N/A,N/A,N/A,N/A,N/A,N/A,,,1
1759293509,eth0,70,Ethernet,IPv6,ICMP,N/A,v6,fe80::e48e:99ff:fe5f:147,ff02::204,N/A,N/A,N/A,N/A,N/A,N/A,,,1
1759293509,any,56,N/A,IPv4,N/A,N/A,v4,172.30.0.23,224.0.0.22,N/A,N/A,N/A,N/A,N/A,N/A,,,1
1759293509,eth0,54,Ethernet,IPv4,N/A,N/A,v4,172.30.0.23,224.0.0.22,N/A,N/A,N/A,N/A,N/A,N/A,,,1
1759293509,eth0,110,Ethernet,IPv6,ICMP,N/A,v6,fe80::ecf9:eff:fefb:55,ff02::179,N/A,N/A,N/A,N/A,N/A,N/A,,,1
1759293509,any,112,N/A,IPv6,ICMP,N/A,v6,fe80::ecf9:eff:fefb:55,ff02::179,N/A,N/A,N/A,N/A,N/A,N/A,,,1
1759293509,any,112,N/A,IPv6,ICMP,N/A,v6,fe80::103b:bdff:fef0:169,ff02::179,N/A,N/A,N/A,N/A,N/A,N/A,,,1
1759293509,eth1,110,Ethernet,IPv6,ICMP,N/A,v6,fe80::103b:bdff:fef0:169,ff02::179,N/A,N/A,N/A,N/A,N/A,N/A,,,1
1759293510,any,112,N/A,IPv6,ICMP,N/A,v6,fe80::5ca9:83ff:fe87:27,ff02::179,N/A,N/A,N/A,N/A,N/A,N/A,,,0
1759293510,eth0,110,Ethernet,IPv6,ICMP,N/A,v6,fe80::5ca9:83ff:fe87:27,ff02::179,N/A,N/A,N/A,N/A,N/A,N/A,,,0
1759293510,eth0,54,Ethernet,IPv4,N/A,N/A,v4,172.30.0.220,224.0.0.22,N/A,N/A,N/A,N/A,N/A,N/A,,,0
1759293510,any,56,N/A,IPv4,N/A,N/A,v4,172.30.0.220,224.0.0.22,N/A,N/A,N/A,N/A,N/A,N/A,,,0
1759293510,eth0,70,Ethernet,IPv6,ICMP,N/A,v6,fe80::5ca9:83ff:fe87:27,ff02::204,N/A,N/A,N/A,N/A,N/A,N/A,,,0
1759293510,eth1,70,Ethernet,IPv6,ICMP,N/A,v6,fe80::7827:e3ff:fe68:239,ff02::204,N/A,N/A,N/A,N/A,N/A,N/A,,,1
1759293510,eth0,70,Ethernet,IPv6,ICMP,N/A,v6,fe80::24f1:23ff:fe29:66,ff02::204,N/A,N/A,N/A,N/A,N/A,N/A,,,1
1759293510,any,72,N/A,IPv6,ICMP,N/A,v6,fe80::24f1:23ff:fe29:66,ff02::204,N/A,N/A,N/A,N/A,N/A,N/A,,,1
1759293510,any,72,N/A,IPv6,ICMP,N/A,v6,fe80::7827:e3ff:fe68:239,ff02::204,N/A,N/A,N/A,N/A,N/A,N/A,,,1
1759293510,any,58,N/A,IPv4,N/A,N/A,v4,172.30.0.89,224.0.0.22,N/A,N/A,N/A,N/A,N/A,N/A,,,1
1759293510,eth0,56,Ethernet,IPv4,N/A,N/A,v4,172.30.0.89,224.0.0.22,N/A,N/A,N/A,N/A,N/A,N/A,,,1
1759293510,eth0,111,Ethernet,N/A,N/A,N/A,N/A,N/A,N/A,N/A,N/A,N/A,N/A,N/A,N/A,,,1
1759293510,any,113,N/A,N/A,N/A,N/A,N/A,N/A,N/A,N/A,N/A,N/A,N/A,N/A,N/A,,,1
1759293510,eth1,70,Ethernet,IPv6,ICMP,N/A,v6,fe80::103b:bdff:fef0:169,ff02::204,N/A,N/A,N/A,N/A,N/A,N/A,,,1
1759293510,eth0,70,Ethernet,IPv6,ICMP,N/A,v6,fe80::ecf9:eff:fefb:55,ff02::204,N/A,N/A,N/A,N/A,N/A,N/A,,,1
1759293510,any,72,N/A,IPv6,ICMP,N/A,v6,fe80::ecf9:eff:fefb:55,ff02::204,N/A,N/A,N/A,N/A,N/A,N/A,,,1
1759293510,any,72,N/A,IPv6,ICMP,N/A,v6,fe80::103b:bdff:fef0:169,ff02::204,N/A,N/A,N/A,N/A,N/A,N/A,,,1
1759293510,eth0,42,Ethernet,N/A,N/A,N/A,N/A,N/A,N/A,N/A,N/A,N/A,N/A,N/A,N/A,,,0
1759293510,eth0,56,Ethernet,N/A,N/A,N/A,N/A,N/A,N/A,N/A,N/A,N/A,N/A,N/A,N/A,,,0
1759293510,eth0,56,Ethernet,N/A,N/A,N/A,N/A,N/A,N/A,N/A,N/A,N/A,N/A,N/A,N/A,,,0
1759293510,any,72,N/A,IPv6,ICMP,N/A,v6,fe80::a824:52ff:fe4f:69,ff02::204,N/A,N/A,N/A,N/A,N/A,N/A,,,0
1759293510,any,72,N/A,IPv6,ICMP,N/A,v6,fe80::5ca9:83ff:fe87:27,ff02::204,N/A,N/A,N/A,N/A,N/A,N/A,,,0
1759293510,any,44,ARP,N/A,N/A,N/A,N/A,N/A,N/A,N/A,N/A,1,2048,172.30.0.220,172.30.0.122,,,0
1759293510,any,58,ARP,N/A,N/A,N/A,N/A,N/A,N/A,N/A,N/A,2,2048,172.30.0.122,172.30.0.220,,,0
1759293510,eth1,70,Ethernet,IPv6,ICMP,N/A,v6,fe80::a824:52ff:fe4f:69,ff02::204,N/A,N/A,N/A,N/A,N/A,N/A,,,0
1759293510,eth0,107,Ethernet,N/A,N/A,N/A,N/A,N/A,N/A,N/A,N/A,N/A,N/A,N/A,N/A,,,0
1759293510,any,109,N/A,N/A,N/A,N/A,N/A,N/A,N/A,N/A,N/A,N/A,N/A,N/A,N/A,,,0
1759293511,eth0,111,Ethernet,N/A,N/A,N/A,N/A,N/A,N/A,N/A,N/A,N/A,N/A,N/A,N/A,,,1
1759293511,any,113,N/A,N/A,N/A,N/A,N/A,N/A,N/A,N/A,N/A,N/A,N/A,N/A,N/A,,,1
1759293512,any,92,N/A,IPv6,ICMP,N/A,v6,fe80::b0b5:44ff:feea:219,ff02::179,N/A,N/A,N/A,N/A,N/A,N/A,,,1
1759293512,eth0,90,Ethernet,IPv6,ICMP,N/A,v6,fe80::b0b5:44ff:feea:219,ff02::179,N/A,N/A,N/A,N/A,N/A,N/A,,,1
1759293512,eth0,54,Ethernet,IPv4,N/A,N/A,v4,172.30.0.163,224.0.0.22,N/A,N/A,N/A,N/A,N/A,N/A,,,1
1759293512,any,90,N/A,IPv6,UDP,N/A,v6,fe80::b0b5:44ff:feea:219,ff02::1:52,5355,5355,N/A,N/A,N/A,N/A,,,1
1759293512,eth0,88,Ethernet,IPv6,UDP,N/A,v6,fe80::b0b5:44ff:feea:219,ff02::1:52,5355,5355,N/A,N/A,N/A,N/A,,,1
1759293512,eth0,357,Ethernet,IPv4,UDP,N/A,v4,0.0.0.0,255.255.255.255,68,67,N/A,N/A,N/A,N/A,,,1
1759293512,any,359,N/A,IPv4,UDP,N/A,v4,0.0.0.0,255.255.255.255,68,67,N/A,N/A,N/A,N/A,,,1
1759293512,eth0,369,Ethernet,IPv4,UDP,N/A,v4,0.0.0.0,255.255.255.255,68,67,N/A,N/A,N/A,N/A,,,1
1759293512,any,371,N/A,IPv4,UDP,N/A,v4,0.0.0.0,255.255.255.255,68,67,N/A,N/A,N/A,N/A,,,1
1759293512,eth1,110,Ethernet,IPv6,ICMP,N/A,v6,fe80::780a:a9ff:fee6:89,ff02::179,N/A,N/A,N/A,N/A,N/A,N/A,,,1
1759293512,any,56,N/A,IPv4,N/A,N/A,v4,172.30.0.163,224.0.0.22,N/A,N/A,N/A,N/A,N/A,N/A,,,1
1759293512,any,112,N/A,IPv6,ICMP,N/A,v6,fe80::780a:a9ff:fee6:89,ff02::179,N/A,N/A,N/A,N/A,N/A,N/A,,,1
1759293512,eth0,54,Ethernet,IPv4,N/A,N/A,v4,172.30.0.163,224.0.0.22,N/A,N/A,N/A,N/A,N/A,N/A,,,1
1759293512,eth0,110,Ethernet,IPv6,ICMP,N/A,v6,fe80::b0b5:44ff:feea:219,ff02::179,N/A,N/A,N/A,N/A,N/A,N/A,,,1
1759293512,eth1,110,Ethernet,IPv6,ICMP,N/A,v6,fe80::780a:a9ff:fee6:89,ff02::179,N/A,N/A,N/A,N/A,N/A,N/A,,,1
1759293512,any,112,N/A,IPv6,ICMP,N/A,v6,fe80::780a:a9ff:fee6:89,ff02::179,N/A,N/A,N/A,N/A,N/A,N/A,,,1
1759293512,any,92,N/A,IPv6,ICMP,N/A,v6,fe80::24f1:23ff:fe29:66,ff02::179,N/A,N/A,N/A,N/A,N/A,N/A,,,1
1759293512,eth0,90,Ethernet,IPv6,ICMP,N/A,v6,fe80::24f1:23ff:fe29:66,ff02::179,N/A,N/A,N/A,N/A,N/A,N/A,,,1
1759293512,eth0,54,Ethernet,IPv4,N/A,N/A,v4,172.30.0.23,224.0.0.22,N/A,N/A,N/A,N/A,N/A,N/A,,,1
1759293512,eth0,42,Ethernet,N/A,N/A,N/A,N/A,N/A,N/A,N/A,N/A,N/A,N/A,N/A,N/A,,,1
1759293512,any,44,ARP,N/A,N/A,N/A,N/A,N/A,N/A,N/A,N/A,1,2048,172.30.0.163,172.30.0.122,,,1
1759293512,eth1,70,Ethernet,IPv6,ICMP,N/A,v6,fe80::780a:a9ff:fee6:89,ff02::204,N/A,N/A,N/A,N/A,N/A,N/A,,,1
1759293512,any,72,N/A,IPv6,ICMP,N/A,v6,fe80::b0b5:44ff:feea:219,ff02::204,N/A,N/A,N/A,N/A,N/A,N/A,,,1
1759293512,any,72,N/A,IPv6,ICMP,N/A,v6,fe80::780a:a9ff:fee6:89,ff02::204,N/A,N/A,N/A,N/A,N/A,N/A,,,1
1759293512,eth0,70,Ethernet,IPv6,ICMP,N/A,v6,fe80::b0b5:44ff:feea:219,ff02::204,N/A,N/A,N/A,N/A,N/A,N/A,,,1
1759293512,any,113,N/A,N/A,N/A,N/A,N/A,N/A,N/A,N/A,N/A,N/A,N/A,N/A,N/A,,,1
1759293512,eth0,111,Ethernet,N/A,N/A,N/A,N/A,N/A,N/A,N/A,N/A,N/A,N/A,N/A,N/A,,,1
1759293512,any,358,N/A,IPv4,UDP,N/A,v4,0.0.0.0,255.255.255.255,68,67,N/A,N/A,N/A,N/A,,,1
1759293512,eth0,356,Ethernet,IPv4,UDP,N/A,v4,0.0.0.0,255.255.255.255,68,67,N/A,N/A,N/A,N/A,,,1
1759293512,eth0,368,Ethernet,IPv4,UDP,N/A,v4,0.0.0.0,255.255.255.255,68,67,N/A,N/A,N/A,N/A,,,1
1759293512,any,370,N/A,IPv4,UDP,N/A,v4,0.0.0.0,255.255.255.255,68,67,N/A,N/A,N/A,N/A,,,1
1759293512,any,112,N/A,IPv6,ICMP,N/A,v6,fe80::7827:e3ff:fe68:239,ff02::179,N/A,N/A,N/A,N/A,N/A,N/A,,,1
1759293512,eth1,110,Ethernet,IPv6,ICMP,N/A,v6,fe80::7827:e3ff:fe68:239,ff02::179,N/A,N/A,N/A,N/A,N/A,N/A,,,1
1759293512,any,112,N/A,IPv6,ICMP,N/A,v6,fe80::24f1:23ff:fe29:66,ff02::179,N/A,N/A,N/A,N/A,N/A,N/A,,,1
1759293512,eth0,110,Ethernet,IPv6,ICMP,N/A,v6,fe80::24f1:23ff:fe29:66,ff02::179,N/A,N/A,N/A,N/A,N/A,N/A,,,1
1759293512,eth0,54,Ethernet,IPv4,N/A,N/A,v4,172.30.0.23,224.0.0.22,N/A,N/A,N/A,N/A,N/A,N/A,,,1
1759293512,eth0,42,Ethernet,N/A,N/A,N/A,N/A,N/A,N/A,N/A,N/A,N/A,N/A,N/A,N/A,,,1
1759293512,any,44,ARP,N/A,N/A,N/A,N/A,N/A,N/A,N/A,N/A,1,2048,172.30.0.23,172.30.0.122,,,1
1759293512,eth0,110,Ethernet,IPv6,ICMP,N/A,v6,fe80::b0b5:44ff:feea:219,ff02::179,N/A,N/A,N/A,N/A,N/A,N/A,,,1
1759293512,any,112,N/A,IPv6,ICMP,N/A,v6,fe80::b0b5:44ff:feea:219,ff02::179,N/A,N/A,N/A,N/A,N/A,N/A,,,1
1759293512,eth0,107,Ethernet,N/A,N/A,N/A,N/A,N/A,N/A,N/A,N/A,N/A,N/A,N/A,N/A,,,0
1759293512,any,109,N/A,N/A,N/A,N/A,N/A,N/A,N/A,N/A,N/A,N/A,N/A,N/A,N/A,,,0
1759293513,any,56,N/A,IPv4,N/A,N/A,v4,172.30.0.163,224.0.0.22,N/A,N/A,N/A,N/A,N/A,N/A,,,1
1759293513,eth0,54,Ethernet,IPv4,N/A,N/A,v4,172.30.0.163,224.0.0.22,N/A,N/A,N/A,N/A,N/A,N/A,,,1
1759293513,eth0,54,Ethernet,IPv4,N/A,N/A,v4,172.30.0.23,224.0.0.22,N/A,N/A,N/A,N/A,N/A,N/A,,,1
1759293513,any,56,N/A,IPv4,N/A,N/A,v4,172.30.0.23,224.0.0.22,N/A,N/A,N/A,N/A,N/A,N/A,,,1
1759293513,eth0,90,Ethernet,IPv6,ICMP,N/A,v6,fe80::e48e:99ff:fe5f:147,ff02::179,N/A,N/A,N/A,N/A,N/A,N/A,,,1
1759293513,eth0,54,Ethernet,IPv4,N/A,N/A,v4,172.30.0.220,224.0.0.22,N/A,N/A,N/A,N/A,N/A,N/A,,,1
1759293513,any,92,N/A,IPv6,ICMP,N/A,v6,fe80::e48e:99ff:fe5f:147,ff02::179,N/A,N/A,N/A,N/A,N/A,N/A,,,1
1759293513,eth0,360,Ethernet,IPv4,UDP,N/A,v4,0.0.0.0,255.255.255.255,68,67,N/A,N/A,N/A,N/A,,,1
1759293513,any,362,N/A,IPv4,UDP,N/A,v4,0.0.0.0,255.255.255.255,68,67,N/A,N/A,N/A,N/A,,,1
1759293513,eth0,372,Ethernet,IPv4,UDP,N/A,v4,0.0.0.0,255.255.255.255,68,67,N/A,N/A,N/A,N/A,,,1
1759293513,any,374,N/A,IPv4,UDP,N/A,v4,0.0.0.0,255.255.255.255,68,67,N/A,N/A,N/A,N/A,,,1
1759293513,eth2,110,Ethernet,IPv6,ICMP,N/A,v6,fe80::dcac:f9ff:fe59:60,ff02::179,N/A,N/A,N/A,N/A,N/A,N/A,,,1
1759293513,eth0,107,Ethernet,N/A,N/A,N/A,N/A,N/A,N/A,N/A,N/A,N/A,N/A,N/A,N/A,,,0
1759293513,any,109,N/A,N/A,N/A,N/A,N/A,N/A,N/A,N/A,N/A,N/A,N/A,N/A,N/A,,,0
1759293513,eth2,110,Ethernet,IPv6,ICMP,N/A,v6,fe80::dcac:f9ff:fe59:60,ff02::179,N/A,N/A,N/A,N/A,N/A,N/A,,,1
1759293513,any,112,N/A,IPv6,ICMP,N/A,v6,fe80::dcac:f9ff:fe59:60,ff02::179,N/A,N/A,N/A,N/A,N/A,N/A,,,1
1759293513,any,112,N/A,IPv6,ICMP,N/A,v6,fe80::f056:abff:fe65:143,ff02::179,N/A,N/A,N/A,N/A,N/A,N/A,,,1
1759293513,any,112,N/A,IPv6,ICMP,N/A,v6,fe80::e48e:99ff:fe5f:147,ff02::179,N/A,N/A,N/A,N/A,N/A,N/A,,,1
1759293513,any,44,ARP,N/A,N/A,N/A,N/A,N/A,N/A,N/A,N/A,1,2048,172.30.0.220,172.30.0.122,,,1
1759293513,any,58,ARP,N/A,N/A,N/A,N/A,N/A,N/A,N/A,N/A,2,2048,172.30.0.122,172.30.0.220,,,1
1759293513,any,112,N/A,IPv6,ICMP,N/A,v6,fe80::dcac:f9ff:fe59:60,ff02::179,N/A,N/A,N/A,N/A,N/A,N/A,,,1
1759293513,eth1,110,Ethernet,IPv6,ICMP,N/A,v6,fe80::f056:abff:fe65:143,ff02::179,N/A,N/A,N/A,N/A,N/A,N/A,,,1
1759293513,eth0,110,Ethernet,IPv6,ICMP,N/A,v6,fe80::e48e:99ff:fe5f:147,ff02::179,N/A,N/A,N/A,N/A,N/A,N/A,,,1
1759293513,eth0,54,Ethernet,IPv4,N/A,N/A,v4,172.30.0.220,224.0.0.22,N/A,N/A,N/A,N/A,N/A,N/A,,,1
1759293513,eth0,42,Ethernet,N/A,N/A,N/A,N/A,N/A,N/A,N/A,N/A,N/A,N/A,N/A,N/A,,,1
1759293513,eth0,56,Ethernet,N/A,N/A,N/A,N/A,N/A,N/A,N/A,N/A,N/A,N/A,N/A,N/A,,,1
1759293513,eth0,56,Ethernet,N/A,N/A,N/A,N/A,N/A,N/A,N/A,N/A,N/A,N/A,N/A,N/A,,,1
1759293513,eth1,110,Ethernet,IPv6,ICMP,N/A,v6,fe80::7827:e3ff:fe68:239,ff02::179,N/A,N/A,N/A,N/A,N/A,N/A,,,1
1759293513,any,112,N/A,IPv6,ICMP,N/A,v6,fe80::e48e:99ff:fe5f:147,ff02::179,N/A,N/A,N/A,N/A,N/A,N/A,,,1
1759293513,eth0,110,Ethernet,IPv6,ICMP,N/A,v6,fe80::e48e:99ff:fe5f:147,ff02::179,N/A,N/A,N/A,N/A,N/A,N/A,,,1
1759293513,eth0,110,Ethernet,IPv6,ICMP,N/A,v6,fe80::24f1:23ff:fe29:66,ff02::179,N/A,N/A,N/A,N/A,N/A,N/A,,,1
1759293513,any,112,N/A,IPv6,ICMP,N/A,v6,fe80::24f1:23ff:fe29:66,ff02::179,N/A,N/A,N/A,N/A,N/A,N/A,,,1
1759293514,eth0,107,Ethernet,N/A,N/A,N/A,N/A,N/A,N/A,N/A,N/A,N/A,N/A,N/A,N/A,,,0
1759293514,any,109,N/A,N/A,N/A,N/A,N/A,N/A,N/A,N/A,N/A,N/A,N/A,N/A,N/A,,,0
1759293514,eth0,70,Ethernet,IPv6,ICMP,N/A,v6,fe80::5ca9:83ff:fe87:27,ff02::204,N/A,N/A,N/A,N/A,N/A,N/A,,,0
1759293514,any,72,N/A,IPv6,ICMP,N/A,v6,fe80::5ca9:83ff:fe87:27,ff02::204,N/A,N/A,N/A,N/A,N/A,N/A,,,0
1759293514,eth0,90,Ethernet,IPv6,ICMP,N/A,v6,fe80::5ca9:83ff:fe87:27,ff02::179,N/A,N/A,N/A,N/A,N/A,N/A,,,0
1759293514,eth0,54,Ethernet,IPv4,N/A,N/A,v4,172.30.0.220,224.0.0.22,N/A,N/A,N/A,N/A,N/A,N/A,,,0
1759293514,any,92,N/A,IPv6,ICMP,N/A,v6,fe80::5ca9:83ff:fe87:27,ff02::179,N/A,N/A,N/A,N/A,N/A,N/A,,,0
1759293514,eth0,67,Ethernet,IPv4,UDP,N/A,v4,172.30.0.220,224.0.0.252,5355,5355,N/A,N/A,N/A,N/A,,,0
1759293514,any,69,N/A,IPv4,UDP,N/A,v4,172.30.0.220,224.0.0.252,5355,5355,N/A,N/A,N/A,N/A,,,0
1759293514,eth0,356,Ethernet,IPv4,UDP,N/A,v4,0.0.0.0,255.255.255.255,68,67,N/A,N/A,N/A,N/A,,,0
1759293514,any,358,N/A,IPv4,UDP,N/A,v4,0.0.0.0,255.255.255.255,68,67,N/A,N/A,N/A,N/A,,,0
1759293514,eth1,70,Ethernet,IPv6,ICMP,N/A,v6,fe80::7827:e3ff:fe68:239,ff02::204,N/A,N/A,N/A,N/A,N/A,N/A,,,1
1759293514,eth0,70,Ethernet,IPv6,ICMP,N/A,v6,fe80::24f1:23ff:fe29:66,ff02::204,N/A,N/A,N/A,N/A,N/A,N/A,,,1
1759293514,any,72,N/A,IPv6,ICMP,N/A,v6,fe80::24f1:23ff:fe29:66,ff02::204,N/A,N/A,N/A,N/A,N/A,N/A,,,1
1759293514,any,72,N/A,IPv6,ICMP,N/A,v6,fe80::7827:e3ff:fe68:239,ff02::204,N/A,N/A,N/A,N/A,N/A,N/A,,,1
1759293514,eth0,54,Ethernet,IPv4,N/A,N/A,v4,172.30.0.220,224.0.0.22,N/A,N/A,N/A,N/A,N/A,N/A,,,1
1759293514,any,56,N/A,IPv4,N/A,N/A,v4,172.30.0.220,224.0.0.22,N/A,N/A,N/A,N/A,N/A,N/A,,,1
1759293514,eth1,110,Ethernet,IPv6,ICMP,N/A,v6,fe80::f056:abff:fe65:143,ff02::179,N/A,N/A,N/A,N/A,N/A,N/A,,,1
1759293514,any,112,N/A,IPv6,ICMP,N/A,v6,fe80::f056:abff:fe65:143,ff02::179,N/A,N/A,N/A,N/A,N/A,N/A,,,1
1759293514,eth0,90,Ethernet,IPv6,ICMP,N/A,v6,fe80::ecf9:eff:fefb:55,ff02::179,N/A,N/A,N/A,N/A,N/A,N/A,,,1
1759293514,eth0,56,Ethernet,IPv4,N/A,N/A,v4,172.30.0.89,224.0.0.22,N/A,N/A,N/A,N/A,N/A,N/A,,,1
1759293514,any,92,N/A,IPv6,ICMP,N/A,v6,fe80::ecf9:eff:fefb:55,ff02::179,N/A,N/A,N/A,N/A,N/A,N/A,,,1
1759293514,any,58,N/A,IPv4,N/A,N/A,v4,172.30.0.89,224.0.0.22,N/A,N/A,N/A,N/A,N/A,N/A,,,1
1759293514,any,89,N/A,IPv6,UDP,N/A,v6,fe80::ecf9:eff:fefb:55,ff02::1:52,5355,5355,N/A,N/A,N/A,N/A,,,1
1759293514,eth0,87,Ethernet,IPv6,UDP,N/A,v6,fe80::ecf9:eff:fefb:55,ff02::1:52,5355,5355,N/A,N/A,N/A,N/A,,,1
1759293514,eth0,111,Ethernet,N/A,N/A,N/A,N/A,N/A,N/A,N/A,N/A,N/A,N/A,N/A,N/A,,,1
1759293514,eth0,70,Ethernet,IPv6,ICMP,N/A,v6,fe80::e48e:99ff:fe5f:147,ff02::204,N/A,N/A,N/A,N/A,N/A,N/A,,,1
1759293514,eth2,70,Ethernet,IPv6,ICMP,N/A,v6,fe80::dcac:f9ff:fe59:60,ff02::204,N/A,N/A,N/A,N/A,N/A,N/A,,,1
1759293514,eth1,70,Ethernet,IPv6,ICMP,N/A,v6,fe80::f056:abff:fe65:143,ff02::204,N/A,N/A,N/A,N/A,N/A,N/A,,,1
1759293514,any,72,N/A,IPv6,ICMP,N/A,v6,fe80::dcac:f9ff:fe59:60,ff02::204,N/A,N/A,N/A,N/A,N/A,N/A,,,1
1759293514,eth0,356,Ethernet,IPv4,UDP,N/A,v4,0.0.0.0,255.255.255.255,68,67,N/A,N/A,N/A,N/A,,,1
1759293514,any,358,N/A,IPv4,UDP,N/A,v4,0.0.0.0,255.255.255.255,68,67,N/A,N/A,N/A,N/A,,,1
1759293514,eth0,368,Ethernet,IPv4,UDP,N/A,v4,0.0.0.0,255.255.255.255,68,67,N/A,N/A,N/A,N/A,,,1
1759293514,any,370,N/A,IPv4,UDP,N/A,v4,0.0.0.0,255.255.255.255,68,67,N/A,N/A,N/A,N/A,,,1
1759293514,eth1,110,Ethernet,IPv6,ICMP,N/A,v6,fe80::103b:bdff:fef0:169,ff02::179,N/A,N/A,N/A,N/A,N/A,N/A,,,1
1759293514,any,58,ARP,N/A,N/A,N/A,N/A,N/A,N/A,N/A,N/A,1,2048,172.30.0.89,172.30.0.122,,,1
1759293514,any,112,N/A,IPv6,ICMP,N/A,v6,fe80::103b:bdff:fef0:169,ff02::179,N/A,N/A,N/A,N/A,N/A,N/A,,,1
1759293514,eth0,56,Ethernet,N/A,N/A,N/A,N/A,N/A,N/A,N/A,N/A,N/A,N/A,N/A,N/A,,,1
1759293514,any,58,N/A,IPv4,N/A,N/A,v4,172.30.0.89,224.0.0.22,N/A,N/A,N/A,N/A,N/A,N/A,,,1
1759293514,eth0,56,Ethernet,IPv4,N/A,N/A,v4,172.30.0.89,224.0.0.22,N/A,N/A,N/A,N/A,N/A,N/A,,,1
1759293514,any,112,N/A,IPv6,ICMP,N/A,v6,fe80::ecf9:eff:fefb:55,ff02::179,N/A,N/A,N/A,N/A,N/A,N/A,,,1
1759293514,eth0,110,Ethernet,IPv6,ICMP,N/A,v6,fe80::ecf9:eff:fefb:55,ff02::179,N/A,N/A,N/A,N/A,N/A,N/A,,,1
1759293514,any,112,N/A,IPv6,ICMP,N/A,v6,fe80::103b:bdff:fef0:169,ff02::179,N/A,N/A,N/A,N/A,N/A,N/A,,,1
1759293514,eth0,368,Ethernet,IPv4,UDP,N/A,v4,0.0.0.0,255.255.255.255,68,67,N/A,N/A,N/A,N/A,,,0
1759293514,eth1,110,Ethernet,IPv6,ICMP,N/A,v6,fe80::a824:52ff:fe4f:69,ff02::179,N/A,N/A,N/A,N/A,N/A,N/A,,,0
1759293514,eth1,110,Ethernet,IPv6,ICMP,N/A,v6,fe80::103b:bdff:fef0:169,ff02::179,N/A,N/A,N/A,N/A,N/A,N/A,,,1
1759293514,eth0,56,Ethernet,IPv4,N/A,N/A,v4,172.30.0.89,224.0.0.22,N/A,N/A,N/A,N/A,N/A,N/A,,,1
1759293514,any,58,N/A,IPv4,N/A,N/A,v4,172.30.0.89,224.0.0.22,N/A,N/A,N/A,N/A,N/A,N/A,,,1
1759293514,any,112,N/A,IPv6,ICMP,N/A,v6,fe80::ecf9:eff:fefb:55,ff02::179,N/A,N/A,N/A,N/A,N/A,N/A,,,1
1759293514,eth0,110,Ethernet,IPv6,ICMP,N/A,v6,fe80::ecf9:eff:fefb:55,ff02::179,N/A,N/A,N/A,N/A,N/A,N/A,,,1
1759293515,any,370,N/A,IPv4,UDP,N/A,v4,0.0.0.0,255.255.255.255,68,67,N/A,N/A,N/A,N/A,,,0
1759293515,any,112,N/A,IPv6,ICMP,N/A,v6,fe80::a824:52ff:fe4f:69,ff02::179,N/A,N/A,N/A,N/A,N/A,N/A,,,0
1759293515,any,112,N/A,IPv6,ICMP,N/A,v6,fe80::5ca9:83ff:fe87:27,ff02::179,N/A,N/A,N/A,N/A,N/A,N/A,,,0
1759293515,any,44,ARP,N/A,N/A,N/A,N/A,N/A,N/A,N/A,N/A,1,2048,172.30.0.220,172.30.0.122,,,0
1759293515,any,58,ARP,N/A,N/A,N/A,N/A,N/A,N/A,N/A,N/A,2,2048,172.30.0.122,172.30.0.220,,,0
1759293515,any,112,N/A,IPv6,ICMP,N/A,v6,fe80::a824:52ff:fe4f:69,ff02::179,N/A,N/A,N/A,N/A,N/A,N/A,,,0
1759293515,eth0,110,Ethernet,IPv6,ICMP,N/A,v6,fe80::5ca9:83ff:fe87:27,ff02::179,N/A,N/A,N/A,N/A,N/A,N/A,,,0
1759293515,eth0,54,Ethernet,IPv4,N/A,N/A,v4,172.30.0.220,224.0.0.22,N/A,N/A,N/A,N/A,N/A,N/A,,,0
1759293515,eth0,42,Ethernet,N/A,N/A,N/A,N/A,N/A,N/A,N/A,N/A,N/A,N/A,N/A,N/A,,,0
1759293515,eth0,56,Ethernet,N/A,N/A,N/A,N/A,N/A,N/A,N/A,N/A,N/A,N/A,N/A,N/A,,,0
1759293515,eth0,56,Ethernet,N/A,N/A,N/A,N/A,N/A,N/A,N/A,N/A,N/A,N/A,N/A,N/A,,,0
1759293515,eth1,110,Ethernet,IPv6,ICMP,N/A,v6,fe80::a824:52ff:fe4f:69,ff02::179,N/A,N/A,N/A,N/A,N/A,N/A,,,0
1759293515,eth0,70,Ethernet,IPv6,ICMP,N/A,v6,fe80::5ca9:83ff:fe87:27,ff02::204,N/A,N/A,N/A,N/A,N/A,N/A,,,0
1759293515,eth1,70,Ethernet,IPv6,ICMP,N/A,v6,fe80::a824:52ff:fe4f:69,ff02::204,N/A,N/A,N/A,N/A,N/A,N/A,,,0
1759293515,any,72,N/A,IPv6,ICMP,N/A,v6,fe80::a824:52ff:fe4f:69,ff02::204,N/A,N/A,N/A,N/A,N/A,N/A,,,0
1759293515,eth0,54,Ethernet,IPv4,N/A,N/A,v4,172.30.0.220,224.0.0.22,N/A,N/A,N/A,N/A,N/A,N/A,,,0
1759293515,any,56,N/A,IPv4,N/A,N/A,v4,172.30.0.220,224.0.0.22,N/A,N/A,N/A,N/A,N/A,N/A,,,0
1759293515,eth0,110,Ethernet,IPv6,ICMP,N/A,v6,fe80::5ca9:83ff:fe87:27,ff02::179,N/A,N/A,N/A,N/A,N/A,N/A,,,0
1759293515,any,112,N/A,IPv6,ICMP,N/A,v6,fe80::5ca9:83ff:fe87:27,ff02::179,N/A,N/A,N/A,N/A,N/A,N/A,,,0
1759293515,eth0,111,Ethernet,N/A,N/A,N/A,N/A,N/A,N/A,N/A,N/A,N/A,N/A,N/A,N/A,,,1
1759293515,any,113,N/A,N/A,N/A,N/A,N/A,N/A,N/A,N/A,N/A,N/A,N/A,N/A,N/A,,,1
1759293515,any,72,N/A,IPv6,ICMP,N/A,v6,fe80::103b:bdff:fef0:169,ff02::204,N/A,N/A,N/A,N/A,N/A,N/A,,,1
1759293515,eth1,70,Ethernet,IPv6,ICMP,N/A,v6,fe80::103b:bdff:fef0:169,ff02::204,N/A,N/A,N/A,N/A,N/A,N/A,,,1
1759293515,eth0,70,Ethernet,IPv6,ICMP,N/A,v6,fe80::ecf9:eff:fefb:55,ff02::204,N/A,N/A,N/A,N/A,N/A,N/A,,,1
1759293516,any,109,N/A,N/A,N/A,N/A,N/A,N/A,N/A,N/A,N/A,N/A,N/A,N/A,N/A,,,0
1759293516,eth0,107,Ethernet,N/A,N/A,N/A,N/A,N/A,N/A,N/A,N/A,N/A,N/A,N/A,N/A,,,0
1759293516,any,113,N/A,N/A,N/A,N/A,N/A,N/A,N/A,N/A,N/A,N/A,N/A,N/A,N/A,,,1
1759293516,eth0,111,Ethernet,N/A,N/A,N/A,N/A,N/A,N/A,N/A,N/A,N/A,N/A,N/A,N/A,,,1
1759293517,eth0,107,Ethernet,N/A,N/A,N/A,N/A,N/A,N/A,N/A,N/A,N/A,N/A,N/A,N/A,,,0
1759293517,any,109,N/A,N/A,N/A,N/A,N/A,N/A,N/A,N/A,N/A,N/A,N/A,N/A,N/A,,,0
1759293517,eth0,70,Ethernet,IPv6,ICMP,N/A,v6,fe80::b0b5:44ff:feea:219,ff02::204,N/A,N/A,N/A,N/A,N/A,N/A,,,1
1759293517,any,72,N/A,IPv6,ICMP,N/A,v6,fe80::b0b5:44ff:feea:219,ff02::204,N/A,N/A,N/A,N/A,N/A,N/A,,,1
1759293517,any,72,N/A,IPv6,ICMP,N/A,v6,fe80::780a:a9ff:fee6:89,ff02::204,N/A,N/A,N/A,N/A,N/A,N/A,,,1
1759293517,eth1,70,Ethernet,IPv6,ICMP,N/A,v6,fe80::780a:a9ff:fee6:89,ff02::204,N/A,N/A,N/A,N/A,N/A,N/A,,,1
1759293517,any,92,N/A,IPv6,ICMP,N/A,v6,fe80::b0b5:44ff:feea:219,ff02::179,N/A,N/A,N/A,N/A,N/A,N/A,,,1
1759293517,eth0,90,Ethernet,IPv6,ICMP,N/A,v6,fe80::b0b5:44ff:feea:219,ff02::179,N/A,N/A,N/A,N/A,N/A,N/A,,,1
1759293517,eth0,54,Ethernet,IPv4,N/A,N/A,v4,172.30.0.163,224.0.0.22,N/A,N/A,N/A,N/A,N/A,N/A,,,1
1759293517,eth0,88,Ethernet,IPv6,UDP,N/A,v6,fe80::b0b5:44ff:feea:219,ff02::1:52,5355,5355,N/A,N/A,N/A,N/A,,,1
1759293517,any,90,N/A,IPv6,UDP,N/A,v6,fe80::b0b5:44ff:feea:219,ff02::1:52,5355,5355,N/A,N/A,N/A,N/A,,,1
1759293517,any,359,N/A,IPv4,UDP,N/A,v4,0.0.0.0,255.255.255.255,68,67,N/A,N/A,N/A,N/A,,,1
1759293517,eth0,357,Ethernet,IPv4,UDP,N/A,v4,0.0.0.0,255.255.255.255,68,67,N/A,N/A,N/A,N/A,,,1
1759293517,eth0,369,Ethernet,IPv4,UDP,N/A,v4,0.0.0.0,255.255.255.255,68,67,N/A,N/A,N/A,N/A,,,1
1759293517,any,371,N/A,IPv4,UDP,N/A,v4,0.0.0.0,255.255.255.255,68,67,N/A,N/A,N/A,N/A,,,1
1759293517,any,112,N/A,IPv6,ICMP,N/A,v6,fe80::780a:a9ff:fee6:89,ff02::179,N/A,N/A,N/A,N/A,N/A,N/A,,,1
1759293517,eth1,110,Ethernet,IPv6,ICMP,N/A,v6,fe80::780a:a9ff:fee6:89,ff02::179,N/A,N/A,N/A,N/A,N/A,N/A,,,1
1759293517,eth0,110,Ethernet,IPv6,ICMP,N/A,v6,fe80::b0b5:44ff:feea:219,ff02::179,N/A,N/A,N/A,N/A,N/A,N/A,,,1
1759293517,eth0,54,Ethernet,IPv4,N/A,N/A,v4,172.30.0.163,224.0.0.22,N/A,N/A,N/A,N/A,N/A,N/A,,,1
1759293517,any,112,N/A,IPv6,ICMP,N/A,v6,fe80::b0b5:44ff:feea:219,ff02::179,N/A,N/A,N/A,N/A,N/A,N/A,,,1
1759293517,any,44,ARP,N/A,N/A,N/A,N/A,N/A,N/A,N/A,N/A,1,2048,172.30.0.163,172.30.0.122,,,1
1759293517,eth0,42,Ethernet,N/A,N/A,N/A,N/A,N/A,N/A,N/A,N/A,N/A,N/A,N/A,N/A,,,1
1759293517,any,112,N/A,IPv6,ICMP,N/A,v6,fe80::780a:a9ff:fee6:89,ff02::179,N/A,N/A,N/A,N/A,N/A,N/A,,,1
1759293517,eth1,110,Ethernet,IPv6,ICMP,N/A,v6,fe80::780a:a9ff:fee6:89,ff02::179,N/A,N/A,N/A,N/A,N/A,N/A,,,1
1759293517,eth0,90,Ethernet,IPv6,ICMP,N/A,v6,fe80::e48e:99ff:fe5f:147,ff02::179,N/A,N/A,N/A,N/A,N/A,N/A,,,1
1759293517,eth0,54,Ethernet,IPv4,N/A,N/A,v4,172.30.0.220,224.0.0.22,N/A,N/A,N/A,N/A,N/A,N/A,,,1
1759293517,any,92,N/A,IPv6,ICMP,N/A,v6,fe80::e48e:99ff:fe5f:147,ff02::179,N/A,N/A,N/A,N/A,N/A,N/A,,,1
1759293517,eth0,360,Ethernet,IPv4,UDP,N/A,v4,0.0.0.0,255.255.255.255,68,67,N/A,N/A,N/A,N/A,,,1
1759293517,any,362,N/A,IPv4,UDP,N/A,v4,0.0.0.0,255.255.255.255,68,67,N/A,N/A,N/A,N/A,,,1
1759293517,eth0,372,Ethernet,IPv4,UDP,N/A,v4,0.0.0.0,255.255.255.255,68,67,N/A,N/A,N/A,N/A,,,1
1759293517,any,374,N/A,IPv4,UDP,N/A,v4,0.0.0.0,255.255.255.255,68,67,N/A,N/A,N/A,N/A,,,1
1759293517,eth2,110,Ethernet,IPv6,ICMP,N/A,v6,fe80::dcac:f9ff:fe59:60,ff02::179,N/A,N/A,N/A,N/A,N/A,N/A,,,1
1759293517,any,112,N/A,IPv6,ICMP,N/A,v6,fe80::f056:abff:fe65:143,ff02::179,N/A,N/A,N/A,N/A,N/A,N/A,,,1
1759293517,eth1,110,Ethernet,IPv6,ICMP,N/A,v6,fe80::f056:abff:fe65:143,ff02::179,N/A,N/A,N/A,N/A,N/A,N/A,,,1
1759293517,any,112,N/A,IPv6,ICMP,N/A,v6,fe80::e48e:99ff:fe5f:147,ff02::179,N/A,N/A,N/A,N/A,N/A,N/A,,,1
1759293517,eth0,110,Ethernet,IPv6,ICMP,N/A,v6,fe80::e48e:99ff:fe5f:147,ff02::179,N/A,N/A,N/A,N/A,N/A,N/A,,,1
1759293517,eth0,54,Ethernet,IPv4,N/A,N/A,v4,172.30.0.220,224.0.0.22,N/A,N/A,N/A,N/A,N/A,N/A,,,1
1759293517,any,112,N/A,IPv6,ICMP,N/A,v6,fe80::dcac:f9ff:fe59:60,ff02::179,N/A,N/A,N/A,N/A,N/A,N/A,,,1
1759293517,eth2,110,Ethernet,IPv6,ICMP,N/A,v6,fe80::dcac:f9ff:fe59:60,ff02::179,N/A,N/A,N/A,N/A,N/A,N/A,,,1
1759293517,eth0,42,Ethernet,N/A,N/A,N/A,N/A,N/A,N/A,N/A,N/A,N/A,N/A,N/A,N/A,,,1
1759293517,eth0,56,Ethernet,N/A,N/A,N/A,N/A,N/A,N/A,N/A,N/A,N/A,N/A,N/A,N/A,,,1
1759293517,eth0,56,Ethernet,N/A,N/A,N/A,N/A,N/A,N/A,N/A,N/A,N/A,N/A,N/A,N/A,,,1
1759293517,any,44,ARP,N/A,N/A,N/A,N/A,N/A,N/A,N/A,N/A,1,2048,172.30.0.220,172.30.0.122,,,1
1759293517,any,58,ARP,N/A,N/A,N/A,N/A,N/A,N/A,N/A,N/A,2,2048,172.30.0.122,172.30.0.220,,,1
1759293517,any,112,N/A,IPv6,ICMP,N/A,v6,fe80::b0b5:44ff:feea:219,ff02::179,N/A,N/A,N/A,N/A,N/A,N/A,,,1
1759293517,eth0,110,Ethernet,IPv6,ICMP,N/A,v6,fe80::b0b5:44ff:feea:219,ff02::179,N/A,N/A,N/A,N/A,N/A,N/A,,,1
1759293517,any,92,N/A,IPv6,ICMP,N/A,v6,fe80::24f1:23ff:fe29:66,ff02::179,N/A,N/A,N/A,N/A,N/A,N/A,,,1
1759293517,eth0,90,Ethernet,IPv6,ICMP,N/A,v6,fe80::24f1:23ff:fe29:66,ff02::179,N/A,N/A,N/A,N/A,N/A,N/A,,,1
1759293517,eth0,54,Ethernet,IPv4,N/A,N/A,v4,172.30.0.23,224.0.0.22,N/A,N/A,N/A,N/A,N/A,N/A,,,1
1759293518,any,358,N/A,IPv4,UDP,N/A,v4,0.0.0.0,255.255.255.255,68,67,N/A,N/A,N/A,N/A,,,1
1759293518,eth0,356,Ethernet,IPv4,UDP,N/A,v4,0.0.0.0,255.255.255.255,68,67,N/A,N/A,N/A,N/A,,,1
1759293518,any,370,N/A,IPv4,UDP,N/A,v4,0.0.0.0,255.255.255.255,68,67,N/A,N/A,N/A,N/A,,,1
1759293518,eth0,368,Ethernet,IPv4,UDP,N/A,v4,0.0.0.0,255.255.255.255,68,67,N/A,N/A,N/A,N/A,,,1
1759293518,any,112,N/A,IPv6,ICMP,N/A,v6,fe80::7827:e3ff:fe68:239,ff02::179,N/A,N/A,N/A,N/A,N/A,N/A,,,1
1759293518,eth1,110,Ethernet,IPv6,ICMP,N/A,v6,fe80::7827:e3ff:fe68:239,ff02::179,N/A,N/A,N/A,N/A,N/A,N/A,,,1
1759293518,any,112,N/A,IPv6,ICMP,N/A,v6,fe80::24f1:23ff:fe29:66,ff02::179,N/A,N/A,N/A,N/A,N/A,N/A,,,1
1759293518,eth0,110,Ethernet,IPv6,ICMP,N/A,v6,fe80::24f1:23ff:fe29:66,ff02::179,N/A,N/A,N/A,N/A,N/A,N/A,,,1
1759293518,eth0,54,Ethernet,IPv4,N/A,N/A,v4,172.30.0.23,224.0.0.22,N/A,N/A,N/A,N/A,N/A,N/A,,,1
1759293518,any,44,ARP,N/A,N/A,N/A,N/A,N/A,N/A,N/A,N/A,1,2048,172.30.0.23,172.30.0.122,,,1
1759293518,eth0,42,Ethernet,N/A,N/A,N/A,N/A,N/A,N/A,N/A,N/A,N/A,N/A,N/A,N/A,,,1
1759293518,any,112,N/A,IPv6,ICMP,N/A,v6,fe80::7827:e3ff:fe68:239,ff02::179,N/A,N/A,N/A,N/A,N/A,N/A,,,1
1759293518,eth1,110,Ethernet,IPv6,ICMP,N/A,v6,fe80::7827:e3ff:fe68:239,ff02::179,N/A,N/A,N/A,N/A,N/A,N/A,,,1
1759293518,any,56,N/A,IPv4,N/A,N/A,v4,172.30.0.163,224.0.0.22,N/A,N/A,N/A,N/A,N/A,N/A,,,1
1759293518,eth0,54,Ethernet,IPv4,N/A,N/A,v4,172.30.0.163,224.0.0.22,N/A,N/A,N/A,N/A,N/A,N/A,,,1
1759293518,any,112,N/A,IPv6,ICMP,N/A,v6,fe80::f056:abff:fe65:143,ff02::179,N/A,N/A,N/A,N/A,N/A,N/A,,,1
1759293518,eth1,110,Ethernet,IPv6,ICMP,N/A,v6,fe80::f056:abff:fe65:143,ff02::179,N/A,N/A,N/A,N/A,N/A,N/A,,,1
1759293518,eth1,70,Ethernet,IPv6,ICMP,N/A,v6,fe80::780a:a9ff:fee6:89,ff02::204,N/A,N/A,N/A,N/A,N/A,N/A,,,1
1759293518,eth0,70,Ethernet,IPv6,ICMP,N/A,v6,fe80::b0b5:44ff:feea:219,ff02::204,N/A,N/A,N/A,N/A,N/A,N/A,,,1
1759293518,any,72,N/A,IPv6,ICMP,N/A,v6,fe80::780a:a9ff:fee6:89,ff02::204,N/A,N/A,N/A,N/A,N/A,N/A,,,1
1759293518,any,112,N/A,IPv6,ICMP,N/A,v6,fe80::e48e:99ff:fe5f:147,ff02::179,N/A,N/A,N/A,N/A,N/A,N/A,,,1
1759293518,eth0,110,Ethernet,IPv6,ICMP,N/A,v6,fe80::e48e:99ff:fe5f:147,ff02::179,N/A,N/A,N/A,N/A,N/A,N/A,,,1
1759293518,any,56,N/A,IPv4,N/A,N/A,v4,172.30.0.220,224.0.0.22,N/A,N/A,N/A,N/A,N/A,N/A,,,1
1759293518,eth0,54,Ethernet,IPv4,N/A,N/A,v4,172.30.0.220,224.0.0.22,N/A,N/A,N/A,N/A,N/A,N/A,,,1
1759293518,eth0,90,Ethernet,IPv6,ICMP,N/A,v6,fe80::ecf9:eff:fefb:55,ff02::179,N/A,N/A,N/A,N/A,N/A,N/A,,,1
1759293518,eth0,56,Ethernet,IPv4,N/A,N/A,v4,172.30.0.89,224.0.0.22,N/A,N/A,N/A,N/A,N/A,N/A,,,1
1759293518,any,92,N/A,IPv6,ICMP,N/A,v6,fe80::ecf9:eff:fefb:55,ff02::179,N/A,N/A,N/A,N/A,N/A,N/A,,,1
1759293518,any,58,N/A,IPv4,N/A,N/A,v4,172.30.0.89,224.0.0.22,N/A,N/A,N/A,N/A,N/A,N/A,,,1
1759293518,any,89,N/A,IPv6,UDP,N/A,v6,fe80::ecf9:eff:fefb:55,ff02::1:52,5355,5355,N/A,N/A,N/A,N/A,,,1
1759293518,eth0,87,Ethernet,IPv6,UDP,N/A,v6,fe80::ecf9:eff:fefb:55,ff02::1:52,5355,5355,N/A,N/A,N/A,N/A,,,1
1759293518,eth0,356,Ethernet,IPv4,UDP,N/A,v4,0.0.0.0,255.255.255.255,68,67,N/A,N/A,N/A,N/A,,,1
1759293518,any,358,N/A,IPv4,UDP,N/A,v4,0.0.0.0,255.255.255.255,68,67,N/A,N/A,N/A,N/A,,,1
1759293518,any,370,N/A,IPv4,UDP,N/A,v4,0.0.0.0,255.255.255.255,68,67,N/A,N/A,N/A,N/A,,,1
1759293518,eth0,368,Ethernet,IPv4,UDP,N/A,v4,0.0.0.0,255.255.255.255,68,67,N/A,N/A,N/A,N/A,,,1
1759293518,any,112,N/A,IPv6,ICMP,N/A,v6,fe80::103b:bdff:fef0:169,ff02::179,N/A,N/A,N/A,N/A,N/A,N/A,,,1
1759293518,eth1,110,Ethernet,IPv6,ICMP,N/A,v6,fe80::103b:bdff:fef0:169,ff02::179,N/A,N/A,N/A,N/A,N/A,N/A,,,1
1759293518,any,112,N/A,IPv6,ICMP,N/A,v6,fe80::ecf9:eff:fefb:55,ff02::179,N/A,N/A,N/A,N/A,N/A,N/A,,,1
1759293518,eth0,110,Ethernet,IPv6,ICMP,N/A,v6,fe80::ecf9:eff:fefb:55,ff02::179,N/A,N/A,N/A,N/A,N/A,N/A,,,1
1759293518,any,58,N/A,IPv4,N/A,N/A,v4,172.30.0.89,224.0.0.22,N/A,N/A,N/A,N/A,N/A,N/A,,,1
1759293518,eth0,56,Ethernet,IPv4,N/A,N/A,v4,172.30.0.89,224.0.0.22,N/A,N/A,N/A,N/A,N/A,N/A,,,1
1759293518,any,58,ARP,N/A,N/A,N/A,N/A,N/A,N/A,N/A,N/A,1,2048,172.30.0.89,172.30.0.122,,,1
1759293518,eth0,107,Ethernet,N/A,N/A,N/A,N/A,N/A,N/A,N/A,N/A,N/A,N/A,N/A,N/A,,,0
1759293518,any,109,N/A,N/A,N/A,N/A,N/A,N/A,N/A,N/A,N/A,N/A,N/A,N/A,N/A,,,0
1759293518,eth0,90,Ethernet,IPv6,ICMP,N/A,v6,fe80::5ca9:83ff:fe87:27,ff02::179,N/A,N/A,N/A,N/A,N/A,N/A,,,0
1759293518,eth0,54,Ethernet,IPv4,N/A,N/A,v4,172.30.0.220,224.0.0.22,N/A,N/A,N/A,N/A,N/A,N/A,,,0
1759293518,any,92,N/A,IPv6,ICMP,N/A,v6,fe80::5ca9:83ff:fe87:27,ff02::179,N/A,N/A,N/A,N/A,N/A,N/A,,,0
1759293518,eth0,67,Ethernet,IPv4,UDP,N/A,v4,172.30.0.220,224.0.0.252,5355,5355,N/A,N/A,N/A,N/A,,,0
1759293518,eth0,87,Ethernet,IPv6,UDP,N/A,v6,fe80::5ca9:83ff:fe87:27,ff02::1:52,5355,5355,N/A,N/A,N/A,N/A,,,0
1759293518,any,69,N/A,IPv4,UDP,N/A,v4,172.30.0.220,224.0.0.252,5355,5355,N/A,N/A,N/A,N/A,,,0
1759293518,eth0,356,Ethernet,IPv4,UDP,N/A,v4,0.0.0.0,255.255.255.255,68,67,N/A,N/A,N/A,N/A,,,0
1759293518,any,358,N/A,IPv4,UDP,N/A,v4,0.0.0.0,255.255.255.255,68,67,N/A,N/A,N/A,N/A,,,0
1759293518,eth0,368,Ethernet,IPv4,UDP,N/A,v4,0.0.0.0,255.255.255.255,68,67,N/A,N/A,N/A,N/A,,,0
1759293518,any,370,N/A,IPv4,UDP,N/A,v4,0.0.0.0,255.255.255.255,68,67,N/A,N/A,N/A,N/A,,,0
1759293518,eth1,110,Ethernet,IPv6,ICMP,N/A,v6,fe80::a824:52ff:fe4f:69,ff02::179,N/A,N/A,N/A,N/A,N/A,N/A,,,0
1759293518,any,112,N/A,IPv6,ICMP,N/A,v6,fe80::a824:52ff:fe4f:69,ff02::179,N/A,N/A,N/A,N/A,N/A,N/A,,,0
1759293518,any,112,N/A,IPv6,ICMP,N/A,v6,fe80::5ca9:83ff:fe87:27,ff02::179,N/A,N/A,N/A,N/A,N/A,N/A,,,0
1759293518,eth0,110,Ethernet,IPv6,ICMP,N/A,v6,fe80::5ca9:83ff:fe87:27,ff02::179,N/A,N/A,N/A,N/A,N/A,N/A,,,0
1759293518,eth0,54,Ethernet,IPv4,N/A,N/A,v4,172.30.0.220,224.0.0.22,N/A,N/A,N/A,N/A,N/A,N/A,,,0
1759293518,eth0,56,Ethernet,N/A,N/A,N/A,N/A,N/A,N/A,N/A,N/A,N/A,N/A,N/A,N/A,,,1
1759293518,any,112,N/A,IPv6,ICMP,N/A,v6,fe80::24f1:23ff:fe29:66,ff02::179,N/A,N/A,N/A,N/A,N/A,N/A,,,1
1759293518,eth0,110,Ethernet,IPv6,ICMP,N/A,v6,fe80::24f1:23ff:fe29:66,ff02::179,N/A,N/A,N/A,N/A,N/A,N/A,,,1
1759293518,eth0,111,Ethernet,N/A,N/A,N/A,N/A,N/A,N/A,N/A,N/A,N/A,N/A,N/A,N/A,,,1
1759293518,eth0,70,Ethernet,IPv6,ICMP,N/A,v6,fe80::e48e:99ff:fe5f:147,ff02::204,N/A,N/A,N/A,N/A,N/A,N/A,,,1
1759293518,eth2,70,Ethernet,IPv6,ICMP,N/A,v6,fe80::dcac:f9ff:fe59:60,ff02::204,N/A,N/A,N/A,N/A,N/A,N/A,,,1
1759293518,eth1,70,Ethernet,IPv6,ICMP,N/A,v6,fe80::f056:abff:fe65:143,ff02::204,N/A,N/A,N/A,N/A,N/A,N/A,,,1
1759293518,any,72,N/A,IPv6,ICMP,N/A,v6,fe80::dcac:f9ff:fe59:60,ff02::204,N/A,N/A,N/A,N/A,N/A,N/A,,,1
1759293518,eth0,110,Ethernet,IPv6,ICMP,N/A,v6,fe80::ecf9:eff:fefb:55,ff02::179,N/A,N/A,N/A,N/A,N/A,N/A,,,1
1759293518,any,112,N/A,IPv6,ICMP,N/A,v6,fe80::ecf9:eff:fefb:55,ff02::179,N/A,N/A,N/A,N/A,N/A,N/A,,,1
1759293518,eth0,56,Ethernet,IPv4,N/A,N/A,v4,172.30.0.89,224.0.0.22,N/A,N/A,N/A,N/A,N/A,N/A,,,1
1759293518,any,58,N/A,IPv4,N/A,N/A,v4,172.30.0.89,224.0.0.22,N/A,N/A,N/A,N/A,N/A,N/A,,,1
1759293518,any,56,N/A,IPv4,N/A,N/A,v4,172.30.0.23,224.0.0.22,N/A,N/A,N/A,N/A,N/A,N/A,,,1
1759293518,eth0,54,Ethernet,IPv4,N/A,N/A,v4,172.30.0.23,224.0.0.22,N/A,N/A,N/A,N/A,N/A,N/A,,,1
1759293519,any,56,N/A,IPv4,N/A,N/A,v4,172.30.0.220,224.0.0.22,N/A,N/A,N/A,N/A,N/A,N/A,,,0
1759293519,eth0,54,Ethernet,IPv4,N/A,N/A,v4,172.30.0.220,224.0.0.22,N/A,N/A,N/A,N/A,N/A,N/A,,,0
1759293519,any,112,N/A,IPv6,ICMP,N/A,v6,fe80::a824:52ff:fe4f:69,ff02::179,N/A,N/A,N/A,N/A,N/A,N/A,,,0
1759293519,eth1,110,Ethernet,IPv6,ICMP,N/A,v6,fe80::a824:52ff:fe4f:69,ff02::179,N/A,N/A,N/A,N/A,N/A,N/A,,,0
1759293519,eth1,70,Ethernet,IPv6,ICMP,N/A,v6,fe80::a824:52ff:fe4f:69,ff02::204,N/A,N/A,N/A,N/A,N/A,N/A,,,0
1759293519,any,72,N/A,IPv6,ICMP,N/A,v6,fe80::a824:52ff:fe4f:69,ff02::204,N/A,N/A,N/A,N/A,N/A,N/A,,,0
1759293519,any,72,N/A,IPv6,ICMP,N/A,v6,fe80::5ca9:83ff:fe87:27,ff02::204,N/A,N/A,N/A,N/A,N/A,N/A,,,0
1759293519,eth0,70,Ethernet,IPv6,ICMP,N/A,v6,fe80::5ca9:83ff:fe87:27,ff02::204,N/A,N/A,N/A,N/A,N/A,N/A,,,0
1759293519,eth0,70,Ethernet,IPv6,ICMP,N/A,v6,fe80::24f1:23ff:fe29:66,ff02::204,N/A,N/A,N/A,N/A,N/A,N/A,,,1
1759293519,any,72,N/A,IPv6,ICMP,N/A,v6,fe80::24f1:23ff:fe29:66,ff02::204,N/A,N/A,N/A,N/A,N/A,N/A,,,1
1759293519,any,72,N/A,IPv6,ICMP,N/A,v6,fe80::7827:e3ff:fe68:239,ff02::204,N/A,N/A,N/A,N/A,N/A,N/A,,,1
1759293519,eth1,70,Ethernet,IPv6,ICMP,N/A,v6,fe80::7827:e3ff:fe68:239,ff02::204,N/A,N/A,N/A,N/A,N/A,N/A,,,1
1759293519,any,112,N/A,IPv6,ICMP,N/A,v6,fe80::103b:bdff:fef0:169,ff02::179,N/A,N/A,N/A,N/A,N/A,N/A,,,1
1759293519,eth1,110,Ethernet,IPv6,ICMP,N/A,v6,fe80::103b:bdff:fef0:169,ff02::179,N/A,N/A,N/A,N/A,N/A,N/A,,,1
1759293519,any,72,N/A,IPv6,ICMP,N/A,v6,fe80::ecf9:eff:fefb:55,ff02::204,N/A,N/A,N/A,N/A,N/A,N/A,,,1
1759293519,eth0,70,Ethernet,IPv6,ICMP,N/A,v6,fe80::ecf9:eff:fefb:55,ff02::204,N/A,N/A,N/A,N/A,N/A,N/A,,,1
1759293519,any,72,N/A,IPv6,ICMP,N/A,v6,fe80::103b:bdff:fef0:169,ff02::204,N/A,N/A,N/A,N/A,N/A,N/A,,,1
1759293519,eth1,70,Ethernet,IPv6,ICMP,N/A,v6,fe80::103b:bdff:fef0:169,ff02::204,N/A,N/A,N/A,N/A,N/A,N/A,,,1
1759293519,eth0,111,Ethernet,N/A,N/A,N/A,N/A,N/A,N/A,N/A,N/A,N/A,N/A,N/A,N/A,,,1
1759293519,any,113,N/A,N/A,N/A,N/A,N/A,N/A,N/A,N/A,N/A,N/A,N/A,N/A,N/A,,,1
1759293519,eth0,42,Ethernet,N/A,N/A,N/A,N/A,N/A,N/A,N/A,N/A,N/A,N/A,N/A,N/A,,,0
1759293519,eth0,56,Ethernet,N/A,N/A,N/A,N/A,N/A,N/A,N/A,N/A,N/A,N/A,N/A,N/A,,,0
1759293519,any,44,ARP,N/A,N/A,N/A,N/A,N/A,N/A,N/A,N/A,1,2048,172.30.0.220,172.30.0.122,,,0
1759293519,any,58,ARP,N/A,N/A,N/A,N/A,N/A,N/A,N/A,N/A,2,2048,172.30.0.122,172.30.0.220,,,0
1759293519,any,112,N/A,IPv6,ICMP,N/A,v6,fe80::5ca9:83ff:fe87:27,ff02::179,N/A,N/A,N/A,N/A,N/A,N/A,,,0
1759293519,eth0,110,Ethernet,IPv6,ICMP,N/A,v6,fe80::5ca9:83ff:fe87:27,ff02::179,N/A,N/A,N/A,N/A,N/A,N/A,,,0
1759293519,eth0,107,Ethernet,N/A,N/A,N/A,N/A,N/A,N/A,N/A,N/A,N/A,N/A,N/A,N/A,,,0
1759293519,any,109,N/A,N/A,N/A,N/A,N/A,N/A,N/A,N/A,N/A,N/A,N/A,N/A,N/A,,,0
1759293520,eth0,111,Ethernet,N/A,N/A,N/A,N/A,N/A,N/A,N/A,N/A,N/A,N/A,N/A,N/A,,,1
1759293520,any,113,N/A,N/A,N/A,N/A,N/A,N/A,N/A,N/A,N/A,N/A,N/A,N/A,N/A,,,1
1759293521,any,92,N/A,IPv6,ICMP,N/A,v6,fe80::b0b5:44ff:feea:219,ff02::179,N/A,N/A,N/A,N/A,N/A,N/A,,,1
1759293521,eth0,90,Ethernet,IPv6,ICMP,N/A,v6,fe80::b0b5:44ff:feea:219,ff02::179,N/A,N/A,N/A,N/A,N/A,N/A,,,1
1759293521,eth0,54,Ethernet,IPv4,N/A,N/A,v4,172.30.0.163,224.0.0.22,N/A,N/A,N/A,N/A,N/A,N/A,,,1
1759293521,eth0,68,Ethernet,IPv4,UDP,N/A,v4,172.30.0.163,224.0.0.252,5355,5355,N/A,N/A,N/A,N/A,,,1
1759293521,eth0,88,Ethernet,IPv6,UDP,N/A,v6,fe80::b0b5:44ff:feea:219,ff02::1:52,5355,5355,N/A,N/A,N/A,N/A,,,1
1759293521,any,70,N/A,IPv4,UDP,N/A,v4,172.30.0.163,224.0.0.252,5355,5355,N/A,N/A,N/A,N/A,,,1
1759293521,eth0,357,Ethernet,IPv4,UDP,N/A,v4,0.0.0.0,255.255.255.255,68,67,N/A,N/A,N/A,N/A,,,1
1759293521,any,359,N/A,IPv4,UDP,N/A,v4,0.0.0.0,255.255.255.255,68,67,N/A,N/A,N/A,N/A,,,1
1759293521,eth0,369,Ethernet,IPv4,UDP,N/A,v4,0.0.0.0,255.255.255.255,68,67,N/A,N/A,N/A,N/A,,,1
1759293521,any,371,N/A,IPv4,UDP,N/A,v4,0.0.0.0,255.255.255.255,68,67,N/A,N/A,N/A,N/A,,,1
1759293521,eth1,110,Ethernet,IPv6,ICMP,N/A,v6,fe80::780a:a9ff:fee6:89,ff02::179,N/A,N/A,N/A,N/A,N/A,N/A,,,1
1759293521,any,112,N/A,IPv6,ICMP,N/A,v6,fe80::780a:a9ff:fee6:89,ff02::179,N/A,N/A,N/A,N/A,N/A,N/A,,,1
1759293521,any,112,N/A,IPv6,ICMP,N/A,v6,fe80::b0b5:44ff:feea:219,ff02::179,N/A,N/A,N/A,N/A,N/A,N/A,,,1
1759293521,eth0,110,Ethernet,IPv6,ICMP,N/A,v6,fe80::b0b5:44ff:feea:219,ff02::179,N/A,N/A,N/A,N/A,N/A,N/A,,,1
1759293521,eth0,54,Ethernet,IPv4,N/A,N/A,v4,172.30.0.163,224.0.0.22,N/A,N/A,N/A,N/A,N/A,N/A,,,1
1759293521,eth0,42,Ethernet,N/A,N/A,N/A,N/A,N/A,N/A,N/A,N/A,N/A,N/A,N/A,N/A,,,1
1759293521,eth0,111,Ethernet,N/A,N/A,N/A,N/A,N/A,N/A,N/A,N/A,N/A,N/A,N/A,N/A,,,1
1759293521,any,113,N/A,N/A,N/A,N/A,N/A,N/A,N/A,N/A,N/A,N/A,N/A,N/A,N/A,,,1
1759293521,any,56,N/A,IPv4,N/A,N/A,v4,172.30.0.163,224.0.0.22,N/A,N/A,N/A,N/A,N/A,N/A,,,1
1759293521,eth0,54,Ethernet,IPv4,N/A,N/A,v4,172.30.0.163,224.0.0.22,N/A,N/A,N/A,N/A,N/A,N/A,,,1
1759293521,any,109,N/A,N/A,N/A,N/A,N/A,N/A,N/A,N/A,N/A,N/A,N/A,N/A,N/A,,,0
1759293521,eth0,107,Ethernet,N/A,N/A,N/A,N/A,N/A,N/A,N/A,N/A,N/A,N/A,N/A,N/A,,,0
1759293522,any,92,N/A,IPv6,ICMP,N/A,v6,fe80::24f1:23ff:fe29:66,ff02::179,N/A,N/A,N/A,N/A,N/A,N/A,,,1
1759293522,eth0,90,Ethernet,IPv6,ICMP,N/A,v6,fe80::24f1:23ff:fe29:66,ff02::179,N/A,N/A,N/A,N/A,N/A,N/A,,,1
1759293522,eth0,54,Ethernet,IPv4,N/A,N/A,v4,172.30.0.23,224.0.0.22,N/A,N/A,N/A,N/A,N/A,N/A,,,1
1759293522,eth0,356,Ethernet,IPv4,UDP,N/A,v4,0.0.0.0,255.255.255.255,68,67,N/A,N/A,N/A,N/A,,,1
1759293522,any,358,N/A,IPv4,UDP,N/A,v4,0.0.0.0,255.255.255.255,68,67,N/A,N/A,N/A,N/A,,,1
1759293522,any,370,N/A,IPv4,UDP,N/A,v4,0.0.0.0,255.255.255.255,68,67,N/A,N/A,N/A,N/A,,,1
1759293522,eth0,368,Ethernet,IPv4,UDP,N/A,v4,0.0.0.0,255.255.255.255,68,67,N/A,N/A,N/A,N/A,,,1
1759293522,any,112,N/A,IPv6,ICMP,N/A,v6,fe80::7827:e3ff:fe68:239,ff02::179,N/A,N/A,N/A,N/A,N/A,N/A,,,1
1759293522,eth1,110,Ethernet,IPv6,ICMP,N/A,v6,fe80::7827:e3ff:fe68:239,ff02::179,N/A,N/A,N/A,N/A,N/A,N/A,,,1
1759293522,eth0,42,Ethernet,N/A,N/A,N/A,N/A,N/A,N/A,N/A,N/A,N/A,N/A,N/A,N/A,,,1
1759293522,eth0,110,Ethernet,IPv6,ICMP,N/A,v6,fe80::24f1:23ff:fe29:66,ff02::179,N/A,N/A,N/A,N/A,N/A,N/A,,,1
1759293522,eth0,54,Ethernet,IPv4,N/A,N/A,v4,172.30.0.23,224.0.0.22,N/A,N/A,N/A,N/A,N/A,N/A,,,1
1759293522,any,112,N/A,IPv6,ICMP,N/A,v6,fe80::24f1:23ff:fe29:66,ff02::179,N/A,N/A,N/A,N/A,N/A,N/A,,,1
1759293522,any,112,N/A,IPv6,ICMP,N/A,v6,fe80::780a:a9ff:fee6:89,ff02::179,N/A,N/A,N/A,N/A,N/A,N/A,,,1
1759293522,eth1,110,Ethernet,IPv6,ICMP,N/A,v6,fe80::780a:a9ff:fee6:89,ff02::179,N/A,N/A,N/A,N/A,N/A,N/A,,,1
1759293522,any,56,N/A,IPv4,N/A,N/A,v4,172.30.0.23,224.0.0.22,N/A,N/A,N/A,N/A,N/A,N/A,,,1
1759293522,eth0,54,Ethernet,IPv4,N/A,N/A,v4,172.30.0.23,224.0.0.22,N/A,N/A,N/A,N/A,N/A,N/A,,,1
1759293522,eth0,110,Ethernet,IPv6,ICMP,N/A,v6,fe80::b0b5:44ff:feea:219,ff02::179,N/A,N/A,N/A,N/A,N/A,N/A,,,1
1759293522,any,112,N/A,IPv6,ICMP,N/A,v6,fe80::b0b5:44ff:feea:219,ff02::179,N/A,N/A,N/A,N/A,N/A,N/A,,,1
1759293522,any,112,N/A,IPv6,ICMP,N/A,v6,fe80::7827:e3ff:fe68:239,ff02::179,N/A,N/A,N/A,N/A,N/A,N/A,,,1
1759293522,eth1,110,Ethernet,IPv6,ICMP,N/A,v6,fe80::7827:e3ff:fe68:239,ff02::179,N/A,N/A,N/A,N/A,N/A,N/A,,,1
1759293522,eth1,70,Ethernet,IPv6,ICMP,N/A,v6,fe80::780a:a9ff:fee6:89,ff02::204,N/A,N/A,N/A,N/A,N/A,N/A,,,1
1759293522,eth0,70,Ethernet,IPv6,ICMP,N/A,v6,fe80::b0b5:44ff:feea:219,ff02::204,N/A,N/A,N/A,N/A,N/A,N/A,,,1
1759293522,any,72,N/A,IPv6,ICMP,N/A,v6,fe80::b0b5:44ff:feea:219,ff02::204,N/A,N/A,N/A,N/A,N/A,N/A,,,1
1759293522,any,72,N/A,IPv6,ICMP,N/A,v6,fe80::780a:a9ff:fee6:89,ff02::204,N/A,N/A,N/A,N/A,N/A,N/A,,,1
1759293522,eth0,90,Ethernet,IPv6,ICMP,N/A,v6,fe80::e48e:99ff:fe5f:147,ff02::179,N/A,N/A,N/A,N/A,N/A,N/A,,,1
1759293522,eth0,54,Ethernet,IPv4,N/A,N/A,v4,172.30.0.220,224.0.0.22,N/A,N/A,N/A,N/A,N/A,N/A,,,1
1759293522,any,92,N/A,IPv6,ICMP,N/A,v6,fe80::e48e:99ff:fe5f:147,ff02::179,N/A,N/A,N/A,N/A,N/A,N/A,,,1
1759293522,eth0,91,Ethernet,IPv6,UDP,N/A,v6,fe80::e48e:99ff:fe5f:147,ff02::1:52,5355,5355,N/A,N/A,N/A,N/A,,,1
1759293522,any,93,N/A,IPv6,UDP,N/A,v6,fe80::e48e:99ff:fe5f:147,ff02::1:52,5355,5355,N/A,N/A,N/A,N/A,,,1
1759293522,eth0,360,Ethernet,IPv4,UDP,N/A,v4,0.0.0.0,255.255.255.255,68,67,N/A,N/A,N/A,N/A,,,1
1759293522,any,362,N/A,IPv4,UDP,N/A,v4,0.0.0.0,255.255.255.255,68,67,N/A,N/A,N/A,N/A,,,1
1759293522,eth0,372,Ethernet,IPv4,UDP,N/A,v4,0.0.0.0,255.255.255.255,68,67,N/A,N/A,N/A,N/A,,,1
1759293522,any,374,N/A,IPv4,UDP,N/A,v4,0.0.0.0,255.255.255.255,68,67,N/A,N/A,N/A,N/A,,,1
1759293522,eth0,42,Ethernet,N/A,N/A,N/A,N/A,N/A,N/A,N/A,N/A,N/A,N/A,N/A,N/A,,,1
1759293522,any,112,N/A,IPv6,ICMP,N/A,v6,fe80::f056:abff:fe65:143,ff02::179,N/A,N/A,N/A,N/A,N/A,N/A,,,1
1759293522,eth1,110,Ethernet,IPv6,ICMP,N/A,v6,fe80::f056:abff:fe65:143,ff02::179,N/A,N/A,N/A,N/A,N/A,N/A,,,1
1759293522,eth2,110,Ethernet,IPv6,ICMP,N/A,v6,fe80::dcac:f9ff:fe59:60,ff02::179,N/A,N/A,N/A,N/A,N/A,N/A,,,1
1759293522,eth0,56,Ethernet,N/A,N/A,N/A,N/A,N/A,N/A,N/A,N/A,N/A,N/A,N/A,N/A,,,1
1759293522,eth0,56,Ethernet,N/A,N/A,N/A,N/A,N/A,N/A,N/A,N/A,N/A,N/A,N/A,N/A,,,1
1759293522,any,58,ARP,N/A,N/A,N/A,N/A,N/A,N/A,N/A,N/A,2,2048,172.30.0.122,172.30.0.220,,,1
1759293522,any,58,ARP,N/A,N/A,N/A,N/A,N/A,N/A,N/A,N/A,2,2048,172.30.0.122,172.30.0.220,,,1
1759293522,eth0,110,Ethernet,IPv6,ICMP,N/A,v6,fe80::e48e:99ff:fe5f:147,ff02::179,N/A,N/A,N/A,N/A,N/A,N/A,,,1
1759293522,eth0,54,Ethernet,IPv4,N/A,N/A,v4,172.30.0.220,224.0.0.22,N/A,N/A,N/A,N/A,N/A,N/A,,,1
1759293522,any,112,N/A,IPv6,ICMP,N/A,v6,fe80::e48e:99ff:fe5f:147,ff02::179,N/A,N/A,N/A,N/A,N/A,N/A,,,1
1759293522,any,112,N/A,IPv6,ICMP,N/A,v6,fe80::24f1:23ff:fe29:66,ff02::179,N/A,N/A,N/A,N/A,N/A,N/A,,,1
1759293522,eth0,110,Ethernet,IPv6,ICMP,N/A,v6,fe80::24f1:23ff:fe29:66,ff02::179,N/A,N/A,N/A,N/A,N/A,N/A,,,1
1759293522,any,112,N/A,IPv6,ICMP,N/A,v6,fe80::f056:abff:fe65:143,ff02::179,N/A,N/A,N/A,N/A,N/A,N/A,,,1
1759293522,eth1,110,Ethernet,IPv6,ICMP,N/A,v6,fe80::f056:abff:fe65:143,ff02::179,N/A,N/A,N/A,N/A,N/A,N/A,,,1
1759293522,any,112,N/A,IPv6,ICMP,N/A,v6,fe80::dcac:f9ff:fe59:60,ff02::179,N/A,N/A,N/A,N/A,N/A,N/A,,,1
1759293522,eth2,110,Ethernet,IPv6,ICMP,N/A,v6,fe80::dcac:f9ff:fe59:60,ff02::179,N/A,N/A,N/A,N/A,N/A,N/A,,,1
1759293522,eth0,107,Ethernet,N/A,N/A,N/A,N/A,N/A,N/A,N/A,N/A,N/A,N/A,N/A,N/A,,,0
1759293522,any,109,N/A,N/A,N/A,N/A,N/A,N/A,N/A,N/A,N/A,N/A,N/A,N/A,N/A,,,0
1759293523,any,72,N/A,IPv6,ICMP,N/A,v6,fe80::24f1:23ff:fe29:66,ff02::204,N/A,N/A,N/A,N/A,N/A,N/A,,,1
1759293523,eth1,70,Ethernet,IPv6,ICMP,N/A,v6,fe80::7827:e3ff:fe68:239,ff02::204,N/A,N/A,N/A,N/A,N/A,N/A,,,1
1759293523,eth0,70,Ethernet,IPv6,ICMP,N/A,v6,fe80::24f1:23ff:fe29:66,ff02::204,N/A,N/A,N/A,N/A,N/A,N/A,,,1
1759293523,eth0,110,Ethernet,IPv6,ICMP,N/A,v6,fe80::e48e:99ff:fe5f:147,ff02::179,N/A,N/A,N/A,N/A,N/A,N/A,,,1
1759293523,any,112,N/A,IPv6,ICMP,N/A,v6,fe80::e48e:99ff:fe5f:147,ff02::179,N/A,N/A,N/A,N/A,N/A,N/A,,,1
1759293523,eth0,54,Ethernet,IPv4,N/A,N/A,v4,172.30.0.220,224.0.0.22,N/A,N/A,N/A,N/A,N/A,N/A,,,1
1759293523,any,56,N/A,IPv4,N/A,N/A,v4,172.30.0.220,224.0.0.22,N/A,N/A,N/A,N/A,N/A,N/A,,,1
1759293523,eth0,90,Ethernet,IPv6,ICMP,N/A,v6,fe80::ecf9:eff:fefb:55,ff02::179,N/A,N/A,N/A,N/A,N/A,N/A,,,1
1759293523,eth0,56,Ethernet,IPv4,N/A,N/A,v4,172.30.0.89,224.0.0.22,N/A,N/A,N/A,N/A,N/A,N/A,,,1
1759293523,any,92,N/A,IPv6,ICMP,N/A,v6,fe80::ecf9:eff:fefb:55,ff02::179,N/A,N/A,N/A,N/A,N/A,N/A,,,1
1759293523,eth0,67,Ethernet,IPv4,UDP,N/A,v4,172.30.0.89,224.0.0.252,5355,5355,N/A,N/A,N/A,N/A,,,1
1759293523,any,69,N/A,IPv4,UDP,N/A,v4,172.30.0.89,224.0.0.252,5355,5355,N/A,N/A,N/A,N/A,,,1
1759293523,any,58,N/A,IPv4,N/A,N/A,v4,172.30.0.89,224.0.0.22,N/A,N/A,N/A,N/A,N/A,N/A,,,1
1759293523,eth0,56,Ethernet,IPv4,N/A,N/A,v4,172.30.0.89,224.0.0.22,N/A,N/A,N/A,N/A,N/A,N/A,,,1
1759293523,any,72,N/A,IPv6,ICMP,N/A,v6,fe80::dcac:f9ff:fe59:60,ff02::204,N/A,N/A,N/A,N/A,N/A,N/A,,,1
1759293523,eth2,70,Ethernet,IPv6,ICMP,N/A,v6,fe80::dcac:f9ff:fe59:60,ff02::204,N/A,N/A,N/A,N/A,N/A,N/A,,,1
1759293523,eth1,70,Ethernet,IPv6,ICMP,N/A,v6,fe80::f056:abff:fe65:143,ff02::204,N/A,N/A,N/A,N/A,N/A,N/A,,,1
1759293523,eth0,70,Ethernet,IPv6,ICMP,N/A,v6,fe80::e48e:99ff:fe5f:147,ff02::204,N/A,N/A,N/A,N/A,N/A,N/A,,,1
1759293523,any,358,N/A,IPv4,UDP,N/A,v4,0.0.0.0,255.255.255.255,68,67,N/A,N/A,N/A,N/A,,,1
1759293523,eth0,356,Ethernet,IPv4,UDP,N/A,v4,0.0.0.0,255.255.255.255,68,67,N/A,N/A,N/A,N/A,,,1
1759293523,eth0,368,Ethernet,IPv4,UDP,N/A,v4,0.0.0.0,255.255.255.255,68,67,N/A,N/A,N/A,N/A,,,1
1759293523,any,370,N/A,IPv4,UDP,N/A,v4,0.0.0.0,255.255.255.255,68,67,N/A,N/A,N/A,N/A,,,1
1759293523,any,112,N/A,IPv6,ICMP,N/A,v6,fe80::103b:bdff:fef0:169,ff02::179,N/A,N/A,N/A,N/A,N/A,N/A,,,1
1759293523,eth1,110,Ethernet,IPv6,ICMP,N/A,v6,fe80::103b:bdff:fef0:169,ff02::179,N/A,N/A,N/A,N/A,N/A,N/A,,,1
1759293523,any,112,N/A,IPv6,ICMP,N/A,v6,fe80::ecf9:eff:fefb:55,ff02::179,N/A,N/A,N/A,N/A,N/A,N/A,,,1
1759293523,any,58,N/A,IPv4,N/A,N/A,v4,172.30.0.89,224.0.0.22,N/A,N/A,N/A,N/A,N/A,N/A,,,1
1759293523,eth0,107,Ethernet,N/A,N/A,N/A,N/A,N/A,N/A,N/A,N/A,N/A,N/A,N/A,N/A,,,0
1759293523,any,109,N/A,N/A,N/A,N/A,N/A,N/A,N/A,N/A,N/A,N/A,N/A,N/A,N/A,,,0
1759293523,any,72,N/A,IPv6,ICMP,N/A,v6,fe80::a824:52ff:fe4f:69,ff02::204,N/A,N/A,N/A,N/A,N/A,N/A,,,0
1759293523,eth1,70,Ethernet,IPv6,ICMP,N/A,v6,fe80::a824:52ff:fe4f:69,ff02::204,N/A,N/A,N/A,N/A,N/A,N/A,,,0
1759293523,eth0,70,Ethernet,IPv6,ICMP,N/A,v6,fe80::5ca9:83ff:fe87:27,ff02::204,N/A,N/A,N/A,N/A,N/A,N/A,,,0
1759293523,any,72,N/A,IPv6,ICMP,N/A,v6,fe80::5ca9:83ff:fe87:27,ff02::204,N/A,N/A,N/A,N/A,N/A,N/A,,,0
1759293523,eth0,110,Ethernet,IPv6,ICMP,N/A,v6,fe80::ecf9:eff:fefb:55,ff02::179,N/A,N/A,N/A,N/A,N/A,N/A,,,1
1759293523,eth0,56,Ethernet,IPv4,N/A,N/A,v4,172.30.0.89,224.0.0.22,N/A,N/A,N/A,N/A,N/A,N/A,,,1
1759293523,eth0,56,Ethernet,N/A,N/A,N/A,N/A,N/A,N/A,N/A,N/A,N/A,N/A,N/A,N/A,,,1
1759293523,any,58,ARP,N/A,N/A,N/A,N/A,N/A,N/A,N/A,N/A,1,2048,172.30.0.89,172.30.0.122,,,1
1759293523,eth0,111,Ethernet,N/A,N/A,N/A,N/A,N/A,N/A,N/A,N/A,N/A,N/A,N/A,N/A,,,1
1759293523,any,113,N/A,N/A,N/A,N/A,N/A,N/A,N/A,N/A,N/A,N/A,N/A,N/A,N/A,,,1
1759293524,eth0,90,Ethernet,IPv6,ICMP,N/A,v6,fe80::5ca9:83ff:fe87:27,ff02::179,N/A,N/A,N/A,N/A,N/A,N/A,,,0
1759293524,eth0,54,Ethernet,IPv4,N/A,N/A,v4,172.30.0.220,224.0.0.22,N/A,N/A,N/A,N/A,N/A,N/A,,,0
1759293524,any,92,N/A,IPv6,ICMP,N/A,v6,fe80::5ca9:83ff:fe87:27,ff02::179,N/A,N/A,N/A,N/A,N/A,N/A,,,0
1759293524,eth0,54,Ethernet,IPv4,N/A,N/A,v4,172.30.0.220,224.0.0.22,N/A,N/A,N/A,N/A,N/A,N/A,,,0
1759293524,any,56,N/A,IPv4,N/A,N/A,v4,172.30.0.220,224.0.0.22,N/A,N/A,N/A,N/A,N/A,N/A,,,0
1759293524,eth0,87,Ethernet,IPv6,UDP,N/A,v6,fe80::5ca9:83ff:fe87:27,ff02::1:52,5355,5355,N/A,N/A,N/A,N/A,,,0
1759293524,any,89,N/A,IPv6,UDP,N/A,v6,fe80::5ca9:83ff:fe87:27,ff02::1:52,5355,5355,N/A,N/A,N/A,N/A,,,0
1759293524,eth0,356,Ethernet,IPv4,UDP,N/A,v4,0.0.0.0,255.255.255.255,68,67,N/A,N/A,N/A,N/A,,,0
1759293524,any,358,N/A,IPv4,UDP,N/A,v4,0.0.0.0,255.255.255.255,68,67,N/A,N/A,N/A,N/A,,,0
1759293524,eth0,368,Ethernet,IPv4,UDP,N/A,v4,0.0.0.0,255.255.255.255,68,67,N/A,N/A,N/A,N/A,,,0
1759293524,any,370,N/A,IPv4,UDP,N/A,v4,0.0.0.0,255.255.255.255,68,67,N/A,N/A,N/A,N/A,,,0
1759293524,eth1,110,Ethernet,IPv6,ICMP,N/A,v6,fe80::a824:52ff:fe4f:69,ff02::179,N/A,N/A,N/A,N/A,N/A,N/A,,,0
1759293524,any,112,N/A,IPv6,ICMP,N/A,v6,fe80::a824:52ff:fe4f:69,ff02::179,N/A,N/A,N/A,N/A,N/A,N/A,,,0
1759293524,eth0,54,Ethernet,IPv4,N/A,N/A,v4,172.30.0.220,224.0.0.22,N/A,N/A,N/A,N/A,N/A,N/A,,,0
1759293524,any,56,N/A,IPv4,N/A,N/A,v4,172.30.0.220,224.0.0.22,N/A,N/A,N/A,N/A,N/A,N/A,,,0
1759293524,eth0,110,Ethernet,IPv6,ICMP,N/A,v6,fe80::5ca9:83ff:fe87:27,ff02::179,N/A,N/A,N/A,N/A,N/A,N/A,,,0
1759293524,any,112,N/A,IPv6,ICMP,N/A,v6,fe80::5ca9:83ff:fe87:27,ff02::179,N/A,N/A,N/A,N/A,N/A,N/A,,,0
1759293524,eth0,42,Ethernet,N/A,N/A,N/A,N/A,N/A,N/A,N/A,N/A,N/A,N/A,N/A,N/A,,,0
1759293524,eth0,56,Ethernet,N/A,N/A,N/A,N/A,N/A,N/A,N/A,N/A,N/A,N/A,N/A,N/A,,,0
1759293524,eth0,56,Ethernet,N/A,N/A,N/A,N/A,N/A,N/A,N/A,N/A,N/A,N/A,N/A,N/A,,,0
1759293524,any,44,ARP,N/A,N/A,N/A,N/A,N/A,N/A,N/A,N/A,1,2048,172.30.0.220,172.30.0.122,,,0
1759293524,any,58,ARP,N/A,N/A,N/A,N/A,N/A,N/A,N/A,N/A,2,2048,172.30.0.122,172.30.0.220,,,0
1759293524,any,112,N/A,IPv6,ICMP,N/A,v6,fe80::a824:52ff:fe4f:69,ff02::179,N/A,N/A,N/A,N/A,N/A,N/A,,,0
1759293524,eth1,110,Ethernet,IPv6,ICMP,N/A,v6,fe80::a824:52ff:fe4f:69,ff02::179,N/A,N/A,N/A,N/A,N/A,N/A,,,0
1759293524,eth1,70,Ethernet,IPv6,ICMP,N/A,v6,fe80::a824:52ff:fe4f:69,ff02::204,N/A,N/A,N/A,N/A,N/A,N/A,,,0
1759293524,eth0,70,Ethernet,IPv6,ICMP,N/A,v6,fe80::5ca9:83ff:fe87:27,ff02::204,N/A,N/A,N/A,N/A,N/A,N/A,,,0
1759293524,any,72,N/A,IPv6,ICMP,N/A,v6,fe80::a824:52ff:fe4f:69,ff02::204,N/A,N/A,N/A,N/A,N/A,N/A,,,0
1759293524,any,112,N/A,IPv6,ICMP,N/A,v6,fe80::5ca9:83ff:fe87:27,ff02::179,N/A,N/A,N/A,N/A,N/A,N/A,,,0
1759293524,eth0,110,Ethernet,IPv6,ICMP,N/A,v6,fe80::5ca9:83ff:fe87:27,ff02::179,N/A,N/A,N/A,N/A,N/A,N/A,,,0
1759293524,any,112,N/A,IPv6,ICMP,N/A,v6,fe80::103b:bdff:fef0:169,ff02::179,N/A,N/A,N/A,N/A,N/A,N/A,,,1
1759293524,eth1,110,Ethernet,IPv6,ICMP,N/A,v6,fe80::103b:bdff:fef0:169,ff02::179,N/A,N/A,N/A,N/A,N/A,N/A,,,1
1759293524,any,112,N/A,IPv6,ICMP,N/A,v6,fe80::ecf9:eff:fefb:55,ff02::179,N/A,N/A,N/A,N/A,N/A,N/A,,,1
1759293524,eth0,110,Ethernet,IPv6,ICMP,N/A,v6,fe80::ecf9:eff:fefb:55,ff02::179,N/A,N/A,N/A,N/A,N/A,N/A,,,1
1759293524,eth1,70,Ethernet,IPv6,ICMP,N/A,v6,fe80::103b:bdff:fef0:169,ff02::204,N/A,N/A,N/A,N/A,N/A,N/A,,,1
1759293524,any,72,N/A,IPv6,ICMP,N/A,v6,fe80::ecf9:eff:fefb:55,ff02::204,N/A,N/A,N/A,N/A,N/A,N/A,,,1
1759293524,any,72,N/A,IPv6,ICMP,N/A,v6,fe80::103b:bdff:fef0:169,ff02::204,N/A,N/A,N/A,N/A,N/A,N/A,,,1
1759293524,eth0,70,Ethernet,IPv6,ICMP,N/A,v6,fe80::ecf9:eff:fefb:55,ff02::204,N/A,N/A,N/A,N/A,N/A,N/A,,,1
1759293524,any,58,N/A,IPv4,N/A,N/A,v4,172.30.0.89,224.0.0.22,N/A,N/A,N/A,N/A,N/A,N/A,,,1
1759293524,eth0,56,Ethernet,IPv4,N/A,N/A,v4,172.30.0.89,224.0.0.22,N/A,N/A,N/A,N/A,N/A,N/A,,,1
1759293525,eth0,54,Ethernet,IPv4,N/A,N/A,v4,172.30.0.220,224.0.0.22,N/A,N/A,N/A,N/A,N/A,N/A,,,0
1759293525,any,56,N/A,IPv4,N/A,N/A,v4,172.30.0.220,224.0.0.22,N/A,N/A,N/A,N/A,N/A,N/A,,,0
1759293525,eth0,107,Ethernet,N/A,N/A,N/A,N/A,N/A,N/A,N/A,N/A,N/A,N/A,N/A,N/A,,,0
1759293525,eth0,111,Ethernet,N/A,N/A,N/A,N/A,N/A,N/A,N/A,N/A,N/A,N/A,N/A,N/A,,,1
1759293525,any,113,N/A,N/A,N/A,N/A,N/A,N/A,N/A,N/A,N/A,N/A,N/A,N/A,N/A,,,1
1759293525,any,109,N/A,N/A,N/A,N/A,N/A,N/A,N/A,N/A,N/A,N/A,N/A,N/A,N/A,,,0
1759293526,any,72,N/A,IPv6,ICMP,N/A,v6,fe80::b0b5:44ff:feea:219,ff02::204,N/A,N/A,N/A,N/A,N/A,N/A,,,1
1759293526,eth0,70,Ethernet,IPv6,ICMP,N/A,v6,fe80::b0b5:44ff:feea:219,ff02::204,N/A,N/A,N/A,N/A,N/A,N/A,,,1
1759293526,eth0,111,Ethernet,N/A,N/A,N/A,N/A,N/A,N/A,N/A,N/A,N/A,N/A,N/A,N/A,,,1
1759293526,any,113,N/A,N/A,N/A,N/A,N/A,N/A,N/A,N/A,N/A,N/A,N/A,N/A,N/A,,,1
1759293526,any,92,N/A,IPv6,ICMP,N/A,v6,fe80::b0b5:44ff:feea:219,ff02::179,N/A,N/A,N/A,N/A,N/A,N/A,,,1
1759293526,eth0,90,Ethernet,IPv6,ICMP,N/A,v6,fe80::b0b5:44ff:feea:219,ff02::179,N/A,N/A,N/A,N/A,N/A,N/A,,,1
1759293526,eth0,54,Ethernet,IPv4,N/A,N/A,v4,172.30.0.163,224.0.0.22,N/A,N/A,N/A,N/A,N/A,N/A,,,1
1759293526,any,70,N/A,IPv4,UDP,N/A,v4,172.30.0.163,224.0.0.252,5355,5355,N/A,N/A,N/A,N/A,,,1
1759293526,eth0,68,Ethernet,IPv4,UDP,N/A,v4,172.30.0.163,224.0.0.252,5355,5355,N/A,N/A,N/A,N/A,,,1
1759293526,eth0,88,Ethernet,IPv6,UDP,N/A,v6,fe80::b0b5:44ff:feea:219,ff02::1:52,5355,5355,N/A,N/A,N/A,N/A,,,1
1759293526,eth0,357,Ethernet,IPv4,UDP,N/A,v4,0.0.0.0,255.255.255.255,68,67,N/A,N/A,N/A,N/A,,,1
1759293526,any,359,N/A,IPv4,UDP,N/A,v4,0.0.0.0,255.255.255.255,68,67,N/A,N/A,N/A,N/A,,,1
1759293526,eth0,369,Ethernet,IPv4,UDP,N/A,v4,0.0.0.0,255.255.255.255,68,67,N/A,N/A,N/A,N/A,,,1
1759293526,any,371,N/A,IPv4,UDP,N/A,v4,0.0.0.0,255.255.255.255,68,67,N/A,N/A,N/A,N/A,,,1
1759293526,any,112,N/A,IPv6,ICMP,N/A,v6,fe80::780a:a9ff:fee6:89,ff02::179,N/A,N/A,N/A,N/A,N/A,N/A,,,1
1759293526,eth1,110,Ethernet,IPv6,ICMP,N/A,v6,fe80::780a:a9ff:fee6:89,ff02::179,N/A,N/A,N/A,N/A,N/A,N/A,,,1
1759293526,any,112,N/A,IPv6,ICMP,N/A,v6,fe80::b0b5:44ff:feea:219,ff02::179,N/A,N/A,N/A,N/A,N/A,N/A,,,1
1759293526,eth0,110,Ethernet,IPv6,ICMP,N/A,v6,fe80::b0b5:44ff:feea:219,ff02::179,N/A,N/A,N/A,N/A,N/A,N/A,,,1
1759293526,eth0,54,Ethernet,IPv4,N/A,N/A,v4,172.30.0.163,224.0.0.22,N/A,N/A,N/A,N/A,N/A,N/A,,,1
1759293526,eth0,42,Ethernet,N/A,N/A,N/A,N/A,N/A,N/A,N/A,N/A,N/A,N/A,N/A,N/A,,,1
1759293526,any,44,ARP,N/A,N/A,N/A,N/A,N/A,N/A,N/A,N/A,1,2048,172.30.0.163,172.30.0.122,,,1
1759293526,eth0,90,Ethernet,IPv6,ICMP,N/A,v6,fe80::e48e:99ff:fe5f:147,ff02::179,N/A,N/A,N/A,N/A,N/A,N/A,,,1
1759293526,eth0,54,Ethernet,IPv4,N/A,N/A,v4,172.30.0.220,224.0.0.22,N/A,N/A,N/A,N/A,N/A,N/A,,,1
1759293526,any,92,N/A,IPv6,ICMP,N/A,v6,fe80::e48e:99ff:fe5f:147,ff02::179,N/A,N/A,N/A,N/A,N/A,N/A,,,1
1759293526,eth0,71,Ethernet,IPv4,UDP,N/A,v4,172.30.0.220,224.0.0.252,5355,5355,N/A,N/A,N/A,N/A,,,1
1759293526,any,73,N/A,IPv4,UDP,N/A,v4,172.30.0.220,224.0.0.252,5355,5355,N/A,N/A,N/A,N/A,,,1
1759293526,eth0,360,Ethernet,IPv4,UDP,N/A,v4,0.0.0.0,255.255.255.255,68,67,N/A,N/A,N/A,N/A,,,1
1759293526,any,362,N/A,IPv4,UDP,N/A,v4,0.0.0.0,255.255.255.255,68,67,N/A,N/A,N/A,N/A,,,1
1759293526,eth0,372,Ethernet,IPv4,UDP,N/A,v4,0.0.0.0,255.255.255.255,68,67,N/A,N/A,N/A,N/A,,,1
1759293526,any,374,N/A,IPv4,UDP,N/A,v4,0.0.0.0,255.255.255.255,68,67,N/A,N/A,N/A,N/A,,,1
1759293526,eth2,110,Ethernet,IPv6,ICMP,N/A,v6,fe80::dcac:f9ff:fe59:60,ff02::179,N/A,N/A,N/A,N/A,N/A,N/A,,,1
1759293526,any,112,N/A,IPv6,ICMP,N/A,v6,fe80::f056:abff:fe65:143,ff02::179,N/A,N/A,N/A,N/A,N/A,N/A,,,1
1759293526,any,44,ARP,N/A,N/A,N/A,N/A,N/A,N/A,N/A,N/A,1,2048,172.30.0.220,172.30.0.122,,,1
1759293526,any,58,ARP,N/A,N/A,N/A,N/A,N/A,N/A,N/A,N/A,2,2048,172.30.0.122,172.30.0.220,,,1
1759293526,any,58,ARP,N/A,N/A,N/A,N/A,N/A,N/A,N/A,N/A,2,2048,172.30.0.122,172.30.0.220,,,1
1759293526,any,112,N/A,IPv6,ICMP,N/A,v6,fe80::e48e:99ff:fe5f:147,ff02::179,N/A,N/A,N/A,N/A,N/A,N/A,,,1
1759293526,eth1,110,Ethernet,IPv6,ICMP,N/A,v6,fe80::f056:abff:fe65:143,ff02::179,N/A,N/A,N/A,N/A,N/A,N/A,,,1
1759293526,eth0,42,Ethernet,N/A,N/A,N/A,N/A,N/A,N/A,N/A,N/A,N/A,N/A,N/A,N/A,,,1
1759293526,eth0,56,Ethernet,N/A,N/A,N/A,N/A,N/A,N/A,N/A,N/A,N/A,N/A,N/A,N/A,,,1
1759293526,eth0,56,Ethernet,N/A,N/A,N/A,N/A,N/A,N/A,N/A,N/A,N/A,N/A,N/A,N/A,,,1
1759293526,eth0,110,Ethernet,IPv6,ICMP,N/A,v6,fe80::e48e:99ff:fe5f:147,ff02::179,N/A,N/A,N/A,N/A,N/A,N/A,,,1
1759293526,eth0,54,Ethernet,IPv4,N/A,N/A,v4,172.30.0.220,224.0.0.22,N/A,N/A,N/A,N/A,N/A,N/A,,,1
1759293526,eth0,110,Ethernet,IPv6,ICMP,N/A,v6,fe80::e48e:99ff:fe5f:147,ff02::179,N/A,N/A,N/A,N/A,N/A,N/A,,,1
1759293526,any,112,N/A,IPv6,ICMP,N/A,v6,fe80::e48e:99ff:fe5f:147,ff02::179,N/A,N/A,N/A,N/A,N/A,N/A,,,1
1759293526,any,56,N/A,IPv4,N/A,N/A,v4,172.30.0.220,224.0.0.22,N/A,N/A,N/A,N/A,N/A,N/A,,,1
1759293526,eth0,54,Ethernet,IPv4,N/A,N/A,v4,172.30.0.220,224.0.0.22,N/A,N/A,N/A,N/A,N/A,N/A,,,1
1759293526,any,109,N/A,N/A,N/A,N/A,N/A,N/A,N/A,N/A,N/A,N/A,N/A,N/A,N/A,,,0
1759293526,eth0,107,Ethernet,N/A,N/A,N/A,N/A,N/A,N/A,N/A,N/A,N/A,N/A,N/A,N/A,,,0
1759293526,any,72,N/A,IPv6,ICMP,N/A,v6,fe80::a89b:6eff:fe25:43,ff02::204,N/A,N/A,N/A,N/A,N/A,N/A,,,0
1759293526,eth0,70,Ethernet,IPv6,ICMP,N/A,v6,fe80::a89b:6eff:fe25:43,ff02::204,N/A,N/A,N/A,N/A,N/A,N/A,,,0
1759293527,eth0,90,Ethernet,IPv6,ICMP,N/A,v6,fe80::24f1:23ff:fe29:66,ff02::179,N/A,N/A,N/A,N/A,N/A,N/A,,,1
1759293527,eth0,54,Ethernet,IPv4,N/A,N/A,v4,172.30.0.23,224.0.0.22,N/A,N/A,N/A,N/A,N/A,N/A,,,1
1759293527,any,92,N/A,IPv6,ICMP,N/A,v6,fe80::24f1:23ff:fe29:66,ff02::179,N/A,N/A,N/A,N/A,N/A,N/A,,,1
1759293527,any,56,N/A,IPv4,N/A,N/A,v4,172.30.0.23,224.0.0.22,N/A,N/A,N/A,N/A,N/A,N/A,,,1
1759293527,any,89,N/A,IPv6,UDP,N/A,v6,fe80::24f1:23ff:fe29:66,ff02::1:52,5355,5355,N/A,N/A,N/A,N/A,,,1
1759293527,eth0,87,Ethernet,IPv6,UDP,N/A,v6,fe80::24f1:23ff:fe29:66,ff02::1:52,5355,5355,N/A,N/A,N/A,N/A,,,1
1759293527,any,358,N/A,IPv4,UDP,N/A,v4,0.0.0.0,255.255.255.255,68,67,N/A,N/A,N/A,N/A,,,1
1759293527,eth0,356,Ethernet,IPv4,UDP,N/A,v4,0.0.0.0,255.255.255.255,68,67,N/A,N/A,N/A,N/A,,,1
1759293527,eth0,368,Ethernet,IPv4,UDP,N/A,v4,0.0.0.0,255.255.255.255,68,67,N/A,N/A,N/A,N/A,,,1
1759293527,any,370,N/A,IPv4,UDP,N/A,v4,0.0.0.0,255.255.255.255,68,67,N/A,N/A,N/A,N/A,,,1
1759293527,any,112,N/A,IPv6,ICMP,N/A,v6,fe80::7827:e3ff:fe68:239,ff02::179,N/A,N/A,N/A,N/A,N/A,N/A,,,1
1759293527,eth1,110,Ethernet,IPv6,ICMP,N/A,v6,fe80::7827:e3ff:fe68:239,ff02::179,N/A,N/A,N/A,N/A,N/A,N/A,,,1
1759293527,eth0,110,Ethernet,IPv6,ICMP,N/A,v6,fe80::24f1:23ff:fe29:66,ff02::179,N/A,N/A,N/A,N/A,N/A,N/A,,,1
1759293527,eth0,54,Ethernet,IPv4,N/A,N/A,v4,172.30.0.23,224.0.0.22,N/A,N/A,N/A,N/A,N/A,N/A,,,1
1759293527,any,112,N/A,IPv6,ICMP,N/A,v6,fe80::24f1:23ff:fe29:66,ff02::179,N/A,N/A,N/A,N/A,N/A,N/A,,,1
1759293527,any,44,ARP,N/A,N/A,N/A,N/A,N/A,N/A,N/A,N/A,1,2048,172.30.0.23,172.30.0.122,,,1
1759293527,eth0,42,Ethernet,N/A,N/A,N/A,N/A,N/A,N/A,N/A,N/A,N/A,N/A,N/A,N/A,,,1
1759293527,eth1,70,Ethernet,IPv6,ICMP,N/A,v6,fe80::780a:a9ff:fee6:89,ff02::204,N/A,N/A,N/A,N/A,N/A,N/A,,,1
1759293527,eth0,70,Ethernet,IPv6,ICMP,N/A,v6,fe80::b0b5:44ff:feea:219,ff02::204,N/A,N/A,N/A,N/A,N/A,N/A,,,1
1759293527,any,72,N/A,IPv6,ICMP,N/A,v6,fe80::b0b5:44ff:feea:219,ff02::204,N/A,N/A,N/A,N/A,N/A,N/A,,,1
1759293527,any,112,N/A,IPv6,ICMP,N/A,v6,fe80::dcac:f9ff:fe59:60,ff02::179,N/A,N/A,N/A,N/A,N/A,N/A,,,1
1759293527,eth2,110,Ethernet,IPv6,ICMP,N/A,v6,fe80::dcac:f9ff:fe59:60,ff02::179,N/A,N/A,N/A,N/A,N/A,N/A,,,1
1759293527,any,112,N/A,IPv6,ICMP,N/A,v6,fe80::24f1:23ff:fe29:66,ff02::179,N/A,N/A,N/A,N/A,N/A,N/A,,,1
1759293527,eth0,110,Ethernet,IPv6,ICMP,N/A,v6,fe80::24f1:23ff:fe29:66,ff02::179,N/A,N/A,N/A,N/A,N/A,N/A,,,1
1759293527,any,56,N/A,IPv4,N/A,N/A,v4,172.30.0.163,224.0.0.22,N/A,N/A,N/A,N/A,N/A,N/A,,,1
1759293527,eth0,54,Ethernet,IPv4,N/A,N/A,v4,172.30.0.163,224.0.0.22,N/A,N/A,N/A,N/A,N/A,N/A,,,1
1759293527,eth0,110,Ethernet,IPv6,ICMP,N/A,v6,fe80::b0b5:44ff:feea:219,ff02::179,N/A,N/A,N/A,N/A,N/A,N/A,,,1
1759293527,eth1,110,Ethernet,IPv6,ICMP,N/A,v6,fe80::780a:a9ff:fee6:89,ff02::179,N/A,N/A,N/A,N/A,N/A,N/A,,,1
1759293527,any,112,N/A,IPv6,ICMP,N/A,v6,fe80::b0b5:44ff:feea:219,ff02::179,N/A,N/A,N/A,N/A,N/A,N/A,,,1
1759293527,eth2,70,Ethernet,IPv6,ICMP,N/A,v6,fe80::dcac:f9ff:fe59:60,ff02::204,N/A,N/A,N/A,N/A,N/A,N/A,,,1
1759293527,any,72,N/A,IPv6,ICMP,N/A,v6,fe80::dcac:f9ff:fe59:60,ff02::204,N/A,N/A,N/A,N/A,N/A,N/A,,,1
1759293527,eth0,70,Ethernet,IPv6,ICMP,N/A,v6,fe80::e48e:99ff:fe5f:147,ff02::204,N/A,N/A,N/A,N/A,N/A,N/A,,,1
1759293527,any,72,N/A,IPv6,ICMP,N/A,v6,fe80::e48e:99ff:fe5f:147,ff02::204,N/A,N/A,N/A,N/A,N/A,N/A,,,1
1759293527,eth1,70,Ethernet,IPv6,ICMP,N/A,v6,fe80::f056:abff:fe65:143,ff02::204,N/A,N/A,N/A,N/A,N/A,N/A,,,1
1759293527,any,72,N/A,IPv6,ICMP,N/A,v6,fe80::f056:abff:fe65:143,ff02::204,N/A,N/A,N/A,N/A,N/A,N/A,,,1
1759293527,any,112,N/A,IPv6,ICMP,N/A,v6,fe80::f056:abff:fe65:143,ff02::179,N/A,N/A,N/A,N/A,N/A,N/A,,,1
1759293527,eth0,107,Ethernet,N/A,N/A,N/A,N/A,N/A,N/A,N/A,N/A,N/A,N/A,N/A,N/A,,,0
1759293527,any,109,N/A,N/A,N/A,N/A,N/A,N/A,N/A,N/A,N/A,N/A,N/A,N/A,N/A,,,0
1759293527,eth1,110,Ethernet,IPv6,ICMP,N/A,v6,fe80::f056:abff:fe65:143,ff02::179,N/A,N/A,N/A,N/A,N/A,N/A,,,1
1759293527,any,92,N/A,IPv6,ICMP,N/A,v6,fe80::ecf9:eff:fefb:55,ff02::179,N/A,N/A,N/A,N/A,N/A,N/A,,,1
1759293527,any,58,N/A,IPv4,N/A,N/A,v4,172.30.0.89,224.0.0.22,N/A,N/A,N/A,N/A,N/A,N/A,,,1
1759293527,eth0,90,Ethernet,IPv6,ICMP,N/A,v6,fe80::ecf9:eff:fefb:55,ff02::179,N/A,N/A,N/A,N/A,N/A,N/A,,,1
1759293527,eth0,56,Ethernet,IPv4,N/A,N/A,v4,172.30.0.89,224.0.0.22,N/A,N/A,N/A,N/A,N/A,N/A,,,1
1759293527,eth0,67,Ethernet,IPv4,UDP,N/A,v4,172.30.0.89,224.0.0.252,5355,5355,N/A,N/A,N/A,N/A,,,1
1759293527,any,69,N/A,IPv4,UDP,N/A,v4,172.30.0.89,224.0.0.252,5355,5355,N/A,N/A,N/A,N/A,,,1
1759293527,eth0,356,Ethernet,IPv4,UDP,N/A,v4,0.0.0.0,255.255.255.255,68,67,N/A,N/A,N/A,N/A,,,1
1759293527,any,358,N/A,IPv4,UDP,N/A,v4,0.0.0.0,255.255.255.255,68,67,N/A,N/A,N/A,N/A,,,1
1759293527,any,370,N/A,IPv4,UDP,N/A,v4,0.0.0.0,255.255.255.255,68,67,N/A,N/A,N/A,N/A,,,1
1759293527,eth0,368,Ethernet,IPv4,UDP,N/A,v4,0.0.0.0,255.255.255.255,68,67,N/A,N/A,N/A,N/A,,,1
1759293527,any,112,N/A,IPv6,ICMP,N/A,v6,fe80::103b:bdff:fef0:169,ff02::179,N/A,N/A,N/A,N/A,N/A,N/A,,,1
1759293527,eth1,110,Ethernet,IPv6,ICMP,N/A,v6,fe80::103b:bdff:fef0:169,ff02::179,N/A,N/A,N/A,N/A,N/A,N/A,,,1
1759293527,eth0,110,Ethernet,IPv6,ICMP,N/A,v6,fe80::ecf9:eff:fefb:55,ff02::179,N/A,N/A,N/A,N/A,N/A,N/A,,,1
1759293527,eth0,56,Ethernet,IPv4,N/A,N/A,v4,172.30.0.89,224.0.0.22,N/A,N/A,N/A,N/A,N/A,N/A,,,1
1759293527,any,112,N/A,IPv6,ICMP,N/A,v6,fe80::ecf9:eff:fefb:55,ff02::179,N/A,N/A,N/A,N/A,N/A,N/A,,,1
1759293527,any,58,N/A,IPv4,N/A,N/A,v4,172.30.0.89,224.0.0.22,N/A,N/A,N/A,N/A,N/A,N/A,,,1
1759293527,any,113,N/A,N/A,N/A,N/A,N/A,N/A,N/A,N/A,N/A,N/A,N/A,N/A,N/A,,,1
1759293527,eth0,111,Ethernet,N/A,N/A,N/A,N/A,N/A,N/A,N/A,N/A,N/A,N/A,N/A,N/A,,,1
1759293527,any,56,N/A,IPv4,N/A,N/A,v4,172.30.0.23,224.0.0.22,N/A,N/A,N/A,N/A,N/A,N/A,,,1
1759293527,eth0,54,Ethernet,IPv4,N/A,N/A,v4,172.30.0.23,224.0.0.22,N/A,N/A,N/A,N/A,N/A,N/A,,,1
1759293528,eth0,90,Ethernet,IPv6,ICMP,N/A,v6,fe80::5ca9:83ff:fe87:27,ff02::179,N/A,N/A,N/A,N/A,N/A,N/A,,,0
1759293528,eth0,54,Ethernet,IPv4,N/A,N/A,v4,172.30.0.220,224.0.0.22,N/A,N/A,N/A,N/A,N/A,N/A,,,0
1759293528,any,92,N/A,IPv6,ICMP,N/A,v6,fe80::5ca9:83ff:fe87:27,ff02::179,N/A,N/A,N/A,N/A,N/A,N/A,,,0
1759293528,eth0,67,Ethernet,IPv4,UDP,N/A,v4,172.30.0.220,224.0.0.252,5355,5355,N/A,N/A,N/A,N/A,,,0
1759293528,any,69,N/A,IPv4,UDP,N/A,v4,172.30.0.220,224.0.0.252,5355,5355,N/A,N/A,N/A,N/A,,,0
1759293528,eth0,356,Ethernet,IPv4,UDP,N/A,v4,0.0.0.0,255.255.255.255,68,67,N/A,N/A,N/A,N/A,,,0
1759293528,any,358,N/A,IPv4,UDP,N/A,v4,0.0.0.0,255.255.255.255,68,67,N/A,N/A,N/A,N/A,,,0
1759293528,eth0,368,Ethernet,IPv4,UDP,N/A,v4,0.0.0.0,255.255.255.255,68,67,N/A,N/A,N/A,N/A,,,0
1759293528,any,370,N/A,IPv4,UDP,N/A,v4,0.0.0.0,255.255.255.255,68,67,N/A,N/A,N/A,N/A,,,0
1759293528,eth1,110,Ethernet,IPv6,ICMP,N/A,v6,fe80::a824:52ff:fe4f:69,ff02::179,N/A,N/A,N/A,N/A,N/A,N/A,,,0
1759293528,any,112,N/A,IPv6,ICMP,N/A,v6,fe80::a824:52ff:fe4f:69,ff02::179,N/A,N/A,N/A,N/A,N/A,N/A,,,0
1759293528,any,112,N/A,IPv6,ICMP,N/A,v6,fe80::5ca9:83ff:fe87:27,ff02::179,N/A,N/A,N/A,N/A,N/A,N/A,,,0
1759293528,eth0,110,Ethernet,IPv6,ICMP,N/A,v6,fe80::5ca9:83ff:fe87:27,ff02::179,N/A,N/A,N/A,N/A,N/A,N/A,,,0
1759293528,eth0,54,Ethernet,IPv4,N/A,N/A,v4,172.30.0.220,224.0.0.22,N/A,N/A,N/A,N/A,N/A,N/A,,,0
1759293528,eth0,42,Ethernet,N/A,N/A,N/A,N/A,N/A,N/A,N/A,N/A,N/A,N/A,N/A,N/A,,,0
1759293528,any,44,ARP,N/A,N/A,N/A,N/A,N/A,N/A,N/A,N/A,1,2048,172.30.0.220,172.30.0.122,,,0
1759293528,any,58,ARP,N/A,N/A,N/A,N/A,N/A,N/A,N/A,N/A,2,2048,172.30.0.122,172.30.0.220,,,0
1759293528,eth0,56,Ethernet,N/A,N/A,N/A,N/A,N/A,N/A,N/A,N/A,N/A,N/A,N/A,N/A,,,0
1759293528,any,112,N/A,IPv6,ICMP,N/A,v6,fe80::ecf9:eff:fefb:55,ff02::179,N/A,N/A,N/A,N/A,N/A,N/A,,,1
1759293528,eth0,110,Ethernet,IPv6,ICMP,N/A,v6,fe80::ecf9:eff:fefb:55,ff02::179,N/A,N/A,N/A,N/A,N/A,N/A,,,1
1759293528,any,72,N/A,IPv6,ICMP,N/A,v6,fe80::24f1:23ff:fe29:66,ff02::204,N/A,N/A,N/A,N/A,N/A,N/A,,,1
1759293528,eth1,70,Ethernet,IPv6,ICMP,N/A,v6,fe80::7827:e3ff:fe68:239,ff02::204,N/A,N/A,N/A,N/A,N/A,N/A,,,1
1759293528,eth0,70,Ethernet,IPv6,ICMP,N/A,v6,fe80::24f1:23ff:fe29:66,ff02::204,N/A,N/A,N/A,N/A,N/A,N/A,,,1
1759293528,any,112,N/A,IPv6,ICMP,N/A,v6,fe80::7827:e3ff:fe68:239,ff02::179,N/A,N/A,N/A,N/A,N/A,N/A,,,1
1759293528,eth1,110,Ethernet,IPv6,ICMP,N/A,v6,fe80::7827:e3ff:fe68:239,ff02::179,N/A,N/A,N/A,N/A,N/A,N/A,,,1
1759293528,any,58,ARP,N/A,N/A,N/A,N/A,N/A,N/A,N/A,N/A,1,2048,172.30.0.89,172.30.0.122,,,1
1759293528,eth0,56,Ethernet,N/A,N/A,N/A,N/A,N/A,N/A,N/A,N/A,N/A,N/A,N/A,N/A,,,1
1759293528,eth0,70,Ethernet,IPv6,ICMP,N/A,v6,fe80::ecf9:eff:fefb:55,ff02::204,N/A,N/A,N/A,N/A,N/A,N/A,,,1
1759293528,any,72,N/A,IPv6,ICMP,N/A,v6,fe80::ecf9:eff:fefb:55,ff02::204,N/A,N/A,N/A,N/A,N/A,N/A,,,1
1759293528,any,72,N/A,IPv6,ICMP,N/A,v6,fe80::103b:bdff:fef0:169,ff02::204,N/A,N/A,N/A,N/A,N/A,N/A,,,1
1759293528,eth1,70,Ethernet,IPv6,ICMP,N/A,v6,fe80::103b:bdff:fef0:169,ff02::204,N/A,N/A,N/A,N/A,N/A,N/A,,,1
1759293528,any,112,N/A,IPv6,ICMP,N/A,v6,fe80::103b:bdff:fef0:169,ff02::179,N/A,N/A,N/A,N/A,N/A,N/A,,,1
1759293528,eth1,110,Ethernet,IPv6,ICMP,N/A,v6,fe80::103b:bdff:fef0:169,ff02::179,N/A,N/A,N/A,N/A,N/A,N/A,,,1
1759293528,any,58,N/A,IPv4,N/A,N/A,v4,172.30.0.89,224.0.0.22,N/A,N/A,N/A,N/A,N/A,N/A,,,1
1759293528,eth0,56,Ethernet,IPv4,N/A,N/A,v4,172.30.0.89,224.0.0.22,N/A,N/A,N/A,N/A,N/A,N/A,,,1
1759293528,eth0,111,Ethernet,N/A,N/A,N/A,N/A,N/A,N/A,N/A,N/A,N/A,N/A,N/A,N/A,,,1
1759293528,any,113,N/A,N/A,N/A,N/A,N/A,N/A,N/A,N/A,N/A,N/A,N/A,N/A,N/A,,,1
1759293528,eth0,56,Ethernet,N/A,N/A,N/A,N/A,N/A,N/A,N/A,N/A,N/A,N/A,N/A,N/A,,,0
1759293528,any,56,N/A,IPv4,N/A,N/A,v4,172.30.0.220,224.0.0.22,N/A,N/A,N/A,N/A,N/A,N/A,,,0
1759293528,eth0,54,Ethernet,IPv4,N/A,N/A,v4,172.30.0.220,224.0.0.22,N/A,N/A,N/A,N/A,N/A,N/A,,,0
1759293528,any,112,N/A,IPv6,ICMP,N/A,v6,fe80::5ca9:83ff:fe87:27,ff02::179,N/A,N/A,N/A,N/A,N/A,N/A,,,0
1759293528,eth0,110,Ethernet,IPv6,ICMP,N/A,v6,fe80::5ca9:83ff:fe87:27,ff02::179,N/A,N/A,N/A,N/A,N/A,N/A,,,0
1759293528,any,112,N/A,IPv6,ICMP,N/A,v6,fe80::a824:52ff:fe4f:69,ff02::179,N/A,N/A,N/A,N/A,N/A,N/A,,,0
1759293528,eth1,110,Ethernet,IPv6,ICMP,N/A,v6,fe80::a824:52ff:fe4f:69,ff02::179,N/A,N/A,N/A,N/A,N/A,N/A,,,0
1759293529,eth0,111,Ethernet,N/A,N/A,N/A,N/A,N/A,N/A,N/A,N/A,N/A,N/A,N/A,N/A,,,1
1759293529,any,113,N/A,N/A,N/A,N/A,N/A,N/A,N/A,N/A,N/A,N/A,N/A,N/A,N/A,,,1
1759293529,eth0,107,Ethernet,N/A,N/A,N/A,N/A,N/A,N/A,N/A,N/A,N/A,N/A,N/A,N/A,,,0
1759293529,eth0,70,Ethernet,IPv6,ICMP,N/A,v6,fe80::5ca9:83ff:fe87:27,ff02::204,N/A,N/A,N/A,N/A,N/A,N/A,,,0
1759293529,any,72,N/A,IPv6,ICMP,N/A,v6,fe80::a824:52ff:fe4f:69,ff02::204,N/A,N/A,N/A,N/A,N/A,N/A,,,0
1759293529,eth1,70,Ethernet,IPv6,ICMP,N/A,v6,fe80::a824:52ff:fe4f:69,ff02::204,N/A,N/A,N/A,N/A,N/A,N/A,,,0
1759293530,any,92,N/A,IPv6,ICMP,N/A,v6,fe80::b0b5:44ff:feea:219,ff02::179,N/A,N/A,N/A,N/A,N/A,N/A,,,1
1759293530,eth0,90,Ethernet,IPv6,ICMP,N/A,v6,fe80::b0b5:44ff:feea:219,ff02::179,N/A,N/A,N/A,N/A,N/A,N/A,,,1
1759293530,eth0,54,Ethernet,IPv4,N/A,N/A,v4,172.30.0.163,224.0.0.22,N/A,N/A,N/A,N/A,N/A,N/A,,,1
1759293530,eth0,88,Ethernet,IPv6,UDP,N/A,v6,fe80::b0b5:44ff:feea:219,ff02::1:52,5355,5355,N/A,N/A,N/A,N/A,,,1
1759293530,any,90,N/A,IPv6,UDP,N/A,v6,fe80::b0b5:44ff:feea:219,ff02::1:52,5355,5355,N/A,N/A,N/A,N/A,,,1
1759293530,any,359,N/A,IPv4,UDP,N/A,v4,0.0.0.0,255.255.255.255,68,67,N/A,N/A,N/A,N/A,,,1
1759293530,eth0,357,Ethernet,IPv4,UDP,N/A,v4,0.0.0.0,255.255.255.255,68,67,N/A,N/A,N/A,N/A,,,1
1759293530,eth0,369,Ethernet,IPv4,UDP,N/A,v4,0.0.0.0,255.255.255.255,68,67,N/A,N/A,N/A,N/A,,,1
1759293530,any,371,N/A,IPv4,UDP,N/A,v4,0.0.0.0,255.255.255.255,68,67,N/A,N/A,N/A,N/A,,,1
1759293530,eth1,110,Ethernet,IPv6,ICMP,N/A,v6,fe80::780a:a9ff:fee6:89,ff02::179,N/A,N/A,N/A,N/A,N/A,N/A,,,1
1759293530,any,112,N/A,IPv6,ICMP,N/A,v6,fe80::780a:a9ff:fee6:89,ff02::179,N/A,N/A,N/A,N/A,N/A,N/A,,,1
1759293530,eth0,110,Ethernet,IPv6,ICMP,N/A,v6,fe80::b0b5:44ff:feea:219,ff02::179,N/A,N/A,N/A,N/A,N/A,N/A,,,1
1759293530,eth0,54,Ethernet,IPv4,N/A,N/A,v4,172.30.0.163,224.0.0.22,N/A,N/A,N/A,N/A,N/A,N/A,,,1
1759293530,any,112,N/A,IPv6,ICMP,N/A,v6,fe80::b0b5:44ff:feea:219,ff02::179,N/A,N/A,N/A,N/A,N/A,N/A,,,1
1759293530,eth0,111,Ethernet,N/A,N/A,N/A,N/A,N/A,N/A,N/A,N/A,N/A,N/A,N/A,N/A,,,1
1759293530,any,113,N/A,N/A,N/A,N/A,N/A,N/A,N/A,N/A,N/A,N/A,N/A,N/A,N/A,,,1
1759293530,any,44,ARP,N/A,N/A,N/A,N/A,N/A,N/A,N/A,N/A,1,2048,172.30.0.163,172.30.0.122,,,1
1759293530,eth0,42,Ethernet,N/A,N/A,N/A,N/A,N/A,N/A,N/A,N/A,N/A,N/A,N/A,N/A,,,1
1759293530,eth0,54,Ethernet,IPv4,N/A,N/A,v4,172.30.0.163,224.0.0.22,N/A,N/A,N/A,N/A,N/A,N/A,,,1
1759293530,any,56,N/A,IPv4,N/A,N/A,v4,172.30.0.163,224.0.0.22,N/A,N/A,N/A,N/A,N/A,N/A,,,1
1759293530,eth0,107,Ethernet,N/A,N/A,N/A,N/A,N/A,N/A,N/A,N/A,N/A,N/A,N/A,N/A,,,0
1759293530,any,109,N/A,N/A,N/A,N/A,N/A,N/A,N/A,N/A,N/A,N/A,N/A,N/A,N/A,,,0
1759293531,any,112,N/A,IPv6,ICMP,N/A,v6,fe80::780a:a9ff:fee6:89,ff02::179,N/A,N/A,N/A,N/A,N/A,N/A,,,1
1759293531,eth1,110,Ethernet,IPv6,ICMP,N/A,v6,fe80::780a:a9ff:fee6:89,ff02::179,N/A,N/A,N/A,N/A,N/A,N/A,,,1
1759293531,any,112,N/A,IPv6,ICMP,N/A,v6,fe80::b0b5:44ff:feea:219,ff02::179,N/A,N/A,N/A,N/A,N/A,N/A,,,1
1759293531,eth0,110,Ethernet,IPv6,ICMP,N/A,v6,fe80::b0b5:44ff:feea:219,ff02::179,N/A,N/A,N/A,N/A,N/A,N/A,,,1
1759293531,eth1,70,Ethernet,IPv6,ICMP,N/A,v6,fe80::780a:a9ff:fee6:89,ff02::204,N/A,N/A,N/A,N/A,N/A,N/A,,,1
1759293531,eth0,70,Ethernet,IPv6,ICMP,N/A,v6,fe80::b0b5:44ff:feea:219,ff02::204,N/A,N/A,N/A,N/A,N/A,N/A,,,1
1759293531,any,72,N/A,IPv6,ICMP,N/A,v6,fe80::b0b5:44ff:feea:219,ff02::204,N/A,N/A,N/A,N/A,N/A,N/A,,,1
1759293531,any,72,N/A,IPv6,ICMP,N/A,v6,fe80::780a:a9ff:fee6:89,ff02::204,N/A,N/A,N/A,N/A,N/A,N/A,,,1
1759293531,eth0,90,Ethernet,IPv6,ICMP,N/A,v6,fe80::24f1:23ff:fe29:66,ff02::179,N/A,N/A,N/A,N/A,N/A,N/A,,,1
1759293531,eth0,54,Ethernet,IPv4,N/A,N/A,v4,172.30.0.23,224.0.0.22,N/A,N/A,N/A,N/A,N/A,N/A,,,1
1759293531,any,92,N/A,IPv6,ICMP,N/A,v6,fe80::24f1:23ff:fe29:66,ff02::179,N/A,N/A,N/A,N/A,N/A,N/A,,,1
1759293531,any,56,N/A,IPv4,N/A,N/A,v4,172.30.0.23,224.0.0.22,N/A,N/A,N/A,N/A,N/A,N/A,,,1
1759293531,any,92,N/A,IPv6,ICMP,N/A,v6,fe80::24f1:23ff:fe29:66,ff02::179,N/A,N/A,N/A,N/A,N/A,N/A,,,1
1759293531,eth0,90,Ethernet,IPv6,ICMP,N/A,v6,fe80::24f1:23ff:fe29:66,ff02::179,N/A,N/A,N/A,N/A,N/A,N/A,,,1
1759293531,eth0,87,Ethernet,IPv6,UDP,N/A,v6,fe80::24f1:23ff:fe29:66,ff02::1:52,5355,5355,N/A,N/A,N/A,N/A,,,1
1759293531,eth0,67,Ethernet,IPv4,UDP,N/A,v4,172.30.0.23,224.0.0.252,5355,5355,N/A,N/A,N/A,N/A,,,1
1759293531,any,89,N/A,IPv6,UDP,N/A,v6,fe80::24f1:23ff:fe29:66,ff02::1:52,5355,5355,N/A,N/A,N/A,N/A,,,1
1759293531,any,72,N/A,IPv6,ICMP,N/A,v6,fe80::e48e:99ff:fe5f:147,ff02::204,N/A,N/A,N/A,N/A,N/A,N/A,,,1
1759293531,eth0,70,Ethernet,IPv6,ICMP,N/A,v6,fe80::e48e:99ff:fe5f:147,ff02::204,N/A,N/A,N/A,N/A,N/A,N/A,,,1
1759293531,any,358,N/A,IPv4,UDP,N/A,v4,0.0.0.0,255.255.255.255,68,67,N/A,N/A,N/A,N/A,,,1
1759293531,eth0,356,Ethernet,IPv4,UDP,N/A,v4,0.0.0.0,255.255.255.255,68,67,N/A,N/A,N/A,N/A,,,1
1759293531,eth0,368,Ethernet,IPv4,UDP,N/A,v4,0.0.0.0,255.255.255.255,68,67,N/A,N/A,N/A,N/A,,,1
1759293531,any,370,N/A,IPv4,UDP,N/A,v4,0.0.0.0,255.255.255.255,68,67,N/A,N/A,N/A,N/A,,,1
1759293531,any,112,N/A,IPv6,ICMP,N/A,v6,fe80::7827:e3ff:fe68:239,ff02::179,N/A,N/A,N/A,N/A,N/A,N/A,,,1
1759293531,eth1,110,Ethernet,IPv6,ICMP,N/A,v6,fe80::7827:e3ff:fe68:239,ff02::179,N/A,N/A,N/A,N/A,N/A,N/A,,,1
1759293531,any,112,N/A,IPv6,ICMP,N/A,v6,fe80::24f1:23ff:fe29:66,ff02::179,N/A,N/A,N/A,N/A,N/A,N/A,,,1
1759293531,eth0,110,Ethernet,IPv6,ICMP,N/A,v6,fe80::24f1:23ff:fe29:66,ff02::179,N/A,N/A,N/A,N/A,N/A,N/A,,,1
1759293531,eth0,54,Ethernet,IPv4,N/A,N/A,v4,172.30.0.23,224.0.0.22,N/A,N/A,N/A,N/A,N/A,N/A,,,1
1759293531,eth0,42,Ethernet,N/A,N/A,N/A,N/A,N/A,N/A,N/A,N/A,N/A,N/A,N/A,N/A,,,1
1759293531,any,44,ARP,N/A,N/A,N/A,N/A,N/A,N/A,N/A,N/A,1,2048,172.30.0.23,172.30.0.122,,,1
1759293531,any,72,N/A,IPv6,ICMP,N/A,v6,fe80::dcac:f9ff:fe59:60,ff02::204,N/A,N/A,N/A,N/A,N/A,N/A,,,1
1759293531,eth2,70,Ethernet,IPv6,ICMP,N/A,v6,fe80::dcac:f9ff:fe59:60,ff02::204,N/A,N/A,N/A,N/A,N/A,N/A,,,1
1759293531,eth1,110,Ethernet,IPv6,ICMP,N/A,v6,fe80::7827:e3ff:fe68:239,ff02::179,N/A,N/A,N/A,N/A,N/A,N/A,,,1
1759293531,any,112,N/A,IPv6,ICMP,N/A,v6,fe80::7827:e3ff:fe68:239,ff02::179,N/A,N/A,N/A,N/A,N/A,N/A,,,1
1759293531,eth0,90,Ethernet,IPv6,ICMP,N/A,v6,fe80::e48e:99ff:fe5f:147,ff02::179,N/A,N/A,N/A,N/A,N/A,N/A,,,1
1759293531,eth0,54,Ethernet,IPv4,N/A,N/A,v4,172.30.0.220,224.0.0.22,N/A,N/A,N/A,N/A,N/A,N/A,,,1
1759293531,any,92,N/A,IPv6,ICMP,N/A,v6,fe80::e48e:99ff:fe5f:147,ff02::179,N/A,N/A,N/A,N/A,N/A,N/A,,,1
1759293531,eth0,71,Ethernet,IPv4,UDP,N/A,v4,172.30.0.220,224.0.0.252,5355,5355,N/A,N/A,N/A,N/A,,,1
1759293531,any,73,N/A,IPv4,UDP,N/A,v4,172.30.0.220,224.0.0.252,5355,5355,N/A,N/A,N/A,N/A,,,1
1759293531,eth0,360,Ethernet,IPv4,UDP,N/A,v4,0.0.0.0,255.255.255.255,68,67,N/A,N/A,N/A,N/A,,,1
1759293531,any,362,N/A,IPv4,UDP,N/A,v4,0.0.0.0,255.255.255.255,68,67,N/A,N/A,N/A,N/A,,,1
1759293531,eth0,372,Ethernet,IPv4,UDP,N/A,v4,0.0.0.0,255.255.255.255,68,67,N/A,N/A,N/A,N/A,,,1
1759293531,any,374,N/A,IPv4,UDP,N/A,v4,0.0.0.0,255.255.255.255,68,67,N/A,N/A,N/A,N/A,,,1
1759293531,eth2,110,Ethernet,IPv6,ICMP,N/A,v6,fe80::dcac:f9ff:fe59:60,ff02::179,N/A,N/A,N/A,N/A,N/A,N/A,,,1
1759293531,any,112,N/A,IPv6,ICMP,N/A,v6,fe80::f056:abff:fe65:143,ff02::179,N/A,N/A,N/A,N/A,N/A,N/A,,,1
1759293531,eth1,110,Ethernet,IPv6,ICMP,N/A,v6,fe80::f056:abff:fe65:143,ff02::179,N/A,N/A,N/A,N/A,N/A,N/A,,,1
1759293531,eth0,110,Ethernet,IPv6,ICMP,N/A,v6,fe80::e48e:99ff:fe5f:147,ff02::179,N/A,N/A,N/A,N/A,N/A,N/A,,,1
1759293531,eth0,54,Ethernet,IPv4,N/A,N/A,v4,172.30.0.220,224.0.0.22,N/A,N/A,N/A,N/A,N/A,N/A,,,1
1759293531,any,112,N/A,IPv6,ICMP,N/A,v6,fe80::e48e:99ff:fe5f:147,ff02::179,N/A,N/A,N/A,N/A,N/A,N/A,,,1
1759293531,eth0,42,Ethernet,N/A,N/A,N/A,N/A,N/A,N/A,N/A,N/A,N/A,N/A,N/A,N/A,,,1
1759293531,eth0,56,Ethernet,N/A,N/A,N/A,N/A,N/A,N/A,N/A,N/A,N/A,N/A,N/A,N/A,,,1
1759293531,eth0,56,Ethernet,N/A,N/A,N/A,N/A,N/A,N/A,N/A,N/A,N/A,N/A,N/A,N/A,,,1
1759293531,any,44,ARP,N/A,N/A,N/A,N/A,N/A,N/A,N/A,N/A,1,2048,172.30.0.220,172.30.0.122,,,1
1759293531,any,58,ARP,N/A,N/A,N/A,N/A,N/A,N/A,N/A,N/A,2,2048,172.30.0.122,172.30.0.220,,,1
1759293531,eth0,107,Ethernet,N/A,N/A,N/A,N/A,N/A,N/A,N/A,N/A,N/A,N/A,N/A,N/A,,,0
1759293531,any,109,N/A,N/A,N/A,N/A,N/A,N/A,N/A,N/A,N/A,N/A,N/A,N/A,N/A,,,0
1759293532,any,112,N/A,IPv6,ICMP,N/A,v6,fe80::dcac:f9ff:fe59:60,ff02::179,N/A,N/A,N/A,N/A,N/A,N/A,,,1
1759293532,eth2,110,Ethernet,IPv6,ICMP,N/A,v6,fe80::dcac:f9ff:fe59:60,ff02::179,N/A,N/A,N/A,N/A,N/A,N/A,,,1
1759293532,any,112,N/A,IPv6,ICMP,N/A,v6,fe80::24f1:23ff:fe29:66,ff02::179,N/A,N/A,N/A,N/A,N/A,N/A,,,1
1759293532,eth0,110,Ethernet,IPv6,ICMP,N/A,v6,fe80::24f1:23ff:fe29:66,ff02::179,N/A,N/A,N/A,N/A,N/A,N/A,,,1
1759293532,eth0,70,Ethernet,IPv6,ICMP,N/A,v6,fe80::24f1:23ff:fe29:66,ff02::204,N/A,N/A,N/A,N/A,N/A,N/A,,,1
1759293532,any,72,N/A,IPv6,ICMP,N/A,v6,fe80::24f1:23ff:fe29:66,ff02::204,N/A,N/A,N/A,N/A,N/A,N/A,,,1
1759293532,any,72,N/A,IPv6,ICMP,N/A,v6,fe80::7827:e3ff:fe68:239,ff02::204,N/A,N/A,N/A,N/A,N/A,N/A,,,1
1759293532,eth1,70,Ethernet,IPv6,ICMP,N/A,v6,fe80::7827:e3ff:fe68:239,ff02::204,N/A,N/A,N/A,N/A,N/A,N/A,,,1
1759293532,eth1,110,Ethernet,IPv6,ICMP,N/A,v6,fe80::f056:abff:fe65:143,ff02::179,N/A,N/A,N/A,N/A,N/A,N/A,,,1
1759293532,any,112,N/A,IPv6,ICMP,N/A,v6,fe80::f056:abff:fe65:143,ff02::179,N/A,N/A,N/A,N/A,N/A,N/A,,,1
1759293532,any,56,N/A,IPv4,N/A,N/A,v4,172.30.0.23,224.0.0.22,N/A,N/A,N/A,N/A,N/A,N/A,,,1
1759293532,eth0,54,Ethernet,IPv4,N/A,N/A,v4,172.30.0.23,224.0.0.22,N/A,N/A,N/A,N/A,N/A,N/A,,,1
1759293532,any,72,N/A,IPv6,ICMP,N/A,v6,fe80::103b:bdff:fef0:169,ff02::204,N/A,N/A,N/A,N/A,N/A,N/A,,,1
1759293532,eth1,70,Ethernet,IPv6,ICMP,N/A,v6,fe80::103b:bdff:fef0:169,ff02::204,N/A,N/A,N/A,N/A,N/A,N/A,,,1
1759293532,eth0,54,Ethernet,IPv4,N/A,N/A,v4,172.30.0.220,224.0.0.22,N/A,N/A,N/A,N/A,N/A,N/A,,,1
1759293532,any,56,N/A,IPv4,N/A,N/A,v4,172.30.0.220,224.0.0.22,N/A,N/A,N/A,N/A,N/A,N/A,,,1
1759293532,any,72,N/A,IPv6,ICMP,N/A,v6,fe80::ecf9:eff:fefb:55,ff02::204,N/A,N/A,N/A,N/A,N/A,N/A,,,1
1759293532,eth0,70,Ethernet,IPv6,ICMP,N/A,v6,fe80::ecf9:eff:fefb:55,ff02::204,N/A,N/A,N/A,N/A,N/A,N/A,,,1
1759293532,eth0,110,Ethernet,IPv6,ICMP,N/A,v6,fe80::e48e:99ff:fe5f:147,ff02::179,N/A,N/A,N/A,N/A,N/A,N/A,,,1
1759293532,any,112,N/A,IPv6,ICMP,N/A,v6,fe80::e48e:99ff:fe5f:147,ff02::179,N/A,N/A,N/A,N/A,N/A,N/A,,,1
1759293532,any,72,N/A,IPv6,ICMP,N/A,v6,fe80::dcac:f9ff:fe59:60,ff02::204,N/A,N/A,N/A,N/A,N/A,N/A,,,1
1759293532,eth2,70,Ethernet,IPv6,ICMP,N/A,v6,fe80::dcac:f9ff:fe59:60,ff02::204,N/A,N/A,N/A,N/A,N/A,N/A,,,1
1759293532,eth1,70,Ethernet,IPv6,ICMP,N/A,v6,fe80::f056:abff:fe65:143,ff02::204,N/A,N/A,N/A,N/A,N/A,N/A,,,1
1759293532,eth0,70,Ethernet,IPv6,ICMP,N/A,v6,fe80::e48e:99ff:fe5f:147,ff02::204,N/A,N/A,N/A,N/A,N/A,N/A,,,1
1759293532,eth0,90,Ethernet,IPv6,ICMP,N/A,v6,fe80::ecf9:eff:fefb:55,ff02::179,N/A,N/A,N/A,N/A,N/A,N/A,,,1
1759293532,eth0,56,Ethernet,IPv4,N/A,N/A,v4,172.30.0.89,224.0.0.22,N/A,N/A,N/A,N/A,N/A,N/A,,,1
1759293532,any,92,N/A,IPv6,ICMP,N/A,v6,fe80::ecf9:eff:fefb:55,ff02::179,N/A,N/A,N/A,N/A,N/A,N/A,,,1
1759293532,any,58,N/A,IPv4,N/A,N/A,v4,172.30.0.89,224.0.0.22,N/A,N/A,N/A,N/A,N/A,N/A,,,1
1759293532,any,89,N/A,IPv6,UDP,N/A,v6,fe80::ecf9:eff:fefb:55,ff02::1:52,5355,5355,N/A,N/A,N/A,N/A,,,1
1759293532,eth0,87,Ethernet,IPv6,UDP,N/A,v6,fe80::ecf9:eff:fefb:55,ff02::1:52,5355,5355,N/A,N/A,N/A,N/A,,,1
1759293532,any,358,N/A,IPv4,UDP,N/A,v4,0.0.0.0,255.255.255.255,68,67,N/A,N/A,N/A,N/A,,,1
1759293532,eth0,356,Ethernet,IPv4,UDP,N/A,v4,0.0.0.0,255.255.255.255,68,67,N/A,N/A,N/A,N/A,,,1
1759293532,eth0,368,Ethernet,IPv4,UDP,N/A,v4,0.0.0.0,255.255.255.255,68,67,N/A,N/A,N/A,N/A,,,1
1759293532,any,370,N/A,IPv4,UDP,N/A,v4,0.0.0.0,255.255.255.255,68,67,N/A,N/A,N/A,N/A,,,1
1759293532,eth0,107,Ethernet,N/A,N/A,N/A,N/A,N/A,N/A,N/A,N/A,N/A,N/A,N/A,N/A,,,0
1759293532,any,109,N/A,N/A,N/A,N/A,N/A,N/A,N/A,N/A,N/A,N/A,N/A,N/A,N/A,,,0
1759293532,eth0,111,Ethernet,N/A,N/A,N/A,N/A,N/A,N/A,N/A,N/A,N/A,N/A,N/A,N/A,,,1
1759293532,eth1,110,Ethernet,IPv6,ICMP,N/A,v6,fe80::103b:bdff:fef0:169,ff02::179,N/A,N/A,N/A,N/A,N/A,N/A,,,1
1759293532,eth0,110,Ethernet,IPv6,ICMP,N/A,v6,fe80::ecf9:eff:fefb:55,ff02::179,N/A,N/A,N/A,N/A,N/A,N/A,,,1
1759293532,eth0,56,Ethernet,IPv4,N/A,N/A,v4,172.30.0.89,224.0.0.22,N/A,N/A,N/A,N/A,N/A,N/A,,,1
1759293532,any,112,N/A,IPv6,ICMP,N/A,v6,fe80::ecf9:eff:fefb:55,ff02::179,N/A,N/A,N/A,N/A,N/A,N/A,,,1
1759293532,any,58,N/A,IPv4,N/A,N/A,v4,172.30.0.89,224.0.0.22,N/A,N/A,N/A,N/A,N/A,N/A,,,1
1759293532,any,58,ARP,N/A,N/A,N/A,N/A,N/A,N/A,N/A,N/A,1,2048,172.30.0.89,172.30.0.122,,,1
1759293532,eth0,56,Ethernet,N/A,N/A,N/A,N/A,N/A,N/A,N/A,N/A,N/A,N/A,N/A,N/A,,,1
1759293533,eth0,70,Ethernet,IPv6,ICMP,N/A,v6,fe80::5ca9:83ff:fe87:27,ff02::204,N/A,N/A,N/A,N/A,N/A,N/A,,,0
1759293533,any,72,N/A,IPv6,ICMP,N/A,v6,fe80::5ca9:83ff:fe87:27,ff02::204,N/A,N/A,N/A,N/A,N/A,N/A,,,0
1759293533,eth1,70,Ethernet,IPv6,ICMP,N/A,v6,fe80::a824:52ff:fe4f:69,ff02::204,N/A,N/A,N/A,N/A,N/A,N/A,,,0
1759293533,any,72,N/A,IPv6,ICMP,N/A,v6,fe80::a824:52ff:fe4f:69,ff02::204,N/A,N/A,N/A,N/A,N/A,N/A,,,0
1759293533,eth0,90,Ethernet,IPv6,ICMP,N/A,v6,fe80::5ca9:83ff:fe87:27,ff02::179,N/A,N/A,N/A,N/A,N/A,N/A,,,0
1759293533,eth0,54,Ethernet,IPv4,N/A,N/A,v4,172.30.0.220,224.0.0.22,N/A,N/A,N/A,N/A,N/A,N/A,,,0
1759293533,any,92,N/A,IPv6,ICMP,N/A,v6,fe80::5ca9:83ff:fe87:27,ff02::179,N/A,N/A,N/A,N/A,N/A,N/A,,,0
1759293533,eth0,67,Ethernet,IPv4,UDP,N/A,v4,172.30.0.220,224.0.0.252,5355,5355,N/A,N/A,N/A,N/A,,,0
1759293533,eth0,87,Ethernet,IPv6,UDP,N/A,v6,fe80::5ca9:83ff:fe87:27,ff02::1:52,5355,5355,N/A,N/A,N/A,N/A,,,0
1759293533,any,69,N/A,IPv4,UDP,N/A,v4,172.30.0.220,224.0.0.252,5355,5355,N/A,N/A,N/A,N/A,,,0
1759293533,eth0,356,Ethernet,IPv4,UDP,N/A,v4,0.0.0.0,255.255.255.255,68,67,N/A,N/A,N/A,N/A,,,0
1759293533,any,358,N/A,IPv4,UDP,N/A,v4,0.0.0.0,255.255.255.255,68,67,N/A,N/A,N/A,N/A,,,0
1759293533,eth0,368,Ethernet,IPv4,UDP,N/A,v4,0.0.0.0,255.255.255.255,68,67,N/A,N/A,N/A,N/A,,,0
1759293533,any,370,N/A,IPv4,UDP,N/A,v4,0.0.0.0,255.255.255.255,68,67,N/A,N/A,N/A,N/A,,,0
1759293533,eth1,110,Ethernet,IPv6,ICMP,N/A,v6,fe80::a824:52ff:fe4f:69,ff02::179,N/A,N/A,N/A,N/A,N/A,N/A,,,0
1759293533,any,112,N/A,IPv6,ICMP,N/A,v6,fe80::a824:52ff:fe4f:69,ff02::179,N/A,N/A,N/A,N/A,N/A,N/A,,,0
1759293533,eth0,54,Ethernet,IPv4,N/A,N/A,v4,172.30.0.220,224.0.0.22,N/A,N/A,N/A,N/A,N/A,N/A,,,0
1759293533,any,56,N/A,IPv4,N/A,N/A,v4,172.30.0.220,224.0.0.22,N/A,N/A,N/A,N/A,N/A,N/A,,,0
1759293533,eth0,110,Ethernet,IPv6,ICMP,N/A,v6,fe80::5ca9:83ff:fe87:27,ff02::179,N/A,N/A,N/A,N/A,N/A,N/A,,,0
1759293533,any,112,N/A,IPv6,ICMP,N/A,v6,fe80::5ca9:83ff:fe87:27,ff02::179,N/A,N/A,N/A,N/A,N/A,N/A,,,0
1759293533,eth0,42,Ethernet,N/A,N/A,N/A,N/A,N/A,N/A,N/A,N/A,N/A,N/A,N/A,N/A,,,0
1759293533,eth0,56,Ethernet,N/A,N/A,N/A,N/A,N/A,N/A,N/A,N/A,N/A,N/A,N/A,N/A,,,0
1759293533,eth0,56,Ethernet,N/A,N/A,N/A,N/A,N/A,N/A,N/A,N/A,N/A,N/A,N/A,N/A,,,0
1759293533,any,44,ARP,N/A,N/A,N/A,N/A,N/A,N/A,N/A,N/A,1,2048,172.30.0.220,172.30.0.122,,,0
1759293533,any,58,ARP,N/A,N/A,N/A,N/A,N/A,N/A,N/A,N/A,2,2048,172.30.0.122,172.30.0.220,,,0
1759293533,eth0,110,Ethernet,IPv6,ICMP,N/A,v6,fe80::5ca9:83ff:fe87:27,ff02::179,N/A,N/A,N/A,N/A,N/A,N/A,,,0
1759293533,any,112,N/A,IPv6,ICMP,N/A,v6,fe80::5ca9:83ff:fe87:27,ff02::179,N/A,N/A,N/A,N/A,N/A,N/A,,,0
1759293533,eth0,56,Ethernet,IPv4,N/A,N/A,v4,172.30.0.89,224.0.0.22,N/A,N/A,N/A,N/A,N/A,N/A,,,1
1759293533,any,58,N/A,IPv4,N/A,N/A,v4,172.30.0.89,224.0.0.22,N/A,N/A,N/A,N/A,N/A,N/A,,,1
1759293533,any,72,N/A,IPv6,ICMP,N/A,v6,fe80::ecf9:eff:fefb:55,ff02::204,N/A,N/A,N/A,N/A,N/A,N/A,,,1
1759293533,eth0,70,Ethernet,IPv6,ICMP,N/A,v6,fe80::ecf9:eff:fefb:55,ff02::204,N/A,N/A,N/A,N/A,N/A,N/A,,,1
1759293533,eth1,70,Ethernet,IPv6,ICMP,N/A,v6,fe80::103b:bdff:fef0:169,ff02::204,N/A,N/A,N/A,N/A,N/A,N/A,,,1
1759293533,any,112,N/A,IPv6,ICMP,N/A,v6,fe80::103b:bdff:fef0:169,ff02::179,N/A,N/A,N/A,N/A,N/A,N/A,,,1
1759293533,eth1,110,Ethernet,IPv6,ICMP,N/A,v6,fe80::103b:bdff:fef0:169,ff02::179,N/A,N/A,N/A,N/A,N/A,N/A,,,1
1759293533,eth0,110,Ethernet,IPv6,ICMP,N/A,v6,fe80::ecf9:eff:fefb:55,ff02::179,N/A,N/A,N/A,N/A,N/A,N/A,,,1
1759293533,any,112,N/A,IPv6,ICMP,N/A,v6,fe80::ecf9:eff:fefb:55,ff02::179,N/A,N/A,N/A,N/A,N/A,N/A,,,1
1759293534,eth0,54,Ethernet,IPv4,N/A,N/A,v4,172.30.0.220,224.0.0.22,N/A,N/A,N/A,N/A,N/A,N/A,,,0
1759293534,any,56,N/A,IPv4,N/A,N/A,v4,172.30.0.220,224.0.0.22,N/A,N/A,N/A,N/A,N/A,N/A,,,0
1759293534,eth1,110,Ethernet,IPv6,ICMP,N/A,v6,fe80::a824:52ff:fe4f:69,ff02::179,N/A,N/A,N/A,N/A,N/A,N/A,,,0
1759293534,any,112,N/A,IPv6,ICMP,N/A,v6,fe80::a824:52ff:fe4f:69,ff02::179,N/A,N/A,N/A,N/A,N/A,N/A,,,0
1759293534,eth1,70,Ethernet,IPv6,ICMP,N/A,v6,fe80::a824:52ff:fe4f:69,ff02::204,N/A,N/A,N/A,N/A,N/A,N/A,,,0
1759293534,any,72,N/A,IPv6,ICMP,N/A,v6,fe80::a824:52ff:fe4f:69,ff02::204,N/A,N/A,N/A,N/A,N/A,N/A,,,0
1759293534,eth0,111,Ethernet,N/A,N/A,N/A,N/A,N/A,N/A,N/A,N/A,N/A,N/A,N/A,N/A,,,1
1759293534,any,113,N/A,N/A,N/A,N/A,N/A,N/A,N/A,N/A,N/A,N/A,N/A,N/A,N/A,,,1
1759293534,any,109,N/A,N/A,N/A,N/A,N/A,N/A,N/A,N/A,N/A,N/A,N/A,N/A,N/A,,,0
1759293534,eth0,107,Ethernet,N/A,N/A,N/A,N/A,N/A,N/A,N/A,N/A,N/A,N/A,N/A,N/A,,,0
1759293534,eth0,70,Ethernet,IPv6,ICMP,N/A,v6,fe80::5ca9:83ff:fe87:27,ff02::204,N/A,N/A,N/A,N/A,N/A,N/A,,,0
1759293535,any,72,N/A,IPv6,ICMP,N/A,v6,fe80::b0b5:44ff:feea:219,ff02::204,N/A,N/A,N/A,N/A,N/A,N/A,,,1
1759293535,eth0,70,Ethernet,IPv6,ICMP,N/A,v6,fe80::b0b5:44ff:feea:219,ff02::204,N/A,N/A,N/A,N/A,N/A,N/A,,,1
1759293535,any,72,N/A,IPv6,ICMP,N/A,v6,fe80::780a:a9ff:fee6:89,ff02::204,N/A,N/A,N/A,N/A,N/A,N/A,,,1
1759293535,eth1,70,Ethernet,IPv6,ICMP,N/A,v6,fe80::780a:a9ff:fee6:89,ff02::204,N/A,N/A,N/A,N/A,N/A,N/A,,,1
1759293535,eth0,111,Ethernet,N/A,N/A,N/A,N/A,N/A,N/A,N/A,N/A,N/A,N/A,N/A,N/A,,,1
1759293535,any,113,N/A,N/A,N/A,N/A,N/A,N/A,N/A,N/A,N/A,N/A,N/A,N/A,N/A,,,1
1759293535,eth0,70,Ethernet,IPv6,ICMP,N/A,v6,fe80::24f1:23ff:fe29:66,ff02::204,N/A,N/A,N/A,N/A,N/A,N/A,,,1
1759293535,any,72,N/A,IPv6,ICMP,N/A,v6,fe80::24f1:23ff:fe29:66,ff02::204,N/A,N/A,N/A,N/A,N/A,N/A,,,1
1759293535,any,72,N/A,IPv6,ICMP,N/A,v6,fe80::7827:e3ff:fe68:239,ff02::204,N/A,N/A,N/A,N/A,N/A,N/A,,,1
1759293535,eth1,70,Ethernet,IPv6,ICMP,N/A,v6,fe80::7827:e3ff:fe68:239,ff02::204,N/A,N/A,N/A,N/A,N/A,N/A,,,1
1759293535,any,92,N/A,IPv6,ICMP,N/A,v6,fe80::b0b5:44ff:feea:219,ff02::179,N/A,N/A,N/A,N/A,N/A,N/A,,,1
1759293535,eth0,90,Ethernet,IPv6,ICMP,N/A,v6,fe80::b0b5:44ff:feea:219,ff02::179,N/A,N/A,N/A,N/A,N/A,N/A,,,1
1759293535,eth0,54,Ethernet,IPv4,N/A,N/A,v4,172.30.0.163,224.0.0.22,N/A,N/A,N/A,N/A,N/A,N/A,,,1
1759293535,eth0,68,Ethernet,IPv4,UDP,N/A,v4,172.30.0.163,224.0.0.252,5355,5355,N/A,N/A,N/A,N/A,,,1
1759293535,any,70,N/A,IPv4,UDP,N/A,v4,172.30.0.163,224.0.0.252,5355,5355,N/A,N/A,N/A,N/A,,,1
1759293535,any,359,N/A,IPv4,UDP,N/A,v4,0.0.0.0,255.255.255.255,68,67,N/A,N/A,N/A,N/A,,,1
1759293535,eth0,357,Ethernet,IPv4,UDP,N/A,v4,0.0.0.0,255.255.255.255,68,67,N/A,N/A,N/A,N/A,,,1
1759293535,eth0,369,Ethernet,IPv4,UDP,N/A,v4,0.0.0.0,255.255.255.255,68,67,N/A,N/A,N/A,N/A,,,1
1759293535,any,371,N/A,IPv4,UDP,N/A,v4,0.0.0.0,255.255.255.255,68,67,N/A,N/A,N/A,N/A,,,1
1759293535,any,112,N/A,IPv6,ICMP,N/A,v6,fe80::b0b5:44ff:feea:219,ff02::179,N/A,N/A,N/A,N/A,N/A,N/A,,,1
1759293535,eth1,110,Ethernet,IPv6,ICMP,N/A,v6,fe80::780a:a9ff:fee6:89,ff02::179,N/A,N/A,N/A,N/A,N/A,N/A,,,1
1759293535,eth0,110,Ethernet,IPv6,ICMP,N/A,v6,fe80::b0b5:44ff:feea:219,ff02::179,N/A,N/A,N/A,N/A,N/A,N/A,,,1
1759293535,any,112,N/A,IPv6,ICMP,N/A,v6,fe80::b0b5:44ff:feea:219,ff02::179,N/A,N/A,N/A,N/A,N/A,N/A,,,1
1759293535,eth0,110,Ethernet,IPv6,ICMP,N/A,v6,fe80::b0b5:44ff:feea:219,ff02::179,N/A,N/A,N/A,N/A,N/A,N/A,,,1
1759293535,eth0,54,Ethernet,IPv4,N/A,N/A,v4,172.30.0.163,224.0.0.22,N/A,N/A,N/A,N/A,N/A,N/A,,,1
1759293535,eth0,42,Ethernet,N/A,N/A,N/A,N/A,N/A,N/A,N/A,N/A,N/A,N/A,N/A,N/A,,,1
1759293535,any,44,ARP,N/A,N/A,N/A,N/A,N/A,N/A,N/A,N/A,1,2048,172.30.0.163,172.30.0.122,,,1
1759293535,eth0,90,Ethernet,IPv6,ICMP,N/A,v6,fe80::e48e:99ff:fe5f:147,ff02::179,N/A,N/A,N/A,N/A,N/A,N/A,,,1
1759293535,eth0,54,Ethernet,IPv4,N/A,N/A,v4,172.30.0.220,224.0.0.22,N/A,N/A,N/A,N/A,N/A,N/A,,,1
1759293535,any,92,N/A,IPv6,ICMP,N/A,v6,fe80::e48e:99ff:fe5f:147,ff02::179,N/A,N/A,N/A,N/A,N/A,N/A,,,1
1759293535,eth0,360,Ethernet,IPv4,UDP,N/A,v4,0.0.0.0,255.255.255.255,68,67,N/A,N/A,N/A,N/A,,,1
1759293535,any,362,N/A,IPv4,UDP,N/A,v4,0.0.0.0,255.255.255.255,68,67,N/A,N/A,N/A,N/A,,,1
1759293535,eth0,107,Ethernet,N/A,N/A,N/A,N/A,N/A,N/A,N/A,N/A,N/A,N/A,N/A,N/A,,,0
1759293535,any,109,N/A,N/A,N/A,N/A,N/A,N/A,N/A,N/A,N/A,N/A,N/A,N/A,N/A,,,0
1759293536,eth0,372,Ethernet,IPv4,UDP,N/A,v4,0.0.0.0,255.255.255.255,68,67,N/A,N/A,N/A,N/A,,,1
1759293536,eth0,110,Ethernet,IPv6,ICMP,N/A,v6,fe80::e48e:99ff:fe5f:147,ff02::179,N/A,N/A,N/A,N/A,N/A,N/A,,,1
1759293536,eth0,54,Ethernet,IPv4,N/A,N/A,v4,172.30.0.220,224.0.0.22,N/A,N/A,N/A,N/A,N/A,N/A,,,1
1759293536,eth0,90,Ethernet,IPv6,ICMP,N/A,v6,fe80::b0b5:44ff:feea:219,ff02::179,N/A,N/A,N/A,N/A,N/A,N/A,,,1
1759293536,eth0,42,Ethernet,N/A,N/A,N/A,N/A,N/A,N/A,N/A,N/A,N/A,N/A,N/A,N/A,,,1
1759293536,eth0,56,Ethernet,N/A,N/A,N/A,N/A,N/A,N/A,N/A,N/A,N/A,N/A,N/A,N/A,,,1
1759293536,eth0,56,Ethernet,N/A,N/A,N/A,N/A,N/A,N/A,N/A,N/A,N/A,N/A,N/A,N/A,,,1
1759293536,any,374,N/A,IPv4,UDP,N/A,v4,0.0.0.0,255.255.255.255,68,67,N/A,N/A,N/A,N/A,,,1
1759293536,any,112,N/A,IPv6,ICMP,N/A,v6,fe80::f056:abff:fe65:143,ff02::179,N/A,N/A,N/A,N/A,N/A,N/A,,,1
1759293536,any,112,N/A,IPv6,ICMP,N/A,v6,fe80::e48e:99ff:fe5f:147,ff02::179,N/A,N/A,N/A,N/A,N/A,N/A,,,1
1759293536,any,92,N/A,IPv6,ICMP,N/A,v6,fe80::b0b5:44ff:feea:219,ff02::179,N/A,N/A,N/A,N/A,N/A,N/A,,,1
1759293536,any,112,N/A,IPv6,ICMP,N/A,v6,fe80::f056:abff:fe65:143,ff02::179,N/A,N/A,N/A,N/A,N/A,N/A,,,1
1759293536,any,112,N/A,IPv6,ICMP,N/A,v6,fe80::780a:a9ff:fee6:89,ff02::179,N/A,N/A,N/A,N/A,N/A,N/A,,,1
1759293536,any,44,ARP,N/A,N/A,N/A,N/A,N/A,N/A,N/A,N/A,1,2048,172.30.0.220,172.30.0.122,,,1
1759293536,any,58,ARP,N/A,N/A,N/A,N/A,N/A,N/A,N/A,N/A,2,2048,172.30.0.122,172.30.0.220,,,1
1759293536,eth2,110,Ethernet,IPv6,ICMP,N/A,v6,fe80::dcac:f9ff:fe59:60,ff02::179,N/A,N/A,N/A,N/A,N/A,N/A,,,1
1759293536,eth1,110,Ethernet,IPv6,ICMP,N/A,v6,fe80::f056:abff:fe65:143,ff02::179,N/A,N/A,N/A,N/A,N/A,N/A,,,1
1759293536,eth1,110,Ethernet,IPv6,ICMP,N/A,v6,fe80::f056:abff:fe65:143,ff02::179,N/A,N/A,N/A,N/A,N/A,N/A,,,1
1759293536,eth1,110,Ethernet,IPv6,ICMP,N/A,v6,fe80::780a:a9ff:fee6:89,ff02::179,N/A,N/A,N/A,N/A,N/A,N/A,,,1
1759293536,eth0,70,Ethernet,IPv6,ICMP,N/A,v6,fe80::b0b5:44ff:feea:219,ff02::204,N/A,N/A,N/A,N/A,N/A,N/A,,,1
1759293536,any,72,N/A,IPv6,ICMP,N/A,v6,fe80::b0b5:44ff:feea:219,ff02::204,N/A,N/A,N/A,N/A,N/A,N/A,,,1
1759293536,any,72,N/A,IPv6,ICMP,N/A,v6,fe80::780a:a9ff:fee6:89,ff02::204,N/A,N/A,N/A,N/A,N/A,N/A,,,1
1759293536,eth1,70,Ethernet,IPv6,ICMP,N/A,v6,fe80::780a:a9ff:fee6:89,ff02::204,N/A,N/A,N/A,N/A,N/A,N/A,,,1
1759293536,any,112,N/A,IPv6,ICMP,N/A,v6,fe80::e48e:99ff:fe5f:147,ff02::179,N/A,N/A,N/A,N/A,N/A,N/A,,,1
1759293536,eth0,110,Ethernet,IPv6,ICMP,N/A,v6,fe80::e48e:99ff:fe5f:147,ff02::179,N/A,N/A,N/A,N/A,N/A,N/A,,,1
1759293536,eth0,54,Ethernet,IPv4,N/A,N/A,v4,172.30.0.220,224.0.0.22,N/A,N/A,N/A,N/A,N/A,N/A,,,1
1759293536,any,56,N/A,IPv4,N/A,N/A,v4,172.30.0.220,224.0.0.22,N/A,N/A,N/A,N/A,N/A,N/A,,,1
1759293536,eth0,90,Ethernet,IPv6,ICMP,N/A,v6,fe80::24f1:23ff:fe29:66,ff02::179,N/A,N/A,N/A,N/A,N/A,N/A,,,1
1759293536,eth0,54,Ethernet,IPv4,N/A,N/A,v4,172.30.0.23,224.0.0.22,N/A,N/A,N/A,N/A,N/A,N/A,,,1
1759293536,any,92,N/A,IPv6,ICMP,N/A,v6,fe80::24f1:23ff:fe29:66,ff02::179,N/A,N/A,N/A,N/A,N/A,N/A,,,1
1759293536,any,358,N/A,IPv4,UDP,N/A,v4,0.0.0.0,255.255.255.255,68,67,N/A,N/A,N/A,N/A,,,1
1759293536,eth0,356,Ethernet,IPv4,UDP,N/A,v4,0.0.0.0,255.255.255.255,68,67,N/A,N/A,N/A,N/A,,,1
1759293536,any,370,N/A,IPv4,UDP,N/A,v4,0.0.0.0,255.255.255.255,68,67,N/A,N/A,N/A,N/A,,,1
1759293536,eth0,368,Ethernet,IPv4,UDP,N/A,v4,0.0.0.0,255.255.255.255,68,67,N/A,N/A,N/A,N/A,,,1
1759293536,any,112,N/A,IPv6,ICMP,N/A,v6,fe80::7827:e3ff:fe68:239,ff02::179,N/A,N/A,N/A,N/A,N/A,N/A,,,1
1759293536,eth1,110,Ethernet,IPv6,ICMP,N/A,v6,fe80::7827:e3ff:fe68:239,ff02::179,N/A,N/A,N/A,N/A,N/A,N/A,,,1
1759293536,any,56,N/A,IPv4,N/A,N/A,v4,172.30.0.163,224.0.0.22,N/A,N/A,N/A,N/A,N/A,N/A,,,1
1759293536,eth0,54,Ethernet,IPv4,N/A,N/A,v4,172.30.0.163,224.0.0.22,N/A,N/A,N/A,N/A,N/A,N/A,,,1
1759293536,eth0,110,Ethernet,IPv6,ICMP,N/A,v6,fe80::24f1:23ff:fe29:66,ff02::179,N/A,N/A,N/A,N/A,N/A,N/A,,,1
1759293536,eth0,54,Ethernet,IPv4,N/A,N/A,v4,172.30.0.23,224.0.0.22,N/A,N/A,N/A,N/A,N/A,N/A,,,1
1759293536,any,112,N/A,IPv6,ICMP,N/A,v6,fe80::24f1:23ff:fe29:66,ff02::179,N/A,N/A,N/A,N/A,N/A,N/A,,,1
1759293536,any,44,ARP,N/A,N/A,N/A,N/A,N/A,N/A,N/A,N/A,1,2048,172.30.0.23,172.30.0.122,,,1
1759293536,eth0,42,Ethernet,N/A,N/A,N/A,N/A,N/A,N/A,N/A,N/A,N/A,N/A,N/A,N/A,,,1
1759293536,eth0,110,Ethernet,IPv6,ICMP,N/A,v6,fe80::24f1:23ff:fe29:66,ff02::179,N/A,N/A,N/A,N/A,N/A,N/A,,,1
1759293536,any,112,N/A,IPv6,ICMP,N/A,v6,fe80::24f1:23ff:fe29:66,ff02::179,N/A,N/A,N/A,N/A,N/A,N/A,,,1
1759293536,eth0,70,Ethernet,IPv6,ICMP,N/A,v6,fe80::e48e:99ff:fe5f:147,ff02::204,N/A,N/A,N/A,N/A,N/A,N/A,,,1
1759293536,eth2,70,Ethernet,IPv6,ICMP,N/A,v6,fe80::dcac:f9ff:fe59:60,ff02::204,N/A,N/A,N/A,N/A,N/A,N/A,,,1
1759293536,any,72,N/A,IPv6,ICMP,N/A,v6,fe80::dcac:f9ff:fe59:60,ff02::204,N/A,N/A,N/A,N/A,N/A,N/A,,,1
1759293536,any,72,N/A,IPv6,ICMP,N/A,v6,fe80::e48e:99ff:fe5f:147,ff02::204,N/A,N/A,N/A,N/A,N/A,N/A,,,1
1759293536,eth0,107,Ethernet,N/A,N/A,N/A,N/A,N/A,N/A,N/A,N/A,N/A,N/A,N/A,N/A,,,0
1759293536,any,109,N/A,N/A,N/A,N/A,N/A,N/A,N/A,N/A,N/A,N/A,N/A,N/A,N/A,,,0
1759293536,eth1,70,Ethernet,IPv6,ICMP,N/A,v6,fe80::f056:abff:fe65:143,ff02::204,N/A,N/A,N/A,N/A,N/A,N/A,,,1
1759293536,any,112,N/A,IPv6,ICMP,N/A,v6,fe80::dcac:f9ff:fe59:60,ff02::179,N/A,N/A,N/A,N/A,N/A,N/A,,,1
1759293536,eth2,110,Ethernet,IPv6,ICMP,N/A,v6,fe80::dcac:f9ff:fe59:60,ff02::179,N/A,N/A,N/A,N/A,N/A,N/A,,,1
1759293536,any,56,N/A,IPv4,N/A,N/A,v4,172.30.0.23,224.0.0.22,N/A,N/A,N/A,N/A,N/A,N/A,,,1
1759293536,eth0,54,Ethernet,IPv4,N/A,N/A,v4,172.30.0.23,224.0.0.22,N/A,N/A,N/A,N/A,N/A,N/A,,,1
1759293536,eth0,90,Ethernet,IPv6,ICMP,N/A,v6,fe80::ecf9:eff:fefb:55,ff02::179,N/A,N/A,N/A,N/A,N/A,N/A,,,1
1759293536,eth0,56,Ethernet,IPv4,N/A,N/A,v4,172.30.0.89,224.0.0.22,N/A,N/A,N/A,N/A,N/A,N/A,,,1
1759293536,any,92,N/A,IPv6,ICMP,N/A,v6,fe80::ecf9:eff:fefb:55,ff02::179,N/A,N/A,N/A,N/A,N/A,N/A,,,1
1759293536,any,58,N/A,IPv4,N/A,N/A,v4,172.30.0.89,224.0.0.22,N/A,N/A,N/A,N/A,N/A,N/A,,,1
1759293537,eth0,90,Ethernet,IPv6,ICMP,N/A,v6,fe80::5ca9:83ff:fe87:27,ff02::179,N/A,N/A,N/A,N/A,N/A,N/A,,,0
1759293537,eth0,54,Ethernet,IPv4,N/A,N/A,v4,172.30.0.220,224.0.0.22,N/A,N/A,N/A,N/A,N/A,N/A,,,0
1759293537,any,92,N/A,IPv6,ICMP,N/A,v6,fe80::5ca9:83ff:fe87:27,ff02::179,N/A,N/A,N/A,N/A,N/A,N/A,,,0
1759293537,eth0,90,Ethernet,IPv6,ICMP,N/A,v6,fe80::5ca9:83ff:fe87:27,ff02::179,N/A,N/A,N/A,N/A,N/A,N/A,,,0
1759293537,any,92,N/A,IPv6,ICMP,N/A,v6,fe80::5ca9:83ff:fe87:27,ff02::179,N/A,N/A,N/A,N/A,N/A,N/A,,,0
1759293537,eth0,87,Ethernet,IPv6,UDP,N/A,v6,fe80::5ca9:83ff:fe87:27,ff02::1:52,5355,5355,N/A,N/A,N/A,N/A,,,0
1759293537,any,89,N/A,IPv6,UDP,N/A,v6,fe80::5ca9:83ff:fe87:27,ff02::1:52,5355,5355,N/A,N/A,N/A,N/A,,,0
1759293537,eth0,67,Ethernet,IPv4,UDP,N/A,v4,172.30.0.220,224.0.0.252,5355,5355,N/A,N/A,N/A,N/A,,,0
1759293537,any,69,N/A,IPv4,UDP,N/A,v4,172.30.0.220,224.0.0.252,5355,5355,N/A,N/A,N/A,N/A,,,0
1759293537,eth0,356,Ethernet,IPv4,UDP,N/A,v4,0.0.0.0,255.255.255.255,68,67,N/A,N/A,N/A,N/A,,,0
1759293537,any,358,N/A,IPv4,UDP,N/A,v4,0.0.0.0,255.255.255.255,68,67,N/A,N/A,N/A,N/A,,,0
1759293537,eth0,368,Ethernet,IPv4,UDP,N/A,v4,0.0.0.0,255.255.255.255,68,67,N/A,N/A,N/A,N/A,,,0
1759293537,any,370,N/A,IPv4,UDP,N/A,v4,0.0.0.0,255.255.255.255,68,67,N/A,N/A,N/A,N/A,,,0
1759293537,eth1,110,Ethernet,IPv6,ICMP,N/A,v6,fe80::a824:52ff:fe4f:69,ff02::179,N/A,N/A,N/A,N/A,N/A,N/A,,,0
1759293537,any,112,N/A,IPv6,ICMP,N/A,v6,fe80::a824:52ff:fe4f:69,ff02::179,N/A,N/A,N/A,N/A,N/A,N/A,,,0
1759293537,eth0,54,Ethernet,IPv4,N/A,N/A,v4,172.30.0.220,224.0.0.22,N/A,N/A,N/A,N/A,N/A,N/A,,,0
1759293537,eth0,110,Ethernet,IPv6,ICMP,N/A,v6,fe80::5ca9:83ff:fe87:27,ff02::179,N/A,N/A,N/A,N/A,N/A,N/A,,,0
1759293537,any,56,N/A,IPv4,N/A,N/A,v4,172.30.0.220,224.0.0.22,N/A,N/A,N/A,N/A,N/A,N/A,,,0
1759293537,any,358,N/A,IPv4,UDP,N/A,v4,0.0.0.0,255.255.255.255,68,67,N/A,N/A,N/A,N/A,,,1
1759293537,eth0,356,Ethernet,IPv4,UDP,N/A,v4,0.0.0.0,255.255.255.255,68,67,N/A,N/A,N/A,N/A,,,1
1759293537,any,370,N/A,IPv4,UDP,N/A,v4,0.0.0.0,255.255.255.255,68,67,N/A,N/A,N/A,N/A,,,1
1759293537,eth0,368,Ethernet,IPv4,UDP,N/A,v4,0.0.0.0,255.255.255.255,68,67,N/A,N/A,N/A,N/A,,,1
1759293537,any,112,N/A,IPv6,ICMP,N/A,v6,fe80::103b:bdff:fef0:169,ff02::179,N/A,N/A,N/A,N/A,N/A,N/A,,,1
1759293537,eth1,110,Ethernet,IPv6,ICMP,N/A,v6,fe80::103b:bdff:fef0:169,ff02::179,N/A,N/A,N/A,N/A,N/A,N/A,,,1
1759293537,any,58,ARP,N/A,N/A,N/A,N/A,N/A,N/A,N/A,N/A,1,2048,172.30.0.89,172.30.0.122,,,1
1759293537,eth0,56,Ethernet,N/A,N/A,N/A,N/A,N/A,N/A,N/A,N/A,N/A,N/A,N/A,N/A,,,1
1759293537,eth0,110,Ethernet,IPv6,ICMP,N/A,v6,fe80::ecf9:eff:fefb:55,ff02::179,N/A,N/A,N/A,N/A,N/A,N/A,,,1
1759293537,eth0,56,Ethernet,IPv4,N/A,N/A,v4,172.30.0.89,224.0.0.22,N/A,N/A,N/A,N/A,N/A,N/A,,,1
1759293537,any,112,N/A,IPv6,ICMP,N/A,v6,fe80::ecf9:eff:fefb:55,ff02::179,N/A,N/A,N/A,N/A,N/A,N/A,,,1
1759293537,any,58,N/A,IPv4,N/A,N/A,v4,172.30.0.89,224.0.0.22,N/A,N/A,N/A,N/A,N/A,N/A,,,1
1759293537,eth1,70,Ethernet,IPv6,ICMP,N/A,v6,fe80::7827:e3ff:fe68:239,ff02::204,N/A,N/A,N/A,N/A,N/A,N/A,,,1
1759293537,eth0,70,Ethernet,IPv6,ICMP,N/A,v6,fe80::24f1:23ff:fe29:66,ff02::204,N/A,N/A,N/A,N/A,N/A,N/A,,,1
1759293537,any,72,N/A,IPv6,ICMP,N/A,v6,fe80::24f1:23ff:fe29:66,ff02::204,N/A,N/A,N/A,N/A,N/A,N/A,,,1
1759293537,any,72,N/A,IPv6,ICMP,N/A,v6,fe80::7827:e3ff:fe68:239,ff02::204,N/A,N/A,N/A,N/A,N/A,N/A,,,1
1759293537,eth0,111,Ethernet,N/A,N/A,N/A,N/A,N/A,N/A,N/A,N/A,N/A,N/A,N/A,N/A,,,1
1759293537,any,113,N/A,N/A,N/A,N/A,N/A,N/A,N/A,N/A,N/A,N/A,N/A,N/A,N/A,,,1
1759293537,any,112,N/A,IPv6,ICMP,N/A,v6,fe80::103b:bdff:fef0:169,ff02::179,N/A,N/A,N/A,N/A,N/A,N/A,,,1
1759293537,eth1,110,Ethernet,IPv6,ICMP,N/A,v6,fe80::103b:bdff:fef0:169,ff02::179,N/A,N/A,N/A,N/A,N/A,N/A,,,1
1759293537,any,112,N/A,IPv6,ICMP,N/A,v6,fe80::ecf9:eff:fefb:55,ff02::179,N/A,N/A,N/A,N/A,N/A,N/A,,,1
1759293537,eth0,110,Ethernet,IPv6,ICMP,N/A,v6,fe80::ecf9:eff:fefb:55,ff02::179,N/A,N/A,N/A,N/A,N/A,N/A,,,1
1759293537,any,112,N/A,IPv6,ICMP,N/A,v6,fe80::7827:e3ff:fe68:239,ff02::179,N/A,N/A,N/A,N/A,N/A,N/A,,,1
1759293537,eth1,110,Ethernet,IPv6,ICMP,N/A,v6,fe80::7827:e3ff:fe68:239,ff02::179,N/A,N/A,N/A,N/A,N/A,N/A,,,1
1759293537,any,58,N/A,IPv4,N/A,N/A,v4,172.30.0.89,224.0.0.22,N/A,N/A,N/A,N/A,N/A,N/A,,,1
1759293537,eth0,56,Ethernet,IPv4,N/A,N/A,v4,172.30.0.89,224.0.0.22,N/A,N/A,N/A,N/A,N/A,N/A,,,1
1759293537,any,44,ARP,N/A,N/A,N/A,N/A,N/A,N/A,N/A,N/A,1,2048,172.30.0.220,172.30.0.122,,,0
1759293537,any,58,ARP,N/A,N/A,N/A,N/A,N/A,N/A,N/A,N/A,2,2048,172.30.0.122,172.30.0.220,,,0
1759293537,any,58,ARP,N/A,N/A,N/A,N/A,N/A,N/A,N/A,N/A,2,2048,172.30.0.122,172.30.0.220,,,0
1759293537,eth0,42,Ethernet,N/A,N/A,N/A,N/A,N/A,N/A,N/A,N/A,N/A,N/A,N/A,N/A,,,0
1759293537,eth0,56,Ethernet,N/A,N/A,N/A,N/A,N/A,N/A,N/A,N/A,N/A,N/A,N/A,N/A,,,0
1759293537,eth0,56,Ethernet,N/A,N/A,N/A,N/A,N/A,N/A,N/A,N/A,N/A,N/A,N/A,N/A,,,0
1759293537,eth1,110,Ethernet,IPv6,ICMP,N/A,v6,fe80::a824:52ff:fe4f:69,ff02::179,N/A,N/A,N/A,N/A,N/A,N/A,,,0
1759293537,any,112,N/A,IPv6,ICMP,N/A,v6,fe80::a824:52ff:fe4f:69,ff02::179,N/A,N/A,N/A,N/A,N/A,N/A,,,0
1759293537,eth0,54,Ethernet,IPv4,N/A,N/A,v4,172.30.0.220,224.0.0.22,N/A,N/A,N/A,N/A,N/A,N/A,,,0
1759293537,any,56,N/A,IPv4,N/A,N/A,v4,172.30.0.220,224.0.0.22,N/A,N/A,N/A,N/A,N/A,N/A,,,0
1759293538,eth0,111,Ethernet,N/A,N/A,N/A,N/A,N/A,N/A,N/A,N/A,N/A,N/A,N/A,N/A,,,1
1759293538,any,113,N/A,N/A,N/A,N/A,N/A,N/A,N/A,N/A,N/A,N/A,N/A,N/A,N/A,,,1
1759293538,any,72,N/A,IPv6,ICMP,N/A,v6,fe80::ecf9:eff:fefb:55,ff02::204,N/A,N/A,N/A,N/A,N/A,N/A,,,1
1759293538,eth0,70,Ethernet,IPv6,ICMP,N/A,v6,fe80::ecf9:eff:fefb:55,ff02::204,N/A,N/A,N/A,N/A,N/A,N/A,,,1
1759293538,eth1,70,Ethernet,IPv6,ICMP,N/A,v6,fe80::103b:bdff:fef0:169,ff02::204,N/A,N/A,N/A,N/A,N/A,N/A,,,1
1759293538,eth0,110,Ethernet,IPv6,ICMP,N/A,v6,fe80::5ca9:83ff:fe87:27,ff02::179,N/A,N/A,N/A,N/A,N/A,N/A,,,0
1759293538,any,112,N/A,IPv6,ICMP,N/A,v6,fe80::5ca9:83ff:fe87:27,ff02::179,N/A,N/A,N/A,N/A,N/A,N/A,,,0
1759293538,eth0,107,Ethernet,N/A,N/A,N/A,N/A,N/A,N/A,N/A,N/A,N/A,N/A,N/A,N/A,,,0
1759293538,eth0,70,Ethernet,IPv6,ICMP,N/A,v6,fe80::5ca9:83ff:fe87:27,ff02::204,N/A,N/A,N/A,N/A,N/A,N/A,,,0
1759293538,any,72,N/A,IPv6,ICMP,N/A,v6,fe80::a824:52ff:fe4f:69,ff02::204,N/A,N/A,N/A,N/A,N/A,N/A,,,0
1759293538,eth1,70,Ethernet,IPv6,ICMP,N/A,v6,fe80::a824:52ff:fe4f:69,ff02::204,N/A,N/A,N/A,N/A,N/A,N/A,,,0
1759293539,eth0,111,Ethernet,N/A,N/A,N/A,N/A,N/A,N/A,N/A,N/A,N/A,N/A,N/A,N/A,,,1
1759293539,any,113,N/A,N/A,N/A,N/A,N/A,N/A,N/A,N/A,N/A,N/A,N/A,N/A,N/A,,,1
1759293539,eth0,90,Ethernet,IPv6,ICMP,N/A,v6,fe80::b0b5:44ff:feea:219,ff02::179,N/A,N/A,N/A,N/A,N/A,N/A,,,1
1759293539,eth0,54,Ethernet,IPv4,N/A,N/A,v4,172.30.0.163,224.0.0.22,N/A,N/A,N/A,N/A,N/A,N/A,,,1
1759293539,any,92,N/A,IPv6,ICMP,N/A,v6,fe80::b0b5:44ff:feea:219,ff02::179,N/A,N/A,N/A,N/A,N/A,N/A,,,1
1759293539,any,90,N/A,IPv6,UDP,N/A,v6,fe80::b0b5:44ff:feea:219,ff02::1:52,5355,5355,N/A,N/A,N/A,N/A,,,1
1759293539,eth0,88,Ethernet,IPv6,UDP,N/A,v6,fe80::b0b5:44ff:feea:219,ff02::1:52,5355,5355,N/A,N/A,N/A,N/A,,,1
1759293539,eth0,357,Ethernet,IPv4,UDP,N/A,v4,0.0.0.0,255.255.255.255,68,67,N/A,N/A,N/A,N/A,,,1
1759293539,any,359,N/A,IPv4,UDP,N/A,v4,0.0.0.0,255.255.255.255,68,67,N/A,N/A,N/A,N/A,,,1
1759293539,eth0,369,Ethernet,IPv4,UDP,N/A,v4,0.0.0.0,255.255.255.255,68,67,N/A,N/A,N/A,N/A,,,1
1759293539,eth0,110,Ethernet,IPv6,ICMP,N/A,v6,fe80::b0b5:44ff:feea:219,ff02::179,N/A,N/A,N/A,N/A,N/A,N/A,,,1
1759293539,eth0,54,Ethernet,IPv4,N/A,N/A,v4,172.30.0.163,224.0.0.22,N/A,N/A,N/A,N/A,N/A,N/A,,,1
1759293539,any,371,N/A,IPv4,UDP,N/A,v4,0.0.0.0,255.255.255.255,68,67,N/A,N/A,N/A,N/A,,,1
1759293539,any,112,N/A,IPv6,ICMP,N/A,v6,fe80::780a:a9ff:fee6:89,ff02::179,N/A,N/A,N/A,N/A,N/A,N/A,,,1
1759293539,any,112,N/A,IPv6,ICMP,N/A,v6,fe80::b0b5:44ff:feea:219,ff02::179,N/A,N/A,N/A,N/A,N/A,N/A,,,1
1759293539,eth1,110,Ethernet,IPv6,ICMP,N/A,v6,fe80::780a:a9ff:fee6:89,ff02::179,N/A,N/A,N/A,N/A,N/A,N/A,,,1
1759293539,eth0,107,Ethernet,N/A,N/A,N/A,N/A,N/A,N/A,N/A,N/A,N/A,N/A,N/A,N/A,,,0
1759293539,any,109,N/A,N/A,N/A,N/A,N/A,N/A,N/A,N/A,N/A,N/A,N/A,N/A,N/A,,,0
1759293540,eth0,110,Ethernet,IPv6,ICMP,N/A,v6,fe80::b0b5:44ff:feea:219,ff02::179,N/A,N/A,N/A,N/A,N/A,N/A,,,1
1759293540,any,112,N/A,IPv6,ICMP,N/A,v6,fe80::b0b5:44ff:feea:219,ff02::179,N/A,N/A,N/A,N/A,N/A,N/A,,,1
1759293540,eth1,110,Ethernet,IPv6,ICMP,N/A,v6,fe80::780a:a9ff:fee6:89,ff02::179,N/A,N/A,N/A,N/A,N/A,N/A,,,1
1759293540,any,112,N/A,IPv6,ICMP,N/A,v6,fe80::780a:a9ff:fee6:89,ff02::179,N/A,N/A,N/A,N/A,N/A,N/A,,,1
1759293540,any,44,ARP,N/A,N/A,N/A,N/A,N/A,N/A,N/A,N/A,1,2048,172.30.0.163,172.30.0.122,,,1
1759293540,eth0,42,Ethernet,N/A,N/A,N/A,N/A,N/A,N/A,N/A,N/A,N/A,N/A,N/A,N/A,,,1
1759293540,any,113,N/A,N/A,N/A,N/A,N/A,N/A,N/A,N/A,N/A,N/A,N/A,N/A,N/A,,,1
1759293540,eth0,111,Ethernet,N/A,N/A,N/A,N/A,N/A,N/A,N/A,N/A,N/A,N/A,N/A,N/A,,,1
1759293540,eth0,54,Ethernet,IPv4,N/A,N/A,v4,172.30.0.163,224.0.0.22,N/A,N/A,N/A,N/A,N/A,N/A,,,1
1759293540,any,56,N/A,IPv4,N/A,N/A,v4,172.30.0.163,224.0.0.22,N/A,N/A,N/A,N/A,N/A,N/A,,,1
1759293540,eth0,70,Ethernet,IPv6,ICMP,N/A,v6,fe80::e48e:99ff:fe5f:147,ff02::204,N/A,N/A,N/A,N/A,N/A,N/A,,,1
1759293540,any,72,N/A,IPv6,ICMP,N/A,v6,fe80::e48e:99ff:fe5f:147,ff02::204,N/A,N/A,N/A,N/A,N/A,N/A,,,1
1759293540,any,92,N/A,IPv6,ICMP,N/A,v6,fe80::24f1:23ff:fe29:66,ff02::179,N/A,N/A,N/A,N/A,N/A,N/A,,,1
1759293540,eth0,90,Ethernet,IPv6,ICMP,N/A,v6,fe80::24f1:23ff:fe29:66,ff02::179,N/A,N/A,N/A,N/A,N/A,N/A,,,1
1759293540,eth0,54,Ethernet,IPv4,N/A,N/A,v4,172.30.0.23,224.0.0.22,N/A,N/A,N/A,N/A,N/A,N/A,,,1
1759293540,eth0,356,Ethernet,IPv4,UDP,N/A,v4,0.0.0.0,255.255.255.255,68,67,N/A,N/A,N/A,N/A,,,1
1759293540,any,358,N/A,IPv4,UDP,N/A,v4,0.0.0.0,255.255.255.255,68,67,N/A,N/A,N/A,N/A,,,1
1759293540,any,370,N/A,IPv4,UDP,N/A,v4,0.0.0.0,255.255.255.255,68,67,N/A,N/A,N/A,N/A,,,1
1759293540,eth0,368,Ethernet,IPv4,UDP,N/A,v4,0.0.0.0,255.255.255.255,68,67,N/A,N/A,N/A,N/A,,,1
1759293540,eth1,70,Ethernet,IPv6,ICMP,N/A,v6,fe80::f056:abff:fe65:143,ff02::204,N/A,N/A,N/A,N/A,N/A,N/A,,,1
1759293540,any,72,N/A,IPv6,ICMP,N/A,v6,fe80::f056:abff:fe65:143,ff02::204,N/A,N/A,N/A,N/A,N/A,N/A,,,1
1759293540,any,112,N/A,IPv6,ICMP,N/A,v6,fe80::7827:e3ff:fe68:239,ff02::179,N/A,N/A,N/A,N/A,N/A,N/A,,,1
1759293540,eth1,110,Ethernet,IPv6,ICMP,N/A,v6,fe80::7827:e3ff:fe68:239,ff02::179,N/A,N/A,N/A,N/A,N/A,N/A,,,1
1759293540,any,112,N/A,IPv6,ICMP,N/A,v6,fe80::24f1:23ff:fe29:66,ff02::179,N/A,N/A,N/A,N/A,N/A,N/A,,,1
1759293540,eth0,110,Ethernet,IPv6,ICMP,N/A,v6,fe80::24f1:23ff:fe29:66,ff02::179,N/A,N/A,N/A,N/A,N/A,N/A,,,1
1759293540,eth0,54,Ethernet,IPv4,N/A,N/A,v4,172.30.0.23,224.0.0.22,N/A,N/A,N/A,N/A,N/A,N/A,,,1
1759293540,any,112,N/A,IPv6,ICMP,N/A,v6,fe80::7827:e3ff:fe68:239,ff02::179,N/A,N/A,N/A,N/A,N/A,N/A,,,1
1759293540,eth1,110,Ethernet,IPv6,ICMP,N/A,v6,fe80::7827:e3ff:fe68:239,ff02::179,N/A,N/A,N/A,N/A,N/A,N/A,,,1
1759293540,eth0,42,Ethernet,N/A,N/A,N/A,N/A,N/A,N/A,N/A,N/A,N/A,N/A,N/A,N/A,,,1
1759293540,any,44,ARP,N/A,N/A,N/A,N/A,N/A,N/A,N/A,N/A,1,2048,172.30.0.23,172.30.0.122,,,1
1759293540,eth0,110,Ethernet,IPv6,ICMP,N/A,v6,fe80::24f1:23ff:fe29:66,ff02::179,N/A,N/A,N/A,N/A,N/A,N/A,,,1
1759293540,any,112,N/A,IPv6,ICMP,N/A,v6,fe80::24f1:23ff:fe29:66,ff02::179,N/A,N/A,N/A,N/A,N/A,N/A,,,1
1759293540,eth0,107,Ethernet,N/A,N/A,N/A,N/A,N/A,N/A,N/A,N/A,N/A,N/A,N/A,N/A,,,0
1759293540,any,109,N/A,N/A,N/A,N/A,N/A,N/A,N/A,N/A,N/A,N/A,N/A,N/A,N/A,,,0
1759293541,eth2,70,Ethernet,IPv6,ICMP,N/A,v6,fe80::dcac:f9ff:fe59:60,ff02::204,N/A,N/A,N/A,N/A,N/A,N/A,,,1
1759293541,any,72,N/A,IPv6,ICMP,N/A,v6,fe80::dcac:f9ff:fe59:60,ff02::204,N/A,N/A,N/A,N/A,N/A,N/A,,,1
1759293541,eth0,90,Ethernet,IPv6,ICMP,N/A,v6,fe80::e48e:99ff:fe5f:147,ff02::179,N/A,N/A,N/A,N/A,N/A,N/A,,,1
1759293541,eth0,54,Ethernet,IPv4,N/A,N/A,v4,172.30.0.220,224.0.0.22,N/A,N/A,N/A,N/A,N/A,N/A,,,1
1759293541,any,92,N/A,IPv6,ICMP,N/A,v6,fe80::e48e:99ff:fe5f:147,ff02::179,N/A,N/A,N/A,N/A,N/A,N/A,,,1
1759293541,eth1,70,Ethernet,IPv6,ICMP,N/A,v6,fe80::780a:a9ff:fee6:89,ff02::204,N/A,N/A,N/A,N/A,N/A,N/A,,,1
1759293541,any,72,N/A,IPv6,ICMP,N/A,v6,fe80::b0b5:44ff:feea:219,ff02::204,N/A,N/A,N/A,N/A,N/A,N/A,,,1
1759293541,any,72,N/A,IPv6,ICMP,N/A,v6,fe80::780a:a9ff:fee6:89,ff02::204,N/A,N/A,N/A,N/A,N/A,N/A,,,1
1759293541,eth0,70,Ethernet,IPv6,ICMP,N/A,v6,fe80::b0b5:44ff:feea:219,ff02::204,N/A,N/A,N/A,N/A,N/A,N/A,,,1
1759293541,eth0,360,Ethernet,IPv4,UDP,N/A,v4,0.0.0.0,255.255.255.255,68,67,N/A,N/A,N/A,N/A,,,1
1759293541,any,362,N/A,IPv4,UDP,N/A,v4,0.0.0.0,255.255.255.255,68,67,N/A,N/A,N/A,N/A,,,1
1759293541,eth0,372,Ethernet,IPv4,UDP,N/A,v4,0.0.0.0,255.255.255.255,68,67,N/A,N/A,N/A,N/A,,,1
1759293541,eth0,110,Ethernet,IPv6,ICMP,N/A,v6,fe80::e48e:99ff:fe5f:147,ff02::179,N/A,N/A,N/A,N/A,N/A,N/A,,,1
1759293541,eth0,54,Ethernet,IPv4,N/A,N/A,v4,172.30.0.220,224.0.0.22,N/A,N/A,N/A,N/A,N/A,N/A,,,1
1759293541,eth0,42,Ethernet,N/A,N/A,N/A,N/A,N/A,N/A,N/A,N/A,N/A,N/A,N/A,N/A,,,1
1759293541,eth0,56,Ethernet,N/A,N/A,N/A,N/A,N/A,N/A,N/A,N/A,N/A,N/A,N/A,N/A,,,1
1759293541,eth0,56,Ethernet,N/A,N/A,N/A,N/A,N/A,N/A,N/A,N/A,N/A,N/A,N/A,N/A,,,1
1759293541,eth0,54,Ethernet,IPv4,N/A,N/A,v4,172.30.0.220,224.0.0.22,N/A,N/A,N/A,N/A,N/A,N/A,,,1
1759293541,any,374,N/A,IPv4,UDP,N/A,v4,0.0.0.0,255.255.255.255,68,67,N/A,N/A,N/A,N/A,,,1
1759293541,any,112,N/A,IPv6,ICMP,N/A,v6,fe80::f056:abff:fe65:143,ff02::179,N/A,N/A,N/A,N/A,N/A,N/A,,,1
1759293541,any,112,N/A,IPv6,ICMP,N/A,v6,fe80::e48e:99ff:fe5f:147,ff02::179,N/A,N/A,N/A,N/A,N/A,N/A,,,1
1759293541,any,44,ARP,N/A,N/A,N/A,N/A,N/A,N/A,N/A,N/A,1,2048,172.30.0.220,172.30.0.122,,,1
1759293541,any,58,ARP,N/A,N/A,N/A,N/A,N/A,N/A,N/A,N/A,2,2048,172.30.0.122,172.30.0.220,,,1
1759293541,any,56,N/A,IPv4,N/A,N/A,v4,172.30.0.220,224.0.0.22,N/A,N/A,N/A,N/A,N/A,N/A,,,1
1759293541,any,112,N/A,IPv6,ICMP,N/A,v6,fe80::f056:abff:fe65:143,ff02::179,N/A,N/A,N/A,N/A,N/A,N/A,,,1
1759293541,eth2,110,Ethernet,IPv6,ICMP,N/A,v6,fe80::dcac:f9ff:fe59:60,ff02::179,N/A,N/A,N/A,N/A,N/A,N/A,,,1
1759293541,eth1,110,Ethernet,IPv6,ICMP,N/A,v6,fe80::f056:abff:fe65:143,ff02::179,N/A,N/A,N/A,N/A,N/A,N/A,,,1
1759293541,eth1,110,Ethernet,IPv6,ICMP,N/A,v6,fe80::f056:abff:fe65:143,ff02::179,N/A,N/A,N/A,N/A,N/A,N/A,,,1
1759293541,any,56,N/A,IPv4,N/A,N/A,v4,172.30.0.23,224.0.0.22,N/A,N/A,N/A,N/A,N/A,N/A,,,1
1759293541,eth0,54,Ethernet,IPv4,N/A,N/A,v4,172.30.0.23,224.0.0.22,N/A,N/A,N/A,N/A,N/A,N/A,,,1
1759293541,any,112,N/A,IPv6,ICMP,N/A,v6,fe80::dcac:f9ff:fe59:60,ff02::179,N/A,N/A,N/A,N/A,N/A,N/A,,,1
1759293541,eth2,110,Ethernet,IPv6,ICMP,N/A,v6,fe80::dcac:f9ff:fe59:60,ff02::179,N/A,N/A,N/A,N/A,N/A,N/A,,,1
1759293541,eth0,70,Ethernet,IPv6,ICMP,N/A,v6,fe80::e48e:99ff:fe5f:147,ff02::204,N/A,N/A,N/A,N/A,N/A,N/A,,,1
1759293541,eth1,70,Ethernet,IPv6,ICMP,N/A,v6,fe80::f056:abff:fe65:143,ff02::204,N/A,N/A,N/A,N/A,N/A,N/A,,,1
1759293541,eth2,70,Ethernet,IPv6,ICMP,N/A,v6,fe80::dcac:f9ff:fe59:60,ff02::204,N/A,N/A,N/A,N/A,N/A,N/A,,,1
1759293541,any,72,N/A,IPv6,ICMP,N/A,v6,fe80::dcac:f9ff:fe59:60,ff02::204,N/A,N/A,N/A,N/A,N/A,N/A,,,1
1759293541,eth0,70,Ethernet,IPv6,ICMP,N/A,v6,fe80::24f1:23ff:fe29:66,ff02::204,N/A,N/A,N/A,N/A,N/A,N/A,,,1
1759293541,eth1,70,Ethernet,IPv6,ICMP,N/A,v6,fe80::7827:e3ff:fe68:239,ff02::204,N/A,N/A,N/A,N/A,N/A,N/A,,,1
1759293541,any,72,N/A,IPv6,ICMP,N/A,v6,fe80::7827:e3ff:fe68:239,ff02::204,N/A,N/A,N/A,N/A,N/A,N/A,,,1
1759293541,any,112,N/A,IPv6,ICMP,N/A,v6,fe80::e48e:99ff:fe5f:147,ff02::179,N/A,N/A,N/A,N/A,N/A,N/A,,,1
1759293541,eth0,110,Ethernet,IPv6,ICMP,N/A,v6,fe80::e48e:99ff:fe5f:147,ff02::179,N/A,N/A,N/A,N/A,N/A,N/A,,,1
1759293542,eth0,107,Ethernet,N/A,N/A,N/A,N/A,N/A,N/A,N/A,N/A,N/A,N/A,N/A,N/A,,,0
1759293542,any,109,N/A,N/A,N/A,N/A,N/A,N/A,N/A,N/A,N/A,N/A,N/A,N/A,N/A,,,0
1759293542,eth0,70,Ethernet,IPv6,ICMP,N/A,v6,fe80::5ca9:83ff:fe87:27,ff02::204,N/A,N/A,N/A,N/A,N/A,N/A,,,0
1759293542,any,72,N/A,IPv6,ICMP,N/A,v6,fe80::5ca9:83ff:fe87:27,ff02::204,N/A,N/A,N/A,N/A,N/A,N/A,,,0
1759293542,eth0,90,Ethernet,IPv6,ICMP,N/A,v6,fe80::5ca9:83ff:fe87:27,ff02::179,N/A,N/A,N/A,N/A,N/A,N/A,,,0
1759293542,eth0,90,Ethernet,IPv6,ICMP,N/A,v6,fe80::ecf9:eff:fefb:55,ff02::179,N/A,N/A,N/A,N/A,N/A,N/A,,,1
1759293542,eth0,56,Ethernet,IPv4,N/A,N/A,v4,172.30.0.89,224.0.0.22,N/A,N/A,N/A,N/A,N/A,N/A,,,1
1759293542,any,92,N/A,IPv6,ICMP,N/A,v6,fe80::ecf9:eff:fefb:55,ff02::179,N/A,N/A,N/A,N/A,N/A,N/A,,,1
1759293542,eth0,87,Ethernet,IPv6,UDP,N/A,v6,fe80::ecf9:eff:fefb:55,ff02::1:52,5355,5355,N/A,N/A,N/A,N/A,,,1
1759293542,any,89,N/A,IPv6,UDP,N/A,v6,fe80::ecf9:eff:fefb:55,ff02::1:52,5355,5355,N/A,N/A,N/A,N/A,,,1
1759293542,any,113,N/A,N/A,N/A,N/A,N/A,N/A,N/A,N/A,N/A,N/A,N/A,N/A,N/A,,,1
1759293542,eth0,111,Ethernet,N/A,N/A,N/A,N/A,N/A,N/A,N/A,N/A,N/A,N/A,N/A,N/A,,,1
1759293542,eth0,356,Ethernet,IPv4,UDP,N/A,v4,0.0.0.0,255.255.255.255,68,67,N/A,N/A,N/A,N/A,,,1
1759293542,any,358,N/A,IPv4,UDP,N/A,v4,0.0.0.0,255.255.255.255,68,67,N/A,N/A,N/A,N/A,,,1
1759293542,any,370,N/A,IPv4,UDP,N/A,v4,0.0.0.0,255.255.255.255,68,67,N/A,N/A,N/A,N/A,,,1
1759293542,eth0,368,Ethernet,IPv4,UDP,N/A,v4,0.0.0.0,255.255.255.255,68,67,N/A,N/A,N/A,N/A,,,1
1759293542,any,112,N/A,IPv6,ICMP,N/A,v6,fe80::103b:bdff:fef0:169,ff02::179,N/A,N/A,N/A,N/A,N/A,N/A,,,1
1759293542,eth1,110,Ethernet,IPv6,ICMP,N/A,v6,fe80::103b:bdff:fef0:169,ff02::179,N/A,N/A,N/A,N/A,N/A,N/A,,,1
1759293542,any,112,N/A,IPv6,ICMP,N/A,v6,fe80::ecf9:eff:fefb:55,ff02::179,N/A,N/A,N/A,N/A,N/A,N/A,,,1
1759293542,any,58,N/A,IPv4,N/A,N/A,v4,172.30.0.89,224.0.0.22,N/A,N/A,N/A,N/A,N/A,N/A,,,1
1759293542,eth0,110,Ethernet,IPv6,ICMP,N/A,v6,fe80::ecf9:eff:fefb:55,ff02::179,N/A,N/A,N/A,N/A,N/A,N/A,,,1
1759293542,eth0,56,Ethernet,IPv4,N/A,N/A,v4,172.30.0.89,224.0.0.22,N/A,N/A,N/A,N/A,N/A,N/A,,,1
1759293542,any,58,ARP,N/A,N/A,N/A,N/A,N/A,N/A,N/A,N/A,1,2048,172.30.0.89,172.30.0.122,,,1
1759293542,eth0,56,Ethernet,N/A,N/A,N/A,N/A,N/A,N/A,N/A,N/A,N/A,N/A,N/A,N/A,,,1
1759293542,eth0,56,Ethernet,IPv4,N/A,N/A,v4,172.30.0.89,224.0.0.22,N/A,N/A,N/A,N/A,N/A,N/A,,,1
1759293542,any,58,N/A,IPv4,N/A,N/A,v4,172.30.0.89,224.0.0.22,N/A,N/A,N/A,N/A,N/A,N/A,,,1
1759293542,eth0,54,Ethernet,IPv4,N/A,N/A,v4,172.30.0.220,224.0.0.22,N/A,N/A,N/A,N/A,N/A,N/A,,,0
1759293542,any,92,N/A,IPv6,ICMP,N/A,v6,fe80::5ca9:83ff:fe87:27,ff02::179,N/A,N/A,N/A,N/A,N/A,N/A,,,0
1759293542,eth0,87,Ethernet,IPv6,UDP,N/A,v6,fe80::5ca9:83ff:fe87:27,ff02::1:52,5355,5355,N/A,N/A,N/A,N/A,,,0
1759293542,any,89,N/A,IPv6,UDP,N/A,v6,fe80::5ca9:83ff:fe87:27,ff02::1:52,5355,5355,N/A,N/A,N/A,N/A,,,0
1759293542,eth0,356,Ethernet,IPv4,UDP,N/A,v4,0.0.0.0,255.255.255.255,68,67,N/A,N/A,N/A,N/A,,,0
1759293542,any,358,N/A,IPv4,UDP,N/A,v4,0.0.0.0,255.255.255.255,68,67,N/A,N/A,N/A,N/A,,,0
1759293542,eth0,368,Ethernet,IPv4,UDP,N/A,v4,0.0.0.0,255.255.255.255,68,67,N/A,N/A,N/A,N/A,,,0
1759293542,any,370,N/A,IPv4,UDP,N/A,v4,0.0.0.0,255.255.255.255,68,67,N/A,N/A,N/A,N/A,,,0
1759293542,eth1,110,Ethernet,IPv6,ICMP,N/A,v6,fe80::a824:52ff:fe4f:69,ff02::179,N/A,N/A,N/A,N/A,N/A,N/A,,,0
1759293542,any,112,N/A,IPv6,ICMP,N/A,v6,fe80::a824:52ff:fe4f:69,ff02::179,N/A,N/A,N/A,N/A,N/A,N/A,,,0
1759293542,eth0,54,Ethernet,IPv4,N/A,N/A,v4,172.30.0.220,224.0.0.22,N/A,N/A,N/A,N/A,N/A,N/A,,,0
1759293542,any,56,N/A,IPv4,N/A,N/A,v4,172.30.0.220,224.0.0.22,N/A,N/A,N/A,N/A,N/A,N/A,,,0
1759293542,eth0,110,Ethernet,IPv6,ICMP,N/A,v6,fe80::5ca9:83ff:fe87:27,ff02::179,N/A,N/A,N/A,N/A,N/A,N/A,,,0
1759293542,any,112,N/A,IPv6,ICMP,N/A,v6,fe80::5ca9:83ff:fe87:27,ff02::179,N/A,N/A,N/A,N/A,N/A,N/A,,,0
1759293542,eth0,42,Ethernet,N/A,N/A,N/A,N/A,N/A,N/A,N/A,N/A,N/A,N/A,N/A,N/A,,,0
1759293542,any,44,ARP,N/A,N/A,N/A,N/A,N/A,N/A,N/A,N/A,1,2048,172.30.0.220,172.30.0.122,,,0
1759293542,any,58,ARP,N/A,N/A,N/A,N/A,N/A,N/A,N/A,N/A,2,2048,172.30.0.122,172.30.0.220,,,0
1759293542,eth0,56,Ethernet,N/A,N/A,N/A,N/A,N/A,N/A,N/A,N/A,N/A,N/A,N/A,N/A,,,0
1759293542,eth0,56,Ethernet,N/A,N/A,N/A,N/A,N/A,N/A,N/A,N/A,N/A,N/A,N/A,N/A,,,0
1759293542,eth0,110,Ethernet,IPv6,ICMP,N/A,v6,fe80::ecf9:eff:fefb:55,ff02::179,N/A,N/A,N/A,N/A,N/A,N/A,,,1
1759293542,any,112,N/A,IPv6,ICMP,N/A,v6,fe80::103b:bdff:fef0:169,ff02::179,N/A,N/A,N/A,N/A,N/A,N/A,,,1
1759293542,eth1,110,Ethernet,IPv6,ICMP,N/A,v6,fe80::103b:bdff:fef0:169,ff02::179,N/A,N/A,N/A,N/A,N/A,N/A,,,1
1759293543,eth0,54,Ethernet,IPv4,N/A,N/A,v4,172.30.0.220,224.0.0.22,N/A,N/A,N/A,N/A,N/A,N/A,,,0
1759293543,any,56,N/A,IPv4,N/A,N/A,v4,172.30.0.220,224.0.0.22,N/A,N/A,N/A,N/A,N/A,N/A,,,0
1759293543,eth1,110,Ethernet,IPv6,ICMP,N/A,v6,fe80::a824:52ff:fe4f:69,ff02::179,N/A,N/A,N/A,N/A,N/A,N/A,,,0
1759293543,any,112,N/A,IPv6,ICMP,N/A,v6,fe80::a824:52ff:fe4f:69,ff02::179,N/A,N/A,N/A,N/A,N/A,N/A,,,0
1759293543,eth0,110,Ethernet,IPv6,ICMP,N/A,v6,fe80::5ca9:83ff:fe87:27,ff02::179,N/A,N/A,N/A,N/A,N/A,N/A,,,0
1759293543,any,112,N/A,IPv6,ICMP,N/A,v6,fe80::5ca9:83ff:fe87:27,ff02::179,N/A,N/A,N/A,N/A,N/A,N/A,,,0
1759293543,eth0,111,Ethernet,N/A,N/A,N/A,N/A,N/A,N/A,N/A,N/A,N/A,N/A,N/A,N/A,,,1
1759293543,any,113,N/A,N/A,N/A,N/A,N/A,N/A,N/A,N/A,N/A,N/A,N/A,N/A,N/A,,,1
1759293543,eth1,70,Ethernet,IPv6,ICMP,N/A,v6,fe80::103b:bdff:fef0:169,ff02::204,N/A,N/A,N/A,N/A,N/A,N/A,,,1
1759293543,any,72,N/A,IPv6,ICMP,N/A,v6,fe80::ecf9:eff:fefb:55,ff02::204,N/A,N/A,N/A,N/A,N/A,N/A,,,1
1759293543,any,72,N/A,IPv6,ICMP,N/A,v6,fe80::103b:bdff:fef0:169,ff02::204,N/A,N/A,N/A,N/A,N/A,N/A,,,1
1759293543,eth0,70,Ethernet,IPv6,ICMP,N/A,v6,fe80::ecf9:eff:fefb:55,ff02::204,N/A,N/A,N/A,N/A,N/A,N/A,,,1
1759293543,eth1,70,Ethernet,IPv6,ICMP,N/A,v6,fe80::a824:52ff:fe4f:69,ff02::204,N/A,N/A,N/A,N/A,N/A,N/A,,,0
1759293543,any,72,N/A,IPv6,ICMP,N/A,v6,fe80::a824:52ff:fe4f:69,ff02::204,N/A,N/A,N/A,N/A,N/A,N/A,,,0
1759293543,eth0,107,Ethernet,N/A,N/A,N/A,N/A,N/A,N/A,N/A,N/A,N/A,N/A,N/A,N/A,,,0
1759293543,eth0,70,Ethernet,IPv6,ICMP,N/A,v6,fe80::5ca9:83ff:fe87:27,ff02::204,N/A,N/A,N/A,N/A,N/A,N/A,,,0
1759293543,any,109,N/A,N/A,N/A,N/A,N/A,N/A,N/A,N/A,N/A,N/A,N/A,N/A,N/A,,,0
1759293544,eth0,111,Ethernet,N/A,N/A,N/A,N/A,N/A,N/A,N/A,N/A,N/A,N/A,N/A,N/A,,,1
1759293544,any,113,N/A,N/A,N/A,N/A,N/A,N/A,N/A,N/A,N/A,N/A,N/A,N/A,N/A,,,1
1759293544,eth0,70,Ethernet,IPv6,ICMP,N/A,v6,fe80::b0b5:44ff:feea:219,ff02::204,N/A,N/A,N/A,N/A,N/A,N/A,,,1
1759293544,any,72,N/A,IPv6,ICMP,N/A,v6,fe80::b0b5:44ff:feea:219,ff02::204,N/A,N/A,N/A,N/A,N/A,N/A,,,1
1759293544,eth0,107,Ethernet,N/A,N/A,N/A,N/A,N/A,N/A,N/A,N/A,N/A,N/A,N/A,N/A,,,0
1759293544,any,109,N/A,N/A,N/A,N/A,N/A,N/A,N/A,N/A,N/A,N/A,N/A,N/A,N/A,,,0
1759293545,any,92,N/A,IPv6,ICMP,N/A,v6,fe80::b0b5:44ff:feea:219,ff02::179,N/A,N/A,N/A,N/A,N/A,N/A,,,1
1759293545,eth0,90,Ethernet,IPv6,ICMP,N/A,v6,fe80::b0b5:44ff:feea:219,ff02::179,N/A,N/A,N/A,N/A,N/A,N/A,,,1
1759293545,eth0,54,Ethernet,IPv4,N/A,N/A,v4,172.30.0.163,224.0.0.22,N/A,N/A,N/A,N/A,N/A,N/A,,,1
1759293545,eth0,88,Ethernet,IPv6,UDP,N/A,v6,fe80::b0b5:44ff:feea:219,ff02::1:52,5355,5355,N/A,N/A,N/A,N/A,,,1
1759293545,any,90,N/A,IPv6,UDP,N/A,v6,fe80::b0b5:44ff:feea:219,ff02::1:52,5355,5355,N/A,N/A,N/A,N/A,,,1
1759293545,eth0,357,Ethernet,IPv4,UDP,N/A,v4,0.0.0.0,255.255.255.255,68,67,N/A,N/A,N/A,N/A,,,1
1759293545,any,359,N/A,IPv4,UDP,N/A,v4,0.0.0.0,255.255.255.255,68,67,N/A,N/A,N/A,N/A,,,1
1759293545,eth0,369,Ethernet,IPv4,UDP,N/A,v4,0.0.0.0,255.255.255.255,68,67,N/A,N/A,N/A,N/A,,,1
1759293545,any,371,N/A,IPv4,UDP,N/A,v4,0.0.0.0,255.255.255.255,68,67,N/A,N/A,N/A,N/A,,,1
1759293545,any,112,N/A,IPv6,ICMP,N/A,v6,fe80::780a:a9ff:fee6:89,ff02::179,N/A,N/A,N/A,N/A,N/A,N/A,,,1
1759293545,eth1,110,Ethernet,IPv6,ICMP,N/A,v6,fe80::780a:a9ff:fee6:89,ff02::179,N/A,N/A,N/A,N/A,N/A,N/A,,,1
1759293545,any,112,N/A,IPv6,ICMP,N/A,v6,fe80::b0b5:44ff:feea:219,ff02::179,N/A,N/A,N/A,N/A,N/A,N/A,,,1
1759293545,any,44,ARP,N/A,N/A,N/A,N/A,N/A,N/A,N/A,N/A,1,2048,172.30.0.163,172.30.0.122,,,1
1759293545,eth0,110,Ethernet,IPv6,ICMP,N/A,v6,fe80::b0b5:44ff:feea:219,ff02::179,N/A,N/A,N/A,N/A,N/A,N/A,,,1
1759293545,eth0,54,Ethernet,IPv4,N/A,N/A,v4,172.30.0.163,224.0.0.22,N/A,N/A,N/A,N/A,N/A,N/A,,,1
1759293545,eth0,42,Ethernet,N/A,N/A,N/A,N/A,N/A,N/A,N/A,N/A,N/A,N/A,N/A,N/A,,,1
1759293545,eth0,54,Ethernet,IPv4,N/A,N/A,v4,172.30.0.163,224.0.0.22,N/A,N/A,N/A,N/A,N/A,N/A,,,1
1759293545,any,56,N/A,IPv4,N/A,N/A,v4,172.30.0.163,224.0.0.22,N/A,N/A,N/A,N/A,N/A,N/A,,,1
1759293545,eth0,90,Ethernet,IPv6,ICMP,N/A,v6,fe80::e48e:99ff:fe5f:147,ff02::179,N/A,N/A,N/A,N/A,N/A,N/A,,,1
1759293545,eth0,54,Ethernet,IPv4,N/A,N/A,v4,172.30.0.220,224.0.0.22,N/A,N/A,N/A,N/A,N/A,N/A,,,1
1759293545,any,92,N/A,IPv6,ICMP,N/A,v6,fe80::e48e:99ff:fe5f:147,ff02::179,N/A,N/A,N/A,N/A,N/A,N/A,,,1
1759293545,eth0,71,Ethernet,IPv4,UDP,N/A,v4,172.30.0.220,224.0.0.252,5355,5355,N/A,N/A,N/A,N/A,,,1
1759293545,any,73,N/A,IPv4,UDP,N/A,v4,172.30.0.220,224.0.0.252,5355,5355,N/A,N/A,N/A,N/A,,,1
1759293545,eth0,360,Ethernet,IPv4,UDP,N/A,v4,0.0.0.0,255.255.255.255,68,67,N/A,N/A,N/A,N/A,,,1
1759293545,any,362,N/A,IPv4,UDP,N/A,v4,0.0.0.0,255.255.255.255,68,67,N/A,N/A,N/A,N/A,,,1
1759293545,eth0,372,Ethernet,IPv4,UDP,N/A,v4,0.0.0.0,255.255.255.255,68,67,N/A,N/A,N/A,N/A,,,1
1759293545,any,374,N/A,IPv4,UDP,N/A,v4,0.0.0.0,255.255.255.255,68,67,N/A,N/A,N/A,N/A,,,1
1759293545,eth2,110,Ethernet,IPv6,ICMP,N/A,v6,fe80::dcac:f9ff:fe59:60,ff02::179,N/A,N/A,N/A,N/A,N/A,N/A,,,1
1759293545,any,112,N/A,IPv6,ICMP,N/A,v6,fe80::f056:abff:fe65:143,ff02::179,N/A,N/A,N/A,N/A,N/A,N/A,,,1
1759293545,eth1,110,Ethernet,IPv6,ICMP,N/A,v6,fe80::f056:abff:fe65:143,ff02::179,N/A,N/A,N/A,N/A,N/A,N/A,,,1
1759293545,any,112,N/A,IPv6,ICMP,N/A,v6,fe80::e48e:99ff:fe5f:147,ff02::179,N/A,N/A,N/A,N/A,N/A,N/A,,,1
1759293545,eth0,110,Ethernet,IPv6,ICMP,N/A,v6,fe80::e48e:99ff:fe5f:147,ff02::179,N/A,N/A,N/A,N/A,N/A,N/A,,,1
1759293545,eth0,54,Ethernet,IPv4,N/A,N/A,v4,172.30.0.220,224.0.0.22,N/A,N/A,N/A,N/A,N/A,N/A,,,1
1759293545,any,112,N/A,IPv6,ICMP,N/A,v6,fe80::780a:a9ff:fee6:89,ff02::179,N/A,N/A,N/A,N/A,N/A,N/A,,,1
1759293545,eth1,110,Ethernet,IPv6,ICMP,N/A,v6,fe80::780a:a9ff:fee6:89,ff02::179,N/A,N/A,N/A,N/A,N/A,N/A,,,1
1759293545,any,56,N/A,IPv4,N/A,N/A,v4,172.30.0.220,224.0.0.22,N/A,N/A,N/A,N/A,N/A,N/A,,,1
1759293545,eth0,54,Ethernet,IPv4,N/A,N/A,v4,172.30.0.220,224.0.0.22,N/A,N/A,N/A,N/A,N/A,N/A,,,1
1759293545,eth0,42,Ethernet,N/A,N/A,N/A,N/A,N/A,N/A,N/A,N/A,N/A,N/A,N/A,N/A,,,1
1759293545,eth0,56,Ethernet,N/A,N/A,N/A,N/A,N/A,N/A,N/A,N/A,N/A,N/A,N/A,N/A,,,1
1759293545,any,44,ARP,N/A,N/A,N/A,N/A,N/A,N/A,N/A,N/A,1,2048,172.30.0.220,172.30.0.122,,,1
1759293545,any,58,ARP,N/A,N/A,N/A,N/A,N/A,N/A,N/A,N/A,2,2048,172.30.0.122,172.30.0.220,,,1
1759293545,any,72,N/A,IPv6,ICMP,N/A,v6,fe80::7827:e3ff:fe68:239,ff02::204,N/A,N/A,N/A,N/A,N/A,N/A,,,1
1759293545,eth1,70,Ethernet,IPv6,ICMP,N/A,v6,fe80::7827:e3ff:fe68:239,ff02::204,N/A,N/A,N/A,N/A,N/A,N/A,,,1
1759293545,any,92,N/A,IPv6,ICMP,N/A,v6,fe80::24f1:23ff:fe29:66,ff02::179,N/A,N/A,N/A,N/A,N/A,N/A,,,1
1759293545,eth0,90,Ethernet,IPv6,ICMP,N/A,v6,fe80::24f1:23ff:fe29:66,ff02::179,N/A,N/A,N/A,N/A,N/A,N/A,,,1
1759293545,eth0,54,Ethernet,IPv4,N/A,N/A,v4,172.30.0.23,224.0.0.22,N/A,N/A,N/A,N/A,N/A,N/A,,,1
1759293545,eth0,110,Ethernet,IPv6,ICMP,N/A,v6,fe80::e48e:99ff:fe5f:147,ff02::179,N/A,N/A,N/A,N/A,N/A,N/A,,,1
1759293545,any,112,N/A,IPv6,ICMP,N/A,v6,fe80::e48e:99ff:fe5f:147,ff02::179,N/A,N/A,N/A,N/A,N/A,N/A,,,1
1759293545,any,358,N/A,IPv4,UDP,N/A,v4,0.0.0.0,255.255.255.255,68,67,N/A,N/A,N/A,N/A,,,1
1759293545,eth0,356,Ethernet,IPv4,UDP,N/A,v4,0.0.0.0,255.255.255.255,68,67,N/A,N/A,N/A,N/A,,,1
1759293545,eth0,368,Ethernet,IPv4,UDP,N/A,v4,0.0.0.0,255.255.255.255,68,67,N/A,N/A,N/A,N/A,,,1
1759293545,any,370,N/A,IPv4,UDP,N/A,v4,0.0.0.0,255.255.255.255,68,67,N/A,N/A,N/A,N/A,,,1
1759293545,any,112,N/A,IPv6,ICMP,N/A,v6,fe80::7827:e3ff:fe68:239,ff02::179,N/A,N/A,N/A,N/A,N/A,N/A,,,1
1759293545,eth1,110,Ethernet,IPv6,ICMP,N/A,v6,fe80::7827:e3ff:fe68:239,ff02::179,N/A,N/A,N/A,N/A,N/A,N/A,,,1
1759293545,any,56,N/A,IPv4,N/A,N/A,v4,172.30.0.23,224.0.0.22,N/A,N/A,N/A,N/A,N/A,N/A,,,1
1759293545,eth0,54,Ethernet,IPv4,N/A,N/A,v4,172.30.0.23,224.0.0.22,N/A,N/A,N/A,N/A,N/A,N/A,,,1
1759293545,eth0,110,Ethernet,IPv6,ICMP,N/A,v6,fe80::24f1:23ff:fe29:66,ff02::179,N/A,N/A,N/A,N/A,N/A,N/A,,,1
1759293545,any,112,N/A,IPv6,ICMP,N/A,v6,fe80::24f1:23ff:fe29:66,ff02::179,N/A,N/A,N/A,N/A,N/A,N/A,,,1
1759293545,any,44,ARP,N/A,N/A,N/A,N/A,N/A,N/A,N/A,N/A,1,2048,172.30.0.23,172.30.0.122,,,1
1759293545,eth0,42,Ethernet,N/A,N/A,N/A,N/A,N/A,N/A,N/A,N/A,N/A,N/A,N/A,N/A,,,1
1759293545,eth0,110,Ethernet,IPv6,ICMP,N/A,v6,fe80::b0b5:44ff:feea:219,ff02::179,N/A,N/A,N/A,N/A,N/A,N/A,,,1
1759293545,any,112,N/A,IPv6,ICMP,N/A,v6,fe80::b0b5:44ff:feea:219,ff02::179,N/A,N/A,N/A,N/A,N/A,N/A,,,1
1759293545,any,112,N/A,IPv6,ICMP,N/A,v6,fe80::dcac:f9ff:fe59:60,ff02::179,N/A,N/A,N/A,N/A,N/A,N/A,,,1
1759293545,eth2,110,Ethernet,IPv6,ICMP,N/A,v6,fe80::dcac:f9ff:fe59:60,ff02::179,N/A,N/A,N/A,N/A,N/A,N/A,,,1
1759293546,eth0,107,Ethernet,N/A,N/A,N/A,N/A,N/A,N/A,N/A,N/A,N/A,N/A,N/A,N/A,,,0
1759293546,any,109,N/A,N/A,N/A,N/A,N/A,N/A,N/A,N/A,N/A,N/A,N/A,N/A,N/A,,,0
1759293546,eth0,90,Ethernet,IPv6,ICMP,N/A,v6,fe80::5ca9:83ff:fe87:27,ff02::179,N/A,N/A,N/A,N/A,N/A,N/A,,,0
1759293546,eth0,54,Ethernet,IPv4,N/A,N/A,v4,172.30.0.220,224.0.0.22,N/A,N/A,N/A,N/A,N/A,N/A,,,0
1759293546,any,92,N/A,IPv6,ICMP,N/A,v6,fe80::5ca9:83ff:fe87:27,ff02::179,N/A,N/A,N/A,N/A,N/A,N/A,,,0
1759293546,eth0,67,Ethernet,IPv4,UDP,N/A,v4,172.30.0.220,224.0.0.252,5355,5355,N/A,N/A,N/A,N/A,,,0
1759293546,any,69,N/A,IPv4,UDP,N/A,v4,172.30.0.220,224.0.0.252,5355,5355,N/A,N/A,N/A,N/A,,,0
1759293546,eth0,356,Ethernet,IPv4,UDP,N/A,v4,0.0.0.0,255.255.255.255,68,67,N/A,N/A,N/A,N/A,,,0
1759293546,any,358,N/A,IPv4,UDP,N/A,v4,0.0.0.0,255.255.255.255,68,67,N/A,N/A,N/A,N/A,,,0
1759293546,eth0,368,Ethernet,IPv4,UDP,N/A,v4,0.0.0.0,255.255.255.255,68,67,N/A,N/A,N/A,N/A,,,0
1759293546,any,370,N/A,IPv4,UDP,N/A,v4,0.0.0.0,255.255.255.255,68,67,N/A,N/A,N/A,N/A,,,0
1759293546,eth1,110,Ethernet,IPv6,ICMP,N/A,v6,fe80::a824:52ff:fe4f:69,ff02::179,N/A,N/A,N/A,N/A,N/A,N/A,,,0
1759293546,any,112,N/A,IPv6,ICMP,N/A,v6,fe80::a824:52ff:fe4f:69,ff02::179,N/A,N/A,N/A,N/A,N/A,N/A,,,0
1759293546,eth0,110,Ethernet,IPv6,ICMP,N/A,v6,fe80::5ca9:83ff:fe87:27,ff02::179,N/A,N/A,N/A,N/A,N/A,N/A,,,0
1759293546,eth0,54,Ethernet,IPv4,N/A,N/A,v4,172.30.0.220,224.0.0.22,N/A,N/A,N/A,N/A,N/A,N/A,,,0
1759293546,any,112,N/A,IPv6,ICMP,N/A,v6,fe80::5ca9:83ff:fe87:27,ff02::179,N/A,N/A,N/A,N/A,N/A,N/A,,,0
1759293546,eth0,110,Ethernet,IPv6,ICMP,N/A,v6,fe80::5ca9:83ff:fe87:27,ff02::179,N/A,N/A,N/A,N/A,N/A,N/A,,,0
1759293546,any,112,N/A,IPv6,ICMP,N/A,v6,fe80::5ca9:83ff:fe87:27,ff02::179,N/A,N/A,N/A,N/A,N/A,N/A,,,0
1759293546,any,112,N/A,IPv6,ICMP,N/A,v6,fe80::f056:abff:fe65:143,ff02::179,N/A,N/A,N/A,N/A,N/A,N/A,,,1
1759293546,eth1,110,Ethernet,IPv6,ICMP,N/A,v6,fe80::f056:abff:fe65:143,ff02::179,N/A,N/A,N/A,N/A,N/A,N/A,,,1
1759293546,any,72,N/A,IPv6,ICMP,N/A,v6,fe80::780a:a9ff:fee6:89,ff02::204,N/A,N/A,N/A,N/A,N/A,N/A,,,1
1759293546,eth1,70,Ethernet,IPv6,ICMP,N/A,v6,fe80::780a:a9ff:fee6:89,ff02::204,N/A,N/A,N/A,N/A,N/A,N/A,,,1
1759293546,eth0,70,Ethernet,IPv6,ICMP,N/A,v6,fe80::b0b5:44ff:feea:219,ff02::204,N/A,N/A,N/A,N/A,N/A,N/A,,,1
1759293546,any,112,N/A,IPv6,ICMP,N/A,v6,fe80::24f1:23ff:fe29:66,ff02::179,N/A,N/A,N/A,N/A,N/A,N/A,,,1
1759293546,eth0,110,Ethernet,IPv6,ICMP,N/A,v6,fe80::24f1:23ff:fe29:66,ff02::179,N/A,N/A,N/A,N/A,N/A,N/A,,,1
1759293546,eth0,90,Ethernet,IPv6,ICMP,N/A,v6,fe80::ecf9:eff:fefb:55,ff02::179,N/A,N/A,N/A,N/A,N/A,N/A,,,1
1759293546,eth0,56,Ethernet,IPv4,N/A,N/A,v4,172.30.0.89,224.0.0.22,N/A,N/A,N/A,N/A,N/A,N/A,,,1
1759293546,any,92,N/A,IPv6,ICMP,N/A,v6,fe80::ecf9:eff:fefb:55,ff02::179,N/A,N/A,N/A,N/A,N/A,N/A,,,1
1759293546,any,58,N/A,IPv4,N/A,N/A,v4,172.30.0.89,224.0.0.22,N/A,N/A,N/A,N/A,N/A,N/A,,,1
1759293546,eth0,67,Ethernet,IPv4,UDP,N/A,v4,172.30.0.89,224.0.0.252,5355,5355,N/A,N/A,N/A,N/A,,,1
1759293546,any,112,N/A,IPv6,ICMP,N/A,v6,fe80::7827:e3ff:fe68:239,ff02::179,N/A,N/A,N/A,N/A,N/A,N/A,,,1
1759293546,eth1,110,Ethernet,IPv6,ICMP,N/A,v6,fe80::7827:e3ff:fe68:239,ff02::179,N/A,N/A,N/A,N/A,N/A,N/A,,,1
1759293546,any,358,N/A,IPv4,UDP,N/A,v4,0.0.0.0,255.255.255.255,68,67,N/A,N/A,N/A,N/A,,,1
1759293546,eth0,356,Ethernet,IPv4,UDP,N/A,v4,0.0.0.0,255.255.255.255,68,67,N/A,N/A,N/A,N/A,,,1
1759293546,any,370,N/A,IPv4,UDP,N/A,v4,0.0.0.0,255.255.255.255,68,67,N/A,N/A,N/A,N/A,,,1
1759293546,eth0,368,Ethernet,IPv4,UDP,N/A,v4,0.0.0.0,255.255.255.255,68,67,N/A,N/A,N/A,N/A,,,1
1759293546,eth1,110,Ethernet,IPv6,ICMP,N/A,v6,fe80::103b:bdff:fef0:169,ff02::179,N/A,N/A,N/A,N/A,N/A,N/A,,,1
1759293546,any,58,ARP,N/A,N/A,N/A,N/A,N/A,N/A,N/A,N/A,1,2048,172.30.0.89,172.30.0.122,,,1
1759293546,any,112,N/A,IPv6,ICMP,N/A,v6,fe80::103b:bdff:fef0:169,ff02::179,N/A,N/A,N/A,N/A,N/A,N/A,,,1
1759293546,eth0,56,Ethernet,N/A,N/A,N/A,N/A,N/A,N/A,N/A,N/A,N/A,N/A,N/A,N/A,,,1
1759293546,any,112,N/A,IPv6,ICMP,N/A,v6,fe80::ecf9:eff:fefb:55,ff02::179,N/A,N/A,N/A,N/A,N/A,N/A,,,1
1759293546,any,58,N/A,IPv4,N/A,N/A,v4,172.30.0.89,224.0.0.22,N/A,N/A,N/A,N/A,N/A,N/A,,,1
1759293546,eth0,110,Ethernet,IPv6,ICMP,N/A,v6,fe80::ecf9:eff:fefb:55,ff02::179,N/A,N/A,N/A,N/A,N/A,N/A,,,1
1759293546,eth0,56,Ethernet,IPv4,N/A,N/A,v4,172.30.0.89,224.0.0.22,N/A,N/A,N/A,N/A,N/A,N/A,,,1
1759293546,any,56,N/A,IPv4,N/A,N/A,v4,172.30.0.23,224.0.0.22,N/A,N/A,N/A,N/A,N/A,N/A,,,1
1759293546,eth0,54,Ethernet,IPv4,N/A,N/A,v4,172.30.0.23,224.0.0.22,N/A,N/A,N/A,N/A,N/A,N/A,,,1
1759293546,eth0,56,Ethernet,IPv4,N/A,N/A,v4,172.30.0.89,224.0.0.22,N/A,N/A,N/A,N/A,N/A,N/A,,,1
1759293546,any,58,N/A,IPv4,N/A,N/A,v4,172.30.0.89,224.0.0.22,N/A,N/A,N/A,N/A,N/A,N/A,,,1
1759293546,any,72,N/A,IPv6,ICMP,N/A,v6,fe80::dcac:f9ff:fe59:60,ff02::204,N/A,N/A,N/A,N/A,N/A,N/A,,,1
1759293546,eth2,70,Ethernet,IPv6,ICMP,N/A,v6,fe80::dcac:f9ff:fe59:60,ff02::204,N/A,N/A,N/A,N/A,N/A,N/A,,,1
1759293546,eth1,70,Ethernet,IPv6,ICMP,N/A,v6,fe80::f056:abff:fe65:143,ff02::204,N/A,N/A,N/A,N/A,N/A,N/A,,,1
1759293546,eth0,111,Ethernet,N/A,N/A,N/A,N/A,N/A,N/A,N/A,N/A,N/A,N/A,N/A,N/A,,,1
1759293546,eth0,70,Ethernet,IPv6,ICMP,N/A,v6,fe80::e48e:99ff:fe5f:147,ff02::204,N/A,N/A,N/A,N/A,N/A,N/A,,,1
1759293546,eth0,110,Ethernet,IPv6,ICMP,N/A,v6,fe80::ecf9:eff:fefb:55,ff02::179,N/A,N/A,N/A,N/A,N/A,N/A,,,1
1759293546,any,112,N/A,IPv6,ICMP,N/A,v6,fe80::ecf9:eff:fefb:55,ff02::179,N/A,N/A,N/A,N/A,N/A,N/A,,,1
1759293546,any,112,N/A,IPv6,ICMP,N/A,v6,fe80::103b:bdff:fef0:169,ff02::179,N/A,N/A,N/A,N/A,N/A,N/A,,,1
1759293546,eth1,110,Ethernet,IPv6,ICMP,N/A,v6,fe80::103b:bdff:fef0:169,ff02::179,N/A,N/A,N/A,N/A,N/A,N/A,,,1
1759293546,any,44,ARP,N/A,N/A,N/A,N/A,N/A,N/A,N/A,N/A,1,2048,172.30.0.220,172.30.0.122,,,0
1759293546,any,58,ARP,N/A,N/A,N/A,N/A,N/A,N/A,N/A,N/A,2,2048,172.30.0.122,172.30.0.220,,,0
1759293546,any,58,ARP,N/A,N/A,N/A,N/A,N/A,N/A,N/A,N/A,2,2048,172.30.0.122,172.30.0.220,,,0
1759293546,eth0,42,Ethernet,N/A,N/A,N/A,N/A,N/A,N/A,N/A,N/A,N/A,N/A,N/A,N/A,,,0
1759293546,eth0,56,Ethernet,N/A,N/A,N/A,N/A,N/A,N/A,N/A,N/A,N/A,N/A,N/A,N/A,,,0
1759293546,eth0,56,Ethernet,N/A,N/A,N/A,N/A,N/A,N/A,N/A,N/A,N/A,N/A,N/A,N/A,,,0
1759293546,eth1,110,Ethernet,IPv6,ICMP,N/A,v6,fe80::a824:52ff:fe4f:69,ff02::179,N/A,N/A,N/A,N/A,N/A,N/A,,,0
1759293546,any,112,N/A,IPv6,ICMP,N/A,v6,fe80::a824:52ff:fe4f:69,ff02::179,N/A,N/A,N/A,N/A,N/A,N/A,,,0
1759293547,any,72,N/A,IPv6,ICMP,N/A,v6,fe80::24f1:23ff:fe29:66,ff02::204,N/A,N/A,N/A,N/A,N/A,N/A,,,1
1759293547,eth0,70,Ethernet,IPv6,ICMP,N/A,v6,fe80::24f1:23ff:fe29:66,ff02::204,N/A,N/A,N/A,N/A,N/A,N/A,,,1
1759293547,eth1,70,Ethernet,IPv6,ICMP,N/A,v6,fe80::7827:e3ff:fe68:239,ff02::204,N/A,N/A,N/A,N/A,N/A,N/A,,,1
1759293547,eth1,70,Ethernet,IPv6,ICMP,N/A,v6,fe80::103b:bdff:fef0:169,ff02::204,N/A,N/A,N/A,N/A,N/A,N/A,,,1
1759293547,any,72,N/A,IPv6,ICMP,N/A,v6,fe80::ecf9:eff:fefb:55,ff02::204,N/A,N/A,N/A,N/A,N/A,N/A,,,1
1759293547,any,72,N/A,IPv6,ICMP,N/A,v6,fe80::103b:bdff:fef0:169,ff02::204,N/A,N/A,N/A,N/A,N/A,N/A,,,1
1759293547,eth0,70,Ethernet,IPv6,ICMP,N/A,v6,fe80::ecf9:eff:fefb:55,ff02::204,N/A,N/A,N/A,N/A,N/A,N/A,,,1
1759293547,any,113,N/A,N/A,N/A,N/A,N/A,N/A,N/A,N/A,N/A,N/A,N/A,N/A,N/A,,,1
1759293547,eth0,111,Ethernet,N/A,N/A,N/A,N/A,N/A,N/A,N/A,N/A,N/A,N/A,N/A,N/A,,,1
1759293547,eth0,70,Ethernet,IPv6,ICMP,N/A,v6,fe80::5ca9:83ff:fe87:27,ff02::204,N/A,N/A,N/A,N/A,N/A,N/A,,,0
1759293547,any,72,N/A,IPv6,ICMP,N/A,v6,fe80::a824:52ff:fe4f:69,ff02::204,N/A,N/A,N/A,N/A,N/A,N/A,,,0
1759293547,eth1,70,Ethernet,IPv6,ICMP,N/A,v6,fe80::a824:52ff:fe4f:69,ff02::204,N/A,N/A,N/A,N/A,N/A,N/A,,,0
1759293547,eth0,54,Ethernet,IPv4,N/A,N/A,v4,172.30.0.220,224.0.0.22,N/A,N/A,N/A,N/A,N/A,N/A,,,0
1759293547,any,56,N/A,IPv4,N/A,N/A,v4,172.30.0.220,224.0.0.22,N/A,N/A,N/A,N/A,N/A,N/A,,,0
1759293548,eth0,111,Ethernet,N/A,N/A,N/A,N/A,N/A,N/A,N/A,N/A,N/A,N/A,N/A,N/A,,,1
1759293548,any,113,N/A,N/A,N/A,N/A,N/A,N/A,N/A,N/A,N/A,N/A,N/A,N/A,N/A,,,1
1759293548,eth0,107,Ethernet,N/A,N/A,N/A,N/A,N/A,N/A,N/A,N/A,N/A,N/A,N/A,N/A,,,0
1759293548,any,109,N/A,N/A,N/A,N/A,N/A,N/A,N/A,N/A,N/A,N/A,N/A,N/A,N/A,,,0
1759293549,eth0,90,Ethernet,IPv6,ICMP,N/A,v6,fe80::b0b5:44ff:feea:219,ff02::179,N/A,N/A,N/A,N/A,N/A,N/A,,,1
1759293549,eth0,54,Ethernet,IPv4,N/A,N/A,v4,172.30.0.163,224.0.0.22,N/A,N/A,N/A,N/A,N/A,N/A,,,1
1759293549,any,92,N/A,IPv6,ICMP,N/A,v6,fe80::b0b5:44ff:feea:219,ff02::179,N/A,N/A,N/A,N/A,N/A,N/A,,,1
1759293549,any,90,N/A,IPv6,UDP,N/A,v6,fe80::b0b5:44ff:feea:219,ff02::1:52,5355,5355,N/A,N/A,N/A,N/A,,,1
1759293549,eth0,88,Ethernet,IPv6,UDP,N/A,v6,fe80::b0b5:44ff:feea:219,ff02::1:52,5355,5355,N/A,N/A,N/A,N/A,,,1
1759293549,eth0,357,Ethernet,IPv4,UDP,N/A,v4,0.0.0.0,255.255.255.255,68,67,N/A,N/A,N/A,N/A,,,1
1759293549,eth0,369,Ethernet,IPv4,UDP,N/A,v4,0.0.0.0,255.255.255.255,68,67,N/A,N/A,N/A,N/A,,,1
1759293549,any,359,N/A,IPv4,UDP,N/A,v4,0.0.0.0,255.255.255.255,68,67,N/A,N/A,N/A,N/A,,,1
1759293549,eth1,110,Ethernet,IPv6,ICMP,N/A,v6,fe80::780a:a9ff:fee6:89,ff02::179,N/A,N/A,N/A,N/A,N/A,N/A,,,1
1759293549,any,112,N/A,IPv6,ICMP,N/A,v6,fe80::780a:a9ff:fee6:89,ff02::179,N/A,N/A,N/A,N/A,N/A,N/A,,,1
1759293549,any,112,N/A,IPv6,ICMP,N/A,v6,fe80::b0b5:44ff:feea:219,ff02::179,N/A,N/A,N/A,N/A,N/A,N/A,,,1
1759293549,eth0,110,Ethernet,IPv6,ICMP,N/A,v6,fe80::b0b5:44ff:feea:219,ff02::179,N/A,N/A,N/A,N/A,N/A,N/A,,,1
1759293549,eth0,54,Ethernet,IPv4,N/A,N/A,v4,172.30.0.163,224.0.0.22,N/A,N/A,N/A,N/A,N/A,N/A,,,1
1759293549,eth0,110,Ethernet,IPv6,ICMP,N/A,v6,fe80::b0b5:44ff:feea:219,ff02::179,N/A,N/A,N/A,N/A,N/A,N/A,,,1
1759293549,any,112,N/A,IPv6,ICMP,N/A,v6,fe80::b0b5:44ff:feea:219,ff02::179,N/A,N/A,N/A,N/A,N/A,N/A,,,1
1759293549,eth0,42,Ethernet,N/A,N/A,N/A,N/A,N/A,N/A,N/A,N/A,N/A,N/A,N/A,N/A,,,1
1759293549,any,44,ARP,N/A,N/A,N/A,N/A,N/A,N/A,N/A,N/A,1,2048,172.30.0.163,172.30.0.122,,,1
1759293549,eth0,70,Ethernet,IPv6,ICMP,N/A,v6,fe80::b0b5:44ff:feea:219,ff02::204,N/A,N/A,N/A,N/A,N/A,N/A,,,1
1759293549,any,72,N/A,IPv6,ICMP,N/A,v6,fe80::b0b5:44ff:feea:219,ff02::204,N/A,N/A,N/A,N/A,N/A,N/A,,,1
1759293549,eth1,70,Ethernet,IPv6,ICMP,N/A,v6,fe80::780a:a9ff:fee6:89,ff02::204,N/A,N/A,N/A,N/A,N/A,N/A,,,1
1759293549,any,72,N/A,IPv6,ICMP,N/A,v6,fe80::780a:a9ff:fee6:89,ff02::204,N/A,N/A,N/A,N/A,N/A,N/A,,,1
1759293549,eth0,90,Ethernet,IPv6,ICMP,N/A,v6,fe80::24f1:23ff:fe29:66,ff02::179,N/A,N/A,N/A,N/A,N/A,N/A,,,1
1759293549,eth0,54,Ethernet,IPv4,N/A,N/A,v4,172.30.0.23,224.0.0.22,N/A,N/A,N/A,N/A,N/A,N/A,,,1
1759293549,any,92,N/A,IPv6,ICMP,N/A,v6,fe80::24f1:23ff:fe29:66,ff02::179,N/A,N/A,N/A,N/A,N/A,N/A,,,1
1759293549,any,113,N/A,N/A,N/A,N/A,N/A,N/A,N/A,N/A,N/A,N/A,N/A,N/A,N/A,,,1
1759293549,eth0,111,Ethernet,N/A,N/A,N/A,N/A,N/A,N/A,N/A,N/A,N/A,N/A,N/A,N/A,,,1
1759293549,eth0,87,Ethernet,IPv6,UDP,N/A,v6,fe80::24f1:23ff:fe29:66,ff02::1:52,5355,5355,N/A,N/A,N/A,N/A,,,1
1759293549,any,89,N/A,IPv6,UDP,N/A,v6,fe80::24f1:23ff:fe29:66,ff02::1:52,5355,5355,N/A,N/A,N/A,N/A,,,1
1759293549,any,358,N/A,IPv4,UDP,N/A,v4,0.0.0.0,255.255.255.255,68,67,N/A,N/A,N/A,N/A,,,1
1759293549,eth0,356,Ethernet,IPv4,UDP,N/A,v4,0.0.0.0,255.255.255.255,68,67,N/A,N/A,N/A,N/A,,,1
1759293549,eth0,368,Ethernet,IPv4,UDP,N/A,v4,0.0.0.0,255.255.255.255,68,67,N/A,N/A,N/A,N/A,,,1
1759293549,any,370,N/A,IPv4,UDP,N/A,v4,0.0.0.0,255.255.255.255,68,67,N/A,N/A,N/A,N/A,,,1
1759293549,any,112,N/A,IPv6,ICMP,N/A,v6,fe80::7827:e3ff:fe68:239,ff02::179,N/A,N/A,N/A,N/A,N/A,N/A,,,1
1759293549,eth1,110,Ethernet,IPv6,ICMP,N/A,v6,fe80::7827:e3ff:fe68:239,ff02::179,N/A,N/A,N/A,N/A,N/A,N/A,,,1
1759293549,any,112,N/A,IPv6,ICMP,N/A,v6,fe80::24f1:23ff:fe29:66,ff02::179,N/A,N/A,N/A,N/A,N/A,N/A,,,1
1759293549,eth0,110,Ethernet,IPv6,ICMP,N/A,v6,fe80::24f1:23ff:fe29:66,ff02::179,N/A,N/A,N/A,N/A,N/A,N/A,,,1
1759293549,eth0,54,Ethernet,IPv4,N/A,N/A,v4,172.30.0.23,224.0.0.22,N/A,N/A,N/A,N/A,N/A,N/A,,,1
1759293549,eth0,54,Ethernet,IPv4,N/A,N/A,v4,172.30.0.163,224.0.0.22,N/A,N/A,N/A,N/A,N/A,N/A,,,1
1759293549,any,56,N/A,IPv4,N/A,N/A,v4,172.30.0.163,224.0.0.22,N/A,N/A,N/A,N/A,N/A,N/A,,,1
1759293549,any,112,N/A,IPv6,ICMP,N/A,v6,fe80::780a:a9ff:fee6:89,ff02::179,N/A,N/A,N/A,N/A,N/A,N/A,,,1
1759293549,eth1,110,Ethernet,IPv6,ICMP,N/A,v6,fe80::780a:a9ff:fee6:89,ff02::179,N/A,N/A,N/A,N/A,N/A,N/A,,,1
1759293549,eth0,107,Ethernet,N/A,N/A,N/A,N/A,N/A,N/A,N/A,N/A,N/A,N/A,N/A,N/A,,,0
1759293549,any,109,N/A,N/A,N/A,N/A,N/A,N/A,N/A,N/A,N/A,N/A,N/A,N/A,N/A,,,0
1759293550,any,44,ARP,N/A,N/A,N/A,N/A,N/A,N/A,N/A,N/A,1,2048,172.30.0.23,172.30.0.122,,,1
1759293550,eth0,42,Ethernet,N/A,N/A,N/A,N/A,N/A,N/A,N/A,N/A,N/A,N/A,N/A,N/A,,,1
1759293550,any,112,N/A,IPv6,ICMP,N/A,v6,fe80::7827:e3ff:fe68:239,ff02::179,N/A,N/A,N/A,N/A,N/A,N/A,,,1
1759293550,eth1,110,Ethernet,IPv6,ICMP,N/A,v6,fe80::7827:e3ff:fe68:239,ff02::179,N/A,N/A,N/A,N/A,N/A,N/A,,,1
1759293550,eth0,110,Ethernet,IPv6,ICMP,N/A,v6,fe80::24f1:23ff:fe29:66,ff02::179,N/A,N/A,N/A,N/A,N/A,N/A,,,1
1759293550,any,112,N/A,IPv6,ICMP,N/A,v6,fe80::24f1:23ff:fe29:66,ff02::179,N/A,N/A,N/A,N/A,N/A,N/A,,,1
1759293550,eth0,90,Ethernet,IPv6,ICMP,N/A,v6,fe80::e48e:99ff:fe5f:147,ff02::179,N/A,N/A,N/A,N/A,N/A,N/A,,,1
1759293550,eth0,54,Ethernet,IPv4,N/A,N/A,v4,172.30.0.220,224.0.0.22,N/A,N/A,N/A,N/A,N/A,N/A,,,1
1759293550,any,92,N/A,IPv6,ICMP,N/A,v6,fe80::e48e:99ff:fe5f:147,ff02::179,N/A,N/A,N/A,N/A,N/A,N/A,,,1
1759293550,eth0,91,Ethernet,IPv6,UDP,N/A,v6,fe80::e48e:99ff:fe5f:147,ff02::1:52,5355,5355,N/A,N/A,N/A,N/A,,,1
1759293550,any,93,N/A,IPv6,UDP,N/A,v6,fe80::e48e:99ff:fe5f:147,ff02::1:52,5355,5355,N/A,N/A,N/A,N/A,,,1
1759293550,eth0,360,Ethernet,IPv4,UDP,N/A,v4,0.0.0.0,255.255.255.255,68,67,N/A,N/A,N/A,N/A,,,1
1759293550,any,362,N/A,IPv4,UDP,N/A,v4,0.0.0.0,255.255.255.255,68,67,N/A,N/A,N/A,N/A,,,1
1759293550,eth0,372,Ethernet,IPv4,UDP,N/A,v4,0.0.0.0,255.255.255.255,68,67,N/A,N/A,N/A,N/A,,,1
1759293550,any,374,N/A,IPv4,UDP,N/A,v4,0.0.0.0,255.255.255.255,68,67,N/A,N/A,N/A,N/A,,,1
1759293550,eth2,110,Ethernet,IPv6,ICMP,N/A,v6,fe80::dcac:f9ff:fe59:60,ff02::179,N/A,N/A,N/A,N/A,N/A,N/A,,,1
1759293550,any,112,N/A,IPv6,ICMP,N/A,v6,fe80::f056:abff:fe65:143,ff02::179,N/A,N/A,N/A,N/A,N/A,N/A,,,1
1759293550,eth1,110,Ethernet,IPv6,ICMP,N/A,v6,fe80::f056:abff:fe65:143,ff02::179,N/A,N/A,N/A,N/A,N/A,N/A,,,1
1759293550,eth0,110,Ethernet,IPv6,ICMP,N/A,v6,fe80::e48e:99ff:fe5f:147,ff02::179,N/A,N/A,N/A,N/A,N/A,N/A,,,1
1759293550,eth0,54,Ethernet,IPv4,N/A,N/A,v4,172.30.0.220,224.0.0.22,N/A,N/A,N/A,N/A,N/A,N/A,,,1
1759293550,any,112,N/A,IPv6,ICMP,N/A,v6,fe80::e48e:99ff:fe5f:147,ff02::179,N/A,N/A,N/A,N/A,N/A,N/A,,,1
1759293550,eth0,42,Ethernet,N/A,N/A,N/A,N/A,N/A,N/A,N/A,N/A,N/A,N/A,N/A,N/A,,,1
1759293550,eth0,56,Ethernet,N/A,N/A,N/A,N/A,N/A,N/A,N/A,N/A,N/A,N/A,N/A,N/A,,,1
1759293550,eth0,56,Ethernet,N/A,N/A,N/A,N/A,N/A,N/A,N/A,N/A,N/A,N/A,N/A,N/A,,,1
1759293550,any,44,ARP,N/A,N/A,N/A,N/A,N/A,N/A,N/A,N/A,1,2048,172.30.0.220,172.30.0.122,,,1
1759293550,any,58,ARP,N/A,N/A,N/A,N/A,N/A,N/A,N/A,N/A,2,2048,172.30.0.122,172.30.0.220,,,1
1759293550,any,112,N/A,IPv6,ICMP,N/A,v6,fe80::dcac:f9ff:fe59:60,ff02::179,N/A,N/A,N/A,N/A,N/A,N/A,,,1
1759293550,eth2,110,Ethernet,IPv6,ICMP,N/A,v6,fe80::dcac:f9ff:fe59:60,ff02::179,N/A,N/A,N/A,N/A,N/A,N/A,,,1
1759293550,eth0,70,Ethernet,IPv6,ICMP,N/A,v6,fe80::24f1:23ff:fe29:66,ff02::204,N/A,N/A,N/A,N/A,N/A,N/A,,,1
1759293550,any,72,N/A,IPv6,ICMP,N/A,v6,fe80::24f1:23ff:fe29:66,ff02::204,N/A,N/A,N/A,N/A,N/A,N/A,,,1
1759293550,any,72,N/A,IPv6,ICMP,N/A,v6,fe80::7827:e3ff:fe68:239,ff02::204,N/A,N/A,N/A,N/A,N/A,N/A,,,1
1759293550,eth1,70,Ethernet,IPv6,ICMP,N/A,v6,fe80::7827:e3ff:fe68:239,ff02::204,N/A,N/A,N/A,N/A,N/A,N/A,,,1
1759293550,eth0,107,Ethernet,N/A,N/A,N/A,N/A,N/A,N/A,N/A,N/A,N/A,N/A,N/A,N/A,,,0
1759293550,any,109,N/A,N/A,N/A,N/A,N/A,N/A,N/A,N/A,N/A,N/A,N/A,N/A,N/A,,,0
1759293550,any,56,N/A,IPv4,N/A,N/A,v4,172.30.0.23,224.0.0.22,N/A,N/A,N/A,N/A,N/A,N/A,,,1
1759293550,eth0,54,Ethernet,IPv4,N/A,N/A,v4,172.30.0.23,224.0.0.22,N/A,N/A,N/A,N/A,N/A,N/A,,,1
1759293550,any,112,N/A,IPv6,ICMP,N/A,v6,fe80::e48e:99ff:fe5f:147,ff02::179,N/A,N/A,N/A,N/A,N/A,N/A,,,1
1759293550,eth0,110,Ethernet,IPv6,ICMP,N/A,v6,fe80::e48e:99ff:fe5f:147,ff02::179,N/A,N/A,N/A,N/A,N/A,N/A,,,1
1759293550,any,112,N/A,IPv6,ICMP,N/A,v6,fe80::f056:abff:fe65:143,ff02::179,N/A,N/A,N/A,N/A,N/A,N/A,,,1
1759293550,eth1,110,Ethernet,IPv6,ICMP,N/A,v6,fe80::f056:abff:fe65:143,ff02::179,N/A,N/A,N/A,N/A,N/A,N/A,,,1
1759293551,eth0,107,Ethernet,N/A,N/A,N/A,N/A,N/A,N/A,N/A,N/A,N/A,N/A,N/A,N/A,,,0
1759293551,any,109,N/A,N/A,N/A,N/A,N/A,N/A,N/A,N/A,N/A,N/A,N/A,N/A,N/A,,,0
1759293551,eth0,70,Ethernet,IPv6,ICMP,N/A,v6,fe80::5ca9:83ff:fe87:27,ff02::204,N/A,N/A,N/A,N/A,N/A,N/A,,,0
1759293551,any,72,N/A,IPv6,ICMP,N/A,v6,fe80::5ca9:83ff:fe87:27,ff02::204,N/A,N/A,N/A,N/A,N/A,N/A,,,0
1759293551,eth1,70,Ethernet,IPv6,ICMP,N/A,v6,fe80::a824:52ff:fe4f:69,ff02::204,N/A,N/A,N/A,N/A,N/A,N/A,,,0
1759293551,any,72,N/A,IPv6,ICMP,N/A,v6,fe80::a824:52ff:fe4f:69,ff02::204,N/A,N/A,N/A,N/A,N/A,N/A,,,0
1759293551,eth0,90,Ethernet,IPv6,ICMP,N/A,v6,fe80::ecf9:eff:fefb:55,ff02::179,N/A,N/A,N/A,N/A,N/A,N/A,,,1
1759293551,eth0,56,Ethernet,IPv4,N/A,N/A,v4,172.30.0.89,224.0.0.22,N/A,N/A,N/A,N/A,N/A,N/A,,,1
1759293551,any,92,N/A,IPv6,ICMP,N/A,v6,fe80::ecf9:eff:fefb:55,ff02::179,N/A,N/A,N/A,N/A,N/A,N/A,,,1
1759293551,eth0,356,Ethernet,IPv4,UDP,N/A,v4,0.0.0.0,255.255.255.255,68,67,N/A,N/A,N/A,N/A,,,1
1759293551,any,358,N/A,IPv4,UDP,N/A,v4,0.0.0.0,255.255.255.255,68,67,N/A,N/A,N/A,N/A,,,1
1759293551,any,370,N/A,IPv4,UDP,N/A,v4,0.0.0.0,255.255.255.255,68,67,N/A,N/A,N/A,N/A,,,1
1759293551,eth0,368,Ethernet,IPv4,UDP,N/A,v4,0.0.0.0,255.255.255.255,68,67,N/A,N/A,N/A,N/A,,,1
1759293551,any,112,N/A,IPv6,ICMP,N/A,v6,fe80::103b:bdff:fef0:169,ff02::179,N/A,N/A,N/A,N/A,N/A,N/A,,,1
1759293551,eth1,110,Ethernet,IPv6,ICMP,N/A,v6,fe80::103b:bdff:fef0:169,ff02::179,N/A,N/A,N/A,N/A,N/A,N/A,,,1
1759293551,any,58,N/A,IPv4,N/A,N/A,v4,172.30.0.89,224.0.0.22,N/A,N/A,N/A,N/A,N/A,N/A,,,1
1759293551,eth0,56,Ethernet,IPv4,N/A,N/A,v4,172.30.0.89,224.0.0.22,N/A,N/A,N/A,N/A,N/A,N/A,,,1
1759293551,eth0,110,Ethernet,IPv6,ICMP,N/A,v6,fe80::ecf9:eff:fefb:55,ff02::179,N/A,N/A,N/A,N/A,N/A,N/A,,,1
1759293551,any,112,N/A,IPv6,ICMP,N/A,v6,fe80::ecf9:eff:fefb:55,ff02::179,N/A,N/A,N/A,N/A,N/A,N/A,,,1
1759293551,any,58,ARP,N/A,N/A,N/A,N/A,N/A,N/A,N/A,N/A,1,2048,172.30.0.89,172.30.0.122,,,1
1759293551,eth0,56,Ethernet,N/A,N/A,N/A,N/A,N/A,N/A,N/A,N/A,N/A,N/A,N/A,N/A,,,1
1759293551,any,56,N/A,IPv4,N/A,N/A,v4,172.30.0.220,224.0.0.22,N/A,N/A,N/A,N/A,N/A,N/A,,,1
1759293551,eth0,54,Ethernet,IPv4,N/A,N/A,v4,172.30.0.220,224.0.0.22,N/A,N/A,N/A,N/A,N/A,N/A,,,1
1759293551,eth0,110,Ethernet,IPv6,ICMP,N/A,v6,fe80::ecf9:eff:fefb:55,ff02::179,N/A,N/A,N/A,N/A,N/A,N/A,,,1
1759293551,any,112,N/A,IPv6,ICMP,N/A,v6,fe80::ecf9:eff:fefb:55,ff02::179,N/A,N/A,N/A,N/A,N/A,N/A,,,1
1759293551,eth0,90,Ethernet,IPv6,ICMP,N/A,v6,fe80::5ca9:83ff:fe87:27,ff02::179,N/A,N/A,N/A,N/A,N/A,N/A,,,0
1759293551,eth0,54,Ethernet,IPv4,N/A,N/A,v4,172.30.0.220,224.0.0.22,N/A,N/A,N/A,N/A,N/A,N/A,,,0
1759293551,any,92,N/A,IPv6,ICMP,N/A,v6,fe80::5ca9:83ff:fe87:27,ff02::179,N/A,N/A,N/A,N/A,N/A,N/A,,,0
1759293551,eth0,87,Ethernet,IPv6,UDP,N/A,v6,fe80::5ca9:83ff:fe87:27,ff02::1:52,5355,5355,N/A,N/A,N/A,N/A,,,0
1759293551,any,89,N/A,IPv6,UDP,N/A,v6,fe80::5ca9:83ff:fe87:27,ff02::1:52,5355,5355,N/A,N/A,N/A,N/A,,,0
1759293551,eth0,67,Ethernet,IPv4,UDP,N/A,v4,172.30.0.220,224.0.0.252,5355,5355,N/A,N/A,N/A,N/A,,,0
1759293551,any,69,N/A,IPv4,UDP,N/A,v4,172.30.0.220,224.0.0.252,5355,5355,N/A,N/A,N/A,N/A,,,0
1759293551,eth0,356,Ethernet,IPv4,UDP,N/A,v4,0.0.0.0,255.255.255.255,68,67,N/A,N/A,N/A,N/A,,,0
1759293551,any,358,N/A,IPv4,UDP,N/A,v4,0.0.0.0,255.255.255.255,68,67,N/A,N/A,N/A,N/A,,,0
1759293551,eth0,368,Ethernet,IPv4,UDP,N/A,v4,0.0.0.0,255.255.255.255,68,67,N/A,N/A,N/A,N/A,,,0
1759293551,any,370,N/A,IPv4,UDP,N/A,v4,0.0.0.0,255.255.255.255,68,67,N/A,N/A,N/A,N/A,,,0
1759293551,eth1,110,Ethernet,IPv6,ICMP,N/A,v6,fe80::a824:52ff:fe4f:69,ff02::179,N/A,N/A,N/A,N/A,N/A,N/A,,,0
1759293551,any,112,N/A,IPv6,ICMP,N/A,v6,fe80::a824:52ff:fe4f:69,ff02::179,N/A,N/A,N/A,N/A,N/A,N/A,,,0
1759293551,eth0,110,Ethernet,IPv6,ICMP,N/A,v6,fe80::5ca9:83ff:fe87:27,ff02::179,N/A,N/A,N/A,N/A,N/A,N/A,,,0
1759293551,eth0,54,Ethernet,IPv4,N/A,N/A,v4,172.30.0.220,224.0.0.22,N/A,N/A,N/A,N/A,N/A,N/A,,,0
1759293551,any,112,N/A,IPv6,ICMP,N/A,v6,fe80::5ca9:83ff:fe87:27,ff02::179,N/A,N/A,N/A,N/A,N/A,N/A,,,0
1759293551,eth0,42,Ethernet,N/A,N/A,N/A,N/A,N/A,N/A,N/A,N/A,N/A,N/A,N/A,N/A,,,0
1759293551,eth0,56,Ethernet,N/A,N/A,N/A,N/A,N/A,N/A,N/A,N/A,N/A,N/A,N/A,N/A,,,0
1759293551,eth0,56,Ethernet,N/A,N/A,N/A,N/A,N/A,N/A,N/A,N/A,N/A,N/A,N/A,N/A,,,0
1759293551,any,44,ARP,N/A,N/A,N/A,N/A,N/A,N/A,N/A,N/A,1,2048,172.30.0.220,172.30.0.122,,,0
1759293551,any,58,ARP,N/A,N/A,N/A,N/A,N/A,N/A,N/A,N/A,2,2048,172.30.0.122,172.30.0.220,,,0
1759293551,any,112,N/A,IPv6,ICMP,N/A,v6,fe80::103b:bdff:fef0:169,ff02::179,N/A,N/A,N/A,N/A,N/A,N/A,,,1
1759293551,eth1,110,Ethernet,IPv6,ICMP,N/A,v6,fe80::103b:bdff:fef0:169,ff02::179,N/A,N/A,N/A,N/A,N/A,N/A,,,1
1759293551,any,72,N/A,IPv6,ICMP,N/A,v6,fe80::dcac:f9ff:fe59:60,ff02::204,N/A,N/A,N/A,N/A,N/A,N/A,,,1
1759293551,eth2,70,Ethernet,IPv6,ICMP,N/A,v6,fe80::dcac:f9ff:fe59:60,ff02::204,N/A,N/A,N/A,N/A,N/A,N/A,,,1
1759293551,eth1,70,Ethernet,IPv6,ICMP,N/A,v6,fe80::f056:abff:fe65:143,ff02::204,N/A,N/A,N/A,N/A,N/A,N/A,,,1
1759293551,eth0,111,Ethernet,N/A,N/A,N/A,N/A,N/A,N/A,N/A,N/A,N/A,N/A,N/A,N/A,,,1
1759293551,eth0,70,Ethernet,IPv6,ICMP,N/A,v6,fe80::e48e:99ff:fe5f:147,ff02::204,N/A,N/A,N/A,N/A,N/A,N/A,,,1
1759293552,eth1,110,Ethernet,IPv6,ICMP,N/A,v6,fe80::a824:52ff:fe4f:69,ff02::179,N/A,N/A,N/A,N/A,N/A,N/A,,,0
1759293552,any,112,N/A,IPv6,ICMP,N/A,v6,fe80::a824:52ff:fe4f:69,ff02::179,N/A,N/A,N/A,N/A,N/A,N/A,,,0
1759293552,eth0,70,Ethernet,IPv6,ICMP,N/A,v6,fe80::5ca9:83ff:fe87:27,ff02::204,N/A,N/A,N/A,N/A,N/A,N/A,,,0
1759293552,any,72,N/A,IPv6,ICMP,N/A,v6,fe80::a824:52ff:fe4f:69,ff02::204,N/A,N/A,N/A,N/A,N/A,N/A,,,0
1759293552,any,58,N/A,IPv4,N/A,N/A,v4,172.30.0.89,224.0.0.22,N/A,N/A,N/A,N/A,N/A,N/A,,,1
1759293552,eth0,56,Ethernet,IPv4,N/A,N/A,v4,172.30.0.89,224.0.0.22,N/A,N/A,N/A,N/A,N/A,N/A,,,1
1759293552,eth1,70,Ethernet,IPv6,ICMP,N/A,v6,fe80::103b:bdff:fef0:169,ff02::204,N/A,N/A,N/A,N/A,N/A,N/A,,,1
1759293552,any,72,N/A,IPv6,ICMP,N/A,v6,fe80::ecf9:eff:fefb:55,ff02::204,N/A,N/A,N/A,N/A,N/A,N/A,,,1
1759293552,any,72,N/A,IPv6,ICMP,N/A,v6,fe80::103b:bdff:fef0:169,ff02::204,N/A,N/A,N/A,N/A,N/A,N/A,,,1
1759293552,eth0,70,Ethernet,IPv6,ICMP,N/A,v6,fe80::ecf9:eff:fefb:55,ff02::204,N/A,N/A,N/A,N/A,N/A,N/A,,,1
1759293552,any,113,N/A,N/A,N/A,N/A,N/A,N/A,N/A,N/A,N/A,N/A,N/A,N/A,N/A,,,1
1759293552,eth0,111,Ethernet,N/A,N/A,N/A,N/A,N/A,N/A,N/A,N/A,N/A,N/A,N/A,N/A,,,1
1759293552,eth1,70,Ethernet,IPv6,ICMP,N/A,v6,fe80::a824:52ff:fe4f:69,ff02::204,N/A,N/A,N/A,N/A,N/A,N/A,,,0
1759293552,eth0,54,Ethernet,IPv4,N/A,N/A,v4,172.30.0.220,224.0.0.22,N/A,N/A,N/A,N/A,N/A,N/A,,,0
1759293552,any,56,N/A,IPv4,N/A,N/A,v4,172.30.0.220,224.0.0.22,N/A,N/A,N/A,N/A,N/A,N/A,,,0
1759293552,eth0,110,Ethernet,IPv6,ICMP,N/A,v6,fe80::5ca9:83ff:fe87:27,ff02::179,N/A,N/A,N/A,N/A,N/A,N/A,,,0
1759293552,any,112,N/A,IPv6,ICMP,N/A,v6,fe80::5ca9:83ff:fe87:27,ff02::179,N/A,N/A,N/A,N/A,N/A,N/A,,,0
1759293552,eth0,107,Ethernet,N/A,N/A,N/A,N/A,N/A,N/A,N/A,N/A,N/A,N/A,N/A,N/A,,,0
1759293552,any,109,N/A,N/A,N/A,N/A,N/A,N/A,N/A,N/A,N/A,N/A,N/A,N/A,N/A,,,0
1759293553,any,72,N/A,IPv6,ICMP,N/A,v6,fe80::780a:a9ff:fee6:89,ff02::204,N/A,N/A,N/A,N/A,N/A,N/A,,,1
1759293553,eth1,70,Ethernet,IPv6,ICMP,N/A,v6,fe80::780a:a9ff:fee6:89,ff02::204,N/A,N/A,N/A,N/A,N/A,N/A,,,1
1759293553,any,113,N/A,N/A,N/A,N/A,N/A,N/A,N/A,N/A,N/A,N/A,N/A,N/A,N/A,,,1
1759293553,eth0,111,Ethernet,N/A,N/A,N/A,N/A,N/A,N/A,N/A,N/A,N/A,N/A,N/A,N/A,,,1
1759293554,any,72,N/A,IPv6,ICMP,N/A,v6,fe80::b0b5:44ff:feea:219,ff02::204,N/A,N/A,N/A,N/A,N/A,N/A,,,1
1759293554,eth0,70,Ethernet,IPv6,ICMP,N/A,v6,fe80::b0b5:44ff:feea:219,ff02::204,N/A,N/A,N/A,N/A,N/A,N/A,,,1
1759293554,eth0,90,Ethernet,IPv6,ICMP,N/A,v6,fe80::b0b5:44ff:feea:219,ff02::179,N/A,N/A,N/A,N/A,N/A,N/A,,,1
1759293554,eth0,54,Ethernet,IPv4,N/A,N/A,v4,172.30.0.163,224.0.0.22,N/A,N/A,N/A,N/A,N/A,N/A,,,1
1759293554,any,92,N/A,IPv6,ICMP,N/A,v6,fe80::b0b5:44ff:feea:219,ff02::179,N/A,N/A,N/A,N/A,N/A,N/A,,,1
1759293554,any,56,N/A,IPv4,N/A,N/A,v4,172.30.0.163,224.0.0.22,N/A,N/A,N/A,N/A,N/A,N/A,,,1
1759293554,eth0,68,Ethernet,IPv4,UDP,N/A,v4,172.30.0.163,224.0.0.252,5355,5355,N/A,N/A,N/A,N/A,,,1
1759293554,any,70,N/A,IPv4,UDP,N/A,v4,172.30.0.163,224.0.0.252,5355,5355,N/A,N/A,N/A,N/A,,,1
1759293554,any,359,N/A,IPv4,UDP,N/A,v4,0.0.0.0,255.255.255.255,68,67,N/A,N/A,N/A,N/A,,,1
1759293554,eth0,357,Ethernet,IPv4,UDP,N/A,v4,0.0.0.0,255.255.255.255,68,67,N/A,N/A,N/A,N/A,,,1
1759293554,eth0,369,Ethernet,IPv4,UDP,N/A,v4,0.0.0.0,255.255.255.255,68,67,N/A,N/A,N/A,N/A,,,1
1759293554,any,112,N/A,IPv6,ICMP,N/A,v6,fe80::780a:a9ff:fee6:89,ff02::179,N/A,N/A,N/A,N/A,N/A,N/A,,,1
1759293554,eth1,110,Ethernet,IPv6,ICMP,N/A,v6,fe80::780a:a9ff:fee6:89,ff02::179,N/A,N/A,N/A,N/A,N/A,N/A,,,1
1759293554,eth0,110,Ethernet,IPv6,ICMP,N/A,v6,fe80::b0b5:44ff:feea:219,ff02::179,N/A,N/A,N/A,N/A,N/A,N/A,,,1
1759293554,eth0,54,Ethernet,IPv4,N/A,N/A,v4,172.30.0.163,224.0.0.22,N/A,N/A,N/A,N/A,N/A,N/A,,,1
1759293554,any,112,N/A,IPv6,ICMP,N/A,v6,fe80::b0b5:44ff:feea:219,ff02::179,N/A,N/A,N/A,N/A,N/A,N/A,,,1
1759293554,any,44,ARP,N/A,N/A,N/A,N/A,N/A,N/A,N/A,N/A,1,2048,172.30.0.163,172.30.0.122,,,1
1759293554,eth0,42,Ethernet,N/A,N/A,N/A,N/A,N/A,N/A,N/A,N/A,N/A,N/A,N/A,N/A,,,1
1759293554,eth0,90,Ethernet,IPv6,ICMP,N/A,v6,fe80::e48e:99ff:fe5f:147,ff02::179,N/A,N/A,N/A,N/A,N/A,N/A,,,1
1759293554,eth0,54,Ethernet,IPv4,N/A,N/A,v4,172.30.0.220,224.0.0.22,N/A,N/A,N/A,N/A,N/A,N/A,,,1
1759293554,any,92,N/A,IPv6,ICMP,N/A,v6,fe80::e48e:99ff:fe5f:147,ff02::179,N/A,N/A,N/A,N/A,N/A,N/A,,,1
1759293554,eth0,91,Ethernet,IPv6,UDP,N/A,v6,fe80::e48e:99ff:fe5f:147,ff02::1:52,5355,5355,N/A,N/A,N/A,N/A,,,1
1759293554,any,93,N/A,IPv6,UDP,N/A,v6,fe80::e48e:99ff:fe5f:147,ff02::1:52,5355,5355,N/A,N/A,N/A,N/A,,,1
1759293554,eth0,360,Ethernet,IPv4,UDP,N/A,v4,0.0.0.0,255.255.255.255,68,67,N/A,N/A,N/A,N/A,,,1
1759293554,any,362,N/A,IPv4,UDP,N/A,v4,0.0.0.0,255.255.255.255,68,67,N/A,N/A,N/A,N/A,,,1
1759293554,eth0,372,Ethernet,IPv4,UDP,N/A,v4,0.0.0.0,255.255.255.255,68,67,N/A,N/A,N/A,N/A,,,1
1759293554,any,374,N/A,IPv4,UDP,N/A,v4,0.0.0.0,255.255.255.255,68,67,N/A,N/A,N/A,N/A,,,1
1759293554,eth2,110,Ethernet,IPv6,ICMP,N/A,v6,fe80::dcac:f9ff:fe59:60,ff02::179,N/A,N/A,N/A,N/A,N/A,N/A,,,1
1759293554,any,112,N/A,IPv6,ICMP,N/A,v6,fe80::f056:abff:fe65:143,ff02::179,N/A,N/A,N/A,N/A,N/A,N/A,,,1
1759293554,eth1,110,Ethernet,IPv6,ICMP,N/A,v6,fe80::f056:abff:fe65:143,ff02::179,N/A,N/A,N/A,N/A,N/A,N/A,,,1
1759293554,any,112,N/A,IPv6,ICMP,N/A,v6,fe80::e48e:99ff:fe5f:147,ff02::179,N/A,N/A,N/A,N/A,N/A,N/A,,,1
1759293554,eth0,107,Ethernet,N/A,N/A,N/A,N/A,N/A,N/A,N/A,N/A,N/A,N/A,N/A,N/A,,,0
1759293554,any,109,N/A,N/A,N/A,N/A,N/A,N/A,N/A,N/A,N/A,N/A,N/A,N/A,N/A,,,0
1759293554,any,44,ARP,N/A,N/A,N/A,N/A,N/A,N/A,N/A,N/A,1,2048,172.30.0.220,172.30.0.122,,,1
1759293554,any,58,ARP,N/A,N/A,N/A,N/A,N/A,N/A,N/A,N/A,2,2048,172.30.0.122,172.30.0.220,,,1
1759293554,any,58,ARP,N/A,N/A,N/A,N/A,N/A,N/A,N/A,N/A,2,2048,172.30.0.122,172.30.0.220,,,1
1759293554,eth0,110,Ethernet,IPv6,ICMP,N/A,v6,fe80::e48e:99ff:fe5f:147,ff02::179,N/A,N/A,N/A,N/A,N/A,N/A,,,1
1759293554,eth0,54,Ethernet,IPv4,N/A,N/A,v4,172.30.0.220,224.0.0.22,N/A,N/A,N/A,N/A,N/A,N/A,,,1
1759293554,eth0,42,Ethernet,N/A,N/A,N/A,N/A,N/A,N/A,N/A,N/A,N/A,N/A,N/A,N/A,,,1
1759293554,eth0,56,Ethernet,N/A,N/A,N/A,N/A,N/A,N/A,N/A,N/A,N/A,N/A,N/A,N/A,,,1
1759293554,eth0,56,Ethernet,N/A,N/A,N/A,N/A,N/A,N/A,N/A,N/A,N/A,N/A,N/A,N/A,,,1
1759293554,any,112,N/A,IPv6,ICMP,N/A,v6,fe80::b0b5:44ff:feea:219,ff02::179,N/A,N/A,N/A,N/A,N/A,N/A,,,1
1759293554,eth0,110,Ethernet,IPv6,ICMP,N/A,v6,fe80::b0b5:44ff:feea:219,ff02::179,N/A,N/A,N/A,N/A,N/A,N/A,,,1
1759293554,any,112,N/A,IPv6,ICMP,N/A,v6,fe80::dcac:f9ff:fe59:60,ff02::179,N/A,N/A,N/A,N/A,N/A,N/A,,,1
1759293554,eth2,110,Ethernet,IPv6,ICMP,N/A,v6,fe80::dcac:f9ff:fe59:60,ff02::179,N/A,N/A,N/A,N/A,N/A,N/A,,,1
1759293554,any,72,N/A,IPv6,ICMP,N/A,v6,fe80::7827:e3ff:fe68:239,ff02::204,N/A,N/A,N/A,N/A,N/A,N/A,,,1
1759293554,eth1,70,Ethernet,IPv6,ICMP,N/A,v6,fe80::7827:e3ff:fe68:239,ff02::204,N/A,N/A,N/A,N/A,N/A,N/A,,,1
1759293554,eth0,54,Ethernet,IPv4,N/A,N/A,v4,172.30.0.220,224.0.0.22,N/A,N/A,N/A,N/A,N/A,N/A,,,1
1759293554,any,56,N/A,IPv4,N/A,N/A,v4,172.30.0.220,224.0.0.22,N/A,N/A,N/A,N/A,N/A,N/A,,,1
1759293554,eth0,90,Ethernet,IPv6,ICMP,N/A,v6,fe80::24f1:23ff:fe29:66,ff02::179,N/A,N/A,N/A,N/A,N/A,N/A,,,1
1759293554,eth0,54,Ethernet,IPv4,N/A,N/A,v4,172.30.0.23,224.0.0.22,N/A,N/A,N/A,N/A,N/A,N/A,,,1
1759293554,any,92,N/A,IPv6,ICMP,N/A,v6,fe80::24f1:23ff:fe29:66,ff02::179,N/A,N/A,N/A,N/A,N/A,N/A,,,1
1759293554,any,56,N/A,IPv4,N/A,N/A,v4,172.30.0.23,224.0.0.22,N/A,N/A,N/A,N/A,N/A,N/A,,,1
1759293555,eth0,107,Ethernet,N/A,N/A,N/A,N/A,N/A,N/A,N/A,N/A,N/A,N/A,N/A,N/A,,,0
1759293555,any,109,N/A,N/A,N/A,N/A,N/A,N/A,N/A,N/A,N/A,N/A,N/A,N/A,N/A,,,0
1759293555,eth0,90,Ethernet,IPv6,ICMP,N/A,v6,fe80::5ca9:83ff:fe87:27,ff02::179,N/A,N/A,N/A,N/A,N/A,N/A,,,0
1759293555,eth0,54,Ethernet,IPv4,N/A,N/A,v4,172.30.0.220,224.0.0.22,N/A,N/A,N/A,N/A,N/A,N/A,,,0
1759293555,any,92,N/A,IPv6,ICMP,N/A,v6,fe80::5ca9:83ff:fe87:27,ff02::179,N/A,N/A,N/A,N/A,N/A,N/A,,,0
1759293555,eth0,67,Ethernet,IPv4,UDP,N/A,v4,172.30.0.220,224.0.0.252,5355,5355,N/A,N/A,N/A,N/A,,,0
1759293555,any,69,N/A,IPv4,UDP,N/A,v4,172.30.0.220,224.0.0.252,5355,5355,N/A,N/A,N/A,N/A,,,0
1759293555,eth0,356,Ethernet,IPv4,UDP,N/A,v4,0.0.0.0,255.255.255.255,68,67,N/A,N/A,N/A,N/A,,,0
1759293555,any,358,N/A,IPv4,UDP,N/A,v4,0.0.0.0,255.255.255.255,68,67,N/A,N/A,N/A,N/A,,,0
1759293555,eth0,368,Ethernet,IPv4,UDP,N/A,v4,0.0.0.0,255.255.255.255,68,67,N/A,N/A,N/A,N/A,,,0
1759293555,any,370,N/A,IPv4,UDP,N/A,v4,0.0.0.0,255.255.255.255,68,67,N/A,N/A,N/A,N/A,,,0
1759293555,eth1,110,Ethernet,IPv6,ICMP,N/A,v6,fe80::a824:52ff:fe4f:69,ff02::179,N/A,N/A,N/A,N/A,N/A,N/A,,,0
1759293555,any,112,N/A,IPv6,ICMP,N/A,v6,fe80::a824:52ff:fe4f:69,ff02::179,N/A,N/A,N/A,N/A,N/A,N/A,,,0
1759293555,eth0,110,Ethernet,IPv6,ICMP,N/A,v6,fe80::5ca9:83ff:fe87:27,ff02::179,N/A,N/A,N/A,N/A,N/A,N/A,,,0
1759293555,eth0,54,Ethernet,IPv4,N/A,N/A,v4,172.30.0.220,224.0.0.22,N/A,N/A,N/A,N/A,N/A,N/A,,,0
1759293555,any,112,N/A,IPv6,ICMP,N/A,v6,fe80::5ca9:83ff:fe87:27,ff02::179,N/A,N/A,N/A,N/A,N/A,N/A,,,0
1759293555,eth0,356,Ethernet,IPv4,UDP,N/A,v4,0.0.0.0,255.255.255.255,68,67,N/A,N/A,N/A,N/A,,,1
1759293555,any,358,N/A,IPv4,UDP,N/A,v4,0.0.0.0,255.255.255.255,68,67,N/A,N/A,N/A,N/A,,,1
1759293555,any,370,N/A,IPv4,UDP,N/A,v4,0.0.0.0,255.255.255.255,68,67,N/A,N/A,N/A,N/A,,,1
1759293555,eth0,368,Ethernet,IPv4,UDP,N/A,v4,0.0.0.0,255.255.255.255,68,67,N/A,N/A,N/A,N/A,,,1
1759293555,any,112,N/A,IPv6,ICMP,N/A,v6,fe80::7827:e3ff:fe68:239,ff02::179,N/A,N/A,N/A,N/A,N/A,N/A,,,1
1759293555,eth1,110,Ethernet,IPv6,ICMP,N/A,v6,fe80::7827:e3ff:fe68:239,ff02::179,N/A,N/A,N/A,N/A,N/A,N/A,,,1
1759293555,eth0,110,Ethernet,IPv6,ICMP,N/A,v6,fe80::24f1:23ff:fe29:66,ff02::179,N/A,N/A,N/A,N/A,N/A,N/A,,,1
1759293555,eth0,54,Ethernet,IPv4,N/A,N/A,v4,172.30.0.23,224.0.0.22,N/A,N/A,N/A,N/A,N/A,N/A,,,1
1759293555,any,112,N/A,IPv6,ICMP,N/A,v6,fe80::24f1:23ff:fe29:66,ff02::179,N/A,N/A,N/A,N/A,N/A,N/A,,,1
1759293555,any,44,ARP,N/A,N/A,N/A,N/A,N/A,N/A,N/A,N/A,1,2048,172.30.0.23,172.30.0.122,,,1
1759293555,eth0,42,Ethernet,N/A,N/A,N/A,N/A,N/A,N/A,N/A,N/A,N/A,N/A,N/A,N/A,,,1
1759293555,any,56,N/A,IPv4,N/A,N/A,v4,172.30.0.163,224.0.0.22,N/A,N/A,N/A,N/A,N/A,N/A,,,1
1759293555,eth0,54,Ethernet,IPv4,N/A,N/A,v4,172.30.0.163,224.0.0.22,N/A,N/A,N/A,N/A,N/A,N/A,,,1
1759293555,any,112,N/A,IPv6,ICMP,N/A,v6,fe80::7827:e3ff:fe68:239,ff02::179,N/A,N/A,N/A,N/A,N/A,N/A,,,1
1759293555,eth1,110,Ethernet,IPv6,ICMP,N/A,v6,fe80::7827:e3ff:fe68:239,ff02::179,N/A,N/A,N/A,N/A,N/A,N/A,,,1
1759293555,eth0,110,Ethernet,IPv6,ICMP,N/A,v6,fe80::e48e:99ff:fe5f:147,ff02::179,N/A,N/A,N/A,N/A,N/A,N/A,,,1
1759293555,any,112,N/A,IPv6,ICMP,N/A,v6,fe80::e48e:99ff:fe5f:147,ff02::179,N/A,N/A,N/A,N/A,N/A,N/A,,,1
1759293555,any,112,N/A,IPv6,ICMP,N/A,v6,fe80::780a:a9ff:fee6:89,ff02::179,N/A,N/A,N/A,N/A,N/A,N/A,,,1
1759293555,eth1,110,Ethernet,IPv6,ICMP,N/A,v6,fe80::780a:a9ff:fee6:89,ff02::179,N/A,N/A,N/A,N/A,N/A,N/A,,,1
1759293555,any,72,N/A,IPv6,ICMP,N/A,v6,fe80::b0b5:44ff:feea:219,ff02::204,N/A,N/A,N/A,N/A,N/A,N/A,,,1
1759293555,eth1,70,Ethernet,IPv6,ICMP,N/A,v6,fe80::780a:a9ff:fee6:89,ff02::204,N/A,N/A,N/A,N/A,N/A,N/A,,,1
1759293555,eth0,70,Ethernet,IPv6,ICMP,N/A,v6,fe80::b0b5:44ff:feea:219,ff02::204,N/A,N/A,N/A,N/A,N/A,N/A,,,1
1759293555,any,112,N/A,IPv6,ICMP,N/A,v6,fe80::f056:abff:fe65:143,ff02::179,N/A,N/A,N/A,N/A,N/A,N/A,,,1
1759293555,eth1,110,Ethernet,IPv6,ICMP,N/A,v6,fe80::f056:abff:fe65:143,ff02::179,N/A,N/A,N/A,N/A,N/A,N/A,,,1
1759293555,eth0,54,Ethernet,IPv4,N/A,N/A,v4,172.30.0.23,224.0.0.22,N/A,N/A,N/A,N/A,N/A,N/A,,,1
1759293555,eth0,110,Ethernet,IPv6,ICMP,N/A,v6,fe80::24f1:23ff:fe29:66,ff02::179,N/A,N/A,N/A,N/A,N/A,N/A,,,1
1759293555,any,56,N/A,IPv4,N/A,N/A,v4,172.30.0.23,224.0.0.22,N/A,N/A,N/A,N/A,N/A,N/A,,,1
1759293555,eth0,90,Ethernet,IPv6,ICMP,N/A,v6,fe80::ecf9:eff:fefb:55,ff02::179,N/A,N/A,N/A,N/A,N/A,N/A,,,1
1759293555,eth0,56,Ethernet,IPv4,N/A,N/A,v4,172.30.0.89,224.0.0.22,N/A,N/A,N/A,N/A,N/A,N/A,,,1
1759293555,any,92,N/A,IPv6,ICMP,N/A,v6,fe80::ecf9:eff:fefb:55,ff02::179,N/A,N/A,N/A,N/A,N/A,N/A,,,1
1759293555,any,58,N/A,IPv4,N/A,N/A,v4,172.30.0.89,224.0.0.22,N/A,N/A,N/A,N/A,N/A,N/A,,,1
1759293555,eth0,87,Ethernet,IPv6,UDP,N/A,v6,fe80::ecf9:eff:fefb:55,ff02::1:52,5355,5355,N/A,N/A,N/A,N/A,,,1
1759293555,any,89,N/A,IPv6,UDP,N/A,v6,fe80::ecf9:eff:fefb:55,ff02::1:52,5355,5355,N/A,N/A,N/A,N/A,,,1
1759293555,any,358,N/A,IPv4,UDP,N/A,v4,0.0.0.0,255.255.255.255,68,67,N/A,N/A,N/A,N/A,,,1
1759293555,eth0,356,Ethernet,IPv4,UDP,N/A,v4,0.0.0.0,255.255.255.255,68,67,N/A,N/A,N/A,N/A,,,1
1759293555,eth0,368,Ethernet,IPv4,UDP,N/A,v4,0.0.0.0,255.255.255.255,68,67,N/A,N/A,N/A,N/A,,,1
1759293555,any,370,N/A,IPv4,UDP,N/A,v4,0.0.0.0,255.255.255.255,68,67,N/A,N/A,N/A,N/A,,,1
1759293555,any,112,N/A,IPv6,ICMP,N/A,v6,fe80::103b:bdff:fef0:169,ff02::179,N/A,N/A,N/A,N/A,N/A,N/A,,,1
1759293555,eth1,110,Ethernet,IPv6,ICMP,N/A,v6,fe80::103b:bdff:fef0:169,ff02::179,N/A,N/A,N/A,N/A,N/A,N/A,,,1
1759293555,any,58,ARP,N/A,N/A,N/A,N/A,N/A,N/A,N/A,N/A,1,2048,172.30.0.89,172.30.0.122,,,1
1759293555,eth0,56,Ethernet,N/A,N/A,N/A,N/A,N/A,N/A,N/A,N/A,N/A,N/A,N/A,N/A,,,1
1759293555,eth0,110,Ethernet,IPv6,ICMP,N/A,v6,fe80::ecf9:eff:fefb:55,ff02::179,N/A,N/A,N/A,N/A,N/A,N/A,,,1
1759293555,eth0,56,Ethernet,IPv4,N/A,N/A,v4,172.30.0.89,224.0.0.22,N/A,N/A,N/A,N/A,N/A,N/A,,,1
1759293555,any,112,N/A,IPv6,ICMP,N/A,v6,fe80::ecf9:eff:fefb:55,ff02::179,N/A,N/A,N/A,N/A,N/A,N/A,,,1
1759293555,any,58,N/A,IPv4,N/A,N/A,v4,172.30.0.89,224.0.0.22,N/A,N/A,N/A,N/A,N/A,N/A,,,1
1759293555,eth0,111,Ethernet,N/A,N/A,N/A,N/A,N/A,N/A,N/A,N/A,N/A,N/A,N/A,N/A,,,1
1759293555,eth0,70,Ethernet,IPv6,ICMP,N/A,v6,fe80::e48e:99ff:fe5f:147,ff02::204,N/A,N/A,N/A,N/A,N/A,N/A,,,1
1759293555,eth2,70,Ethernet,IPv6,ICMP,N/A,v6,fe80::dcac:f9ff:fe59:60,ff02::204,N/A,N/A,N/A,N/A,N/A,N/A,,,1
1759293555,eth1,70,Ethernet,IPv6,ICMP,N/A,v6,fe80::f056:abff:fe65:143,ff02::204,N/A,N/A,N/A,N/A,N/A,N/A,,,1
1759293555,any,72,N/A,IPv6,ICMP,N/A,v6,fe80::dcac:f9ff:fe59:60,ff02::204,N/A,N/A,N/A,N/A,N/A,N/A,,,1
1759293555,eth0,42,Ethernet,N/A,N/A,N/A,N/A,N/A,N/A,N/A,N/A,N/A,N/A,N/A,N/A,,,0
1759293556,any,72,N/A,IPv6,ICMP,N/A,v6,fe80::24f1:23ff:fe29:66,ff02::204,N/A,N/A,N/A,N/A,N/A,N/A,,,1
1759293556,eth1,70,Ethernet,IPv6,ICMP,N/A,v6,fe80::7827:e3ff:fe68:239,ff02::204,N/A,N/A,N/A,N/A,N/A,N/A,,,1
1759293556,eth0,70,Ethernet,IPv6,ICMP,N/A,v6,fe80::24f1:23ff:fe29:66,ff02::204,N/A,N/A,N/A,N/A,N/A,N/A,,,1
1759293556,any,112,N/A,IPv6,ICMP,N/A,v6,fe80::103b:bdff:fef0:169,ff02::179,N/A,N/A,N/A,N/A,N/A,N/A,,,1
1759293556,eth1,110,Ethernet,IPv6,ICMP,N/A,v6,fe80::103b:bdff:fef0:169,ff02::179,N/A,N/A,N/A,N/A,N/A,N/A,,,1
1759293556,eth0,110,Ethernet,IPv6,ICMP,N/A,v6,fe80::ecf9:eff:fefb:55,ff02::179,N/A,N/A,N/A,N/A,N/A,N/A,,,1
1759293556,any,112,N/A,IPv6,ICMP,N/A,v6,fe80::ecf9:eff:fefb:55,ff02::179,N/A,N/A,N/A,N/A,N/A,N/A,,,1
1759293556,any,72,N/A,IPv6,ICMP,N/A,v6,fe80::ecf9:eff:fefb:55,ff02::204,N/A,N/A,N/A,N/A,N/A,N/A,,,1
1759293556,eth0,70,Ethernet,IPv6,ICMP,N/A,v6,fe80::ecf9:eff:fefb:55,ff02::204,N/A,N/A,N/A,N/A,N/A,N/A,,,1
1759293556,eth1,70,Ethernet,IPv6,ICMP,N/A,v6,fe80::103b:bdff:fef0:169,ff02::204,N/A,N/A,N/A,N/A,N/A,N/A,,,1
1759293556,eth0,56,Ethernet,IPv4,N/A,N/A,v4,172.30.0.89,224.0.0.22,N/A,N/A,N/A,N/A,N/A,N/A,,,1
1759293556,any,58,N/A,IPv4,N/A,N/A,v4,172.30.0.89,224.0.0.22,N/A,N/A,N/A,N/A,N/A,N/A,,,1
1759293556,any,113,N/A,N/A,N/A,N/A,N/A,N/A,N/A,N/A,N/A,N/A,N/A,N/A,N/A,,,1
1759293556,eth0,111,Ethernet,N/A,N/A,N/A,N/A,N/A,N/A,N/A,N/A,N/A,N/A,N/A,N/A,,,1
1759293556,any,44,ARP,N/A,N/A,N/A,N/A,N/A,N/A,N/A,N/A,1,2048,172.30.0.220,172.30.0.122,,,0
1759293556,any,58,ARP,N/A,N/A,N/A,N/A,N/A,N/A,N/A,N/A,2,2048,172.30.0.122,172.30.0.220,,,0
1759293556,any,58,ARP,N/A,N/A,N/A,N/A,N/A,N/A,N/A,N/A,2,2048,172.30.0.122,172.30.0.220,,,0
1759293556,eth0,56,Ethernet,N/A,N/A,N/A,N/A,N/A,N/A,N/A,N/A,N/A,N/A,N/A,N/A,,,0
1759293556,eth0,54,Ethernet,IPv4,N/A,N/A,v4,172.30.0.220,224.0.0.22,N/A,N/A,N/A,N/A,N/A,N/A,,,0
1759293556,any,56,N/A,IPv4,N/A,N/A,v4,172.30.0.220,224.0.0.22,N/A,N/A,N/A,N/A,N/A,N/A,,,0
1759293556,eth0,70,Ethernet,IPv6,ICMP,N/A,v6,fe80::5ca9:83ff:fe87:27,ff02::204,N/A,N/A,N/A,N/A,N/A,N/A,,,0
1759293556,any,72,N/A,IPv6,ICMP,N/A,v6,fe80::a824:52ff:fe4f:69,ff02::204,N/A,N/A,N/A,N/A,N/A,N/A,,,0
1759293556,eth1,70,Ethernet,IPv6,ICMP,N/A,v6,fe80::a824:52ff:fe4f:69,ff02::204,N/A,N/A,N/A,N/A,N/A,N/A,,,0
1759293556,eth1,110,Ethernet,IPv6,ICMP,N/A,v6,fe80::a824:52ff:fe4f:69,ff02::179,N/A,N/A,N/A,N/A,N/A,N/A,,,0
1759293556,any,112,N/A,IPv6,ICMP,N/A,v6,fe80::5ca9:83ff:fe87:27,ff02::179,N/A,N/A,N/A,N/A,N/A,N/A,,,0
1759293556,eth0,110,Ethernet,IPv6,ICMP,N/A,v6,fe80::5ca9:83ff:fe87:27,ff02::179,N/A,N/A,N/A,N/A,N/A,N/A,,,0
1759293557,eth0,111,Ethernet,N/A,N/A,N/A,N/A,N/A,N/A,N/A,N/A,N/A,N/A,N/A,N/A,,,1
1759293557,any,113,N/A,N/A,N/A,N/A,N/A,N/A,N/A,N/A,N/A,N/A,N/A,N/A,N/A,,,1
1759293557,eth0,107,Ethernet,N/A,N/A,N/A,N/A,N/A,N/A,N/A,N/A,N/A,N/A,N/A,N/A,,,0
1759293557,any,109,N/A,N/A,N/A,N/A,N/A,N/A,N/A,N/A,N/A,N/A,N/A,N/A,N/A,,,0
1759293558,any,92,N/A,IPv6,ICMP,N/A,v6,fe80::b0b5:44ff:feea:219,ff02::179,N/A,N/A,N/A,N/A,N/A,N/A,,,1
1759293558,eth0,90,Ethernet,IPv6,ICMP,N/A,v6,fe80::b0b5:44ff:feea:219,ff02::179,N/A,N/A,N/A,N/A,N/A,N/A,,,1
1759293558,eth0,54,Ethernet,IPv4,N/A,N/A,v4,172.30.0.163,224.0.0.22,N/A,N/A,N/A,N/A,N/A,N/A,,,1
1759293558,any,92,N/A,IPv6,ICMP,N/A,v6,fe80::b0b5:44ff:feea:219,ff02::179,N/A,N/A,N/A,N/A,N/A,N/A,,,1
1759293558,eth0,90,Ethernet,IPv6,ICMP,N/A,v6,fe80::b0b5:44ff:feea:219,ff02::179,N/A,N/A,N/A,N/A,N/A,N/A,,,1
1759293558,eth0,88,Ethernet,IPv6,UDP,N/A,v6,fe80::b0b5:44ff:feea:219,ff02::1:52,5355,5355,N/A,N/A,N/A,N/A,,,1
1759293558,any,90,N/A,IPv6,UDP,N/A,v6,fe80::b0b5:44ff:feea:219,ff02::1:52,5355,5355,N/A,N/A,N/A,N/A,,,1
1759293558,any,70,N/A,IPv4,UDP,N/A,v4,172.30.0.163,224.0.0.252,5355,5355,N/A,N/A,N/A,N/A,,,1
1759293558,eth0,68,Ethernet,IPv4,UDP,N/A,v4,172.30.0.163,224.0.0.252,5355,5355,N/A,N/A,N/A,N/A,,,1
1759293558,eth0,357,Ethernet,IPv4,UDP,N/A,v4,0.0.0.0,255.255.255.255,68,67,N/A,N/A,N/A,N/A,,,1
1759293558,any,359,N/A,IPv4,UDP,N/A,v4,0.0.0.0,255.255.255.255,68,67,N/A,N/A,N/A,N/A,,,1
1759293558,any,371,N/A,IPv4,UDP,N/A,v4,0.0.0.0,255.255.255.255,68,67,N/A,N/A,N/A,N/A,,,1
1759293558,eth0,369,Ethernet,IPv4,UDP,N/A,v4,0.0.0.0,255.255.255.255,68,67,N/A,N/A,N/A,N/A,,,1
1759293558,any,112,N/A,IPv6,ICMP,N/A,v6,fe80::780a:a9ff:fee6:89,ff02::179,N/A,N/A,N/A,N/A,N/A,N/A,,,1
1759293558,any,112,N/A,IPv6,ICMP,N/A,v6,fe80::b0b5:44ff:feea:219,ff02::179,N/A,N/A,N/A,N/A,N/A,N/A,,,1
1759293558,eth1,110,Ethernet,IPv6,ICMP,N/A,v6,fe80::780a:a9ff:fee6:89,ff02::179,N/A,N/A,N/A,N/A,N/A,N/A,,,1
1759293558,eth0,110,Ethernet,IPv6,ICMP,N/A,v6,fe80::b0b5:44ff:feea:219,ff02::179,N/A,N/A,N/A,N/A,N/A,N/A,,,1
1759293558,eth0,54,Ethernet,IPv4,N/A,N/A,v4,172.30.0.163,224.0.0.22,N/A,N/A,N/A,N/A,N/A,N/A,,,1
1759293558,eth0,42,Ethernet,N/A,N/A,N/A,N/A,N/A,N/A,N/A,N/A,N/A,N/A,N/A,N/A,,,1
1759293558,any,44,ARP,N/A,N/A,N/A,N/A,N/A,N/A,N/A,N/A,1,2048,172.30.0.163,172.30.0.122,,,1
1759293558,eth0,111,Ethernet,N/A,N/A,N/A,N/A,N/A,N/A,N/A,N/A,N/A,N/A,N/A,N/A,,,1
1759293558,any,113,N/A,N/A,N/A,N/A,N/A,N/A,N/A,N/A,N/A,N/A,N/A,N/A,N/A,,,1
1759293558,eth0,107,Ethernet,N/A,N/A,N/A,N/A,N/A,N/A,N/A,N/A,N/A,N/A,N/A,N/A,,,0
1759293558,any,109,N/A,N/A,N/A,N/A,N/A,N/A,N/A,N/A,N/A,N/A,N/A,N/A,N/A,,,0
1759293559,any,112,N/A,IPv6,ICMP,N/A,v6,fe80::780a:a9ff:fee6:89,ff02::179,N/A,N/A,N/A,N/A,N/A,N/A,,,1
1759293559,eth1,110,Ethernet,IPv6,ICMP,N/A,v6,fe80::780a:a9ff:fee6:89,ff02::179,N/A,N/A,N/A,N/A,N/A,N/A,,,1
1759293559,any,56,N/A,IPv4,N/A,N/A,v4,172.30.0.163,224.0.0.22,N/A,N/A,N/A,N/A,N/A,N/A,,,1
1759293559,eth0,54,Ethernet,IPv4,N/A,N/A,v4,172.30.0.163,224.0.0.22,N/A,N/A,N/A,N/A,N/A,N/A,,,1
1759293559,any,92,N/A,IPv6,ICMP,N/A,v6,fe80::24f1:23ff:fe29:66,ff02::179,N/A,N/A,N/A,N/A,N/A,N/A,,,1
1759293559,eth0,90,Ethernet,IPv6,ICMP,N/A,v6,fe80::24f1:23ff:fe29:66,ff02::179,N/A,N/A,N/A,N/A,N/A,N/A,,,1
1759293559,eth0,54,Ethernet,IPv4,N/A,N/A,v4,172.30.0.23,224.0.0.22,N/A,N/A,N/A,N/A,N/A,N/A,,,1
1759293559,eth0,87,Ethernet,IPv6,UDP,N/A,v6,fe80::24f1:23ff:fe29:66,ff02::1:52,5355,5355,N/A,N/A,N/A,N/A,,,1
1759293559,any,89,N/A,IPv6,UDP,N/A,v6,fe80::24f1:23ff:fe29:66,ff02::1:52,5355,5355,N/A,N/A,N/A,N/A,,,1
1759293559,any,358,N/A,IPv4,UDP,N/A,v4,0.0.0.0,255.255.255.255,68,67,N/A,N/A,N/A,N/A,,,1
1759293559,eth0,356,Ethernet,IPv4,UDP,N/A,v4,0.0.0.0,255.255.255.255,68,67,N/A,N/A,N/A,N/A,,,1
1759293559,eth0,368,Ethernet,IPv4,UDP,N/A,v4,0.0.0.0,255.255.255.255,68,67,N/A,N/A,N/A,N/A,,,1
1759293559,any,370,N/A,IPv4,UDP,N/A,v4,0.0.0.0,255.255.255.255,68,67,N/A,N/A,N/A,N/A,,,1
1759293559,any,112,N/A,IPv6,ICMP,N/A,v6,fe80::7827:e3ff:fe68:239,ff02::179,N/A,N/A,N/A,N/A,N/A,N/A,,,1
1759293559,eth1,110,Ethernet,IPv6,ICMP,N/A,v6,fe80::7827:e3ff:fe68:239,ff02::179,N/A,N/A,N/A,N/A,N/A,N/A,,,1
1759293559,any,112,N/A,IPv6,ICMP,N/A,v6,fe80::24f1:23ff:fe29:66,ff02::179,N/A,N/A,N/A,N/A,N/A,N/A,,,1
1759293559,eth0,110,Ethernet,IPv6,ICMP,N/A,v6,fe80::24f1:23ff:fe29:66,ff02::179,N/A,N/A,N/A,N/A,N/A,N/A,,,1
1759293559,eth0,54,Ethernet,IPv4,N/A,N/A,v4,172.30.0.23,224.0.0.22,N/A,N/A,N/A,N/A,N/A,N/A,,,1
1759293559,any,72,N/A,IPv6,ICMP,N/A,v6,fe80::dcac:f9ff:fe59:60,ff02::204,N/A,N/A,N/A,N/A,N/A,N/A,,,1
1759293559,eth2,70,Ethernet,IPv6,ICMP,N/A,v6,fe80::dcac:f9ff:fe59:60,ff02::204,N/A,N/A,N/A,N/A,N/A,N/A,,,1
1759293559,eth0,110,Ethernet,IPv6,ICMP,N/A,v6,fe80::b0b5:44ff:feea:219,ff02::179,N/A,N/A,N/A,N/A,N/A,N/A,,,1
1759293559,any,112,N/A,IPv6,ICMP,N/A,v6,fe80::b0b5:44ff:feea:219,ff02::179,N/A,N/A,N/A,N/A,N/A,N/A,,,1
1759293559,any,72,N/A,IPv6,ICMP,N/A,v6,fe80::b0b5:44ff:feea:219,ff02::204,N/A,N/A,N/A,N/A,N/A,N/A,,,1
1759293559,eth0,70,Ethernet,IPv6,ICMP,N/A,v6,fe80::b0b5:44ff:feea:219,ff02::204,N/A,N/A,N/A,N/A,N/A,N/A,,,1
1759293559,eth1,70,Ethernet,IPv6,ICMP,N/A,v6,fe80::780a:a9ff:fee6:89,ff02::204,N/A,N/A,N/A,N/A,N/A,N/A,,,1
1759293559,any,72,N/A,IPv6,ICMP,N/A,v6,fe80::780a:a9ff:fee6:89,ff02::204,N/A,N/A,N/A,N/A,N/A,N/A,,,1
1759293559,eth0,42,Ethernet,N/A,N/A,N/A,N/A,N/A,N/A,N/A,N/A,N/A,N/A,N/A,N/A,,,1
1759293559,any,44,ARP,N/A,N/A,N/A,N/A,N/A,N/A,N/A,N/A,1,2048,172.30.0.23,172.30.0.122,,,1
1759293559,eth1,70,Ethernet,IPv6,ICMP,N/A,v6,fe80::f056:abff:fe65:143,ff02::204,N/A,N/A,N/A,N/A,N/A,N/A,,,1
1759293559,any,72,N/A,IPv6,ICMP,N/A,v6,fe80::f056:abff:fe65:143,ff02::204,N/A,N/A,N/A,N/A,N/A,N/A,,,1
1759293559,eth1,110,Ethernet,IPv6,ICMP,N/A,v6,fe80::7827:e3ff:fe68:239,ff02::179,N/A,N/A,N/A,N/A,N/A,N/A,,,1
1759293559,any,112,N/A,IPv6,ICMP,N/A,v6,fe80::7827:e3ff:fe68:239,ff02::179,N/A,N/A,N/A,N/A,N/A,N/A,,,1
1759293559,eth0,90,Ethernet,IPv6,ICMP,N/A,v6,fe80::e48e:99ff:fe5f:147,ff02::179,N/A,N/A,N/A,N/A,N/A,N/A,,,1
1759293559,eth0,54,Ethernet,IPv4,N/A,N/A,v4,172.30.0.220,224.0.0.22,N/A,N/A,N/A,N/A,N/A,N/A,,,1
1759293559,any,92,N/A,IPv6,ICMP,N/A,v6,fe80::e48e:99ff:fe5f:147,ff02::179,N/A,N/A,N/A,N/A,N/A,N/A,,,1
1759293559,eth0,71,Ethernet,IPv4,UDP,N/A,v4,172.30.0.220,224.0.0.252,5355,5355,N/A,N/A,N/A,N/A,,,1
1759293559,any,73,N/A,IPv4,UDP,N/A,v4,172.30.0.220,224.0.0.252,5355,5355,N/A,N/A,N/A,N/A,,,1
1759293559,eth0,91,Ethernet,IPv6,UDP,N/A,v6,fe80::e48e:99ff:fe5f:147,ff02::1:52,5355,5355,N/A,N/A,N/A,N/A,,,1
1759293559,any,93,N/A,IPv6,UDP,N/A,v6,fe80::e48e:99ff:fe5f:147,ff02::1:52,5355,5355,N/A,N/A,N/A,N/A,,,1
1759293559,eth0,360,Ethernet,IPv4,UDP,N/A,v4,0.0.0.0,255.255.255.255,68,67,N/A,N/A,N/A,N/A,,,1
1759293559,any,362,N/A,IPv4,UDP,N/A,v4,0.0.0.0,255.255.255.255,68,67,N/A,N/A,N/A,N/A,,,1
1759293559,eth0,372,Ethernet,IPv4,UDP,N/A,v4,0.0.0.0,255.255.255.255,68,67,N/A,N/A,N/A,N/A,,,1
1759293559,eth0,110,Ethernet,IPv6,ICMP,N/A,v6,fe80::e48e:99ff:fe5f:147,ff02::179,N/A,N/A,N/A,N/A,N/A,N/A,,,1
1759293559,eth0,54,Ethernet,IPv4,N/A,N/A,v4,172.30.0.220,224.0.0.22,N/A,N/A,N/A,N/A,N/A,N/A,,,1
1759293559,eth0,42,Ethernet,N/A,N/A,N/A,N/A,N/A,N/A,N/A,N/A,N/A,N/A,N/A,N/A,,,1
1759293559,eth0,56,Ethernet,N/A,N/A,N/A,N/A,N/A,N/A,N/A,N/A,N/A,N/A,N/A,N/A,,,1
1759293559,eth0,56,Ethernet,N/A,N/A,N/A,N/A,N/A,N/A,N/A,N/A,N/A,N/A,N/A,N/A,,,1
1759293559,eth0,110,Ethernet,IPv6,ICMP,N/A,v6,fe80::24f1:23ff:fe29:66,ff02::179,N/A,N/A,N/A,N/A,N/A,N/A,,,1
1759293559,eth0,54,Ethernet,IPv4,N/A,N/A,v4,172.30.0.23,224.0.0.22,N/A,N/A,N/A,N/A,N/A,N/A,,,1
1759293559,any,374,N/A,IPv4,UDP,N/A,v4,0.0.0.0,255.255.255.255,68,67,N/A,N/A,N/A,N/A,,,1
1759293559,any,112,N/A,IPv6,ICMP,N/A,v6,fe80::dcac:f9ff:fe59:60,ff02::179,N/A,N/A,N/A,N/A,N/A,N/A,,,1
1759293559,any,112,N/A,IPv6,ICMP,N/A,v6,fe80::f056:abff:fe65:143,ff02::179,N/A,N/A,N/A,N/A,N/A,N/A,,,1
1759293559,any,112,N/A,IPv6,ICMP,N/A,v6,fe80::e48e:99ff:fe5f:147,ff02::179,N/A,N/A,N/A,N/A,N/A,N/A,,,1
1759293559,any,44,ARP,N/A,N/A,N/A,N/A,N/A,N/A,N/A,N/A,1,2048,172.30.0.220,172.30.0.122,,,1
1759293559,any,58,ARP,N/A,N/A,N/A,N/A,N/A,N/A,N/A,N/A,2,2048,172.30.0.122,172.30.0.220,,,1
1759293559,any,112,N/A,IPv6,ICMP,N/A,v6,fe80::24f1:23ff:fe29:66,ff02::179,N/A,N/A,N/A,N/A,N/A,N/A,,,1
1759293559,any,56,N/A,IPv4,N/A,N/A,v4,172.30.0.23,224.0.0.22,N/A,N/A,N/A,N/A,N/A,N/A,,,1
1759293559,eth2,110,Ethernet,IPv6,ICMP,N/A,v6,fe80::dcac:f9ff:fe59:60,ff02::179,N/A,N/A,N/A,N/A,N/A,N/A,,,1
1759293559,eth1,110,Ethernet,IPv6,ICMP,N/A,v6,fe80::f056:abff:fe65:143,ff02::179,N/A,N/A,N/A,N/A,N/A,N/A,,,1
1759293559,any,112,N/A,IPv6,ICMP,N/A,v6,fe80::e48e:99ff:fe5f:147,ff02::179,N/A,N/A,N/A,N/A,N/A,N/A,,,1
1759293559,eth0,110,Ethernet,IPv6,ICMP,N/A,v6,fe80::e48e:99ff:fe5f:147,ff02::179,N/A,N/A,N/A,N/A,N/A,N/A,,,1
1759293559,eth0,107,Ethernet,N/A,N/A,N/A,N/A,N/A,N/A,N/A,N/A,N/A,N/A,N/A,N/A,,,0
1759293559,any,109,N/A,N/A,N/A,N/A,N/A,N/A,N/A,N/A,N/A,N/A,N/A,N/A,N/A,,,0
1759293560,eth1,70,Ethernet,IPv6,ICMP,N/A,v6,fe80::7827:e3ff:fe68:239,ff02::204,N/A,N/A,N/A,N/A,N/A,N/A,,,1
1759293560,any,72,N/A,IPv6,ICMP,N/A,v6,fe80::24f1:23ff:fe29:66,ff02::204,N/A,N/A,N/A,N/A,N/A,N/A,,,1
1759293560,any,72,N/A,IPv6,ICMP,N/A,v6,fe80::7827:e3ff:fe68:239,ff02::204,N/A,N/A,N/A,N/A,N/A,N/A,,,1
1759293560,eth0,70,Ethernet,IPv6,ICMP,N/A,v6,fe80::24f1:23ff:fe29:66,ff02::204,N/A,N/A,N/A,N/A,N/A,N/A,,,1
1759293560,eth1,70,Ethernet,IPv6,ICMP,N/A,v6,fe80::103b:bdff:fef0:169,ff02::204,N/A,N/A,N/A,N/A,N/A,N/A,,,1
1759293560,any,72,N/A,IPv6,ICMP,N/A,v6,fe80::103b:bdff:fef0:169,ff02::204,N/A,N/A,N/A,N/A,N/A,N/A,,,1
1759293560,eth1,110,Ethernet,IPv6,ICMP,N/A,v6,fe80::f056:abff:fe65:143,ff02::179,N/A,N/A,N/A,N/A,N/A,N/A,,,1
1759293560,any,112,N/A,IPv6,ICMP,N/A,v6,fe80::f056:abff:fe65:143,ff02::179,N/A,N/A,N/A,N/A,N/A,N/A,,,1
1759293560,any,56,N/A,IPv4,N/A,N/A,v4,172.30.0.220,224.0.0.22,N/A,N/A,N/A,N/A,N/A,N/A,,,1
1759293560,eth0,54,Ethernet,IPv4,N/A,N/A,v4,172.30.0.220,224.0.0.22,N/A,N/A,N/A,N/A,N/A,N/A,,,1
1759293560,any,112,N/A,IPv6,ICMP,N/A,v6,fe80::dcac:f9ff:fe59:60,ff02::179,N/A,N/A,N/A,N/A,N/A,N/A,,,1
1759293560,eth2,110,Ethernet,IPv6,ICMP,N/A,v6,fe80::dcac:f9ff:fe59:60,ff02::179,N/A,N/A,N/A,N/A,N/A,N/A,,,1
1759293560,eth0,90,Ethernet,IPv6,ICMP,N/A,v6,fe80::ecf9:eff:fefb:55,ff02::179,N/A,N/A,N/A,N/A,N/A,N/A,,,1
1759293560,eth0,56,Ethernet,IPv4,N/A,N/A,v4,172.30.0.89,224.0.0.22,N/A,N/A,N/A,N/A,N/A,N/A,,,1
1759293560,any,92,N/A,IPv6,ICMP,N/A,v6,fe80::ecf9:eff:fefb:55,ff02::179,N/A,N/A,N/A,N/A,N/A,N/A,,,1
1759293560,any,58,N/A,IPv4,N/A,N/A,v4,172.30.0.89,224.0.0.22,N/A,N/A,N/A,N/A,N/A,N/A,,,1
1759293560,eth0,67,Ethernet,IPv4,UDP,N/A,v4,172.30.0.89,224.0.0.252,5355,5355,N/A,N/A,N/A,N/A,,,1
1759293560,any,69,N/A,IPv4,UDP,N/A,v4,172.30.0.89,224.0.0.252,5355,5355,N/A,N/A,N/A,N/A,,,1
1759293560,eth1,70,Ethernet,IPv6,ICMP,N/A,v6,fe80::f056:abff:fe65:143,ff02::204,N/A,N/A,N/A,N/A,N/A,N/A,,,1
1759293560,any,72,N/A,IPv6,ICMP,N/A,v6,fe80::dcac:f9ff:fe59:60,ff02::204,N/A,N/A,N/A,N/A,N/A,N/A,,,1
1759293560,eth2,70,Ethernet,IPv6,ICMP,N/A,v6,fe80::dcac:f9ff:fe59:60,ff02::204,N/A,N/A,N/A,N/A,N/A,N/A,,,1
1759293560,eth0,70,Ethernet,IPv6,ICMP,N/A,v6,fe80::e48e:99ff:fe5f:147,ff02::204,N/A,N/A,N/A,N/A,N/A,N/A,,,1
1759293560,any,358,N/A,IPv4,UDP,N/A,v4,0.0.0.0,255.255.255.255,68,67,N/A,N/A,N/A,N/A,,,1
1759293560,eth0,356,Ethernet,IPv4,UDP,N/A,v4,0.0.0.0,255.255.255.255,68,67,N/A,N/A,N/A,N/A,,,1
1759293560,eth0,368,Ethernet,IPv4,UDP,N/A,v4,0.0.0.0,255.255.255.255,68,67,N/A,N/A,N/A,N/A,,,1
1759293560,any,370,N/A,IPv4,UDP,N/A,v4,0.0.0.0,255.255.255.255,68,67,N/A,N/A,N/A,N/A,,,1
1759293560,any,112,N/A,IPv6,ICMP,N/A,v6,fe80::103b:bdff:fef0:169,ff02::179,N/A,N/A,N/A,N/A,N/A,N/A,,,1
1759293560,eth1,110,Ethernet,IPv6,ICMP,N/A,v6,fe80::103b:bdff:fef0:169,ff02::179,N/A,N/A,N/A,N/A,N/A,N/A,,,1
1759293560,any,112,N/A,IPv6,ICMP,N/A,v6,fe80::ecf9:eff:fefb:55,ff02::179,N/A,N/A,N/A,N/A,N/A,N/A,,,1
1759293560,any,58,N/A,IPv4,N/A,N/A,v4,172.30.0.89,224.0.0.22,N/A,N/A,N/A,N/A,N/A,N/A,,,1
1759293560,eth0,110,Ethernet,IPv6,ICMP,N/A,v6,fe80::ecf9:eff:fefb:55,ff02::179,N/A,N/A,N/A,N/A,N/A,N/A,,,1
1759293560,eth0,70,Ethernet,IPv6,ICMP,N/A,v6,fe80::5ca9:83ff:fe87:27,ff02::204,N/A,N/A,N/A,N/A,N/A,N/A,,,0
1759293560,any,72,N/A,IPv6,ICMP,N/A,v6,fe80::5ca9:83ff:fe87:27,ff02::204,N/A,N/A,N/A,N/A,N/A,N/A,,,0
1759293560,eth0,107,Ethernet,N/A,N/A,N/A,N/A,N/A,N/A,N/A,N/A,N/A,N/A,N/A,N/A,,,0
1759293560,any,72,N/A,IPv6,ICMP,N/A,v6,fe80::a824:52ff:fe4f:69,ff02::204,N/A,N/A,N/A,N/A,N/A,N/A,,,0
1759293560,eth1,70,Ethernet,IPv6,ICMP,N/A,v6,fe80::a824:52ff:fe4f:69,ff02::204,N/A,N/A,N/A,N/A,N/A,N/A,,,0
1759293560,eth0,56,Ethernet,IPv4,N/A,N/A,v4,172.30.0.89,224.0.0.22,N/A,N/A,N/A,N/A,N/A,N/A,,,1
1759293560,eth0,56,Ethernet,N/A,N/A,N/A,N/A,N/A,N/A,N/A,N/A,N/A,N/A,N/A,N/A,,,1
1759293560,any,58,ARP,N/A,N/A,N/A,N/A,N/A,N/A,N/A,N/A,1,2048,172.30.0.89,172.30.0.122,,,1
1759293560,any,112,N/A,IPv6,ICMP,N/A,v6,fe80::103b:bdff:fef0:169,ff02::179,N/A,N/A,N/A,N/A,N/A,N/A,,,1
1759293560,eth1,110,Ethernet,IPv6,ICMP,N/A,v6,fe80::103b:bdff:fef0:169,ff02::179,N/A,N/A,N/A,N/A,N/A,N/A,,,1
1759293560,any,113,N/A,N/A,N/A,N/A,N/A,N/A,N/A,N/A,N/A,N/A,N/A,N/A,N/A,,,1
1759293560,eth0,111,Ethernet,N/A,N/A,N/A,N/A,N/A,N/A,N/A,N/A,N/A,N/A,N/A,N/A,,,1
1759293561,eth0,90,Ethernet,IPv6,ICMP,N/A,v6,fe80::5ca9:83ff:fe87:27,ff02::179,N/A,N/A,N/A,N/A,N/A,N/A,,,0
1759293561,eth0,54,Ethernet,IPv4,N/A,N/A,v4,172.30.0.220,224.0.0.22,N/A,N/A,N/A,N/A,N/A,N/A,,,0
1759293561,any,92,N/A,IPv6,ICMP,N/A,v6,fe80::5ca9:83ff:fe87:27,ff02::179,N/A,N/A,N/A,N/A,N/A,N/A,,,0
1759293561,eth0,87,Ethernet,IPv6,UDP,N/A,v6,fe80::5ca9:83ff:fe87:27,ff02::1:52,5355,5355,N/A,N/A,N/A,N/A,,,0
1759293561,any,89,N/A,IPv6,UDP,N/A,v6,fe80::5ca9:83ff:fe87:27,ff02::1:52,5355,5355,N/A,N/A,N/A,N/A,,,0
1759293561,eth0,67,Ethernet,IPv4,UDP,N/A,v4,172.30.0.220,224.0.0.252,5355,5355,N/A,N/A,N/A,N/A,,,0
1759293561,any,69,N/A,IPv4,UDP,N/A,v4,172.30.0.220,224.0.0.252,5355,5355,N/A,N/A,N/A,N/A,,,0
1759293561,eth1,110,Ethernet,IPv6,ICMP,N/A,v6,fe80::a824:52ff:fe4f:69,ff02::179,N/A,N/A,N/A,N/A,N/A,N/A,,,0
1759293561,any,112,N/A,IPv6,ICMP,N/A,v6,fe80::5ca9:83ff:fe87:27,ff02::179,N/A,N/A,N/A,N/A,N/A,N/A,,,0
1759293561,eth0,110,Ethernet,IPv6,ICMP,N/A,v6,fe80::5ca9:83ff:fe87:27,ff02::179,N/A,N/A,N/A,N/A,N/A,N/A,,,0
1759293561,eth0,356,Ethernet,IPv4,UDP,N/A,v4,0.0.0.0,255.255.255.255,68,67,N/A,N/A,N/A,N/A,,,0
1759293561,any,358,N/A,IPv4,UDP,N/A,v4,0.0.0.0,255.255.255.255,68,67,N/A,N/A,N/A,N/A,,,0
1759293561,eth0,368,Ethernet,IPv4,UDP,N/A,v4,0.0.0.0,255.255.255.255,68,67,N/A,N/A,N/A,N/A,,,0
1759293561,any,370,N/A,IPv4,UDP,N/A,v4,0.0.0.0,255.255.255.255,68,67,N/A,N/A,N/A,N/A,,,0
1759293561,eth0,110,Ethernet,IPv6,ICMP,N/A,v6,fe80::5ca9:83ff:fe87:27,ff02::179,N/A,N/A,N/A,N/A,N/A,N/A,,,0
1759293561,eth0,54,Ethernet,IPv4,N/A,N/A,v4,172.30.0.220,224.0.0.22,N/A,N/A,N/A,N/A,N/A,N/A,,,0
1759293561,any,112,N/A,IPv6,ICMP,N/A,v6,fe80::5ca9:83ff:fe87:27,ff02::179,N/A,N/A,N/A,N/A,N/A,N/A,,,0
1759293561,eth0,42,Ethernet,N/A,N/A,N/A,N/A,N/A,N/A,N/A,N/A,N/A,N/A,N/A,N/A,,,0
1759293561,any,44,ARP,N/A,N/A,N/A,N/A,N/A,N/A,N/A,N/A,1,2048,172.30.0.220,172.30.0.122,,,0
1759293561,any,58,ARP,N/A,N/A,N/A,N/A,N/A,N/A,N/A,N/A,2,2048,172.30.0.122,172.30.0.220,,,0
1759293561,eth0,56,Ethernet,N/A,N/A,N/A,N/A,N/A,N/A,N/A,N/A,N/A,N/A,N/A,N/A,,,0
1759293561,eth0,56,Ethernet,N/A,N/A,N/A,N/A,N/A,N/A,N/A,N/A,N/A,N/A,N/A,N/A,,,0
1759293561,eth1,110,Ethernet,IPv6,ICMP,N/A,v6,fe80::a824:52ff:fe4f:69,ff02::179,N/A,N/A,N/A,N/A,N/A,N/A,,,0
1759293561,any,112,N/A,IPv6,ICMP,N/A,v6,fe80::a824:52ff:fe4f:69,ff02::179,N/A,N/A,N/A,N/A,N/A,N/A,,,0
1759293561,eth0,90,Ethernet,IPv6,ICMP,N/A,v6,fe80::5ca9:83ff:fe87:27,ff02::179,N/A,N/A,N/A,N/A,N/A,N/A,,,0
1759293561,any,92,N/A,IPv6,ICMP,N/A,v6,fe80::5ca9:83ff:fe87:27,ff02::179,N/A,N/A,N/A,N/A,N/A,N/A,,,0
1759293561,eth1,70,Ethernet,IPv6,ICMP,N/A,v6,fe80::103b:bdff:fef0:169,ff02::204,N/A,N/A,N/A,N/A,N/A,N/A,,,1
1759293561,eth0,70,Ethernet,IPv6,ICMP,N/A,v6,fe80::ecf9:eff:fefb:55,ff02::204,N/A,N/A,N/A,N/A,N/A,N/A,,,1
1759293561,any,72,N/A,IPv6,ICMP,N/A,v6,fe80::ecf9:eff:fefb:55,ff02::204,N/A,N/A,N/A,N/A,N/A,N/A,,,1
1759293561,any,72,N/A,IPv6,ICMP,N/A,v6,fe80::103b:bdff:fef0:169,ff02::204,N/A,N/A,N/A,N/A,N/A,N/A,,,1
1759293561,eth0,56,Ethernet,IPv4,N/A,N/A,v4,172.30.0.89,224.0.0.22,N/A,N/A,N/A,N/A,N/A,N/A,,,1
1759293561,any,58,N/A,IPv4,N/A,N/A,v4,172.30.0.89,224.0.0.22,N/A,N/A,N/A,N/A,N/A,N/A,,,1
1759293561,any,112,N/A,IPv6,ICMP,N/A,v6,fe80::ecf9:eff:fefb:55,ff02::179,N/A,N/A,N/A,N/A,N/A,N/A,,,1
1759293561,eth0,110,Ethernet,IPv6,ICMP,N/A,v6,fe80::ecf9:eff:fefb:55,ff02::179,N/A,N/A,N/A,N/A,N/A,N/A,,,1
1759293562,eth0,111,Ethernet,N/A,N/A,N/A,N/A,N/A,N/A,N/A,N/A,N/A,N/A,N/A,N/A,,,1
1759293562,any,113,N/A,N/A,N/A,N/A,N/A,N/A,N/A,N/A,N/A,N/A,N/A,N/A,N/A,,,1
1759293562,eth0,54,Ethernet,IPv4,N/A,N/A,v4,172.30.0.220,224.0.0.22,N/A,N/A,N/A,N/A,N/A,N/A,,,0
1759293562,any,56,N/A,IPv4,N/A,N/A,v4,172.30.0.220,224.0.0.22,N/A,N/A,N/A,N/A,N/A,N/A,,,0
1759293562,eth0,107,Ethernet,N/A,N/A,N/A,N/A,N/A,N/A,N/A,N/A,N/A,N/A,N/A,N/A,,,0
1759293562,eth0,70,Ethernet,IPv6,ICMP,N/A,v6,fe80::5ca9:83ff:fe87:27,ff02::204,N/A,N/A,N/A,N/A,N/A,N/A,,,0
1759293562,any,72,N/A,IPv6,ICMP,N/A,v6,fe80::a824:52ff:fe4f:69,ff02::204,N/A,N/A,N/A,N/A,N/A,N/A,,,0
1759293562,eth1,70,Ethernet,IPv6,ICMP,N/A,v6,fe80::a824:52ff:fe4f:69,ff02::204,N/A,N/A,N/A,N/A,N/A,N/A,,,0
1759293563,any,72,N/A,IPv6,ICMP,N/A,v6,fe80::b0b5:44ff:feea:219,ff02::204,N/A,N/A,N/A,N/A,N/A,N/A,,,1
1759293563,eth0,70,Ethernet,IPv6,ICMP,N/A,v6,fe80::b0b5:44ff:feea:219,ff02::204,N/A,N/A,N/A,N/A,N/A,N/A,,,1
1759293563,eth0,111,Ethernet,N/A,N/A,N/A,N/A,N/A,N/A,N/A,N/A,N/A,N/A,N/A,N/A,,,1
1759293563,any,113,N/A,N/A,N/A,N/A,N/A,N/A,N/A,N/A,N/A,N/A,N/A,N/A,N/A,,,1
1759293563,any,92,N/A,IPv6,ICMP,N/A,v6,fe80::b0b5:44ff:feea:219,ff02::179,N/A,N/A,N/A,N/A,N/A,N/A,,,1
1759293563,eth0,90,Ethernet,IPv6,ICMP,N/A,v6,fe80::b0b5:44ff:feea:219,ff02::179,N/A,N/A,N/A,N/A,N/A,N/A,,,1
1759293563,eth0,54,Ethernet,IPv4,N/A,N/A,v4,172.30.0.163,224.0.0.22,N/A,N/A,N/A,N/A,N/A,N/A,,,1
1759293563,eth0,68,Ethernet,IPv4,UDP,N/A,v4,172.30.0.163,224.0.0.252,5355,5355,N/A,N/A,N/A,N/A,,,1
1759293563,eth0,54,Ethernet,IPv4,N/A,N/A,v4,172.30.0.163,224.0.0.22,N/A,N/A,N/A,N/A,N/A,N/A,,,1
1759293563,eth0,357,Ethernet,IPv4,UDP,N/A,v4,0.0.0.0,255.255.255.255,68,67,N/A,N/A,N/A,N/A,,,1
1759293563,eth0,369,Ethernet,IPv4,UDP,N/A,v4,0.0.0.0,255.255.255.255,68,67,N/A,N/A,N/A,N/A,,,1
1759293563,any,70,N/A,IPv4,UDP,N/A,v4,172.30.0.163,224.0.0.252,5355,5355,N/A,N/A,N/A,N/A,,,1
1759293563,any,56,N/A,IPv4,N/A,N/A,v4,172.30.0.163,224.0.0.22,N/A,N/A,N/A,N/A,N/A,N/A,,,1
1759293563,any,359,N/A,IPv4,UDP,N/A,v4,0.0.0.0,255.255.255.255,68,67,N/A,N/A,N/A,N/A,,,1
1759293563,any,371,N/A,IPv4,UDP,N/A,v4,0.0.0.0,255.255.255.255,68,67,N/A,N/A,N/A,N/A,,,1
1759293563,any,112,N/A,IPv6,ICMP,N/A,v6,fe80::780a:a9ff:fee6:89,ff02::179,N/A,N/A,N/A,N/A,N/A,N/A,,,1
1759293563,eth1,110,Ethernet,IPv6,ICMP,N/A,v6,fe80::780a:a9ff:fee6:89,ff02::179,N/A,N/A,N/A,N/A,N/A,N/A,,,1
1759293563,any,56,N/A,IPv4,N/A,N/A,v4,172.30.0.163,224.0.0.22,N/A,N/A,N/A,N/A,N/A,N/A,,,1
1759293563,eth0,54,Ethernet,IPv4,N/A,N/A,v4,172.30.0.163,224.0.0.22,N/A,N/A,N/A,N/A,N/A,N/A,,,1
1759293563,any,112,N/A,IPv6,ICMP,N/A,v6,fe80::b0b5:44ff:feea:219,ff02::179,N/A,N/A,N/A,N/A,N/A,N/A,,,1
1759293563,eth0,110,Ethernet,IPv6,ICMP,N/A,v6,fe80::b0b5:44ff:feea:219,ff02::179,N/A,N/A,N/A,N/A,N/A,N/A,,,1
1759293563,eth0,42,Ethernet,N/A,N/A,N/A,N/A,N/A,N/A,N/A,N/A,N/A,N/A,N/A,N/A,,,1
1759293563,any,44,ARP,N/A,N/A,N/A,N/A,N/A,N/A,N/A,N/A,1,2048,172.30.0.163,172.30.0.122,,,1
1759293563,eth0,90,Ethernet,IPv6,ICMP,N/A,v6,fe80::e48e:99ff:fe5f:147,ff02::179,N/A,N/A,N/A,N/A,N/A,N/A,,,1
1759293563,eth0,54,Ethernet,IPv4,N/A,N/A,v4,172.30.0.220,224.0.0.22,N/A,N/A,N/A,N/A,N/A,N/A,,,1
1759293563,any,92,N/A,IPv6,ICMP,N/A,v6,fe80::e48e:99ff:fe5f:147,ff02::179,N/A,N/A,N/A,N/A,N/A,N/A,,,1
1759293563,eth0,71,Ethernet,IPv4,UDP,N/A,v4,172.30.0.220,224.0.0.252,5355,5355,N/A,N/A,N/A,N/A,,,1
1759293563,any,73,N/A,IPv4,UDP,N/A,v4,172.30.0.220,224.0.0.252,5355,5355,N/A,N/A,N/A,N/A,,,1
1759293563,eth0,110,Ethernet,IPv6,ICMP,N/A,v6,fe80::b0b5:44ff:feea:219,ff02::179,N/A,N/A,N/A,N/A,N/A,N/A,,,1
1759293563,any,112,N/A,IPv6,ICMP,N/A,v6,fe80::b0b5:44ff:feea:219,ff02::179,N/A,N/A,N/A,N/A,N/A,N/A,,,1
1759293563,eth0,360,Ethernet,IPv4,UDP,N/A,v4,0.0.0.0,255.255.255.255,68,67,N/A,N/A,N/A,N/A,,,1
1759293563,any,362,N/A,IPv4,UDP,N/A,v4,0.0.0.0,255.255.255.255,68,67,N/A,N/A,N/A,N/A,,,1
1759293563,eth0,372,Ethernet,IPv4,UDP,N/A,v4,0.0.0.0,255.255.255.255,68,67,N/A,N/A,N/A,N/A,,,1
1759293563,eth0,110,Ethernet,IPv6,ICMP,N/A,v6,fe80::e48e:99ff:fe5f:147,ff02::179,N/A,N/A,N/A,N/A,N/A,N/A,,,1
1759293563,eth0,54,Ethernet,IPv4,N/A,N/A,v4,172.30.0.220,224.0.0.22,N/A,N/A,N/A,N/A,N/A,N/A,,,1
1759293563,eth0,54,Ethernet,IPv4,N/A,N/A,v4,172.30.0.220,224.0.0.22,N/A,N/A,N/A,N/A,N/A,N/A,,,1
1759293563,eth0,42,Ethernet,N/A,N/A,N/A,N/A,N/A,N/A,N/A,N/A,N/A,N/A,N/A,N/A,,,1
1759293563,eth0,56,Ethernet,N/A,N/A,N/A,N/A,N/A,N/A,N/A,N/A,N/A,N/A,N/A,N/A,,,1
1759293563,eth0,56,Ethernet,N/A,N/A,N/A,N/A,N/A,N/A,N/A,N/A,N/A,N/A,N/A,N/A,,,1
1759293563,any,374,N/A,IPv4,UDP,N/A,v4,0.0.0.0,255.255.255.255,68,67,N/A,N/A,N/A,N/A,,,1
1759293563,any,112,N/A,IPv6,ICMP,N/A,v6,fe80::f056:abff:fe65:143,ff02::179,N/A,N/A,N/A,N/A,N/A,N/A,,,1
1759293563,any,112,N/A,IPv6,ICMP,N/A,v6,fe80::e48e:99ff:fe5f:147,ff02::179,N/A,N/A,N/A,N/A,N/A,N/A,,,1
1759293563,any,56,N/A,IPv4,N/A,N/A,v4,172.30.0.220,224.0.0.22,N/A,N/A,N/A,N/A,N/A,N/A,,,1
1759293563,any,44,ARP,N/A,N/A,N/A,N/A,N/A,N/A,N/A,N/A,1,2048,172.30.0.220,172.30.0.122,,,1
1759293563,any,58,ARP,N/A,N/A,N/A,N/A,N/A,N/A,N/A,N/A,2,2048,172.30.0.122,172.30.0.220,,,1
1759293563,any,72,N/A,IPv6,ICMP,N/A,v6,fe80::7827:e3ff:fe68:239,ff02::204,N/A,N/A,N/A,N/A,N/A,N/A,,,1
1759293563,eth2,110,Ethernet,IPv6,ICMP,N/A,v6,fe80::dcac:f9ff:fe59:60,ff02::179,N/A,N/A,N/A,N/A,N/A,N/A,,,1
1759293563,eth1,110,Ethernet,IPv6,ICMP,N/A,v6,fe80::f056:abff:fe65:143,ff02::179,N/A,N/A,N/A,N/A,N/A,N/A,,,1
1759293563,eth1,70,Ethernet,IPv6,ICMP,N/A,v6,fe80::7827:e3ff:fe68:239,ff02::204,N/A,N/A,N/A,N/A,N/A,N/A,,,1
1759293563,eth0,107,Ethernet,N/A,N/A,N/A,N/A,N/A,N/A,N/A,N/A,N/A,N/A,N/A,N/A,,,0
1759293563,any,109,N/A,N/A,N/A,N/A,N/A,N/A,N/A,N/A,N/A,N/A,N/A,N/A,N/A,,,0
1759293564,eth0,70,Ethernet,IPv6,ICMP,N/A,v6,fe80::24f1:23ff:fe29:66,ff02::204,N/A,N/A,N/A,N/A,N/A,N/A,,,1
1759293564,any,72,N/A,IPv6,ICMP,N/A,v6,fe80::24f1:23ff:fe29:66,ff02::204,N/A,N/A,N/A,N/A,N/A,N/A,,,1
1759293564,any,112,N/A,IPv6,ICMP,N/A,v6,fe80::780a:a9ff:fee6:89,ff02::179,N/A,N/A,N/A,N/A,N/A,N/A,,,1
1759293564,eth1,110,Ethernet,IPv6,ICMP,N/A,v6,fe80::780a:a9ff:fee6:89,ff02::179,N/A,N/A,N/A,N/A,N/A,N/A,,,1
1759293564,any,112,N/A,IPv6,ICMP,N/A,v6,fe80::dcac:f9ff:fe59:60,ff02::179,N/A,N/A,N/A,N/A,N/A,N/A,,,1
1759293564,eth2,110,Ethernet,IPv6,ICMP,N/A,v6,fe80::dcac:f9ff:fe59:60,ff02::179,N/A,N/A,N/A,N/A,N/A,N/A,,,1
1759293564,any,92,N/A,IPv6,ICMP,N/A,v6,fe80::24f1:23ff:fe29:66,ff02::179,N/A,N/A,N/A,N/A,N/A,N/A,,,1
1759293564,eth0,90,Ethernet,IPv6,ICMP,N/A,v6,fe80::24f1:23ff:fe29:66,ff02::179,N/A,N/A,N/A,N/A,N/A,N/A,,,1
1759293564,eth0,54,Ethernet,IPv4,N/A,N/A,v4,172.30.0.23,224.0.0.22,N/A,N/A,N/A,N/A,N/A,N/A,,,1
1759293564,eth0,67,Ethernet,IPv4,UDP,N/A,v4,172.30.0.23,224.0.0.252,5355,5355,N/A,N/A,N/A,N/A,,,1
1759293564,eth0,87,Ethernet,IPv6,UDP,N/A,v6,fe80::24f1:23ff:fe29:66,ff02::1:52,5355,5355,N/A,N/A,N/A,N/A,,,1
1759293564,any,69,N/A,IPv4,UDP,N/A,v4,172.30.0.23,224.0.0.252,5355,5355,N/A,N/A,N/A,N/A,,,1
1759293564,eth0,356,Ethernet,IPv4,UDP,N/A,v4,0.0.0.0,255.255.255.255,68,67,N/A,N/A,N/A,N/A,,,1
1759293564,any,358,N/A,IPv4,UDP,N/A,v4,0.0.0.0,255.255.255.255,68,67,N/A,N/A,N/A,N/A,,,1
1759293564,eth0,368,Ethernet,IPv4,UDP,N/A,v4,0.0.0.0,255.255.255.255,68,67,N/A,N/A,N/A,N/A,,,1
1759293564,any,370,N/A,IPv4,UDP,N/A,v4,0.0.0.0,255.255.255.255,68,67,N/A,N/A,N/A,N/A,,,1
1759293564,any,112,N/A,IPv6,ICMP,N/A,v6,fe80::7827:e3ff:fe68:239,ff02::179,N/A,N/A,N/A,N/A,N/A,N/A,,,1
1759293564,eth1,110,Ethernet,IPv6,ICMP,N/A,v6,fe80::7827:e3ff:fe68:239,ff02::179,N/A,N/A,N/A,N/A,N/A,N/A,,,1
1759293564,any,112,N/A,IPv6,ICMP,N/A,v6,fe80::24f1:23ff:fe29:66,ff02::179,N/A,N/A,N/A,N/A,N/A,N/A,,,1
1759293564,eth0,110,Ethernet,IPv6,ICMP,N/A,v6,fe80::24f1:23ff:fe29:66,ff02::179,N/A,N/A,N/A,N/A,N/A,N/A,,,1
1759293564,eth0,54,Ethernet,IPv4,N/A,N/A,v4,172.30.0.23,224.0.0.22,N/A,N/A,N/A,N/A,N/A,N/A,,,1
1759293564,eth0,42,Ethernet,N/A,N/A,N/A,N/A,N/A,N/A,N/A,N/A,N/A,N/A,N/A,N/A,,,1
1759293564,any,44,ARP,N/A,N/A,N/A,N/A,N/A,N/A,N/A,N/A,1,2048,172.30.0.23,172.30.0.122,,,1
1759293564,any,72,N/A,IPv6,ICMP,N/A,v6,fe80::b0b5:44ff:feea:219,ff02::204,N/A,N/A,N/A,N/A,N/A,N/A,,,1
1759293564,eth1,70,Ethernet,IPv6,ICMP,N/A,v6,fe80::780a:a9ff:fee6:89,ff02::204,N/A,N/A,N/A,N/A,N/A,N/A,,,1
1759293564,eth0,70,Ethernet,IPv6,ICMP,N/A,v6,fe80::b0b5:44ff:feea:219,ff02::204,N/A,N/A,N/A,N/A,N/A,N/A,,,1
1759293564,any,112,N/A,IPv6,ICMP,N/A,v6,fe80::e48e:99ff:fe5f:147,ff02::179,N/A,N/A,N/A,N/A,N/A,N/A,,,1
1759293564,eth0,110,Ethernet,IPv6,ICMP,N/A,v6,fe80::e48e:99ff:fe5f:147,ff02::179,N/A,N/A,N/A,N/A,N/A,N/A,,,1
1759293564,eth0,54,Ethernet,IPv4,N/A,N/A,v4,172.30.0.163,224.0.0.22,N/A,N/A,N/A,N/A,N/A,N/A,,,1
1759293564,any,56,N/A,IPv4,N/A,N/A,v4,172.30.0.163,224.0.0.22,N/A,N/A,N/A,N/A,N/A,N/A,,,1
1759293564,eth1,70,Ethernet,IPv6,ICMP,N/A,v6,fe80::f056:abff:fe65:143,ff02::204,N/A,N/A,N/A,N/A,N/A,N/A,,,1
1759293564,any,72,N/A,IPv6,ICMP,N/A,v6,fe80::dcac:f9ff:fe59:60,ff02::204,N/A,N/A,N/A,N/A,N/A,N/A,,,1
1759293564,any,113,N/A,N/A,N/A,N/A,N/A,N/A,N/A,N/A,N/A,N/A,N/A,N/A,N/A,,,1
1759293564,any,72,N/A,IPv6,ICMP,N/A,v6,fe80::e48e:99ff:fe5f:147,ff02::204,N/A,N/A,N/A,N/A,N/A,N/A,,,1
1759293564,any,72,N/A,IPv6,ICMP,N/A,v6,fe80::f056:abff:fe65:143,ff02::204,N/A,N/A,N/A,N/A,N/A,N/A,,,1
1759293564,eth2,70,Ethernet,IPv6,ICMP,N/A,v6,fe80::dcac:f9ff:fe59:60,ff02::204,N/A,N/A,N/A,N/A,N/A,N/A,,,1
1759293564,eth0,111,Ethernet,N/A,N/A,N/A,N/A,N/A,N/A,N/A,N/A,N/A,N/A,N/A,N/A,,,1
1759293564,eth0,70,Ethernet,IPv6,ICMP,N/A,v6,fe80::e48e:99ff:fe5f:147,ff02::204,N/A,N/A,N/A,N/A,N/A,N/A,,,1
1759293564,any,112,N/A,IPv6,ICMP,N/A,v6,fe80::f056:abff:fe65:143,ff02::179,N/A,N/A,N/A,N/A,N/A,N/A,,,1
1759293564,eth1,110,Ethernet,IPv6,ICMP,N/A,v6,fe80::f056:abff:fe65:143,ff02::179,N/A,N/A,N/A,N/A,N/A,N/A,,,1
1759293564,eth0,90,Ethernet,IPv6,ICMP,N/A,v6,fe80::ecf9:eff:fefb:55,ff02::179,N/A,N/A,N/A,N/A,N/A,N/A,,,1
1759293564,eth0,56,Ethernet,IPv4,N/A,N/A,v4,172.30.0.89,224.0.0.22,N/A,N/A,N/A,N/A,N/A,N/A,,,1
1759293564,any,92,N/A,IPv6,ICMP,N/A,v6,fe80::ecf9:eff:fefb:55,ff02::179,N/A,N/A,N/A,N/A,N/A,N/A,,,1
1759293564,any,58,N/A,IPv4,N/A,N/A,v4,172.30.0.89,224.0.0.22,N/A,N/A,N/A,N/A,N/A,N/A,,,1
1759293564,eth0,67,Ethernet,IPv4,UDP,N/A,v4,172.30.0.89,224.0.0.252,5355,5355,N/A,N/A,N/A,N/A,,,1
1759293564,any,69,N/A,IPv4,UDP,N/A,v4,172.30.0.89,224.0.0.252,5355,5355,N/A,N/A,N/A,N/A,,,1
1759293564,any,358,N/A,IPv4,UDP,N/A,v4,0.0.0.0,255.255.255.255,68,67,N/A,N/A,N/A,N/A,,,1
1759293564,eth0,356,Ethernet,IPv4,UDP,N/A,v4,0.0.0.0,255.255.255.255,68,67,N/A,N/A,N/A,N/A,,,1
1759293564,any,370,N/A,IPv4,UDP,N/A,v4,0.0.0.0,255.255.255.255,68,67,N/A,N/A,N/A,N/A,,,1
1759293564,eth0,368,Ethernet,IPv4,UDP,N/A,v4,0.0.0.0,255.255.255.255,68,67,N/A,N/A,N/A,N/A,,,1
1759293564,any,112,N/A,IPv6,ICMP,N/A,v6,fe80::103b:bdff:fef0:169,ff02::179,N/A,N/A,N/A,N/A,N/A,N/A,,,1
1759293564,eth1,110,Ethernet,IPv6,ICMP,N/A,v6,fe80::103b:bdff:fef0:169,ff02::179,N/A,N/A,N/A,N/A,N/A,N/A,,,1
1759293564,any,58,ARP,N/A,N/A,N/A,N/A,N/A,N/A,N/A,N/A,1,2048,172.30.0.89,172.30.0.122,,,1
1759293564,eth0,56,Ethernet,N/A,N/A,N/A,N/A,N/A,N/A,N/A,N/A,N/A,N/A,N/A,N/A,,,1
1759293564,eth0,110,Ethernet,IPv6,ICMP,N/A,v6,fe80::ecf9:eff:fefb:55,ff02::179,N/A,N/A,N/A,N/A,N/A,N/A,,,1
1759293564,eth0,56,Ethernet,IPv4,N/A,N/A,v4,172.30.0.89,224.0.0.22,N/A,N/A,N/A,N/A,N/A,N/A,,,1
1759293564,any,112,N/A,IPv6,ICMP,N/A,v6,fe80::ecf9:eff:fefb:55,ff02::179,N/A,N/A,N/A,N/A,N/A,N/A,,,1
1759293564,any,58,N/A,IPv4,N/A,N/A,v4,172.30.0.89,224.0.0.22,N/A,N/A,N/A,N/A,N/A,N/A,,,1
1759293564,eth0,110,Ethernet,IPv6,ICMP,N/A,v6,fe80::ecf9:eff:fefb:55,ff02::179,N/A,N/A,N/A,N/A,N/A,N/A,,,1
1759293564,eth0,107,Ethernet,N/A,N/A,N/A,N/A,N/A,N/A,N/A,N/A,N/A,N/A,N/A,N/A,,,0
1759293564,any,109,N/A,N/A,N/A,N/A,N/A,N/A,N/A,N/A,N/A,N/A,N/A,N/A,N/A,,,0
1759293564,any,112,N/A,IPv6,ICMP,N/A,v6,fe80::ecf9:eff:fefb:55,ff02::179,N/A,N/A,N/A,N/A,N/A,N/A,,,1
1759293564,any,112,N/A,IPv6,ICMP,N/A,v6,fe80::103b:bdff:fef0:169,ff02::179,N/A,N/A,N/A,N/A,N/A,N/A,,,1
1759293564,eth1,110,Ethernet,IPv6,ICMP,N/A,v6,fe80::103b:bdff:fef0:169,ff02::179,N/A,N/A,N/A,N/A,N/A,N/A,,,1
1759293565,eth0,90,Ethernet,IPv6,ICMP,N/A,v6,fe80::5ca9:83ff:fe87:27,ff02::179,N/A,N/A,N/A,N/A,N/A,N/A,,,0
1759293565,eth0,54,Ethernet,IPv4,N/A,N/A,v4,172.30.0.220,224.0.0.22,N/A,N/A,N/A,N/A,N/A,N/A,,,0
1759293565,any,92,N/A,IPv6,ICMP,N/A,v6,fe80::5ca9:83ff:fe87:27,ff02::179,N/A,N/A,N/A,N/A,N/A,N/A,,,0
1759293565,eth0,87,Ethernet,IPv6,UDP,N/A,v6,fe80::5ca9:83ff:fe87:27,ff02::1:52,5355,5355,N/A,N/A,N/A,N/A,,,0
1759293565,any,89,N/A,IPv6,UDP,N/A,v6,fe80::5ca9:83ff:fe87:27,ff02::1:52,5355,5355,N/A,N/A,N/A,N/A,,,0
1759293565,eth0,67,Ethernet,IPv4,UDP,N/A,v4,172.30.0.220,224.0.0.252,5355,5355,N/A,N/A,N/A,N/A,,,0
1759293565,any,69,N/A,IPv4,UDP,N/A,v4,172.30.0.220,224.0.0.252,5355,5355,N/A,N/A,N/A,N/A,,,0
1759293565,eth0,356,Ethernet,IPv4,UDP,N/A,v4,0.0.0.0,255.255.255.255,68,67,N/A,N/A,N/A,N/A,,,0
1759293565,any,358,N/A,IPv4,UDP,N/A,v4,0.0.0.0,255.255.255.255,68,67,N/A,N/A,N/A,N/A,,,0
1759293565,eth0,368,Ethernet,IPv4,UDP,N/A,v4,0.0.0.0,255.255.255.255,68,67,N/A,N/A,N/A,N/A,,,0
1759293565,any,370,N/A,IPv4,UDP,N/A,v4,0.0.0.0,255.255.255.255,68,67,N/A,N/A,N/A,N/A,,,0
1759293565,eth1,110,Ethernet,IPv6,ICMP,N/A,v6,fe80::a824:52ff:fe4f:69,ff02::179,N/A,N/A,N/A,N/A,N/A,N/A,,,0
1759293565,any,112,N/A,IPv6,ICMP,N/A,v6,fe80::a824:52ff:fe4f:69,ff02::179,N/A,N/A,N/A,N/A,N/A,N/A,,,0
1759293565,eth0,110,Ethernet,IPv6,ICMP,N/A,v6,fe80::5ca9:83ff:fe87:27,ff02::179,N/A,N/A,N/A,N/A,N/A,N/A,,,0
1759293565,eth0,54,Ethernet,IPv4,N/A,N/A,v4,172.30.0.220,224.0.0.22,N/A,N/A,N/A,N/A,N/A,N/A,,,0
1759293565,eth0,70,Ethernet,IPv6,ICMP,N/A,v6,fe80::24f1:23ff:fe29:66,ff02::204,N/A,N/A,N/A,N/A,N/A,N/A,,,1
1759293565,eth1,70,Ethernet,IPv6,ICMP,N/A,v6,fe80::7827:e3ff:fe68:239,ff02::204,N/A,N/A,N/A,N/A,N/A,N/A,,,1
1759293565,any,72,N/A,IPv6,ICMP,N/A,v6,fe80::7827:e3ff:fe68:239,ff02::204,N/A,N/A,N/A,N/A,N/A,N/A,,,1
1759293565,eth0,110,Ethernet,IPv6,ICMP,N/A,v6,fe80::24f1:23ff:fe29:66,ff02::179,N/A,N/A,N/A,N/A,N/A,N/A,,,1
1759293565,any,112,N/A,IPv6,ICMP,N/A,v6,fe80::24f1:23ff:fe29:66,ff02::179,N/A,N/A,N/A,N/A,N/A,N/A,,,1
1759293565,eth0,54,Ethernet,IPv4,N/A,N/A,v4,172.30.0.23,224.0.0.22,N/A,N/A,N/A,N/A,N/A,N/A,,,1
1759293565,any,56,N/A,IPv4,N/A,N/A,v4,172.30.0.23,224.0.0.22,N/A,N/A,N/A,N/A,N/A,N/A,,,1
1759293565,eth1,110,Ethernet,IPv6,ICMP,N/A,v6,fe80::7827:e3ff:fe68:239,ff02::179,N/A,N/A,N/A,N/A,N/A,N/A,,,1
1759293565,any,112,N/A,IPv6,ICMP,N/A,v6,fe80::7827:e3ff:fe68:239,ff02::179,N/A,N/A,N/A,N/A,N/A,N/A,,,1
1759293565,any,72,N/A,IPv6,ICMP,N/A,v6,fe80::ecf9:eff:fefb:55,ff02::204,N/A,N/A,N/A,N/A,N/A,N/A,,,1
1759293565,eth0,70,Ethernet,IPv6,ICMP,N/A,v6,fe80::ecf9:eff:fefb:55,ff02::204,N/A,N/A,N/A,N/A,N/A,N/A,,,1
1759293565,eth1,70,Ethernet,IPv6,ICMP,N/A,v6,fe80::103b:bdff:fef0:169,ff02::204,N/A,N/A,N/A,N/A,N/A,N/A,,,1
1759293565,eth0,56,Ethernet,IPv4,N/A,N/A,v4,172.30.0.89,224.0.0.22,N/A,N/A,N/A,N/A,N/A,N/A,,,1
1759293565,any,58,N/A,IPv4,N/A,N/A,v4,172.30.0.89,224.0.0.22,N/A,N/A,N/A,N/A,N/A,N/A,,,1
1759293565,eth0,111,Ethernet,N/A,N/A,N/A,N/A,N/A,N/A,N/A,N/A,N/A,N/A,N/A,N/A,,,1
1759293565,any,113,N/A,N/A,N/A,N/A,N/A,N/A,N/A,N/A,N/A,N/A,N/A,N/A,N/A,,,1
1759293565,eth0,42,Ethernet,N/A,N/A,N/A,N/A,N/A,N/A,N/A,N/A,N/A,N/A,N/A,N/A,,,0
1759293565,eth0,56,Ethernet,N/A,N/A,N/A,N/A,N/A,N/A,N/A,N/A,N/A,N/A,N/A,N/A,,,0
1759293565,eth0,56,Ethernet,N/A,N/A,N/A,N/A,N/A,N/A,N/A,N/A,N/A,N/A,N/A,N/A,,,0
1759293565,any,112,N/A,IPv6,ICMP,N/A,v6,fe80::5ca9:83ff:fe87:27,ff02::179,N/A,N/A,N/A,N/A,N/A,N/A,,,0
1759293565,any,44,ARP,N/A,N/A,N/A,N/A,N/A,N/A,N/A,N/A,1,2048,172.30.0.220,172.30.0.122,,,0
1759293565,any,58,ARP,N/A,N/A,N/A,N/A,N/A,N/A,N/A,N/A,2,2048,172.30.0.122,172.30.0.220,,,0
1759293565,any,58,ARP,N/A,N/A,N/A,N/A,N/A,N/A,N/A,N/A,2,2048,172.30.0.122,172.30.0.220,,,0
1759293565,eth0,54,Ethernet,IPv4,N/A,N/A,v4,172.30.0.220,224.0.0.22,N/A,N/A,N/A,N/A,N/A,N/A,,,0
1759293565,any,56,N/A,IPv4,N/A,N/A,v4,172.30.0.220,224.0.0.22,N/A,N/A,N/A,N/A,N/A,N/A,,,0
1759293565,eth0,110,Ethernet,IPv6,ICMP,N/A,v6,fe80::5ca9:83ff:fe87:27,ff02::179,N/A,N/A,N/A,N/A,N/A,N/A,,,0
1759293565,any,112,N/A,IPv6,ICMP,N/A,v6,fe80::5ca9:83ff:fe87:27,ff02::179,N/A,N/A,N/A,N/A,N/A,N/A,,,0
1759293566,eth0,111,Ethernet,N/A,N/A,N/A,N/A,N/A,N/A,N/A,N/A,N/A,N/A,N/A,N/A,,,1
1759293566,any,113,N/A,N/A,N/A,N/A,N/A,N/A,N/A,N/A,N/A,N/A,N/A,N/A,N/A,,,1
1759293566,eth1,110,Ethernet,IPv6,ICMP,N/A,v6,fe80::a824:52ff:fe4f:69,ff02::179,N/A,N/A,N/A,N/A,N/A,N/A,,,0
1759293566,any,112,N/A,IPv6,ICMP,N/A,v6,fe80::a824:52ff:fe4f:69,ff02::179,N/A,N/A,N/A,N/A,N/A,N/A,,,0
1759293566,eth1,70,Ethernet,IPv6,ICMP,N/A,v6,fe80::a824:52ff:fe4f:69,ff02::204,N/A,N/A,N/A,N/A,N/A,N/A,,,0
1759293566,any,72,N/A,IPv6,ICMP,N/A,v6,fe80::a824:52ff:fe4f:69,ff02::204,N/A,N/A,N/A,N/A,N/A,N/A,,,0
1759293566,eth0,107,Ethernet,N/A,N/A,N/A,N/A,N/A,N/A,N/A,N/A,N/A,N/A,N/A,N/A,,,0
1759293566,eth0,70,Ethernet,IPv6,ICMP,N/A,v6,fe80::5ca9:83ff:fe87:27,ff02::204,N/A,N/A,N/A,N/A,N/A,N/A,,,0
1759293566,any,109,N/A,N/A,N/A,N/A,N/A,N/A,N/A,N/A,N/A,N/A,N/A,N/A,N/A,,,0
1759293567,eth0,90,Ethernet,IPv6,ICMP,N/A,v6,fe80::b0b5:44ff:feea:219,ff02::179,N/A,N/A,N/A,N/A,N/A,N/A,,,1
1759293567,eth0,54,Ethernet,IPv4,N/A,N/A,v4,172.30.0.163,224.0.0.22,N/A,N/A,N/A,N/A,N/A,N/A,,,1
1759293567,any,92,N/A,IPv6,ICMP,N/A,v6,fe80::b0b5:44ff:feea:219,ff02::179,N/A,N/A,N/A,N/A,N/A,N/A,,,1
1759293567,any,90,N/A,IPv6,UDP,N/A,v6,fe80::b0b5:44ff:feea:219,ff02::1:52,5355,5355,N/A,N/A,N/A,N/A,,,1
1759293567,eth0,88,Ethernet,IPv6,UDP,N/A,v6,fe80::b0b5:44ff:feea:219,ff02::1:52,5355,5355,N/A,N/A,N/A,N/A,,,1
1759293567,any,359,N/A,IPv4,UDP,N/A,v4,0.0.0.0,255.255.255.255,68,67,N/A,N/A,N/A,N/A,,,1
1759293567,eth0,357,Ethernet,IPv4,UDP,N/A,v4,0.0.0.0,255.255.255.255,68,67,N/A,N/A,N/A,N/A,,,1
1759293567,any,371,N/A,IPv4,UDP,N/A,v4,0.0.0.0,255.255.255.255,68,67,N/A,N/A,N/A,N/A,,,1
1759293567,eth0,369,Ethernet,IPv4,UDP,N/A,v4,0.0.0.0,255.255.255.255,68,67,N/A,N/A,N/A,N/A,,,1
1759293567,any,112,N/A,IPv6,ICMP,N/A,v6,fe80::780a:a9ff:fee6:89,ff02::179,N/A,N/A,N/A,N/A,N/A,N/A,,,1
1759293567,eth1,110,Ethernet,IPv6,ICMP,N/A,v6,fe80::780a:a9ff:fee6:89,ff02::179,N/A,N/A,N/A,N/A,N/A,N/A,,,1
1759293567,any,112,N/A,IPv6,ICMP,N/A,v6,fe80::b0b5:44ff:feea:219,ff02::179,N/A,N/A,N/A,N/A,N/A,N/A,,,1
1759293567,eth0,110,Ethernet,IPv6,ICMP,N/A,v6,fe80::b0b5:44ff:feea:219,ff02::179,N/A,N/A,N/A,N/A,N/A,N/A,,,1
1759293567,eth0,54,Ethernet,IPv4,N/A,N/A,v4,172.30.0.163,224.0.0.22,N/A,N/A,N/A,N/A,N/A,N/A,,,1
1759293567,eth0,111,Ethernet,N/A,N/A,N/A,N/A,N/A,N/A,N/A,N/A,N/A,N/A,N/A,N/A,,,1
1759293567,any,113,N/A,N/A,N/A,N/A,N/A,N/A,N/A,N/A,N/A,N/A,N/A,N/A,N/A,,,1
1759293567,eth0,107,Ethernet,N/A,N/A,N/A,N/A,N/A,N/A,N/A,N/A,N/A,N/A,N/A,N/A,,,0
1759293567,any,109,N/A,N/A,N/A,N/A,N/A,N/A,N/A,N/A,N/A,N/A,N/A,N/A,N/A,,,0
1759293568,any,44,ARP,N/A,N/A,N/A,N/A,N/A,N/A,N/A,N/A,1,2048,172.30.0.163,172.30.0.122,,,1
1759293568,eth0,42,Ethernet,N/A,N/A,N/A,N/A,N/A,N/A,N/A,N/A,N/A,N/A,N/A,N/A,,,1
1759293568,eth1,70,Ethernet,IPv6,ICMP,N/A,v6,fe80::780a:a9ff:fee6:89,ff02::204,N/A,N/A,N/A,N/A,N/A,N/A,,,1
1759293568,eth0,70,Ethernet,IPv6,ICMP,N/A,v6,fe80::b0b5:44ff:feea:219,ff02::204,N/A,N/A,N/A,N/A,N/A,N/A,,,1
1759293568,any,72,N/A,IPv6,ICMP,N/A,v6,fe80::b0b5:44ff:feea:219,ff02::204,N/A,N/A,N/A,N/A,N/A,N/A,,,1
1759293568,any,72,N/A,IPv6,ICMP,N/A,v6,fe80::780a:a9ff:fee6:89,ff02::204,N/A,N/A,N/A,N/A,N/A,N/A,,,1
1759293568,any,72,N/A,IPv6,ICMP,N/A,v6,fe80::e48e:99ff:fe5f:147,ff02::204,N/A,N/A,N/A,N/A,N/A,N/A,,,1
1759293568,eth0,70,Ethernet,IPv6,ICMP,N/A,v6,fe80::e48e:99ff:fe5f:147,ff02::204,N/A,N/A,N/A,N/A,N/A,N/A,,,1
1759293568,any,92,N/A,IPv6,ICMP,N/A,v6,fe80::24f1:23ff:fe29:66,ff02::179,N/A,N/A,N/A,N/A,N/A,N/A,,,1
1759293568,eth0,90,Ethernet,IPv6,ICMP,N/A,v6,fe80::24f1:23ff:fe29:66,ff02::179,N/A,N/A,N/A,N/A,N/A,N/A,,,1
1759293568,eth0,54,Ethernet,IPv4,N/A,N/A,v4,172.30.0.23,224.0.0.22,N/A,N/A,N/A,N/A,N/A,N/A,,,1
1759293568,any,69,N/A,IPv4,UDP,N/A,v4,172.30.0.23,224.0.0.252,5355,5355,N/A,N/A,N/A,N/A,,,1
1759293568,eth0,67,Ethernet,IPv4,UDP,N/A,v4,172.30.0.23,224.0.0.252,5355,5355,N/A,N/A,N/A,N/A,,,1
1759293568,eth0,356,Ethernet,IPv4,UDP,N/A,v4,0.0.0.0,255.255.255.255,68,67,N/A,N/A,N/A,N/A,,,1
1759293568,eth0,368,Ethernet,IPv4,UDP,N/A,v4,0.0.0.0,255.255.255.255,68,67,N/A,N/A,N/A,N/A,,,1
1759293568,any,358,N/A,IPv4,UDP,N/A,v4,0.0.0.0,255.255.255.255,68,67,N/A,N/A,N/A,N/A,,,1
1759293568,any,370,N/A,IPv4,UDP,N/A,v4,0.0.0.0,255.255.255.255,68,67,N/A,N/A,N/A,N/A,,,1
1759293568,any,112,N/A,IPv6,ICMP,N/A,v6,fe80::7827:e3ff:fe68:239,ff02::179,N/A,N/A,N/A,N/A,N/A,N/A,,,1
1759293568,eth1,110,Ethernet,IPv6,ICMP,N/A,v6,fe80::7827:e3ff:fe68:239,ff02::179,N/A,N/A,N/A,N/A,N/A,N/A,,,1
1759293568,any,112,N/A,IPv6,ICMP,N/A,v6,fe80::24f1:23ff:fe29:66,ff02::179,N/A,N/A,N/A,N/A,N/A,N/A,,,1
1759293568,eth0,110,Ethernet,IPv6,ICMP,N/A,v6,fe80::24f1:23ff:fe29:66,ff02::179,N/A,N/A,N/A,N/A,N/A,N/A,,,1
1759293568,eth0,54,Ethernet,IPv4,N/A,N/A,v4,172.30.0.23,224.0.0.22,N/A,N/A,N/A,N/A,N/A,N/A,,,1
1759293568,eth0,42,Ethernet,N/A,N/A,N/A,N/A,N/A,N/A,N/A,N/A,N/A,N/A,N/A,N/A,,,1
1759293568,any,72,N/A,IPv6,ICMP,N/A,v6,fe80::f056:abff:fe65:143,ff02::204,N/A,N/A,N/A,N/A,N/A,N/A,,,1
1759293568,eth1,70,Ethernet,IPv6,ICMP,N/A,v6,fe80::f056:abff:fe65:143,ff02::204,N/A,N/A,N/A,N/A,N/A,N/A,,,1
1759293568,any,112,N/A,IPv6,ICMP,N/A,v6,fe80::780a:a9ff:fee6:89,ff02::179,N/A,N/A,N/A,N/A,N/A,N/A,,,1
1759293568,eth1,110,Ethernet,IPv6,ICMP,N/A,v6,fe80::780a:a9ff:fee6:89,ff02::179,N/A,N/A,N/A,N/A,N/A,N/A,,,1
1759293568,eth0,110,Ethernet,IPv6,ICMP,N/A,v6,fe80::b0b5:44ff:feea:219,ff02::179,N/A,N/A,N/A,N/A,N/A,N/A,,,1
1759293568,eth0,54,Ethernet,IPv4,N/A,N/A,v4,172.30.0.163,224.0.0.22,N/A,N/A,N/A,N/A,N/A,N/A,,,1
1759293568,eth0,54,Ethernet,IPv4,N/A,N/A,v4,172.30.0.23,224.0.0.22,N/A,N/A,N/A,N/A,N/A,N/A,,,1
1759293568,any,56,N/A,IPv4,N/A,N/A,v4,172.30.0.23,224.0.0.22,N/A,N/A,N/A,N/A,N/A,N/A,,,1
1759293568,eth0,90,Ethernet,IPv6,ICMP,N/A,v6,fe80::e48e:99ff:fe5f:147,ff02::179,N/A,N/A,N/A,N/A,N/A,N/A,,,1
1759293568,eth0,54,Ethernet,IPv4,N/A,N/A,v4,172.30.0.220,224.0.0.22,N/A,N/A,N/A,N/A,N/A,N/A,,,1
1759293568,any,92,N/A,IPv6,ICMP,N/A,v6,fe80::e48e:99ff:fe5f:147,ff02::179,N/A,N/A,N/A,N/A,N/A,N/A,,,1
1759293568,eth0,91,Ethernet,IPv6,UDP,N/A,v6,fe80::e48e:99ff:fe5f:147,ff02::1:52,5355,5355,N/A,N/A,N/A,N/A,,,1
1759293568,any,93,N/A,IPv6,UDP,N/A,v6,fe80::e48e:99ff:fe5f:147,ff02::1:52,5355,5355,N/A,N/A,N/A,N/A,,,1
1759293568,eth0,360,Ethernet,IPv4,UDP,N/A,v4,0.0.0.0,255.255.255.255,68,67,N/A,N/A,N/A,N/A,,,1
1759293568,any,362,N/A,IPv4,UDP,N/A,v4,0.0.0.0,255.255.255.255,68,67,N/A,N/A,N/A,N/A,,,1
1759293568,eth0,372,Ethernet,IPv4,UDP,N/A,v4,0.0.0.0,255.255.255.255,68,67,N/A,N/A,N/A,N/A,,,1
1759293568,eth2,110,Ethernet,IPv6,ICMP,N/A,v6,fe80::dcac:f9ff:fe59:60,ff02::179,N/A,N/A,N/A,N/A,N/A,N/A,,,1
1759293568,eth1,110,Ethernet,IPv6,ICMP,N/A,v6,fe80::f056:abff:fe65:143,ff02::179,N/A,N/A,N/A,N/A,N/A,N/A,,,1
1759293569,any,374,N/A,IPv4,UDP,N/A,v4,0.0.0.0,255.255.255.255,68,67,N/A,N/A,N/A,N/A,,,1
1759293569,any,112,N/A,IPv6,ICMP,N/A,v6,fe80::f056:abff:fe65:143,ff02::179,N/A,N/A,N/A,N/A,N/A,N/A,,,1
1759293569,any,112,N/A,IPv6,ICMP,N/A,v6,fe80::e48e:99ff:fe5f:147,ff02::179,N/A,N/A,N/A,N/A,N/A,N/A,,,1
1759293569,any,44,ARP,N/A,N/A,N/A,N/A,N/A,N/A,N/A,N/A,1,2048,172.30.0.220,172.30.0.122,,,1
1759293569,any,58,ARP,N/A,N/A,N/A,N/A,N/A,N/A,N/A,N/A,2,2048,172.30.0.122,172.30.0.220,,,1
1759293569,any,72,N/A,IPv6,ICMP,N/A,v6,fe80::24f1:23ff:fe29:66,ff02::204,N/A,N/A,N/A,N/A,N/A,N/A,,,1
1759293569,any,72,N/A,IPv6,ICMP,N/A,v6,fe80::7827:e3ff:fe68:239,ff02::204,N/A,N/A,N/A,N/A,N/A,N/A,,,1
1759293569,eth0,110,Ethernet,IPv6,ICMP,N/A,v6,fe80::e48e:99ff:fe5f:147,ff02::179,N/A,N/A,N/A,N/A,N/A,N/A,,,1
1759293569,eth0,54,Ethernet,IPv4,N/A,N/A,v4,172.30.0.220,224.0.0.22,N/A,N/A,N/A,N/A,N/A,N/A,,,1
1759293569,eth0,42,Ethernet,N/A,N/A,N/A,N/A,N/A,N/A,N/A,N/A,N/A,N/A,N/A,N/A,,,1
1759293569,eth0,56,Ethernet,N/A,N/A,N/A,N/A,N/A,N/A,N/A,N/A,N/A,N/A,N/A,N/A,,,1
1759293569,eth0,56,Ethernet,N/A,N/A,N/A,N/A,N/A,N/A,N/A,N/A,N/A,N/A,N/A,N/A,,,1
1759293569,eth0,70,Ethernet,IPv6,ICMP,N/A,v6,fe80::24f1:23ff:fe29:66,ff02::204,N/A,N/A,N/A,N/A,N/A,N/A,,,1
1759293569,eth1,70,Ethernet,IPv6,ICMP,N/A,v6,fe80::7827:e3ff:fe68:239,ff02::204,N/A,N/A,N/A,N/A,N/A,N/A,,,1
1759293569,eth0,110,Ethernet,IPv6,ICMP,N/A,v6,fe80::24f1:23ff:fe29:66,ff02::179,N/A,N/A,N/A,N/A,N/A,N/A,,,1
1759293569,any,112,N/A,IPv6,ICMP,N/A,v6,fe80::24f1:23ff:fe29:66,ff02::179,N/A,N/A,N/A,N/A,N/A,N/A,,,1
1759293569,any,72,N/A,IPv6,ICMP,N/A,v6,fe80::ecf9:eff:fefb:55,ff02::204,N/A,N/A,N/A,N/A,N/A,N/A,,,1
1759293569,eth0,70,Ethernet,IPv6,ICMP,N/A,v6,fe80::ecf9:eff:fefb:55,ff02::204,N/A,N/A,N/A,N/A,N/A,N/A,,,1
1759293569,any,112,N/A,IPv6,ICMP,N/A,v6,fe80::7827:e3ff:fe68:239,ff02::179,N/A,N/A,N/A,N/A,N/A,N/A,,,1
1759293569,eth1,110,Ethernet,IPv6,ICMP,N/A,v6,fe80::7827:e3ff:fe68:239,ff02::179,N/A,N/A,N/A,N/A,N/A,N/A,,,1
1759293569,any,72,N/A,IPv6,ICMP,N/A,v6,fe80::103b:bdff:fef0:169,ff02::204,N/A,N/A,N/A,N/A,N/A,N/A,,,1
1759293569,eth1,70,Ethernet,IPv6,ICMP,N/A,v6,fe80::103b:bdff:fef0:169,ff02::204,N/A,N/A,N/A,N/A,N/A,N/A,,,1
1759293569,eth0,54,Ethernet,IPv4,N/A,N/A,v4,172.30.0.220,224.0.0.22,N/A,N/A,N/A,N/A,N/A,N/A,,,1
1759293569,any,56,N/A,IPv4,N/A,N/A,v4,172.30.0.220,224.0.0.22,N/A,N/A,N/A,N/A,N/A,N/A,,,1
1759293569,any,72,N/A,IPv6,ICMP,N/A,v6,fe80::dcac:f9ff:fe59:60,ff02::204,N/A,N/A,N/A,N/A,N/A,N/A,,,1
1759293569,eth2,70,Ethernet,IPv6,ICMP,N/A,v6,fe80::dcac:f9ff:fe59:60,ff02::204,N/A,N/A,N/A,N/A,N/A,N/A,,,1
1759293569,eth1,70,Ethernet,IPv6,ICMP,N/A,v6,fe80::f056:abff:fe65:143,ff02::204,N/A,N/A,N/A,N/A,N/A,N/A,,,1
1759293569,eth0,70,Ethernet,IPv6,ICMP,N/A,v6,fe80::e48e:99ff:fe5f:147,ff02::204,N/A,N/A,N/A,N/A,N/A,N/A,,,1
1759293569,any,112,N/A,IPv6,ICMP,N/A,v6,fe80::dcac:f9ff:fe59:60,ff02::179,N/A,N/A,N/A,N/A,N/A,N/A,,,1
1759293569,eth2,110,Ethernet,IPv6,ICMP,N/A,v6,fe80::dcac:f9ff:fe59:60,ff02::179,N/A,N/A,N/A,N/A,N/A,N/A,,,1
1759293569,any,112,N/A,IPv6,ICMP,N/A,v6,fe80::e48e:99ff:fe5f:147,ff02::179,N/A,N/A,N/A,N/A,N/A,N/A,,,1
1759293569,eth0,110,Ethernet,IPv6,ICMP,N/A,v6,fe80::e48e:99ff:fe5f:147,ff02::179,N/A,N/A,N/A,N/A,N/A,N/A,,,1
1759293569,eth1,110,Ethernet,IPv6,ICMP,N/A,v6,fe80::f056:abff:fe65:143,ff02::179,N/A,N/A,N/A,N/A,N/A,N/A,,,1
1759293569,any,112,N/A,IPv6,ICMP,N/A,v6,fe80::f056:abff:fe65:143,ff02::179,N/A,N/A,N/A,N/A,N/A,N/A,,,1
1759293569,eth0,90,Ethernet,IPv6,ICMP,N/A,v6,fe80::ecf9:eff:fefb:55,ff02::179,N/A,N/A,N/A,N/A,N/A,N/A,,,1
1759293569,eth0,56,Ethernet,IPv4,N/A,N/A,v4,172.30.0.89,224.0.0.22,N/A,N/A,N/A,N/A,N/A,N/A,,,1
1759293569,any,92,N/A,IPv6,ICMP,N/A,v6,fe80::ecf9:eff:fefb:55,ff02::179,N/A,N/A,N/A,N/A,N/A,N/A,,,1
1759293569,any,58,N/A,IPv4,N/A,N/A,v4,172.30.0.89,224.0.0.22,N/A,N/A,N/A,N/A,N/A,N/A,,,1
1759293569,eth0,87,Ethernet,IPv6,UDP,N/A,v6,fe80::ecf9:eff:fefb:55,ff02::1:52,5355,5355,N/A,N/A,N/A,N/A,,,1
1759293569,eth0,67,Ethernet,IPv4,UDP,N/A,v4,172.30.0.89,224.0.0.252,5355,5355,N/A,N/A,N/A,N/A,,,1
1759293569,any,89,N/A,IPv6,UDP,N/A,v6,fe80::ecf9:eff:fefb:55,ff02::1:52,5355,5355,N/A,N/A,N/A,N/A,,,1
1759293569,eth0,356,Ethernet,IPv4,UDP,N/A,v4,0.0.0.0,255.255.255.255,68,67,N/A,N/A,N/A,N/A,,,1
1759293569,any,358,N/A,IPv4,UDP,N/A,v4,0.0.0.0,255.255.255.255,68,67,N/A,N/A,N/A,N/A,,,1
1759293569,eth0,368,Ethernet,IPv4,UDP,N/A,v4,0.0.0.0,255.255.255.255,68,67,N/A,N/A,N/A,N/A,,,1
1759293569,any,370,N/A,IPv4,UDP,N/A,v4,0.0.0.0,255.255.255.255,68,67,N/A,N/A,N/A,N/A,,,1
1759293569,eth0,111,Ethernet,N/A,N/A,N/A,N/A,N/A,N/A,N/A,N/A,N/A,N/A,N/A,N/A,,,1
1759293569,any,113,N/A,N/A,N/A,N/A,N/A,N/A,N/A,N/A,N/A,N/A,N/A,N/A,N/A,,,1
1759293569,eth0,107,Ethernet,N/A,N/A,N/A,N/A,N/A,N/A,N/A,N/A,N/A,N/A,N/A,N/A,,,0
1759293569,any,109,N/A,N/A,N/A,N/A,N/A,N/A,N/A,N/A,N/A,N/A,N/A,N/A,N/A,,,0
1759293569,any,112,N/A,IPv6,ICMP,N/A,v6,fe80::103b:bdff:fef0:169,ff02::179,N/A,N/A,N/A,N/A,N/A,N/A,,,1
1759293569,any,58,N/A,IPv4,N/A,N/A,v4,172.30.0.89,224.0.0.22,N/A,N/A,N/A,N/A,N/A,N/A,,,1
1759293569,eth1,110,Ethernet,IPv6,ICMP,N/A,v6,fe80::103b:bdff:fef0:169,ff02::179,N/A,N/A,N/A,N/A,N/A,N/A,,,1
1759293569,eth0,56,Ethernet,IPv4,N/A,N/A,v4,172.30.0.89,224.0.0.22,N/A,N/A,N/A,N/A,N/A,N/A,,,1
1759293569,any,112,N/A,IPv6,ICMP,N/A,v6,fe80::ecf9:eff:fefb:55,ff02::179,N/A,N/A,N/A,N/A,N/A,N/A,,,1
1759293569,eth0,110,Ethernet,IPv6,ICMP,N/A,v6,fe80::ecf9:eff:fefb:55,ff02::179,N/A,N/A,N/A,N/A,N/A,N/A,,,1
1759293569,any,58,ARP,N/A,N/A,N/A,N/A,N/A,N/A,N/A,N/A,1,2048,172.30.0.89,172.30.0.122,,,1
1759293569,eth0,56,Ethernet,N/A,N/A,N/A,N/A,N/A,N/A,N/A,N/A,N/A,N/A,N/A,N/A,,,1
1759293569,any,112,N/A,IPv6,ICMP,N/A,v6,fe80::ecf9:eff:fefb:55,ff02::179,N/A,N/A,N/A,N/A,N/A,N/A,,,1
1759293569,eth0,110,Ethernet,IPv6,ICMP,N/A,v6,fe80::ecf9:eff:fefb:55,ff02::179,N/A,N/A,N/A,N/A,N/A,N/A,,,1
1759293570,eth0,107,Ethernet,N/A,N/A,N/A,N/A,N/A,N/A,N/A,N/A,N/A,N/A,N/A,N/A,,,0
1759293570,any,109,N/A,N/A,N/A,N/A,N/A,N/A,N/A,N/A,N/A,N/A,N/A,N/A,N/A,,,0
1759293570,eth1,70,Ethernet,IPv6,ICMP,N/A,v6,fe80::a824:52ff:fe4f:69,ff02::204,N/A,N/A,N/A,N/A,N/A,N/A,,,0
1759293570,any,72,N/A,IPv6,ICMP,N/A,v6,fe80::a824:52ff:fe4f:69,ff02::204,N/A,N/A,N/A,N/A,N/A,N/A,,,0
1759293570,eth0,90,Ethernet,IPv6,ICMP,N/A,v6,fe80::5ca9:83ff:fe87:27,ff02::179,N/A,N/A,N/A,N/A,N/A,N/A,,,0
1759293570,eth0,54,Ethernet,IPv4,N/A,N/A,v4,172.30.0.220,224.0.0.22,N/A,N/A,N/A,N/A,N/A,N/A,,,0
1759293570,any,92,N/A,IPv6,ICMP,N/A,v6,fe80::5ca9:83ff:fe87:27,ff02::179,N/A,N/A,N/A,N/A,N/A,N/A,,,0
1759293570,eth0,87,Ethernet,IPv6,UDP,N/A,v6,fe80::5ca9:83ff:fe87:27,ff02::1:52,5355,5355,N/A,N/A,N/A,N/A,,,0
1759293570,any,89,N/A,IPv6,UDP,N/A,v6,fe80::5ca9:83ff:fe87:27,ff02::1:52,5355,5355,N/A,N/A,N/A,N/A,,,0
1759293570,eth0,67,Ethernet,IPv4,UDP,N/A,v4,172.30.0.220,224.0.0.252,5355,5355,N/A,N/A,N/A,N/A,,,0
1759293570,any,69,N/A,IPv4,UDP,N/A,v4,172.30.0.220,224.0.0.252,5355,5355,N/A,N/A,N/A,N/A,,,0
1759293570,eth0,356,Ethernet,IPv4,UDP,N/A,v4,0.0.0.0,255.255.255.255,68,67,N/A,N/A,N/A,N/A,,,0
1759293570,any,358,N/A,IPv4,UDP,N/A,v4,0.0.0.0,255.255.255.255,68,67,N/A,N/A,N/A,N/A,,,0
1759293570,eth0,368,Ethernet,IPv4,UDP,N/A,v4,0.0.0.0,255.255.255.255,68,67,N/A,N/A,N/A,N/A,,,0
1759293570,any,370,N/A,IPv4,UDP,N/A,v4,0.0.0.0,255.255.255.255,68,67,N/A,N/A,N/A,N/A,,,0
1759293570,eth1,110,Ethernet,IPv6,ICMP,N/A,v6,fe80::a824:52ff:fe4f:69,ff02::179,N/A,N/A,N/A,N/A,N/A,N/A,,,0
1759293570,any,112,N/A,IPv6,ICMP,N/A,v6,fe80::a824:52ff:fe4f:69,ff02::179,N/A,N/A,N/A,N/A,N/A,N/A,,,0
1759293570,eth0,110,Ethernet,IPv6,ICMP,N/A,v6,fe80::5ca9:83ff:fe87:27,ff02::179,N/A,N/A,N/A,N/A,N/A,N/A,,,0
1759293570,eth0,54,Ethernet,IPv4,N/A,N/A,v4,172.30.0.220,224.0.0.22,N/A,N/A,N/A,N/A,N/A,N/A,,,0
1759293570,any,112,N/A,IPv6,ICMP,N/A,v6,fe80::5ca9:83ff:fe87:27,ff02::179,N/A,N/A,N/A,N/A,N/A,N/A,,,0
1759293570,eth0,42,Ethernet,N/A,N/A,N/A,N/A,N/A,N/A,N/A,N/A,N/A,N/A,N/A,N/A,,,0
1759293570,eth0,56,Ethernet,N/A,N/A,N/A,N/A,N/A,N/A,N/A,N/A,N/A,N/A,N/A,N/A,,,0
1759293570,eth0,56,Ethernet,N/A,N/A,N/A,N/A,N/A,N/A,N/A,N/A,N/A,N/A,N/A,N/A,,,0
1759293570,any,44,ARP,N/A,N/A,N/A,N/A,N/A,N/A,N/A,N/A,1,2048,172.30.0.220,172.30.0.122,,,0
1759293570,any,58,ARP,N/A,N/A,N/A,N/A,N/A,N/A,N/A,N/A,2,2048,172.30.0.122,172.30.0.220,,,0
1759293570,eth1,110,Ethernet,IPv6,ICMP,N/A,v6,fe80::a824:52ff:fe4f:69,ff02::179,N/A,N/A,N/A,N/A,N/A,N/A,,,0
1759293570,any,112,N/A,IPv6,ICMP,N/A,v6,fe80::a824:52ff:fe4f:69,ff02::179,N/A,N/A,N/A,N/A,N/A,N/A,,,0
1759293570,eth0,110,Ethernet,IPv6,ICMP,N/A,v6,fe80::5ca9:83ff:fe87:27,ff02::179,N/A,N/A,N/A,N/A,N/A,N/A,,,0
1759293570,any,112,N/A,IPv6,ICMP,N/A,v6,fe80::103b:bdff:fef0:169,ff02::179,N/A,N/A,N/A,N/A,N/A,N/A,,,1
1759293570,eth1,110,Ethernet,IPv6,ICMP,N/A,v6,fe80::103b:bdff:fef0:169,ff02::179,N/A,N/A,N/A,N/A,N/A,N/A,,,1
1759293570,eth0,56,Ethernet,IPv4,N/A,N/A,v4,172.30.0.89,224.0.0.22,N/A,N/A,N/A,N/A,N/A,N/A,,,1
1759293570,any,58,N/A,IPv4,N/A,N/A,v4,172.30.0.89,224.0.0.22,N/A,N/A,N/A,N/A,N/A,N/A,,,1
1759293570,eth1,70,Ethernet,IPv6,ICMP,N/A,v6,fe80::103b:bdff:fef0:169,ff02::204,N/A,N/A,N/A,N/A,N/A,N/A,,,1
1759293570,any,72,N/A,IPv6,ICMP,N/A,v6,fe80::ecf9:eff:fefb:55,ff02::204,N/A,N/A,N/A,N/A,N/A,N/A,,,1
1759293570,any,72,N/A,IPv6,ICMP,N/A,v6,fe80::103b:bdff:fef0:169,ff02::204,N/A,N/A,N/A,N/A,N/A,N/A,,,1
1759293570,eth0,70,Ethernet,IPv6,ICMP,N/A,v6,fe80::ecf9:eff:fefb:55,ff02::204,N/A,N/A,N/A,N/A,N/A,N/A,,,1
1759293570,any,112,N/A,IPv6,ICMP,N/A,v6,fe80::5ca9:83ff:fe87:27,ff02::179,N/A,N/A,N/A,N/A,N/A,N/A,,,0
1759293571,any,113,N/A,N/A,N/A,N/A,N/A,N/A,N/A,N/A,N/A,N/A,N/A,N/A,N/A,,,1
1759293571,eth0,111,Ethernet,N/A,N/A,N/A,N/A,N/A,N/A,N/A,N/A,N/A,N/A,N/A,N/A,,,1
1759293571,eth0,54,Ethernet,IPv4,N/A,N/A,v4,172.30.0.220,224.0.0.22,N/A,N/A,N/A,N/A,N/A,N/A,,,0
1759293571,any,56,N/A,IPv4,N/A,N/A,v4,172.30.0.220,224.0.0.22,N/A,N/A,N/A,N/A,N/A,N/A,,,0
1759293571,eth0,107,Ethernet,N/A,N/A,N/A,N/A,N/A,N/A,N/A,N/A,N/A,N/A,N/A,N/A,,,0
1759293571,eth0,70,Ethernet,IPv6,ICMP,N/A,v6,fe80::5ca9:83ff:fe87:27,ff02::204,N/A,N/A,N/A,N/A,N/A,N/A,,,0
1759293571,any,72,N/A,IPv6,ICMP,N/A,v6,fe80::a824:52ff:fe4f:69,ff02::204,N/A,N/A,N/A,N/A,N/A,N/A,,,0
1759293571,eth1,70,Ethernet,IPv6,ICMP,N/A,v6,fe80::a824:52ff:fe4f:69,ff02::204,N/A,N/A,N/A,N/A,N/A,N/A,,,0
1759293572,eth0,70,Ethernet,IPv6,ICMP,N/A,v6,fe80::b0b5:44ff:feea:219,ff02::204,N/A,N/A,N/A,N/A,N/A,N/A,,,1
1759293572,any,72,N/A,IPv6,ICMP,N/A,v6,fe80::b0b5:44ff:feea:219,ff02::204,N/A,N/A,N/A,N/A,N/A,N/A,,,1
1759293572,any,113,N/A,N/A,N/A,N/A,N/A,N/A,N/A,N/A,N/A,N/A,N/A,N/A,N/A,,,1
1759293572,eth0,111,Ethernet,N/A,N/A,N/A,N/A,N/A,N/A,N/A,N/A,N/A,N/A,N/A,N/A,,,1
1759293572,any,72,N/A,IPv6,ICMP,N/A,v6,fe80::780a:a9ff:fee6:89,ff02::204,N/A,N/A,N/A,N/A,N/A,N/A,,,1
1759293572,eth1,70,Ethernet,IPv6,ICMP,N/A,v6,fe80::780a:a9ff:fee6:89,ff02::204,N/A,N/A,N/A,N/A,N/A,N/A,,,1
1759293572,any,72,N/A,IPv6,ICMP,N/A,v6,fe80::7827:e3ff:fe68:239,ff02::204,N/A,N/A,N/A,N/A,N/A,N/A,,,1
1759293572,eth1,70,Ethernet,IPv6,ICMP,N/A,v6,fe80::7827:e3ff:fe68:239,ff02::204,N/A,N/A,N/A,N/A,N/A,N/A,,,1
1759293572,eth0,90,Ethernet,IPv6,ICMP,N/A,v6,fe80::b0b5:44ff:feea:219,ff02::179,N/A,N/A,N/A,N/A,N/A,N/A,,,1
1759293572,eth0,54,Ethernet,IPv4,N/A,N/A,v4,172.30.0.163,224.0.0.22,N/A,N/A,N/A,N/A,N/A,N/A,,,1
1759293572,any,92,N/A,IPv6,ICMP,N/A,v6,fe80::b0b5:44ff:feea:219,ff02::179,N/A,N/A,N/A,N/A,N/A,N/A,,,1
1759293572,any,56,N/A,IPv4,N/A,N/A,v4,172.30.0.163,224.0.0.22,N/A,N/A,N/A,N/A,N/A,N/A,,,1
1759293572,any,72,N/A,IPv6,ICMP,N/A,v6,fe80::24f1:23ff:fe29:66,ff02::204,N/A,N/A,N/A,N/A,N/A,N/A,,,1
1759293572,eth0,70,Ethernet,IPv6,ICMP,N/A,v6,fe80::24f1:23ff:fe29:66,ff02::204,N/A,N/A,N/A,N/A,N/A,N/A,,,1
1759293572,any,90,N/A,IPv6,UDP,N/A,v6,fe80::b0b5:44ff:feea:219,ff02::1:52,5355,5355,N/A,N/A,N/A,N/A,,,1
1759293572,eth0,88,Ethernet,IPv6,UDP,N/A,v6,fe80::b0b5:44ff:feea:219,ff02::1:52,5355,5355,N/A,N/A,N/A,N/A,,,1
1759293572,eth0,357,Ethernet,IPv4,UDP,N/A,v4,0.0.0.0,255.255.255.255,68,67,N/A,N/A,N/A,N/A,,,1
1759293572,any,359,N/A,IPv4,UDP,N/A,v4,0.0.0.0,255.255.255.255,68,67,N/A,N/A,N/A,N/A,,,1
1759293572,any,371,N/A,IPv4,UDP,N/A,v4,0.0.0.0,255.255.255.255,68,67,N/A,N/A,N/A,N/A,,,1
1759293572,eth0,369,Ethernet,IPv4,UDP,N/A,v4,0.0.0.0,255.255.255.255,68,67,N/A,N/A,N/A,N/A,,,1
1759293572,any,112,N/A,IPv6,ICMP,N/A,v6,fe80::780a:a9ff:fee6:89,ff02::179,N/A,N/A,N/A,N/A,N/A,N/A,,,1
1759293572,eth1,110,Ethernet,IPv6,ICMP,N/A,v6,fe80::780a:a9ff:fee6:89,ff02::179,N/A,N/A,N/A,N/A,N/A,N/A,,,1
1759293572,any,112,N/A,IPv6,ICMP,N/A,v6,fe80::b0b5:44ff:feea:219,ff02::179,N/A,N/A,N/A,N/A,N/A,N/A,,,1
1759293572,eth0,110,Ethernet,IPv6,ICMP,N/A,v6,fe80::b0b5:44ff:feea:219,ff02::179,N/A,N/A,N/A,N/A,N/A,N/A,,,1
1759293572,eth0,54,Ethernet,IPv4,N/A,N/A,v4,172.30.0.163,224.0.0.22,N/A,N/A,N/A,N/A,N/A,N/A,,,1
1759293572,eth0,42,Ethernet,N/A,N/A,N/A,N/A,N/A,N/A,N/A,N/A,N/A,N/A,N/A,N/A,,,1
1759293572,any,44,ARP,N/A,N/A,N/A,N/A,N/A,N/A,N/A,N/A,1,2048,172.30.0.163,172.30.0.122,,,1
1759293572,eth0,90,Ethernet,IPv6,ICMP,N/A,v6,fe80::e48e:99ff:fe5f:147,ff02::179,N/A,N/A,N/A,N/A,N/A,N/A,,,1
1759293572,eth0,54,Ethernet,IPv4,N/A,N/A,v4,172.30.0.220,224.0.0.22,N/A,N/A,N/A,N/A,N/A,N/A,,,1
1759293572,any,92,N/A,IPv6,ICMP,N/A,v6,fe80::e48e:99ff:fe5f:147,ff02::179,N/A,N/A,N/A,N/A,N/A,N/A,,,1
1759293572,eth0,91,Ethernet,IPv6,UDP,N/A,v6,fe80::e48e:99ff:fe5f:147,ff02::1:52,5355,5355,N/A,N/A,N/A,N/A,,,1
1759293572,any,93,N/A,IPv6,UDP,N/A,v6,fe80::e48e:99ff:fe5f:147,ff02::1:52,5355,5355,N/A,N/A,N/A,N/A,,,1
1759293572,eth0,107,Ethernet,N/A,N/A,N/A,N/A,N/A,N/A,N/A,N/A,N/A,N/A,N/A,N/A,,,0
1759293572,any,109,N/A,N/A,N/A,N/A,N/A,N/A,N/A,N/A,N/A,N/A,N/A,N/A,N/A,,,0
1759293573,eth0,360,Ethernet,IPv4,UDP,N/A,v4,0.0.0.0,255.255.255.255,68,67,N/A,N/A,N/A,N/A,,,1
1759293573,any,362,N/A,IPv4,UDP,N/A,v4,0.0.0.0,255.255.255.255,68,67,N/A,N/A,N/A,N/A,,,1
1759293573,eth0,372,Ethernet,IPv4,UDP,N/A,v4,0.0.0.0,255.255.255.255,68,67,N/A,N/A,N/A,N/A,,,1
1759293573,any,374,N/A,IPv4,UDP,N/A,v4,0.0.0.0,255.255.255.255,68,67,N/A,N/A,N/A,N/A,,,1
1759293573,eth0,42,Ethernet,N/A,N/A,N/A,N/A,N/A,N/A,N/A,N/A,N/A,N/A,N/A,N/A,,,1
1759293573,any,112,N/A,IPv6,ICMP,N/A,v6,fe80::f056:abff:fe65:143,ff02::179,N/A,N/A,N/A,N/A,N/A,N/A,,,1
1759293573,eth1,110,Ethernet,IPv6,ICMP,N/A,v6,fe80::f056:abff:fe65:143,ff02::179,N/A,N/A,N/A,N/A,N/A,N/A,,,1
1759293573,eth2,110,Ethernet,IPv6,ICMP,N/A,v6,fe80::dcac:f9ff:fe59:60,ff02::179,N/A,N/A,N/A,N/A,N/A,N/A,,,1
1759293573,any,58,ARP,N/A,N/A,N/A,N/A,N/A,N/A,N/A,N/A,2,2048,172.30.0.122,172.30.0.220,,,1
1759293573,eth0,56,Ethernet,N/A,N/A,N/A,N/A,N/A,N/A,N/A,N/A,N/A,N/A,N/A,N/A,,,1
1759293573,eth0,56,Ethernet,N/A,N/A,N/A,N/A,N/A,N/A,N/A,N/A,N/A,N/A,N/A,N/A,,,1
1759293573,any,112,N/A,IPv6,ICMP,N/A,v6,fe80::e48e:99ff:fe5f:147,ff02::179,N/A,N/A,N/A,N/A,N/A,N/A,,,1
1759293573,eth0,110,Ethernet,IPv6,ICMP,N/A,v6,fe80::e48e:99ff:fe5f:147,ff02::179,N/A,N/A,N/A,N/A,N/A,N/A,,,1
1759293573,eth0,54,Ethernet,IPv4,N/A,N/A,v4,172.30.0.220,224.0.0.22,N/A,N/A,N/A,N/A,N/A,N/A,,,1
1759293573,any,112,N/A,IPv6,ICMP,N/A,v6,fe80::f056:abff:fe65:143,ff02::179,N/A,N/A,N/A,N/A,N/A,N/A,,,1
1759293573,eth1,110,Ethernet,IPv6,ICMP,N/A,v6,fe80::f056:abff:fe65:143,ff02::179,N/A,N/A,N/A,N/A,N/A,N/A,,,1
1759293573,any,56,N/A,IPv4,N/A,N/A,v4,172.30.0.163,224.0.0.22,N/A,N/A,N/A,N/A,N/A,N/A,,,1
1759293573,eth0,54,Ethernet,IPv4,N/A,N/A,v4,172.30.0.163,224.0.0.22,N/A,N/A,N/A,N/A,N/A,N/A,,,1
1759293573,eth0,70,Ethernet,IPv6,ICMP,N/A,v6,fe80::b0b5:44ff:feea:219,ff02::204,N/A,N/A,N/A,N/A,N/A,N/A,,,1
1759293573,eth1,70,Ethernet,IPv6,ICMP,N/A,v6,fe80::780a:a9ff:fee6:89,ff02::204,N/A,N/A,N/A,N/A,N/A,N/A,,,1
1759293573,any,72,N/A,IPv6,ICMP,N/A,v6,fe80::780a:a9ff:fee6:89,ff02::204,N/A,N/A,N/A,N/A,N/A,N/A,,,1
1759293573,eth0,90,Ethernet,IPv6,ICMP,N/A,v6,fe80::24f1:23ff:fe29:66,ff02::179,N/A,N/A,N/A,N/A,N/A,N/A,,,1
1759293573,eth0,54,Ethernet,IPv4,N/A,N/A,v4,172.30.0.23,224.0.0.22,N/A,N/A,N/A,N/A,N/A,N/A,,,1
1759293573,any,92,N/A,IPv6,ICMP,N/A,v6,fe80::24f1:23ff:fe29:66,ff02::179,N/A,N/A,N/A,N/A,N/A,N/A,,,1
1759293573,eth0,90,Ethernet,IPv6,ICMP,N/A,v6,fe80::24f1:23ff:fe29:66,ff02::179,N/A,N/A,N/A,N/A,N/A,N/A,,,1
1759293573,any,92,N/A,IPv6,ICMP,N/A,v6,fe80::24f1:23ff:fe29:66,ff02::179,N/A,N/A,N/A,N/A,N/A,N/A,,,1
1759293573,any,69,N/A,IPv4,UDP,N/A,v4,172.30.0.23,224.0.0.252,5355,5355,N/A,N/A,N/A,N/A,,,1
1759293573,eth0,67,Ethernet,IPv4,UDP,N/A,v4,172.30.0.23,224.0.0.252,5355,5355,N/A,N/A,N/A,N/A,,,1
1759293573,any,358,N/A,IPv4,UDP,N/A,v4,0.0.0.0,255.255.255.255,68,67,N/A,N/A,N/A,N/A,,,1
1759293573,eth0,356,Ethernet,IPv4,UDP,N/A,v4,0.0.0.0,255.255.255.255,68,67,N/A,N/A,N/A,N/A,,,1
1759293573,any,370,N/A,IPv4,UDP,N/A,v4,0.0.0.0,255.255.255.255,68,67,N/A,N/A,N/A,N/A,,,1
1759293573,eth0,368,Ethernet,IPv4,UDP,N/A,v4,0.0.0.0,255.255.255.255,68,67,N/A,N/A,N/A,N/A,,,1
1759293573,any,112,N/A,IPv6,ICMP,N/A,v6,fe80::7827:e3ff:fe68:239,ff02::179,N/A,N/A,N/A,N/A,N/A,N/A,,,1
1759293573,eth1,110,Ethernet,IPv6,ICMP,N/A,v6,fe80::7827:e3ff:fe68:239,ff02::179,N/A,N/A,N/A,N/A,N/A,N/A,,,1
1759293573,any,112,N/A,IPv6,ICMP,N/A,v6,fe80::24f1:23ff:fe29:66,ff02::179,N/A,N/A,N/A,N/A,N/A,N/A,,,1
1759293573,eth0,110,Ethernet,IPv6,ICMP,N/A,v6,fe80::24f1:23ff:fe29:66,ff02::179,N/A,N/A,N/A,N/A,N/A,N/A,,,1
1759293573,eth0,54,Ethernet,IPv4,N/A,N/A,v4,172.30.0.23,224.0.0.22,N/A,N/A,N/A,N/A,N/A,N/A,,,1
1759293573,eth0,42,Ethernet,N/A,N/A,N/A,N/A,N/A,N/A,N/A,N/A,N/A,N/A,N/A,N/A,,,1
1759293573,any,44,ARP,N/A,N/A,N/A,N/A,N/A,N/A,N/A,N/A,1,2048,172.30.0.23,172.30.0.122,,,1
1759293573,any,112,N/A,IPv6,ICMP,N/A,v6,fe80::7827:e3ff:fe68:239,ff02::179,N/A,N/A,N/A,N/A,N/A,N/A,,,1
1759293573,eth1,110,Ethernet,IPv6,ICMP,N/A,v6,fe80::7827:e3ff:fe68:239,ff02::179,N/A,N/A,N/A,N/A,N/A,N/A,,,1
1759293573,any,112,N/A,IPv6,ICMP,N/A,v6,fe80::780a:a9ff:fee6:89,ff02::179,N/A,N/A,N/A,N/A,N/A,N/A,,,1
1759293573,eth1,110,Ethernet,IPv6,ICMP,N/A,v6,fe80::780a:a9ff:fee6:89,ff02::179,N/A,N/A,N/A,N/A,N/A,N/A,,,1
1759293573,any,56,N/A,IPv4,N/A,N/A,v4,172.30.0.220,224.0.0.22,N/A,N/A,N/A,N/A,N/A,N/A,,,1
1759293573,eth0,54,Ethernet,IPv4,N/A,N/A,v4,172.30.0.220,224.0.0.22,N/A,N/A,N/A,N/A,N/A,N/A,,,1
1759293573,any,112,N/A,IPv6,ICMP,N/A,v6,fe80::b0b5:44ff:feea:219,ff02::179,N/A,N/A,N/A,N/A,N/A,N/A,,,1
1759293573,eth0,110,Ethernet,IPv6,ICMP,N/A,v6,fe80::b0b5:44ff:feea:219,ff02::179,N/A,N/A,N/A,N/A,N/A,N/A,,,1
1759293573,eth0,70,Ethernet,IPv6,ICMP,N/A,v6,fe80::e48e:99ff:fe5f:147,ff02::204,N/A,N/A,N/A,N/A,N/A,N/A,,,1
1759293573,eth0,107,Ethernet,N/A,N/A,N/A,N/A,N/A,N/A,N/A,N/A,N/A,N/A,N/A,N/A,,,0
1759293573,any,109,N/A,N/A,N/A,N/A,N/A,N/A,N/A,N/A,N/A,N/A,N/A,N/A,N/A,,,0
1759293573,eth2,70,Ethernet,IPv6,ICMP,N/A,v6,fe80::dcac:f9ff:fe59:60,ff02::204,N/A,N/A,N/A,N/A,N/A,N/A,,,1
1759293573,eth1,70,Ethernet,IPv6,ICMP,N/A,v6,fe80::f056:abff:fe65:143,ff02::204,N/A,N/A,N/A,N/A,N/A,N/A,,,1
1759293573,any,72,N/A,IPv6,ICMP,N/A,v6,fe80::dcac:f9ff:fe59:60,ff02::204,N/A,N/A,N/A,N/A,N/A,N/A,,,1
1759293573,eth0,110,Ethernet,IPv6,ICMP,N/A,v6,fe80::e48e:99ff:fe5f:147,ff02::179,N/A,N/A,N/A,N/A,N/A,N/A,,,1
1759293573,any,112,N/A,IPv6,ICMP,N/A,v6,fe80::e48e:99ff:fe5f:147,ff02::179,N/A,N/A,N/A,N/A,N/A,N/A,,,1
1759293573,any,56,N/A,IPv4,N/A,N/A,v4,172.30.0.23,224.0.0.22,N/A,N/A,N/A,N/A,N/A,N/A,,,1
1759293573,eth0,54,Ethernet,IPv4,N/A,N/A,v4,172.30.0.23,224.0.0.22,N/A,N/A,N/A,N/A,N/A,N/A,,,1
1759293573,any,112,N/A,IPv6,ICMP,N/A,v6,fe80::dcac:f9ff:fe59:60,ff02::179,N/A,N/A,N/A,N/A,N/A,N/A,,,1
1759293573,eth2,110,Ethernet,IPv6,ICMP,N/A,v6,fe80::dcac:f9ff:fe59:60,ff02::179,N/A,N/A,N/A,N/A,N/A,N/A,,,1
1759293573,eth0,56,Ethernet,IPv4,N/A,N/A,v4,172.30.0.89,224.0.0.22,N/A,N/A,N/A,N/A,N/A,N/A,,,1
1759293573,any,58,N/A,IPv4,N/A,N/A,v4,172.30.0.89,224.0.0.22,N/A,N/A,N/A,N/A,N/A,N/A,,,1
1759293573,any,92,N/A,IPv6,ICMP,N/A,v6,fe80::ecf9:eff:fefb:55,ff02::179,N/A,N/A,N/A,N/A,N/A,N/A,,,1
1759293573,eth0,90,Ethernet,IPv6,ICMP,N/A,v6,fe80::ecf9:eff:fefb:55,ff02::179,N/A,N/A,N/A,N/A,N/A,N/A,,,1
1759293574,eth0,90,Ethernet,IPv6,ICMP,N/A,v6,fe80::5ca9:83ff:fe87:27,ff02::179,N/A,N/A,N/A,N/A,N/A,N/A,,,0
1759293574,eth0,54,Ethernet,IPv4,N/A,N/A,v4,172.30.0.220,224.0.0.22,N/A,N/A,N/A,N/A,N/A,N/A,,,0
1759293574,any,92,N/A,IPv6,ICMP,N/A,v6,fe80::5ca9:83ff:fe87:27,ff02::179,N/A,N/A,N/A,N/A,N/A,N/A,,,0
1759293574,eth0,87,Ethernet,IPv6,UDP,N/A,v6,fe80::5ca9:83ff:fe87:27,ff02::1:52,5355,5355,N/A,N/A,N/A,N/A,,,0
1759293574,eth0,67,Ethernet,IPv4,UDP,N/A,v4,172.30.0.220,224.0.0.252,5355,5355,N/A,N/A,N/A,N/A,,,0
1759293574,eth0,90,Ethernet,IPv6,ICMP,N/A,v6,fe80::5ca9:83ff:fe87:27,ff02::179,N/A,N/A,N/A,N/A,N/A,N/A,,,0
1759293574,any,89,N/A,IPv6,UDP,N/A,v6,fe80::5ca9:83ff:fe87:27,ff02::1:52,5355,5355,N/A,N/A,N/A,N/A,,,0
1759293574,eth0,356,Ethernet,IPv4,UDP,N/A,v4,0.0.0.0,255.255.255.255,68,67,N/A,N/A,N/A,N/A,,,0
1759293574,any,358,N/A,IPv4,UDP,N/A,v4,0.0.0.0,255.255.255.255,68,67,N/A,N/A,N/A,N/A,,,0
1759293574,eth0,368,Ethernet,IPv4,UDP,N/A,v4,0.0.0.0,255.255.255.255,68,67,N/A,N/A,N/A,N/A,,,0
1759293574,any,370,N/A,IPv4,UDP,N/A,v4,0.0.0.0,255.255.255.255,68,67,N/A,N/A,N/A,N/A,,,0
1759293574,eth1,110,Ethernet,IPv6,ICMP,N/A,v6,fe80::a824:52ff:fe4f:69,ff02::179,N/A,N/A,N/A,N/A,N/A,N/A,,,0
1759293574,any,112,N/A,IPv6,ICMP,N/A,v6,fe80::a824:52ff:fe4f:69,ff02::179,N/A,N/A,N/A,N/A,N/A,N/A,,,0
1759293574,eth0,110,Ethernet,IPv6,ICMP,N/A,v6,fe80::5ca9:83ff:fe87:27,ff02::179,N/A,N/A,N/A,N/A,N/A,N/A,,,0
1759293574,any,72,N/A,IPv6,ICMP,N/A,v6,fe80::24f1:23ff:fe29:66,ff02::204,N/A,N/A,N/A,N/A,N/A,N/A,,,1
1759293574,eth0,70,Ethernet,IPv6,ICMP,N/A,v6,fe80::24f1:23ff:fe29:66,ff02::204,N/A,N/A,N/A,N/A,N/A,N/A,,,1
1759293574,eth1,70,Ethernet,IPv6,ICMP,N/A,v6,fe80::7827:e3ff:fe68:239,ff02::204,N/A,N/A,N/A,N/A,N/A,N/A,,,1
1759293574,eth0,67,Ethernet,IPv4,UDP,N/A,v4,172.30.0.89,224.0.0.252,5355,5355,N/A,N/A,N/A,N/A,,,1
1759293574,any,69,N/A,IPv4,UDP,N/A,v4,172.30.0.89,224.0.0.252,5355,5355,N/A,N/A,N/A,N/A,,,1
1759293574,eth0,87,Ethernet,IPv6,UDP,N/A,v6,fe80::ecf9:eff:fefb:55,ff02::1:52,5355,5355,N/A,N/A,N/A,N/A,,,1
1759293574,any,89,N/A,IPv6,UDP,N/A,v6,fe80::ecf9:eff:fefb:55,ff02::1:52,5355,5355,N/A,N/A,N/A,N/A,,,1
1759293574,eth0,356,Ethernet,IPv4,UDP,N/A,v4,0.0.0.0,255.255.255.255,68,67,N/A,N/A,N/A,N/A,,,1
1759293574,any,358,N/A,IPv4,UDP,N/A,v4,0.0.0.0,255.255.255.255,68,67,N/A,N/A,N/A,N/A,,,1
1759293574,any,370,N/A,IPv4,UDP,N/A,v4,0.0.0.0,255.255.255.255,68,67,N/A,N/A,N/A,N/A,,,1
1759293574,eth0,368,Ethernet,IPv4,UDP,N/A,v4,0.0.0.0,255.255.255.255,68,67,N/A,N/A,N/A,N/A,,,1
1759293574,eth1,110,Ethernet,IPv6,ICMP,N/A,v6,fe80::103b:bdff:fef0:169,ff02::179,N/A,N/A,N/A,N/A,N/A,N/A,,,1
1759293574,any,112,N/A,IPv6,ICMP,N/A,v6,fe80::ecf9:eff:fefb:55,ff02::179,N/A,N/A,N/A,N/A,N/A,N/A,,,1
1759293574,any,112,N/A,IPv6,ICMP,N/A,v6,fe80::103b:bdff:fef0:169,ff02::179,N/A,N/A,N/A,N/A,N/A,N/A,,,1
1759293574,eth0,110,Ethernet,IPv6,ICMP,N/A,v6,fe80::ecf9:eff:fefb:55,ff02::179,N/A,N/A,N/A,N/A,N/A,N/A,,,1
1759293574,any,112,N/A,IPv6,ICMP,N/A,v6,fe80::ecf9:eff:fefb:55,ff02::179,N/A,N/A,N/A,N/A,N/A,N/A,,,1
1759293574,any,58,N/A,IPv4,N/A,N/A,v4,172.30.0.89,224.0.0.22,N/A,N/A,N/A,N/A,N/A,N/A,,,1
1759293574,eth0,110,Ethernet,IPv6,ICMP,N/A,v6,fe80::ecf9:eff:fefb:55,ff02::179,N/A,N/A,N/A,N/A,N/A,N/A,,,1
1759293574,eth0,56,Ethernet,IPv4,N/A,N/A,v4,172.30.0.89,224.0.0.22,N/A,N/A,N/A,N/A,N/A,N/A,,,1
1759293574,eth0,56,Ethernet,N/A,N/A,N/A,N/A,N/A,N/A,N/A,N/A,N/A,N/A,N/A,N/A,,,1
1759293574,any,58,ARP,N/A,N/A,N/A,N/A,N/A,N/A,N/A,N/A,1,2048,172.30.0.89,172.30.0.122,,,1
1759293574,any,113,N/A,N/A,N/A,N/A,N/A,N/A,N/A,N/A,N/A,N/A,N/A,N/A,N/A,,,1
1759293574,eth0,111,Ethernet,N/A,N/A,N/A,N/A,N/A,N/A,N/A,N/A,N/A,N/A,N/A,N/A,,,1
1759293574,any,112,N/A,IPv6,ICMP,N/A,v6,fe80::103b:bdff:fef0:169,ff02::179,N/A,N/A,N/A,N/A,N/A,N/A,,,1
1759293574,eth1,110,Ethernet,IPv6,ICMP,N/A,v6,fe80::103b:bdff:fef0:169,ff02::179,N/A,N/A,N/A,N/A,N/A,N/A,,,1
1759293574,any,92,N/A,IPv6,ICMP,N/A,v6,fe80::ecf9:eff:fefb:55,ff02::179,N/A,N/A,N/A,N/A,N/A,N/A,,,1
1759293574,eth0,90,Ethernet,IPv6,ICMP,N/A,v6,fe80::ecf9:eff:fefb:55,ff02::179,N/A,N/A,N/A,N/A,N/A,N/A,,,1
1759293574,eth0,110,Ethernet,IPv6,ICMP,N/A,v6,fe80::24f1:23ff:fe29:66,ff02::179,N/A,N/A,N/A,N/A,N/A,N/A,,,1
1759293574,any,112,N/A,IPv6,ICMP,N/A,v6,fe80::24f1:23ff:fe29:66,ff02::179,N/A,N/A,N/A,N/A,N/A,N/A,,,1
1759293574,any,58,N/A,IPv4,N/A,N/A,v4,172.30.0.89,224.0.0.22,N/A,N/A,N/A,N/A,N/A,N/A,,,1
1759293574,eth0,56,Ethernet,IPv4,N/A,N/A,v4,172.30.0.89,224.0.0.22,N/A,N/A,N/A,N/A,N/A,N/A,,,1
1759293574,eth0,54,Ethernet,IPv4,N/A,N/A,v4,172.30.0.220,224.0.0.22,N/A,N/A,N/A,N/A,N/A,N/A,,,0
1759293574,eth0,42,Ethernet,N/A,N/A,N/A,N/A,N/A,N/A,N/A,N/A,N/A,N/A,N/A,N/A,,,0
1759293574,eth0,56,Ethernet,N/A,N/A,N/A,N/A,N/A,N/A,N/A,N/A,N/A,N/A,N/A,N/A,,,0
1759293574,eth0,56,Ethernet,N/A,N/A,N/A,N/A,N/A,N/A,N/A,N/A,N/A,N/A,N/A,N/A,,,0
1759293574,any,112,N/A,IPv6,ICMP,N/A,v6,fe80::5ca9:83ff:fe87:27,ff02::179,N/A,N/A,N/A,N/A,N/A,N/A,,,0
1759293574,any,44,ARP,N/A,N/A,N/A,N/A,N/A,N/A,N/A,N/A,1,2048,172.30.0.220,172.30.0.122,,,0
1759293574,any,58,ARP,N/A,N/A,N/A,N/A,N/A,N/A,N/A,N/A,2,2048,172.30.0.122,172.30.0.220,,,0
1759293574,any,58,ARP,N/A,N/A,N/A,N/A,N/A,N/A,N/A,N/A,2,2048,172.30.0.122,172.30.0.220,,,0
1759293574,eth0,54,Ethernet,IPv4,N/A,N/A,v4,172.30.0.220,224.0.0.22,N/A,N/A,N/A,N/A,N/A,N/A,,,0
1759293574,any,56,N/A,IPv4,N/A,N/A,v4,172.30.0.220,224.0.0.22,N/A,N/A,N/A,N/A,N/A,N/A,,,0
1759293574,eth1,110,Ethernet,IPv6,ICMP,N/A,v6,fe80::a824:52ff:fe4f:69,ff02::179,N/A,N/A,N/A,N/A,N/A,N/A,,,0
1759293574,any,112,N/A,IPv6,ICMP,N/A,v6,fe80::a824:52ff:fe4f:69,ff02::179,N/A,N/A,N/A,N/A,N/A,N/A,,,0
1759293575,eth0,111,Ethernet,N/A,N/A,N/A,N/A,N/A,N/A,N/A,N/A,N/A,N/A,N/A,N/A,,,1
1759293575,any,113,N/A,N/A,N/A,N/A,N/A,N/A,N/A,N/A,N/A,N/A,N/A,N/A,N/A,,,1
1759293575,eth1,70,Ethernet,IPv6,ICMP,N/A,v6,fe80::103b:bdff:fef0:169,ff02::204,N/A,N/A,N/A,N/A,N/A,N/A,,,1
1759293575,eth0,70,Ethernet,IPv6,ICMP,N/A,v6,fe80::ecf9:eff:fefb:55,ff02::204,N/A,N/A,N/A,N/A,N/A,N/A,,,1
1759293575,any,72,N/A,IPv6,ICMP,N/A,v6,fe80::ecf9:eff:fefb:55,ff02::204,N/A,N/A,N/A,N/A,N/A,N/A,,,1
1759293575,any,72,N/A,IPv6,ICMP,N/A,v6,fe80::103b:bdff:fef0:169,ff02::204,N/A,N/A,N/A,N/A,N/A,N/A,,,1
1759293575,eth0,110,Ethernet,IPv6,ICMP,N/A,v6,fe80::5ca9:83ff:fe87:27,ff02::179,N/A,N/A,N/A,N/A,N/A,N/A,,,0
1759293575,any,112,N/A,IPv6,ICMP,N/A,v6,fe80::5ca9:83ff:fe87:27,ff02::179,N/A,N/A,N/A,N/A,N/A,N/A,,,0
1759293575,eth0,70,Ethernet,IPv6,ICMP,N/A,v6,fe80::5ca9:83ff:fe87:27,ff02::204,N/A,N/A,N/A,N/A,N/A,N/A,,,0
1759293575,any,72,N/A,IPv6,ICMP,N/A,v6,fe80::a824:52ff:fe4f:69,ff02::204,N/A,N/A,N/A,N/A,N/A,N/A,,,0
1759293575,eth1,70,Ethernet,IPv6,ICMP,N/A,v6,fe80::a824:52ff:fe4f:69,ff02::204,N/A,N/A,N/A,N/A,N/A,N/A,,,0
1759293575,eth0,107,Ethernet,N/A,N/A,N/A,N/A,N/A,N/A,N/A,N/A,N/A,N/A,N/A,N/A,,,0
1759293575,any,109,N/A,N/A,N/A,N/A,N/A,N/A,N/A,N/A,N/A,N/A,N/A,N/A,N/A,,,0
1759293576,eth0,111,Ethernet,N/A,N/A,N/A,N/A,N/A,N/A,N/A,N/A,N/A,N/A,N/A,N/A,,,1
1759293576,any,113,N/A,N/A,N/A,N/A,N/A,N/A,N/A,N/A,N/A,N/A,N/A,N/A,N/A,,,1
1759293576,any,92,N/A,IPv6,ICMP,N/A,v6,fe80::b0b5:44ff:feea:219,ff02::179,N/A,N/A,N/A,N/A,N/A,N/A,,,1
1759293576,eth0,90,Ethernet,IPv6,ICMP,N/A,v6,fe80::b0b5:44ff:feea:219,ff02::179,N/A,N/A,N/A,N/A,N/A,N/A,,,1
1759293576,eth0,54,Ethernet,IPv4,N/A,N/A,v4,172.30.0.163,224.0.0.22,N/A,N/A,N/A,N/A,N/A,N/A,,,1
1759293576,eth0,88,Ethernet,IPv6,UDP,N/A,v6,fe80::b0b5:44ff:feea:219,ff02::1:52,5355,5355,N/A,N/A,N/A,N/A,,,1
1759293576,any,90,N/A,IPv6,UDP,N/A,v6,fe80::b0b5:44ff:feea:219,ff02::1:52,5355,5355,N/A,N/A,N/A,N/A,,,1
1759293576,eth0,357,Ethernet,IPv4,UDP,N/A,v4,0.0.0.0,255.255.255.255,68,67,N/A,N/A,N/A,N/A,,,1
1759293576,any,359,N/A,IPv4,UDP,N/A,v4,0.0.0.0,255.255.255.255,68,67,N/A,N/A,N/A,N/A,,,1
1759293576,eth0,369,Ethernet,IPv4,UDP,N/A,v4,0.0.0.0,255.255.255.255,68,67,N/A,N/A,N/A,N/A,,,1
1759293576,any,371,N/A,IPv4,UDP,N/A,v4,0.0.0.0,255.255.255.255,68,67,N/A,N/A,N/A,N/A,,,1
1759293576,eth1,110,Ethernet,IPv6,ICMP,N/A,v6,fe80::780a:a9ff:fee6:89,ff02::179,N/A,N/A,N/A,N/A,N/A,N/A,,,1
1759293576,any,112,N/A,IPv6,ICMP,N/A,v6,fe80::780a:a9ff:fee6:89,ff02::179,N/A,N/A,N/A,N/A,N/A,N/A,,,1
1759293576,eth0,110,Ethernet,IPv6,ICMP,N/A,v6,fe80::b0b5:44ff:feea:219,ff02::179,N/A,N/A,N/A,N/A,N/A,N/A,,,1
1759293576,eth0,54,Ethernet,IPv4,N/A,N/A,v4,172.30.0.163,224.0.0.22,N/A,N/A,N/A,N/A,N/A,N/A,,,1
1759293576,any,112,N/A,IPv6,ICMP,N/A,v6,fe80::b0b5:44ff:feea:219,ff02::179,N/A,N/A,N/A,N/A,N/A,N/A,,,1
1759293576,eth0,107,Ethernet,N/A,N/A,N/A,N/A,N/A,N/A,N/A,N/A,N/A,N/A,N/A,N/A,,,0
1759293576,any,109,N/A,N/A,N/A,N/A,N/A,N/A,N/A,N/A,N/A,N/A,N/A,N/A,N/A,,,0
1759293577,eth0,42,Ethernet,N/A,N/A,N/A,N/A,N/A,N/A,N/A,N/A,N/A,N/A,N/A,N/A,,,1
1759293577,any,44,ARP,N/A,N/A,N/A,N/A,N/A,N/A,N/A,N/A,1,2048,172.30.0.163,172.30.0.122,,,1
1759293577,eth1,70,Ethernet,IPv6,ICMP,N/A,v6,fe80::f056:abff:fe65:143,ff02::204,N/A,N/A,N/A,N/A,N/A,N/A,,,1
1759293577,any,113,N/A,N/A,N/A,N/A,N/A,N/A,N/A,N/A,N/A,N/A,N/A,N/A,N/A,,,1
1759293577,eth0,111,Ethernet,N/A,N/A,N/A,N/A,N/A,N/A,N/A,N/A,N/A,N/A,N/A,N/A,,,1
1759293577,any,72,N/A,IPv6,ICMP,N/A,v6,fe80::e48e:99ff:fe5f:147,ff02::204,N/A,N/A,N/A,N/A,N/A,N/A,,,1
1759293577,eth0,70,Ethernet,IPv6,ICMP,N/A,v6,fe80::e48e:99ff:fe5f:147,ff02::204,N/A,N/A,N/A,N/A,N/A,N/A,,,1
1759293577,any,72,N/A,IPv6,ICMP,N/A,v6,fe80::dcac:f9ff:fe59:60,ff02::204,N/A,N/A,N/A,N/A,N/A,N/A,,,1
1759293577,eth2,70,Ethernet,IPv6,ICMP,N/A,v6,fe80::dcac:f9ff:fe59:60,ff02::204,N/A,N/A,N/A,N/A,N/A,N/A,,,1
1759293577,any,56,N/A,IPv4,N/A,N/A,v4,172.30.0.163,224.0.0.22,N/A,N/A,N/A,N/A,N/A,N/A,,,1
1759293577,eth0,54,Ethernet,IPv4,N/A,N/A,v4,172.30.0.163,224.0.0.22,N/A,N/A,N/A,N/A,N/A,N/A,,,1
1759293577,eth0,110,Ethernet,IPv6,ICMP,N/A,v6,fe80::b0b5:44ff:feea:219,ff02::179,N/A,N/A,N/A,N/A,N/A,N/A,,,1
1759293577,any,112,N/A,IPv6,ICMP,N/A,v6,fe80::b0b5:44ff:feea:219,ff02::179,N/A,N/A,N/A,N/A,N/A,N/A,,,1
1759293577,eth0,90,Ethernet,IPv6,ICMP,N/A,v6,fe80::24f1:23ff:fe29:66,ff02::179,N/A,N/A,N/A,N/A,N/A,N/A,,,1
1759293577,eth0,54,Ethernet,IPv4,N/A,N/A,v4,172.30.0.23,224.0.0.22,N/A,N/A,N/A,N/A,N/A,N/A,,,1
1759293577,any,92,N/A,IPv6,ICMP,N/A,v6,fe80::24f1:23ff:fe29:66,ff02::179,N/A,N/A,N/A,N/A,N/A,N/A,,,1
1759293577,any,112,N/A,IPv6,ICMP,N/A,v6,fe80::780a:a9ff:fee6:89,ff02::179,N/A,N/A,N/A,N/A,N/A,N/A,,,1
1759293577,eth1,110,Ethernet,IPv6,ICMP,N/A,v6,fe80::780a:a9ff:fee6:89,ff02::179,N/A,N/A,N/A,N/A,N/A,N/A,,,1
1759293577,any,89,N/A,IPv6,UDP,N/A,v6,fe80::24f1:23ff:fe29:66,ff02::1:52,5355,5355,N/A,N/A,N/A,N/A,,,1
1759293577,eth0,87,Ethernet,IPv6,UDP,N/A,v6,fe80::24f1:23ff:fe29:66,ff02::1:52,5355,5355,N/A,N/A,N/A,N/A,,,1
1759293577,any,358,N/A,IPv4,UDP,N/A,v4,0.0.0.0,255.255.255.255,68,67,N/A,N/A,N/A,N/A,,,1
1759293577,eth0,356,Ethernet,IPv4,UDP,N/A,v4,0.0.0.0,255.255.255.255,68,67,N/A,N/A,N/A,N/A,,,1
1759293577,eth0,368,Ethernet,IPv4,UDP,N/A,v4,0.0.0.0,255.255.255.255,68,67,N/A,N/A,N/A,N/A,,,1
1759293577,any,370,N/A,IPv4,UDP,N/A,v4,0.0.0.0,255.255.255.255,68,67,N/A,N/A,N/A,N/A,,,1
1759293577,any,112,N/A,IPv6,ICMP,N/A,v6,fe80::7827:e3ff:fe68:239,ff02::179,N/A,N/A,N/A,N/A,N/A,N/A,,,1
1759293577,eth1,110,Ethernet,IPv6,ICMP,N/A,v6,fe80::7827:e3ff:fe68:239,ff02::179,N/A,N/A,N/A,N/A,N/A,N/A,,,1
1759293577,any,112,N/A,IPv6,ICMP,N/A,v6,fe80::24f1:23ff:fe29:66,ff02::179,N/A,N/A,N/A,N/A,N/A,N/A,,,1
1759293577,eth0,110,Ethernet,IPv6,ICMP,N/A,v6,fe80::24f1:23ff:fe29:66,ff02::179,N/A,N/A,N/A,N/A,N/A,N/A,,,1
1759293577,eth0,54,Ethernet,IPv4,N/A,N/A,v4,172.30.0.23,224.0.0.22,N/A,N/A,N/A,N/A,N/A,N/A,,,1
1759293577,eth0,42,Ethernet,N/A,N/A,N/A,N/A,N/A,N/A,N/A,N/A,N/A,N/A,N/A,N/A,,,1
1759293577,any,44,ARP,N/A,N/A,N/A,N/A,N/A,N/A,N/A,N/A,1,2048,172.30.0.23,172.30.0.122,,,1
1759293577,eth0,54,Ethernet,IPv4,N/A,N/A,v4,172.30.0.23,224.0.0.22,N/A,N/A,N/A,N/A,N/A,N/A,,,1
1759293577,any,56,N/A,IPv4,N/A,N/A,v4,172.30.0.23,224.0.0.22,N/A,N/A,N/A,N/A,N/A,N/A,,,1
1759293577,eth0,107,Ethernet,N/A,N/A,N/A,N/A,N/A,N/A,N/A,N/A,N/A,N/A,N/A,N/A,,,0
1759293577,any,109,N/A,N/A,N/A,N/A,N/A,N/A,N/A,N/A,N/A,N/A,N/A,N/A,N/A,,,0
1759293578,eth0,90,Ethernet,IPv6,ICMP,N/A,v6,fe80::e48e:99ff:fe5f:147,ff02::179,N/A,N/A,N/A,N/A,N/A,N/A,,,1
1759293578,eth0,54,Ethernet,IPv4,N/A,N/A,v4,172.30.0.220,224.0.0.22,N/A,N/A,N/A,N/A,N/A,N/A,,,1
1759293578,any,92,N/A,IPv6,ICMP,N/A,v6,fe80::e48e:99ff:fe5f:147,ff02::179,N/A,N/A,N/A,N/A,N/A,N/A,,,1
1759293578,eth1,70,Ethernet,IPv6,ICMP,N/A,v6,fe80::780a:a9ff:fee6:89,ff02::204,N/A,N/A,N/A,N/A,N/A,N/A,,,1
1759293578,any,72,N/A,IPv6,ICMP,N/A,v6,fe80::b0b5:44ff:feea:219,ff02::204,N/A,N/A,N/A,N/A,N/A,N/A,,,1
1759293578,any,72,N/A,IPv6,ICMP,N/A,v6,fe80::780a:a9ff:fee6:89,ff02::204,N/A,N/A,N/A,N/A,N/A,N/A,,,1
1759293578,eth0,70,Ethernet,IPv6,ICMP,N/A,v6,fe80::b0b5:44ff:feea:219,ff02::204,N/A,N/A,N/A,N/A,N/A,N/A,,,1
1759293578,eth0,91,Ethernet,IPv6,UDP,N/A,v6,fe80::e48e:99ff:fe5f:147,ff02::1:52,5355,5355,N/A,N/A,N/A,N/A,,,1
1759293578,eth0,71,Ethernet,IPv4,UDP,N/A,v4,172.30.0.220,224.0.0.252,5355,5355,N/A,N/A,N/A,N/A,,,1
1759293578,any,93,N/A,IPv6,UDP,N/A,v6,fe80::e48e:99ff:fe5f:147,ff02::1:52,5355,5355,N/A,N/A,N/A,N/A,,,1
1759293578,eth0,360,Ethernet,IPv4,UDP,N/A,v4,0.0.0.0,255.255.255.255,68,67,N/A,N/A,N/A,N/A,,,1
1759293578,any,362,N/A,IPv4,UDP,N/A,v4,0.0.0.0,255.255.255.255,68,67,N/A,N/A,N/A,N/A,,,1
1759293578,eth0,372,Ethernet,IPv4,UDP,N/A,v4,0.0.0.0,255.255.255.255,68,67,N/A,N/A,N/A,N/A,,,1
1759293578,any,374,N/A,IPv4,UDP,N/A,v4,0.0.0.0,255.255.255.255,68,67,N/A,N/A,N/A,N/A,,,1
1759293578,eth2,110,Ethernet,IPv6,ICMP,N/A,v6,fe80::dcac:f9ff:fe59:60,ff02::179,N/A,N/A,N/A,N/A,N/A,N/A,,,1
1759293578,any,112,N/A,IPv6,ICMP,N/A,v6,fe80::f056:abff:fe65:143,ff02::179,N/A,N/A,N/A,N/A,N/A,N/A,,,1
1759293578,eth1,110,Ethernet,IPv6,ICMP,N/A,v6,fe80::f056:abff:fe65:143,ff02::179,N/A,N/A,N/A,N/A,N/A,N/A,,,1
1759293578,eth0,110,Ethernet,IPv6,ICMP,N/A,v6,fe80::e48e:99ff:fe5f:147,ff02::179,N/A,N/A,N/A,N/A,N/A,N/A,,,1
1759293578,eth0,54,Ethernet,IPv4,N/A,N/A,v4,172.30.0.220,224.0.0.22,N/A,N/A,N/A,N/A,N/A,N/A,,,1
1759293578,any,112,N/A,IPv6,ICMP,N/A,v6,fe80::e48e:99ff:fe5f:147,ff02::179,N/A,N/A,N/A,N/A,N/A,N/A,,,1
1759293578,eth0,42,Ethernet,N/A,N/A,N/A,N/A,N/A,N/A,N/A,N/A,N/A,N/A,N/A,N/A,,,1
1759293578,eth0,56,Ethernet,N/A,N/A,N/A,N/A,N/A,N/A,N/A,N/A,N/A,N/A,N/A,N/A,,,1
1759293578,eth0,56,Ethernet,N/A,N/A,N/A,N/A,N/A,N/A,N/A,N/A,N/A,N/A,N/A,N/A,,,1
1759293578,any,44,ARP,N/A,N/A,N/A,N/A,N/A,N/A,N/A,N/A,1,2048,172.30.0.220,172.30.0.122,,,1
1759293578,any,58,ARP,N/A,N/A,N/A,N/A,N/A,N/A,N/A,N/A,2,2048,172.30.0.122,172.30.0.220,,,1
1759293578,any,56,N/A,IPv4,N/A,N/A,v4,172.30.0.220,224.0.0.22,N/A,N/A,N/A,N/A,N/A,N/A,,,1
1759293578,eth0,54,Ethernet,IPv4,N/A,N/A,v4,172.30.0.220,224.0.0.22,N/A,N/A,N/A,N/A,N/A,N/A,,,1
1759293578,any,112,N/A,IPv6,ICMP,N/A,v6,fe80::dcac:f9ff:fe59:60,ff02::179,N/A,N/A,N/A,N/A,N/A,N/A,,,1
1759293578,eth2,110,Ethernet,IPv6,ICMP,N/A,v6,fe80::dcac:f9ff:fe59:60,ff02::179,N/A,N/A,N/A,N/A,N/A,N/A,,,1
1759293578,any,112,N/A,IPv6,ICMP,N/A,v6,fe80::7827:e3ff:fe68:239,ff02::179,N/A,N/A,N/A,N/A,N/A,N/A,,,1
1759293578,eth1,110,Ethernet,IPv6,ICMP,N/A,v6,fe80::7827:e3ff:fe68:239,ff02::179,N/A,N/A,N/A,N/A,N/A,N/A,,,1
1759293578,any,112,N/A,IPv6,ICMP,N/A,v6,fe80::e48e:99ff:fe5f:147,ff02::179,N/A,N/A,N/A,N/A,N/A,N/A,,,1
1759293578,eth0,110,Ethernet,IPv6,ICMP,N/A,v6,fe80::e48e:99ff:fe5f:147,ff02::179,N/A,N/A,N/A,N/A,N/A,N/A,,,1
1759293578,eth0,110,Ethernet,IPv6,ICMP,N/A,v6,fe80::24f1:23ff:fe29:66,ff02::179,N/A,N/A,N/A,N/A,N/A,N/A,,,1
1759293578,any,112,N/A,IPv6,ICMP,N/A,v6,fe80::24f1:23ff:fe29:66,ff02::179,N/A,N/A,N/A,N/A,N/A,N/A,,,1
1759293578,any,72,N/A,IPv6,ICMP,N/A,v6,fe80::dcac:f9ff:fe59:60,ff02::204,N/A,N/A,N/A,N/A,N/A,N/A,,,1
1759293578,eth2,70,Ethernet,IPv6,ICMP,N/A,v6,fe80::dcac:f9ff:fe59:60,ff02::204,N/A,N/A,N/A,N/A,N/A,N/A,,,1
1759293578,eth1,70,Ethernet,IPv6,ICMP,N/A,v6,fe80::f056:abff:fe65:143,ff02::204,N/A,N/A,N/A,N/A,N/A,N/A,,,1
1759293578,eth0,70,Ethernet,IPv6,ICMP,N/A,v6,fe80::e48e:99ff:fe5f:147,ff02::204,N/A,N/A,N/A,N/A,N/A,N/A,,,1
1759293578,any,112,N/A,IPv6,ICMP,N/A,v6,fe80::f056:abff:fe65:143,ff02::179,N/A,N/A,N/A,N/A,N/A,N/A,,,1
1759293578,eth1,110,Ethernet,IPv6,ICMP,N/A,v6,fe80::f056:abff:fe65:143,ff02::179,N/A,N/A,N/A,N/A,N/A,N/A,,,1
1759293579,eth0,107,Ethernet,N/A,N/A,N/A,N/A,N/A,N/A,N/A,N/A,N/A,N/A,N/A,N/A,,,0
1759293579,any,109,N/A,N/A,N/A,N/A,N/A,N/A,N/A,N/A,N/A,N/A,N/A,N/A,N/A,,,0
1759293579,eth0,70,Ethernet,IPv6,ICMP,N/A,v6,fe80::5ca9:83ff:fe87:27,ff02::204,N/A,N/A,N/A,N/A,N/A,N/A,,,0
1759293579,any,72,N/A,IPv6,ICMP,N/A,v6,fe80::5ca9:83ff:fe87:27,ff02::204,N/A,N/A,N/A,N/A,N/A,N/A,,,0
1759293579,eth0,90,Ethernet,IPv6,ICMP,N/A,v6,fe80::5ca9:83ff:fe87:27,ff02::179,N/A,N/A,N/A,N/A,N/A,N/A,,,0
1759293579,eth0,54,Ethernet,IPv4,N/A,N/A,v4,172.30.0.220,224.0.0.22,N/A,N/A,N/A,N/A,N/A,N/A,,,0
1759293579,any,92,N/A,IPv6,ICMP,N/A,v6,fe80::5ca9:83ff:fe87:27,ff02::179,N/A,N/A,N/A,N/A,N/A,N/A,,,0
1759293579,eth0,67,Ethernet,IPv4,UDP,N/A,v4,172.30.0.220,224.0.0.252,5355,5355,N/A,N/A,N/A,N/A,,,0
1759293579,any,69,N/A,IPv4,UDP,N/A,v4,172.30.0.220,224.0.0.252,5355,5355,N/A,N/A,N/A,N/A,,,0
1759293579,eth0,87,Ethernet,IPv6,UDP,N/A,v6,fe80::5ca9:83ff:fe87:27,ff02::1:52,5355,5355,N/A,N/A,N/A,N/A,,,0
1759293579,any,89,N/A,IPv6,UDP,N/A,v6,fe80::5ca9:83ff:fe87:27,ff02::1:52,5355,5355,N/A,N/A,N/A,N/A,,,0
1759293579,eth0,356,Ethernet,IPv4,UDP,N/A,v4,0.0.0.0,255.255.255.255,68,67,N/A,N/A,N/A,N/A,,,0
1759293579,any,358,N/A,IPv4,UDP,N/A,v4,0.0.0.0,255.255.255.255,68,67,N/A,N/A,N/A,N/A,,,0
1759293579,eth1,110,Ethernet,IPv6,ICMP,N/A,v6,fe80::a824:52ff:fe4f:69,ff02::179,N/A,N/A,N/A,N/A,N/A,N/A,,,0
1759293579,any,112,N/A,IPv6,ICMP,N/A,v6,fe80::5ca9:83ff:fe87:27,ff02::179,N/A,N/A,N/A,N/A,N/A,N/A,,,0
1759293579,eth0,110,Ethernet,IPv6,ICMP,N/A,v6,fe80::5ca9:83ff:fe87:27,ff02::179,N/A,N/A,N/A,N/A,N/A,N/A,,,0
1759293579,eth0,368,Ethernet,IPv4,UDP,N/A,v4,0.0.0.0,255.255.255.255,68,67,N/A,N/A,N/A,N/A,,,0
1759293579,any,370,N/A,IPv4,UDP,N/A,v4,0.0.0.0,255.255.255.255,68,67,N/A,N/A,N/A,N/A,,,0
1759293579,eth0,54,Ethernet,IPv4,N/A,N/A,v4,172.30.0.220,224.0.0.22,N/A,N/A,N/A,N/A,N/A,N/A,,,0
1759293579,any,56,N/A,IPv4,N/A,N/A,v4,172.30.0.220,224.0.0.22,N/A,N/A,N/A,N/A,N/A,N/A,,,0
1759293579,eth0,110,Ethernet,IPv6,ICMP,N/A,v6,fe80::5ca9:83ff:fe87:27,ff02::179,N/A,N/A,N/A,N/A,N/A,N/A,,,0
1759293579,any,112,N/A,IPv6,ICMP,N/A,v6,fe80::5ca9:83ff:fe87:27,ff02::179,N/A,N/A,N/A,N/A,N/A,N/A,,,0
1759293579,eth0,42,Ethernet,N/A,N/A,N/A,N/A,N/A,N/A,N/A,N/A,N/A,N/A,N/A,N/A,,,0
1759293579,any,44,ARP,N/A,N/A,N/A,N/A,N/A,N/A,N/A,N/A,1,2048,172.30.0.220,172.30.0.122,,,0
1759293579,any,58,ARP,N/A,N/A,N/A,N/A,N/A,N/A,N/A,N/A,2,2048,172.30.0.122,172.30.0.220,,,0
1759293579,eth0,56,Ethernet,N/A,N/A,N/A,N/A,N/A,N/A,N/A,N/A,N/A,N/A,N/A,N/A,,,0
1759293579,eth0,56,Ethernet,N/A,N/A,N/A,N/A,N/A,N/A,N/A,N/A,N/A,N/A,N/A,N/A,,,0
1759293579,eth1,70,Ethernet,IPv6,ICMP,N/A,v6,fe80::7827:e3ff:fe68:239,ff02::204,N/A,N/A,N/A,N/A,N/A,N/A,,,1
1759293579,any,72,N/A,IPv6,ICMP,N/A,v6,fe80::24f1:23ff:fe29:66,ff02::204,N/A,N/A,N/A,N/A,N/A,N/A,,,1
1759293579,any,72,N/A,IPv6,ICMP,N/A,v6,fe80::7827:e3ff:fe68:239,ff02::204,N/A,N/A,N/A,N/A,N/A,N/A,,,1
1759293579,eth0,70,Ethernet,IPv6,ICMP,N/A,v6,fe80::24f1:23ff:fe29:66,ff02::204,N/A,N/A,N/A,N/A,N/A,N/A,,,1
1759293579,eth0,70,Ethernet,IPv6,ICMP,N/A,v6,fe80::ecf9:eff:fefb:55,ff02::204,N/A,N/A,N/A,N/A,N/A,N/A,,,1
1759293579,any,72,N/A,IPv6,ICMP,N/A,v6,fe80::ecf9:eff:fefb:55,ff02::204,N/A,N/A,N/A,N/A,N/A,N/A,,,1
1759293579,eth0,111,Ethernet,N/A,N/A,N/A,N/A,N/A,N/A,N/A,N/A,N/A,N/A,N/A,N/A,,,1
1759293579,any,113,N/A,N/A,N/A,N/A,N/A,N/A,N/A,N/A,N/A,N/A,N/A,N/A,N/A,,,1
1759293579,any,92,N/A,IPv6,ICMP,N/A,v6,fe80::ecf9:eff:fefb:55,ff02::179,N/A,N/A,N/A,N/A,N/A,N/A,,,1
1759293579,eth0,90,Ethernet,IPv6,ICMP,N/A,v6,fe80::ecf9:eff:fefb:55,ff02::179,N/A,N/A,N/A,N/A,N/A,N/A,,,1
1759293579,eth0,56,Ethernet,IPv4,N/A,N/A,v4,172.30.0.89,224.0.0.22,N/A,N/A,N/A,N/A,N/A,N/A,,,1
1759293579,any,69,N/A,IPv4,UDP,N/A,v4,172.30.0.89,224.0.0.252,5355,5355,N/A,N/A,N/A,N/A,,,1
1759293579,eth0,67,Ethernet,IPv4,UDP,N/A,v4,172.30.0.89,224.0.0.252,5355,5355,N/A,N/A,N/A,N/A,,,1
1759293579,any,358,N/A,IPv4,UDP,N/A,v4,0.0.0.0,255.255.255.255,68,67,N/A,N/A,N/A,N/A,,,1
1759293579,eth0,356,Ethernet,IPv4,UDP,N/A,v4,0.0.0.0,255.255.255.255,68,67,N/A,N/A,N/A,N/A,,,1
1759293579,eth0,110,Ethernet,IPv6,ICMP,N/A,v6,fe80::ecf9:eff:fefb:55,ff02::179,N/A,N/A,N/A,N/A,N/A,N/A,,,1
1759293579,any,112,N/A,IPv6,ICMP,N/A,v6,fe80::ecf9:eff:fefb:55,ff02::179,N/A,N/A,N/A,N/A,N/A,N/A,,,1
1759293579,eth1,110,Ethernet,IPv6,ICMP,N/A,v6,fe80::103b:bdff:fef0:169,ff02::179,N/A,N/A,N/A,N/A,N/A,N/A,,,1
1759293579,any,370,N/A,IPv4,UDP,N/A,v4,0.0.0.0,255.255.255.255,68,67,N/A,N/A,N/A,N/A,,,1
1759293579,eth0,368,Ethernet,IPv4,UDP,N/A,v4,0.0.0.0,255.255.255.255,68,67,N/A,N/A,N/A,N/A,,,1
1759293579,eth0,110,Ethernet,IPv6,ICMP,N/A,v6,fe80::ecf9:eff:fefb:55,ff02::179,N/A,N/A,N/A,N/A,N/A,N/A,,,1
1759293579,eth0,56,Ethernet,IPv4,N/A,N/A,v4,172.30.0.89,224.0.0.22,N/A,N/A,N/A,N/A,N/A,N/A,,,1
1759293579,any,112,N/A,IPv6,ICMP,N/A,v6,fe80::ecf9:eff:fefb:55,ff02::179,N/A,N/A,N/A,N/A,N/A,N/A,,,1
1759293579,any,58,N/A,IPv4,N/A,N/A,v4,172.30.0.89,224.0.0.22,N/A,N/A,N/A,N/A,N/A,N/A,,,1
1759293579,eth0,56,Ethernet,N/A,N/A,N/A,N/A,N/A,N/A,N/A,N/A,N/A,N/A,N/A,N/A,,,1
1759293579,any,58,ARP,N/A,N/A,N/A,N/A,N/A,N/A,N/A,N/A,1,2048,172.30.0.89,172.30.0.122,,,1
1759293579,any,58,N/A,IPv4,N/A,N/A,v4,172.30.0.89,224.0.0.22,N/A,N/A,N/A,N/A,N/A,N/A,,,1
1759293579,eth0,56,Ethernet,IPv4,N/A,N/A,v4,172.30.0.89,224.0.0.22,N/A,N/A,N/A,N/A,N/A,N/A,,,1
1759293579,eth0,90,Ethernet,IPv6,ICMP,N/A,v6,fe80::ecf9:eff:fefb:55,ff02::179,N/A,N/A,N/A,N/A,N/A,N/A,,,1
1759293579,eth1,110,Ethernet,IPv6,ICMP,N/A,v6,fe80::103b:bdff:fef0:169,ff02::179,N/A,N/A,N/A,N/A,N/A,N/A,,,1
1759293579,any,112,N/A,IPv6,ICMP,N/A,v6,fe80::103b:bdff:fef0:169,ff02::179,N/A,N/A,N/A,N/A,N/A,N/A,,,1
1759293579,eth0,54,Ethernet,IPv4,N/A,N/A,v4,172.30.0.220,224.0.0.22,N/A,N/A,N/A,N/A,N/A,N/A,,,0
1759293579,any,56,N/A,IPv4,N/A,N/A,v4,172.30.0.220,224.0.0.22,N/A,N/A,N/A,N/A,N/A,N/A,,,0
1759293580,eth0,111,Ethernet,N/A,N/A,N/A,N/A,N/A,N/A,N/A,N/A,N/A,N/A,N/A,N/A,,,1
1759293580,any,113,N/A,N/A,N/A,N/A,N/A,N/A,N/A,N/A,N/A,N/A,N/A,N/A,N/A,,,1
1759293580,eth1,70,Ethernet,IPv6,ICMP,N/A,v6,fe80::103b:bdff:fef0:169,ff02::204,N/A,N/A,N/A,N/A,N/A,N/A,,,1
1759293580,any,72,N/A,IPv6,ICMP,N/A,v6,fe80::ecf9:eff:fefb:55,ff02::204,N/A,N/A,N/A,N/A,N/A,N/A,,,1
1759293580,any,72,N/A,IPv6,ICMP,N/A,v6,fe80::103b:bdff:fef0:169,ff02::204,N/A,N/A,N/A,N/A,N/A,N/A,,,1
1759293580,eth0,70,Ethernet,IPv6,ICMP,N/A,v6,fe80::ecf9:eff:fefb:55,ff02::204,N/A,N/A,N/A,N/A,N/A,N/A,,,1
1759293580,eth0,90,Ethernet,IPv6,ICMP,N/A,v6,fe80::5ca9:83ff:fe87:27,ff02::179,N/A,N/A,N/A,N/A,N/A,N/A,,,0
1759293580,any,92,N/A,IPv6,ICMP,N/A,v6,fe80::5ca9:83ff:fe87:27,ff02::179,N/A,N/A,N/A,N/A,N/A,N/A,,,0
1759293580,eth0,70,Ethernet,IPv6,ICMP,N/A,v6,fe80::5ca9:83ff:fe87:27,ff02::204,N/A,N/A,N/A,N/A,N/A,N/A,,,0
1759293580,any,72,N/A,IPv6,ICMP,N/A,v6,fe80::a824:52ff:fe4f:69,ff02::204,N/A,N/A,N/A,N/A,N/A,N/A,,,0
1759293580,eth1,70,Ethernet,IPv6,ICMP,N/A,v6,fe80::a824:52ff:fe4f:69,ff02::204,N/A,N/A,N/A,N/A,N/A,N/A,,,0
1759293580,eth1,110,Ethernet,IPv6,ICMP,N/A,v6,fe80::a824:52ff:fe4f:69,ff02::179,N/A,N/A,N/A,N/A,N/A,N/A,,,0
1759293580,any,112,N/A,IPv6,ICMP,N/A,v6,fe80::a824:52ff:fe4f:69,ff02::179,N/A,N/A,N/A,N/A,N/A,N/A,,,0
1759293580,any,109,N/A,N/A,N/A,N/A,N/A,N/A,N/A,N/A,N/A,N/A,N/A,N/A,N/A,,,0
1759293580,eth0,107,Ethernet,N/A,N/A,N/A,N/A,N/A,N/A,N/A,N/A,N/A,N/A,N/A,N/A,,,0
1759293581,any,113,N/A,N/A,N/A,N/A,N/A,N/A,N/A,N/A,N/A,N/A,N/A,N/A,N/A,,,1
1759293581,eth0,111,Ethernet,N/A,N/A,N/A,N/A,N/A,N/A,N/A,N/A,N/A,N/A,N/A,N/A,,,1
1759293581,eth0,70,Ethernet,IPv6,ICMP,N/A,v6,fe80::b0b5:44ff:feea:219,ff02::204,N/A,N/A,N/A,N/A,N/A,N/A,,,1
1759293581,any,72,N/A,IPv6,ICMP,N/A,v6,fe80::b0b5:44ff:feea:219,ff02::204,N/A,N/A,N/A,N/A,N/A,N/A,,,1
1759293582,any,92,N/A,IPv6,ICMP,N/A,v6,fe80::b0b5:44ff:feea:219,ff02::179,N/A,N/A,N/A,N/A,N/A,N/A,,,1
1759293582,eth0,90,Ethernet,IPv6,ICMP,N/A,v6,fe80::b0b5:44ff:feea:219,ff02::179,N/A,N/A,N/A,N/A,N/A,N/A,,,1
1759293582,eth0,54,Ethernet,IPv4,N/A,N/A,v4,172.30.0.163,224.0.0.22,N/A,N/A,N/A,N/A,N/A,N/A,,,1
1759293582,eth0,88,Ethernet,IPv6,UDP,N/A,v6,fe80::b0b5:44ff:feea:219,ff02::1:52,5355,5355,N/A,N/A,N/A,N/A,,,1
1759293582,any,90,N/A,IPv6,UDP,N/A,v6,fe80::b0b5:44ff:feea:219,ff02::1:52,5355,5355,N/A,N/A,N/A,N/A,,,1
1759293582,any,359,N/A,IPv4,UDP,N/A,v4,0.0.0.0,255.255.255.255,68,67,N/A,N/A,N/A,N/A,,,1
1759293582,eth0,357,Ethernet,IPv4,UDP,N/A,v4,0.0.0.0,255.255.255.255,68,67,N/A,N/A,N/A,N/A,,,1
1759293582,any,371,N/A,IPv4,UDP,N/A,v4,0.0.0.0,255.255.255.255,68,67,N/A,N/A,N/A,N/A,,,1
1759293582,eth0,369,Ethernet,IPv4,UDP,N/A,v4,0.0.0.0,255.255.255.255,68,67,N/A,N/A,N/A,N/A,,,1
1759293582,any,112,N/A,IPv6,ICMP,N/A,v6,fe80::780a:a9ff:fee6:89,ff02::179,N/A,N/A,N/A,N/A,N/A,N/A,,,1
1759293582,eth1,110,Ethernet,IPv6,ICMP,N/A,v6,fe80::780a:a9ff:fee6:89,ff02::179,N/A,N/A,N/A,N/A,N/A,N/A,,,1
1759293582,any,112,N/A,IPv6,ICMP,N/A,v6,fe80::b0b5:44ff:feea:219,ff02::179,N/A,N/A,N/A,N/A,N/A,N/A,,,1
1759293582,eth0,110,Ethernet,IPv6,ICMP,N/A,v6,fe80::b0b5:44ff:feea:219,ff02::179,N/A,N/A,N/A,N/A,N/A,N/A,,,1
1759293582,eth0,54,Ethernet,IPv4,N/A,N/A,v4,172.30.0.163,224.0.0.22,N/A,N/A,N/A,N/A,N/A,N/A,,,1
1759293582,eth0,42,Ethernet,N/A,N/A,N/A,N/A,N/A,N/A,N/A,N/A,N/A,N/A,N/A,N/A,,,1
1759293582,any,44,ARP,N/A,N/A,N/A,N/A,N/A,N/A,N/A,N/A,1,2048,172.30.0.163,172.30.0.122,,,1
1759293582,eth0,110,Ethernet,IPv6,ICMP,N/A,v6,fe80::b0b5:44ff:feea:219,ff02::179,N/A,N/A,N/A,N/A,N/A,N/A,,,1
1759293582,any,112,N/A,IPv6,ICMP,N/A,v6,fe80::b0b5:44ff:feea:219,ff02::179,N/A,N/A,N/A,N/A,N/A,N/A,,,1
1759293582,eth0,90,Ethernet,IPv6,ICMP,N/A,v6,fe80::e48e:99ff:fe5f:147,ff02::179,N/A,N/A,N/A,N/A,N/A,N/A,,,1
1759293582,eth0,54,Ethernet,IPv4,N/A,N/A,v4,172.30.0.220,224.0.0.22,N/A,N/A,N/A,N/A,N/A,N/A,,,1
1759293582,any,92,N/A,IPv6,ICMP,N/A,v6,fe80::e48e:99ff:fe5f:147,ff02::179,N/A,N/A,N/A,N/A,N/A,N/A,,,1
1759293582,eth0,71,Ethernet,IPv4,UDP,N/A,v4,172.30.0.220,224.0.0.252,5355,5355,N/A,N/A,N/A,N/A,,,1
1759293582,any,73,N/A,IPv4,UDP,N/A,v4,172.30.0.220,224.0.0.252,5355,5355,N/A,N/A,N/A,N/A,,,1
1759293582,eth0,91,Ethernet,IPv6,UDP,N/A,v6,fe80::e48e:99ff:fe5f:147,ff02::1:52,5355,5355,N/A,N/A,N/A,N/A,,,1
1759293582,any,93,N/A,IPv6,UDP,N/A,v6,fe80::e48e:99ff:fe5f:147,ff02::1:52,5355,5355,N/A,N/A,N/A,N/A,,,1
1759293582,eth0,360,Ethernet,IPv4,UDP,N/A,v4,0.0.0.0,255.255.255.255,68,67,N/A,N/A,N/A,N/A,,,1
1759293582,any,362,N/A,IPv4,UDP,N/A,v4,0.0.0.0,255.255.255.255,68,67,N/A,N/A,N/A,N/A,,,1
1759293582,eth0,372,Ethernet,IPv4,UDP,N/A,v4,0.0.0.0,255.255.255.255,68,67,N/A,N/A,N/A,N/A,,,1
1759293582,any,374,N/A,IPv4,UDP,N/A,v4,0.0.0.0,255.255.255.255,68,67,N/A,N/A,N/A,N/A,,,1
1759293582,eth2,110,Ethernet,IPv6,ICMP,N/A,v6,fe80::dcac:f9ff:fe59:60,ff02::179,N/A,N/A,N/A,N/A,N/A,N/A,,,1
1759293582,any,112,N/A,IPv6,ICMP,N/A,v6,fe80::f056:abff:fe65:143,ff02::179,N/A,N/A,N/A,N/A,N/A,N/A,,,1
1759293582,eth1,110,Ethernet,IPv6,ICMP,N/A,v6,fe80::f056:abff:fe65:143,ff02::179,N/A,N/A,N/A,N/A,N/A,N/A,,,1
1759293582,eth0,110,Ethernet,IPv6,ICMP,N/A,v6,fe80::e48e:99ff:fe5f:147,ff02::179,N/A,N/A,N/A,N/A,N/A,N/A,,,1
1759293582,eth0,54,Ethernet,IPv4,N/A,N/A,v4,172.30.0.220,224.0.0.22,N/A,N/A,N/A,N/A,N/A,N/A,,,1
1759293582,eth0,42,Ethernet,N/A,N/A,N/A,N/A,N/A,N/A,N/A,N/A,N/A,N/A,N/A,N/A,,,1
1759293582,any,112,N/A,IPv6,ICMP,N/A,v6,fe80::e48e:99ff:fe5f:147,ff02::179,N/A,N/A,N/A,N/A,N/A,N/A,,,1
1759293582,any,58,ARP,N/A,N/A,N/A,N/A,N/A,N/A,N/A,N/A,2,2048,172.30.0.122,172.30.0.220,,,1
1759293582,eth0,56,Ethernet,N/A,N/A,N/A,N/A,N/A,N/A,N/A,N/A,N/A,N/A,N/A,N/A,,,1
1759293582,eth0,56,Ethernet,N/A,N/A,N/A,N/A,N/A,N/A,N/A,N/A,N/A,N/A,N/A,N/A,,,1
1759293582,any,58,ARP,N/A,N/A,N/A,N/A,N/A,N/A,N/A,N/A,2,2048,172.30.0.122,172.30.0.220,,,1
1759293582,eth0,54,Ethernet,IPv4,N/A,N/A,v4,172.30.0.220,224.0.0.22,N/A,N/A,N/A,N/A,N/A,N/A,,,1
1759293582,any,56,N/A,IPv4,N/A,N/A,v4,172.30.0.220,224.0.0.22,N/A,N/A,N/A,N/A,N/A,N/A,,,1
1759293582,any,112,N/A,IPv6,ICMP,N/A,v6,fe80::780a:a9ff:fee6:89,ff02::179,N/A,N/A,N/A,N/A,N/A,N/A,,,1
1759293582,eth1,110,Ethernet,IPv6,ICMP,N/A,v6,fe80::780a:a9ff:fee6:89,ff02::179,N/A,N/A,N/A,N/A,N/A,N/A,,,1
1759293582,eth0,110,Ethernet,IPv6,ICMP,N/A,v6,fe80::e48e:99ff:fe5f:147,ff02::179,N/A,N/A,N/A,N/A,N/A,N/A,,,1
1759293582,any,112,N/A,IPv6,ICMP,N/A,v6,fe80::e48e:99ff:fe5f:147,ff02::179,N/A,N/A,N/A,N/A,N/A,N/A,,,1
1759293582,any,56,N/A,IPv4,N/A,N/A,v4,172.30.0.163,224.0.0.22,N/A,N/A,N/A,N/A,N/A,N/A,,,1
1759293582,eth0,54,Ethernet,IPv4,N/A,N/A,v4,172.30.0.163,224.0.0.22,N/A,N/A,N/A,N/A,N/A,N/A,,,1
1759293582,eth0,90,Ethernet,IPv6,ICMP,N/A,v6,fe80::24f1:23ff:fe29:66,ff02::179,N/A,N/A,N/A,N/A,N/A,N/A,,,1
1759293582,eth0,54,Ethernet,IPv4,N/A,N/A,v4,172.30.0.23,224.0.0.22,N/A,N/A,N/A,N/A,N/A,N/A,,,1
1759293582,any,92,N/A,IPv6,ICMP,N/A,v6,fe80::24f1:23ff:fe29:66,ff02::179,N/A,N/A,N/A,N/A,N/A,N/A,,,1
1759293582,any,112,N/A,IPv6,ICMP,N/A,v6,fe80::dcac:f9ff:fe59:60,ff02::179,N/A,N/A,N/A,N/A,N/A,N/A,,,1
1759293582,eth2,110,Ethernet,IPv6,ICMP,N/A,v6,fe80::dcac:f9ff:fe59:60,ff02::179,N/A,N/A,N/A,N/A,N/A,N/A,,,1
1759293582,any,89,N/A,IPv6,UDP,N/A,v6,fe80::24f1:23ff:fe29:66,ff02::1:52,5355,5355,N/A,N/A,N/A,N/A,,,1
1759293582,eth0,87,Ethernet,IPv6,UDP,N/A,v6,fe80::24f1:23ff:fe29:66,ff02::1:52,5355,5355,N/A,N/A,N/A,N/A,,,1
1759293582,any,112,N/A,IPv6,ICMP,N/A,v6,fe80::f056:abff:fe65:143,ff02::179,N/A,N/A,N/A,N/A,N/A,N/A,,,1
1759293582,eth1,110,Ethernet,IPv6,ICMP,N/A,v6,fe80::f056:abff:fe65:143,ff02::179,N/A,N/A,N/A,N/A,N/A,N/A,,,1
1759293582,any,69,N/A,IPv4,UDP,N/A,v4,172.30.0.23,224.0.0.252,5355,5355,N/A,N/A,N/A,N/A,,,1
1759293582,eth0,67,Ethernet,IPv4,UDP,N/A,v4,172.30.0.23,224.0.0.252,5355,5355,N/A,N/A,N/A,N/A,,,1
1759293582,any,358,N/A,IPv4,UDP,N/A,v4,0.0.0.0,255.255.255.255,68,67,N/A,N/A,N/A,N/A,,,1
1759293582,eth0,356,Ethernet,IPv4,UDP,N/A,v4,0.0.0.0,255.255.255.255,68,67,N/A,N/A,N/A,N/A,,,1
1759293582,eth0,368,Ethernet,IPv4,UDP,N/A,v4,0.0.0.0,255.255.255.255,68,67,N/A,N/A,N/A,N/A,,,1
1759293582,any,370,N/A,IPv4,UDP,N/A,v4,0.0.0.0,255.255.255.255,68,67,N/A,N/A,N/A,N/A,,,1
1759293582,any,112,N/A,IPv6,ICMP,N/A,v6,fe80::7827:e3ff:fe68:239,ff02::179,N/A,N/A,N/A,N/A,N/A,N/A,,,1
1759293582,eth1,110,Ethernet,IPv6,ICMP,N/A,v6,fe80::7827:e3ff:fe68:239,ff02::179,N/A,N/A,N/A,N/A,N/A,N/A,,,1
1759293582,any,112,N/A,IPv6,ICMP,N/A,v6,fe80::24f1:23ff:fe29:66,ff02::179,N/A,N/A,N/A,N/A,N/A,N/A,,,1
1759293582,eth0,110,Ethernet,IPv6,ICMP,N/A,v6,fe80::24f1:23ff:fe29:66,ff02::179,N/A,N/A,N/A,N/A,N/A,N/A,,,1
1759293582,eth0,54,Ethernet,IPv4,N/A,N/A,v4,172.30.0.23,224.0.0.22,N/A,N/A,N/A,N/A,N/A,N/A,,,1
1759293582,eth0,42,Ethernet,N/A,N/A,N/A,N/A,N/A,N/A,N/A,N/A,N/A,N/A,N/A,N/A,,,1
1759293582,any,109,N/A,N/A,N/A,N/A,N/A,N/A,N/A,N/A,N/A,N/A,N/A,N/A,N/A,,,0
1759293582,eth0,107,Ethernet,N/A,N/A,N/A,N/A,N/A,N/A,N/A,N/A,N/A,N/A,N/A,N/A,,,0
1759293582,any,44,ARP,N/A,N/A,N/A,N/A,N/A,N/A,N/A,N/A,1,2048,172.30.0.23,172.30.0.122,,,1
1759293582,any,112,N/A,IPv6,ICMP,N/A,v6,fe80::7827:e3ff:fe68:239,ff02::179,N/A,N/A,N/A,N/A,N/A,N/A,,,1
1759293582,eth1,110,Ethernet,IPv6,ICMP,N/A,v6,fe80::7827:e3ff:fe68:239,ff02::179,N/A,N/A,N/A,N/A,N/A,N/A,,,1
1759293583,eth0,107,Ethernet,N/A,N/A,N/A,N/A,N/A,N/A,N/A,N/A,N/A,N/A,N/A,N/A,,,0
1759293583,any,109,N/A,N/A,N/A,N/A,N/A,N/A,N/A,N/A,N/A,N/A,N/A,N/A,N/A,,,0
1759293583,eth0,90,Ethernet,IPv6,ICMP,N/A,v6,fe80::5ca9:83ff:fe87:27,ff02::179,N/A,N/A,N/A,N/A,N/A,N/A,,,0
1759293583,eth0,54,Ethernet,IPv4,N/A,N/A,v4,172.30.0.220,224.0.0.22,N/A,N/A,N/A,N/A,N/A,N/A,,,0
1759293583,any,92,N/A,IPv6,ICMP,N/A,v6,fe80::5ca9:83ff:fe87:27,ff02::179,N/A,N/A,N/A,N/A,N/A,N/A,,,0
1759293583,eth0,87,Ethernet,IPv6,UDP,N/A,v6,fe80::5ca9:83ff:fe87:27,ff02::1:52,5355,5355,N/A,N/A,N/A,N/A,,,0
1759293583,eth0,67,Ethernet,IPv4,UDP,N/A,v4,172.30.0.220,224.0.0.252,5355,5355,N/A,N/A,N/A,N/A,,,0
1759293583,any,89,N/A,IPv6,UDP,N/A,v6,fe80::5ca9:83ff:fe87:27,ff02::1:52,5355,5355,N/A,N/A,N/A,N/A,,,0
1759293583,eth1,110,Ethernet,IPv6,ICMP,N/A,v6,fe80::a824:52ff:fe4f:69,ff02::179,N/A,N/A,N/A,N/A,N/A,N/A,,,0
1759293583,any,112,N/A,IPv6,ICMP,N/A,v6,fe80::a824:52ff:fe4f:69,ff02::179,N/A,N/A,N/A,N/A,N/A,N/A,,,0
1759293583,any,358,N/A,IPv4,UDP,N/A,v4,0.0.0.0,255.255.255.255,68,67,N/A,N/A,N/A,N/A,,,0
1759293583,eth0,356,Ethernet,IPv4,UDP,N/A,v4,0.0.0.0,255.255.255.255,68,67,N/A,N/A,N/A,N/A,,,0
1759293583,any,72,N/A,IPv6,ICMP,N/A,v6,fe80::780a:a9ff:fee6:89,ff02::204,N/A,N/A,N/A,N/A,N/A,N/A,,,1
1759293583,eth1,70,Ethernet,IPv6,ICMP,N/A,v6,fe80::780a:a9ff:fee6:89,ff02::204,N/A,N/A,N/A,N/A,N/A,N/A,,,1
1759293583,eth0,70,Ethernet,IPv6,ICMP,N/A,v6,fe80::b0b5:44ff:feea:219,ff02::204,N/A,N/A,N/A,N/A,N/A,N/A,,,1
1759293583,eth1,70,Ethernet,IPv6,ICMP,N/A,v6,fe80::f056:abff:fe65:143,ff02::204,N/A,N/A,N/A,N/A,N/A,N/A,,,1
1759293583,eth0,111,Ethernet,N/A,N/A,N/A,N/A,N/A,N/A,N/A,N/A,N/A,N/A,N/A,N/A,,,1
1759293583,eth0,70,Ethernet,IPv6,ICMP,N/A,v6,fe80::e48e:99ff:fe5f:147,ff02::204,N/A,N/A,N/A,N/A,N/A,N/A,,,1
1759293583,eth2,70,Ethernet,IPv6,ICMP,N/A,v6,fe80::dcac:f9ff:fe59:60,ff02::204,N/A,N/A,N/A,N/A,N/A,N/A,,,1
1759293583,eth0,90,Ethernet,IPv6,ICMP,N/A,v6,fe80::ecf9:eff:fefb:55,ff02::179,N/A,N/A,N/A,N/A,N/A,N/A,,,1
1759293583,eth0,56,Ethernet,IPv4,N/A,N/A,v4,172.30.0.89,224.0.0.22,N/A,N/A,N/A,N/A,N/A,N/A,,,1
1759293583,any,92,N/A,IPv6,ICMP,N/A,v6,fe80::ecf9:eff:fefb:55,ff02::179,N/A,N/A,N/A,N/A,N/A,N/A,,,1
1759293583,eth0,87,Ethernet,IPv6,UDP,N/A,v6,fe80::ecf9:eff:fefb:55,ff02::1:52,5355,5355,N/A,N/A,N/A,N/A,,,1
1759293583,eth0,67,Ethernet,IPv4,UDP,N/A,v4,172.30.0.89,224.0.0.252,5355,5355,N/A,N/A,N/A,N/A,,,1
1759293583,any,89,N/A,IPv6,UDP,N/A,v6,fe80::ecf9:eff:fefb:55,ff02::1:52,5355,5355,N/A,N/A,N/A,N/A,,,1
1759293583,any,358,N/A,IPv4,UDP,N/A,v4,0.0.0.0,255.255.255.255,68,67,N/A,N/A,N/A,N/A,,,1
1759293583,eth0,356,Ethernet,IPv4,UDP,N/A,v4,0.0.0.0,255.255.255.255,68,67,N/A,N/A,N/A,N/A,,,1
1759293583,eth0,368,Ethernet,IPv4,UDP,N/A,v4,0.0.0.0,255.255.255.255,68,67,N/A,N/A,N/A,N/A,,,1
1759293583,any,370,N/A,IPv4,UDP,N/A,v4,0.0.0.0,255.255.255.255,68,67,N/A,N/A,N/A,N/A,,,1
1759293583,eth1,110,Ethernet,IPv6,ICMP,N/A,v6,fe80::103b:bdff:fef0:169,ff02::179,N/A,N/A,N/A,N/A,N/A,N/A,,,1
1759293583,eth0,56,Ethernet,N/A,N/A,N/A,N/A,N/A,N/A,N/A,N/A,N/A,N/A,N/A,N/A,,,1
1759293583,any,58,ARP,N/A,N/A,N/A,N/A,N/A,N/A,N/A,N/A,1,2048,172.30.0.89,172.30.0.122,,,1
1759293583,any,112,N/A,IPv6,ICMP,N/A,v6,fe80::103b:bdff:fef0:169,ff02::179,N/A,N/A,N/A,N/A,N/A,N/A,,,1
1759293583,any,112,N/A,IPv6,ICMP,N/A,v6,fe80::ecf9:eff:fefb:55,ff02::179,N/A,N/A,N/A,N/A,N/A,N/A,,,1
1759293583,any,112,N/A,IPv6,ICMP,N/A,v6,fe80::5ca9:83ff:fe87:27,ff02::179,N/A,N/A,N/A,N/A,N/A,N/A,,,0
1759293583,eth1,110,Ethernet,IPv6,ICMP,N/A,v6,fe80::a824:52ff:fe4f:69,ff02::179,N/A,N/A,N/A,N/A,N/A,N/A,,,0
1759293583,any,58,N/A,IPv4,N/A,N/A,v4,172.30.0.89,224.0.0.22,N/A,N/A,N/A,N/A,N/A,N/A,,,1
1759293583,eth0,110,Ethernet,IPv6,ICMP,N/A,v6,fe80::ecf9:eff:fefb:55,ff02::179,N/A,N/A,N/A,N/A,N/A,N/A,,,1
1759293583,eth0,56,Ethernet,IPv4,N/A,N/A,v4,172.30.0.89,224.0.0.22,N/A,N/A,N/A,N/A,N/A,N/A,,,1
1759293583,any,58,N/A,IPv4,N/A,N/A,v4,172.30.0.89,224.0.0.22,N/A,N/A,N/A,N/A,N/A,N/A,,,1
1759293583,eth0,56,Ethernet,IPv4,N/A,N/A,v4,172.30.0.89,224.0.0.22,N/A,N/A,N/A,N/A,N/A,N/A,,,1
1759293583,eth0,110,Ethernet,IPv6,ICMP,N/A,v6,fe80::24f1:23ff:fe29:66,ff02::179,N/A,N/A,N/A,N/A,N/A,N/A,,,1
1759293583,any,112,N/A,IPv6,ICMP,N/A,v6,fe80::24f1:23ff:fe29:66,ff02::179,N/A,N/A,N/A,N/A,N/A,N/A,,,1
1759293583,any,112,N/A,IPv6,ICMP,N/A,v6,fe80::103b:bdff:fef0:169,ff02::179,N/A,N/A,N/A,N/A,N/A,N/A,,,1
1759293583,eth1,110,Ethernet,IPv6,ICMP,N/A,v6,fe80::103b:bdff:fef0:169,ff02::179,N/A,N/A,N/A,N/A,N/A,N/A,,,1
1759293583,any,56,N/A,IPv4,N/A,N/A,v4,172.30.0.23,224.0.0.22,N/A,N/A,N/A,N/A,N/A,N/A,,,1
1759293583,eth0,54,Ethernet,IPv4,N/A,N/A,v4,172.30.0.23,224.0.0.22,N/A,N/A,N/A,N/A,N/A,N/A,,,1
1759293584,eth0,110,Ethernet,IPv6,ICMP,N/A,v6,fe80::5ca9:83ff:fe87:27,ff02::179,N/A,N/A,N/A,N/A,N/A,N/A,,,0
1759293584,eth0,368,Ethernet,IPv4,UDP,N/A,v4,0.0.0.0,255.255.255.255,68,67,N/A,N/A,N/A,N/A,,,0
1759293584,eth0,54,Ethernet,IPv4,N/A,N/A,v4,172.30.0.220,224.0.0.22,N/A,N/A,N/A,N/A,N/A,N/A,,,0
1759293584,eth0,110,Ethernet,IPv6,ICMP,N/A,v6,fe80::5ca9:83ff:fe87:27,ff02::179,N/A,N/A,N/A,N/A,N/A,N/A,,,0
1759293584,eth0,42,Ethernet,N/A,N/A,N/A,N/A,N/A,N/A,N/A,N/A,N/A,N/A,N/A,N/A,,,0
1759293584,eth0,56,Ethernet,N/A,N/A,N/A,N/A,N/A,N/A,N/A,N/A,N/A,N/A,N/A,N/A,,,0
1759293584,eth0,56,Ethernet,N/A,N/A,N/A,N/A,N/A,N/A,N/A,N/A,N/A,N/A,N/A,N/A,,,0
1759293584,any,56,N/A,IPv4,N/A,N/A,v4,172.30.0.220,224.0.0.22,N/A,N/A,N/A,N/A,N/A,N/A,,,0
1759293584,any,112,N/A,IPv6,ICMP,N/A,v6,fe80::5ca9:83ff:fe87:27,ff02::179,N/A,N/A,N/A,N/A,N/A,N/A,,,0
1759293584,any,112,N/A,IPv6,ICMP,N/A,v6,fe80::a824:52ff:fe4f:69,ff02::179,N/A,N/A,N/A,N/A,N/A,N/A,,,0
1759293584,any,44,ARP,N/A,N/A,N/A,N/A,N/A,N/A,N/A,N/A,1,2048,172.30.0.220,172.30.0.122,,,0
1759293584,any,58,ARP,N/A,N/A,N/A,N/A,N/A,N/A,N/A,N/A,2,2048,172.30.0.122,172.30.0.220,,,0
1759293584,any,58,ARP,N/A,N/A,N/A,N/A,N/A,N/A,N/A,N/A,2,2048,172.30.0.122,172.30.0.220,,,0
1759293584,eth0,54,Ethernet,IPv4,N/A,N/A,v4,172.30.0.220,224.0.0.22,N/A,N/A,N/A,N/A,N/A,N/A,,,0
1759293584,any,56,N/A,IPv4,N/A,N/A,v4,172.30.0.220,224.0.0.22,N/A,N/A,N/A,N/A,N/A,N/A,,,0
1759293584,eth0,90,Ethernet,IPv6,ICMP,N/A,v6,fe80::5ca9:83ff:fe87:27,ff02::179,N/A,N/A,N/A,N/A,N/A,N/A,,,0
1759293584,any,92,N/A,IPv6,ICMP,N/A,v6,fe80::5ca9:83ff:fe87:27,ff02::179,N/A,N/A,N/A,N/A,N/A,N/A,,,0
1759293584,eth1,70,Ethernet,IPv6,ICMP,N/A,v6,fe80::a824:52ff:fe4f:69,ff02::204,N/A,N/A,N/A,N/A,N/A,N/A,,,0
1759293584,any,72,N/A,IPv6,ICMP,N/A,v6,fe80::a824:52ff:fe4f:69,ff02::204,N/A,N/A,N/A,N/A,N/A,N/A,,,0
1759293584,any,72,N/A,IPv6,ICMP,N/A,v6,fe80::5ca9:83ff:fe87:27,ff02::204,N/A,N/A,N/A,N/A,N/A,N/A,,,0
1759293584,eth0,70,Ethernet,IPv6,ICMP,N/A,v6,fe80::5ca9:83ff:fe87:27,ff02::204,N/A,N/A,N/A,N/A,N/A,N/A,,,0
1759293584,eth0,70,Ethernet,IPv6,ICMP,N/A,v6,fe80::24f1:23ff:fe29:66,ff02::204,N/A,N/A,N/A,N/A,N/A,N/A,,,1
1759293584,eth1,70,Ethernet,IPv6,ICMP,N/A,v6,fe80::7827:e3ff:fe68:239,ff02::204,N/A,N/A,N/A,N/A,N/A,N/A,,,1
1759293584,any,72,N/A,IPv6,ICMP,N/A,v6,fe80::24f1:23ff:fe29:66,ff02::204,N/A,N/A,N/A,N/A,N/A,N/A,,,1
1759293584,eth0,110,Ethernet,IPv6,ICMP,N/A,v6,fe80::ecf9:eff:fefb:55,ff02::179,N/A,N/A,N/A,N/A,N/A,N/A,,,1
1759293584,any,112,N/A,IPv6,ICMP,N/A,v6,fe80::ecf9:eff:fefb:55,ff02::179,N/A,N/A,N/A,N/A,N/A,N/A,,,1
1759293584,eth0,111,Ethernet,N/A,N/A,N/A,N/A,N/A,N/A,N/A,N/A,N/A,N/A,N/A,N/A,,,1
1759293584,any,113,N/A,N/A,N/A,N/A,N/A,N/A,N/A,N/A,N/A,N/A,N/A,N/A,N/A,,,1
1759293584,eth1,70,Ethernet,IPv6,ICMP,N/A,v6,fe80::103b:bdff:fef0:169,ff02::204,N/A,N/A,N/A,N/A,N/A,N/A,,,1
1759293584,eth0,70,Ethernet,IPv6,ICMP,N/A,v6,fe80::ecf9:eff:fefb:55,ff02::204,N/A,N/A,N/A,N/A,N/A,N/A,,,1
1759293584,any,72,N/A,IPv6,ICMP,N/A,v6,fe80::ecf9:eff:fefb:55,ff02::204,N/A,N/A,N/A,N/A,N/A,N/A,,,1
1759293584,any,72,N/A,IPv6,ICMP,N/A,v6,fe80::103b:bdff:fef0:169,ff02::204,N/A,N/A,N/A,N/A,N/A,N/A,,,1
1759293585,any,109,N/A,N/A,N/A,N/A,N/A,N/A,N/A,N/A,N/A,N/A,N/A,N/A,N/A,,,0
1759293585,eth0,107,Ethernet,N/A,N/A,N/A,N/A,N/A,N/A,N/A,N/A,N/A,N/A,N/A,N/A,,,0
1759293585,eth0,111,Ethernet,N/A,N/A,N/A,N/A,N/A,N/A,N/A,N/A,N/A,N/A,N/A,N/A,,,1
1759293585,any,113,N/A,N/A,N/A,N/A,N/A,N/A,N/A,N/A,N/A,N/A,N/A,N/A,N/A,,,1
1759293586,eth0,90,Ethernet,IPv6,ICMP,N/A,v6,fe80::b0b5:44ff:feea:219,ff02::179,N/A,N/A,N/A,N/A,N/A,N/A,,,1
1759293586,eth0,54,Ethernet,IPv4,N/A,N/A,v4,172.30.0.163,224.0.0.22,N/A,N/A,N/A,N/A,N/A,N/A,,,1
1759293586,any,92,N/A,IPv6,ICMP,N/A,v6,fe80::b0b5:44ff:feea:219,ff02::179,N/A,N/A,N/A,N/A,N/A,N/A,,,1
1759293586,any,56,N/A,IPv4,N/A,N/A,v4,172.30.0.163,224.0.0.22,N/A,N/A,N/A,N/A,N/A,N/A,,,1
1759293586,eth0,357,Ethernet,IPv4,UDP,N/A,v4,0.0.0.0,255.255.255.255,68,67,N/A,N/A,N/A,N/A,,,1
1759293586,any,359,N/A,IPv4,UDP,N/A,v4,0.0.0.0,255.255.255.255,68,67,N/A,N/A,N/A,N/A,,,1
1759293586,any,371,N/A,IPv4,UDP,N/A,v4,0.0.0.0,255.255.255.255,68,67,N/A,N/A,N/A,N/A,,,1
1759293586,eth0,369,Ethernet,IPv4,UDP,N/A,v4,0.0.0.0,255.255.255.255,68,67,N/A,N/A,N/A,N/A,,,1
1759293586,any,44,ARP,N/A,N/A,N/A,N/A,N/A,N/A,N/A,N/A,1,2048,172.30.0.163,172.30.0.122,,,1
1759293586,eth0,42,Ethernet,N/A,N/A,N/A,N/A,N/A,N/A,N/A,N/A,N/A,N/A,N/A,N/A,,,1
1759293586,eth1,110,Ethernet,IPv6,ICMP,N/A,v6,fe80::780a:a9ff:fee6:89,ff02::179,N/A,N/A,N/A,N/A,N/A,N/A,,,1
1759293586,any,56,N/A,IPv4,N/A,N/A,v4,172.30.0.163,224.0.0.22,N/A,N/A,N/A,N/A,N/A,N/A,,,1
1759293586,any,112,N/A,IPv6,ICMP,N/A,v6,fe80::780a:a9ff:fee6:89,ff02::179,N/A,N/A,N/A,N/A,N/A,N/A,,,1
1759293586,eth0,54,Ethernet,IPv4,N/A,N/A,v4,172.30.0.163,224.0.0.22,N/A,N/A,N/A,N/A,N/A,N/A,,,1
1759293586,any,112,N/A,IPv6,ICMP,N/A,v6,fe80::b0b5:44ff:feea:219,ff02::179,N/A,N/A,N/A,N/A,N/A,N/A,,,1
1759293586,eth0,110,Ethernet,IPv6,ICMP,N/A,v6,fe80::b0b5:44ff:feea:219,ff02::179,N/A,N/A,N/A,N/A,N/A,N/A,,,1
1759293586,eth1,110,Ethernet,IPv6,ICMP,N/A,v6,fe80::780a:a9ff:fee6:89,ff02::179,N/A,N/A,N/A,N/A,N/A,N/A,,,1
1759293586,any,112,N/A,IPv6,ICMP,N/A,v6,fe80::780a:a9ff:fee6:89,ff02::179,N/A,N/A,N/A,N/A,N/A,N/A,,,1
1759293586,any,112,N/A,IPv6,ICMP,N/A,v6,fe80::b0b5:44ff:feea:219,ff02::179,N/A,N/A,N/A,N/A,N/A,N/A,,,1
1759293586,eth0,110,Ethernet,IPv6,ICMP,N/A,v6,fe80::b0b5:44ff:feea:219,ff02::179,N/A,N/A,N/A,N/A,N/A,N/A,,,1
1759293586,any,56,N/A,IPv4,N/A,N/A,v4,172.30.0.163,224.0.0.22,N/A,N/A,N/A,N/A,N/A,N/A,,,1
1759293586,eth0,54,Ethernet,IPv4,N/A,N/A,v4,172.30.0.163,224.0.0.22,N/A,N/A,N/A,N/A,N/A,N/A,,,1
1759293586,eth0,90,Ethernet,IPv6,ICMP,N/A,v6,fe80::24f1:23ff:fe29:66,ff02::179,N/A,N/A,N/A,N/A,N/A,N/A,,,1
1759293586,eth0,54,Ethernet,IPv4,N/A,N/A,v4,172.30.0.23,224.0.0.22,N/A,N/A,N/A,N/A,N/A,N/A,,,1
1759293586,any,92,N/A,IPv6,ICMP,N/A,v6,fe80::24f1:23ff:fe29:66,ff02::179,N/A,N/A,N/A,N/A,N/A,N/A,,,1
1759293586,any,113,N/A,N/A,N/A,N/A,N/A,N/A,N/A,N/A,N/A,N/A,N/A,N/A,N/A,,,1
1759293586,any,56,N/A,IPv4,N/A,N/A,v4,172.30.0.23,224.0.0.22,N/A,N/A,N/A,N/A,N/A,N/A,,,1
1759293586,eth0,111,Ethernet,N/A,N/A,N/A,N/A,N/A,N/A,N/A,N/A,N/A,N/A,N/A,N/A,,,1
1759293586,eth0,54,Ethernet,IPv4,N/A,N/A,v4,172.30.0.23,224.0.0.22,N/A,N/A,N/A,N/A,N/A,N/A,,,1
1759293586,eth0,87,Ethernet,IPv6,UDP,N/A,v6,fe80::24f1:23ff:fe29:66,ff02::1:52,5355,5355,N/A,N/A,N/A,N/A,,,1
1759293586,any,89,N/A,IPv6,UDP,N/A,v6,fe80::24f1:23ff:fe29:66,ff02::1:52,5355,5355,N/A,N/A,N/A,N/A,,,1
1759293586,any,358,N/A,IPv4,UDP,N/A,v4,0.0.0.0,255.255.255.255,68,67,N/A,N/A,N/A,N/A,,,1
1759293586,eth0,356,Ethernet,IPv4,UDP,N/A,v4,0.0.0.0,255.255.255.255,68,67,N/A,N/A,N/A,N/A,,,1
1759293586,any,370,N/A,IPv4,UDP,N/A,v4,0.0.0.0,255.255.255.255,68,67,N/A,N/A,N/A,N/A,,,1
1759293586,eth0,368,Ethernet,IPv4,UDP,N/A,v4,0.0.0.0,255.255.255.255,68,67,N/A,N/A,N/A,N/A,,,1
1759293586,eth0,42,Ethernet,N/A,N/A,N/A,N/A,N/A,N/A,N/A,N/A,N/A,N/A,N/A,N/A,,,1
1759293586,eth1,110,Ethernet,IPv6,ICMP,N/A,v6,fe80::7827:e3ff:fe68:239,ff02::179,N/A,N/A,N/A,N/A,N/A,N/A,,,1
1759293586,any,112,N/A,IPv6,ICMP,N/A,v6,fe80::7827:e3ff:fe68:239,ff02::179,N/A,N/A,N/A,N/A,N/A,N/A,,,1
1759293586,eth0,110,Ethernet,IPv6,ICMP,N/A,v6,fe80::24f1:23ff:fe29:66,ff02::179,N/A,N/A,N/A,N/A,N/A,N/A,,,1
1759293586,eth0,54,Ethernet,IPv4,N/A,N/A,v4,172.30.0.23,224.0.0.22,N/A,N/A,N/A,N/A,N/A,N/A,,,1
1759293586,any,112,N/A,IPv6,ICMP,N/A,v6,fe80::24f1:23ff:fe29:66,ff02::179,N/A,N/A,N/A,N/A,N/A,N/A,,,1
1759293586,eth0,54,Ethernet,IPv4,N/A,N/A,v4,172.30.0.23,224.0.0.22,N/A,N/A,N/A,N/A,N/A,N/A,,,1
1759293586,any,56,N/A,IPv4,N/A,N/A,v4,172.30.0.23,224.0.0.22,N/A,N/A,N/A,N/A,N/A,N/A,,,1
1759293586,any,72,N/A,IPv6,ICMP,N/A,v6,fe80::dcac:f9ff:fe59:60,ff02::204,N/A,N/A,N/A,N/A,N/A,N/A,,,1
1759293586,eth2,70,Ethernet,IPv6,ICMP,N/A,v6,fe80::dcac:f9ff:fe59:60,ff02::204,N/A,N/A,N/A,N/A,N/A,N/A,,,1
1759293586,eth0,107,Ethernet,N/A,N/A,N/A,N/A,N/A,N/A,N/A,N/A,N/A,N/A,N/A,N/A,,,0
1759293586,any,109,N/A,N/A,N/A,N/A,N/A,N/A,N/A,N/A,N/A,N/A,N/A,N/A,N/A,,,0
1759293587,any,112,N/A,IPv6,ICMP,N/A,v6,fe80::7827:e3ff:fe68:239,ff02::179,N/A,N/A,N/A,N/A,N/A,N/A,,,1
1759293587,eth1,110,Ethernet,IPv6,ICMP,N/A,v6,fe80::7827:e3ff:fe68:239,ff02::179,N/A,N/A,N/A,N/A,N/A,N/A,,,1
1759293587,eth1,70,Ethernet,IPv6,ICMP,N/A,v6,fe80::f056:abff:fe65:143,ff02::204,N/A,N/A,N/A,N/A,N/A,N/A,,,1
1759293587,eth0,70,Ethernet,IPv6,ICMP,N/A,v6,fe80::e48e:99ff:fe5f:147,ff02::204,N/A,N/A,N/A,N/A,N/A,N/A,,,1
1759293587,any,72,N/A,IPv6,ICMP,N/A,v6,fe80::e48e:99ff:fe5f:147,ff02::204,N/A,N/A,N/A,N/A,N/A,N/A,,,1
1759293587,eth0,54,Ethernet,IPv4,N/A,N/A,v4,172.30.0.220,224.0.0.22,N/A,N/A,N/A,N/A,N/A,N/A,,,1
1759293587,eth0,90,Ethernet,IPv6,ICMP,N/A,v6,fe80::e48e:99ff:fe5f:147,ff02::179,N/A,N/A,N/A,N/A,N/A,N/A,,,1
1759293587,any,56,N/A,IPv4,N/A,N/A,v4,172.30.0.220,224.0.0.22,N/A,N/A,N/A,N/A,N/A,N/A,,,1
1759293587,eth1,70,Ethernet,IPv6,ICMP,N/A,v6,fe80::780a:a9ff:fee6:89,ff02::204,N/A,N/A,N/A,N/A,N/A,N/A,,,1
1759293587,any,72,N/A,IPv6,ICMP,N/A,v6,fe80::b0b5:44ff:feea:219,ff02::204,N/A,N/A,N/A,N/A,N/A,N/A,,,1
1759293587,any,72,N/A,IPv6,ICMP,N/A,v6,fe80::780a:a9ff:fee6:89,ff02::204,N/A,N/A,N/A,N/A,N/A,N/A,,,1
1759293587,eth0,70,Ethernet,IPv6,ICMP,N/A,v6,fe80::b0b5:44ff:feea:219,ff02::204,N/A,N/A,N/A,N/A,N/A,N/A,,,1
1759293587,eth0,71,Ethernet,IPv4,UDP,N/A,v4,172.30.0.220,224.0.0.252,5355,5355,N/A,N/A,N/A,N/A,,,1
1759293587,any,73,N/A,IPv4,UDP,N/A,v4,172.30.0.220,224.0.0.252,5355,5355,N/A,N/A,N/A,N/A,,,1
1759293587,eth0,360,Ethernet,IPv4,UDP,N/A,v4,0.0.0.0,255.255.255.255,68,67,N/A,N/A,N/A,N/A,,,1
1759293587,any,362,N/A,IPv4,UDP,N/A,v4,0.0.0.0,255.255.255.255,68,67,N/A,N/A,N/A,N/A,,,1
1759293587,eth0,372,Ethernet,IPv4,UDP,N/A,v4,0.0.0.0,255.255.255.255,68,67,N/A,N/A,N/A,N/A,,,1
1759293587,any,374,N/A,IPv4,UDP,N/A,v4,0.0.0.0,255.255.255.255,68,67,N/A,N/A,N/A,N/A,,,1
1759293587,eth2,110,Ethernet,IPv6,ICMP,N/A,v6,fe80::dcac:f9ff:fe59:60,ff02::179,N/A,N/A,N/A,N/A,N/A,N/A,,,1
1759293587,any,112,N/A,IPv6,ICMP,N/A,v6,fe80::f056:abff:fe65:143,ff02::179,N/A,N/A,N/A,N/A,N/A,N/A,,,1
1759293587,eth1,110,Ethernet,IPv6,ICMP,N/A,v6,fe80::f056:abff:fe65:143,ff02::179,N/A,N/A,N/A,N/A,N/A,N/A,,,1
1759293587,eth0,110,Ethernet,IPv6,ICMP,N/A,v6,fe80::e48e:99ff:fe5f:147,ff02::179,N/A,N/A,N/A,N/A,N/A,N/A,,,1
1759293587,eth0,54,Ethernet,IPv4,N/A,N/A,v4,172.30.0.220,224.0.0.22,N/A,N/A,N/A,N/A,N/A,N/A,,,1
1759293587,any,112,N/A,IPv6,ICMP,N/A,v6,fe80::e48e:99ff:fe5f:147,ff02::179,N/A,N/A,N/A,N/A,N/A,N/A,,,1
1759293587,eth0,42,Ethernet,N/A,N/A,N/A,N/A,N/A,N/A,N/A,N/A,N/A,N/A,N/A,N/A,,,1
1759293587,eth0,56,Ethernet,N/A,N/A,N/A,N/A,N/A,N/A,N/A,N/A,N/A,N/A,N/A,N/A,,,1
1759293587,eth0,56,Ethernet,N/A,N/A,N/A,N/A,N/A,N/A,N/A,N/A,N/A,N/A,N/A,N/A,,,1
1759293587,any,44,ARP,N/A,N/A,N/A,N/A,N/A,N/A,N/A,N/A,1,2048,172.30.0.220,172.30.0.122,,,1
1759293587,any,58,ARP,N/A,N/A,N/A,N/A,N/A,N/A,N/A,N/A,2,2048,172.30.0.122,172.30.0.220,,,1
1759293587,eth0,54,Ethernet,IPv4,N/A,N/A,v4,172.30.0.220,224.0.0.22,N/A,N/A,N/A,N/A,N/A,N/A,,,1
1759293587,any,56,N/A,IPv4,N/A,N/A,v4,172.30.0.220,224.0.0.22,N/A,N/A,N/A,N/A,N/A,N/A,,,1
1759293587,any,112,N/A,IPv6,ICMP,N/A,v6,fe80::f056:abff:fe65:143,ff02::179,N/A,N/A,N/A,N/A,N/A,N/A,,,1
1759293587,eth1,110,Ethernet,IPv6,ICMP,N/A,v6,fe80::f056:abff:fe65:143,ff02::179,N/A,N/A,N/A,N/A,N/A,N/A,,,1
1759293587,any,112,N/A,IPv6,ICMP,N/A,v6,fe80::dcac:f9ff:fe59:60,ff02::179,N/A,N/A,N/A,N/A,N/A,N/A,,,1
1759293587,eth2,110,Ethernet,IPv6,ICMP,N/A,v6,fe80::dcac:f9ff:fe59:60,ff02::179,N/A,N/A,N/A,N/A,N/A,N/A,,,1
1759293587,any,112,N/A,IPv6,ICMP,N/A,v6,fe80::24f1:23ff:fe29:66,ff02::179,N/A,N/A,N/A,N/A,N/A,N/A,,,1
1759293587,eth0,110,Ethernet,IPv6,ICMP,N/A,v6,fe80::24f1:23ff:fe29:66,ff02::179,N/A,N/A,N/A,N/A,N/A,N/A,,,1
1759293587,eth0,107,Ethernet,N/A,N/A,N/A,N/A,N/A,N/A,N/A,N/A,N/A,N/A,N/A,N/A,,,0
1759293587,any,109,N/A,N/A,N/A,N/A,N/A,N/A,N/A,N/A,N/A,N/A,N/A,N/A,N/A,,,0
1759293588,eth0,70,Ethernet,IPv6,ICMP,N/A,v6,fe80::24f1:23ff:fe29:66,ff02::204,N/A,N/A,N/A,N/A,N/A,N/A,,,1
1759293588,eth1,70,Ethernet,IPv6,ICMP,N/A,v6,fe80::7827:e3ff:fe68:239,ff02::204,N/A,N/A,N/A,N/A,N/A,N/A,,,1
1759293588,any,72,N/A,IPv6,ICMP,N/A,v6,fe80::24f1:23ff:fe29:66,ff02::204,N/A,N/A,N/A,N/A,N/A,N/A,,,1
1759293588,eth0,90,Ethernet,IPv6,ICMP,N/A,v6,fe80::ecf9:eff:fefb:55,ff02::179,N/A,N/A,N/A,N/A,N/A,N/A,,,1
1759293588,eth0,56,Ethernet,IPv4,N/A,N/A,v4,172.30.0.89,224.0.0.22,N/A,N/A,N/A,N/A,N/A,N/A,,,1
1759293588,any,92,N/A,IPv6,ICMP,N/A,v6,fe80::ecf9:eff:fefb:55,ff02::179,N/A,N/A,N/A,N/A,N/A,N/A,,,1
1759293588,any,58,N/A,IPv4,N/A,N/A,v4,172.30.0.89,224.0.0.22,N/A,N/A,N/A,N/A,N/A,N/A,,,1
1759293588,eth0,87,Ethernet,IPv6,UDP,N/A,v6,fe80::ecf9:eff:fefb:55,ff02::1:52,5355,5355,N/A,N/A,N/A,N/A,,,1
1759293588,any,89,N/A,IPv6,UDP,N/A,v6,fe80::ecf9:eff:fefb:55,ff02::1:52,5355,5355,N/A,N/A,N/A,N/A,,,1
1759293588,eth0,356,Ethernet,IPv4,UDP,N/A,v4,0.0.0.0,255.255.255.255,68,67,N/A,N/A,N/A,N/A,,,1
1759293588,any,358,N/A,IPv4,UDP,N/A,v4,0.0.0.0,255.255.255.255,68,67,N/A,N/A,N/A,N/A,,,1
1759293588,any,370,N/A,IPv4,UDP,N/A,v4,0.0.0.0,255.255.255.255,68,67,N/A,N/A,N/A,N/A,,,1
1759293588,eth0,368,Ethernet,IPv4,UDP,N/A,v4,0.0.0.0,255.255.255.255,68,67,N/A,N/A,N/A,N/A,,,1
1759293588,any,112,N/A,IPv6,ICMP,N/A,v6,fe80::103b:bdff:fef0:169,ff02::179,N/A,N/A,N/A,N/A,N/A,N/A,,,1
1759293588,eth1,110,Ethernet,IPv6,ICMP,N/A,v6,fe80::103b:bdff:fef0:169,ff02::179,N/A,N/A,N/A,N/A,N/A,N/A,,,1
1759293588,any,112,N/A,IPv6,ICMP,N/A,v6,fe80::ecf9:eff:fefb:55,ff02::179,N/A,N/A,N/A,N/A,N/A,N/A,,,1
1759293588,any,58,N/A,IPv4,N/A,N/A,v4,172.30.0.89,224.0.0.22,N/A,N/A,N/A,N/A,N/A,N/A,,,1
1759293588,eth0,110,Ethernet,IPv6,ICMP,N/A,v6,fe80::ecf9:eff:fefb:55,ff02::179,N/A,N/A,N/A,N/A,N/A,N/A,,,1
1759293588,eth0,56,Ethernet,IPv4,N/A,N/A,v4,172.30.0.89,224.0.0.22,N/A,N/A,N/A,N/A,N/A,N/A,,,1
1759293588,eth0,107,Ethernet,N/A,N/A,N/A,N/A,N/A,N/A,N/A,N/A,N/A,N/A,N/A,N/A,,,0
1759293588,eth0,70,Ethernet,IPv6,ICMP,N/A,v6,fe80::5ca9:83ff:fe87:27,ff02::204,N/A,N/A,N/A,N/A,N/A,N/A,,,0
1759293588,any,109,N/A,N/A,N/A,N/A,N/A,N/A,N/A,N/A,N/A,N/A,N/A,N/A,N/A,,,0
1759293588,eth1,70,Ethernet,IPv6,ICMP,N/A,v6,fe80::a824:52ff:fe4f:69,ff02::204,N/A,N/A,N/A,N/A,N/A,N/A,,,0
1759293588,any,72,N/A,IPv6,ICMP,N/A,v6,fe80::a824:52ff:fe4f:69,ff02::204,N/A,N/A,N/A,N/A,N/A,N/A,,,0
1759293588,any,58,ARP,N/A,N/A,N/A,N/A,N/A,N/A,N/A,N/A,1,2048,172.30.0.89,172.30.0.122,,,1
1759293588,eth0,56,Ethernet,N/A,N/A,N/A,N/A,N/A,N/A,N/A,N/A,N/A,N/A,N/A,N/A,,,1
1759293588,any,112,N/A,IPv6,ICMP,N/A,v6,fe80::e48e:99ff:fe5f:147,ff02::179,N/A,N/A,N/A,N/A,N/A,N/A,,,1
1759293588,eth0,110,Ethernet,IPv6,ICMP,N/A,v6,fe80::e48e:99ff:fe5f:147,ff02::179,N/A,N/A,N/A,N/A,N/A,N/A,,,1
1759293588,eth0,56,Ethernet,IPv4,N/A,N/A,v4,172.30.0.89,224.0.0.22,N/A,N/A,N/A,N/A,N/A,N/A,,,1
1759293588,any,58,N/A,IPv4,N/A,N/A,v4,172.30.0.89,224.0.0.22,N/A,N/A,N/A,N/A,N/A,N/A,,,1
1759293588,eth0,111,Ethernet,N/A,N/A,N/A,N/A,N/A,N/A,N/A,N/A,N/A,N/A,N/A,N/A,,,1
1759293588,eth0,70,Ethernet,IPv6,ICMP,N/A,v6,fe80::e48e:99ff:fe5f:147,ff02::204,N/A,N/A,N/A,N/A,N/A,N/A,,,1
1759293588,eth2,70,Ethernet,IPv6,ICMP,N/A,v6,fe80::dcac:f9ff:fe59:60,ff02::204,N/A,N/A,N/A,N/A,N/A,N/A,,,1
1759293588,eth1,70,Ethernet,IPv6,ICMP,N/A,v6,fe80::f056:abff:fe65:143,ff02::204,N/A,N/A,N/A,N/A,N/A,N/A,,,1
1759293588,any,72,N/A,IPv6,ICMP,N/A,v6,fe80::dcac:f9ff:fe59:60,ff02::204,N/A,N/A,N/A,N/A,N/A,N/A,,,1
1759293588,any,112,N/A,IPv6,ICMP,N/A,v6,fe80::103b:bdff:fef0:169,ff02::179,N/A,N/A,N/A,N/A,N/A,N/A,,,1
1759293588,eth1,110,Ethernet,IPv6,ICMP,N/A,v6,fe80::103b:bdff:fef0:169,ff02::179,N/A,N/A,N/A,N/A,N/A,N/A,,,1
1759293588,any,112,N/A,IPv6,ICMP,N/A,v6,fe80::ecf9:eff:fefb:55,ff02::179,N/A,N/A,N/A,N/A,N/A,N/A,,,1
1759293588,eth0,110,Ethernet,IPv6,ICMP,N/A,v6,fe80::ecf9:eff:fefb:55,ff02::179,N/A,N/A,N/A,N/A,N/A,N/A,,,1
1759293589,any,92,N/A,IPv6,ICMP,N/A,v6,fe80::5ca9:83ff:fe87:27,ff02::179,N/A,N/A,N/A,N/A,N/A,N/A,,,0
1759293589,eth0,90,Ethernet,IPv6,ICMP,N/A,v6,fe80::5ca9:83ff:fe87:27,ff02::179,N/A,N/A,N/A,N/A,N/A,N/A,,,0
1759293589,eth0,54,Ethernet,IPv4,N/A,N/A,v4,172.30.0.220,224.0.0.22,N/A,N/A,N/A,N/A,N/A,N/A,,,0
1759293589,eth0,90,Ethernet,IPv6,ICMP,N/A,v6,fe80::5ca9:83ff:fe87:27,ff02::179,N/A,N/A,N/A,N/A,N/A,N/A,,,0
1759293589,any,92,N/A,IPv6,ICMP,N/A,v6,fe80::5ca9:83ff:fe87:27,ff02::179,N/A,N/A,N/A,N/A,N/A,N/A,,,0
1759293589,eth0,87,Ethernet,IPv6,UDP,N/A,v6,fe80::5ca9:83ff:fe87:27,ff02::1:52,5355,5355,N/A,N/A,N/A,N/A,,,0
1759293589,any,89,N/A,IPv6,UDP,N/A,v6,fe80::5ca9:83ff:fe87:27,ff02::1:52,5355,5355,N/A,N/A,N/A,N/A,,,0
1759293589,eth0,67,Ethernet,IPv4,UDP,N/A,v4,172.30.0.220,224.0.0.252,5355,5355,N/A,N/A,N/A,N/A,,,0
1759293589,any,69,N/A,IPv4,UDP,N/A,v4,172.30.0.220,224.0.0.252,5355,5355,N/A,N/A,N/A,N/A,,,0
1759293589,eth0,87,Ethernet,IPv6,UDP,N/A,v6,fe80::5ca9:83ff:fe87:27,ff02::1:52,5355,5355,N/A,N/A,N/A,N/A,,,0
1759293589,any,89,N/A,IPv6,UDP,N/A,v6,fe80::5ca9:83ff:fe87:27,ff02::1:52,5355,5355,N/A,N/A,N/A,N/A,,,0
1759293589,eth1,110,Ethernet,IPv6,ICMP,N/A,v6,fe80::a824:52ff:fe4f:69,ff02::179,N/A,N/A,N/A,N/A,N/A,N/A,,,0
1759293589,any,112,N/A,IPv6,ICMP,N/A,v6,fe80::a824:52ff:fe4f:69,ff02::179,N/A,N/A,N/A,N/A,N/A,N/A,,,0
1759293589,eth0,110,Ethernet,IPv6,ICMP,N/A,v6,fe80::5ca9:83ff:fe87:27,ff02::179,N/A,N/A,N/A,N/A,N/A,N/A,,,0
1759293589,any,112,N/A,IPv6,ICMP,N/A,v6,fe80::5ca9:83ff:fe87:27,ff02::179,N/A,N/A,N/A,N/A,N/A,N/A,,,0
1759293589,eth0,356,Ethernet,IPv4,UDP,N/A,v4,0.0.0.0,255.255.255.255,68,67,N/A,N/A,N/A,N/A,,,0
1759293589,eth1,70,Ethernet,IPv6,ICMP,N/A,v6,fe80::103b:bdff:fef0:169,ff02::204,N/A,N/A,N/A,N/A,N/A,N/A,,,1
1759293589,any,72,N/A,IPv6,ICMP,N/A,v6,fe80::ecf9:eff:fefb:55,ff02::204,N/A,N/A,N/A,N/A,N/A,N/A,,,1
1759293589,any,72,N/A,IPv6,ICMP,N/A,v6,fe80::103b:bdff:fef0:169,ff02::204,N/A,N/A,N/A,N/A,N/A,N/A,,,1
1759293589,eth0,70,Ethernet,IPv6,ICMP,N/A,v6,fe80::ecf9:eff:fefb:55,ff02::204,N/A,N/A,N/A,N/A,N/A,N/A,,,1
1759293589,any,113,N/A,N/A,N/A,N/A,N/A,N/A,N/A,N/A,N/A,N/A,N/A,N/A,N/A,,,1
1759293589,eth0,111,Ethernet,N/A,N/A,N/A,N/A,N/A,N/A,N/A,N/A,N/A,N/A,N/A,N/A,,,1
1759293589,eth0,368,Ethernet,IPv4,UDP,N/A,v4,0.0.0.0,255.255.255.255,68,67,N/A,N/A,N/A,N/A,,,0
1759293589,eth0,110,Ethernet,IPv6,ICMP,N/A,v6,fe80::5ca9:83ff:fe87:27,ff02::179,N/A,N/A,N/A,N/A,N/A,N/A,,,0
1759293589,eth0,54,Ethernet,IPv4,N/A,N/A,v4,172.30.0.220,224.0.0.22,N/A,N/A,N/A,N/A,N/A,N/A,,,0
1759293589,eth0,42,Ethernet,N/A,N/A,N/A,N/A,N/A,N/A,N/A,N/A,N/A,N/A,N/A,N/A,,,0
1759293589,eth0,56,Ethernet,N/A,N/A,N/A,N/A,N/A,N/A,N/A,N/A,N/A,N/A,N/A,N/A,,,0
1759293589,eth0,56,Ethernet,N/A,N/A,N/A,N/A,N/A,N/A,N/A,N/A,N/A,N/A,N/A,N/A,,,0
1759293589,any,358,N/A,IPv4,UDP,N/A,v4,0.0.0.0,255.255.255.255,68,67,N/A,N/A,N/A,N/A,,,0
1759293589,any,370,N/A,IPv4,UDP,N/A,v4,0.0.0.0,255.255.255.255,68,67,N/A,N/A,N/A,N/A,,,0
1759293589,any,112,N/A,IPv6,ICMP,N/A,v6,fe80::5ca9:83ff:fe87:27,ff02::179,N/A,N/A,N/A,N/A,N/A,N/A,,,0
1759293589,any,44,ARP,N/A,N/A,N/A,N/A,N/A,N/A,N/A,N/A,1,2048,172.30.0.220,172.30.0.122,,,0
1759293589,any,58,ARP,N/A,N/A,N/A,N/A,N/A,N/A,N/A,N/A,2,2048,172.30.0.122,172.30.0.220,,,0
1759293589,eth1,110,Ethernet,IPv6,ICMP,N/A,v6,fe80::a824:52ff:fe4f:69,ff02::179,N/A,N/A,N/A,N/A,N/A,N/A,,,0
1759293589,any,112,N/A,IPv6,ICMP,N/A,v6,fe80::a824:52ff:fe4f:69,ff02::179,N/A,N/A,N/A,N/A,N/A,N/A,,,0
1759293590,eth0,111,Ethernet,N/A,N/A,N/A,N/A,N/A,N/A,N/A,N/A,N/A,N/A,N/A,N/A,,,1
1759293590,any,113,N/A,N/A,N/A,N/A,N/A,N/A,N/A,N/A,N/A,N/A,N/A,N/A,N/A,,,1
1759293590,eth0,90,Ethernet,IPv6,ICMP,N/A,v6,fe80::5ca9:83ff:fe87:27,ff02::179,N/A,N/A,N/A,N/A,N/A,N/A,,,0
1759293590,any,92,N/A,IPv6,ICMP,N/A,v6,fe80::5ca9:83ff:fe87:27,ff02::179,N/A,N/A,N/A,N/A,N/A,N/A,,,0
1759293590,any,56,N/A,IPv4,N/A,N/A,v4,172.30.0.220,224.0.0.22,N/A,N/A,N/A,N/A,N/A,N/A,,,0
1759293590,eth0,54,Ethernet,IPv4,N/A,N/A,v4,172.30.0.220,224.0.0.22,N/A,N/A,N/A,N/A,N/A,N/A,,,0
1759293590,eth1,70,Ethernet,IPv6,ICMP,N/A,v6,fe80::a824:52ff:fe4f:69,ff02::204,N/A,N/A,N/A,N/A,N/A,N/A,,,0
1759293590,eth0,107,Ethernet,N/A,N/A,N/A,N/A,N/A,N/A,N/A,N/A,N/A,N/A,N/A,N/A,,,0
1759293590,eth0,70,Ethernet,IPv6,ICMP,N/A,v6,fe80::5ca9:83ff:fe87:27,ff02::204,N/A,N/A,N/A,N/A,N/A,N/A,,,0
1759293590,any,72,N/A,IPv6,ICMP,N/A,v6,fe80::a824:52ff:fe4f:69,ff02::204,N/A,N/A,N/A,N/A,N/A,N/A,,,0
1759293590,any,109,N/A,N/A,N/A,N/A,N/A,N/A,N/A,N/A,N/A,N/A,N/A,N/A,N/A,,,0
1759293591,any,72,N/A,IPv6,ICMP,N/A,v6,fe80::b0b5:44ff:feea:219,ff02::204,N/A,N/A,N/A,N/A,N/A,N/A,,,1
1759293591,eth0,70,Ethernet,IPv6,ICMP,N/A,v6,fe80::b0b5:44ff:feea:219,ff02::204,N/A,N/A,N/A,N/A,N/A,N/A,,,1
1759293591,eth1,70,Ethernet,IPv6,ICMP,N/A,v6,fe80::780a:a9ff:fee6:89,ff02::204,N/A,N/A,N/A,N/A,N/A,N/A,,,1
1759293591,any,92,N/A,IPv6,ICMP,N/A,v6,fe80::b0b5:44ff:feea:219,ff02::179,N/A,N/A,N/A,N/A,N/A,N/A,,,1
1759293591,any,56,N/A,IPv4,N/A,N/A,v4,172.30.0.163,224.0.0.22,N/A,N/A,N/A,N/A,N/A,N/A,,,1
1759293591,eth0,90,Ethernet,IPv6,ICMP,N/A,v6,fe80::b0b5:44ff:feea:219,ff02::179,N/A,N/A,N/A,N/A,N/A,N/A,,,1
1759293591,eth0,54,Ethernet,IPv4,N/A,N/A,v4,172.30.0.163,224.0.0.22,N/A,N/A,N/A,N/A,N/A,N/A,,,1
1759293591,any,70,N/A,IPv4,UDP,N/A,v4,172.30.0.163,224.0.0.252,5355,5355,N/A,N/A,N/A,N/A,,,1
1759293591,eth0,68,Ethernet,IPv4,UDP,N/A,v4,172.30.0.163,224.0.0.252,5355,5355,N/A,N/A,N/A,N/A,,,1
1759293591,eth0,357,Ethernet,IPv4,UDP,N/A,v4,0.0.0.0,255.255.255.255,68,67,N/A,N/A,N/A,N/A,,,1
1759293591,any,359,N/A,IPv4,UDP,N/A,v4,0.0.0.0,255.255.255.255,68,67,N/A,N/A,N/A,N/A,,,1
1759293591,any,371,N/A,IPv4,UDP,N/A,v4,0.0.0.0,255.255.255.255,68,67,N/A,N/A,N/A,N/A,,,1
1759293591,eth0,369,Ethernet,IPv4,UDP,N/A,v4,0.0.0.0,255.255.255.255,68,67,N/A,N/A,N/A,N/A,,,1
1759293591,any,112,N/A,IPv6,ICMP,N/A,v6,fe80::780a:a9ff:fee6:89,ff02::179,N/A,N/A,N/A,N/A,N/A,N/A,,,1
1759293591,eth1,110,Ethernet,IPv6,ICMP,N/A,v6,fe80::780a:a9ff:fee6:89,ff02::179,N/A,N/A,N/A,N/A,N/A,N/A,,,1
1759293591,any,112,N/A,IPv6,ICMP,N/A,v6,fe80::b0b5:44ff:feea:219,ff02::179,N/A,N/A,N/A,N/A,N/A,N/A,,,1
1759293591,eth0,110,Ethernet,IPv6,ICMP,N/A,v6,fe80::b0b5:44ff:feea:219,ff02::179,N/A,N/A,N/A,N/A,N/A,N/A,,,1
1759293591,eth0,54,Ethernet,IPv4,N/A,N/A,v4,172.30.0.163,224.0.0.22,N/A,N/A,N/A,N/A,N/A,N/A,,,1
1759293591,eth0,42,Ethernet,N/A,N/A,N/A,N/A,N/A,N/A,N/A,N/A,N/A,N/A,N/A,N/A,,,1
1759293591,any,44,ARP,N/A,N/A,N/A,N/A,N/A,N/A,N/A,N/A,1,2048,172.30.0.163,172.30.0.122,,,1
1759293591,eth0,90,Ethernet,IPv6,ICMP,N/A,v6,fe80::e48e:99ff:fe5f:147,ff02::179,N/A,N/A,N/A,N/A,N/A,N/A,,,1
1759293591,eth0,54,Ethernet,IPv4,N/A,N/A,v4,172.30.0.220,224.0.0.22,N/A,N/A,N/A,N/A,N/A,N/A,,,1
1759293591,any,92,N/A,IPv6,ICMP,N/A,v6,fe80::e48e:99ff:fe5f:147,ff02::179,N/A,N/A,N/A,N/A,N/A,N/A,,,1
1759293591,eth0,71,Ethernet,IPv4,UDP,N/A,v4,172.30.0.220,224.0.0.252,5355,5355,N/A,N/A,N/A,N/A,,,1
1759293591,any,73,N/A,IPv4,UDP,N/A,v4,172.30.0.220,224.0.0.252,5355,5355,N/A,N/A,N/A,N/A,,,1
1759293591,eth0,91,Ethernet,IPv6,UDP,N/A,v6,fe80::e48e:99ff:fe5f:147,ff02::1:52,5355,5355,N/A,N/A,N/A,N/A,,,1
1759293591,any,93,N/A,IPv6,UDP,N/A,v6,fe80::e48e:99ff:fe5f:147,ff02::1:52,5355,5355,N/A,N/A,N/A,N/A,,,1
1759293591,eth0,360,Ethernet,IPv4,UDP,N/A,v4,0.0.0.0,255.255.255.255,68,67,N/A,N/A,N/A,N/A,,,1
1759293591,any,362,N/A,IPv4,UDP,N/A,v4,0.0.0.0,255.255.255.255,68,67,N/A,N/A,N/A,N/A,,,1
1759293591,eth0,372,Ethernet,IPv4,UDP,N/A,v4,0.0.0.0,255.255.255.255,68,67,N/A,N/A,N/A,N/A,,,1
1759293591,any,374,N/A,IPv4,UDP,N/A,v4,0.0.0.0,255.255.255.255,68,67,N/A,N/A,N/A,N/A,,,1
1759293591,eth2,110,Ethernet,IPv6,ICMP,N/A,v6,fe80::dcac:f9ff:fe59:60,ff02::179,N/A,N/A,N/A,N/A,N/A,N/A,,,1
1759293591,any,112,N/A,IPv6,ICMP,N/A,v6,fe80::f056:abff:fe65:143,ff02::179,N/A,N/A,N/A,N/A,N/A,N/A,,,1
1759293591,eth1,110,Ethernet,IPv6,ICMP,N/A,v6,fe80::f056:abff:fe65:143,ff02::179,N/A,N/A,N/A,N/A,N/A,N/A,,,1
1759293591,eth0,110,Ethernet,IPv6,ICMP,N/A,v6,fe80::e48e:99ff:fe5f:147,ff02::179,N/A,N/A,N/A,N/A,N/A,N/A,,,1
1759293591,eth0,54,Ethernet,IPv4,N/A,N/A,v4,172.30.0.220,224.0.0.22,N/A,N/A,N/A,N/A,N/A,N/A,,,1
1759293591,any,112,N/A,IPv6,ICMP,N/A,v6,fe80::e48e:99ff:fe5f:147,ff02::179,N/A,N/A,N/A,N/A,N/A,N/A,,,1
1759293591,any,44,ARP,N/A,N/A,N/A,N/A,N/A,N/A,N/A,N/A,1,2048,172.30.0.220,172.30.0.122,,,1
1759293591,eth0,42,Ethernet,N/A,N/A,N/A,N/A,N/A,N/A,N/A,N/A,N/A,N/A,N/A,N/A,,,1
1759293591,eth0,56,Ethernet,N/A,N/A,N/A,N/A,N/A,N/A,N/A,N/A,N/A,N/A,N/A,N/A,,,1
1759293591,eth0,56,Ethernet,N/A,N/A,N/A,N/A,N/A,N/A,N/A,N/A,N/A,N/A,N/A,N/A,,,1
1759293591,any,58,ARP,N/A,N/A,N/A,N/A,N/A,N/A,N/A,N/A,2,2048,172.30.0.122,172.30.0.220,,,1
1759293591,any,58,ARP,N/A,N/A,N/A,N/A,N/A,N/A,N/A,N/A,2,2048,172.30.0.122,172.30.0.220,,,1
1759293591,any,72,N/A,IPv6,ICMP,N/A,v6,fe80::7827:e3ff:fe68:239,ff02::204,N/A,N/A,N/A,N/A,N/A,N/A,,,1
1759293591,eth1,70,Ethernet,IPv6,ICMP,N/A,v6,fe80::7827:e3ff:fe68:239,ff02::204,N/A,N/A,N/A,N/A,N/A,N/A,,,1
1759293591,eth0,54,Ethernet,IPv4,N/A,N/A,v4,172.30.0.220,224.0.0.22,N/A,N/A,N/A,N/A,N/A,N/A,,,1
1759293591,any,56,N/A,IPv4,N/A,N/A,v4,172.30.0.220,224.0.0.22,N/A,N/A,N/A,N/A,N/A,N/A,,,1
1759293591,any,72,N/A,IPv6,ICMP,N/A,v6,fe80::24f1:23ff:fe29:66,ff02::204,N/A,N/A,N/A,N/A,N/A,N/A,,,1
1759293591,eth0,70,Ethernet,IPv6,ICMP,N/A,v6,fe80::24f1:23ff:fe29:66,ff02::204,N/A,N/A,N/A,N/A,N/A,N/A,,,1
1759293591,eth0,54,Ethernet,IPv4,N/A,N/A,v4,172.30.0.163,224.0.0.22,N/A,N/A,N/A,N/A,N/A,N/A,,,1
1759293591,any,56,N/A,IPv4,N/A,N/A,v4,172.30.0.163,224.0.0.22,N/A,N/A,N/A,N/A,N/A,N/A,,,1
1759293591,any,92,N/A,IPv6,ICMP,N/A,v6,fe80::24f1:23ff:fe29:66,ff02::179,N/A,N/A,N/A,N/A,N/A,N/A,,,1
1759293591,eth0,107,Ethernet,N/A,N/A,N/A,N/A,N/A,N/A,N/A,N/A,N/A,N/A,N/A,N/A,,,0
1759293591,any,109,N/A,N/A,N/A,N/A,N/A,N/A,N/A,N/A,N/A,N/A,N/A,N/A,N/A,,,0
1759293591,eth0,90,Ethernet,IPv6,ICMP,N/A,v6,fe80::24f1:23ff:fe29:66,ff02::179,N/A,N/A,N/A,N/A,N/A,N/A,,,1
1759293591,eth0,54,Ethernet,IPv4,N/A,N/A,v4,172.30.0.23,224.0.0.22,N/A,N/A,N/A,N/A,N/A,N/A,,,1
1759293592,eth0,107,Ethernet,N/A,N/A,N/A,N/A,N/A,N/A,N/A,N/A,N/A,N/A,N/A,N/A,,,0
1759293592,eth0,87,Ethernet,IPv6,UDP,N/A,v6,fe80::24f1:23ff:fe29:66,ff02::1:52,5355,5355,N/A,N/A,N/A,N/A,,,1
1759293592,any,89,N/A,IPv6,UDP,N/A,v6,fe80::24f1:23ff:fe29:66,ff02::1:52,5355,5355,N/A,N/A,N/A,N/A,,,1
1759293592,any,69,N/A,IPv4,UDP,N/A,v4,172.30.0.23,224.0.0.252,5355,5355,N/A,N/A,N/A,N/A,,,1
1759293592,eth0,67,Ethernet,IPv4,UDP,N/A,v4,172.30.0.23,224.0.0.252,5355,5355,N/A,N/A,N/A,N/A,,,1
1759293592,eth0,356,Ethernet,IPv4,UDP,N/A,v4,0.0.0.0,255.255.255.255,68,67,N/A,N/A,N/A,N/A,,,1
1759293592,any,358,N/A,IPv4,UDP,N/A,v4,0.0.0.0,255.255.255.255,68,67,N/A,N/A,N/A,N/A,,,1
1759293592,eth0,368,Ethernet,IPv4,UDP,N/A,v4,0.0.0.0,255.255.255.255,68,67,N/A,N/A,N/A,N/A,,,1
1759293592,any,370,N/A,IPv4,UDP,N/A,v4,0.0.0.0,255.255.255.255,68,67,N/A,N/A,N/A,N/A,,,1
1759293592,eth0,110,Ethernet,IPv6,ICMP,N/A,v6,fe80::e48e:99ff:fe5f:147,ff02::179,N/A,N/A,N/A,N/A,N/A,N/A,,,1
1759293592,any,112,N/A,IPv6,ICMP,N/A,v6,fe80::e48e:99ff:fe5f:147,ff02::179,N/A,N/A,N/A,N/A,N/A,N/A,,,1
1759293592,any,112,N/A,IPv6,ICMP,N/A,v6,fe80::7827:e3ff:fe68:239,ff02::179,N/A,N/A,N/A,N/A,N/A,N/A,,,1
1759293592,eth1,110,Ethernet,IPv6,ICMP,N/A,v6,fe80::7827:e3ff:fe68:239,ff02::179,N/A,N/A,N/A,N/A,N/A,N/A,,,1
1759293592,any,112,N/A,IPv6,ICMP,N/A,v6,fe80::24f1:23ff:fe29:66,ff02::179,N/A,N/A,N/A,N/A,N/A,N/A,,,1
1759293592,eth0,110,Ethernet,IPv6,ICMP,N/A,v6,fe80::24f1:23ff:fe29:66,ff02::179,N/A,N/A,N/A,N/A,N/A,N/A,,,1
1759293592,eth0,54,Ethernet,IPv4,N/A,N/A,v4,172.30.0.23,224.0.0.22,N/A,N/A,N/A,N/A,N/A,N/A,,,1
1759293592,eth0,42,Ethernet,N/A,N/A,N/A,N/A,N/A,N/A,N/A,N/A,N/A,N/A,N/A,N/A,,,1
1759293592,any,44,ARP,N/A,N/A,N/A,N/A,N/A,N/A,N/A,N/A,1,2048,172.30.0.23,172.30.0.122,,,1
1759293592,eth0,110,Ethernet,IPv6,ICMP,N/A,v6,fe80::b0b5:44ff:feea:219,ff02::179,N/A,N/A,N/A,N/A,N/A,N/A,,,1
1759293592,any,112,N/A,IPv6,ICMP,N/A,v6,fe80::b0b5:44ff:feea:219,ff02::179,N/A,N/A,N/A,N/A,N/A,N/A,,,1
1759293592,any,112,N/A,IPv6,ICMP,N/A,v6,fe80::dcac:f9ff:fe59:60,ff02::179,N/A,N/A,N/A,N/A,N/A,N/A,,,1
1759293592,eth2,110,Ethernet,IPv6,ICMP,N/A,v6,fe80::dcac:f9ff:fe59:60,ff02::179,N/A,N/A,N/A,N/A,N/A,N/A,,,1
1759293592,any,112,N/A,IPv6,ICMP,N/A,v6,fe80::f056:abff:fe65:143,ff02::179,N/A,N/A,N/A,N/A,N/A,N/A,,,1
1759293592,eth1,110,Ethernet,IPv6,ICMP,N/A,v6,fe80::f056:abff:fe65:143,ff02::179,N/A,N/A,N/A,N/A,N/A,N/A,,,1
1759293592,any,112,N/A,IPv6,ICMP,N/A,v6,fe80::780a:a9ff:fee6:89,ff02::179,N/A,N/A,N/A,N/A,N/A,N/A,,,1
1759293592,eth1,110,Ethernet,IPv6,ICMP,N/A,v6,fe80::780a:a9ff:fee6:89,ff02::179,N/A,N/A,N/A,N/A,N/A,N/A,,,1
1759293592,any,56,N/A,IPv4,N/A,N/A,v4,172.30.0.23,224.0.0.22,N/A,N/A,N/A,N/A,N/A,N/A,,,1
1759293592,eth0,54,Ethernet,IPv4,N/A,N/A,v4,172.30.0.23,224.0.0.22,N/A,N/A,N/A,N/A,N/A,N/A,,,1
1759293592,eth0,70,Ethernet,IPv6,ICMP,N/A,v6,fe80::b0b5:44ff:feea:219,ff02::204,N/A,N/A,N/A,N/A,N/A,N/A,,,1
1759293592,eth1,70,Ethernet,IPv6,ICMP,N/A,v6,fe80::780a:a9ff:fee6:89,ff02::204,N/A,N/A,N/A,N/A,N/A,N/A,,,1
1759293592,any,72,N/A,IPv6,ICMP,N/A,v6,fe80::b0b5:44ff:feea:219,ff02::204,N/A,N/A,N/A,N/A,N/A,N/A,,,1
1759293592,eth0,90,Ethernet,IPv6,ICMP,N/A,v6,fe80::ecf9:eff:fefb:55,ff02::179,N/A,N/A,N/A,N/A,N/A,N/A,,,1
1759293592,eth0,56,Ethernet,IPv4,N/A,N/A,v4,172.30.0.89,224.0.0.22,N/A,N/A,N/A,N/A,N/A,N/A,,,1
1759293592,any,92,N/A,IPv6,ICMP,N/A,v6,fe80::ecf9:eff:fefb:55,ff02::179,N/A,N/A,N/A,N/A,N/A,N/A,,,1
1759293592,any,58,N/A,IPv4,N/A,N/A,v4,172.30.0.89,224.0.0.22,N/A,N/A,N/A,N/A,N/A,N/A,,,1
1759293592,eth1,110,Ethernet,IPv6,ICMP,N/A,v6,fe80::7827:e3ff:fe68:239,ff02::179,N/A,N/A,N/A,N/A,N/A,N/A,,,1
1759293592,any,112,N/A,IPv6,ICMP,N/A,v6,fe80::7827:e3ff:fe68:239,ff02::179,N/A,N/A,N/A,N/A,N/A,N/A,,,1
1759293592,any,358,N/A,IPv4,UDP,N/A,v4,0.0.0.0,255.255.255.255,68,67,N/A,N/A,N/A,N/A,,,1
1759293592,eth0,356,Ethernet,IPv4,UDP,N/A,v4,0.0.0.0,255.255.255.255,68,67,N/A,N/A,N/A,N/A,,,1
1759293592,any,370,N/A,IPv4,UDP,N/A,v4,0.0.0.0,255.255.255.255,68,67,N/A,N/A,N/A,N/A,,,1
1759293592,eth0,368,Ethernet,IPv4,UDP,N/A,v4,0.0.0.0,255.255.255.255,68,67,N/A,N/A,N/A,N/A,,,1
1759293592,any,112,N/A,IPv6,ICMP,N/A,v6,fe80::103b:bdff:fef0:169,ff02::179,N/A,N/A,N/A,N/A,N/A,N/A,,,1
1759293592,eth1,110,Ethernet,IPv6,ICMP,N/A,v6,fe80::103b:bdff:fef0:169,ff02::179,N/A,N/A,N/A,N/A,N/A,N/A,,,1
1759293592,any,112,N/A,IPv6,ICMP,N/A,v6,fe80::ecf9:eff:fefb:55,ff02::179,N/A,N/A,N/A,N/A,N/A,N/A,,,1
1759293592,eth0,110,Ethernet,IPv6,ICMP,N/A,v6,fe80::ecf9:eff:fefb:55,ff02::179,N/A,N/A,N/A,N/A,N/A,N/A,,,1
1759293592,eth0,56,Ethernet,IPv4,N/A,N/A,v4,172.30.0.89,224.0.0.22,N/A,N/A,N/A,N/A,N/A,N/A,,,1
1759293592,eth0,111,Ethernet,N/A,N/A,N/A,N/A,N/A,N/A,N/A,N/A,N/A,N/A,N/A,N/A,,,1
1759293592,eth0,70,Ethernet,IPv6,ICMP,N/A,v6,fe80::e48e:99ff:fe5f:147,ff02::204,N/A,N/A,N/A,N/A,N/A,N/A,,,1
1759293592,eth2,70,Ethernet,IPv6,ICMP,N/A,v6,fe80::dcac:f9ff:fe59:60,ff02::204,N/A,N/A,N/A,N/A,N/A,N/A,,,1
1759293592,any,109,N/A,N/A,N/A,N/A,N/A,N/A,N/A,N/A,N/A,N/A,N/A,N/A,N/A,,,0
1759293592,eth1,70,Ethernet,IPv6,ICMP,N/A,v6,fe80::f056:abff:fe65:143,ff02::204,N/A,N/A,N/A,N/A,N/A,N/A,,,1
1759293592,any,72,N/A,IPv6,ICMP,N/A,v6,fe80::dcac:f9ff:fe59:60,ff02::204,N/A,N/A,N/A,N/A,N/A,N/A,,,1
1759293592,any,58,ARP,N/A,N/A,N/A,N/A,N/A,N/A,N/A,N/A,1,2048,172.30.0.89,172.30.0.122,,,1
1759293592,eth0,56,Ethernet,N/A,N/A,N/A,N/A,N/A,N/A,N/A,N/A,N/A,N/A,N/A,N/A,,,1
1759293592,any,112,N/A,IPv6,ICMP,N/A,v6,fe80::103b:bdff:fef0:169,ff02::179,N/A,N/A,N/A,N/A,N/A,N/A,,,1
1759293592,eth1,110,Ethernet,IPv6,ICMP,N/A,v6,fe80::103b:bdff:fef0:169,ff02::179,N/A,N/A,N/A,N/A,N/A,N/A,,,1
1759293592,any,112,N/A,IPv6,ICMP,N/A,v6,fe80::24f1:23ff:fe29:66,ff02::179,N/A,N/A,N/A,N/A,N/A,N/A,,,1
1759293592,eth0,110,Ethernet,IPv6,ICMP,N/A,v6,fe80::24f1:23ff:fe29:66,ff02::179,N/A,N/A,N/A,N/A,N/A,N/A,,,1
1759293593,eth0,107,Ethernet,N/A,N/A,N/A,N/A,N/A,N/A,N/A,N/A,N/A,N/A,N/A,N/A,,,0
1759293593,any,109,N/A,N/A,N/A,N/A,N/A,N/A,N/A,N/A,N/A,N/A,N/A,N/A,N/A,,,0
1759293593,any,92,N/A,IPv6,ICMP,N/A,v6,fe80::5ca9:83ff:fe87:27,ff02::179,N/A,N/A,N/A,N/A,N/A,N/A,,,0
1759293593,eth0,90,Ethernet,IPv6,ICMP,N/A,v6,fe80::5ca9:83ff:fe87:27,ff02::179,N/A,N/A,N/A,N/A,N/A,N/A,,,0
1759293593,eth0,54,Ethernet,IPv4,N/A,N/A,v4,172.30.0.220,224.0.0.22,N/A,N/A,N/A,N/A,N/A,N/A,,,0
1759293593,eth0,67,Ethernet,IPv4,UDP,N/A,v4,172.30.0.220,224.0.0.252,5355,5355,N/A,N/A,N/A,N/A,,,0
1759293593,eth0,87,Ethernet,IPv6,UDP,N/A,v6,fe80::5ca9:83ff:fe87:27,ff02::1:52,5355,5355,N/A,N/A,N/A,N/A,,,0
1759293593,any,69,N/A,IPv4,UDP,N/A,v4,172.30.0.220,224.0.0.252,5355,5355,N/A,N/A,N/A,N/A,,,0
1759293593,eth0,356,Ethernet,IPv4,UDP,N/A,v4,0.0.0.0,255.255.255.255,68,67,N/A,N/A,N/A,N/A,,,0
1759293593,any,358,N/A,IPv4,UDP,N/A,v4,0.0.0.0,255.255.255.255,68,67,N/A,N/A,N/A,N/A,,,0
1759293593,eth0,368,Ethernet,IPv4,UDP,N/A,v4,0.0.0.0,255.255.255.255,68,67,N/A,N/A,N/A,N/A,,,0
1759293593,any,370,N/A,IPv4,UDP,N/A,v4,0.0.0.0,255.255.255.255,68,67,N/A,N/A,N/A,N/A,,,0
1759293593,eth1,110,Ethernet,IPv6,ICMP,N/A,v6,fe80::a824:52ff:fe4f:69,ff02::179,N/A,N/A,N/A,N/A,N/A,N/A,,,0
1759293593,any,112,N/A,IPv6,ICMP,N/A,v6,fe80::a824:52ff:fe4f:69,ff02::179,N/A,N/A,N/A,N/A,N/A,N/A,,,0
1759293593,eth0,110,Ethernet,IPv6,ICMP,N/A,v6,fe80::5ca9:83ff:fe87:27,ff02::179,N/A,N/A,N/A,N/A,N/A,N/A,,,0
1759293593,eth0,54,Ethernet,IPv4,N/A,N/A,v4,172.30.0.220,224.0.0.22,N/A,N/A,N/A,N/A,N/A,N/A,,,0
1759293593,any,112,N/A,IPv6,ICMP,N/A,v6,fe80::5ca9:83ff:fe87:27,ff02::179,N/A,N/A,N/A,N/A,N/A,N/A,,,0
1759293593,eth0,70,Ethernet,IPv6,ICMP,N/A,v6,fe80::24f1:23ff:fe29:66,ff02::204,N/A,N/A,N/A,N/A,N/A,N/A,,,1
1759293593,eth1,70,Ethernet,IPv6,ICMP,N/A,v6,fe80::7827:e3ff:fe68:239,ff02::204,N/A,N/A,N/A,N/A,N/A,N/A,,,1
1759293593,any,72,N/A,IPv6,ICMP,N/A,v6,fe80::7827:e3ff:fe68:239,ff02::204,N/A,N/A,N/A,N/A,N/A,N/A,,,1
1759293593,eth0,110,Ethernet,IPv6,ICMP,N/A,v6,fe80::ecf9:eff:fefb:55,ff02::179,N/A,N/A,N/A,N/A,N/A,N/A,,,1
1759293593,any,112,N/A,IPv6,ICMP,N/A,v6,fe80::ecf9:eff:fefb:55,ff02::179,N/A,N/A,N/A,N/A,N/A,N/A,,,1
1759293593,eth0,56,Ethernet,IPv4,N/A,N/A,v4,172.30.0.89,224.0.0.22,N/A,N/A,N/A,N/A,N/A,N/A,,,1
1759293593,any,58,N/A,IPv4,N/A,N/A,v4,172.30.0.89,224.0.0.22,N/A,N/A,N/A,N/A,N/A,N/A,,,1
1759293593,eth0,70,Ethernet,IPv6,ICMP,N/A,v6,fe80::ecf9:eff:fefb:55,ff02::204,N/A,N/A,N/A,N/A,N/A,N/A,,,1
1759293593,any,72,N/A,IPv6,ICMP,N/A,v6,fe80::ecf9:eff:fefb:55,ff02::204,N/A,N/A,N/A,N/A,N/A,N/A,,,1
1759293593,any,72,N/A,IPv6,ICMP,N/A,v6,fe80::103b:bdff:fef0:169,ff02::204,N/A,N/A,N/A,N/A,N/A,N/A,,,1
1759293593,eth1,70,Ethernet,IPv6,ICMP,N/A,v6,fe80::103b:bdff:fef0:169,ff02::204,N/A,N/A,N/A,N/A,N/A,N/A,,,1
1759293593,eth0,111,Ethernet,N/A,N/A,N/A,N/A,N/A,N/A,N/A,N/A,N/A,N/A,N/A,N/A,,,1
1759293593,any,113,N/A,N/A,N/A,N/A,N/A,N/A,N/A,N/A,N/A,N/A,N/A,N/A,N/A,,,1
1759293594,eth1,110,Ethernet,IPv6,ICMP,N/A,v6,fe80::a824:52ff:fe4f:69,ff02::179,N/A,N/A,N/A,N/A,N/A,N/A,,,0
1759293594,any,112,N/A,IPv6,ICMP,N/A,v6,fe80::a824:52ff:fe4f:69,ff02::179,N/A,N/A,N/A,N/A,N/A,N/A,,,0
1759293594,eth0,54,Ethernet,IPv4,N/A,N/A,v4,172.30.0.220,224.0.0.22,N/A,N/A,N/A,N/A,N/A,N/A,,,0
1759293594,eth0,110,Ethernet,IPv6,ICMP,N/A,v6,fe80::5ca9:83ff:fe87:27,ff02::179,N/A,N/A,N/A,N/A,N/A,N/A,,,0
1759293594,any,56,N/A,IPv4,N/A,N/A,v4,172.30.0.220,224.0.0.22,N/A,N/A,N/A,N/A,N/A,N/A,,,0
1759293594,eth0,70,Ethernet,IPv6,ICMP,N/A,v6,fe80::5ca9:83ff:fe87:27,ff02::204,N/A,N/A,N/A,N/A,N/A,N/A,,,0
1759293594,any,72,N/A,IPv6,ICMP,N/A,v6,fe80::a824:52ff:fe4f:69,ff02::204,N/A,N/A,N/A,N/A,N/A,N/A,,,0
1759293594,eth2,70,Ethernet,IPv6,ICMP,N/A,v6,fe80::a42e:5aff:fe45:136,ff02::204,N/A,N/A,N/A,N/A,N/A,N/A,,,1
1759293594,any,72,N/A,IPv6,ICMP,N/A,v6,fe80::a42e:5aff:fe45:136,ff02::204,N/A,N/A,N/A,N/A,N/A,N/A,,,1
1759293594,eth0,90,Ethernet,IPv6,ICMP,N/A,v6,fe80::b0b5:44ff:feea:219,ff02::179,N/A,N/A,N/A,N/A,N/A,N/A,,,1
1759293594,eth0,54,Ethernet,IPv4,N/A,N/A,v4,172.30.0.163,224.0.0.22,N/A,N/A,N/A,N/A,N/A,N/A,,,1
1759293594,any,92,N/A,IPv6,ICMP,N/A,v6,fe80::b0b5:44ff:feea:219,ff02::179,N/A,N/A,N/A,N/A,N/A,N/A,,,1
1759293594,any,56,N/A,IPv4,N/A,N/A,v4,172.30.0.163,224.0.0.22,N/A,N/A,N/A,N/A,N/A,N/A,,,1
1759293594,any,359,N/A,IPv4,UDP,N/A,v4,0.0.0.0,255.255.255.255,68,67,N/A,N/A,N/A,N/A,,,1
1759293594,eth0,357,Ethernet,IPv4,UDP,N/A,v4,0.0.0.0,255.255.255.255,68,67,N/A,N/A,N/A,N/A,,,1
1759293594,any,371,N/A,IPv4,UDP,N/A,v4,0.0.0.0,255.255.255.255,68,67,N/A,N/A,N/A,N/A,,,1
1759293594,eth0,369,Ethernet,IPv4,UDP,N/A,v4,0.0.0.0,255.255.255.255,68,67,N/A,N/A,N/A,N/A,,,1
1759293594,any,112,N/A,IPv6,ICMP,N/A,v6,fe80::780a:a9ff:fee6:89,ff02::179,N/A,N/A,N/A,N/A,N/A,N/A,,,1
1759293594,eth1,110,Ethernet,IPv6,ICMP,N/A,v6,fe80::780a:a9ff:fee6:89,ff02::179,N/A,N/A,N/A,N/A,N/A,N/A,,,1
1759293594,any,56,N/A,IPv4,N/A,N/A,v4,172.30.0.163,224.0.0.22,N/A,N/A,N/A,N/A,N/A,N/A,,,1
1759293594,eth0,54,Ethernet,IPv4,N/A,N/A,v4,172.30.0.163,224.0.0.22,N/A,N/A,N/A,N/A,N/A,N/A,,,1
1759293594,eth0,110,Ethernet,IPv6,ICMP,N/A,v6,fe80::b0b5:44ff:feea:219,ff02::179,N/A,N/A,N/A,N/A,N/A,N/A,,,1
1759293594,any,112,N/A,IPv6,ICMP,N/A,v6,fe80::b0b5:44ff:feea:219,ff02::179,N/A,N/A,N/A,N/A,N/A,N/A,,,1
1759293594,eth0,111,Ethernet,N/A,N/A,N/A,N/A,N/A,N/A,N/A,N/A,N/A,N/A,N/A,N/A,,,1
1759293594,any,113,N/A,N/A,N/A,N/A,N/A,N/A,N/A,N/A,N/A,N/A,N/A,N/A,N/A,,,1
1759293594,any,112,N/A,IPv6,ICMP,N/A,v6,fe80::780a:a9ff:fee6:89,ff02::179,N/A,N/A,N/A,N/A,N/A,N/A,,,1
1759293594,eth1,110,Ethernet,IPv6,ICMP,N/A,v6,fe80::780a:a9ff:fee6:89,ff02::179,N/A,N/A,N/A,N/A,N/A,N/A,,,1
1759293594,any,44,ARP,N/A,N/A,N/A,N/A,N/A,N/A,N/A,N/A,1,2048,172.30.0.163,172.30.0.122,,,1
1759293594,eth0,42,Ethernet,N/A,N/A,N/A,N/A,N/A,N/A,N/A,N/A,N/A,N/A,N/A,N/A,,,1
1759293594,eth1,70,Ethernet,IPv6,ICMP,N/A,v6,fe80::780a:a9ff:fee6:89,ff02::204,N/A,N/A,N/A,N/A,N/A,N/A,,,1
1759293594,any,72,N/A,IPv6,ICMP,N/A,v6,fe80::b0b5:44ff:feea:219,ff02::204,N/A,N/A,N/A,N/A,N/A,N/A,,,1
1759293594,any,72,N/A,IPv6,ICMP,N/A,v6,fe80::780a:a9ff:fee6:89,ff02::204,N/A,N/A,N/A,N/A,N/A,N/A,,,1
1759293594,eth0,70,Ethernet,IPv6,ICMP,N/A,v6,fe80::b0b5:44ff:feea:219,ff02::204,N/A,N/A,N/A,N/A,N/A,N/A,,,1
1759293594,any,44,ARP,N/A,N/A,N/A,N/A,N/A,N/A,N/A,N/A,1,2048,172.30.0.220,172.30.0.122,,,0
1759293594,any,58,ARP,N/A,N/A,N/A,N/A,N/A,N/A,N/A,N/A,2,2048,172.30.0.122,172.30.0.220,,,0
1759293594,eth1,70,Ethernet,IPv6,ICMP,N/A,v6,fe80::a824:52ff:fe4f:69,ff02::204,N/A,N/A,N/A,N/A,N/A,N/A,,,0
1759293594,eth0,42,Ethernet,N/A,N/A,N/A,N/A,N/A,N/A,N/A,N/A,N/A,N/A,N/A,N/A,,,0
1759293594,eth0,56,Ethernet,N/A,N/A,N/A,N/A,N/A,N/A,N/A,N/A,N/A,N/A,N/A,N/A,,,0
1759293594,eth0,56,Ethernet,N/A,N/A,N/A,N/A,N/A,N/A,N/A,N/A,N/A,N/A,N/A,N/A,,,0
1759293594,eth0,107,Ethernet,N/A,N/A,N/A,N/A,N/A,N/A,N/A,N/A,N/A,N/A,N/A,N/A,,,0
1759293594,any,109,N/A,N/A,N/A,N/A,N/A,N/A,N/A,N/A,N/A,N/A,N/A,N/A,N/A,,,0
1759293595,any,56,N/A,IPv4,N/A,N/A,v4,172.30.0.163,224.0.0.22,N/A,N/A,N/A,N/A,N/A,N/A,,,1
1759293595,eth0,54,Ethernet,IPv4,N/A,N/A,v4,172.30.0.163,224.0.0.22,N/A,N/A,N/A,N/A,N/A,N/A,,,1
1759293595,eth0,110,Ethernet,IPv6,ICMP,N/A,v6,fe80::b0b5:44ff:feea:219,ff02::179,N/A,N/A,N/A,N/A,N/A,N/A,,,1
1759293595,any,112,N/A,IPv6,ICMP,N/A,v6,fe80::b0b5:44ff:feea:219,ff02::179,N/A,N/A,N/A,N/A,N/A,N/A,,,1
1759293595,eth0,111,Ethernet,N/A,N/A,N/A,N/A,N/A,N/A,N/A,N/A,N/A,N/A,N/A,N/A,,,1
1759293595,any,113,N/A,N/A,N/A,N/A,N/A,N/A,N/A,N/A,N/A,N/A,N/A,N/A,N/A,,,1
1759293595,eth0,107,Ethernet,N/A,N/A,N/A,N/A,N/A,N/A,N/A,N/A,N/A,N/A,N/A,N/A,,,0
1759293595,any,109,N/A,N/A,N/A,N/A,N/A,N/A,N/A,N/A,N/A,N/A,N/A,N/A,N/A,,,0
1759293596,eth0,90,Ethernet,IPv6,ICMP,N/A,v6,fe80::24f1:23ff:fe29:66,ff02::179,N/A,N/A,N/A,N/A,N/A,N/A,,,1
1759293596,eth0,54,Ethernet,IPv4,N/A,N/A,v4,172.30.0.23,224.0.0.22,N/A,N/A,N/A,N/A,N/A,N/A,,,1
1759293596,any,92,N/A,IPv6,ICMP,N/A,v6,fe80::24f1:23ff:fe29:66,ff02::179,N/A,N/A,N/A,N/A,N/A,N/A,,,1
1759293596,any,56,N/A,IPv4,N/A,N/A,v4,172.30.0.23,224.0.0.22,N/A,N/A,N/A,N/A,N/A,N/A,,,1
1759293596,eth0,67,Ethernet,IPv4,UDP,N/A,v4,172.30.0.23,224.0.0.252,5355,5355,N/A,N/A,N/A,N/A,,,1
1759293596,any,69,N/A,IPv4,UDP,N/A,v4,172.30.0.23,224.0.0.252,5355,5355,N/A,N/A,N/A,N/A,,,1
1759293596,eth0,87,Ethernet,IPv6,UDP,N/A,v6,fe80::24f1:23ff:fe29:66,ff02::1:52,5355,5355,N/A,N/A,N/A,N/A,,,1
1759293596,any,89,N/A,IPv6,UDP,N/A,v6,fe80::24f1:23ff:fe29:66,ff02::1:52,5355,5355,N/A,N/A,N/A,N/A,,,1
1759293596,eth0,356,Ethernet,IPv4,UDP,N/A,v4,0.0.0.0,255.255.255.255,68,67,N/A,N/A,N/A,N/A,,,1
1759293596,any,358,N/A,IPv4,UDP,N/A,v4,0.0.0.0,255.255.255.255,68,67,N/A,N/A,N/A,N/A,,,1
1759293596,eth0,368,Ethernet,IPv4,UDP,N/A,v4,0.0.0.0,255.255.255.255,68,67,N/A,N/A,N/A,N/A,,,1
1759293596,any,370,N/A,IPv4,UDP,N/A,v4,0.0.0.0,255.255.255.255,68,67,N/A,N/A,N/A,N/A,,,1
1759293596,eth1,110,Ethernet,IPv6,ICMP,N/A,v6,fe80::7827:e3ff:fe68:239,ff02::179,N/A,N/A,N/A,N/A,N/A,N/A,,,1
1759293596,any,112,N/A,IPv6,ICMP,N/A,v6,fe80::7827:e3ff:fe68:239,ff02::179,N/A,N/A,N/A,N/A,N/A,N/A,,,1
1759293596,eth0,110,Ethernet,IPv6,ICMP,N/A,v6,fe80::24f1:23ff:fe29:66,ff02::179,N/A,N/A,N/A,N/A,N/A,N/A,,,1
1759293596,eth0,54,Ethernet,IPv4,N/A,N/A,v4,172.30.0.23,224.0.0.22,N/A,N/A,N/A,N/A,N/A,N/A,,,1
1759293596,any,112,N/A,IPv6,ICMP,N/A,v6,fe80::24f1:23ff:fe29:66,ff02::179,N/A,N/A,N/A,N/A,N/A,N/A,,,1
1759293596,eth0,42,Ethernet,N/A,N/A,N/A,N/A,N/A,N/A,N/A,N/A,N/A,N/A,N/A,N/A,,,1
1759293596,any,44,ARP,N/A,N/A,N/A,N/A,N/A,N/A,N/A,N/A,1,2048,172.30.0.23,172.30.0.122,,,1
1759293596,any,56,N/A,IPv4,N/A,N/A,v4,172.30.0.23,224.0.0.22,N/A,N/A,N/A,N/A,N/A,N/A,,,1
1759293596,eth0,54,Ethernet,IPv4,N/A,N/A,v4,172.30.0.23,224.0.0.22,N/A,N/A,N/A,N/A,N/A,N/A,,,1
1759293596,any,112,N/A,IPv6,ICMP,N/A,v6,fe80::24f1:23ff:fe29:66,ff02::179,N/A,N/A,N/A,N/A,N/A,N/A,,,1
1759293596,eth0,110,Ethernet,IPv6,ICMP,N/A,v6,fe80::24f1:23ff:fe29:66,ff02::179,N/A,N/A,N/A,N/A,N/A,N/A,,,1
1759293596,eth0,70,Ethernet,IPv6,ICMP,N/A,v6,fe80::e48e:99ff:fe5f:147,ff02::204,N/A,N/A,N/A,N/A,N/A,N/A,,,1
1759293596,any,72,N/A,IPv6,ICMP,N/A,v6,fe80::e48e:99ff:fe5f:147,ff02::204,N/A,N/A,N/A,N/A,N/A,N/A,,,1
1759293596,eth0,90,Ethernet,IPv6,ICMP,N/A,v6,fe80::e48e:99ff:fe5f:147,ff02::179,N/A,N/A,N/A,N/A,N/A,N/A,,,1
1759293596,eth0,54,Ethernet,IPv4,N/A,N/A,v4,172.30.0.220,224.0.0.22,N/A,N/A,N/A,N/A,N/A,N/A,,,1
1759293596,any,92,N/A,IPv6,ICMP,N/A,v6,fe80::e48e:99ff:fe5f:147,ff02::179,N/A,N/A,N/A,N/A,N/A,N/A,,,1
1759293596,eth0,360,Ethernet,IPv4,UDP,N/A,v4,0.0.0.0,255.255.255.255,68,67,N/A,N/A,N/A,N/A,,,1
1759293596,any,362,N/A,IPv4,UDP,N/A,v4,0.0.0.0,255.255.255.255,68,67,N/A,N/A,N/A,N/A,,,1
1759293596,eth0,372,Ethernet,IPv4,UDP,N/A,v4,0.0.0.0,255.255.255.255,68,67,N/A,N/A,N/A,N/A,,,1
1759293596,any,374,N/A,IPv4,UDP,N/A,v4,0.0.0.0,255.255.255.255,68,67,N/A,N/A,N/A,N/A,,,1
1759293596,eth2,110,Ethernet,IPv6,ICMP,N/A,v6,fe80::dcac:f9ff:fe59:60,ff02::179,N/A,N/A,N/A,N/A,N/A,N/A,,,1
1759293596,any,112,N/A,IPv6,ICMP,N/A,v6,fe80::f056:abff:fe65:143,ff02::179,N/A,N/A,N/A,N/A,N/A,N/A,,,1
1759293596,eth1,110,Ethernet,IPv6,ICMP,N/A,v6,fe80::f056:abff:fe65:143,ff02::179,N/A,N/A,N/A,N/A,N/A,N/A,,,1
1759293596,eth0,54,Ethernet,IPv4,N/A,N/A,v4,172.30.0.220,224.0.0.22,N/A,N/A,N/A,N/A,N/A,N/A,,,1
1759293596,any,56,N/A,IPv4,N/A,N/A,v4,172.30.0.220,224.0.0.22,N/A,N/A,N/A,N/A,N/A,N/A,,,1
1759293596,eth0,110,Ethernet,IPv6,ICMP,N/A,v6,fe80::e48e:99ff:fe5f:147,ff02::179,N/A,N/A,N/A,N/A,N/A,N/A,,,1
1759293596,any,112,N/A,IPv6,ICMP,N/A,v6,fe80::e48e:99ff:fe5f:147,ff02::179,N/A,N/A,N/A,N/A,N/A,N/A,,,1
1759293596,eth0,42,Ethernet,N/A,N/A,N/A,N/A,N/A,N/A,N/A,N/A,N/A,N/A,N/A,N/A,,,1
1759293596,eth0,56,Ethernet,N/A,N/A,N/A,N/A,N/A,N/A,N/A,N/A,N/A,N/A,N/A,N/A,,,1
1759293596,eth0,56,Ethernet,N/A,N/A,N/A,N/A,N/A,N/A,N/A,N/A,N/A,N/A,N/A,N/A,,,1
1759293596,any,44,ARP,N/A,N/A,N/A,N/A,N/A,N/A,N/A,N/A,1,2048,172.30.0.220,172.30.0.122,,,1
1759293596,any,58,ARP,N/A,N/A,N/A,N/A,N/A,N/A,N/A,N/A,2,2048,172.30.0.122,172.30.0.220,,,1
1759293596,any,112,N/A,IPv6,ICMP,N/A,v6,fe80::e48e:99ff:fe5f:147,ff02::179,N/A,N/A,N/A,N/A,N/A,N/A,,,1
1759293596,eth0,110,Ethernet,IPv6,ICMP,N/A,v6,fe80::e48e:99ff:fe5f:147,ff02::179,N/A,N/A,N/A,N/A,N/A,N/A,,,1
1759293596,eth0,107,Ethernet,N/A,N/A,N/A,N/A,N/A,N/A,N/A,N/A,N/A,N/A,N/A,N/A,,,0
1759293596,any,109,N/A,N/A,N/A,N/A,N/A,N/A,N/A,N/A,N/A,N/A,N/A,N/A,N/A,,,0
1759293597,any,112,N/A,IPv6,ICMP,N/A,v6,fe80::f056:abff:fe65:143,ff02::179,N/A,N/A,N/A,N/A,N/A,N/A,,,1
1759293597,eth1,110,Ethernet,IPv6,ICMP,N/A,v6,fe80::f056:abff:fe65:143,ff02::179,N/A,N/A,N/A,N/A,N/A,N/A,,,1
1759293597,any,72,N/A,IPv6,ICMP,N/A,v6,fe80::7827:e3ff:fe68:239,ff02::204,N/A,N/A,N/A,N/A,N/A,N/A,,,1
1759293597,eth1,70,Ethernet,IPv6,ICMP,N/A,v6,fe80::7827:e3ff:fe68:239,ff02::204,N/A,N/A,N/A,N/A,N/A,N/A,,,1
1759293597,eth0,70,Ethernet,IPv6,ICMP,N/A,v6,fe80::24f1:23ff:fe29:66,ff02::204,N/A,N/A,N/A,N/A,N/A,N/A,,,1
1759293597,any,112,N/A,IPv6,ICMP,N/A,v6,fe80::7827:e3ff:fe68:239,ff02::179,N/A,N/A,N/A,N/A,N/A,N/A,,,1
1759293597,eth1,110,Ethernet,IPv6,ICMP,N/A,v6,fe80::7827:e3ff:fe68:239,ff02::179,N/A,N/A,N/A,N/A,N/A,N/A,,,1
1759293597,eth0,54,Ethernet,IPv4,N/A,N/A,v4,172.30.0.220,224.0.0.22,N/A,N/A,N/A,N/A,N/A,N/A,,,1
1759293597,any,56,N/A,IPv4,N/A,N/A,v4,172.30.0.220,224.0.0.22,N/A,N/A,N/A,N/A,N/A,N/A,,,1
1759293597,eth2,110,Ethernet,IPv6,ICMP,N/A,v6,fe80::dcac:f9ff:fe59:60,ff02::179,N/A,N/A,N/A,N/A,N/A,N/A,,,1
1759293597,any,112,N/A,IPv6,ICMP,N/A,v6,fe80::dcac:f9ff:fe59:60,ff02::179,N/A,N/A,N/A,N/A,N/A,N/A,,,1
1759293597,eth0,90,Ethernet,IPv6,ICMP,N/A,v6,fe80::ecf9:eff:fefb:55,ff02::179,N/A,N/A,N/A,N/A,N/A,N/A,,,1
1759293597,eth0,56,Ethernet,IPv4,N/A,N/A,v4,172.30.0.89,224.0.0.22,N/A,N/A,N/A,N/A,N/A,N/A,,,1
1759293597,any,92,N/A,IPv6,ICMP,N/A,v6,fe80::ecf9:eff:fefb:55,ff02::179,N/A,N/A,N/A,N/A,N/A,N/A,,,1
1759293597,any,58,N/A,IPv4,N/A,N/A,v4,172.30.0.89,224.0.0.22,N/A,N/A,N/A,N/A,N/A,N/A,,,1
1759293597,eth1,70,Ethernet,IPv6,ICMP,N/A,v6,fe80::f056:abff:fe65:143,ff02::204,N/A,N/A,N/A,N/A,N/A,N/A,,,1
1759293597,any,72,N/A,IPv6,ICMP,N/A,v6,fe80::dcac:f9ff:fe59:60,ff02::204,N/A,N/A,N/A,N/A,N/A,N/A,,,1
1759293597,eth2,70,Ethernet,IPv6,ICMP,N/A,v6,fe80::dcac:f9ff:fe59:60,ff02::204,N/A,N/A,N/A,N/A,N/A,N/A,,,1
1759293597,eth0,111,Ethernet,N/A,N/A,N/A,N/A,N/A,N/A,N/A,N/A,N/A,N/A,N/A,N/A,,,1
1759293597,eth0,70,Ethernet,IPv6,ICMP,N/A,v6,fe80::e48e:99ff:fe5f:147,ff02::204,N/A,N/A,N/A,N/A,N/A,N/A,,,1
1759293597,any,358,N/A,IPv4,UDP,N/A,v4,0.0.0.0,255.255.255.255,68,67,N/A,N/A,N/A,N/A,,,1
1759293597,eth0,356,Ethernet,IPv4,UDP,N/A,v4,0.0.0.0,255.255.255.255,68,67,N/A,N/A,N/A,N/A,,,1
1759293597,any,370,N/A,IPv4,UDP,N/A,v4,0.0.0.0,255.255.255.255,68,67,N/A,N/A,N/A,N/A,,,1
1759293597,eth0,368,Ethernet,IPv4,UDP,N/A,v4,0.0.0.0,255.255.255.255,68,67,N/A,N/A,N/A,N/A,,,1
1759293597,any,112,N/A,IPv6,ICMP,N/A,v6,fe80::103b:bdff:fef0:169,ff02::179,N/A,N/A,N/A,N/A,N/A,N/A,,,1
1759293597,eth1,110,Ethernet,IPv6,ICMP,N/A,v6,fe80::103b:bdff:fef0:169,ff02::179,N/A,N/A,N/A,N/A,N/A,N/A,,,1
1759293597,eth0,110,Ethernet,IPv6,ICMP,N/A,v6,fe80::ecf9:eff:fefb:55,ff02::179,N/A,N/A,N/A,N/A,N/A,N/A,,,1
1759293597,eth0,56,Ethernet,IPv4,N/A,N/A,v4,172.30.0.89,224.0.0.22,N/A,N/A,N/A,N/A,N/A,N/A,,,1
1759293597,any,112,N/A,IPv6,ICMP,N/A,v6,fe80::ecf9:eff:fefb:55,ff02::179,N/A,N/A,N/A,N/A,N/A,N/A,,,1
1759293597,any,58,N/A,IPv4,N/A,N/A,v4,172.30.0.89,224.0.0.22,N/A,N/A,N/A,N/A,N/A,N/A,,,1
1759293597,eth0,56,Ethernet,N/A,N/A,N/A,N/A,N/A,N/A,N/A,N/A,N/A,N/A,N/A,N/A,,,1
1759293597,any,58,ARP,N/A,N/A,N/A,N/A,N/A,N/A,N/A,N/A,1,2048,172.30.0.89,172.30.0.122,,,1
1759293598,eth0,107,Ethernet,N/A,N/A,N/A,N/A,N/A,N/A,N/A,N/A,N/A,N/A,N/A,N/A,,,0
1759293598,any,109,N/A,N/A,N/A,N/A,N/A,N/A,N/A,N/A,N/A,N/A,N/A,N/A,N/A,,,0
1759293598,eth0,70,Ethernet,IPv6,ICMP,N/A,v6,fe80::5ca9:83ff:fe87:27,ff02::204,N/A,N/A,N/A,N/A,N/A,N/A,,,0
1759293598,any,72,N/A,IPv6,ICMP,N/A,v6,fe80::5ca9:83ff:fe87:27,ff02::204,N/A,N/A,N/A,N/A,N/A,N/A,,,0
1759293598,eth0,90,Ethernet,IPv6,ICMP,N/A,v6,fe80::5ca9:83ff:fe87:27,ff02::179,N/A,N/A,N/A,N/A,N/A,N/A,,,0
1759293598,eth0,54,Ethernet,IPv4,N/A,N/A,v4,172.30.0.220,224.0.0.22,N/A,N/A,N/A,N/A,N/A,N/A,,,0
1759293598,any,92,N/A,IPv6,ICMP,N/A,v6,fe80::5ca9:83ff:fe87:27,ff02::179,N/A,N/A,N/A,N/A,N/A,N/A,,,0
1759293598,eth0,87,Ethernet,IPv6,UDP,N/A,v6,fe80::5ca9:83ff:fe87:27,ff02::1:52,5355,5355,N/A,N/A,N/A,N/A,,,0
1759293598,eth0,67,Ethernet,IPv4,UDP,N/A,v4,172.30.0.220,224.0.0.252,5355,5355,N/A,N/A,N/A,N/A,,,0
1759293598,any,89,N/A,IPv6,UDP,N/A,v6,fe80::5ca9:83ff:fe87:27,ff02::1:52,5355,5355,N/A,N/A,N/A,N/A,,,0
1759293598,eth1,110,Ethernet,IPv6,ICMP,N/A,v6,fe80::a824:52ff:fe4f:69,ff02::179,N/A,N/A,N/A,N/A,N/A,N/A,,,0
1759293598,any,112,N/A,IPv6,ICMP,N/A,v6,fe80::a824:52ff:fe4f:69,ff02::179,N/A,N/A,N/A,N/A,N/A,N/A,,,0
1759293598,eth0,356,Ethernet,IPv4,UDP,N/A,v4,0.0.0.0,255.255.255.255,68,67,N/A,N/A,N/A,N/A,,,0
1759293598,any,112,N/A,IPv6,ICMP,N/A,v6,fe80::103b:bdff:fef0:169,ff02::179,N/A,N/A,N/A,N/A,N/A,N/A,,,1
1759293598,eth1,110,Ethernet,IPv6,ICMP,N/A,v6,fe80::103b:bdff:fef0:169,ff02::179,N/A,N/A,N/A,N/A,N/A,N/A,,,1
1759293598,eth0,56,Ethernet,IPv4,N/A,N/A,v4,172.30.0.89,224.0.0.22,N/A,N/A,N/A,N/A,N/A,N/A,,,1
1759293598,any,72,N/A,IPv6,ICMP,N/A,v6,fe80::ecf9:eff:fefb:55,ff02::204,N/A,N/A,N/A,N/A,N/A,N/A,,,1
1759293598,eth1,70,Ethernet,IPv6,ICMP,N/A,v6,fe80::103b:bdff:fef0:169,ff02::204,N/A,N/A,N/A,N/A,N/A,N/A,,,1
1759293598,eth0,70,Ethernet,IPv6,ICMP,N/A,v6,fe80::ecf9:eff:fefb:55,ff02::204,N/A,N/A,N/A,N/A,N/A,N/A,,,1
1759293598,any,112,N/A,IPv6,ICMP,N/A,v6,fe80::ecf9:eff:fefb:55,ff02::179,N/A,N/A,N/A,N/A,N/A,N/A,,,1
1759293598,eth0,110,Ethernet,IPv6,ICMP,N/A,v6,fe80::ecf9:eff:fefb:55,ff02::179,N/A,N/A,N/A,N/A,N/A,N/A,,,1
1759293598,eth0,111,Ethernet,N/A,N/A,N/A,N/A,N/A,N/A,N/A,N/A,N/A,N/A,N/A,N/A,,,1
1759293598,any,113,N/A,N/A,N/A,N/A,N/A,N/A,N/A,N/A,N/A,N/A,N/A,N/A,N/A,,,1
1759293598,any,358,N/A,IPv4,UDP,N/A,v4,0.0.0.0,255.255.255.255,68,67,N/A,N/A,N/A,N/A,,,0
1759293599,any,72,N/A,IPv6,ICMP,N/A,v6,fe80::780a:a9ff:fee6:89,ff02::204,N/A,N/A,N/A,N/A,N/A,N/A,,,1
1759293599,eth1,70,Ethernet,IPv6,ICMP,N/A,v6,fe80::780a:a9ff:fee6:89,ff02::204,N/A,N/A,N/A,N/A,N/A,N/A,,,1
1759293599,any,72,N/A,IPv6,ICMP,N/A,v6,fe80::b0b5:44ff:feea:219,ff02::204,N/A,N/A,N/A,N/A,N/A,N/A,,,1
1759293599,eth0,70,Ethernet,IPv6,ICMP,N/A,v6,fe80::b0b5:44ff:feea:219,ff02::204,N/A,N/A,N/A,N/A,N/A,N/A,,,1
1759293599,eth0,90,Ethernet,IPv6,ICMP,N/A,v6,fe80::b0b5:44ff:feea:219,ff02::179,N/A,N/A,N/A,N/A,N/A,N/A,,,1
1759293599,eth0,54,Ethernet,IPv4,N/A,N/A,v4,172.30.0.163,224.0.0.22,N/A,N/A,N/A,N/A,N/A,N/A,,,1
1759293599,any,92,N/A,IPv6,ICMP,N/A,v6,fe80::b0b5:44ff:feea:219,ff02::179,N/A,N/A,N/A,N/A,N/A,N/A,,,1
1759293599,any,56,N/A,IPv4,N/A,N/A,v4,172.30.0.163,224.0.0.22,N/A,N/A,N/A,N/A,N/A,N/A,,,1
1759293599,any,90,N/A,IPv6,UDP,N/A,v6,fe80::b0b5:44ff:feea:219,ff02::1:52,5355,5355,N/A,N/A,N/A,N/A,,,1
1759293599,eth0,368,Ethernet,IPv4,UDP,N/A,v4,0.0.0.0,255.255.255.255,68,67,N/A,N/A,N/A,N/A,,,0
1759293599,eth0,110,Ethernet,IPv6,ICMP,N/A,v6,fe80::5ca9:83ff:fe87:27,ff02::179,N/A,N/A,N/A,N/A,N/A,N/A,,,0
1759293599,eth0,110,Ethernet,IPv6,ICMP,N/A,v6,fe80::5ca9:83ff:fe87:27,ff02::179,N/A,N/A,N/A,N/A,N/A,N/A,,,0
1759293599,eth0,54,Ethernet,IPv4,N/A,N/A,v4,172.30.0.220,224.0.0.22,N/A,N/A,N/A,N/A,N/A,N/A,,,0
1759293599,eth0,42,Ethernet,N/A,N/A,N/A,N/A,N/A,N/A,N/A,N/A,N/A,N/A,N/A,N/A,,,0
1759293599,eth0,56,Ethernet,N/A,N/A,N/A,N/A,N/A,N/A,N/A,N/A,N/A,N/A,N/A,N/A,,,0
1759293599,eth0,56,Ethernet,N/A,N/A,N/A,N/A,N/A,N/A,N/A,N/A,N/A,N/A,N/A,N/A,,,0
1759293599,any,370,N/A,IPv4,UDP,N/A,v4,0.0.0.0,255.255.255.255,68,67,N/A,N/A,N/A,N/A,,,0
1759293599,any,112,N/A,IPv6,ICMP,N/A,v6,fe80::5ca9:83ff:fe87:27,ff02::179,N/A,N/A,N/A,N/A,N/A,N/A,,,0
1759293599,any,112,N/A,IPv6,ICMP,N/A,v6,fe80::5ca9:83ff:fe87:27,ff02::179,N/A,N/A,N/A,N/A,N/A,N/A,,,0
1759293599,any,44,ARP,N/A,N/A,N/A,N/A,N/A,N/A,N/A,N/A,1,2048,172.30.0.220,172.30.0.122,,,0
1759293599,any,58,ARP,N/A,N/A,N/A,N/A,N/A,N/A,N/A,N/A,2,2048,172.30.0.122,172.30.0.220,,,0
1759293599,eth1,110,Ethernet,IPv6,ICMP,N/A,v6,fe80::a824:52ff:fe4f:69,ff02::179,N/A,N/A,N/A,N/A,N/A,N/A,,,0
1759293599,any,112,N/A,IPv6,ICMP,N/A,v6,fe80::a824:52ff:fe4f:69,ff02::179,N/A,N/A,N/A,N/A,N/A,N/A,,,0
1759293599,eth0,54,Ethernet,IPv4,N/A,N/A,v4,172.30.0.220,224.0.0.22,N/A,N/A,N/A,N/A,N/A,N/A,,,0
1759293599,any,56,N/A,IPv4,N/A,N/A,v4,172.30.0.220,224.0.0.22,N/A,N/A,N/A,N/A,N/A,N/A,,,0
1759293599,eth0,70,Ethernet,IPv6,ICMP,N/A,v6,fe80::5ca9:83ff:fe87:27,ff02::204,N/A,N/A,N/A,N/A,N/A,N/A,,,0
1759293599,any,72,N/A,IPv6,ICMP,N/A,v6,fe80::a824:52ff:fe4f:69,ff02::204,N/A,N/A,N/A,N/A,N/A,N/A,,,0
1759293599,eth1,70,Ethernet,IPv6,ICMP,N/A,v6,fe80::a824:52ff:fe4f:69,ff02::204,N/A,N/A,N/A,N/A,N/A,N/A,,,0
1759293599,eth0,90,Ethernet,IPv6,ICMP,N/A,v6,fe80::5ca9:83ff:fe87:27,ff02::179,N/A,N/A,N/A,N/A,N/A,N/A,,,0
1759293599,any,92,N/A,IPv6,ICMP,N/A,v6,fe80::5ca9:83ff:fe87:27,ff02::179,N/A,N/A,N/A,N/A,N/A,N/A,,,0
1759293599,eth0,107,Ethernet,N/A,N/A,N/A,N/A,N/A,N/A,N/A,N/A,N/A,N/A,N/A,N/A,,,0
1759293599,any,109,N/A,N/A,N/A,N/A,N/A,N/A,N/A,N/A,N/A,N/A,N/A,N/A,N/A,,,0
1759293599,eth0,88,Ethernet,IPv6,UDP,N/A,v6,fe80::b0b5:44ff:feea:219,ff02::1:52,5355,5355,N/A,N/A,N/A,N/A,,,1
1759293599,eth0,68,Ethernet,IPv4,UDP,N/A,v4,172.30.0.163,224.0.0.252,5355,5355,N/A,N/A,N/A,N/A,,,1
1759293599,eth0,357,Ethernet,IPv4,UDP,N/A,v4,0.0.0.0,255.255.255.255,68,67,N/A,N/A,N/A,N/A,,,1
1759293599,any,359,N/A,IPv4,UDP,N/A,v4,0.0.0.0,255.255.255.255,68,67,N/A,N/A,N/A,N/A,,,1
1759293599,any,371,N/A,IPv4,UDP,N/A,v4,0.0.0.0,255.255.255.255,68,67,N/A,N/A,N/A,N/A,,,1
1759293599,eth0,369,Ethernet,IPv4,UDP,N/A,v4,0.0.0.0,255.255.255.255,68,67,N/A,N/A,N/A,N/A,,,1
1759293599,any,112,N/A,IPv6,ICMP,N/A,v6,fe80::780a:a9ff:fee6:89,ff02::179,N/A,N/A,N/A,N/A,N/A,N/A,,,1
1759293599,eth1,110,Ethernet,IPv6,ICMP,N/A,v6,fe80::780a:a9ff:fee6:89,ff02::179,N/A,N/A,N/A,N/A,N/A,N/A,,,1
1759293599,any,112,N/A,IPv6,ICMP,N/A,v6,fe80::b0b5:44ff:feea:219,ff02::179,N/A,N/A,N/A,N/A,N/A,N/A,,,1
1759293599,eth0,110,Ethernet,IPv6,ICMP,N/A,v6,fe80::b0b5:44ff:feea:219,ff02::179,N/A,N/A,N/A,N/A,N/A,N/A,,,1
1759293599,eth0,54,Ethernet,IPv4,N/A,N/A,v4,172.30.0.163,224.0.0.22,N/A,N/A,N/A,N/A,N/A,N/A,,,1
1759293599,eth0,42,Ethernet,N/A,N/A,N/A,N/A,N/A,N/A,N/A,N/A,N/A,N/A,N/A,N/A,,,1
1759293599,any,44,ARP,N/A,N/A,N/A,N/A,N/A,N/A,N/A,N/A,1,2048,172.30.0.163,172.30.0.122,,,1
1759293599,eth0,54,Ethernet,IPv4,N/A,N/A,v4,172.30.0.163,224.0.0.22,N/A,N/A,N/A,N/A,N/A,N/A,,,1
1759293599,any,56,N/A,IPv4,N/A,N/A,v4,172.30.0.163,224.0.0.22,N/A,N/A,N/A,N/A,N/A,N/A,,,1
1759293600,eth0,107,Ethernet,N/A,N/A,N/A,N/A,N/A,N/A,N/A,N/A,N/A,N/A,N/A,N/A,,,0
1759293600,any,113,N/A,N/A,N/A,N/A,N/A,N/A,N/A,N/A,N/A,N/A,N/A,N/A,N/A,,,1
1759293600,eth0,111,Ethernet,N/A,N/A,N/A,N/A,N/A,N/A,N/A,N/A,N/A,N/A,N/A,N/A,,,1
1759293600,eth0,70,Ethernet,IPv6,ICMP,N/A,v6,fe80::b0b5:44ff:feea:219,ff02::204,N/A,N/A,N/A,N/A,N/A,N/A,,,1
1759293600,eth1,70,Ethernet,IPv6,ICMP,N/A,v6,fe80::780a:a9ff:fee6:89,ff02::204,N/A,N/A,N/A,N/A,N/A,N/A,,,1
1759293600,any,72,N/A,IPv6,ICMP,N/A,v6,fe80::780a:a9ff:fee6:89,ff02::204,N/A,N/A,N/A,N/A,N/A,N/A,,,1
1759293600,any,112,N/A,IPv6,ICMP,N/A,v6,fe80::780a:a9ff:fee6:89,ff02::179,N/A,N/A,N/A,N/A,N/A,N/A,,,1
1759293600,eth1,110,Ethernet,IPv6,ICMP,N/A,v6,fe80::780a:a9ff:fee6:89,ff02::179,N/A,N/A,N/A,N/A,N/A,N/A,,,1
1759293600,eth0,110,Ethernet,IPv6,ICMP,N/A,v6,fe80::b0b5:44ff:feea:219,ff02::179,N/A,N/A,N/A,N/A,N/A,N/A,,,1
1759293600,any,112,N/A,IPv6,ICMP,N/A,v6,fe80::b0b5:44ff:feea:219,ff02::179,N/A,N/A,N/A,N/A,N/A,N/A,,,1
1759293600,eth0,90,Ethernet,IPv6,ICMP,N/A,v6,fe80::e48e:99ff:fe5f:147,ff02::179,N/A,N/A,N/A,N/A,N/A,N/A,,,1
1759293600,eth0,54,Ethernet,IPv4,N/A,N/A,v4,172.30.0.220,224.0.0.22,N/A,N/A,N/A,N/A,N/A,N/A,,,1
1759293600,any,92,N/A,IPv6,ICMP,N/A,v6,fe80::e48e:99ff:fe5f:147,ff02::179,N/A,N/A,N/A,N/A,N/A,N/A,,,1
1759293600,eth0,91,Ethernet,IPv6,UDP,N/A,v6,fe80::e48e:99ff:fe5f:147,ff02::1:52,5355,5355,N/A,N/A,N/A,N/A,,,1
1759293600,any,93,N/A,IPv6,UDP,N/A,v6,fe80::e48e:99ff:fe5f:147,ff02::1:52,5355,5355,N/A,N/A,N/A,N/A,,,1
1759293600,eth0,360,Ethernet,IPv4,UDP,N/A,v4,0.0.0.0,255.255.255.255,68,67,N/A,N/A,N/A,N/A,,,1
1759293600,any,362,N/A,IPv4,UDP,N/A,v4,0.0.0.0,255.255.255.255,68,67,N/A,N/A,N/A,N/A,,,1
1759293600,eth0,372,Ethernet,IPv4,UDP,N/A,v4,0.0.0.0,255.255.255.255,68,67,N/A,N/A,N/A,N/A,,,1
1759293600,any,374,N/A,IPv4,UDP,N/A,v4,0.0.0.0,255.255.255.255,68,67,N/A,N/A,N/A,N/A,,,1
1759293600,eth2,110,Ethernet,IPv6,ICMP,N/A,v6,fe80::dcac:f9ff:fe59:60,ff02::179,N/A,N/A,N/A,N/A,N/A,N/A,,,1
1759293600,any,112,N/A,IPv6,ICMP,N/A,v6,fe80::f056:abff:fe65:143,ff02::179,N/A,N/A,N/A,N/A,N/A,N/A,,,1
1759293600,eth1,110,Ethernet,IPv6,ICMP,N/A,v6,fe80::f056:abff:fe65:143,ff02::179,N/A,N/A,N/A,N/A,N/A,N/A,,,1
1759293600,any,112,N/A,IPv6,ICMP,N/A,v6,fe80::e48e:99ff:fe5f:147,ff02::179,N/A,N/A,N/A,N/A,N/A,N/A,,,1
1759293600,eth0,110,Ethernet,IPv6,ICMP,N/A,v6,fe80::e48e:99ff:fe5f:147,ff02::179,N/A,N/A,N/A,N/A,N/A,N/A,,,1
1759293600,eth0,54,Ethernet,IPv4,N/A,N/A,v4,172.30.0.220,224.0.0.22,N/A,N/A,N/A,N/A,N/A,N/A,,,1
1759293600,eth0,42,Ethernet,N/A,N/A,N/A,N/A,N/A,N/A,N/A,N/A,N/A,N/A,N/A,N/A,,,1
1759293600,any,58,ARP,N/A,N/A,N/A,N/A,N/A,N/A,N/A,N/A,2,2048,172.30.0.122,172.30.0.220,,,1
1759293600,eth0,56,Ethernet,N/A,N/A,N/A,N/A,N/A,N/A,N/A,N/A,N/A,N/A,N/A,N/A,,,1
1759293600,any,58,ARP,N/A,N/A,N/A,N/A,N/A,N/A,N/A,N/A,2,2048,172.30.0.122,172.30.0.220,,,1
1759293600,eth0,56,Ethernet,N/A,N/A,N/A,N/A,N/A,N/A,N/A,N/A,N/A,N/A,N/A,N/A,,,1
1759293600,any,112,N/A,IPv6,ICMP,N/A,v6,fe80::f056:abff:fe65:143,ff02::179,N/A,N/A,N/A,N/A,N/A,N/A,,,1
1759293600,eth1,110,Ethernet,IPv6,ICMP,N/A,v6,fe80::f056:abff:fe65:143,ff02::179,N/A,N/A,N/A,N/A,N/A,N/A,,,1
1759293600,eth1,70,Ethernet,IPv6,ICMP,N/A,v6,fe80::7827:e3ff:fe68:239,ff02::204,N/A,N/A,N/A,N/A,N/A,N/A,,,1
1759293600,any,72,N/A,IPv6,ICMP,N/A,v6,fe80::7827:e3ff:fe68:239,ff02::204,N/A,N/A,N/A,N/A,N/A,N/A,,,1
1759293600,any,72,N/A,IPv6,ICMP,N/A,v6,fe80::24f1:23ff:fe29:66,ff02::204,N/A,N/A,N/A,N/A,N/A,N/A,,,1
1759293600,eth0,70,Ethernet,IPv6,ICMP,N/A,v6,fe80::24f1:23ff:fe29:66,ff02::204,N/A,N/A,N/A,N/A,N/A,N/A,,,1
1759293600,any,109,N/A,N/A,N/A,N/A,N/A,N/A,N/A,N/A,N/A,N/A,N/A,N/A,N/A,,,0
1759293601,any,92,N/A,IPv6,ICMP,N/A,v6,fe80::24f1:23ff:fe29:66,ff02::179,N/A,N/A,N/A,N/A,N/A,N/A,,,1
1759293601,eth0,90,Ethernet,IPv6,ICMP,N/A,v6,fe80::24f1:23ff:fe29:66,ff02::179,N/A,N/A,N/A,N/A,N/A,N/A,,,1
1759293601,eth0,54,Ethernet,IPv4,N/A,N/A,v4,172.30.0.23,224.0.0.22,N/A,N/A,N/A,N/A,N/A,N/A,,,1
1759293601,eth2,110,Ethernet,IPv6,ICMP,N/A,v6,fe80::dcac:f9ff:fe59:60,ff02::179,N/A,N/A,N/A,N/A,N/A,N/A,,,1
1759293601,any,69,N/A,IPv4,UDP,N/A,v4,172.30.0.23,224.0.0.252,5355,5355,N/A,N/A,N/A,N/A,,,1
1759293601,any,112,N/A,IPv6,ICMP,N/A,v6,fe80::dcac:f9ff:fe59:60,ff02::179,N/A,N/A,N/A,N/A,N/A,N/A,,,1
1759293601,eth0,67,Ethernet,IPv4,UDP,N/A,v4,172.30.0.23,224.0.0.252,5355,5355,N/A,N/A,N/A,N/A,,,1
1759293601,any,358,N/A,IPv4,UDP,N/A,v4,0.0.0.0,255.255.255.255,68,67,N/A,N/A,N/A,N/A,,,1
1759293601,eth0,356,Ethernet,IPv4,UDP,N/A,v4,0.0.0.0,255.255.255.255,68,67,N/A,N/A,N/A,N/A,,,1
1759293601,eth0,368,Ethernet,IPv4,UDP,N/A,v4,0.0.0.0,255.255.255.255,68,67,N/A,N/A,N/A,N/A,,,1
1759293601,any,370,N/A,IPv4,UDP,N/A,v4,0.0.0.0,255.255.255.255,68,67,N/A,N/A,N/A,N/A,,,1
1759293601,any,112,N/A,IPv6,ICMP,N/A,v6,fe80::7827:e3ff:fe68:239,ff02::179,N/A,N/A,N/A,N/A,N/A,N/A,,,1
1759293601,eth1,110,Ethernet,IPv6,ICMP,N/A,v6,fe80::7827:e3ff:fe68:239,ff02::179,N/A,N/A,N/A,N/A,N/A,N/A,,,1
1759293601,eth0,110,Ethernet,IPv6,ICMP,N/A,v6,fe80::24f1:23ff:fe29:66,ff02::179,N/A,N/A,N/A,N/A,N/A,N/A,,,1
1759293601,eth0,54,Ethernet,IPv4,N/A,N/A,v4,172.30.0.23,224.0.0.22,N/A,N/A,N/A,N/A,N/A,N/A,,,1
1759293601,any,112,N/A,IPv6,ICMP,N/A,v6,fe80::24f1:23ff:fe29:66,ff02::179,N/A,N/A,N/A,N/A,N/A,N/A,,,1
1759293601,eth0,42,Ethernet,N/A,N/A,N/A,N/A,N/A,N/A,N/A,N/A,N/A,N/A,N/A,N/A,,,1
1759293601,any,44,ARP,N/A,N/A,N/A,N/A,N/A,N/A,N/A,N/A,1,2048,172.30.0.23,172.30.0.122,,,1
1759293601,eth0,110,Ethernet,IPv6,ICMP,N/A,v6,fe80::24f1:23ff:fe29:66,ff02::179,N/A,N/A,N/A,N/A,N/A,N/A,,,1
1759293601,any,112,N/A,IPv6,ICMP,N/A,v6,fe80::24f1:23ff:fe29:66,ff02::179,N/A,N/A,N/A,N/A,N/A,N/A,,,1
1759293601,eth0,54,Ethernet,IPv4,N/A,N/A,v4,172.30.0.220,224.0.0.22,N/A,N/A,N/A,N/A,N/A,N/A,,,1
1759293601,any,56,N/A,IPv4,N/A,N/A,v4,172.30.0.220,224.0.0.22,N/A,N/A,N/A,N/A,N/A,N/A,,,1
1759293601,any,112,N/A,IPv6,ICMP,N/A,v6,fe80::e48e:99ff:fe5f:147,ff02::179,N/A,N/A,N/A,N/A,N/A,N/A,,,1
1759293601,eth0,110,Ethernet,IPv6,ICMP,N/A,v6,fe80::e48e:99ff:fe5f:147,ff02::179,N/A,N/A,N/A,N/A,N/A,N/A,,,1
1759293601,eth0,70,Ethernet,IPv6,ICMP,N/A,v6,fe80::e48e:99ff:fe5f:147,ff02::204,N/A,N/A,N/A,N/A,N/A,N/A,,,1
1759293601,eth2,70,Ethernet,IPv6,ICMP,N/A,v6,fe80::dcac:f9ff:fe59:60,ff02::204,N/A,N/A,N/A,N/A,N/A,N/A,,,1
1759293601,eth1,70,Ethernet,IPv6,ICMP,N/A,v6,fe80::f056:abff:fe65:143,ff02::204,N/A,N/A,N/A,N/A,N/A,N/A,,,1
1759293601,any,72,N/A,IPv6,ICMP,N/A,v6,fe80::dcac:f9ff:fe59:60,ff02::204,N/A,N/A,N/A,N/A,N/A,N/A,,,1
1759293601,eth0,90,Ethernet,IPv6,ICMP,N/A,v6,fe80::ecf9:eff:fefb:55,ff02::179,N/A,N/A,N/A,N/A,N/A,N/A,,,1
1759293601,eth0,56,Ethernet,IPv4,N/A,N/A,v4,172.30.0.89,224.0.0.22,N/A,N/A,N/A,N/A,N/A,N/A,,,1
1759293601,any,92,N/A,IPv6,ICMP,N/A,v6,fe80::ecf9:eff:fefb:55,ff02::179,N/A,N/A,N/A,N/A,N/A,N/A,,,1
1759293601,any,58,N/A,IPv4,N/A,N/A,v4,172.30.0.89,224.0.0.22,N/A,N/A,N/A,N/A,N/A,N/A,,,1
1759293601,eth0,67,Ethernet,IPv4,UDP,N/A,v4,172.30.0.89,224.0.0.252,5355,5355,N/A,N/A,N/A,N/A,,,1
1759293601,eth0,87,Ethernet,IPv6,UDP,N/A,v6,fe80::ecf9:eff:fefb:55,ff02::1:52,5355,5355,N/A,N/A,N/A,N/A,,,1
1759293601,any,69,N/A,IPv4,UDP,N/A,v4,172.30.0.89,224.0.0.252,5355,5355,N/A,N/A,N/A,N/A,,,1
1759293601,any,358,N/A,IPv4,UDP,N/A,v4,0.0.0.0,255.255.255.255,68,67,N/A,N/A,N/A,N/A,,,1
1759293601,eth0,356,Ethernet,IPv4,UDP,N/A,v4,0.0.0.0,255.255.255.255,68,67,N/A,N/A,N/A,N/A,,,1
1759293601,eth0,368,Ethernet,IPv4,UDP,N/A,v4,0.0.0.0,255.255.255.255,68,67,N/A,N/A,N/A,N/A,,,1
1759293601,any,370,N/A,IPv4,UDP,N/A,v4,0.0.0.0,255.255.255.255,68,67,N/A,N/A,N/A,N/A,,,1
1759293601,any,112,N/A,IPv6,ICMP,N/A,v6,fe80::103b:bdff:fef0:169,ff02::179,N/A,N/A,N/A,N/A,N/A,N/A,,,1
1759293601,eth1,110,Ethernet,IPv6,ICMP,N/A,v6,fe80::103b:bdff:fef0:169,ff02::179,N/A,N/A,N/A,N/A,N/A,N/A,,,1
1759293601,any,112,N/A,IPv6,ICMP,N/A,v6,fe80::ecf9:eff:fefb:55,ff02::179,N/A,N/A,N/A,N/A,N/A,N/A,,,1
1759293601,any,58,N/A,IPv4,N/A,N/A,v4,172.30.0.89,224.0.0.22,N/A,N/A,N/A,N/A,N/A,N/A,,,1
1759293601,eth0,110,Ethernet,IPv6,ICMP,N/A,v6,fe80::ecf9:eff:fefb:55,ff02::179,N/A,N/A,N/A,N/A,N/A,N/A,,,1
1759293601,eth0,56,Ethernet,IPv4,N/A,N/A,v4,172.30.0.89,224.0.0.22,N/A,N/A,N/A,N/A,N/A,N/A,,,1
1759293601,eth0,107,Ethernet,N/A,N/A,N/A,N/A,N/A,N/A,N/A,N/A,N/A,N/A,N/A,N/A,,,0
1759293601,any,109,N/A,N/A,N/A,N/A,N/A,N/A,N/A,N/A,N/A,N/A,N/A,N/A,N/A,,,0
1759293602,any,72,N/A,IPv6,ICMP,N/A,v6,fe80::7827:e3ff:fe68:239,ff02::204,N/A,N/A,N/A,N/A,N/A,N/A,,,1
1759293602,eth1,70,Ethernet,IPv6,ICMP,N/A,v6,fe80::7827:e3ff:fe68:239,ff02::204,N/A,N/A,N/A,N/A,N/A,N/A,,,1
1759293602,eth0,70,Ethernet,IPv6,ICMP,N/A,v6,fe80::24f1:23ff:fe29:66,ff02::204,N/A,N/A,N/A,N/A,N/A,N/A,,,1
1759293602,any,58,ARP,N/A,N/A,N/A,N/A,N/A,N/A,N/A,N/A,1,2048,172.30.0.89,172.30.0.122,,,1
1759293602,eth0,56,Ethernet,N/A,N/A,N/A,N/A,N/A,N/A,N/A,N/A,N/A,N/A,N/A,N/A,,,1
1759293602,eth0,90,Ethernet,IPv6,ICMP,N/A,v6,fe80::5ca9:83ff:fe87:27,ff02::179,N/A,N/A,N/A,N/A,N/A,N/A,,,0
1759293602,eth0,54,Ethernet,IPv4,N/A,N/A,v4,172.30.0.220,224.0.0.22,N/A,N/A,N/A,N/A,N/A,N/A,,,0
1759293602,any,92,N/A,IPv6,ICMP,N/A,v6,fe80::5ca9:83ff:fe87:27,ff02::179,N/A,N/A,N/A,N/A,N/A,N/A,,,0
1759293602,eth0,87,Ethernet,IPv6,UDP,N/A,v6,fe80::5ca9:83ff:fe87:27,ff02::1:52,5355,5355,N/A,N/A,N/A,N/A,,,0
1759293602,any,89,N/A,IPv6,UDP,N/A,v6,fe80::5ca9:83ff:fe87:27,ff02::1:52,5355,5355,N/A,N/A,N/A,N/A,,,0
1759293602,eth0,356,Ethernet,IPv4,UDP,N/A,v4,0.0.0.0,255.255.255.255,68,67,N/A,N/A,N/A,N/A,,,0
1759293602,any,358,N/A,IPv4,UDP,N/A,v4,0.0.0.0,255.255.255.255,68,67,N/A,N/A,N/A,N/A,,,0
1759293602,eth0,368,Ethernet,IPv4,UDP,N/A,v4,0.0.0.0,255.255.255.255,68,67,N/A,N/A,N/A,N/A,,,0
1759293602,any,370,N/A,IPv4,UDP,N/A,v4,0.0.0.0,255.255.255.255,68,67,N/A,N/A,N/A,N/A,,,0
1759293602,eth1,110,Ethernet,IPv6,ICMP,N/A,v6,fe80::a824:52ff:fe4f:69,ff02::179,N/A,N/A,N/A,N/A,N/A,N/A,,,0
1759293602,any,112,N/A,IPv6,ICMP,N/A,v6,fe80::a824:52ff:fe4f:69,ff02::179,N/A,N/A,N/A,N/A,N/A,N/A,,,0
1759293602,any,112,N/A,IPv6,ICMP,N/A,v6,fe80::5ca9:83ff:fe87:27,ff02::179,N/A,N/A,N/A,N/A,N/A,N/A,,,0
1759293602,eth0,110,Ethernet,IPv6,ICMP,N/A,v6,fe80::5ca9:83ff:fe87:27,ff02::179,N/A,N/A,N/A,N/A,N/A,N/A,,,0
1759293602,eth0,54,Ethernet,IPv4,N/A,N/A,v4,172.30.0.220,224.0.0.22,N/A,N/A,N/A,N/A,N/A,N/A,,,0
1759293602,any,112,N/A,IPv6,ICMP,N/A,v6,fe80::a824:52ff:fe4f:69,ff02::179,N/A,N/A,N/A,N/A,N/A,N/A,,,0
1759293602,eth1,110,Ethernet,IPv6,ICMP,N/A,v6,fe80::a824:52ff:fe4f:69,ff02::179,N/A,N/A,N/A,N/A,N/A,N/A,,,0
1759293602,any,56,N/A,IPv4,N/A,N/A,v4,172.30.0.220,224.0.0.22,N/A,N/A,N/A,N/A,N/A,N/A,,,0
1759293602,eth0,54,Ethernet,IPv4,N/A,N/A,v4,172.30.0.220,224.0.0.22,N/A,N/A,N/A,N/A,N/A,N/A,,,0
1759293602,eth0,111,Ethernet,N/A,N/A,N/A,N/A,N/A,N/A,N/A,N/A,N/A,N/A,N/A,N/A,,,1
1759293602,any,113,N/A,N/A,N/A,N/A,N/A,N/A,N/A,N/A,N/A,N/A,N/A,N/A,N/A,,,1
1759293602,any,112,N/A,IPv6,ICMP,N/A,v6,fe80::ecf9:eff:fefb:55,ff02::179,N/A,N/A,N/A,N/A,N/A,N/A,,,1
1759293602,eth0,110,Ethernet,IPv6,ICMP,N/A,v6,fe80::ecf9:eff:fefb:55,ff02::179,N/A,N/A,N/A,N/A,N/A,N/A,,,1
1759293602,any,112,N/A,IPv6,ICMP,N/A,v6,fe80::7827:e3ff:fe68:239,ff02::179,N/A,N/A,N/A,N/A,N/A,N/A,,,1
1759293602,eth1,110,Ethernet,IPv6,ICMP,N/A,v6,fe80::7827:e3ff:fe68:239,ff02::179,N/A,N/A,N/A,N/A,N/A,N/A,,,1
1759293602,any,112,N/A,IPv6,ICMP,N/A,v6,fe80::103b:bdff:fef0:169,ff02::179,N/A,N/A,N/A,N/A,N/A,N/A,,,1
1759293602,eth1,110,Ethernet,IPv6,ICMP,N/A,v6,fe80::103b:bdff:fef0:169,ff02::179,N/A,N/A,N/A,N/A,N/A,N/A,,,1
1759293602,eth0,56,Ethernet,IPv4,N/A,N/A,v4,172.30.0.89,224.0.0.22,N/A,N/A,N/A,N/A,N/A,N/A,,,1
1759293602,any,56,N/A,IPv4,N/A,N/A,v4,172.30.0.23,224.0.0.22,N/A,N/A,N/A,N/A,N/A,N/A,,,1
1759293602,eth0,54,Ethernet,IPv4,N/A,N/A,v4,172.30.0.23,224.0.0.22,N/A,N/A,N/A,N/A,N/A,N/A,,,1
1759293602,any,72,N/A,IPv6,ICMP,N/A,v6,fe80::ecf9:eff:fefb:55,ff02::204,N/A,N/A,N/A,N/A,N/A,N/A,,,1
1759293602,eth0,70,Ethernet,IPv6,ICMP,N/A,v6,fe80::ecf9:eff:fefb:55,ff02::204,N/A,N/A,N/A,N/A,N/A,N/A,,,1
1759293602,any,72,N/A,IPv6,ICMP,N/A,v6,fe80::103b:bdff:fef0:169,ff02::204,N/A,N/A,N/A,N/A,N/A,N/A,,,1
1759293602,eth1,70,Ethernet,IPv6,ICMP,N/A,v6,fe80::103b:bdff:fef0:169,ff02::204,N/A,N/A,N/A,N/A,N/A,N/A,,,1
1759293603,eth0,110,Ethernet,IPv6,ICMP,N/A,v6,fe80::5ca9:83ff:fe87:27,ff02::179,N/A,N/A,N/A,N/A,N/A,N/A,,,0
1759293603,any,112,N/A,IPv6,ICMP,N/A,v6,fe80::5ca9:83ff:fe87:27,ff02::179,N/A,N/A,N/A,N/A,N/A,N/A,,,0
1759293603,eth1,70,Ethernet,IPv6,ICMP,N/A,v6,fe80::a824:52ff:fe4f:69,ff02::204,N/A,N/A,N/A,N/A,N/A,N/A,,,0
1759293603,any,72,N/A,IPv6,ICMP,N/A,v6,fe80::a824:52ff:fe4f:69,ff02::204,N/A,N/A,N/A,N/A,N/A,N/A,,,0
1759293603,any,113,N/A,N/A,N/A,N/A,N/A,N/A,N/A,N/A,N/A,N/A,N/A,N/A,N/A,,,1
1759293603,eth0,111,Ethernet,N/A,N/A,N/A,N/A,N/A,N/A,N/A,N/A,N/A,N/A,N/A,N/A,,,1
1759293603,any,92,N/A,IPv6,ICMP,N/A,v6,fe80::b0b5:44ff:feea:219,ff02::179,N/A,N/A,N/A,N/A,N/A,N/A,,,1
1759293603,eth0,90,Ethernet,IPv6,ICMP,N/A,v6,fe80::b0b5:44ff:feea:219,ff02::179,N/A,N/A,N/A,N/A,N/A,N/A,,,1
1759293603,eth0,54,Ethernet,IPv4,N/A,N/A,v4,172.30.0.163,224.0.0.22,N/A,N/A,N/A,N/A,N/A,N/A,,,1
1759293603,any,359,N/A,IPv4,UDP,N/A,v4,0.0.0.0,255.255.255.255,68,67,N/A,N/A,N/A,N/A,,,1
1759293603,eth0,357,Ethernet,IPv4,UDP,N/A,v4,0.0.0.0,255.255.255.255,68,67,N/A,N/A,N/A,N/A,,,1
1759293603,any,371,N/A,IPv4,UDP,N/A,v4,0.0.0.0,255.255.255.255,68,67,N/A,N/A,N/A,N/A,,,1
1759293603,eth0,369,Ethernet,IPv4,UDP,N/A,v4,0.0.0.0,255.255.255.255,68,67,N/A,N/A,N/A,N/A,,,1
1759293603,any,112,N/A,IPv6,ICMP,N/A,v6,fe80::780a:a9ff:fee6:89,ff02::179,N/A,N/A,N/A,N/A,N/A,N/A,,,1
1759293603,any,112,N/A,IPv6,ICMP,N/A,v6,fe80::b0b5:44ff:feea:219,ff02::179,N/A,N/A,N/A,N/A,N/A,N/A,,,1
1759293603,eth1,110,Ethernet,IPv6,ICMP,N/A,v6,fe80::780a:a9ff:fee6:89,ff02::179,N/A,N/A,N/A,N/A,N/A,N/A,,,1
1759293603,eth0,110,Ethernet,IPv6,ICMP,N/A,v6,fe80::b0b5:44ff:feea:219,ff02::179,N/A,N/A,N/A,N/A,N/A,N/A,,,1
1759293603,eth0,54,Ethernet,IPv4,N/A,N/A,v4,172.30.0.163,224.0.0.22,N/A,N/A,N/A,N/A,N/A,N/A,,,1
1759293603,any,44,ARP,N/A,N/A,N/A,N/A,N/A,N/A,N/A,N/A,1,2048,172.30.0.220,172.30.0.122,,,0
1759293603,any,58,ARP,N/A,N/A,N/A,N/A,N/A,N/A,N/A,N/A,2,2048,172.30.0.122,172.30.0.220,,,0
1759293603,eth0,42,Ethernet,N/A,N/A,N/A,N/A,N/A,N/A,N/A,N/A,N/A,N/A,N/A,N/A,,,0
1759293603,eth0,56,Ethernet,N/A,N/A,N/A,N/A,N/A,N/A,N/A,N/A,N/A,N/A,N/A,N/A,,,0
1759293603,eth0,56,Ethernet,N/A,N/A,N/A,N/A,N/A,N/A,N/A,N/A,N/A,N/A,N/A,N/A,,,0
1759293603,eth0,70,Ethernet,IPv6,ICMP,N/A,v6,fe80::5ca9:83ff:fe87:27,ff02::204,N/A,N/A,N/A,N/A,N/A,N/A,,,0
1759293603,any,72,N/A,IPv6,ICMP,N/A,v6,fe80::5ca9:83ff:fe87:27,ff02::204,N/A,N/A,N/A,N/A,N/A,N/A,,,0
1759293604,eth0,54,Ethernet,IPv4,N/A,N/A,v4,172.30.0.163,224.0.0.22,N/A,N/A,N/A,N/A,N/A,N/A,,,1
1759293604,any,56,N/A,IPv4,N/A,N/A,v4,172.30.0.163,224.0.0.22,N/A,N/A,N/A,N/A,N/A,N/A,,,1
1759293604,eth1,70,Ethernet,IPv6,ICMP,N/A,v6,fe80::780a:a9ff:fee6:89,ff02::204,N/A,N/A,N/A,N/A,N/A,N/A,,,1
1759293604,eth0,70,Ethernet,IPv6,ICMP,N/A,v6,fe80::b0b5:44ff:feea:219,ff02::204,N/A,N/A,N/A,N/A,N/A,N/A,,,1
1759293604,any,72,N/A,IPv6,ICMP,N/A,v6,fe80::b0b5:44ff:feea:219,ff02::204,N/A,N/A,N/A,N/A,N/A,N/A,,,1
1759293604,any,72,N/A,IPv6,ICMP,N/A,v6,fe80::780a:a9ff:fee6:89,ff02::204,N/A,N/A,N/A,N/A,N/A,N/A,,,1
1759293604,any,112,N/A,IPv6,ICMP,N/A,v6,fe80::780a:a9ff:fee6:89,ff02::179,N/A,N/A,N/A,N/A,N/A,N/A,,,1
1759293604,eth1,110,Ethernet,IPv6,ICMP,N/A,v6,fe80::780a:a9ff:fee6:89,ff02::179,N/A,N/A,N/A,N/A,N/A,N/A,,,1
1759293604,any,44,ARP,N/A,N/A,N/A,N/A,N/A,N/A,N/A,N/A,1,2048,172.30.0.163,172.30.0.122,,,1
1759293604,eth0,42,Ethernet,N/A,N/A,N/A,N/A,N/A,N/A,N/A,N/A,N/A,N/A,N/A,N/A,,,1
1759293604,eth0,110,Ethernet,IPv6,ICMP,N/A,v6,fe80::b0b5:44ff:feea:219,ff02::179,N/A,N/A,N/A,N/A,N/A,N/A,,,1
1759293604,any,112,N/A,IPv6,ICMP,N/A,v6,fe80::b0b5:44ff:feea:219,ff02::179,N/A,N/A,N/A,N/A,N/A,N/A,,,1
1759293604,any,113,N/A,N/A,N/A,N/A,N/A,N/A,N/A,N/A,N/A,N/A,N/A,N/A,N/A,,,1
1759293604,eth0,111,Ethernet,N/A,N/A,N/A,N/A,N/A,N/A,N/A,N/A,N/A,N/A,N/A,N/A,,,1
1759293604,eth0,107,Ethernet,N/A,N/A,N/A,N/A,N/A,N/A,N/A,N/A,N/A,N/A,N/A,N/A,,,0
1759293604,any,109,N/A,N/A,N/A,N/A,N/A,N/A,N/A,N/A,N/A,N/A,N/A,N/A,N/A,,,0
1759293605,any,92,N/A,IPv6,ICMP,N/A,v6,fe80::24f1:23ff:fe29:66,ff02::179,N/A,N/A,N/A,N/A,N/A,N/A,,,1
1759293605,eth0,90,Ethernet,IPv6,ICMP,N/A,v6,fe80::24f1:23ff:fe29:66,ff02::179,N/A,N/A,N/A,N/A,N/A,N/A,,,1
1759293605,eth0,54,Ethernet,IPv4,N/A,N/A,v4,172.30.0.23,224.0.0.22,N/A,N/A,N/A,N/A,N/A,N/A,,,1
1759293605,eth0,67,Ethernet,IPv4,UDP,N/A,v4,172.30.0.23,224.0.0.252,5355,5355,N/A,N/A,N/A,N/A,,,1
1759293605,any,69,N/A,IPv4,UDP,N/A,v4,172.30.0.23,224.0.0.252,5355,5355,N/A,N/A,N/A,N/A,,,1
1759293605,eth0,356,Ethernet,IPv4,UDP,N/A,v4,0.0.0.0,255.255.255.255,68,67,N/A,N/A,N/A,N/A,,,1
1759293605,any,358,N/A,IPv4,UDP,N/A,v4,0.0.0.0,255.255.255.255,68,67,N/A,N/A,N/A,N/A,,,1
1759293605,eth0,368,Ethernet,IPv4,UDP,N/A,v4,0.0.0.0,255.255.255.255,68,67,N/A,N/A,N/A,N/A,,,1
1759293605,any,112,N/A,IPv6,ICMP,N/A,v6,fe80::7827:e3ff:fe68:239,ff02::179,N/A,N/A,N/A,N/A,N/A,N/A,,,1
1759293605,eth1,110,Ethernet,IPv6,ICMP,N/A,v6,fe80::7827:e3ff:fe68:239,ff02::179,N/A,N/A,N/A,N/A,N/A,N/A,,,1
1759293605,eth0,110,Ethernet,IPv6,ICMP,N/A,v6,fe80::24f1:23ff:fe29:66,ff02::179,N/A,N/A,N/A,N/A,N/A,N/A,,,1
1759293605,eth0,54,Ethernet,IPv4,N/A,N/A,v4,172.30.0.23,224.0.0.22,N/A,N/A,N/A,N/A,N/A,N/A,,,1
1759293605,any,112,N/A,IPv6,ICMP,N/A,v6,fe80::24f1:23ff:fe29:66,ff02::179,N/A,N/A,N/A,N/A,N/A,N/A,,,1
1759293605,eth0,70,Ethernet,IPv6,ICMP,N/A,v6,fe80::e48e:99ff:fe5f:147,ff02::204,N/A,N/A,N/A,N/A,N/A,N/A,,,1
1759293605,any,72,N/A,IPv6,ICMP,N/A,v6,fe80::e48e:99ff:fe5f:147,ff02::204,N/A,N/A,N/A,N/A,N/A,N/A,,,1
1759293605,eth0,42,Ethernet,N/A,N/A,N/A,N/A,N/A,N/A,N/A,N/A,N/A,N/A,N/A,N/A,,,1
1759293605,any,44,ARP,N/A,N/A,N/A,N/A,N/A,N/A,N/A,N/A,1,2048,172.30.0.23,172.30.0.122,,,1
1759293605,any,112,N/A,IPv6,ICMP,N/A,v6,fe80::7827:e3ff:fe68:239,ff02::179,N/A,N/A,N/A,N/A,N/A,N/A,,,1
1759293605,eth1,110,Ethernet,IPv6,ICMP,N/A,v6,fe80::7827:e3ff:fe68:239,ff02::179,N/A,N/A,N/A,N/A,N/A,N/A,,,1
1759293605,any,72,N/A,IPv6,ICMP,N/A,v6,fe80::dcac:f9ff:fe59:60,ff02::204,N/A,N/A,N/A,N/A,N/A,N/A,,,1
1759293605,eth2,70,Ethernet,IPv6,ICMP,N/A,v6,fe80::dcac:f9ff:fe59:60,ff02::204,N/A,N/A,N/A,N/A,N/A,N/A,,,1
1759293605,any,113,N/A,N/A,N/A,N/A,N/A,N/A,N/A,N/A,N/A,N/A,N/A,N/A,N/A,,,1
1759293605,eth0,111,Ethernet,N/A,N/A,N/A,N/A,N/A,N/A,N/A,N/A,N/A,N/A,N/A,N/A,,,1
1759293605,eth1,70,Ethernet,IPv6,ICMP,N/A,v6,fe80::f056:abff:fe65:143,ff02::204,N/A,N/A,N/A,N/A,N/A,N/A,,,1
1759293605,any,72,N/A,IPv6,ICMP,N/A,v6,fe80::f056:abff:fe65:143,ff02::204,N/A,N/A,N/A,N/A,N/A,N/A,,,1
1759293605,eth0,90,Ethernet,IPv6,ICMP,N/A,v6,fe80::e48e:99ff:fe5f:147,ff02::179,N/A,N/A,N/A,N/A,N/A,N/A,,,1
1759293605,eth0,54,Ethernet,IPv4,N/A,N/A,v4,172.30.0.220,224.0.0.22,N/A,N/A,N/A,N/A,N/A,N/A,,,1
1759293605,any,92,N/A,IPv6,ICMP,N/A,v6,fe80::e48e:99ff:fe5f:147,ff02::179,N/A,N/A,N/A,N/A,N/A,N/A,,,1
1759293605,eth0,91,Ethernet,IPv6,UDP,N/A,v6,fe80::e48e:99ff:fe5f:147,ff02::1:52,5355,5355,N/A,N/A,N/A,N/A,,,1
1759293605,any,93,N/A,IPv6,UDP,N/A,v6,fe80::e48e:99ff:fe5f:147,ff02::1:52,5355,5355,N/A,N/A,N/A,N/A,,,1
1759293605,eth0,71,Ethernet,IPv4,UDP,N/A,v4,172.30.0.220,224.0.0.252,5355,5355,N/A,N/A,N/A,N/A,,,1
1759293605,any,73,N/A,IPv4,UDP,N/A,v4,172.30.0.220,224.0.0.252,5355,5355,N/A,N/A,N/A,N/A,,,1
1759293605,eth0,360,Ethernet,IPv4,UDP,N/A,v4,0.0.0.0,255.255.255.255,68,67,N/A,N/A,N/A,N/A,,,1
1759293605,any,362,N/A,IPv4,UDP,N/A,v4,0.0.0.0,255.255.255.255,68,67,N/A,N/A,N/A,N/A,,,1
1759293605,eth0,372,Ethernet,IPv4,UDP,N/A,v4,0.0.0.0,255.255.255.255,68,67,N/A,N/A,N/A,N/A,,,1
1759293605,any,374,N/A,IPv4,UDP,N/A,v4,0.0.0.0,255.255.255.255,68,67,N/A,N/A,N/A,N/A,,,1
1759293605,eth0,54,Ethernet,IPv4,N/A,N/A,v4,172.30.0.23,224.0.0.22,N/A,N/A,N/A,N/A,N/A,N/A,,,1
1759293605,any,56,N/A,IPv4,N/A,N/A,v4,172.30.0.23,224.0.0.22,N/A,N/A,N/A,N/A,N/A,N/A,,,1
1759293605,eth2,110,Ethernet,IPv6,ICMP,N/A,v6,fe80::dcac:f9ff:fe59:60,ff02::179,N/A,N/A,N/A,N/A,N/A,N/A,,,1
1759293605,any,112,N/A,IPv6,ICMP,N/A,v6,fe80::dcac:f9ff:fe59:60,ff02::179,N/A,N/A,N/A,N/A,N/A,N/A,,,1
1759293605,eth1,110,Ethernet,IPv6,ICMP,N/A,v6,fe80::f056:abff:fe65:143,ff02::179,N/A,N/A,N/A,N/A,N/A,N/A,,,1
1759293605,any,112,N/A,IPv6,ICMP,N/A,v6,fe80::f056:abff:fe65:143,ff02::179,N/A,N/A,N/A,N/A,N/A,N/A,,,1
1759293605,eth0,110,Ethernet,IPv6,ICMP,N/A,v6,fe80::e48e:99ff:fe5f:147,ff02::179,N/A,N/A,N/A,N/A,N/A,N/A,,,1
1759293605,eth0,54,Ethernet,IPv4,N/A,N/A,v4,172.30.0.220,224.0.0.22,N/A,N/A,N/A,N/A,N/A,N/A,,,1
1759293605,any,112,N/A,IPv6,ICMP,N/A,v6,fe80::e48e:99ff:fe5f:147,ff02::179,N/A,N/A,N/A,N/A,N/A,N/A,,,1
1759293605,eth0,42,Ethernet,N/A,N/A,N/A,N/A,N/A,N/A,N/A,N/A,N/A,N/A,N/A,N/A,,,1
1759293605,eth0,56,Ethernet,N/A,N/A,N/A,N/A,N/A,N/A,N/A,N/A,N/A,N/A,N/A,N/A,,,1
1759293605,eth0,56,Ethernet,N/A,N/A,N/A,N/A,N/A,N/A,N/A,N/A,N/A,N/A,N/A,N/A,,,1
1759293605,any,44,ARP,N/A,N/A,N/A,N/A,N/A,N/A,N/A,N/A,1,2048,172.30.0.220,172.30.0.122,,,1
1759293605,any,58,ARP,N/A,N/A,N/A,N/A,N/A,N/A,N/A,N/A,2,2048,172.30.0.122,172.30.0.220,,,1
1759293605,eth0,107,Ethernet,N/A,N/A,N/A,N/A,N/A,N/A,N/A,N/A,N/A,N/A,N/A,N/A,,,0
1759293605,any,109,N/A,N/A,N/A,N/A,N/A,N/A,N/A,N/A,N/A,N/A,N/A,N/A,N/A,,,0
1759293606,eth0,70,Ethernet,IPv6,ICMP,N/A,v6,fe80::24f1:23ff:fe29:66,ff02::204,N/A,N/A,N/A,N/A,N/A,N/A,,,1
1759293606,any,72,N/A,IPv6,ICMP,N/A,v6,fe80::24f1:23ff:fe29:66,ff02::204,N/A,N/A,N/A,N/A,N/A,N/A,,,1
1759293606,any,72,N/A,IPv6,ICMP,N/A,v6,fe80::7827:e3ff:fe68:239,ff02::204,N/A,N/A,N/A,N/A,N/A,N/A,,,1
1759293606,eth1,70,Ethernet,IPv6,ICMP,N/A,v6,fe80::7827:e3ff:fe68:239,ff02::204,N/A,N/A,N/A,N/A,N/A,N/A,,,1
1759293606,any,72,N/A,IPv6,ICMP,N/A,v6,fe80::103b:bdff:fef0:169,ff02::204,N/A,N/A,N/A,N/A,N/A,N/A,,,1
1759293606,eth1,70,Ethernet,IPv6,ICMP,N/A,v6,fe80::103b:bdff:fef0:169,ff02::204,N/A,N/A,N/A,N/A,N/A,N/A,,,1
1759293606,any,112,N/A,IPv6,ICMP,N/A,v6,fe80::24f1:23ff:fe29:66,ff02::179,N/A,N/A,N/A,N/A,N/A,N/A,,,1
1759293606,eth0,110,Ethernet,IPv6,ICMP,N/A,v6,fe80::24f1:23ff:fe29:66,ff02::179,N/A,N/A,N/A,N/A,N/A,N/A,,,1
1759293606,eth0,54,Ethernet,IPv4,N/A,N/A,v4,172.30.0.220,224.0.0.22,N/A,N/A,N/A,N/A,N/A,N/A,,,1
1759293606,any,56,N/A,IPv4,N/A,N/A,v4,172.30.0.220,224.0.0.22,N/A,N/A,N/A,N/A,N/A,N/A,,,1
1759293606,any,112,N/A,IPv6,ICMP,N/A,v6,fe80::dcac:f9ff:fe59:60,ff02::179,N/A,N/A,N/A,N/A,N/A,N/A,,,1
1759293606,eth2,110,Ethernet,IPv6,ICMP,N/A,v6,fe80::dcac:f9ff:fe59:60,ff02::179,N/A,N/A,N/A,N/A,N/A,N/A,,,1
1759293606,any,112,N/A,IPv6,ICMP,N/A,v6,fe80::e48e:99ff:fe5f:147,ff02::179,N/A,N/A,N/A,N/A,N/A,N/A,,,1
1759293606,eth0,110,Ethernet,IPv6,ICMP,N/A,v6,fe80::e48e:99ff:fe5f:147,ff02::179,N/A,N/A,N/A,N/A,N/A,N/A,,,1
1759293606,eth0,70,Ethernet,IPv6,ICMP,N/A,v6,fe80::ecf9:eff:fefb:55,ff02::204,N/A,N/A,N/A,N/A,N/A,N/A,,,1
1759293606,any,72,N/A,IPv6,ICMP,N/A,v6,fe80::ecf9:eff:fefb:55,ff02::204,N/A,N/A,N/A,N/A,N/A,N/A,,,1
1759293606,any,72,N/A,IPv6,ICMP,N/A,v6,fe80::dcac:f9ff:fe59:60,ff02::204,N/A,N/A,N/A,N/A,N/A,N/A,,,1
1759293606,eth2,70,Ethernet,IPv6,ICMP,N/A,v6,fe80::dcac:f9ff:fe59:60,ff02::204,N/A,N/A,N/A,N/A,N/A,N/A,,,1
1759293606,eth1,70,Ethernet,IPv6,ICMP,N/A,v6,fe80::f056:abff:fe65:143,ff02::204,N/A,N/A,N/A,N/A,N/A,N/A,,,1
1759293606,eth0,70,Ethernet,IPv6,ICMP,N/A,v6,fe80::e48e:99ff:fe5f:147,ff02::204,N/A,N/A,N/A,N/A,N/A,N/A,,,1
1759293606,eth1,110,Ethernet,IPv6,ICMP,N/A,v6,fe80::f056:abff:fe65:143,ff02::179,N/A,N/A,N/A,N/A,N/A,N/A,,,1
1759293606,any,112,N/A,IPv6,ICMP,N/A,v6,fe80::f056:abff:fe65:143,ff02::179,N/A,N/A,N/A,N/A,N/A,N/A,,,1
1759293606,eth0,56,Ethernet,IPv4,N/A,N/A,v4,172.30.0.89,224.0.0.22,N/A,N/A,N/A,N/A,N/A,N/A,,,1
1759293606,eth0,90,Ethernet,IPv6,ICMP,N/A,v6,fe80::ecf9:eff:fefb:55,ff02::179,N/A,N/A,N/A,N/A,N/A,N/A,,,1
1759293606,any,58,N/A,IPv4,N/A,N/A,v4,172.30.0.89,224.0.0.22,N/A,N/A,N/A,N/A,N/A,N/A,,,1
1759293606,eth0,87,Ethernet,IPv6,UDP,N/A,v6,fe80::ecf9:eff:fefb:55,ff02::1:52,5355,5355,N/A,N/A,N/A,N/A,,,1
1759293606,any,89,N/A,IPv6,UDP,N/A,v6,fe80::ecf9:eff:fefb:55,ff02::1:52,5355,5355,N/A,N/A,N/A,N/A,,,1
1759293606,any,113,N/A,N/A,N/A,N/A,N/A,N/A,N/A,N/A,N/A,N/A,N/A,N/A,N/A,,,1
1759293606,eth0,111,Ethernet,N/A,N/A,N/A,N/A,N/A,N/A,N/A,N/A,N/A,N/A,N/A,N/A,,,1
1759293606,eth0,356,Ethernet,IPv4,UDP,N/A,v4,0.0.0.0,255.255.255.255,68,67,N/A,N/A,N/A,N/A,,,1
1759293606,any,358,N/A,IPv4,UDP,N/A,v4,0.0.0.0,255.255.255.255,68,67,N/A,N/A,N/A,N/A,,,1
1759293606,eth0,368,Ethernet,IPv4,UDP,N/A,v4,0.0.0.0,255.255.255.255,68,67,N/A,N/A,N/A,N/A,,,1
1759293606,eth0,107,Ethernet,N/A,N/A,N/A,N/A,N/A,N/A,N/A,N/A,N/A,N/A,N/A,N/A,,,0
1759293606,any,109,N/A,N/A,N/A,N/A,N/A,N/A,N/A,N/A,N/A,N/A,N/A,N/A,N/A,,,0
1759293606,any,370,N/A,IPv4,UDP,N/A,v4,0.0.0.0,255.255.255.255,68,67,N/A,N/A,N/A,N/A,,,1
1759293606,any,112,N/A,IPv6,ICMP,N/A,v6,fe80::103b:bdff:fef0:169,ff02::179,N/A,N/A,N/A,N/A,N/A,N/A,,,1
1759293606,eth1,110,Ethernet,IPv6,ICMP,N/A,v6,fe80::103b:bdff:fef0:169,ff02::179,N/A,N/A,N/A,N/A,N/A,N/A,,,1
1759293606,any,112,N/A,IPv6,ICMP,N/A,v6,fe80::ecf9:eff:fefb:55,ff02::179,N/A,N/A,N/A,N/A,N/A,N/A,,,1
1759293606,eth0,110,Ethernet,IPv6,ICMP,N/A,v6,fe80::ecf9:eff:fefb:55,ff02::179,N/A,N/A,N/A,N/A,N/A,N/A,,,1
1759293606,eth0,56,Ethernet,IPv4,N/A,N/A,v4,172.30.0.89,224.0.0.22,N/A,N/A,N/A,N/A,N/A,N/A,,,1
1759293606,eth0,56,Ethernet,N/A,N/A,N/A,N/A,N/A,N/A,N/A,N/A,N/A,N/A,N/A,N/A,,,1
1759293606,any,58,ARP,N/A,N/A,N/A,N/A,N/A,N/A,N/A,N/A,1,2048,172.30.0.89,172.30.0.122,,,1
1759293607,eth1,70,Ethernet,IPv6,ICMP,N/A,v6,fe80::a824:52ff:fe4f:69,ff02::204,N/A,N/A,N/A,N/A,N/A,N/A,,,0
1759293607,any,72,N/A,IPv6,ICMP,N/A,v6,fe80::a824:52ff:fe4f:69,ff02::204,N/A,N/A,N/A,N/A,N/A,N/A,,,0
1759293607,any,109,N/A,N/A,N/A,N/A,N/A,N/A,N/A,N/A,N/A,N/A,N/A,N/A,N/A,,,0
1759293607,eth0,107,Ethernet,N/A,N/A,N/A,N/A,N/A,N/A,N/A,N/A,N/A,N/A,N/A,N/A,,,0
1759293607,eth0,90,Ethernet,IPv6,ICMP,N/A,v6,fe80::5ca9:83ff:fe87:27,ff02::179,N/A,N/A,N/A,N/A,N/A,N/A,,,0
1759293607,eth0,54,Ethernet,IPv4,N/A,N/A,v4,172.30.0.220,224.0.0.22,N/A,N/A,N/A,N/A,N/A,N/A,,,0
1759293607,any,92,N/A,IPv6,ICMP,N/A,v6,fe80::5ca9:83ff:fe87:27,ff02::179,N/A,N/A,N/A,N/A,N/A,N/A,,,0
1759293607,eth0,87,Ethernet,IPv6,UDP,N/A,v6,fe80::5ca9:83ff:fe87:27,ff02::1:52,5355,5355,N/A,N/A,N/A,N/A,,,0
1759293607,any,89,N/A,IPv6,UDP,N/A,v6,fe80::5ca9:83ff:fe87:27,ff02::1:52,5355,5355,N/A,N/A,N/A,N/A,,,0
1759293607,eth0,356,Ethernet,IPv4,UDP,N/A,v4,0.0.0.0,255.255.255.255,68,67,N/A,N/A,N/A,N/A,,,0
1759293607,any,358,N/A,IPv4,UDP,N/A,v4,0.0.0.0,255.255.255.255,68,67,N/A,N/A,N/A,N/A,,,0
1759293607,eth0,368,Ethernet,IPv4,UDP,N/A,v4,0.0.0.0,255.255.255.255,68,67,N/A,N/A,N/A,N/A,,,0
1759293607,eth0,56,Ethernet,IPv4,N/A,N/A,v4,172.30.0.89,224.0.0.22,N/A,N/A,N/A,N/A,N/A,N/A,,,1
1759293607,any,58,N/A,IPv4,N/A,N/A,v4,172.30.0.89,224.0.0.22,N/A,N/A,N/A,N/A,N/A,N/A,,,1
1759293607,any,72,N/A,IPv6,ICMP,N/A,v6,fe80::ecf9:eff:fefb:55,ff02::204,N/A,N/A,N/A,N/A,N/A,N/A,,,1
1759293607,eth0,70,Ethernet,IPv6,ICMP,N/A,v6,fe80::ecf9:eff:fefb:55,ff02::204,N/A,N/A,N/A,N/A,N/A,N/A,,,1
1759293607,eth1,70,Ethernet,IPv6,ICMP,N/A,v6,fe80::103b:bdff:fef0:169,ff02::204,N/A,N/A,N/A,N/A,N/A,N/A,,,1
1759293607,any,112,N/A,IPv6,ICMP,N/A,v6,fe80::103b:bdff:fef0:169,ff02::179,N/A,N/A,N/A,N/A,N/A,N/A,,,1
1759293607,eth1,110,Ethernet,IPv6,ICMP,N/A,v6,fe80::103b:bdff:fef0:169,ff02::179,N/A,N/A,N/A,N/A,N/A,N/A,,,1
1759293607,eth0,110,Ethernet,IPv6,ICMP,N/A,v6,fe80::ecf9:eff:fefb:55,ff02::179,N/A,N/A,N/A,N/A,N/A,N/A,,,1
1759293607,any,112,N/A,IPv6,ICMP,N/A,v6,fe80::ecf9:eff:fefb:55,ff02::179,N/A,N/A,N/A,N/A,N/A,N/A,,,1
1759293607,eth0,111,Ethernet,N/A,N/A,N/A,N/A,N/A,N/A,N/A,N/A,N/A,N/A,N/A,N/A,,,1
1759293607,any,113,N/A,N/A,N/A,N/A,N/A,N/A,N/A,N/A,N/A,N/A,N/A,N/A,N/A,,,1
1759293607,any,72,N/A,IPv6,ICMP,N/A,v6,fe80::780a:a9ff:fee6:89,ff02::204,N/A,N/A,N/A,N/A,N/A,N/A,,,1
1759293607,eth1,70,Ethernet,IPv6,ICMP,N/A,v6,fe80::780a:a9ff:fee6:89,ff02::204,N/A,N/A,N/A,N/A,N/A,N/A,,,1
1759293607,any,370,N/A,IPv4,UDP,N/A,v4,0.0.0.0,255.255.255.255,68,67,N/A,N/A,N/A,N/A,,,0
1759293607,eth1,110,Ethernet,IPv6,ICMP,N/A,v6,fe80::a824:52ff:fe4f:69,ff02::179,N/A,N/A,N/A,N/A,N/A,N/A,,,0
1759293608,any,72,N/A,IPv6,ICMP,N/A,v6,fe80::b0b5:44ff:feea:219,ff02::204,N/A,N/A,N/A,N/A,N/A,N/A,,,1
1759293608,eth0,70,Ethernet,IPv6,ICMP,N/A,v6,fe80::b0b5:44ff:feea:219,ff02::204,N/A,N/A,N/A,N/A,N/A,N/A,,,1
1759293608,any,92,N/A,IPv6,ICMP,N/A,v6,fe80::b0b5:44ff:feea:219,ff02::179,N/A,N/A,N/A,N/A,N/A,N/A,,,1
1759293608,eth0,90,Ethernet,IPv6,ICMP,N/A,v6,fe80::b0b5:44ff:feea:219,ff02::179,N/A,N/A,N/A,N/A,N/A,N/A,,,1
1759293608,eth0,54,Ethernet,IPv4,N/A,N/A,v4,172.30.0.163,224.0.0.22,N/A,N/A,N/A,N/A,N/A,N/A,,,1
1759293608,eth0,68,Ethernet,IPv4,UDP,N/A,v4,172.30.0.163,224.0.0.252,5355,5355,N/A,N/A,N/A,N/A,,,1
1759293608,any,70,N/A,IPv4,UDP,N/A,v4,172.30.0.163,224.0.0.252,5355,5355,N/A,N/A,N/A,N/A,,,1
1759293608,eth0,357,Ethernet,IPv4,UDP,N/A,v4,0.0.0.0,255.255.255.255,68,67,N/A,N/A,N/A,N/A,,,1
1759293608,any,359,N/A,IPv4,UDP,N/A,v4,0.0.0.0,255.255.255.255,68,67,N/A,N/A,N/A,N/A,,,1
1759293608,any,371,N/A,IPv4,UDP,N/A,v4,0.0.0.0,255.255.255.255,68,67,N/A,N/A,N/A,N/A,,,1
1759293608,eth0,369,Ethernet,IPv4,UDP,N/A,v4,0.0.0.0,255.255.255.255,68,67,N/A,N/A,N/A,N/A,,,1
1759293608,any,112,N/A,IPv6,ICMP,N/A,v6,fe80::780a:a9ff:fee6:89,ff02::179,N/A,N/A,N/A,N/A,N/A,N/A,,,1
1759293608,eth1,110,Ethernet,IPv6,ICMP,N/A,v6,fe80::780a:a9ff:fee6:89,ff02::179,N/A,N/A,N/A,N/A,N/A,N/A,,,1
1759293608,eth0,110,Ethernet,IPv6,ICMP,N/A,v6,fe80::b0b5:44ff:feea:219,ff02::179,N/A,N/A,N/A,N/A,N/A,N/A,,,1
1759293608,eth0,54,Ethernet,IPv4,N/A,N/A,v4,172.30.0.163,224.0.0.22,N/A,N/A,N/A,N/A,N/A,N/A,,,1
1759293608,any,112,N/A,IPv6,ICMP,N/A,v6,fe80::b0b5:44ff:feea:219,ff02::179,N/A,N/A,N/A,N/A,N/A,N/A,,,1
1759293608,any,44,ARP,N/A,N/A,N/A,N/A,N/A,N/A,N/A,N/A,1,2048,172.30.0.163,172.30.0.122,,,1
1759293608,eth0,42,Ethernet,N/A,N/A,N/A,N/A,N/A,N/A,N/A,N/A,N/A,N/A,N/A,N/A,,,1
1759293608,any,112,N/A,IPv6,ICMP,N/A,v6,fe80::780a:a9ff:fee6:89,ff02::179,N/A,N/A,N/A,N/A,N/A,N/A,,,1
1759293608,eth1,110,Ethernet,IPv6,ICMP,N/A,v6,fe80::780a:a9ff:fee6:89,ff02::179,N/A,N/A,N/A,N/A,N/A,N/A,,,1
1759293608,eth0,54,Ethernet,IPv4,N/A,N/A,v4,172.30.0.220,224.0.0.22,N/A,N/A,N/A,N/A,N/A,N/A,,,0
1759293608,eth0,110,Ethernet,IPv6,ICMP,N/A,v6,fe80::5ca9:83ff:fe87:27,ff02::179,N/A,N/A,N/A,N/A,N/A,N/A,,,0
1759293608,eth0,42,Ethernet,N/A,N/A,N/A,N/A,N/A,N/A,N/A,N/A,N/A,N/A,N/A,N/A,,,0
1759293608,eth0,56,Ethernet,N/A,N/A,N/A,N/A,N/A,N/A,N/A,N/A,N/A,N/A,N/A,N/A,,,0
1759293608,eth0,56,Ethernet,N/A,N/A,N/A,N/A,N/A,N/A,N/A,N/A,N/A,N/A,N/A,N/A,,,0
1759293608,eth0,54,Ethernet,IPv4,N/A,N/A,v4,172.30.0.220,224.0.0.22,N/A,N/A,N/A,N/A,N/A,N/A,,,0
1759293608,any,112,N/A,IPv6,ICMP,N/A,v6,fe80::a824:52ff:fe4f:69,ff02::179,N/A,N/A,N/A,N/A,N/A,N/A,,,0
1759293608,any,56,N/A,IPv4,N/A,N/A,v4,172.30.0.220,224.0.0.22,N/A,N/A,N/A,N/A,N/A,N/A,,,0
1759293608,any,112,N/A,IPv6,ICMP,N/A,v6,fe80::5ca9:83ff:fe87:27,ff02::179,N/A,N/A,N/A,N/A,N/A,N/A,,,0
1759293608,any,44,ARP,N/A,N/A,N/A,N/A,N/A,N/A,N/A,N/A,1,2048,172.30.0.220,172.30.0.122,,,0
1759293608,any,58,ARP,N/A,N/A,N/A,N/A,N/A,N/A,N/A,N/A,2,2048,172.30.0.122,172.30.0.220,,,0
1759293608,any,56,N/A,IPv4,N/A,N/A,v4,172.30.0.220,224.0.0.22,N/A,N/A,N/A,N/A,N/A,N/A,,,0
1759293608,any,112,N/A,IPv6,ICMP,N/A,v6,fe80::5ca9:83ff:fe87:27,ff02::179,N/A,N/A,N/A,N/A,N/A,N/A,,,0
1759293608,eth0,110,Ethernet,IPv6,ICMP,N/A,v6,fe80::5ca9:83ff:fe87:27,ff02::179,N/A,N/A,N/A,N/A,N/A,N/A,,,0
1759293608,any,112,N/A,IPv6,ICMP,N/A,v6,fe80::a824:52ff:fe4f:69,ff02::179,N/A,N/A,N/A,N/A,N/A,N/A,,,0
1759293608,eth1,110,Ethernet,IPv6,ICMP,N/A,v6,fe80::a824:52ff:fe4f:69,ff02::179,N/A,N/A,N/A,N/A,N/A,N/A,,,0
1759293608,eth0,70,Ethernet,IPv6,ICMP,N/A,v6,fe80::5ca9:83ff:fe87:27,ff02::204,N/A,N/A,N/A,N/A,N/A,N/A,,,0
1759293608,eth1,70,Ethernet,IPv6,ICMP,N/A,v6,fe80::a824:52ff:fe4f:69,ff02::204,N/A,N/A,N/A,N/A,N/A,N/A,,,0
1759293608,any,72,N/A,IPv6,ICMP,N/A,v6,fe80::a824:52ff:fe4f:69,ff02::204,N/A,N/A,N/A,N/A,N/A,N/A,,,0
1759293609,any,113,N/A,N/A,N/A,N/A,N/A,N/A,N/A,N/A,N/A,N/A,N/A,N/A,N/A,,,1
1759293609,eth0,111,Ethernet,N/A,N/A,N/A,N/A,N/A,N/A,N/A,N/A,N/A,N/A,N/A,N/A,,,1
1759293609,eth0,70,Ethernet,IPv6,ICMP,N/A,v6,fe80::b0b5:44ff:feea:219,ff02::204,N/A,N/A,N/A,N/A,N/A,N/A,,,1
1759293609,eth1,70,Ethernet,IPv6,ICMP,N/A,v6,fe80::780a:a9ff:fee6:89,ff02::204,N/A,N/A,N/A,N/A,N/A,N/A,,,1
1759293609,any,72,N/A,IPv6,ICMP,N/A,v6,fe80::780a:a9ff:fee6:89,ff02::204,N/A,N/A,N/A,N/A,N/A,N/A,,,1
1759293609,eth0,54,Ethernet,IPv4,N/A,N/A,v4,172.30.0.163,224.0.0.22,N/A,N/A,N/A,N/A,N/A,N/A,,,1
1759293609,any,56,N/A,IPv4,N/A,N/A,v4,172.30.0.163,224.0.0.22,N/A,N/A,N/A,N/A,N/A,N/A,,,1
1759293609,any,72,N/A,IPv6,ICMP,N/A,v6,fe80::7827:e3ff:fe68:239,ff02::204,N/A,N/A,N/A,N/A,N/A,N/A,,,1
1759293609,eth1,70,Ethernet,IPv6,ICMP,N/A,v6,fe80::7827:e3ff:fe68:239,ff02::204,N/A,N/A,N/A,N/A,N/A,N/A,,,1
1759293609,eth0,107,Ethernet,N/A,N/A,N/A,N/A,N/A,N/A,N/A,N/A,N/A,N/A,N/A,N/A,,,0
1759293609,any,109,N/A,N/A,N/A,N/A,N/A,N/A,N/A,N/A,N/A,N/A,N/A,N/A,N/A,,,0
1759293609,eth0,110,Ethernet,IPv6,ICMP,N/A,v6,fe80::b0b5:44ff:feea:219,ff02::179,N/A,N/A,N/A,N/A,N/A,N/A,,,1
1759293609,any,112,N/A,IPv6,ICMP,N/A,v6,fe80::b0b5:44ff:feea:219,ff02::179,N/A,N/A,N/A,N/A,N/A,N/A,,,1
1759293609,eth0,90,Ethernet,IPv6,ICMP,N/A,v6,fe80::e48e:99ff:fe5f:147,ff02::179,N/A,N/A,N/A,N/A,N/A,N/A,,,1
1759293609,eth0,54,Ethernet,IPv4,N/A,N/A,v4,172.30.0.220,224.0.0.22,N/A,N/A,N/A,N/A,N/A,N/A,,,1
1759293609,any,92,N/A,IPv6,ICMP,N/A,v6,fe80::e48e:99ff:fe5f:147,ff02::179,N/A,N/A,N/A,N/A,N/A,N/A,,,1
1759293610,eth0,107,Ethernet,N/A,N/A,N/A,N/A,N/A,N/A,N/A,N/A,N/A,N/A,N/A,N/A,,,0
1759293610,any,109,N/A,N/A,N/A,N/A,N/A,N/A,N/A,N/A,N/A,N/A,N/A,N/A,N/A,,,0
1759293610,eth0,360,Ethernet,IPv4,UDP,N/A,v4,0.0.0.0,255.255.255.255,68,67,N/A,N/A,N/A,N/A,,,1
1759293610,any,362,N/A,IPv4,UDP,N/A,v4,0.0.0.0,255.255.255.255,68,67,N/A,N/A,N/A,N/A,,,1
1759293610,eth0,372,Ethernet,IPv4,UDP,N/A,v4,0.0.0.0,255.255.255.255,68,67,N/A,N/A,N/A,N/A,,,1
1759293610,any,374,N/A,IPv4,UDP,N/A,v4,0.0.0.0,255.255.255.255,68,67,N/A,N/A,N/A,N/A,,,1
1759293610,eth2,110,Ethernet,IPv6,ICMP,N/A,v6,fe80::dcac:f9ff:fe59:60,ff02::179,N/A,N/A,N/A,N/A,N/A,N/A,,,1
1759293610,any,112,N/A,IPv6,ICMP,N/A,v6,fe80::f056:abff:fe65:143,ff02::179,N/A,N/A,N/A,N/A,N/A,N/A,,,1
1759293610,eth1,110,Ethernet,IPv6,ICMP,N/A,v6,fe80::f056:abff:fe65:143,ff02::179,N/A,N/A,N/A,N/A,N/A,N/A,,,1
1759293610,eth0,110,Ethernet,IPv6,ICMP,N/A,v6,fe80::e48e:99ff:fe5f:147,ff02::179,N/A,N/A,N/A,N/A,N/A,N/A,,,1
1759293610,eth0,54,Ethernet,IPv4,N/A,N/A,v4,172.30.0.220,224.0.0.22,N/A,N/A,N/A,N/A,N/A,N/A,,,1
1759293610,any,112,N/A,IPv6,ICMP,N/A,v6,fe80::e48e:99ff:fe5f:147,ff02::179,N/A,N/A,N/A,N/A,N/A,N/A,,,1
1759293610,eth2,110,Ethernet,IPv6,ICMP,N/A,v6,fe80::dcac:f9ff:fe59:60,ff02::179,N/A,N/A,N/A,N/A,N/A,N/A,,,1
1759293610,any,112,N/A,IPv6,ICMP,N/A,v6,fe80::dcac:f9ff:fe59:60,ff02::179,N/A,N/A,N/A,N/A,N/A,N/A,,,1
1759293610,eth0,70,Ethernet,IPv6,ICMP,N/A,v6,fe80::24f1:23ff:fe29:66,ff02::204,N/A,N/A,N/A,N/A,N/A,N/A,,,1
1759293610,any,72,N/A,IPv6,ICMP,N/A,v6,fe80::24f1:23ff:fe29:66,ff02::204,N/A,N/A,N/A,N/A,N/A,N/A,,,1
1759293610,any,112,N/A,IPv6,ICMP,N/A,v6,fe80::f056:abff:fe65:143,ff02::179,N/A,N/A,N/A,N/A,N/A,N/A,,,1
1759293610,eth1,110,Ethernet,IPv6,ICMP,N/A,v6,fe80::f056:abff:fe65:143,ff02::179,N/A,N/A,N/A,N/A,N/A,N/A,,,1
1759293610,any,92,N/A,IPv6,ICMP,N/A,v6,fe80::24f1:23ff:fe29:66,ff02::179,N/A,N/A,N/A,N/A,N/A,N/A,,,1
1759293610,eth0,90,Ethernet,IPv6,ICMP,N/A,v6,fe80::24f1:23ff:fe29:66,ff02::179,N/A,N/A,N/A,N/A,N/A,N/A,,,1
1759293610,eth0,54,Ethernet,IPv4,N/A,N/A,v4,172.30.0.23,224.0.0.22,N/A,N/A,N/A,N/A,N/A,N/A,,,1
1759293610,any,56,N/A,IPv4,N/A,N/A,v4,172.30.0.220,224.0.0.22,N/A,N/A,N/A,N/A,N/A,N/A,,,1
1759293610,any,44,ARP,N/A,N/A,N/A,N/A,N/A,N/A,N/A,N/A,1,2048,172.30.0.220,172.30.0.122,,,1
1759293610,any,58,ARP,N/A,N/A,N/A,N/A,N/A,N/A,N/A,N/A,2,2048,172.30.0.122,172.30.0.220,,,1
1759293610,eth0,54,Ethernet,IPv4,N/A,N/A,v4,172.30.0.220,224.0.0.22,N/A,N/A,N/A,N/A,N/A,N/A,,,1
1759293610,eth0,42,Ethernet,N/A,N/A,N/A,N/A,N/A,N/A,N/A,N/A,N/A,N/A,N/A,N/A,,,1
1759293610,eth0,56,Ethernet,N/A,N/A,N/A,N/A,N/A,N/A,N/A,N/A,N/A,N/A,N/A,N/A,,,1
1759293610,eth0,87,Ethernet,IPv6,UDP,N/A,v6,fe80::24f1:23ff:fe29:66,ff02::1:52,5355,5355,N/A,N/A,N/A,N/A,,,1
1759293610,any,89,N/A,IPv6,UDP,N/A,v6,fe80::24f1:23ff:fe29:66,ff02::1:52,5355,5355,N/A,N/A,N/A,N/A,,,1
1759293610,eth0,356,Ethernet,IPv4,UDP,N/A,v4,0.0.0.0,255.255.255.255,68,67,N/A,N/A,N/A,N/A,,,1
1759293610,any,358,N/A,IPv4,UDP,N/A,v4,0.0.0.0,255.255.255.255,68,67,N/A,N/A,N/A,N/A,,,1
1759293610,any,370,N/A,IPv4,UDP,N/A,v4,0.0.0.0,255.255.255.255,68,67,N/A,N/A,N/A,N/A,,,1
1759293610,eth0,368,Ethernet,IPv4,UDP,N/A,v4,0.0.0.0,255.255.255.255,68,67,N/A,N/A,N/A,N/A,,,1
1759293610,any,112,N/A,IPv6,ICMP,N/A,v6,fe80::7827:e3ff:fe68:239,ff02::179,N/A,N/A,N/A,N/A,N/A,N/A,,,1
1759293610,eth1,110,Ethernet,IPv6,ICMP,N/A,v6,fe80::7827:e3ff:fe68:239,ff02::179,N/A,N/A,N/A,N/A,N/A,N/A,,,1
1759293610,any,112,N/A,IPv6,ICMP,N/A,v6,fe80::24f1:23ff:fe29:66,ff02::179,N/A,N/A,N/A,N/A,N/A,N/A,,,1
1759293610,eth0,110,Ethernet,IPv6,ICMP,N/A,v6,fe80::24f1:23ff:fe29:66,ff02::179,N/A,N/A,N/A,N/A,N/A,N/A,,,1
1759293610,eth0,54,Ethernet,IPv4,N/A,N/A,v4,172.30.0.23,224.0.0.22,N/A,N/A,N/A,N/A,N/A,N/A,,,1
1759293610,eth0,42,Ethernet,N/A,N/A,N/A,N/A,N/A,N/A,N/A,N/A,N/A,N/A,N/A,N/A,,,1
1759293610,any,44,ARP,N/A,N/A,N/A,N/A,N/A,N/A,N/A,N/A,1,2048,172.30.0.23,172.30.0.122,,,1
1759293610,eth0,70,Ethernet,IPv6,ICMP,N/A,v6,fe80::e48e:99ff:fe5f:147,ff02::204,N/A,N/A,N/A,N/A,N/A,N/A,,,1
1759293610,eth2,70,Ethernet,IPv6,ICMP,N/A,v6,fe80::dcac:f9ff:fe59:60,ff02::204,N/A,N/A,N/A,N/A,N/A,N/A,,,1
1759293610,eth1,70,Ethernet,IPv6,ICMP,N/A,v6,fe80::f056:abff:fe65:143,ff02::204,N/A,N/A,N/A,N/A,N/A,N/A,,,1
1759293610,any,72,N/A,IPv6,ICMP,N/A,v6,fe80::dcac:f9ff:fe59:60,ff02::204,N/A,N/A,N/A,N/A,N/A,N/A,,,1
1759293610,any,112,N/A,IPv6,ICMP,N/A,v6,fe80::7827:e3ff:fe68:239,ff02::179,N/A,N/A,N/A,N/A,N/A,N/A,,,1
1759293610,eth1,110,Ethernet,IPv6,ICMP,N/A,v6,fe80::7827:e3ff:fe68:239,ff02::179,N/A,N/A,N/A,N/A,N/A,N/A,,,1
1759293610,eth0,110,Ethernet,IPv6,ICMP,N/A,v6,fe80::24f1:23ff:fe29:66,ff02::179,N/A,N/A,N/A,N/A,N/A,N/A,,,1
1759293610,any,112,N/A,IPv6,ICMP,N/A,v6,fe80::24f1:23ff:fe29:66,ff02::179,N/A,N/A,N/A,N/A,N/A,N/A,,,1
1759293610,any,112,N/A,IPv6,ICMP,N/A,v6,fe80::e48e:99ff:fe5f:147,ff02::179,N/A,N/A,N/A,N/A,N/A,N/A,,,1
1759293610,eth0,110,Ethernet,IPv6,ICMP,N/A,v6,fe80::e48e:99ff:fe5f:147,ff02::179,N/A,N/A,N/A,N/A,N/A,N/A,,,1
1759293610,eth0,90,Ethernet,IPv6,ICMP,N/A,v6,fe80::ecf9:eff:fefb:55,ff02::179,N/A,N/A,N/A,N/A,N/A,N/A,,,1
1759293610,eth0,56,Ethernet,IPv4,N/A,N/A,v4,172.30.0.89,224.0.0.22,N/A,N/A,N/A,N/A,N/A,N/A,,,1
1759293610,any,92,N/A,IPv6,ICMP,N/A,v6,fe80::ecf9:eff:fefb:55,ff02::179,N/A,N/A,N/A,N/A,N/A,N/A,,,1
1759293610,any,58,N/A,IPv4,N/A,N/A,v4,172.30.0.89,224.0.0.22,N/A,N/A,N/A,N/A,N/A,N/A,,,1
1759293611,eth0,356,Ethernet,IPv4,UDP,N/A,v4,0.0.0.0,255.255.255.255,68,67,N/A,N/A,N/A,N/A,,,1
1759293611,any,358,N/A,IPv4,UDP,N/A,v4,0.0.0.0,255.255.255.255,68,67,N/A,N/A,N/A,N/A,,,1
1759293611,any,370,N/A,IPv4,UDP,N/A,v4,0.0.0.0,255.255.255.255,68,67,N/A,N/A,N/A,N/A,,,1
1759293611,eth0,368,Ethernet,IPv4,UDP,N/A,v4,0.0.0.0,255.255.255.255,68,67,N/A,N/A,N/A,N/A,,,1
1759293611,any,112,N/A,IPv6,ICMP,N/A,v6,fe80::103b:bdff:fef0:169,ff02::179,N/A,N/A,N/A,N/A,N/A,N/A,,,1
1759293611,eth1,110,Ethernet,IPv6,ICMP,N/A,v6,fe80::103b:bdff:fef0:169,ff02::179,N/A,N/A,N/A,N/A,N/A,N/A,,,1
1759293611,any,112,N/A,IPv6,ICMP,N/A,v6,fe80::ecf9:eff:fefb:55,ff02::179,N/A,N/A,N/A,N/A,N/A,N/A,,,1
1759293611,eth0,110,Ethernet,IPv6,ICMP,N/A,v6,fe80::ecf9:eff:fefb:55,ff02::179,N/A,N/A,N/A,N/A,N/A,N/A,,,1
1759293611,eth0,56,Ethernet,IPv4,N/A,N/A,v4,172.30.0.89,224.0.0.22,N/A,N/A,N/A,N/A,N/A,N/A,,,1
1759293611,eth0,70,Ethernet,IPv6,ICMP,N/A,v6,fe80::24f1:23ff:fe29:66,ff02::204,N/A,N/A,N/A,N/A,N/A,N/A,,,1
1759293611,eth1,70,Ethernet,IPv6,ICMP,N/A,v6,fe80::7827:e3ff:fe68:239,ff02::204,N/A,N/A,N/A,N/A,N/A,N/A,,,1
1759293611,any,72,N/A,IPv6,ICMP,N/A,v6,fe80::24f1:23ff:fe29:66,ff02::204,N/A,N/A,N/A,N/A,N/A,N/A,,,1
1759293611,eth0,111,Ethernet,N/A,N/A,N/A,N/A,N/A,N/A,N/A,N/A,N/A,N/A,N/A,N/A,,,1
1759293611,any,113,N/A,N/A,N/A,N/A,N/A,N/A,N/A,N/A,N/A,N/A,N/A,N/A,N/A,,,1
1759293611,any,56,N/A,IPv4,N/A,N/A,v4,172.30.0.23,224.0.0.22,N/A,N/A,N/A,N/A,N/A,N/A,,,1
1759293611,eth0,54,Ethernet,IPv4,N/A,N/A,v4,172.30.0.23,224.0.0.22,N/A,N/A,N/A,N/A,N/A,N/A,,,1
1759293611,any,112,N/A,IPv6,ICMP,N/A,v6,fe80::103b:bdff:fef0:169,ff02::179,N/A,N/A,N/A,N/A,N/A,N/A,,,1
1759293611,eth1,110,Ethernet,IPv6,ICMP,N/A,v6,fe80::103b:bdff:fef0:169,ff02::179,N/A,N/A,N/A,N/A,N/A,N/A,,,1
1759293611,any,109,N/A,N/A,N/A,N/A,N/A,N/A,N/A,N/A,N/A,N/A,N/A,N/A,N/A,,,0
1759293611,eth0,107,Ethernet,N/A,N/A,N/A,N/A,N/A,N/A,N/A,N/A,N/A,N/A,N/A,N/A,,,0
1759293611,any,112,N/A,IPv6,ICMP,N/A,v6,fe80::ecf9:eff:fefb:55,ff02::179,N/A,N/A,N/A,N/A,N/A,N/A,,,1
1759293611,eth0,110,Ethernet,IPv6,ICMP,N/A,v6,fe80::ecf9:eff:fefb:55,ff02::179,N/A,N/A,N/A,N/A,N/A,N/A,,,1
1759293611,eth0,56,Ethernet,N/A,N/A,N/A,N/A,N/A,N/A,N/A,N/A,N/A,N/A,N/A,N/A,,,1
1759293611,any,58,ARP,N/A,N/A,N/A,N/A,N/A,N/A,N/A,N/A,1,2048,172.30.0.89,172.30.0.122,,,1
1759293611,eth0,70,Ethernet,IPv6,ICMP,N/A,v6,fe80::ecf9:eff:fefb:55,ff02::204,N/A,N/A,N/A,N/A,N/A,N/A,,,1
1759293611,any,72,N/A,IPv6,ICMP,N/A,v6,fe80::ecf9:eff:fefb:55,ff02::204,N/A,N/A,N/A,N/A,N/A,N/A,,,1
1759293611,any,72,N/A,IPv6,ICMP,N/A,v6,fe80::103b:bdff:fef0:169,ff02::204,N/A,N/A,N/A,N/A,N/A,N/A,,,1
1759293611,eth1,70,Ethernet,IPv6,ICMP,N/A,v6,fe80::103b:bdff:fef0:169,ff02::204,N/A,N/A,N/A,N/A,N/A,N/A,,,1
1759293611,any,58,N/A,IPv4,N/A,N/A,v4,172.30.0.89,224.0.0.22,N/A,N/A,N/A,N/A,N/A,N/A,,,1
1759293611,eth0,56,Ethernet,IPv4,N/A,N/A,v4,172.30.0.89,224.0.0.22,N/A,N/A,N/A,N/A,N/A,N/A,,,1
1759293612,eth0,90,Ethernet,IPv6,ICMP,N/A,v6,fe80::5ca9:83ff:fe87:27,ff02::179,N/A,N/A,N/A,N/A,N/A,N/A,,,0
1759293612,eth0,54,Ethernet,IPv4,N/A,N/A,v4,172.30.0.220,224.0.0.22,N/A,N/A,N/A,N/A,N/A,N/A,,,0
1759293612,any,92,N/A,IPv6,ICMP,N/A,v6,fe80::5ca9:83ff:fe87:27,ff02::179,N/A,N/A,N/A,N/A,N/A,N/A,,,0
1759293612,eth0,67,Ethernet,IPv4,UDP,N/A,v4,172.30.0.220,224.0.0.252,5355,5355,N/A,N/A,N/A,N/A,,,0
1759293612,any,69,N/A,IPv4,UDP,N/A,v4,172.30.0.220,224.0.0.252,5355,5355,N/A,N/A,N/A,N/A,,,0
1759293612,eth0,356,Ethernet,IPv4,UDP,N/A,v4,0.0.0.0,255.255.255.255,68,67,N/A,N/A,N/A,N/A,,,0
1759293612,any,358,N/A,IPv4,UDP,N/A,v4,0.0.0.0,255.255.255.255,68,67,N/A,N/A,N/A,N/A,,,0
1759293612,eth0,368,Ethernet,IPv4,UDP,N/A,v4,0.0.0.0,255.255.255.255,68,67,N/A,N/A,N/A,N/A,,,0
1759293612,any,370,N/A,IPv4,UDP,N/A,v4,0.0.0.0,255.255.255.255,68,67,N/A,N/A,N/A,N/A,,,0
1759293612,eth1,110,Ethernet,IPv6,ICMP,N/A,v6,fe80::a824:52ff:fe4f:69,ff02::179,N/A,N/A,N/A,N/A,N/A,N/A,,,0
1759293612,any,112,N/A,IPv6,ICMP,N/A,v6,fe80::a824:52ff:fe4f:69,ff02::179,N/A,N/A,N/A,N/A,N/A,N/A,,,0
1759293612,eth0,110,Ethernet,IPv6,ICMP,N/A,v6,fe80::5ca9:83ff:fe87:27,ff02::179,N/A,N/A,N/A,N/A,N/A,N/A,,,0
1759293612,eth0,54,Ethernet,IPv4,N/A,N/A,v4,172.30.0.220,224.0.0.22,N/A,N/A,N/A,N/A,N/A,N/A,,,0
1759293612,any,112,N/A,IPv6,ICMP,N/A,v6,fe80::5ca9:83ff:fe87:27,ff02::179,N/A,N/A,N/A,N/A,N/A,N/A,,,0
1759293612,eth0,42,Ethernet,N/A,N/A,N/A,N/A,N/A,N/A,N/A,N/A,N/A,N/A,N/A,N/A,,,0
1759293612,any,44,ARP,N/A,N/A,N/A,N/A,N/A,N/A,N/A,N/A,1,2048,172.30.0.220,172.30.0.122,,,0
1759293612,any,58,ARP,N/A,N/A,N/A,N/A,N/A,N/A,N/A,N/A,2,2048,172.30.0.122,172.30.0.220,,,0
1759293612,eth0,56,Ethernet,N/A,N/A,N/A,N/A,N/A,N/A,N/A,N/A,N/A,N/A,N/A,N/A,,,0
1759293612,eth0,56,Ethernet,N/A,N/A,N/A,N/A,N/A,N/A,N/A,N/A,N/A,N/A,N/A,N/A,,,0
1759293612,any,112,N/A,IPv6,ICMP,N/A,v6,fe80::5ca9:83ff:fe87:27,ff02::179,N/A,N/A,N/A,N/A,N/A,N/A,,,0
1759293612,eth0,110,Ethernet,IPv6,ICMP,N/A,v6,fe80::5ca9:83ff:fe87:27,ff02::179,N/A,N/A,N/A,N/A,N/A,N/A,,,0
1759293612,any,112,N/A,IPv6,ICMP,N/A,v6,fe80::a824:52ff:fe4f:69,ff02::179,N/A,N/A,N/A,N/A,N/A,N/A,,,0
1759293612,eth1,110,Ethernet,IPv6,ICMP,N/A,v6,fe80::a824:52ff:fe4f:69,ff02::179,N/A,N/A,N/A,N/A,N/A,N/A,,,0
1759293612,eth0,111,Ethernet,N/A,N/A,N/A,N/A,N/A,N/A,N/A,N/A,N/A,N/A,N/A,N/A,,,1
1759293612,any,113,N/A,N/A,N/A,N/A,N/A,N/A,N/A,N/A,N/A,N/A,N/A,N/A,N/A,,,1
1759293612,eth0,90,Ethernet,IPv6,ICMP,N/A,v6,fe80::b0b5:44ff:feea:219,ff02::179,N/A,N/A,N/A,N/A,N/A,N/A,,,1
1759293612,eth0,54,Ethernet,IPv4,N/A,N/A,v4,172.30.0.163,224.0.0.22,N/A,N/A,N/A,N/A,N/A,N/A,,,1
1759293612,any,92,N/A,IPv6,ICMP,N/A,v6,fe80::b0b5:44ff:feea:219,ff02::179,N/A,N/A,N/A,N/A,N/A,N/A,,,1
1759293612,any,56,N/A,IPv4,N/A,N/A,v4,172.30.0.163,224.0.0.22,N/A,N/A,N/A,N/A,N/A,N/A,,,1
1759293612,eth0,54,Ethernet,IPv4,N/A,N/A,v4,172.30.0.163,224.0.0.22,N/A,N/A,N/A,N/A,N/A,N/A,,,1
1759293612,any,70,N/A,IPv4,UDP,N/A,v4,172.30.0.163,224.0.0.252,5355,5355,N/A,N/A,N/A,N/A,,,1
1759293612,eth0,68,Ethernet,IPv4,UDP,N/A,v4,172.30.0.163,224.0.0.252,5355,5355,N/A,N/A,N/A,N/A,,,1
1759293612,any,359,N/A,IPv4,UDP,N/A,v4,0.0.0.0,255.255.255.255,68,67,N/A,N/A,N/A,N/A,,,1
1759293612,eth0,357,Ethernet,IPv4,UDP,N/A,v4,0.0.0.0,255.255.255.255,68,67,N/A,N/A,N/A,N/A,,,1
1759293612,eth0,369,Ethernet,IPv4,UDP,N/A,v4,0.0.0.0,255.255.255.255,68,67,N/A,N/A,N/A,N/A,,,1
1759293612,any,371,N/A,IPv4,UDP,N/A,v4,0.0.0.0,255.255.255.255,68,67,N/A,N/A,N/A,N/A,,,1
1759293612,any,112,N/A,IPv6,ICMP,N/A,v6,fe80::780a:a9ff:fee6:89,ff02::179,N/A,N/A,N/A,N/A,N/A,N/A,,,1
1759293612,eth1,110,Ethernet,IPv6,ICMP,N/A,v6,fe80::780a:a9ff:fee6:89,ff02::179,N/A,N/A,N/A,N/A,N/A,N/A,,,1
1759293612,any,112,N/A,IPv6,ICMP,N/A,v6,fe80::b0b5:44ff:feea:219,ff02::179,N/A,N/A,N/A,N/A,N/A,N/A,,,1
1759293612,eth0,110,Ethernet,IPv6,ICMP,N/A,v6,fe80::b0b5:44ff:feea:219,ff02::179,N/A,N/A,N/A,N/A,N/A,N/A,,,1
1759293612,eth0,54,Ethernet,IPv4,N/A,N/A,v4,172.30.0.163,224.0.0.22,N/A,N/A,N/A,N/A,N/A,N/A,,,1
1759293612,eth0,54,Ethernet,IPv4,N/A,N/A,v4,172.30.0.220,224.0.0.22,N/A,N/A,N/A,N/A,N/A,N/A,,,0
1759293612,any,56,N/A,IPv4,N/A,N/A,v4,172.30.0.220,224.0.0.22,N/A,N/A,N/A,N/A,N/A,N/A,,,0
1759293613,eth1,110,Ethernet,IPv6,ICMP,N/A,v6,fe80::780a:a9ff:fee6:89,ff02::179,N/A,N/A,N/A,N/A,N/A,N/A,,,1
1759293613,any,112,N/A,IPv6,ICMP,N/A,v6,fe80::780a:a9ff:fee6:89,ff02::179,N/A,N/A,N/A,N/A,N/A,N/A,,,1
1759293613,any,112,N/A,IPv6,ICMP,N/A,v6,fe80::b0b5:44ff:feea:219,ff02::179,N/A,N/A,N/A,N/A,N/A,N/A,,,1
1759293613,eth0,110,Ethernet,IPv6,ICMP,N/A,v6,fe80::b0b5:44ff:feea:219,ff02::179,N/A,N/A,N/A,N/A,N/A,N/A,,,1
1759293613,eth0,111,Ethernet,N/A,N/A,N/A,N/A,N/A,N/A,N/A,N/A,N/A,N/A,N/A,N/A,,,1
1759293613,any,113,N/A,N/A,N/A,N/A,N/A,N/A,N/A,N/A,N/A,N/A,N/A,N/A,N/A,,,1
1759293613,any,56,N/A,IPv4,N/A,N/A,v4,172.30.0.163,224.0.0.22,N/A,N/A,N/A,N/A,N/A,N/A,,,1
1759293613,eth0,54,Ethernet,IPv4,N/A,N/A,v4,172.30.0.163,224.0.0.22,N/A,N/A,N/A,N/A,N/A,N/A,,,1
1759293613,eth0,42,Ethernet,N/A,N/A,N/A,N/A,N/A,N/A,N/A,N/A,N/A,N/A,N/A,N/A,,,1
1759293613,any,44,ARP,N/A,N/A,N/A,N/A,N/A,N/A,N/A,N/A,1,2048,172.30.0.163,172.30.0.122,,,1
1759293613,any,72,N/A,IPv6,ICMP,N/A,v6,fe80::b0b5:44ff:feea:219,ff02::204,N/A,N/A,N/A,N/A,N/A,N/A,,,1
1759293613,eth1,70,Ethernet,IPv6,ICMP,N/A,v6,fe80::780a:a9ff:fee6:89,ff02::204,N/A,N/A,N/A,N/A,N/A,N/A,,,1
1759293613,eth0,70,Ethernet,IPv6,ICMP,N/A,v6,fe80::b0b5:44ff:feea:219,ff02::204,N/A,N/A,N/A,N/A,N/A,N/A,,,1
1759293613,eth0,107,Ethernet,N/A,N/A,N/A,N/A,N/A,N/A,N/A,N/A,N/A,N/A,N/A,N/A,,,0
1759293613,eth0,70,Ethernet,IPv6,ICMP,N/A,v6,fe80::5ca9:83ff:fe87:27,ff02::204,N/A,N/A,N/A,N/A,N/A,N/A,,,0
1759293613,any,72,N/A,IPv6,ICMP,N/A,v6,fe80::a824:52ff:fe4f:69,ff02::204,N/A,N/A,N/A,N/A,N/A,N/A,,,0
1759293613,eth1,70,Ethernet,IPv6,ICMP,N/A,v6,fe80::a824:52ff:fe4f:69,ff02::204,N/A,N/A,N/A,N/A,N/A,N/A,,,0
1759293614,eth1,70,Ethernet,IPv6,ICMP,N/A,v6,fe80::f056:abff:fe65:143,ff02::204,N/A,N/A,N/A,N/A,N/A,N/A,,,1
1759293614,any,72,N/A,IPv6,ICMP,N/A,v6,fe80::f056:abff:fe65:143,ff02::204,N/A,N/A,N/A,N/A,N/A,N/A,,,1
1759293614,any,72,N/A,IPv6,ICMP,N/A,v6,fe80::e48e:99ff:fe5f:147,ff02::204,N/A,N/A,N/A,N/A,N/A,N/A,,,1
1759293614,eth0,70,Ethernet,IPv6,ICMP,N/A,v6,fe80::e48e:99ff:fe5f:147,ff02::204,N/A,N/A,N/A,N/A,N/A,N/A,,,1
1759293614,eth0,111,Ethernet,N/A,N/A,N/A,N/A,N/A,N/A,N/A,N/A,N/A,N/A,N/A,N/A,,,1
1759293614,eth0,90,Ethernet,IPv6,ICMP,N/A,v6,fe80::24f1:23ff:fe29:66,ff02::179,N/A,N/A,N/A,N/A,N/A,N/A,,,1
1759293614,eth0,54,Ethernet,IPv4,N/A,N/A,v4,172.30.0.23,224.0.0.22,N/A,N/A,N/A,N/A,N/A,N/A,,,1
1759293614,any,92,N/A,IPv6,ICMP,N/A,v6,fe80::24f1:23ff:fe29:66,ff02::179,N/A,N/A,N/A,N/A,N/A,N/A,,,1
1759293614,any,358,N/A,IPv4,UDP,N/A,v4,0.0.0.0,255.255.255.255,68,67,N/A,N/A,N/A,N/A,,,1
1759293614,any,112,N/A,IPv6,ICMP,N/A,v6,fe80::7827:e3ff:fe68:239,ff02::179,N/A,N/A,N/A,N/A,N/A,N/A,,,1
1759293614,eth0,356,Ethernet,IPv4,UDP,N/A,v4,0.0.0.0,255.255.255.255,68,67,N/A,N/A,N/A,N/A,,,1
1759293614,eth0,368,Ethernet,IPv4,UDP,N/A,v4,0.0.0.0,255.255.255.255,68,67,N/A,N/A,N/A,N/A,,,1
1759293614,eth1,110,Ethernet,IPv6,ICMP,N/A,v6,fe80::7827:e3ff:fe68:239,ff02::179,N/A,N/A,N/A,N/A,N/A,N/A,,,1
1759293614,eth0,42,Ethernet,N/A,N/A,N/A,N/A,N/A,N/A,N/A,N/A,N/A,N/A,N/A,N/A,,,1
1759293614,eth0,110,Ethernet,IPv6,ICMP,N/A,v6,fe80::24f1:23ff:fe29:66,ff02::179,N/A,N/A,N/A,N/A,N/A,N/A,,,1
1759293614,eth0,54,Ethernet,IPv4,N/A,N/A,v4,172.30.0.23,224.0.0.22,N/A,N/A,N/A,N/A,N/A,N/A,,,1
1759293614,any,112,N/A,IPv6,ICMP,N/A,v6,fe80::24f1:23ff:fe29:66,ff02::179,N/A,N/A,N/A,N/A,N/A,N/A,,,1
1759293614,any,72,N/A,IPv6,ICMP,N/A,v6,fe80::dcac:f9ff:fe59:60,ff02::204,N/A,N/A,N/A,N/A,N/A,N/A,,,1
1759293614,eth2,70,Ethernet,IPv6,ICMP,N/A,v6,fe80::dcac:f9ff:fe59:60,ff02::204,N/A,N/A,N/A,N/A,N/A,N/A,,,1
1759293614,eth0,54,Ethernet,IPv4,N/A,N/A,v4,172.30.0.23,224.0.0.22,N/A,N/A,N/A,N/A,N/A,N/A,,,1
1759293614,any,56,N/A,IPv4,N/A,N/A,v4,172.30.0.23,224.0.0.22,N/A,N/A,N/A,N/A,N/A,N/A,,,1
1759293614,any,112,N/A,IPv6,ICMP,N/A,v6,fe80::24f1:23ff:fe29:66,ff02::179,N/A,N/A,N/A,N/A,N/A,N/A,,,1
1759293614,eth0,110,Ethernet,IPv6,ICMP,N/A,v6,fe80::24f1:23ff:fe29:66,ff02::179,N/A,N/A,N/A,N/A,N/A,N/A,,,1
1759293614,eth0,107,Ethernet,N/A,N/A,N/A,N/A,N/A,N/A,N/A,N/A,N/A,N/A,N/A,N/A,,,0
1759293614,any,109,N/A,N/A,N/A,N/A,N/A,N/A,N/A,N/A,N/A,N/A,N/A,N/A,N/A,,,0
1759293615,eth0,90,Ethernet,IPv6,ICMP,N/A,v6,fe80::e48e:99ff:fe5f:147,ff02::179,N/A,N/A,N/A,N/A,N/A,N/A,,,1
1759293615,eth0,54,Ethernet,IPv4,N/A,N/A,v4,172.30.0.220,224.0.0.22,N/A,N/A,N/A,N/A,N/A,N/A,,,1
1759293615,any,92,N/A,IPv6,ICMP,N/A,v6,fe80::e48e:99ff:fe5f:147,ff02::179,N/A,N/A,N/A,N/A,N/A,N/A,,,1
1759293615,eth0,360,Ethernet,IPv4,UDP,N/A,v4,0.0.0.0,255.255.255.255,68,67,N/A,N/A,N/A,N/A,,,1
1759293615,any,362,N/A,IPv4,UDP,N/A,v4,0.0.0.0,255.255.255.255,68,67,N/A,N/A,N/A,N/A,,,1
1759293615,eth0,372,Ethernet,IPv4,UDP,N/A,v4,0.0.0.0,255.255.255.255,68,67,N/A,N/A,N/A,N/A,,,1
1759293615,any,374,N/A,IPv4,UDP,N/A,v4,0.0.0.0,255.255.255.255,68,67,N/A,N/A,N/A,N/A,,,1
1759293615,eth2,110,Ethernet,IPv6,ICMP,N/A,v6,fe80::dcac:f9ff:fe59:60,ff02::179,N/A,N/A,N/A,N/A,N/A,N/A,,,1
1759293615,any,112,N/A,IPv6,ICMP,N/A,v6,fe80::f056:abff:fe65:143,ff02::179,N/A,N/A,N/A,N/A,N/A,N/A,,,1
1759293615,eth1,110,Ethernet,IPv6,ICMP,N/A,v6,fe80::f056:abff:fe65:143,ff02::179,N/A,N/A,N/A,N/A,N/A,N/A,,,1
1759293615,eth0,110,Ethernet,IPv6,ICMP,N/A,v6,fe80::e48e:99ff:fe5f:147,ff02::179,N/A,N/A,N/A,N/A,N/A,N/A,,,1
1759293615,eth0,54,Ethernet,IPv4,N/A,N/A,v4,172.30.0.220,224.0.0.22,N/A,N/A,N/A,N/A,N/A,N/A,,,1
1759293615,eth0,42,Ethernet,N/A,N/A,N/A,N/A,N/A,N/A,N/A,N/A,N/A,N/A,N/A,N/A,,,1
1759293615,eth0,56,Ethernet,N/A,N/A,N/A,N/A,N/A,N/A,N/A,N/A,N/A,N/A,N/A,N/A,,,1
1759293615,eth0,56,Ethernet,N/A,N/A,N/A,N/A,N/A,N/A,N/A,N/A,N/A,N/A,N/A,N/A,,,1
1759293615,any,112,N/A,IPv6,ICMP,N/A,v6,fe80::e48e:99ff:fe5f:147,ff02::179,N/A,N/A,N/A,N/A,N/A,N/A,,,1
1759293615,any,44,ARP,N/A,N/A,N/A,N/A,N/A,N/A,N/A,N/A,1,2048,172.30.0.220,172.30.0.122,,,1
1759293615,any,58,ARP,N/A,N/A,N/A,N/A,N/A,N/A,N/A,N/A,2,2048,172.30.0.122,172.30.0.220,,,1
1759293615,any,112,N/A,IPv6,ICMP,N/A,v6,fe80::f056:abff:fe65:143,ff02::179,N/A,N/A,N/A,N/A,N/A,N/A,,,1
1759293615,eth1,110,Ethernet,IPv6,ICMP,N/A,v6,fe80::f056:abff:fe65:143,ff02::179,N/A,N/A,N/A,N/A,N/A,N/A,,,1
1759293615,eth1,110,Ethernet,IPv6,ICMP,N/A,v6,fe80::7827:e3ff:fe68:239,ff02::179,N/A,N/A,N/A,N/A,N/A,N/A,,,1
1759293615,any,112,N/A,IPv6,ICMP,N/A,v6,fe80::7827:e3ff:fe68:239,ff02::179,N/A,N/A,N/A,N/A,N/A,N/A,,,1
1759293615,eth1,70,Ethernet,IPv6,ICMP,N/A,v6,fe80::7827:e3ff:fe68:239,ff02::204,N/A,N/A,N/A,N/A,N/A,N/A,,,1
1759293615,eth0,70,Ethernet,IPv6,ICMP,N/A,v6,fe80::24f1:23ff:fe29:66,ff02::204,N/A,N/A,N/A,N/A,N/A,N/A,,,1
1759293615,any,72,N/A,IPv6,ICMP,N/A,v6,fe80::24f1:23ff:fe29:66,ff02::204,N/A,N/A,N/A,N/A,N/A,N/A,,,1
1759293615,any,72,N/A,IPv6,ICMP,N/A,v6,fe80::7827:e3ff:fe68:239,ff02::204,N/A,N/A,N/A,N/A,N/A,N/A,,,1
1759293615,any,72,N/A,IPv6,ICMP,N/A,v6,fe80::ecf9:eff:fefb:55,ff02::204,N/A,N/A,N/A,N/A,N/A,N/A,,,1
1759293615,eth0,70,Ethernet,IPv6,ICMP,N/A,v6,fe80::ecf9:eff:fefb:55,ff02::204,N/A,N/A,N/A,N/A,N/A,N/A,,,1
1759293615,any,112,N/A,IPv6,ICMP,N/A,v6,fe80::dcac:f9ff:fe59:60,ff02::179,N/A,N/A,N/A,N/A,N/A,N/A,,,1
1759293615,eth2,110,Ethernet,IPv6,ICMP,N/A,v6,fe80::dcac:f9ff:fe59:60,ff02::179,N/A,N/A,N/A,N/A,N/A,N/A,,,1
1759293615,eth0,54,Ethernet,IPv4,N/A,N/A,v4,172.30.0.220,224.0.0.22,N/A,N/A,N/A,N/A,N/A,N/A,,,1
1759293615,any,56,N/A,IPv4,N/A,N/A,v4,172.30.0.220,224.0.0.22,N/A,N/A,N/A,N/A,N/A,N/A,,,1
1759293615,any,112,N/A,IPv6,ICMP,N/A,v6,fe80::e48e:99ff:fe5f:147,ff02::179,N/A,N/A,N/A,N/A,N/A,N/A,,,1
1759293615,eth0,110,Ethernet,IPv6,ICMP,N/A,v6,fe80::e48e:99ff:fe5f:147,ff02::179,N/A,N/A,N/A,N/A,N/A,N/A,,,1
1759293615,any,72,N/A,IPv6,ICMP,N/A,v6,fe80::103b:bdff:fef0:169,ff02::204,N/A,N/A,N/A,N/A,N/A,N/A,,,1
1759293615,eth1,70,Ethernet,IPv6,ICMP,N/A,v6,fe80::103b:bdff:fef0:169,ff02::204,N/A,N/A,N/A,N/A,N/A,N/A,,,1
1759293615,eth0,107,Ethernet,N/A,N/A,N/A,N/A,N/A,N/A,N/A,N/A,N/A,N/A,N/A,N/A,,,0
1759293615,any,109,N/A,N/A,N/A,N/A,N/A,N/A,N/A,N/A,N/A,N/A,N/A,N/A,N/A,,,0
1759293616,eth0,90,Ethernet,IPv6,ICMP,N/A,v6,fe80::ecf9:eff:fefb:55,ff02::179,N/A,N/A,N/A,N/A,N/A,N/A,,,1
1759293616,eth0,56,Ethernet,IPv4,N/A,N/A,v4,172.30.0.89,224.0.0.22,N/A,N/A,N/A,N/A,N/A,N/A,,,1
1759293616,any,92,N/A,IPv6,ICMP,N/A,v6,fe80::ecf9:eff:fefb:55,ff02::179,N/A,N/A,N/A,N/A,N/A,N/A,,,1
1759293616,eth0,67,Ethernet,IPv4,UDP,N/A,v4,172.30.0.89,224.0.0.252,5355,5355,N/A,N/A,N/A,N/A,,,1
1759293616,eth0,87,Ethernet,IPv6,UDP,N/A,v6,fe80::ecf9:eff:fefb:55,ff02::1:52,5355,5355,N/A,N/A,N/A,N/A,,,1
1759293616,any,69,N/A,IPv4,UDP,N/A,v4,172.30.0.89,224.0.0.252,5355,5355,N/A,N/A,N/A,N/A,,,1
1759293616,eth0,356,Ethernet,IPv4,UDP,N/A,v4,0.0.0.0,255.255.255.255,68,67,N/A,N/A,N/A,N/A,,,1
1759293616,any,358,N/A,IPv4,UDP,N/A,v4,0.0.0.0,255.255.255.255,68,67,N/A,N/A,N/A,N/A,,,1
1759293616,any,370,N/A,IPv4,UDP,N/A,v4,0.0.0.0,255.255.255.255,68,67,N/A,N/A,N/A,N/A,,,1
1759293616,eth0,368,Ethernet,IPv4,UDP,N/A,v4,0.0.0.0,255.255.255.255,68,67,N/A,N/A,N/A,N/A,,,1
1759293616,eth1,110,Ethernet,IPv6,ICMP,N/A,v6,fe80::103b:bdff:fef0:169,ff02::179,N/A,N/A,N/A,N/A,N/A,N/A,,,1
1759293616,any,112,N/A,IPv6,ICMP,N/A,v6,fe80::103b:bdff:fef0:169,ff02::179,N/A,N/A,N/A,N/A,N/A,N/A,,,1
1759293616,any,112,N/A,IPv6,ICMP,N/A,v6,fe80::ecf9:eff:fefb:55,ff02::179,N/A,N/A,N/A,N/A,N/A,N/A,,,1
1759293616,any,58,N/A,IPv4,N/A,N/A,v4,172.30.0.89,224.0.0.22,N/A,N/A,N/A,N/A,N/A,N/A,,,1
1759293616,eth0,110,Ethernet,IPv6,ICMP,N/A,v6,fe80::ecf9:eff:fefb:55,ff02::179,N/A,N/A,N/A,N/A,N/A,N/A,,,1
1759293616,eth0,56,Ethernet,IPv4,N/A,N/A,v4,172.30.0.89,224.0.0.22,N/A,N/A,N/A,N/A,N/A,N/A,,,1
1759293616,eth0,56,Ethernet,N/A,N/A,N/A,N/A,N/A,N/A,N/A,N/A,N/A,N/A,N/A,N/A,,,1
1759293616,any,58,ARP,N/A,N/A,N/A,N/A,N/A,N/A,N/A,N/A,1,2048,172.30.0.89,172.30.0.122,,,1
1759293616,any,72,N/A,IPv6,ICMP,N/A,v6,fe80::dcac:f9ff:fe59:60,ff02::204,N/A,N/A,N/A,N/A,N/A,N/A,,,1
1759293616,eth2,70,Ethernet,IPv6,ICMP,N/A,v6,fe80::dcac:f9ff:fe59:60,ff02::204,N/A,N/A,N/A,N/A,N/A,N/A,,,1
1759293616,any,113,N/A,N/A,N/A,N/A,N/A,N/A,N/A,N/A,N/A,N/A,N/A,N/A,N/A,,,1
1759293616,eth1,70,Ethernet,IPv6,ICMP,N/A,v6,fe80::f056:abff:fe65:143,ff02::204,N/A,N/A,N/A,N/A,N/A,N/A,,,1
1759293616,eth0,111,Ethernet,N/A,N/A,N/A,N/A,N/A,N/A,N/A,N/A,N/A,N/A,N/A,N/A,,,1
1759293616,eth0,70,Ethernet,IPv6,ICMP,N/A,v6,fe80::e48e:99ff:fe5f:147,ff02::204,N/A,N/A,N/A,N/A,N/A,N/A,,,1
1759293616,any,58,N/A,IPv4,N/A,N/A,v4,172.30.0.89,224.0.0.22,N/A,N/A,N/A,N/A,N/A,N/A,,,1
1759293616,eth0,107,Ethernet,N/A,N/A,N/A,N/A,N/A,N/A,N/A,N/A,N/A,N/A,N/A,N/A,,,0
1759293616,any,109,N/A,N/A,N/A,N/A,N/A,N/A,N/A,N/A,N/A,N/A,N/A,N/A,N/A,,,0
1759293616,eth0,56,Ethernet,IPv4,N/A,N/A,v4,172.30.0.89,224.0.0.22,N/A,N/A,N/A,N/A,N/A,N/A,,,1
1759293616,eth1,110,Ethernet,IPv6,ICMP,N/A,v6,fe80::103b:bdff:fef0:169,ff02::179,N/A,N/A,N/A,N/A,N/A,N/A,,,1
1759293616,any,112,N/A,IPv6,ICMP,N/A,v6,fe80::103b:bdff:fef0:169,ff02::179,N/A,N/A,N/A,N/A,N/A,N/A,,,1
1759293617,eth0,90,Ethernet,IPv6,ICMP,N/A,v6,fe80::5ca9:83ff:fe87:27,ff02::179,N/A,N/A,N/A,N/A,N/A,N/A,,,0
1759293617,eth0,54,Ethernet,IPv4,N/A,N/A,v4,172.30.0.220,224.0.0.22,N/A,N/A,N/A,N/A,N/A,N/A,,,0
1759293617,any,92,N/A,IPv6,ICMP,N/A,v6,fe80::5ca9:83ff:fe87:27,ff02::179,N/A,N/A,N/A,N/A,N/A,N/A,,,0
1759293617,eth0,67,Ethernet,IPv4,UDP,N/A,v4,172.30.0.220,224.0.0.252,5355,5355,N/A,N/A,N/A,N/A,,,0
1759293617,any,69,N/A,IPv4,UDP,N/A,v4,172.30.0.220,224.0.0.252,5355,5355,N/A,N/A,N/A,N/A,,,0
1759293617,eth0,356,Ethernet,IPv4,UDP,N/A,v4,0.0.0.0,255.255.255.255,68,67,N/A,N/A,N/A,N/A,,,0
1759293617,any,358,N/A,IPv4,UDP,N/A,v4,0.0.0.0,255.255.255.255,68,67,N/A,N/A,N/A,N/A,,,0
1759293617,eth0,368,Ethernet,IPv4,UDP,N/A,v4,0.0.0.0,255.255.255.255,68,67,N/A,N/A,N/A,N/A,,,0
1759293617,any,370,N/A,IPv4,UDP,N/A,v4,0.0.0.0,255.255.255.255,68,67,N/A,N/A,N/A,N/A,,,0
1759293617,eth1,110,Ethernet,IPv6,ICMP,N/A,v6,fe80::a824:52ff:fe4f:69,ff02::179,N/A,N/A,N/A,N/A,N/A,N/A,,,0
1759293617,any,112,N/A,IPv6,ICMP,N/A,v6,fe80::a824:52ff:fe4f:69,ff02::179,N/A,N/A,N/A,N/A,N/A,N/A,,,0
1759293617,eth0,110,Ethernet,IPv6,ICMP,N/A,v6,fe80::5ca9:83ff:fe87:27,ff02::179,N/A,N/A,N/A,N/A,N/A,N/A,,,0
1759293617,eth0,54,Ethernet,IPv4,N/A,N/A,v4,172.30.0.220,224.0.0.22,N/A,N/A,N/A,N/A,N/A,N/A,,,0
1759293617,eth0,110,Ethernet,IPv6,ICMP,N/A,v6,fe80::ecf9:eff:fefb:55,ff02::179,N/A,N/A,N/A,N/A,N/A,N/A,,,1
1759293617,any,112,N/A,IPv6,ICMP,N/A,v6,fe80::ecf9:eff:fefb:55,ff02::179,N/A,N/A,N/A,N/A,N/A,N/A,,,1
1759293617,eth1,70,Ethernet,IPv6,ICMP,N/A,v6,fe80::103b:bdff:fef0:169,ff02::204,N/A,N/A,N/A,N/A,N/A,N/A,,,1
1759293617,eth0,70,Ethernet,IPv6,ICMP,N/A,v6,fe80::ecf9:eff:fefb:55,ff02::204,N/A,N/A,N/A,N/A,N/A,N/A,,,1
1759293617,any,72,N/A,IPv6,ICMP,N/A,v6,fe80::ecf9:eff:fefb:55,ff02::204,N/A,N/A,N/A,N/A,N/A,N/A,,,1
1759293617,any,72,N/A,IPv6,ICMP,N/A,v6,fe80::103b:bdff:fef0:169,ff02::204,N/A,N/A,N/A,N/A,N/A,N/A,,,1
1759293617,any,113,N/A,N/A,N/A,N/A,N/A,N/A,N/A,N/A,N/A,N/A,N/A,N/A,N/A,,,1
1759293617,eth0,111,Ethernet,N/A,N/A,N/A,N/A,N/A,N/A,N/A,N/A,N/A,N/A,N/A,N/A,,,1
1759293617,eth0,42,Ethernet,N/A,N/A,N/A,N/A,N/A,N/A,N/A,N/A,N/A,N/A,N/A,N/A,,,0
1759293617,eth0,56,Ethernet,N/A,N/A,N/A,N/A,N/A,N/A,N/A,N/A,N/A,N/A,N/A,N/A,,,0
1759293617,eth0,56,Ethernet,N/A,N/A,N/A,N/A,N/A,N/A,N/A,N/A,N/A,N/A,N/A,N/A,,,0
1759293617,any,112,N/A,IPv6,ICMP,N/A,v6,fe80::5ca9:83ff:fe87:27,ff02::179,N/A,N/A,N/A,N/A,N/A,N/A,,,0
1759293617,any,44,ARP,N/A,N/A,N/A,N/A,N/A,N/A,N/A,N/A,1,2048,172.30.0.220,172.30.0.122,,,0
1759293617,any,58,ARP,N/A,N/A,N/A,N/A,N/A,N/A,N/A,N/A,2,2048,172.30.0.122,172.30.0.220,,,0
1759293617,any,58,ARP,N/A,N/A,N/A,N/A,N/A,N/A,N/A,N/A,2,2048,172.30.0.122,172.30.0.220,,,0
1759293617,any,56,N/A,IPv4,N/A,N/A,v4,172.30.0.220,224.0.0.22,N/A,N/A,N/A,N/A,N/A,N/A,,,0
1759293617,eth0,54,Ethernet,IPv4,N/A,N/A,v4,172.30.0.220,224.0.0.22,N/A,N/A,N/A,N/A,N/A,N/A,,,0
1759293617,any,112,N/A,IPv6,ICMP,N/A,v6,fe80::a824:52ff:fe4f:69,ff02::179,N/A,N/A,N/A,N/A,N/A,N/A,,,0
1759293617,eth1,110,Ethernet,IPv6,ICMP,N/A,v6,fe80::a824:52ff:fe4f:69,ff02::179,N/A,N/A,N/A,N/A,N/A,N/A,,,0
1759293618,eth0,90,Ethernet,IPv6,ICMP,N/A,v6,fe80::b0b5:44ff:feea:219,ff02::179,N/A,N/A,N/A,N/A,N/A,N/A,,,1
1759293618,eth0,54,Ethernet,IPv4,N/A,N/A,v4,172.30.0.163,224.0.0.22,N/A,N/A,N/A,N/A,N/A,N/A,,,1
1759293618,any,92,N/A,IPv6,ICMP,N/A,v6,fe80::b0b5:44ff:feea:219,ff02::179,N/A,N/A,N/A,N/A,N/A,N/A,,,1
1759293618,any,70,N/A,IPv4,UDP,N/A,v4,172.30.0.163,224.0.0.252,5355,5355,N/A,N/A,N/A,N/A,,,1
1759293618,eth0,68,Ethernet,IPv4,UDP,N/A,v4,172.30.0.163,224.0.0.252,5355,5355,N/A,N/A,N/A,N/A,,,1
1759293618,eth0,88,Ethernet,IPv6,UDP,N/A,v6,fe80::b0b5:44ff:feea:219,ff02::1:52,5355,5355,N/A,N/A,N/A,N/A,,,1
1759293618,any,359,N/A,IPv4,UDP,N/A,v4,0.0.0.0,255.255.255.255,68,67,N/A,N/A,N/A,N/A,,,1
1759293618,eth0,357,Ethernet,IPv4,UDP,N/A,v4,0.0.0.0,255.255.255.255,68,67,N/A,N/A,N/A,N/A,,,1
1759293618,eth0,369,Ethernet,IPv4,UDP,N/A,v4,0.0.0.0,255.255.255.255,68,67,N/A,N/A,N/A,N/A,,,1
1759293618,any,371,N/A,IPv4,UDP,N/A,v4,0.0.0.0,255.255.255.255,68,67,N/A,N/A,N/A,N/A,,,1
1759293618,any,112,N/A,IPv6,ICMP,N/A,v6,fe80::780a:a9ff:fee6:89,ff02::179,N/A,N/A,N/A,N/A,N/A,N/A,,,1
1759293618,eth1,110,Ethernet,IPv6,ICMP,N/A,v6,fe80::780a:a9ff:fee6:89,ff02::179,N/A,N/A,N/A,N/A,N/A,N/A,,,1
1759293618,any,112,N/A,IPv6,ICMP,N/A,v6,fe80::b0b5:44ff:feea:219,ff02::179,N/A,N/A,N/A,N/A,N/A,N/A,,,1
1759293618,eth0,110,Ethernet,IPv6,ICMP,N/A,v6,fe80::b0b5:44ff:feea:219,ff02::179,N/A,N/A,N/A,N/A,N/A,N/A,,,1
1759293618,eth0,54,Ethernet,IPv4,N/A,N/A,v4,172.30.0.163,224.0.0.22,N/A,N/A,N/A,N/A,N/A,N/A,,,1
1759293618,eth0,42,Ethernet,N/A,N/A,N/A,N/A,N/A,N/A,N/A,N/A,N/A,N/A,N/A,N/A,,,1
1759293618,any,44,ARP,N/A,N/A,N/A,N/A,N/A,N/A,N/A,N/A,1,2048,172.30.0.163,172.30.0.122,,,1
1759293618,any,112,N/A,IPv6,ICMP,N/A,v6,fe80::780a:a9ff:fee6:89,ff02::179,N/A,N/A,N/A,N/A,N/A,N/A,,,1
1759293618,eth1,110,Ethernet,IPv6,ICMP,N/A,v6,fe80::780a:a9ff:fee6:89,ff02::179,N/A,N/A,N/A,N/A,N/A,N/A,,,1
1759293618,eth0,111,Ethernet,N/A,N/A,N/A,N/A,N/A,N/A,N/A,N/A,N/A,N/A,N/A,N/A,,,1
1759293618,any,113,N/A,N/A,N/A,N/A,N/A,N/A,N/A,N/A,N/A,N/A,N/A,N/A,N/A,,,1
1759293618,eth0,54,Ethernet,IPv4,N/A,N/A,v4,172.30.0.163,224.0.0.22,N/A,N/A,N/A,N/A,N/A,N/A,,,1
1759293618,any,56,N/A,IPv4,N/A,N/A,v4,172.30.0.163,224.0.0.22,N/A,N/A,N/A,N/A,N/A,N/A,,,1
1759293618,any,112,N/A,IPv6,ICMP,N/A,v6,fe80::b0b5:44ff:feea:219,ff02::179,N/A,N/A,N/A,N/A,N/A,N/A,,,1
1759293618,eth0,110,Ethernet,IPv6,ICMP,N/A,v6,fe80::b0b5:44ff:feea:219,ff02::179,N/A,N/A,N/A,N/A,N/A,N/A,,,1
1759293618,eth0,110,Ethernet,IPv6,ICMP,N/A,v6,fe80::5ca9:83ff:fe87:27,ff02::179,N/A,N/A,N/A,N/A,N/A,N/A,,,0
1759293618,any,112,N/A,IPv6,ICMP,N/A,v6,fe80::5ca9:83ff:fe87:27,ff02::179,N/A,N/A,N/A,N/A,N/A,N/A,,,0
1759293618,any,72,N/A,IPv6,ICMP,N/A,v6,fe80::a824:52ff:fe4f:69,ff02::204,N/A,N/A,N/A,N/A,N/A,N/A,,,0
1759293618,eth1,70,Ethernet,IPv6,ICMP,N/A,v6,fe80::a824:52ff:fe4f:69,ff02::204,N/A,N/A,N/A,N/A,N/A,N/A,,,0
1759293618,eth0,107,Ethernet,N/A,N/A,N/A,N/A,N/A,N/A,N/A,N/A,N/A,N/A,N/A,N/A,,,0
1759293618,eth0,70,Ethernet,IPv6,ICMP,N/A,v6,fe80::5ca9:83ff:fe87:27,ff02::204,N/A,N/A,N/A,N/A,N/A,N/A,,,0
1759293619,eth0,90,Ethernet,IPv6,ICMP,N/A,v6,fe80::e48e:99ff:fe5f:147,ff02::179,N/A,N/A,N/A,N/A,N/A,N/A,,,1
1759293619,eth0,54,Ethernet,IPv4,N/A,N/A,v4,172.30.0.220,224.0.0.22,N/A,N/A,N/A,N/A,N/A,N/A,,,1
1759293619,any,92,N/A,IPv6,ICMP,N/A,v6,fe80::e48e:99ff:fe5f:147,ff02::179,N/A,N/A,N/A,N/A,N/A,N/A,,,1
1759293619,eth0,90,Ethernet,IPv6,ICMP,N/A,v6,fe80::e48e:99ff:fe5f:147,ff02::179,N/A,N/A,N/A,N/A,N/A,N/A,,,1
1759293619,any,92,N/A,IPv6,ICMP,N/A,v6,fe80::e48e:99ff:fe5f:147,ff02::179,N/A,N/A,N/A,N/A,N/A,N/A,,,1
1759293619,eth0,91,Ethernet,IPv6,UDP,N/A,v6,fe80::e48e:99ff:fe5f:147,ff02::1:52,5355,5355,N/A,N/A,N/A,N/A,,,1
1759293619,any,93,N/A,IPv6,UDP,N/A,v6,fe80::e48e:99ff:fe5f:147,ff02::1:52,5355,5355,N/A,N/A,N/A,N/A,,,1
1759293619,eth0,360,Ethernet,IPv4,UDP,N/A,v4,0.0.0.0,255.255.255.255,68,67,N/A,N/A,N/A,N/A,,,1
1759293619,any,362,N/A,IPv4,UDP,N/A,v4,0.0.0.0,255.255.255.255,68,67,N/A,N/A,N/A,N/A,,,1
1759293619,eth0,372,Ethernet,IPv4,UDP,N/A,v4,0.0.0.0,255.255.255.255,68,67,N/A,N/A,N/A,N/A,,,1
1759293619,any,374,N/A,IPv4,UDP,N/A,v4,0.0.0.0,255.255.255.255,68,67,N/A,N/A,N/A,N/A,,,1
1759293619,eth2,110,Ethernet,IPv6,ICMP,N/A,v6,fe80::dcac:f9ff:fe59:60,ff02::179,N/A,N/A,N/A,N/A,N/A,N/A,,,1
1759293619,any,112,N/A,IPv6,ICMP,N/A,v6,fe80::f056:abff:fe65:143,ff02::179,N/A,N/A,N/A,N/A,N/A,N/A,,,1
1759293619,eth1,110,Ethernet,IPv6,ICMP,N/A,v6,fe80::f056:abff:fe65:143,ff02::179,N/A,N/A,N/A,N/A,N/A,N/A,,,1
1759293619,any,44,ARP,N/A,N/A,N/A,N/A,N/A,N/A,N/A,N/A,1,2048,172.30.0.220,172.30.0.122,,,1
1759293619,any,58,ARP,N/A,N/A,N/A,N/A,N/A,N/A,N/A,N/A,2,2048,172.30.0.122,172.30.0.220,,,1
1759293619,any,58,ARP,N/A,N/A,N/A,N/A,N/A,N/A,N/A,N/A,2,2048,172.30.0.122,172.30.0.220,,,1
1759293619,any,112,N/A,IPv6,ICMP,N/A,v6,fe80::e48e:99ff:fe5f:147,ff02::179,N/A,N/A,N/A,N/A,N/A,N/A,,,1
1759293619,eth0,42,Ethernet,N/A,N/A,N/A,N/A,N/A,N/A,N/A,N/A,N/A,N/A,N/A,N/A,,,1
1759293619,eth0,56,Ethernet,N/A,N/A,N/A,N/A,N/A,N/A,N/A,N/A,N/A,N/A,N/A,N/A,,,1
1759293619,eth0,56,Ethernet,N/A,N/A,N/A,N/A,N/A,N/A,N/A,N/A,N/A,N/A,N/A,N/A,,,1
1759293619,eth0,110,Ethernet,IPv6,ICMP,N/A,v6,fe80::e48e:99ff:fe5f:147,ff02::179,N/A,N/A,N/A,N/A,N/A,N/A,,,1
1759293619,eth0,54,Ethernet,IPv4,N/A,N/A,v4,172.30.0.220,224.0.0.22,N/A,N/A,N/A,N/A,N/A,N/A,,,1
1759293619,eth0,70,Ethernet,IPv6,ICMP,N/A,v6,fe80::b0b5:44ff:feea:219,ff02::204,N/A,N/A,N/A,N/A,N/A,N/A,,,1
1759293619,any,72,N/A,IPv6,ICMP,N/A,v6,fe80::b0b5:44ff:feea:219,ff02::204,N/A,N/A,N/A,N/A,N/A,N/A,,,1
1759293619,any,72,N/A,IPv6,ICMP,N/A,v6,fe80::780a:a9ff:fee6:89,ff02::204,N/A,N/A,N/A,N/A,N/A,N/A,,,1
1759293619,eth1,70,Ethernet,IPv6,ICMP,N/A,v6,fe80::780a:a9ff:fee6:89,ff02::204,N/A,N/A,N/A,N/A,N/A,N/A,,,1
1759293619,any,72,N/A,IPv6,ICMP,N/A,v6,fe80::7827:e3ff:fe68:239,ff02::204,N/A,N/A,N/A,N/A,N/A,N/A,,,1
1759293619,eth1,70,Ethernet,IPv6,ICMP,N/A,v6,fe80::7827:e3ff:fe68:239,ff02::204,N/A,N/A,N/A,N/A,N/A,N/A,,,1
1759293619,any,92,N/A,IPv6,ICMP,N/A,v6,fe80::24f1:23ff:fe29:66,ff02::179,N/A,N/A,N/A,N/A,N/A,N/A,,,1
1759293619,eth0,90,Ethernet,IPv6,ICMP,N/A,v6,fe80::24f1:23ff:fe29:66,ff02::179,N/A,N/A,N/A,N/A,N/A,N/A,,,1
1759293619,eth0,54,Ethernet,IPv4,N/A,N/A,v4,172.30.0.23,224.0.0.22,N/A,N/A,N/A,N/A,N/A,N/A,,,1
1759293619,eth0,54,Ethernet,IPv4,N/A,N/A,v4,172.30.0.220,224.0.0.22,N/A,N/A,N/A,N/A,N/A,N/A,,,1
1759293619,any,56,N/A,IPv4,N/A,N/A,v4,172.30.0.220,224.0.0.22,N/A,N/A,N/A,N/A,N/A,N/A,,,1
1759293619,eth0,67,Ethernet,IPv4,UDP,N/A,v4,172.30.0.23,224.0.0.252,5355,5355,N/A,N/A,N/A,N/A,,,1
1759293619,any,69,N/A,IPv4,UDP,N/A,v4,172.30.0.23,224.0.0.252,5355,5355,N/A,N/A,N/A,N/A,,,1
1759293619,eth0,356,Ethernet,IPv4,UDP,N/A,v4,0.0.0.0,255.255.255.255,68,67,N/A,N/A,N/A,N/A,,,1
1759293619,any,358,N/A,IPv4,UDP,N/A,v4,0.0.0.0,255.255.255.255,68,67,N/A,N/A,N/A,N/A,,,1
1759293619,any,370,N/A,IPv4,UDP,N/A,v4,0.0.0.0,255.255.255.255,68,67,N/A,N/A,N/A,N/A,,,1
1759293619,eth0,368,Ethernet,IPv4,UDP,N/A,v4,0.0.0.0,255.255.255.255,68,67,N/A,N/A,N/A,N/A,,,1
1759293619,eth1,110,Ethernet,IPv6,ICMP,N/A,v6,fe80::7827:e3ff:fe68:239,ff02::179,N/A,N/A,N/A,N/A,N/A,N/A,,,1
1759293619,any,112,N/A,IPv6,ICMP,N/A,v6,fe80::7827:e3ff:fe68:239,ff02::179,N/A,N/A,N/A,N/A,N/A,N/A,,,1
1759293619,any,112,N/A,IPv6,ICMP,N/A,v6,fe80::24f1:23ff:fe29:66,ff02::179,N/A,N/A,N/A,N/A,N/A,N/A,,,1
1759293619,eth0,110,Ethernet,IPv6,ICMP,N/A,v6,fe80::24f1:23ff:fe29:66,ff02::179,N/A,N/A,N/A,N/A,N/A,N/A,,,1
1759293619,eth0,54,Ethernet,IPv4,N/A,N/A,v4,172.30.0.23,224.0.0.22,N/A,N/A,N/A,N/A,N/A,N/A,,,1
1759293619,eth0,42,Ethernet,N/A,N/A,N/A,N/A,N/A,N/A,N/A,N/A,N/A,N/A,N/A,N/A,,,1
1759293619,any,44,ARP,N/A,N/A,N/A,N/A,N/A,N/A,N/A,N/A,1,2048,172.30.0.23,172.30.0.122,,,1
1759293619,any,112,N/A,IPv6,ICMP,N/A,v6,fe80::dcac:f9ff:fe59:60,ff02::179,N/A,N/A,N/A,N/A,N/A,N/A,,,1
1759293619,eth2,110,Ethernet,IPv6,ICMP,N/A,v6,fe80::dcac:f9ff:fe59:60,ff02::179,N/A,N/A,N/A,N/A,N/A,N/A,,,1
1759293619,eth1,110,Ethernet,IPv6,ICMP,N/A,v6,fe80::f056:abff:fe65:143,ff02::179,N/A,N/A,N/A,N/A,N/A,N/A,,,1
1759293619,any,56,N/A,IPv4,N/A,N/A,v4,172.30.0.23,224.0.0.22,N/A,N/A,N/A,N/A,N/A,N/A,,,1
1759293619,eth0,54,Ethernet,IPv4,N/A,N/A,v4,172.30.0.23,224.0.0.22,N/A,N/A,N/A,N/A,N/A,N/A,,,1
1759293619,any,109,N/A,N/A,N/A,N/A,N/A,N/A,N/A,N/A,N/A,N/A,N/A,N/A,N/A,,,0
1759293619,eth0,107,Ethernet,N/A,N/A,N/A,N/A,N/A,N/A,N/A,N/A,N/A,N/A,N/A,N/A,,,0
1759293620,any,112,N/A,IPv6,ICMP,N/A,v6,fe80::e48e:99ff:fe5f:147,ff02::179,N/A,N/A,N/A,N/A,N/A,N/A,,,1
1759293620,eth0,110,Ethernet,IPv6,ICMP,N/A,v6,fe80::e48e:99ff:fe5f:147,ff02::179,N/A,N/A,N/A,N/A,N/A,N/A,,,1
1759293620,eth0,90,Ethernet,IPv6,ICMP,N/A,v6,fe80::ecf9:eff:fefb:55,ff02::179,N/A,N/A,N/A,N/A,N/A,N/A,,,1
1759293620,eth0,56,Ethernet,IPv4,N/A,N/A,v4,172.30.0.89,224.0.0.22,N/A,N/A,N/A,N/A,N/A,N/A,,,1
1759293620,any,92,N/A,IPv6,ICMP,N/A,v6,fe80::ecf9:eff:fefb:55,ff02::179,N/A,N/A,N/A,N/A,N/A,N/A,,,1
1759293620,any,58,N/A,IPv4,N/A,N/A,v4,172.30.0.89,224.0.0.22,N/A,N/A,N/A,N/A,N/A,N/A,,,1
1759293620,eth0,67,Ethernet,IPv4,UDP,N/A,v4,172.30.0.89,224.0.0.252,5355,5355,N/A,N/A,N/A,N/A,,,1
1759293620,any,69,N/A,IPv4,UDP,N/A,v4,172.30.0.89,224.0.0.252,5355,5355,N/A,N/A,N/A,N/A,,,1
1759293620,any,358,N/A,IPv4,UDP,N/A,v4,0.0.0.0,255.255.255.255,68,67,N/A,N/A,N/A,N/A,,,1
1759293620,eth0,356,Ethernet,IPv4,UDP,N/A,v4,0.0.0.0,255.255.255.255,68,67,N/A,N/A,N/A,N/A,,,1
1759293620,any,370,N/A,IPv4,UDP,N/A,v4,0.0.0.0,255.255.255.255,68,67,N/A,N/A,N/A,N/A,,,1
1759293620,eth0,368,Ethernet,IPv4,UDP,N/A,v4,0.0.0.0,255.255.255.255,68,67,N/A,N/A,N/A,N/A,,,1
1759293620,any,109,N/A,N/A,N/A,N/A,N/A,N/A,N/A,N/A,N/A,N/A,N/A,N/A,N/A,,,0
1759293620,eth0,107,Ethernet,N/A,N/A,N/A,N/A,N/A,N/A,N/A,N/A,N/A,N/A,N/A,N/A,,,0
1759293620,any,112,N/A,IPv6,ICMP,N/A,v6,fe80::103b:bdff:fef0:169,ff02::179,N/A,N/A,N/A,N/A,N/A,N/A,,,1
1759293620,eth1,110,Ethernet,IPv6,ICMP,N/A,v6,fe80::103b:bdff:fef0:169,ff02::179,N/A,N/A,N/A,N/A,N/A,N/A,,,1
1759293620,any,112,N/A,IPv6,ICMP,N/A,v6,fe80::24f1:23ff:fe29:66,ff02::179,N/A,N/A,N/A,N/A,N/A,N/A,,,1
1759293620,eth0,110,Ethernet,IPv6,ICMP,N/A,v6,fe80::24f1:23ff:fe29:66,ff02::179,N/A,N/A,N/A,N/A,N/A,N/A,,,1
1759293620,eth0,110,Ethernet,IPv6,ICMP,N/A,v6,fe80::ecf9:eff:fefb:55,ff02::179,N/A,N/A,N/A,N/A,N/A,N/A,,,1
1759293620,eth0,56,Ethernet,IPv4,N/A,N/A,v4,172.30.0.89,224.0.0.22,N/A,N/A,N/A,N/A,N/A,N/A,,,1
1759293620,eth0,56,Ethernet,N/A,N/A,N/A,N/A,N/A,N/A,N/A,N/A,N/A,N/A,N/A,N/A,,,1
1759293620,any,112,N/A,IPv6,ICMP,N/A,v6,fe80::ecf9:eff:fefb:55,ff02::179,N/A,N/A,N/A,N/A,N/A,N/A,,,1
1759293620,any,58,N/A,IPv4,N/A,N/A,v4,172.30.0.89,224.0.0.22,N/A,N/A,N/A,N/A,N/A,N/A,,,1
1759293620,any,72,N/A,IPv6,ICMP,N/A,v6,fe80::dcac:f9ff:fe59:60,ff02::204,N/A,N/A,N/A,N/A,N/A,N/A,,,1
1759293620,eth2,70,Ethernet,IPv6,ICMP,N/A,v6,fe80::dcac:f9ff:fe59:60,ff02::204,N/A,N/A,N/A,N/A,N/A,N/A,,,1
1759293620,eth1,70,Ethernet,IPv6,ICMP,N/A,v6,fe80::f056:abff:fe65:143,ff02::204,N/A,N/A,N/A,N/A,N/A,N/A,,,1
1759293620,eth0,111,Ethernet,N/A,N/A,N/A,N/A,N/A,N/A,N/A,N/A,N/A,N/A,N/A,N/A,,,1
1759293620,eth0,70,Ethernet,IPv6,ICMP,N/A,v6,fe80::e48e:99ff:fe5f:147,ff02::204,N/A,N/A,N/A,N/A,N/A,N/A,,,1
1759293620,any,58,N/A,IPv4,N/A,N/A,v4,172.30.0.89,224.0.0.22,N/A,N/A,N/A,N/A,N/A,N/A,,,1
1759293620,eth0,56,Ethernet,IPv4,N/A,N/A,v4,172.30.0.89,224.0.0.22,N/A,N/A,N/A,N/A,N/A,N/A,,,1
1759293620,any,112,N/A,IPv6,ICMP,N/A,v6,fe80::7827:e3ff:fe68:239,ff02::179,N/A,N/A,N/A,N/A,N/A,N/A,,,1
1759293620,eth1,110,Ethernet,IPv6,ICMP,N/A,v6,fe80::7827:e3ff:fe68:239,ff02::179,N/A,N/A,N/A,N/A,N/A,N/A,,,1
1759293620,eth0,70,Ethernet,IPv6,ICMP,N/A,v6,fe80::24f1:23ff:fe29:66,ff02::204,N/A,N/A,N/A,N/A,N/A,N/A,,,1
1759293620,any,72,N/A,IPv6,ICMP,N/A,v6,fe80::24f1:23ff:fe29:66,ff02::204,N/A,N/A,N/A,N/A,N/A,N/A,,,1
1759293620,eth1,70,Ethernet,IPv6,ICMP,N/A,v6,fe80::7827:e3ff:fe68:239,ff02::204,N/A,N/A,N/A,N/A,N/A,N/A,,,1
1759293620,any,112,N/A,IPv6,ICMP,N/A,v6,fe80::ecf9:eff:fefb:55,ff02::179,N/A,N/A,N/A,N/A,N/A,N/A,,,1
1759293620,eth0,110,Ethernet,IPv6,ICMP,N/A,v6,fe80::ecf9:eff:fefb:55,ff02::179,N/A,N/A,N/A,N/A,N/A,N/A,,,1
1759293621,eth0,90,Ethernet,IPv6,ICMP,N/A,v6,fe80::5ca9:83ff:fe87:27,ff02::179,N/A,N/A,N/A,N/A,N/A,N/A,,,0
1759293621,eth0,54,Ethernet,IPv4,N/A,N/A,v4,172.30.0.220,224.0.0.22,N/A,N/A,N/A,N/A,N/A,N/A,,,0
1759293621,any,92,N/A,IPv6,ICMP,N/A,v6,fe80::5ca9:83ff:fe87:27,ff02::179,N/A,N/A,N/A,N/A,N/A,N/A,,,0
1759293621,eth0,87,Ethernet,IPv6,UDP,N/A,v6,fe80::5ca9:83ff:fe87:27,ff02::1:52,5355,5355,N/A,N/A,N/A,N/A,,,0
1759293621,any,112,N/A,IPv6,ICMP,N/A,v6,fe80::103b:bdff:fef0:169,ff02::179,N/A,N/A,N/A,N/A,N/A,N/A,,,1
1759293621,eth1,110,Ethernet,IPv6,ICMP,N/A,v6,fe80::103b:bdff:fef0:169,ff02::179,N/A,N/A,N/A,N/A,N/A,N/A,,,1
1759293621,any,89,N/A,IPv6,UDP,N/A,v6,fe80::5ca9:83ff:fe87:27,ff02::1:52,5355,5355,N/A,N/A,N/A,N/A,,,0
1759293621,eth0,356,Ethernet,IPv4,UDP,N/A,v4,0.0.0.0,255.255.255.255,68,67,N/A,N/A,N/A,N/A,,,0
1759293621,any,358,N/A,IPv4,UDP,N/A,v4,0.0.0.0,255.255.255.255,68,67,N/A,N/A,N/A,N/A,,,0
1759293621,eth0,368,Ethernet,IPv4,UDP,N/A,v4,0.0.0.0,255.255.255.255,68,67,N/A,N/A,N/A,N/A,,,0
1759293621,any,370,N/A,IPv4,UDP,N/A,v4,0.0.0.0,255.255.255.255,68,67,N/A,N/A,N/A,N/A,,,0
1759293621,eth1,110,Ethernet,IPv6,ICMP,N/A,v6,fe80::a824:52ff:fe4f:69,ff02::179,N/A,N/A,N/A,N/A,N/A,N/A,,,0
1759293621,any,112,N/A,IPv6,ICMP,N/A,v6,fe80::a824:52ff:fe4f:69,ff02::179,N/A,N/A,N/A,N/A,N/A,N/A,,,0
1759293621,any,56,N/A,IPv4,N/A,N/A,v4,172.30.0.220,224.0.0.22,N/A,N/A,N/A,N/A,N/A,N/A,,,0
1759293621,eth0,54,Ethernet,IPv4,N/A,N/A,v4,172.30.0.220,224.0.0.22,N/A,N/A,N/A,N/A,N/A,N/A,,,0
1759293621,eth0,110,Ethernet,IPv6,ICMP,N/A,v6,fe80::5ca9:83ff:fe87:27,ff02::179,N/A,N/A,N/A,N/A,N/A,N/A,,,0
1759293621,any,44,ARP,N/A,N/A,N/A,N/A,N/A,N/A,N/A,N/A,1,2048,172.30.0.220,172.30.0.122,,,0
1759293621,eth0,42,Ethernet,N/A,N/A,N/A,N/A,N/A,N/A,N/A,N/A,N/A,N/A,N/A,N/A,,,0
1759293621,eth0,56,Ethernet,N/A,N/A,N/A,N/A,N/A,N/A,N/A,N/A,N/A,N/A,N/A,N/A,,,0
1759293621,eth0,56,Ethernet,N/A,N/A,N/A,N/A,N/A,N/A,N/A,N/A,N/A,N/A,N/A,N/A,,,0
1759293621,any,58,ARP,N/A,N/A,N/A,N/A,N/A,N/A,N/A,N/A,2,2048,172.30.0.122,172.30.0.220,,,0
1759293621,any,58,ARP,N/A,N/A,N/A,N/A,N/A,N/A,N/A,N/A,2,2048,172.30.0.122,172.30.0.220,,,0
1759293621,eth0,110,Ethernet,IPv6,ICMP,N/A,v6,fe80::5ca9:83ff:fe87:27,ff02::179,N/A,N/A,N/A,N/A,N/A,N/A,,,0
1759293621,any,112,N/A,IPv6,ICMP,N/A,v6,fe80::5ca9:83ff:fe87:27,ff02::179,N/A,N/A,N/A,N/A,N/A,N/A,,,0
1759293621,eth0,111,Ethernet,N/A,N/A,N/A,N/A,N/A,N/A,N/A,N/A,N/A,N/A,N/A,N/A,,,1
1759293621,any,113,N/A,N/A,N/A,N/A,N/A,N/A,N/A,N/A,N/A,N/A,N/A,N/A,N/A,,,1
1759293621,any,72,N/A,IPv6,ICMP,N/A,v6,fe80::ecf9:eff:fefb:55,ff02::204,N/A,N/A,N/A,N/A,N/A,N/A,,,1
1759293621,eth0,70,Ethernet,IPv6,ICMP,N/A,v6,fe80::ecf9:eff:fefb:55,ff02::204,N/A,N/A,N/A,N/A,N/A,N/A,,,1
1759293621,eth1,70,Ethernet,IPv6,ICMP,N/A,v6,fe80::103b:bdff:fef0:169,ff02::204,N/A,N/A,N/A,N/A,N/A,N/A,,,1
1759293622,any,112,N/A,IPv6,ICMP,N/A,v6,fe80::a824:52ff:fe4f:69,ff02::179,N/A,N/A,N/A,N/A,N/A,N/A,,,0
1759293622,eth1,110,Ethernet,IPv6,ICMP,N/A,v6,fe80::a824:52ff:fe4f:69,ff02::179,N/A,N/A,N/A,N/A,N/A,N/A,,,0
1759293622,any,56,N/A,IPv4,N/A,N/A,v4,172.30.0.220,224.0.0.22,N/A,N/A,N/A,N/A,N/A,N/A,,,0
1759293622,eth0,54,Ethernet,IPv4,N/A,N/A,v4,172.30.0.220,224.0.0.22,N/A,N/A,N/A,N/A,N/A,N/A,,,0
1759293622,eth0,107,Ethernet,N/A,N/A,N/A,N/A,N/A,N/A,N/A,N/A,N/A,N/A,N/A,N/A,,,0
1759293622,eth0,70,Ethernet,IPv6,ICMP,N/A,v6,fe80::5ca9:83ff:fe87:27,ff02::204,N/A,N/A,N/A,N/A,N/A,N/A,,,0
1759293622,any,72,N/A,IPv6,ICMP,N/A,v6,fe80::a824:52ff:fe4f:69,ff02::204,N/A,N/A,N/A,N/A,N/A,N/A,,,0
1759293622,eth0,90,Ethernet,IPv6,ICMP,N/A,v6,fe80::b0b5:44ff:feea:219,ff02::179,N/A,N/A,N/A,N/A,N/A,N/A,,,1
1759293622,eth0,54,Ethernet,IPv4,N/A,N/A,v4,172.30.0.163,224.0.0.22,N/A,N/A,N/A,N/A,N/A,N/A,,,1
1759293622,any,92,N/A,IPv6,ICMP,N/A,v6,fe80::b0b5:44ff:feea:219,ff02::179,N/A,N/A,N/A,N/A,N/A,N/A,,,1
1759293622,any,56,N/A,IPv4,N/A,N/A,v4,172.30.0.163,224.0.0.22,N/A,N/A,N/A,N/A,N/A,N/A,,,1
1759293622,eth0,88,Ethernet,IPv6,UDP,N/A,v6,fe80::b0b5:44ff:feea:219,ff02::1:52,5355,5355,N/A,N/A,N/A,N/A,,,1
1759293622,any,90,N/A,IPv6,UDP,N/A,v6,fe80::b0b5:44ff:feea:219,ff02::1:52,5355,5355,N/A,N/A,N/A,N/A,,,1
1759293622,any,359,N/A,IPv4,UDP,N/A,v4,0.0.0.0,255.255.255.255,68,67,N/A,N/A,N/A,N/A,,,1
1759293622,eth0,357,Ethernet,IPv4,UDP,N/A,v4,0.0.0.0,255.255.255.255,68,67,N/A,N/A,N/A,N/A,,,1
1759293622,any,371,N/A,IPv4,UDP,N/A,v4,0.0.0.0,255.255.255.255,68,67,N/A,N/A,N/A,N/A,,,1
1759293622,eth0,369,Ethernet,IPv4,UDP,N/A,v4,0.0.0.0,255.255.255.255,68,67,N/A,N/A,N/A,N/A,,,1
1759293622,any,112,N/A,IPv6,ICMP,N/A,v6,fe80::780a:a9ff:fee6:89,ff02::179,N/A,N/A,N/A,N/A,N/A,N/A,,,1
1759293622,eth1,110,Ethernet,IPv6,ICMP,N/A,v6,fe80::780a:a9ff:fee6:89,ff02::179,N/A,N/A,N/A,N/A,N/A,N/A,,,1
1759293622,any,112,N/A,IPv6,ICMP,N/A,v6,fe80::b0b5:44ff:feea:219,ff02::179,N/A,N/A,N/A,N/A,N/A,N/A,,,1
1759293622,eth0,110,Ethernet,IPv6,ICMP,N/A,v6,fe80::b0b5:44ff:feea:219,ff02::179,N/A,N/A,N/A,N/A,N/A,N/A,,,1
1759293622,eth0,54,Ethernet,IPv4,N/A,N/A,v4,172.30.0.163,224.0.0.22,N/A,N/A,N/A,N/A,N/A,N/A,,,1
1759293622,eth0,111,Ethernet,N/A,N/A,N/A,N/A,N/A,N/A,N/A,N/A,N/A,N/A,N/A,N/A,,,1
1759293622,any,113,N/A,N/A,N/A,N/A,N/A,N/A,N/A,N/A,N/A,N/A,N/A,N/A,N/A,,,1
1759293622,any,44,ARP,N/A,N/A,N/A,N/A,N/A,N/A,N/A,N/A,1,2048,172.30.0.163,172.30.0.122,,,1
1759293622,eth0,42,Ethernet,N/A,N/A,N/A,N/A,N/A,N/A,N/A,N/A,N/A,N/A,N/A,N/A,,,1
1759293622,any,112,N/A,IPv6,ICMP,N/A,v6,fe80::780a:a9ff:fee6:89,ff02::179,N/A,N/A,N/A,N/A,N/A,N/A,,,1
1759293622,eth1,110,Ethernet,IPv6,ICMP,N/A,v6,fe80::780a:a9ff:fee6:89,ff02::179,N/A,N/A,N/A,N/A,N/A,N/A,,,1
1759293622,eth0,54,Ethernet,IPv4,N/A,N/A,v4,172.30.0.163,224.0.0.22,N/A,N/A,N/A,N/A,N/A,N/A,,,1
1759293622,any,56,N/A,IPv4,N/A,N/A,v4,172.30.0.163,224.0.0.22,N/A,N/A,N/A,N/A,N/A,N/A,,,1
1759293622,eth0,110,Ethernet,IPv6,ICMP,N/A,v6,fe80::b0b5:44ff:feea:219,ff02::179,N/A,N/A,N/A,N/A,N/A,N/A,,,1
1759293622,any,112,N/A,IPv6,ICMP,N/A,v6,fe80::b0b5:44ff:feea:219,ff02::179,N/A,N/A,N/A,N/A,N/A,N/A,,,1
1759293622,eth1,70,Ethernet,IPv6,ICMP,N/A,v6,fe80::a824:52ff:fe4f:69,ff02::204,N/A,N/A,N/A,N/A,N/A,N/A,,,0
1759293623,eth1,70,Ethernet,IPv6,ICMP,N/A,v6,fe80::780a:a9ff:fee6:89,ff02::204,N/A,N/A,N/A,N/A,N/A,N/A,,,1
1759293623,any,72,N/A,IPv6,ICMP,N/A,v6,fe80::b0b5:44ff:feea:219,ff02::204,N/A,N/A,N/A,N/A,N/A,N/A,,,1
1759293623,any,72,N/A,IPv6,ICMP,N/A,v6,fe80::780a:a9ff:fee6:89,ff02::204,N/A,N/A,N/A,N/A,N/A,N/A,,,1
1759293623,eth0,70,Ethernet,IPv6,ICMP,N/A,v6,fe80::b0b5:44ff:feea:219,ff02::204,N/A,N/A,N/A,N/A,N/A,N/A,,,1
1759293623,eth0,111,Ethernet,N/A,N/A,N/A,N/A,N/A,N/A,N/A,N/A,N/A,N/A,N/A,N/A,,,1
1759293623,any,113,N/A,N/A,N/A,N/A,N/A,N/A,N/A,N/A,N/A,N/A,N/A,N/A,N/A,,,1
1759293623,any,92,N/A,IPv6,ICMP,N/A,v6,fe80::24f1:23ff:fe29:66,ff02::179,N/A,N/A,N/A,N/A,N/A,N/A,,,1
1759293623,eth0,90,Ethernet,IPv6,ICMP,N/A,v6,fe80::24f1:23ff:fe29:66,ff02::179,N/A,N/A,N/A,N/A,N/A,N/A,,,1
1759293623,eth0,54,Ethernet,IPv4,N/A,N/A,v4,172.30.0.23,224.0.0.22,N/A,N/A,N/A,N/A,N/A,N/A,,,1
1759293623,any,69,N/A,IPv4,UDP,N/A,v4,172.30.0.23,224.0.0.252,5355,5355,N/A,N/A,N/A,N/A,,,1
1759293623,eth0,67,Ethernet,IPv4,UDP,N/A,v4,172.30.0.23,224.0.0.252,5355,5355,N/A,N/A,N/A,N/A,,,1
1759293623,any,358,N/A,IPv4,UDP,N/A,v4,0.0.0.0,255.255.255.255,68,67,N/A,N/A,N/A,N/A,,,1
1759293623,eth0,356,Ethernet,IPv4,UDP,N/A,v4,0.0.0.0,255.255.255.255,68,67,N/A,N/A,N/A,N/A,,,1
1759293623,eth0,368,Ethernet,IPv4,UDP,N/A,v4,0.0.0.0,255.255.255.255,68,67,N/A,N/A,N/A,N/A,,,1
1759293623,any,370,N/A,IPv4,UDP,N/A,v4,0.0.0.0,255.255.255.255,68,67,N/A,N/A,N/A,N/A,,,1
1759293623,any,112,N/A,IPv6,ICMP,N/A,v6,fe80::7827:e3ff:fe68:239,ff02::179,N/A,N/A,N/A,N/A,N/A,N/A,,,1
1759293623,eth1,110,Ethernet,IPv6,ICMP,N/A,v6,fe80::7827:e3ff:fe68:239,ff02::179,N/A,N/A,N/A,N/A,N/A,N/A,,,1
1759293623,eth0,110,Ethernet,IPv6,ICMP,N/A,v6,fe80::24f1:23ff:fe29:66,ff02::179,N/A,N/A,N/A,N/A,N/A,N/A,,,1
1759293623,eth0,54,Ethernet,IPv4,N/A,N/A,v4,172.30.0.23,224.0.0.22,N/A,N/A,N/A,N/A,N/A,N/A,,,1
1759293623,any,112,N/A,IPv6,ICMP,N/A,v6,fe80::24f1:23ff:fe29:66,ff02::179,N/A,N/A,N/A,N/A,N/A,N/A,,,1
1759293623,eth0,42,Ethernet,N/A,N/A,N/A,N/A,N/A,N/A,N/A,N/A,N/A,N/A,N/A,N/A,,,1
1759293623,any,44,ARP,N/A,N/A,N/A,N/A,N/A,N/A,N/A,N/A,1,2048,172.30.0.23,172.30.0.122,,,1
1759293623,eth0,107,Ethernet,N/A,N/A,N/A,N/A,N/A,N/A,N/A,N/A,N/A,N/A,N/A,N/A,,,0
1759293623,any,109,N/A,N/A,N/A,N/A,N/A,N/A,N/A,N/A,N/A,N/A,N/A,N/A,N/A,,,0
1759293624,any,112,N/A,IPv6,ICMP,N/A,v6,fe80::7827:e3ff:fe68:239,ff02::179,N/A,N/A,N/A,N/A,N/A,N/A,,,1
1759293624,eth1,110,Ethernet,IPv6,ICMP,N/A,v6,fe80::7827:e3ff:fe68:239,ff02::179,N/A,N/A,N/A,N/A,N/A,N/A,,,1
1759293624,eth0,110,Ethernet,IPv6,ICMP,N/A,v6,fe80::24f1:23ff:fe29:66,ff02::179,N/A,N/A,N/A,N/A,N/A,N/A,,,1
1759293624,any,112,N/A,IPv6,ICMP,N/A,v6,fe80::24f1:23ff:fe29:66,ff02::179,N/A,N/A,N/A,N/A,N/A,N/A,,,1
1759293624,eth0,90,Ethernet,IPv6,ICMP,N/A,v6,fe80::e48e:99ff:fe5f:147,ff02::179,N/A,N/A,N/A,N/A,N/A,N/A,,,1
1759293624,eth0,54,Ethernet,IPv4,N/A,N/A,v4,172.30.0.220,224.0.0.22,N/A,N/A,N/A,N/A,N/A,N/A,,,1
1759293624,any,92,N/A,IPv6,ICMP,N/A,v6,fe80::e48e:99ff:fe5f:147,ff02::179,N/A,N/A,N/A,N/A,N/A,N/A,,,1
1759293624,eth0,91,Ethernet,IPv6,UDP,N/A,v6,fe80::e48e:99ff:fe5f:147,ff02::1:52,5355,5355,N/A,N/A,N/A,N/A,,,1
1759293624,any,93,N/A,IPv6,UDP,N/A,v6,fe80::e48e:99ff:fe5f:147,ff02::1:52,5355,5355,N/A,N/A,N/A,N/A,,,1
1759293624,eth0,360,Ethernet,IPv4,UDP,N/A,v4,0.0.0.0,255.255.255.255,68,67,N/A,N/A,N/A,N/A,,,1
1759293624,any,362,N/A,IPv4,UDP,N/A,v4,0.0.0.0,255.255.255.255,68,67,N/A,N/A,N/A,N/A,,,1
1759293624,eth0,372,Ethernet,IPv4,UDP,N/A,v4,0.0.0.0,255.255.255.255,68,67,N/A,N/A,N/A,N/A,,,1
1759293624,any,374,N/A,IPv4,UDP,N/A,v4,0.0.0.0,255.255.255.255,68,67,N/A,N/A,N/A,N/A,,,1
1759293624,eth2,110,Ethernet,IPv6,ICMP,N/A,v6,fe80::dcac:f9ff:fe59:60,ff02::179,N/A,N/A,N/A,N/A,N/A,N/A,,,1
1759293624,any,112,N/A,IPv6,ICMP,N/A,v6,fe80::f056:abff:fe65:143,ff02::179,N/A,N/A,N/A,N/A,N/A,N/A,,,1
1759293624,eth1,110,Ethernet,IPv6,ICMP,N/A,v6,fe80::f056:abff:fe65:143,ff02::179,N/A,N/A,N/A,N/A,N/A,N/A,,,1
1759293624,eth0,110,Ethernet,IPv6,ICMP,N/A,v6,fe80::e48e:99ff:fe5f:147,ff02::179,N/A,N/A,N/A,N/A,N/A,N/A,,,1
1759293624,eth0,54,Ethernet,IPv4,N/A,N/A,v4,172.30.0.220,224.0.0.22,N/A,N/A,N/A,N/A,N/A,N/A,,,1
1759293624,any,112,N/A,IPv6,ICMP,N/A,v6,fe80::e48e:99ff:fe5f:147,ff02::179,N/A,N/A,N/A,N/A,N/A,N/A,,,1
1759293624,eth0,42,Ethernet,N/A,N/A,N/A,N/A,N/A,N/A,N/A,N/A,N/A,N/A,N/A,N/A,,,1
1759293624,eth0,56,Ethernet,N/A,N/A,N/A,N/A,N/A,N/A,N/A,N/A,N/A,N/A,N/A,N/A,,,1
1759293624,eth0,56,Ethernet,N/A,N/A,N/A,N/A,N/A,N/A,N/A,N/A,N/A,N/A,N/A,N/A,,,1
1759293624,any,44,ARP,N/A,N/A,N/A,N/A,N/A,N/A,N/A,N/A,1,2048,172.30.0.220,172.30.0.122,,,1
1759293624,any,58,ARP,N/A,N/A,N/A,N/A,N/A,N/A,N/A,N/A,2,2048,172.30.0.122,172.30.0.220,,,1
1759293624,eth0,110,Ethernet,IPv6,ICMP,N/A,v6,fe80::e48e:99ff:fe5f:147,ff02::179,N/A,N/A,N/A,N/A,N/A,N/A,,,1
1759293624,any,112,N/A,IPv6,ICMP,N/A,v6,fe80::e48e:99ff:fe5f:147,ff02::179,N/A,N/A,N/A,N/A,N/A,N/A,,,1
1759293624,any,112,N/A,IPv6,ICMP,N/A,v6,fe80::f056:abff:fe65:143,ff02::179,N/A,N/A,N/A,N/A,N/A,N/A,,,1
1759293624,eth1,110,Ethernet,IPv6,ICMP,N/A,v6,fe80::f056:abff:fe65:143,ff02::179,N/A,N/A,N/A,N/A,N/A,N/A,,,1
1759293624,any,112,N/A,IPv6,ICMP,N/A,v6,fe80::dcac:f9ff:fe59:60,ff02::179,N/A,N/A,N/A,N/A,N/A,N/A,,,1
1759293624,eth2,110,Ethernet,IPv6,ICMP,N/A,v6,fe80::dcac:f9ff:fe59:60,ff02::179,N/A,N/A,N/A,N/A,N/A,N/A,,,1
1759293624,any,56,N/A,IPv4,N/A,N/A,v4,172.30.0.23,224.0.0.22,N/A,N/A,N/A,N/A,N/A,N/A,,,1
1759293624,eth0,54,Ethernet,IPv4,N/A,N/A,v4,172.30.0.23,224.0.0.22,N/A,N/A,N/A,N/A,N/A,N/A,,,1
1759293624,any,56,N/A,IPv4,N/A,N/A,v4,172.30.0.220,224.0.0.22,N/A,N/A,N/A,N/A,N/A,N/A,,,1
1759293624,eth0,54,Ethernet,IPv4,N/A,N/A,v4,172.30.0.220,224.0.0.22,N/A,N/A,N/A,N/A,N/A,N/A,,,1
1759293624,eth0,107,Ethernet,N/A,N/A,N/A,N/A,N/A,N/A,N/A,N/A,N/A,N/A,N/A,N/A,,,0
1759293624,any,109,N/A,N/A,N/A,N/A,N/A,N/A,N/A,N/A,N/A,N/A,N/A,N/A,N/A,,,0
1759293625,eth0,70,Ethernet,IPv6,ICMP,N/A,v6,fe80::24f1:23ff:fe29:66,ff02::204,N/A,N/A,N/A,N/A,N/A,N/A,,,1
1759293625,eth1,70,Ethernet,IPv6,ICMP,N/A,v6,fe80::7827:e3ff:fe68:239,ff02::204,N/A,N/A,N/A,N/A,N/A,N/A,,,1
1759293625,any,72,N/A,IPv6,ICMP,N/A,v6,fe80::24f1:23ff:fe29:66,ff02::204,N/A,N/A,N/A,N/A,N/A,N/A,,,1
1759293625,any,72,N/A,IPv6,ICMP,N/A,v6,fe80::103b:bdff:fef0:169,ff02::204,N/A,N/A,N/A,N/A,N/A,N/A,,,1
1759293625,eth1,70,Ethernet,IPv6,ICMP,N/A,v6,fe80::103b:bdff:fef0:169,ff02::204,N/A,N/A,N/A,N/A,N/A,N/A,,,1
1759293625,eth0,90,Ethernet,IPv6,ICMP,N/A,v6,fe80::ecf9:eff:fefb:55,ff02::179,N/A,N/A,N/A,N/A,N/A,N/A,,,1
1759293625,eth0,56,Ethernet,IPv4,N/A,N/A,v4,172.30.0.89,224.0.0.22,N/A,N/A,N/A,N/A,N/A,N/A,,,1
1759293625,any,92,N/A,IPv6,ICMP,N/A,v6,fe80::ecf9:eff:fefb:55,ff02::179,N/A,N/A,N/A,N/A,N/A,N/A,,,1
1759293625,eth0,67,Ethernet,IPv4,UDP,N/A,v4,172.30.0.89,224.0.0.252,5355,5355,N/A,N/A,N/A,N/A,,,1
1759293625,any,69,N/A,IPv4,UDP,N/A,v4,172.30.0.89,224.0.0.252,5355,5355,N/A,N/A,N/A,N/A,,,1
1759293625,any,358,N/A,IPv4,UDP,N/A,v4,0.0.0.0,255.255.255.255,68,67,N/A,N/A,N/A,N/A,,,1
1759293625,eth0,356,Ethernet,IPv4,UDP,N/A,v4,0.0.0.0,255.255.255.255,68,67,N/A,N/A,N/A,N/A,,,1
1759293625,any,370,N/A,IPv4,UDP,N/A,v4,0.0.0.0,255.255.255.255,68,67,N/A,N/A,N/A,N/A,,,1
1759293625,eth0,368,Ethernet,IPv4,UDP,N/A,v4,0.0.0.0,255.255.255.255,68,67,N/A,N/A,N/A,N/A,,,1
1759293625,eth0,107,Ethernet,N/A,N/A,N/A,N/A,N/A,N/A,N/A,N/A,N/A,N/A,N/A,N/A,,,0
1759293625,any,109,N/A,N/A,N/A,N/A,N/A,N/A,N/A,N/A,N/A,N/A,N/A,N/A,N/A,,,0
1759293625,any,112,N/A,IPv6,ICMP,N/A,v6,fe80::103b:bdff:fef0:169,ff02::179,N/A,N/A,N/A,N/A,N/A,N/A,,,1
1759293625,eth1,110,Ethernet,IPv6,ICMP,N/A,v6,fe80::103b:bdff:fef0:169,ff02::179,N/A,N/A,N/A,N/A,N/A,N/A,,,1
1759293625,any,112,N/A,IPv6,ICMP,N/A,v6,fe80::ecf9:eff:fefb:55,ff02::179,N/A,N/A,N/A,N/A,N/A,N/A,,,1
1759293625,eth0,110,Ethernet,IPv6,ICMP,N/A,v6,fe80::ecf9:eff:fefb:55,ff02::179,N/A,N/A,N/A,N/A,N/A,N/A,,,1
1759293625,eth0,56,Ethernet,IPv4,N/A,N/A,v4,172.30.0.89,224.0.0.22,N/A,N/A,N/A,N/A,N/A,N/A,,,1
1759293625,eth0,56,Ethernet,N/A,N/A,N/A,N/A,N/A,N/A,N/A,N/A,N/A,N/A,N/A,N/A,,,1
1759293625,any,58,ARP,N/A,N/A,N/A,N/A,N/A,N/A,N/A,N/A,1,2048,172.30.0.89,172.30.0.122,,,1
1759293625,eth0,110,Ethernet,IPv6,ICMP,N/A,v6,fe80::ecf9:eff:fefb:55,ff02::179,N/A,N/A,N/A,N/A,N/A,N/A,,,1
1759293625,any,112,N/A,IPv6,ICMP,N/A,v6,fe80::ecf9:eff:fefb:55,ff02::179,N/A,N/A,N/A,N/A,N/A,N/A,,,1
1759293625,any,58,N/A,IPv4,N/A,N/A,v4,172.30.0.89,224.0.0.22,N/A,N/A,N/A,N/A,N/A,N/A,,,1
1759293625,eth0,56,Ethernet,IPv4,N/A,N/A,v4,172.30.0.89,224.0.0.22,N/A,N/A,N/A,N/A,N/A,N/A,,,1
1759293625,eth0,111,Ethernet,N/A,N/A,N/A,N/A,N/A,N/A,N/A,N/A,N/A,N/A,N/A,N/A,,,1
1759293625,eth0,70,Ethernet,IPv6,ICMP,N/A,v6,fe80::e48e:99ff:fe5f:147,ff02::204,N/A,N/A,N/A,N/A,N/A,N/A,,,1
1759293625,eth2,70,Ethernet,IPv6,ICMP,N/A,v6,fe80::dcac:f9ff:fe59:60,ff02::204,N/A,N/A,N/A,N/A,N/A,N/A,,,1
1759293625,any,72,N/A,IPv6,ICMP,N/A,v6,fe80::dcac:f9ff:fe59:60,ff02::204,N/A,N/A,N/A,N/A,N/A,N/A,,,1
1759293625,any,113,N/A,N/A,N/A,N/A,N/A,N/A,N/A,N/A,N/A,N/A,N/A,N/A,N/A,,,1
1759293625,eth1,70,Ethernet,IPv6,ICMP,N/A,v6,fe80::f056:abff:fe65:143,ff02::204,N/A,N/A,N/A,N/A,N/A,N/A,,,1
1759293626,any,72,N/A,IPv6,ICMP,N/A,v6,fe80::5ca9:83ff:fe87:27,ff02::204,N/A,N/A,N/A,N/A,N/A,N/A,,,0
1759293626,eth0,70,Ethernet,IPv6,ICMP,N/A,v6,fe80::5ca9:83ff:fe87:27,ff02::204,N/A,N/A,N/A,N/A,N/A,N/A,,,0
1759293626,eth0,90,Ethernet,IPv6,ICMP,N/A,v6,fe80::5ca9:83ff:fe87:27,ff02::179,N/A,N/A,N/A,N/A,N/A,N/A,,,0
1759293626,eth0,54,Ethernet,IPv4,N/A,N/A,v4,172.30.0.220,224.0.0.22,N/A,N/A,N/A,N/A,N/A,N/A,,,0
1759293626,any,92,N/A,IPv6,ICMP,N/A,v6,fe80::5ca9:83ff:fe87:27,ff02::179,N/A,N/A,N/A,N/A,N/A,N/A,,,0
1759293626,eth0,67,Ethernet,IPv4,UDP,N/A,v4,172.30.0.220,224.0.0.252,5355,5355,N/A,N/A,N/A,N/A,,,0
1759293626,eth0,87,Ethernet,IPv6,UDP,N/A,v6,fe80::5ca9:83ff:fe87:27,ff02::1:52,5355,5355,N/A,N/A,N/A,N/A,,,0
1759293626,any,69,N/A,IPv4,UDP,N/A,v4,172.30.0.220,224.0.0.252,5355,5355,N/A,N/A,N/A,N/A,,,0
1759293626,eth0,356,Ethernet,IPv4,UDP,N/A,v4,0.0.0.0,255.255.255.255,68,67,N/A,N/A,N/A,N/A,,,0
1759293626,any,358,N/A,IPv4,UDP,N/A,v4,0.0.0.0,255.255.255.255,68,67,N/A,N/A,N/A,N/A,,,0
1759293626,eth0,368,Ethernet,IPv4,UDP,N/A,v4,0.0.0.0,255.255.255.255,68,67,N/A,N/A,N/A,N/A,,,0
1759293626,any,370,N/A,IPv4,UDP,N/A,v4,0.0.0.0,255.255.255.255,68,67,N/A,N/A,N/A,N/A,,,0
1759293626,eth1,110,Ethernet,IPv6,ICMP,N/A,v6,fe80::a824:52ff:fe4f:69,ff02::179,N/A,N/A,N/A,N/A,N/A,N/A,,,0
1759293626,any,112,N/A,IPv6,ICMP,N/A,v6,fe80::a824:52ff:fe4f:69,ff02::179,N/A,N/A,N/A,N/A,N/A,N/A,,,0
1759293626,eth0,54,Ethernet,IPv4,N/A,N/A,v4,172.30.0.220,224.0.0.22,N/A,N/A,N/A,N/A,N/A,N/A,,,0
1759293626,any,56,N/A,IPv4,N/A,N/A,v4,172.30.0.220,224.0.0.22,N/A,N/A,N/A,N/A,N/A,N/A,,,0
1759293626,eth0,110,Ethernet,IPv6,ICMP,N/A,v6,fe80::5ca9:83ff:fe87:27,ff02::179,N/A,N/A,N/A,N/A,N/A,N/A,,,0
1759293626,any,112,N/A,IPv6,ICMP,N/A,v6,fe80::5ca9:83ff:fe87:27,ff02::179,N/A,N/A,N/A,N/A,N/A,N/A,,,0
1759293626,any,112,N/A,IPv6,ICMP,N/A,v6,fe80::103b:bdff:fef0:169,ff02::179,N/A,N/A,N/A,N/A,N/A,N/A,,,1
1759293626,eth1,110,Ethernet,IPv6,ICMP,N/A,v6,fe80::103b:bdff:fef0:169,ff02::179,N/A,N/A,N/A,N/A,N/A,N/A,,,1
1759293626,eth1,70,Ethernet,IPv6,ICMP,N/A,v6,fe80::103b:bdff:fef0:169,ff02::204,N/A,N/A,N/A,N/A,N/A,N/A,,,1
1759293626,eth0,70,Ethernet,IPv6,ICMP,N/A,v6,fe80::ecf9:eff:fefb:55,ff02::204,N/A,N/A,N/A,N/A,N/A,N/A,,,1
1759293626,any,72,N/A,IPv6,ICMP,N/A,v6,fe80::ecf9:eff:fefb:55,ff02::204,N/A,N/A,N/A,N/A,N/A,N/A,,,1
1759293626,any,72,N/A,IPv6,ICMP,N/A,v6,fe80::103b:bdff:fef0:169,ff02::204,N/A,N/A,N/A,N/A,N/A,N/A,,,1
1759293626,any,113,N/A,N/A,N/A,N/A,N/A,N/A,N/A,N/A,N/A,N/A,N/A,N/A,N/A,,,1
1759293626,eth0,111,Ethernet,N/A,N/A,N/A,N/A,N/A,N/A,N/A,N/A,N/A,N/A,N/A,N/A,,,1
1759293626,any,44,ARP,N/A,N/A,N/A,N/A,N/A,N/A,N/A,N/A,1,2048,172.30.0.220,172.30.0.122,,,0
1759293626,any,58,ARP,N/A,N/A,N/A,N/A,N/A,N/A,N/A,N/A,2,2048,172.30.0.122,172.30.0.220,,,0
1759293626,eth0,42,Ethernet,N/A,N/A,N/A,N/A,N/A,N/A,N/A,N/A,N/A,N/A,N/A,N/A,,,0
1759293626,eth0,56,Ethernet,N/A,N/A,N/A,N/A,N/A,N/A,N/A,N/A,N/A,N/A,N/A,N/A,,,0
1759293626,eth0,110,Ethernet,IPv6,ICMP,N/A,v6,fe80::5ca9:83ff:fe87:27,ff02::179,N/A,N/A,N/A,N/A,N/A,N/A,,,0
1759293626,any,112,N/A,IPv6,ICMP,N/A,v6,fe80::5ca9:83ff:fe87:27,ff02::179,N/A,N/A,N/A,N/A,N/A,N/A,,,0
1759293627,eth0,70,Ethernet,IPv6,ICMP,N/A,v6,fe80::b0b5:44ff:feea:219,ff02::204,N/A,N/A,N/A,N/A,N/A,N/A,,,1
1759293627,any,72,N/A,IPv6,ICMP,N/A,v6,fe80::b0b5:44ff:feea:219,ff02::204,N/A,N/A,N/A,N/A,N/A,N/A,,,1
1759293627,any,92,N/A,IPv6,ICMP,N/A,v6,fe80::b0b5:44ff:feea:219,ff02::179,N/A,N/A,N/A,N/A,N/A,N/A,,,1
1759293627,eth0,90,Ethernet,IPv6,ICMP,N/A,v6,fe80::b0b5:44ff:feea:219,ff02::179,N/A,N/A,N/A,N/A,N/A,N/A,,,1
1759293627,eth0,54,Ethernet,IPv4,N/A,N/A,v4,172.30.0.163,224.0.0.22,N/A,N/A,N/A,N/A,N/A,N/A,,,1
1759293627,eth0,68,Ethernet,IPv4,UDP,N/A,v4,172.30.0.163,224.0.0.252,5355,5355,N/A,N/A,N/A,N/A,,,1
1759293627,any,70,N/A,IPv4,UDP,N/A,v4,172.30.0.163,224.0.0.252,5355,5355,N/A,N/A,N/A,N/A,,,1
1759293627,any,90,N/A,IPv6,UDP,N/A,v6,fe80::b0b5:44ff:feea:219,ff02::1:52,5355,5355,N/A,N/A,N/A,N/A,,,1
1759293627,eth0,88,Ethernet,IPv6,UDP,N/A,v6,fe80::b0b5:44ff:feea:219,ff02::1:52,5355,5355,N/A,N/A,N/A,N/A,,,1
1759293627,eth0,357,Ethernet,IPv4,UDP,N/A,v4,0.0.0.0,255.255.255.255,68,67,N/A,N/A,N/A,N/A,,,1
1759293627,any,359,N/A,IPv4,UDP,N/A,v4,0.0.0.0,255.255.255.255,68,67,N/A,N/A,N/A,N/A,,,1
1759293627,any,371,N/A,IPv4,UDP,N/A,v4,0.0.0.0,255.255.255.255,68,67,N/A,N/A,N/A,N/A,,,1
1759293627,eth0,369,Ethernet,IPv4,UDP,N/A,v4,0.0.0.0,255.255.255.255,68,67,N/A,N/A,N/A,N/A,,,1
1759293627,any,112,N/A,IPv6,ICMP,N/A,v6,fe80::780a:a9ff:fee6:89,ff02::179,N/A,N/A,N/A,N/A,N/A,N/A,,,1
1759293627,eth1,110,Ethernet,IPv6,ICMP,N/A,v6,fe80::780a:a9ff:fee6:89,ff02::179,N/A,N/A,N/A,N/A,N/A,N/A,,,1
1759293627,any,56,N/A,IPv4,N/A,N/A,v4,172.30.0.163,224.0.0.22,N/A,N/A,N/A,N/A,N/A,N/A,,,1
1759293627,eth0,54,Ethernet,IPv4,N/A,N/A,v4,172.30.0.163,224.0.0.22,N/A,N/A,N/A,N/A,N/A,N/A,,,1
1759293627,eth0,110,Ethernet,IPv6,ICMP,N/A,v6,fe80::b0b5:44ff:feea:219,ff02::179,N/A,N/A,N/A,N/A,N/A,N/A,,,1
1759293627,any,112,N/A,IPv6,ICMP,N/A,v6,fe80::b0b5:44ff:feea:219,ff02::179,N/A,N/A,N/A,N/A,N/A,N/A,,,1
1759293627,any,44,ARP,N/A,N/A,N/A,N/A,N/A,N/A,N/A,N/A,1,2048,172.30.0.163,172.30.0.122,,,1
1759293627,eth0,42,Ethernet,N/A,N/A,N/A,N/A,N/A,N/A,N/A,N/A,N/A,N/A,N/A,N/A,,,1
1759293627,eth0,111,Ethernet,N/A,N/A,N/A,N/A,N/A,N/A,N/A,N/A,N/A,N/A,N/A,N/A,,,1
1759293627,any,113,N/A,N/A,N/A,N/A,N/A,N/A,N/A,N/A,N/A,N/A,N/A,N/A,N/A,,,1
1759293627,any,112,N/A,IPv6,ICMP,N/A,v6,fe80::780a:a9ff:fee6:89,ff02::179,N/A,N/A,N/A,N/A,N/A,N/A,,,1
1759293627,eth1,110,Ethernet,IPv6,ICMP,N/A,v6,fe80::780a:a9ff:fee6:89,ff02::179,N/A,N/A,N/A,N/A,N/A,N/A,,,1
1759293627,any,112,N/A,IPv6,ICMP,N/A,v6,fe80::b0b5:44ff:feea:219,ff02::179,N/A,N/A,N/A,N/A,N/A,N/A,,,1
1759293627,eth0,110,Ethernet,IPv6,ICMP,N/A,v6,fe80::b0b5:44ff:feea:219,ff02::179,N/A,N/A,N/A,N/A,N/A,N/A,,,1
1759293627,eth1,110,Ethernet,IPv6,ICMP,N/A,v6,fe80::a824:52ff:fe4f:69,ff02::179,N/A,N/A,N/A,N/A,N/A,N/A,,,0
1759293627,any,56,N/A,IPv4,N/A,N/A,v4,172.30.0.220,224.0.0.22,N/A,N/A,N/A,N/A,N/A,N/A,,,0
1759293627,eth0,54,Ethernet,IPv4,N/A,N/A,v4,172.30.0.220,224.0.0.22,N/A,N/A,N/A,N/A,N/A,N/A,,,0
1759293627,eth0,107,Ethernet,N/A,N/A,N/A,N/A,N/A,N/A,N/A,N/A,N/A,N/A,N/A,N/A,,,0
1759293627,eth0,70,Ethernet,IPv6,ICMP,N/A,v6,fe80::5ca9:83ff:fe87:27,ff02::204,N/A,N/A,N/A,N/A,N/A,N/A,,,0
1759293627,any,72,N/A,IPv6,ICMP,N/A,v6,fe80::a824:52ff:fe4f:69,ff02::204,N/A,N/A,N/A,N/A,N/A,N/A,,,0
1759293627,eth1,70,Ethernet,IPv6,ICMP,N/A,v6,fe80::a824:52ff:fe4f:69,ff02::204,N/A,N/A,N/A,N/A,N/A,N/A,,,0
1759293628,eth0,54,Ethernet,IPv4,N/A,N/A,v4,172.30.0.163,224.0.0.22,N/A,N/A,N/A,N/A,N/A,N/A,,,1
1759293628,any,56,N/A,IPv4,N/A,N/A,v4,172.30.0.163,224.0.0.22,N/A,N/A,N/A,N/A,N/A,N/A,,,1
1759293628,any,72,N/A,IPv6,ICMP,N/A,v6,fe80::780a:a9ff:fee6:89,ff02::204,N/A,N/A,N/A,N/A,N/A,N/A,,,1
1759293628,eth1,70,Ethernet,IPv6,ICMP,N/A,v6,fe80::780a:a9ff:fee6:89,ff02::204,N/A,N/A,N/A,N/A,N/A,N/A,,,1
1759293628,eth0,70,Ethernet,IPv6,ICMP,N/A,v6,fe80::b0b5:44ff:feea:219,ff02::204,N/A,N/A,N/A,N/A,N/A,N/A,,,1
1759293628,eth0,90,Ethernet,IPv6,ICMP,N/A,v6,fe80::e48e:99ff:fe5f:147,ff02::179,N/A,N/A,N/A,N/A,N/A,N/A,,,1
1759293628,eth0,54,Ethernet,IPv4,N/A,N/A,v4,172.30.0.220,224.0.0.22,N/A,N/A,N/A,N/A,N/A,N/A,,,1
1759293628,any,92,N/A,IPv6,ICMP,N/A,v6,fe80::e48e:99ff:fe5f:147,ff02::179,N/A,N/A,N/A,N/A,N/A,N/A,,,1
1759293628,eth0,91,Ethernet,IPv6,UDP,N/A,v6,fe80::e48e:99ff:fe5f:147,ff02::1:52,5355,5355,N/A,N/A,N/A,N/A,,,1
1759293628,any,93,N/A,IPv6,UDP,N/A,v6,fe80::e48e:99ff:fe5f:147,ff02::1:52,5355,5355,N/A,N/A,N/A,N/A,,,1
1759293628,eth0,360,Ethernet,IPv4,UDP,N/A,v4,0.0.0.0,255.255.255.255,68,67,N/A,N/A,N/A,N/A,,,1
1759293628,any,362,N/A,IPv4,UDP,N/A,v4,0.0.0.0,255.255.255.255,68,67,N/A,N/A,N/A,N/A,,,1
1759293628,eth0,372,Ethernet,IPv4,UDP,N/A,v4,0.0.0.0,255.255.255.255,68,67,N/A,N/A,N/A,N/A,,,1
1759293628,any,374,N/A,IPv4,UDP,N/A,v4,0.0.0.0,255.255.255.255,68,67,N/A,N/A,N/A,N/A,,,1
1759293628,eth2,110,Ethernet,IPv6,ICMP,N/A,v6,fe80::dcac:f9ff:fe59:60,ff02::179,N/A,N/A,N/A,N/A,N/A,N/A,,,1
1759293628,any,112,N/A,IPv6,ICMP,N/A,v6,fe80::f056:abff:fe65:143,ff02::179,N/A,N/A,N/A,N/A,N/A,N/A,,,1
1759293628,eth1,110,Ethernet,IPv6,ICMP,N/A,v6,fe80::f056:abff:fe65:143,ff02::179,N/A,N/A,N/A,N/A,N/A,N/A,,,1
1759293628,any,112,N/A,IPv6,ICMP,N/A,v6,fe80::e48e:99ff:fe5f:147,ff02::179,N/A,N/A,N/A,N/A,N/A,N/A,,,1
1759293628,eth0,110,Ethernet,IPv6,ICMP,N/A,v6,fe80::e48e:99ff:fe5f:147,ff02::179,N/A,N/A,N/A,N/A,N/A,N/A,,,1
1759293628,eth0,54,Ethernet,IPv4,N/A,N/A,v4,172.30.0.220,224.0.0.22,N/A,N/A,N/A,N/A,N/A,N/A,,,1
1759293628,any,112,N/A,IPv6,ICMP,N/A,v6,fe80::f056:abff:fe65:143,ff02::179,N/A,N/A,N/A,N/A,N/A,N/A,,,1
1759293628,eth1,110,Ethernet,IPv6,ICMP,N/A,v6,fe80::f056:abff:fe65:143,ff02::179,N/A,N/A,N/A,N/A,N/A,N/A,,,1
1759293628,any,112,N/A,IPv6,ICMP,N/A,v6,fe80::e48e:99ff:fe5f:147,ff02::179,N/A,N/A,N/A,N/A,N/A,N/A,,,1
1759293628,any,44,ARP,N/A,N/A,N/A,N/A,N/A,N/A,N/A,N/A,1,2048,172.30.0.220,172.30.0.122,,,1
1759293628,any,58,ARP,N/A,N/A,N/A,N/A,N/A,N/A,N/A,N/A,2,2048,172.30.0.122,172.30.0.220,,,1
1759293628,eth0,110,Ethernet,IPv6,ICMP,N/A,v6,fe80::e48e:99ff:fe5f:147,ff02::179,N/A,N/A,N/A,N/A,N/A,N/A,,,1
1759293628,eth0,42,Ethernet,N/A,N/A,N/A,N/A,N/A,N/A,N/A,N/A,N/A,N/A,N/A,N/A,,,1
1759293628,eth0,56,Ethernet,N/A,N/A,N/A,N/A,N/A,N/A,N/A,N/A,N/A,N/A,N/A,N/A,,,1
1759293628,eth0,56,Ethernet,N/A,N/A,N/A,N/A,N/A,N/A,N/A,N/A,N/A,N/A,N/A,N/A,,,1
1759293628,any,56,N/A,IPv4,N/A,N/A,v4,172.30.0.220,224.0.0.22,N/A,N/A,N/A,N/A,N/A,N/A,,,1
1759293628,eth0,54,Ethernet,IPv4,N/A,N/A,v4,172.30.0.220,224.0.0.22,N/A,N/A,N/A,N/A,N/A,N/A,,,1
1759293628,any,72,N/A,IPv6,ICMP,N/A,v6,fe80::7827:e3ff:fe68:239,ff02::204,N/A,N/A,N/A,N/A,N/A,N/A,,,1
1759293628,eth1,70,Ethernet,IPv6,ICMP,N/A,v6,fe80::7827:e3ff:fe68:239,ff02::204,N/A,N/A,N/A,N/A,N/A,N/A,,,1
1759293628,any,92,N/A,IPv6,ICMP,N/A,v6,fe80::24f1:23ff:fe29:66,ff02::179,N/A,N/A,N/A,N/A,N/A,N/A,,,1
1759293628,eth0,90,Ethernet,IPv6,ICMP,N/A,v6,fe80::24f1:23ff:fe29:66,ff02::179,N/A,N/A,N/A,N/A,N/A,N/A,,,1
1759293628,eth0,54,Ethernet,IPv4,N/A,N/A,v4,172.30.0.23,224.0.0.22,N/A,N/A,N/A,N/A,N/A,N/A,,,1
1759293628,any,109,N/A,N/A,N/A,N/A,N/A,N/A,N/A,N/A,N/A,N/A,N/A,N/A,N/A,,,0
1759293628,eth0,107,Ethernet,N/A,N/A,N/A,N/A,N/A,N/A,N/A,N/A,N/A,N/A,N/A,N/A,,,0
1759293629,eth0,67,Ethernet,IPv4,UDP,N/A,v4,172.30.0.23,224.0.0.252,5355,5355,N/A,N/A,N/A,N/A,,,1
1759293629,any,69,N/A,IPv4,UDP,N/A,v4,172.30.0.23,224.0.0.252,5355,5355,N/A,N/A,N/A,N/A,,,1
1759293629,eth0,356,Ethernet,IPv4,UDP,N/A,v4,0.0.0.0,255.255.255.255,68,67,N/A,N/A,N/A,N/A,,,1
1759293629,any,358,N/A,IPv4,UDP,N/A,v4,0.0.0.0,255.255.255.255,68,67,N/A,N/A,N/A,N/A,,,1
1759293629,any,370,N/A,IPv4,UDP,N/A,v4,0.0.0.0,255.255.255.255,68,67,N/A,N/A,N/A,N/A,,,1
1759293629,eth0,368,Ethernet,IPv4,UDP,N/A,v4,0.0.0.0,255.255.255.255,68,67,N/A,N/A,N/A,N/A,,,1
1759293629,any,112,N/A,IPv6,ICMP,N/A,v6,fe80::7827:e3ff:fe68:239,ff02::179,N/A,N/A,N/A,N/A,N/A,N/A,,,1
1759293629,eth1,110,Ethernet,IPv6,ICMP,N/A,v6,fe80::7827:e3ff:fe68:239,ff02::179,N/A,N/A,N/A,N/A,N/A,N/A,,,1
1759293629,eth0,110,Ethernet,IPv6,ICMP,N/A,v6,fe80::24f1:23ff:fe29:66,ff02::179,N/A,N/A,N/A,N/A,N/A,N/A,,,1
1759293629,eth0,54,Ethernet,IPv4,N/A,N/A,v4,172.30.0.23,224.0.0.22,N/A,N/A,N/A,N/A,N/A,N/A,,,1
1759293629,any,112,N/A,IPv6,ICMP,N/A,v6,fe80::24f1:23ff:fe29:66,ff02::179,N/A,N/A,N/A,N/A,N/A,N/A,,,1
1759293629,any,44,ARP,N/A,N/A,N/A,N/A,N/A,N/A,N/A,N/A,1,2048,172.30.0.23,172.30.0.122,,,1
1759293629,eth0,42,Ethernet,N/A,N/A,N/A,N/A,N/A,N/A,N/A,N/A,N/A,N/A,N/A,N/A,,,1
1759293629,any,112,N/A,IPv6,ICMP,N/A,v6,fe80::dcac:f9ff:fe59:60,ff02::179,N/A,N/A,N/A,N/A,N/A,N/A,,,1
1759293629,eth2,110,Ethernet,IPv6,ICMP,N/A,v6,fe80::dcac:f9ff:fe59:60,ff02::179,N/A,N/A,N/A,N/A,N/A,N/A,,,1
1759293629,any,112,N/A,IPv6,ICMP,N/A,v6,fe80::7827:e3ff:fe68:239,ff02::179,N/A,N/A,N/A,N/A,N/A,N/A,,,1
1759293629,eth1,110,Ethernet,IPv6,ICMP,N/A,v6,fe80::7827:e3ff:fe68:239,ff02::179,N/A,N/A,N/A,N/A,N/A,N/A,,,1
1759293629,eth0,54,Ethernet,IPv4,N/A,N/A,v4,172.30.0.23,224.0.0.22,N/A,N/A,N/A,N/A,N/A,N/A,,,1
1759293629,any,56,N/A,IPv4,N/A,N/A,v4,172.30.0.23,224.0.0.22,N/A,N/A,N/A,N/A,N/A,N/A,,,1
1759293629,eth0,111,Ethernet,N/A,N/A,N/A,N/A,N/A,N/A,N/A,N/A,N/A,N/A,N/A,N/A,,,1
1759293629,any,72,N/A,IPv6,ICMP,N/A,v6,fe80::dcac:f9ff:fe59:60,ff02::204,N/A,N/A,N/A,N/A,N/A,N/A,,,1
1759293629,any,113,N/A,N/A,N/A,N/A,N/A,N/A,N/A,N/A,N/A,N/A,N/A,N/A,N/A,,,1
1759293629,eth2,70,Ethernet,IPv6,ICMP,N/A,v6,fe80::dcac:f9ff:fe59:60,ff02::204,N/A,N/A,N/A,N/A,N/A,N/A,,,1
1759293629,eth1,70,Ethernet,IPv6,ICMP,N/A,v6,fe80::f056:abff:fe65:143,ff02::204,N/A,N/A,N/A,N/A,N/A,N/A,,,1
1759293629,any,72,N/A,IPv6,ICMP,N/A,v6,fe80::e48e:99ff:fe5f:147,ff02::204,N/A,N/A,N/A,N/A,N/A,N/A,,,1
1759293629,any,72,N/A,IPv6,ICMP,N/A,v6,fe80::f056:abff:fe65:143,ff02::204,N/A,N/A,N/A,N/A,N/A,N/A,,,1
1759293629,eth0,70,Ethernet,IPv6,ICMP,N/A,v6,fe80::e48e:99ff:fe5f:147,ff02::204,N/A,N/A,N/A,N/A,N/A,N/A,,,1
1759293629,eth0,90,Ethernet,IPv6,ICMP,N/A,v6,fe80::ecf9:eff:fefb:55,ff02::179,N/A,N/A,N/A,N/A,N/A,N/A,,,1
1759293629,eth0,56,Ethernet,IPv4,N/A,N/A,v4,172.30.0.89,224.0.0.22,N/A,N/A,N/A,N/A,N/A,N/A,,,1
1759293629,any,92,N/A,IPv6,ICMP,N/A,v6,fe80::ecf9:eff:fefb:55,ff02::179,N/A,N/A,N/A,N/A,N/A,N/A,,,1
1759293629,eth0,67,Ethernet,IPv4,UDP,N/A,v4,172.30.0.89,224.0.0.252,5355,5355,N/A,N/A,N/A,N/A,,,1
1759293629,eth0,87,Ethernet,IPv6,UDP,N/A,v6,fe80::ecf9:eff:fefb:55,ff02::1:52,5355,5355,N/A,N/A,N/A,N/A,,,1
1759293629,any,69,N/A,IPv4,UDP,N/A,v4,172.30.0.89,224.0.0.252,5355,5355,N/A,N/A,N/A,N/A,,,1
1759293629,any,358,N/A,IPv4,UDP,N/A,v4,0.0.0.0,255.255.255.255,68,67,N/A,N/A,N/A,N/A,,,1
1759293629,eth0,356,Ethernet,IPv4,UDP,N/A,v4,0.0.0.0,255.255.255.255,68,67,N/A,N/A,N/A,N/A,,,1
1759293629,eth0,368,Ethernet,IPv4,UDP,N/A,v4,0.0.0.0,255.255.255.255,68,67,N/A,N/A,N/A,N/A,,,1
1759293629,any,370,N/A,IPv4,UDP,N/A,v4,0.0.0.0,255.255.255.255,68,67,N/A,N/A,N/A,N/A,,,1
1759293629,eth0,107,Ethernet,N/A,N/A,N/A,N/A,N/A,N/A,N/A,N/A,N/A,N/A,N/A,N/A,,,0
1759293629,any,109,N/A,N/A,N/A,N/A,N/A,N/A,N/A,N/A,N/A,N/A,N/A,N/A,N/A,,,0
1759293629,eth1,110,Ethernet,IPv6,ICMP,N/A,v6,fe80::103b:bdff:fef0:169,ff02::179,N/A,N/A,N/A,N/A,N/A,N/A,,,1
1759293629,eth0,56,Ethernet,IPv4,N/A,N/A,v4,172.30.0.89,224.0.0.22,N/A,N/A,N/A,N/A,N/A,N/A,,,1
1759293629,any,58,N/A,IPv4,N/A,N/A,v4,172.30.0.89,224.0.0.22,N/A,N/A,N/A,N/A,N/A,N/A,,,1
1759293629,any,112,N/A,IPv6,ICMP,N/A,v6,fe80::ecf9:eff:fefb:55,ff02::179,N/A,N/A,N/A,N/A,N/A,N/A,,,1
1759293629,eth0,110,Ethernet,IPv6,ICMP,N/A,v6,fe80::ecf9:eff:fefb:55,ff02::179,N/A,N/A,N/A,N/A,N/A,N/A,,,1
1759293629,any,112,N/A,IPv6,ICMP,N/A,v6,fe80::24f1:23ff:fe29:66,ff02::179,N/A,N/A,N/A,N/A,N/A,N/A,,,1
1759293629,eth0,110,Ethernet,IPv6,ICMP,N/A,v6,fe80::24f1:23ff:fe29:66,ff02::179,N/A,N/A,N/A,N/A,N/A,N/A,,,1
1759293629,eth0,56,Ethernet,N/A,N/A,N/A,N/A,N/A,N/A,N/A,N/A,N/A,N/A,N/A,N/A,,,1
1759293629,any,58,ARP,N/A,N/A,N/A,N/A,N/A,N/A,N/A,N/A,1,2048,172.30.0.89,172.30.0.122,,,1
1759293630,eth0,90,Ethernet,IPv6,ICMP,N/A,v6,fe80::5ca9:83ff:fe87:27,ff02::179,N/A,N/A,N/A,N/A,N/A,N/A,,,0
1759293630,eth0,54,Ethernet,IPv4,N/A,N/A,v4,172.30.0.220,224.0.0.22,N/A,N/A,N/A,N/A,N/A,N/A,,,0
1759293630,any,92,N/A,IPv6,ICMP,N/A,v6,fe80::5ca9:83ff:fe87:27,ff02::179,N/A,N/A,N/A,N/A,N/A,N/A,,,0
1759293630,eth0,87,Ethernet,IPv6,UDP,N/A,v6,fe80::5ca9:83ff:fe87:27,ff02::1:52,5355,5355,N/A,N/A,N/A,N/A,,,0
1759293630,any,89,N/A,IPv6,UDP,N/A,v6,fe80::5ca9:83ff:fe87:27,ff02::1:52,5355,5355,N/A,N/A,N/A,N/A,,,0
1759293630,eth0,356,Ethernet,IPv4,UDP,N/A,v4,0.0.0.0,255.255.255.255,68,67,N/A,N/A,N/A,N/A,,,0
1759293630,any,358,N/A,IPv4,UDP,N/A,v4,0.0.0.0,255.255.255.255,68,67,N/A,N/A,N/A,N/A,,,0
1759293630,eth0,368,Ethernet,IPv4,UDP,N/A,v4,0.0.0.0,255.255.255.255,68,67,N/A,N/A,N/A,N/A,,,0
1759293630,eth0,70,Ethernet,IPv6,ICMP,N/A,v6,fe80::24f1:23ff:fe29:66,ff02::204,N/A,N/A,N/A,N/A,N/A,N/A,,,1
1759293630,eth1,70,Ethernet,IPv6,ICMP,N/A,v6,fe80::7827:e3ff:fe68:239,ff02::204,N/A,N/A,N/A,N/A,N/A,N/A,,,1
1759293630,any,72,N/A,IPv6,ICMP,N/A,v6,fe80::24f1:23ff:fe29:66,ff02::204,N/A,N/A,N/A,N/A,N/A,N/A,,,1
1759293630,any,58,N/A,IPv4,N/A,N/A,v4,172.30.0.89,224.0.0.22,N/A,N/A,N/A,N/A,N/A,N/A,,,1
1759293630,eth0,56,Ethernet,IPv4,N/A,N/A,v4,172.30.0.89,224.0.0.22,N/A,N/A,N/A,N/A,N/A,N/A,,,1
1759293630,eth0,110,Ethernet,IPv6,ICMP,N/A,v6,fe80::ecf9:eff:fefb:55,ff02::179,N/A,N/A,N/A,N/A,N/A,N/A,,,1
1759293630,any,112,N/A,IPv6,ICMP,N/A,v6,fe80::ecf9:eff:fefb:55,ff02::179,N/A,N/A,N/A,N/A,N/A,N/A,,,1
1759293630,any,112,N/A,IPv6,ICMP,N/A,v6,fe80::103b:bdff:fef0:169,ff02::179,N/A,N/A,N/A,N/A,N/A,N/A,,,1
1759293630,eth1,110,Ethernet,IPv6,ICMP,N/A,v6,fe80::103b:bdff:fef0:169,ff02::179,N/A,N/A,N/A,N/A,N/A,N/A,,,1
1759293630,eth1,70,Ethernet,IPv6,ICMP,N/A,v6,fe80::103b:bdff:fef0:169,ff02::204,N/A,N/A,N/A,N/A,N/A,N/A,,,1
1759293630,eth0,70,Ethernet,IPv6,ICMP,N/A,v6,fe80::ecf9:eff:fefb:55,ff02::204,N/A,N/A,N/A,N/A,N/A,N/A,,,1
1759293630,any,72,N/A,IPv6,ICMP,N/A,v6,fe80::ecf9:eff:fefb:55,ff02::204,N/A,N/A,N/A,N/A,N/A,N/A,,,1
1759293630,any,72,N/A,IPv6,ICMP,N/A,v6,fe80::103b:bdff:fef0:169,ff02::204,N/A,N/A,N/A,N/A,N/A,N/A,,,1
1759293630,eth0,111,Ethernet,N/A,N/A,N/A,N/A,N/A,N/A,N/A,N/A,N/A,N/A,N/A,N/A,,,1
1759293630,any,113,N/A,N/A,N/A,N/A,N/A,N/A,N/A,N/A,N/A,N/A,N/A,N/A,N/A,,,1
1759293630,eth0,110,Ethernet,IPv6,ICMP,N/A,v6,fe80::5ca9:83ff:fe87:27,ff02::179,N/A,N/A,N/A,N/A,N/A,N/A,,,0
1759293630,eth0,54,Ethernet,IPv4,N/A,N/A,v4,172.30.0.220,224.0.0.22,N/A,N/A,N/A,N/A,N/A,N/A,,,0
1759293630,eth0,42,Ethernet,N/A,N/A,N/A,N/A,N/A,N/A,N/A,N/A,N/A,N/A,N/A,N/A,,,0
1759293630,eth0,56,Ethernet,N/A,N/A,N/A,N/A,N/A,N/A,N/A,N/A,N/A,N/A,N/A,N/A,,,0
1759293630,eth0,56,Ethernet,N/A,N/A,N/A,N/A,N/A,N/A,N/A,N/A,N/A,N/A,N/A,N/A,,,0
1759293630,any,370,N/A,IPv4,UDP,N/A,v4,0.0.0.0,255.255.255.255,68,67,N/A,N/A,N/A,N/A,,,0
1759293630,any,112,N/A,IPv6,ICMP,N/A,v6,fe80::a824:52ff:fe4f:69,ff02::179,N/A,N/A,N/A,N/A,N/A,N/A,,,0
1759293630,any,112,N/A,IPv6,ICMP,N/A,v6,fe80::5ca9:83ff:fe87:27,ff02::179,N/A,N/A,N/A,N/A,N/A,N/A,,,0
1759293630,any,44,ARP,N/A,N/A,N/A,N/A,N/A,N/A,N/A,N/A,1,2048,172.30.0.220,172.30.0.122,,,0
1759293630,any,58,ARP,N/A,N/A,N/A,N/A,N/A,N/A,N/A,N/A,2,2048,172.30.0.122,172.30.0.220,,,0
1759293630,any,58,ARP,N/A,N/A,N/A,N/A,N/A,N/A,N/A,N/A,2,2048,172.30.0.122,172.30.0.220,,,0
1759293630,eth1,110,Ethernet,IPv6,ICMP,N/A,v6,fe80::a824:52ff:fe4f:69,ff02::179,N/A,N/A,N/A,N/A,N/A,N/A,,,0
1759293631,eth0,90,Ethernet,IPv6,ICMP,N/A,v6,fe80::b0b5:44ff:feea:219,ff02::179,N/A,N/A,N/A,N/A,N/A,N/A,,,1
1759293631,any,112,N/A,IPv6,ICMP,N/A,v6,fe80::a824:52ff:fe4f:69,ff02::179,N/A,N/A,N/A,N/A,N/A,N/A,,,0
1759293631,eth1,110,Ethernet,IPv6,ICMP,N/A,v6,fe80::a824:52ff:fe4f:69,ff02::179,N/A,N/A,N/A,N/A,N/A,N/A,,,0
1759293631,eth0,110,Ethernet,IPv6,ICMP,N/A,v6,fe80::5ca9:83ff:fe87:27,ff02::179,N/A,N/A,N/A,N/A,N/A,N/A,,,0
1759293631,any,112,N/A,IPv6,ICMP,N/A,v6,fe80::5ca9:83ff:fe87:27,ff02::179,N/A,N/A,N/A,N/A,N/A,N/A,,,0
1759293631,eth1,70,Ethernet,IPv6,ICMP,N/A,v6,fe80::a824:52ff:fe4f:69,ff02::204,N/A,N/A,N/A,N/A,N/A,N/A,,,0
1759293631,any,72,N/A,IPv6,ICMP,N/A,v6,fe80::a824:52ff:fe4f:69,ff02::204,N/A,N/A,N/A,N/A,N/A,N/A,,,0
1759293631,any,109,N/A,N/A,N/A,N/A,N/A,N/A,N/A,N/A,N/A,N/A,N/A,N/A,N/A,,,0
1759293631,eth0,107,Ethernet,N/A,N/A,N/A,N/A,N/A,N/A,N/A,N/A,N/A,N/A,N/A,N/A,,,0
1759293631,any,72,N/A,IPv6,ICMP,N/A,v6,fe80::5ca9:83ff:fe87:27,ff02::204,N/A,N/A,N/A,N/A,N/A,N/A,,,0
1759293631,eth0,70,Ethernet,IPv6,ICMP,N/A,v6,fe80::5ca9:83ff:fe87:27,ff02::204,N/A,N/A,N/A,N/A,N/A,N/A,,,0
1759293631,any,56,N/A,IPv4,N/A,N/A,v4,172.30.0.220,224.0.0.22,N/A,N/A,N/A,N/A,N/A,N/A,,,0
1759293631,eth0,54,Ethernet,IPv4,N/A,N/A,v4,172.30.0.220,224.0.0.22,N/A,N/A,N/A,N/A,N/A,N/A,,,0
1759293631,eth0,54,Ethernet,IPv4,N/A,N/A,v4,172.30.0.163,224.0.0.22,N/A,N/A,N/A,N/A,N/A,N/A,,,1
1759293631,any,92,N/A,IPv6,ICMP,N/A,v6,fe80::b0b5:44ff:feea:219,ff02::179,N/A,N/A,N/A,N/A,N/A,N/A,,,1
1759293631,any,90,N/A,IPv6,UDP,N/A,v6,fe80::b0b5:44ff:feea:219,ff02::1:52,5355,5355,N/A,N/A,N/A,N/A,,,1
1759293631,eth0,88,Ethernet,IPv6,UDP,N/A,v6,fe80::b0b5:44ff:feea:219,ff02::1:52,5355,5355,N/A,N/A,N/A,N/A,,,1
1759293631,eth0,68,Ethernet,IPv4,UDP,N/A,v4,172.30.0.163,224.0.0.252,5355,5355,N/A,N/A,N/A,N/A,,,1
1759293631,eth0,357,Ethernet,IPv4,UDP,N/A,v4,0.0.0.0,255.255.255.255,68,67,N/A,N/A,N/A,N/A,,,1
1759293631,any,359,N/A,IPv4,UDP,N/A,v4,0.0.0.0,255.255.255.255,68,67,N/A,N/A,N/A,N/A,,,1
1759293631,eth0,369,Ethernet,IPv4,UDP,N/A,v4,0.0.0.0,255.255.255.255,68,67,N/A,N/A,N/A,N/A,,,1
1759293631,any,371,N/A,IPv4,UDP,N/A,v4,0.0.0.0,255.255.255.255,68,67,N/A,N/A,N/A,N/A,,,1
1759293631,eth1,110,Ethernet,IPv6,ICMP,N/A,v6,fe80::780a:a9ff:fee6:89,ff02::179,N/A,N/A,N/A,N/A,N/A,N/A,,,1
1759293631,any,112,N/A,IPv6,ICMP,N/A,v6,fe80::b0b5:44ff:feea:219,ff02::179,N/A,N/A,N/A,N/A,N/A,N/A,,,1
1759293631,any,112,N/A,IPv6,ICMP,N/A,v6,fe80::780a:a9ff:fee6:89,ff02::179,N/A,N/A,N/A,N/A,N/A,N/A,,,1
1759293631,eth0,110,Ethernet,IPv6,ICMP,N/A,v6,fe80::b0b5:44ff:feea:219,ff02::179,N/A,N/A,N/A,N/A,N/A,N/A,,,1
1759293631,eth0,110,Ethernet,IPv6,ICMP,N/A,v6,fe80::b0b5:44ff:feea:219,ff02::179,N/A,N/A,N/A,N/A,N/A,N/A,,,1
1759293631,eth0,54,Ethernet,IPv4,N/A,N/A,v4,172.30.0.163,224.0.0.22,N/A,N/A,N/A,N/A,N/A,N/A,,,1
1759293631,any,112,N/A,IPv6,ICMP,N/A,v6,fe80::b0b5:44ff:feea:219,ff02::179,N/A,N/A,N/A,N/A,N/A,N/A,,,1
1759293631,any,44,ARP,N/A,N/A,N/A,N/A,N/A,N/A,N/A,N/A,1,2048,172.30.0.163,172.30.0.122,,,1
1759293631,eth0,42,Ethernet,N/A,N/A,N/A,N/A,N/A,N/A,N/A,N/A,N/A,N/A,N/A,N/A,,,1
1759293631,any,113,N/A,N/A,N/A,N/A,N/A,N/A,N/A,N/A,N/A,N/A,N/A,N/A,N/A,,,1
1759293631,eth0,111,Ethernet,N/A,N/A,N/A,N/A,N/A,N/A,N/A,N/A,N/A,N/A,N/A,N/A,,,1
1759293631,eth0,54,Ethernet,IPv4,N/A,N/A,v4,172.30.0.163,224.0.0.22,N/A,N/A,N/A,N/A,N/A,N/A,,,1
1759293631,any,56,N/A,IPv4,N/A,N/A,v4,172.30.0.163,224.0.0.22,N/A,N/A,N/A,N/A,N/A,N/A,,,1
1759293632,eth0,107,Ethernet,N/A,N/A,N/A,N/A,N/A,N/A,N/A,N/A,N/A,N/A,N/A,N/A,,,0
1759293632,eth0,90,Ethernet,IPv6,ICMP,N/A,v6,fe80::b0b5:44ff:feea:219,ff02::179,N/A,N/A,N/A,N/A,N/A,N/A,,,1
1759293632,any,92,N/A,IPv6,ICMP,N/A,v6,fe80::b0b5:44ff:feea:219,ff02::179,N/A,N/A,N/A,N/A,N/A,N/A,,,1
1759293632,eth1,70,Ethernet,IPv6,ICMP,N/A,v6,fe80::780a:a9ff:fee6:89,ff02::204,N/A,N/A,N/A,N/A,N/A,N/A,,,1
1759293632,eth0,70,Ethernet,IPv6,ICMP,N/A,v6,fe80::b0b5:44ff:feea:219,ff02::204,N/A,N/A,N/A,N/A,N/A,N/A,,,1
1759293632,any,72,N/A,IPv6,ICMP,N/A,v6,fe80::b0b5:44ff:feea:219,ff02::204,N/A,N/A,N/A,N/A,N/A,N/A,,,1
1759293632,any,72,N/A,IPv6,ICMP,N/A,v6,fe80::780a:a9ff:fee6:89,ff02::204,N/A,N/A,N/A,N/A,N/A,N/A,,,1
1759293632,eth1,110,Ethernet,IPv6,ICMP,N/A,v6,fe80::780a:a9ff:fee6:89,ff02::179,N/A,N/A,N/A,N/A,N/A,N/A,,,1
1759293632,any,112,N/A,IPv6,ICMP,N/A,v6,fe80::780a:a9ff:fee6:89,ff02::179,N/A,N/A,N/A,N/A,N/A,N/A,,,1
1759293632,eth0,111,Ethernet,N/A,N/A,N/A,N/A,N/A,N/A,N/A,N/A,N/A,N/A,N/A,N/A,,,1
1759293632,any,113,N/A,N/A,N/A,N/A,N/A,N/A,N/A,N/A,N/A,N/A,N/A,N/A,N/A,,,1
1759293632,any,109,N/A,N/A,N/A,N/A,N/A,N/A,N/A,N/A,N/A,N/A,N/A,N/A,N/A,,,0
1759293633,any,92,N/A,IPv6,ICMP,N/A,v6,fe80::24f1:23ff:fe29:66,ff02::179,N/A,N/A,N/A,N/A,N/A,N/A,,,1
1759293633,eth0,90,Ethernet,IPv6,ICMP,N/A,v6,fe80::24f1:23ff:fe29:66,ff02::179,N/A,N/A,N/A,N/A,N/A,N/A,,,1
1759293633,eth0,54,Ethernet,IPv4,N/A,N/A,v4,172.30.0.23,224.0.0.22,N/A,N/A,N/A,N/A,N/A,N/A,,,1
1759293633,eth0,356,Ethernet,IPv4,UDP,N/A,v4,0.0.0.0,255.255.255.255,68,67,N/A,N/A,N/A,N/A,,,1
1759293633,any,358,N/A,IPv4,UDP,N/A,v4,0.0.0.0,255.255.255.255,68,67,N/A,N/A,N/A,N/A,,,1
1759293633,eth0,368,Ethernet,IPv4,UDP,N/A,v4,0.0.0.0,255.255.255.255,68,67,N/A,N/A,N/A,N/A,,,1
1759293633,any,370,N/A,IPv4,UDP,N/A,v4,0.0.0.0,255.255.255.255,68,67,N/A,N/A,N/A,N/A,,,1
1759293633,any,112,N/A,IPv6,ICMP,N/A,v6,fe80::7827:e3ff:fe68:239,ff02::179,N/A,N/A,N/A,N/A,N/A,N/A,,,1
1759293633,eth1,110,Ethernet,IPv6,ICMP,N/A,v6,fe80::7827:e3ff:fe68:239,ff02::179,N/A,N/A,N/A,N/A,N/A,N/A,,,1
1759293633,any,112,N/A,IPv6,ICMP,N/A,v6,fe80::24f1:23ff:fe29:66,ff02::179,N/A,N/A,N/A,N/A,N/A,N/A,,,1
1759293633,eth0,110,Ethernet,IPv6,ICMP,N/A,v6,fe80::24f1:23ff:fe29:66,ff02::179,N/A,N/A,N/A,N/A,N/A,N/A,,,1
1759293633,eth0,54,Ethernet,IPv4,N/A,N/A,v4,172.30.0.23,224.0.0.22,N/A,N/A,N/A,N/A,N/A,N/A,,,1
1759293633,any,72,N/A,IPv6,ICMP,N/A,v6,fe80::f056:abff:fe65:143,ff02::204,N/A,N/A,N/A,N/A,N/A,N/A,,,1
1759293633,eth1,70,Ethernet,IPv6,ICMP,N/A,v6,fe80::f056:abff:fe65:143,ff02::204,N/A,N/A,N/A,N/A,N/A,N/A,,,1
1759293633,any,72,N/A,IPv6,ICMP,N/A,v6,fe80::dcac:f9ff:fe59:60,ff02::204,N/A,N/A,N/A,N/A,N/A,N/A,,,1
1759293633,eth2,70,Ethernet,IPv6,ICMP,N/A,v6,fe80::dcac:f9ff:fe59:60,ff02::204,N/A,N/A,N/A,N/A,N/A,N/A,,,1
1759293633,any,72,N/A,IPv6,ICMP,N/A,v6,fe80::e48e:99ff:fe5f:147,ff02::204,N/A,N/A,N/A,N/A,N/A,N/A,,,1
1759293633,eth0,70,Ethernet,IPv6,ICMP,N/A,v6,fe80::e48e:99ff:fe5f:147,ff02::204,N/A,N/A,N/A,N/A,N/A,N/A,,,1
1759293633,eth0,110,Ethernet,IPv6,ICMP,N/A,v6,fe80::24f1:23ff:fe29:66,ff02::179,N/A,N/A,N/A,N/A,N/A,N/A,,,1
1759293633,any,112,N/A,IPv6,ICMP,N/A,v6,fe80::24f1:23ff:fe29:66,ff02::179,N/A,N/A,N/A,N/A,N/A,N/A,,,1
1759293633,eth0,90,Ethernet,IPv6,ICMP,N/A,v6,fe80::e48e:99ff:fe5f:147,ff02::179,N/A,N/A,N/A,N/A,N/A,N/A,,,1
1759293633,eth0,54,Ethernet,IPv4,N/A,N/A,v4,172.30.0.220,224.0.0.22,N/A,N/A,N/A,N/A,N/A,N/A,,,1
1759293633,any,92,N/A,IPv6,ICMP,N/A,v6,fe80::e48e:99ff:fe5f:147,ff02::179,N/A,N/A,N/A,N/A,N/A,N/A,,,1
1759293633,eth0,42,Ethernet,N/A,N/A,N/A,N/A,N/A,N/A,N/A,N/A,N/A,N/A,N/A,N/A,,,1
1759293633,any,44,ARP,N/A,N/A,N/A,N/A,N/A,N/A,N/A,N/A,1,2048,172.30.0.23,172.30.0.122,,,1
1759293633,eth0,360,Ethernet,IPv4,UDP,N/A,v4,0.0.0.0,255.255.255.255,68,67,N/A,N/A,N/A,N/A,,,1
1759293633,any,362,N/A,IPv4,UDP,N/A,v4,0.0.0.0,255.255.255.255,68,67,N/A,N/A,N/A,N/A,,,1
1759293633,eth0,372,Ethernet,IPv4,UDP,N/A,v4,0.0.0.0,255.255.255.255,68,67,N/A,N/A,N/A,N/A,,,1
1759293633,any,374,N/A,IPv4,UDP,N/A,v4,0.0.0.0,255.255.255.255,68,67,N/A,N/A,N/A,N/A,,,1
1759293633,eth2,110,Ethernet,IPv6,ICMP,N/A,v6,fe80::dcac:f9ff:fe59:60,ff02::179,N/A,N/A,N/A,N/A,N/A,N/A,,,1
1759293633,any,112,N/A,IPv6,ICMP,N/A,v6,fe80::f056:abff:fe65:143,ff02::179,N/A,N/A,N/A,N/A,N/A,N/A,,,1
1759293633,eth1,110,Ethernet,IPv6,ICMP,N/A,v6,fe80::f056:abff:fe65:143,ff02::179,N/A,N/A,N/A,N/A,N/A,N/A,,,1
1759293633,eth0,110,Ethernet,IPv6,ICMP,N/A,v6,fe80::e48e:99ff:fe5f:147,ff02::179,N/A,N/A,N/A,N/A,N/A,N/A,,,1
1759293633,eth0,54,Ethernet,IPv4,N/A,N/A,v4,172.30.0.220,224.0.0.22,N/A,N/A,N/A,N/A,N/A,N/A,,,1
1759293633,any,112,N/A,IPv6,ICMP,N/A,v6,fe80::e48e:99ff:fe5f:147,ff02::179,N/A,N/A,N/A,N/A,N/A,N/A,,,1
1759293633,eth0,42,Ethernet,N/A,N/A,N/A,N/A,N/A,N/A,N/A,N/A,N/A,N/A,N/A,N/A,,,1
1759293633,eth0,56,Ethernet,N/A,N/A,N/A,N/A,N/A,N/A,N/A,N/A,N/A,N/A,N/A,N/A,,,1
1759293633,eth0,56,Ethernet,N/A,N/A,N/A,N/A,N/A,N/A,N/A,N/A,N/A,N/A,N/A,N/A,,,1
1759293633,any,44,ARP,N/A,N/A,N/A,N/A,N/A,N/A,N/A,N/A,1,2048,172.30.0.220,172.30.0.122,,,1
1759293633,any,58,ARP,N/A,N/A,N/A,N/A,N/A,N/A,N/A,N/A,2,2048,172.30.0.122,172.30.0.220,,,1
1759293633,any,56,N/A,IPv4,N/A,N/A,v4,172.30.0.220,224.0.0.22,N/A,N/A,N/A,N/A,N/A,N/A,,,1
1759293633,eth0,54,Ethernet,IPv4,N/A,N/A,v4,172.30.0.220,224.0.0.22,N/A,N/A,N/A,N/A,N/A,N/A,,,1
1759293633,any,112,N/A,IPv6,ICMP,N/A,v6,fe80::7827:e3ff:fe68:239,ff02::179,N/A,N/A,N/A,N/A,N/A,N/A,,,1
1759293633,eth1,110,Ethernet,IPv6,ICMP,N/A,v6,fe80::7827:e3ff:fe68:239,ff02::179,N/A,N/A,N/A,N/A,N/A,N/A,,,1
1759293633,any,56,N/A,IPv4,N/A,N/A,v4,172.30.0.23,224.0.0.22,N/A,N/A,N/A,N/A,N/A,N/A,,,1
1759293633,eth0,54,Ethernet,IPv4,N/A,N/A,v4,172.30.0.23,224.0.0.22,N/A,N/A,N/A,N/A,N/A,N/A,,,1
1759293633,any,112,N/A,IPv6,ICMP,N/A,v6,fe80::e48e:99ff:fe5f:147,ff02::179,N/A,N/A,N/A,N/A,N/A,N/A,,,1
1759293633,eth0,110,Ethernet,IPv6,ICMP,N/A,v6,fe80::e48e:99ff:fe5f:147,ff02::179,N/A,N/A,N/A,N/A,N/A,N/A,,,1
1759293633,eth0,107,Ethernet,N/A,N/A,N/A,N/A,N/A,N/A,N/A,N/A,N/A,N/A,N/A,N/A,,,0
1759293633,any,109,N/A,N/A,N/A,N/A,N/A,N/A,N/A,N/A,N/A,N/A,N/A,N/A,N/A,,,0
1759293634,eth0,70,Ethernet,IPv6,ICMP,N/A,v6,fe80::24f1:23ff:fe29:66,ff02::204,N/A,N/A,N/A,N/A,N/A,N/A,,,1
1759293634,eth1,70,Ethernet,IPv6,ICMP,N/A,v6,fe80::7827:e3ff:fe68:239,ff02::204,N/A,N/A,N/A,N/A,N/A,N/A,,,1
1759293634,any,72,N/A,IPv6,ICMP,N/A,v6,fe80::24f1:23ff:fe29:66,ff02::204,N/A,N/A,N/A,N/A,N/A,N/A,,,1
1759293634,any,112,N/A,IPv6,ICMP,N/A,v6,fe80::dcac:f9ff:fe59:60,ff02::179,N/A,N/A,N/A,N/A,N/A,N/A,,,1
1759293634,eth2,110,Ethernet,IPv6,ICMP,N/A,v6,fe80::dcac:f9ff:fe59:60,ff02::179,N/A,N/A,N/A,N/A,N/A,N/A,,,1
1759293634,eth0,70,Ethernet,IPv6,ICMP,N/A,v6,fe80::ecf9:eff:fefb:55,ff02::204,N/A,N/A,N/A,N/A,N/A,N/A,,,1
1759293634,any,72,N/A,IPv6,ICMP,N/A,v6,fe80::ecf9:eff:fefb:55,ff02::204,N/A,N/A,N/A,N/A,N/A,N/A,,,1
1759293634,eth0,90,Ethernet,IPv6,ICMP,N/A,v6,fe80::ecf9:eff:fefb:55,ff02::179,N/A,N/A,N/A,N/A,N/A,N/A,,,1
1759293634,eth0,56,Ethernet,IPv4,N/A,N/A,v4,172.30.0.89,224.0.0.22,N/A,N/A,N/A,N/A,N/A,N/A,,,1
1759293634,any,92,N/A,IPv6,ICMP,N/A,v6,fe80::ecf9:eff:fefb:55,ff02::179,N/A,N/A,N/A,N/A,N/A,N/A,,,1
1759293634,any,58,N/A,IPv4,N/A,N/A,v4,172.30.0.89,224.0.0.22,N/A,N/A,N/A,N/A,N/A,N/A,,,1
1759293634,eth1,110,Ethernet,IPv6,ICMP,N/A,v6,fe80::f056:abff:fe65:143,ff02::179,N/A,N/A,N/A,N/A,N/A,N/A,,,1
1759293634,any,112,N/A,IPv6,ICMP,N/A,v6,fe80::f056:abff:fe65:143,ff02::179,N/A,N/A,N/A,N/A,N/A,N/A,,,1
1759293634,eth1,70,Ethernet,IPv6,ICMP,N/A,v6,fe80::f056:abff:fe65:143,ff02::204,N/A,N/A,N/A,N/A,N/A,N/A,,,1
1759293634,any,72,N/A,IPv6,ICMP,N/A,v6,fe80::dcac:f9ff:fe59:60,ff02::204,N/A,N/A,N/A,N/A,N/A,N/A,,,1
1759293634,eth2,70,Ethernet,IPv6,ICMP,N/A,v6,fe80::dcac:f9ff:fe59:60,ff02::204,N/A,N/A,N/A,N/A,N/A,N/A,,,1
1759293634,eth0,111,Ethernet,N/A,N/A,N/A,N/A,N/A,N/A,N/A,N/A,N/A,N/A,N/A,N/A,,,1
1759293634,eth0,70,Ethernet,IPv6,ICMP,N/A,v6,fe80::e48e:99ff:fe5f:147,ff02::204,N/A,N/A,N/A,N/A,N/A,N/A,,,1
1759293634,any,358,N/A,IPv4,UDP,N/A,v4,0.0.0.0,255.255.255.255,68,67,N/A,N/A,N/A,N/A,,,1
1759293634,eth0,356,Ethernet,IPv4,UDP,N/A,v4,0.0.0.0,255.255.255.255,68,67,N/A,N/A,N/A,N/A,,,1
1759293634,eth0,107,Ethernet,N/A,N/A,N/A,N/A,N/A,N/A,N/A,N/A,N/A,N/A,N/A,N/A,,,0
1759293634,any,109,N/A,N/A,N/A,N/A,N/A,N/A,N/A,N/A,N/A,N/A,N/A,N/A,N/A,,,0
1759293634,eth0,368,Ethernet,IPv4,UDP,N/A,v4,0.0.0.0,255.255.255.255,68,67,N/A,N/A,N/A,N/A,,,1
1759293634,any,370,N/A,IPv4,UDP,N/A,v4,0.0.0.0,255.255.255.255,68,67,N/A,N/A,N/A,N/A,,,1
1759293634,any,112,N/A,IPv6,ICMP,N/A,v6,fe80::103b:bdff:fef0:169,ff02::179,N/A,N/A,N/A,N/A,N/A,N/A,,,1
1759293634,eth1,110,Ethernet,IPv6,ICMP,N/A,v6,fe80::103b:bdff:fef0:169,ff02::179,N/A,N/A,N/A,N/A,N/A,N/A,,,1
1759293634,any,112,N/A,IPv6,ICMP,N/A,v6,fe80::ecf9:eff:fefb:55,ff02::179,N/A,N/A,N/A,N/A,N/A,N/A,,,1
1759293634,eth0,110,Ethernet,IPv6,ICMP,N/A,v6,fe80::ecf9:eff:fefb:55,ff02::179,N/A,N/A,N/A,N/A,N/A,N/A,,,1
1759293634,eth0,56,Ethernet,IPv4,N/A,N/A,v4,172.30.0.89,224.0.0.22,N/A,N/A,N/A,N/A,N/A,N/A,,,1
1759293634,eth0,56,Ethernet,N/A,N/A,N/A,N/A,N/A,N/A,N/A,N/A,N/A,N/A,N/A,N/A,,,1
1759293634,any,58,ARP,N/A,N/A,N/A,N/A,N/A,N/A,N/A,N/A,1,2048,172.30.0.89,172.30.0.122,,,1
1759293635,any,72,N/A,IPv6,ICMP,N/A,v6,fe80::a824:52ff:fe4f:69,ff02::204,N/A,N/A,N/A,N/A,N/A,N/A,,,0
1759293635,eth1,70,Ethernet,IPv6,ICMP,N/A,v6,fe80::a824:52ff:fe4f:69,ff02::204,N/A,N/A,N/A,N/A,N/A,N/A,,,0
1759293635,any,72,N/A,IPv6,ICMP,N/A,v6,fe80::5ca9:83ff:fe87:27,ff02::204,N/A,N/A,N/A,N/A,N/A,N/A,,,0
1759293635,eth0,70,Ethernet,IPv6,ICMP,N/A,v6,fe80::5ca9:83ff:fe87:27,ff02::204,N/A,N/A,N/A,N/A,N/A,N/A,,,0
1759293635,eth0,90,Ethernet,IPv6,ICMP,N/A,v6,fe80::5ca9:83ff:fe87:27,ff02::179,N/A,N/A,N/A,N/A,N/A,N/A,,,0
1759293635,eth0,54,Ethernet,IPv4,N/A,N/A,v4,172.30.0.220,224.0.0.22,N/A,N/A,N/A,N/A,N/A,N/A,,,0
1759293635,any,92,N/A,IPv6,ICMP,N/A,v6,fe80::5ca9:83ff:fe87:27,ff02::179,N/A,N/A,N/A,N/A,N/A,N/A,,,0
1759293635,eth0,67,Ethernet,IPv4,UDP,N/A,v4,172.30.0.220,224.0.0.252,5355,5355,N/A,N/A,N/A,N/A,,,0
1759293635,any,69,N/A,IPv4,UDP,N/A,v4,172.30.0.220,224.0.0.252,5355,5355,N/A,N/A,N/A,N/A,,,0
1759293635,eth0,356,Ethernet,IPv4,UDP,N/A,v4,0.0.0.0,255.255.255.255,68,67,N/A,N/A,N/A,N/A,,,0
1759293635,any,358,N/A,IPv4,UDP,N/A,v4,0.0.0.0,255.255.255.255,68,67,N/A,N/A,N/A,N/A,,,0
1759293635,eth0,368,Ethernet,IPv4,UDP,N/A,v4,0.0.0.0,255.255.255.255,68,67,N/A,N/A,N/A,N/A,,,0
1759293635,any,370,N/A,IPv4,UDP,N/A,v4,0.0.0.0,255.255.255.255,68,67,N/A,N/A,N/A,N/A,,,0
1759293635,any,112,N/A,IPv6,ICMP,N/A,v6,fe80::a824:52ff:fe4f:69,ff02::179,N/A,N/A,N/A,N/A,N/A,N/A,,,0
1759293635,eth1,110,Ethernet,IPv6,ICMP,N/A,v6,fe80::a824:52ff:fe4f:69,ff02::179,N/A,N/A,N/A,N/A,N/A,N/A,,,0
1759293635,eth0,54,Ethernet,IPv4,N/A,N/A,v4,172.30.0.220,224.0.0.22,N/A,N/A,N/A,N/A,N/A,N/A,,,0
1759293635,any,56,N/A,IPv4,N/A,N/A,v4,172.30.0.220,224.0.0.22,N/A,N/A,N/A,N/A,N/A,N/A,,,0
1759293635,eth0,110,Ethernet,IPv6,ICMP,N/A,v6,fe80::5ca9:83ff:fe87:27,ff02::179,N/A,N/A,N/A,N/A,N/A,N/A,,,0
1759293635,any,112,N/A,IPv6,ICMP,N/A,v6,fe80::5ca9:83ff:fe87:27,ff02::179,N/A,N/A,N/A,N/A,N/A,N/A,,,0
1759293635,eth0,42,Ethernet,N/A,N/A,N/A,N/A,N/A,N/A,N/A,N/A,N/A,N/A,N/A,N/A,,,0
1759293635,any,112,N/A,IPv6,ICMP,N/A,v6,fe80::103b:bdff:fef0:169,ff02::179,N/A,N/A,N/A,N/A,N/A,N/A,,,1
1759293635,eth1,110,Ethernet,IPv6,ICMP,N/A,v6,fe80::103b:bdff:fef0:169,ff02::179,N/A,N/A,N/A,N/A,N/A,N/A,,,1
1759293635,any,58,N/A,IPv4,N/A,N/A,v4,172.30.0.89,224.0.0.22,N/A,N/A,N/A,N/A,N/A,N/A,,,1
1759293635,eth0,56,Ethernet,IPv4,N/A,N/A,v4,172.30.0.89,224.0.0.22,N/A,N/A,N/A,N/A,N/A,N/A,,,1
1759293635,eth0,110,Ethernet,IPv6,ICMP,N/A,v6,fe80::ecf9:eff:fefb:55,ff02::179,N/A,N/A,N/A,N/A,N/A,N/A,,,1
1759293635,any,112,N/A,IPv6,ICMP,N/A,v6,fe80::ecf9:eff:fefb:55,ff02::179,N/A,N/A,N/A,N/A,N/A,N/A,,,1
1759293635,eth1,70,Ethernet,IPv6,ICMP,N/A,v6,fe80::103b:bdff:fef0:169,ff02::204,N/A,N/A,N/A,N/A,N/A,N/A,,,1
1759293635,eth0,70,Ethernet,IPv6,ICMP,N/A,v6,fe80::ecf9:eff:fefb:55,ff02::204,N/A,N/A,N/A,N/A,N/A,N/A,,,1
1759293635,any,72,N/A,IPv6,ICMP,N/A,v6,fe80::ecf9:eff:fefb:55,ff02::204,N/A,N/A,N/A,N/A,N/A,N/A,,,1
1759293635,any,72,N/A,IPv6,ICMP,N/A,v6,fe80::103b:bdff:fef0:169,ff02::204,N/A,N/A,N/A,N/A,N/A,N/A,,,1
1759293635,any,113,N/A,N/A,N/A,N/A,N/A,N/A,N/A,N/A,N/A,N/A,N/A,N/A,N/A,,,1
1759293635,eth0,111,Ethernet,N/A,N/A,N/A,N/A,N/A,N/A,N/A,N/A,N/A,N/A,N/A,N/A,,,1
1759293635,eth0,56,Ethernet,N/A,N/A,N/A,N/A,N/A,N/A,N/A,N/A,N/A,N/A,N/A,N/A,,,0
1759293635,eth0,56,Ethernet,N/A,N/A,N/A,N/A,N/A,N/A,N/A,N/A,N/A,N/A,N/A,N/A,,,0
1759293635,any,44,ARP,N/A,N/A,N/A,N/A,N/A,N/A,N/A,N/A,1,2048,172.30.0.220,172.30.0.122,,,0
1759293635,any,58,ARP,N/A,N/A,N/A,N/A,N/A,N/A,N/A,N/A,2,2048,172.30.0.122,172.30.0.220,,,0
1759293636,any,72,N/A,IPv6,ICMP,N/A,v6,fe80::780a:a9ff:fee6:89,ff02::204,N/A,N/A,N/A,N/A,N/A,N/A,,,1
1759293636,eth1,70,Ethernet,IPv6,ICMP,N/A,v6,fe80::780a:a9ff:fee6:89,ff02::204,N/A,N/A,N/A,N/A,N/A,N/A,,,1
1759293636,eth0,70,Ethernet,IPv6,ICMP,N/A,v6,fe80::b0b5:44ff:feea:219,ff02::204,N/A,N/A,N/A,N/A,N/A,N/A,,,1
1759293636,any,72,N/A,IPv6,ICMP,N/A,v6,fe80::b0b5:44ff:feea:219,ff02::204,N/A,N/A,N/A,N/A,N/A,N/A,,,1
1759293636,any,92,N/A,IPv6,ICMP,N/A,v6,fe80::b0b5:44ff:feea:219,ff02::179,N/A,N/A,N/A,N/A,N/A,N/A,,,1
1759293636,eth0,90,Ethernet,IPv6,ICMP,N/A,v6,fe80::b0b5:44ff:feea:219,ff02::179,N/A,N/A,N/A,N/A,N/A,N/A,,,1
1759293636,eth0,54,Ethernet,IPv4,N/A,N/A,v4,172.30.0.163,224.0.0.22,N/A,N/A,N/A,N/A,N/A,N/A,,,1
1759293636,eth0,88,Ethernet,IPv6,UDP,N/A,v6,fe80::b0b5:44ff:feea:219,ff02::1:52,5355,5355,N/A,N/A,N/A,N/A,,,1
1759293636,any,90,N/A,IPv6,UDP,N/A,v6,fe80::b0b5:44ff:feea:219,ff02::1:52,5355,5355,N/A,N/A,N/A,N/A,,,1
1759293636,any,359,N/A,IPv4,UDP,N/A,v4,0.0.0.0,255.255.255.255,68,67,N/A,N/A,N/A,N/A,,,1
1759293636,eth0,357,Ethernet,IPv4,UDP,N/A,v4,0.0.0.0,255.255.255.255,68,67,N/A,N/A,N/A,N/A,,,1
1759293636,eth0,369,Ethernet,IPv4,UDP,N/A,v4,0.0.0.0,255.255.255.255,68,67,N/A,N/A,N/A,N/A,,,1
1759293636,any,371,N/A,IPv4,UDP,N/A,v4,0.0.0.0,255.255.255.255,68,67,N/A,N/A,N/A,N/A,,,1
1759293636,any,112,N/A,IPv6,ICMP,N/A,v6,fe80::780a:a9ff:fee6:89,ff02::179,N/A,N/A,N/A,N/A,N/A,N/A,,,1
1759293636,eth1,110,Ethernet,IPv6,ICMP,N/A,v6,fe80::780a:a9ff:fee6:89,ff02::179,N/A,N/A,N/A,N/A,N/A,N/A,,,1
1759293636,eth0,110,Ethernet,IPv6,ICMP,N/A,v6,fe80::b0b5:44ff:feea:219,ff02::179,N/A,N/A,N/A,N/A,N/A,N/A,,,1
1759293636,any,112,N/A,IPv6,ICMP,N/A,v6,fe80::b0b5:44ff:feea:219,ff02::179,N/A,N/A,N/A,N/A,N/A,N/A,,,1
1759293636,any,112,N/A,IPv6,ICMP,N/A,v6,fe80::b0b5:44ff:feea:219,ff02::179,N/A,N/A,N/A,N/A,N/A,N/A,,,1
1759293636,eth0,110,Ethernet,IPv6,ICMP,N/A,v6,fe80::b0b5:44ff:feea:219,ff02::179,N/A,N/A,N/A,N/A,N/A,N/A,,,1
1759293636,eth0,54,Ethernet,IPv4,N/A,N/A,v4,172.30.0.163,224.0.0.22,N/A,N/A,N/A,N/A,N/A,N/A,,,1
1759293636,eth0,42,Ethernet,N/A,N/A,N/A,N/A,N/A,N/A,N/A,N/A,N/A,N/A,N/A,N/A,,,1
1759293636,any,44,ARP,N/A,N/A,N/A,N/A,N/A,N/A,N/A,N/A,1,2048,172.30.0.163,172.30.0.122,,,1
1759293636,any,113,N/A,N/A,N/A,N/A,N/A,N/A,N/A,N/A,N/A,N/A,N/A,N/A,N/A,,,1
1759293636,eth0,111,Ethernet,N/A,N/A,N/A,N/A,N/A,N/A,N/A,N/A,N/A,N/A,N/A,N/A,,,1
1759293636,any,112,N/A,IPv6,ICMP,N/A,v6,fe80::780a:a9ff:fee6:89,ff02::179,N/A,N/A,N/A,N/A,N/A,N/A,,,1
1759293636,eth1,110,Ethernet,IPv6,ICMP,N/A,v6,fe80::780a:a9ff:fee6:89,ff02::179,N/A,N/A,N/A,N/A,N/A,N/A,,,1
1759293636,eth0,110,Ethernet,IPv6,ICMP,N/A,v6,fe80::5ca9:83ff:fe87:27,ff02::179,N/A,N/A,N/A,N/A,N/A,N/A,,,0
1759293636,any,112,N/A,IPv6,ICMP,N/A,v6,fe80::5ca9:83ff:fe87:27,ff02::179,N/A,N/A,N/A,N/A,N/A,N/A,,,0
1759293636,any,56,N/A,IPv4,N/A,N/A,v4,172.30.0.220,224.0.0.22,N/A,N/A,N/A,N/A,N/A,N/A,,,0
1759293636,eth0,54,Ethernet,IPv4,N/A,N/A,v4,172.30.0.220,224.0.0.22,N/A,N/A,N/A,N/A,N/A,N/A,,,0
1759293636,any,72,N/A,IPv6,ICMP,N/A,v6,fe80::a824:52ff:fe4f:69,ff02::204,N/A,N/A,N/A,N/A,N/A,N/A,,,0
1759293636,eth1,70,Ethernet,IPv6,ICMP,N/A,v6,fe80::a824:52ff:fe4f:69,ff02::204,N/A,N/A,N/A,N/A,N/A,N/A,,,0
1759293636,eth0,70,Ethernet,IPv6,ICMP,N/A,v6,fe80::5ca9:83ff:fe87:27,ff02::204,N/A,N/A,N/A,N/A,N/A,N/A,,,0
1759293636,any,112,N/A,IPv6,ICMP,N/A,v6,fe80::a824:52ff:fe4f:69,ff02::179,N/A,N/A,N/A,N/A,N/A,N/A,,,0
1759293636,eth1,110,Ethernet,IPv6,ICMP,N/A,v6,fe80::a824:52ff:fe4f:69,ff02::179,N/A,N/A,N/A,N/A,N/A,N/A,,,0
1759293636,eth0,107,Ethernet,N/A,N/A,N/A,N/A,N/A,N/A,N/A,N/A,N/A,N/A,N/A,N/A,,,0
1759293636,any,109,N/A,N/A,N/A,N/A,N/A,N/A,N/A,N/A,N/A,N/A,N/A,N/A,N/A,,,0
1759293637,eth0,90,Ethernet,IPv6,ICMP,N/A,v6,fe80::b0b5:44ff:feea:219,ff02::179,N/A,N/A,N/A,N/A,N/A,N/A,,,1
1759293637,any,92,N/A,IPv6,ICMP,N/A,v6,fe80::b0b5:44ff:feea:219,ff02::179,N/A,N/A,N/A,N/A,N/A,N/A,,,1
1759293637,any,72,N/A,IPv6,ICMP,N/A,v6,fe80::780a:a9ff:fee6:89,ff02::204,N/A,N/A,N/A,N/A,N/A,N/A,,,1
1759293637,eth1,70,Ethernet,IPv6,ICMP,N/A,v6,fe80::780a:a9ff:fee6:89,ff02::204,N/A,N/A,N/A,N/A,N/A,N/A,,,1
1759293637,eth0,70,Ethernet,IPv6,ICMP,N/A,v6,fe80::b0b5:44ff:feea:219,ff02::204,N/A,N/A,N/A,N/A,N/A,N/A,,,1
1759293637,any,56,N/A,IPv4,N/A,N/A,v4,172.30.0.163,224.0.0.22,N/A,N/A,N/A,N/A,N/A,N/A,,,1
1759293637,eth0,54,Ethernet,IPv4,N/A,N/A,v4,172.30.0.163,224.0.0.22,N/A,N/A,N/A,N/A,N/A,N/A,,,1
1759293637,eth0,90,Ethernet,IPv6,ICMP,N/A,v6,fe80::e48e:99ff:fe5f:147,ff02::179,N/A,N/A,N/A,N/A,N/A,N/A,,,1
1759293637,eth0,54,Ethernet,IPv4,N/A,N/A,v4,172.30.0.220,224.0.0.22,N/A,N/A,N/A,N/A,N/A,N/A,,,1
1759293637,any,92,N/A,IPv6,ICMP,N/A,v6,fe80::e48e:99ff:fe5f:147,ff02::179,N/A,N/A,N/A,N/A,N/A,N/A,,,1
1759293637,eth0,71,Ethernet,IPv4,UDP,N/A,v4,172.30.0.220,224.0.0.252,5355,5355,N/A,N/A,N/A,N/A,,,1
1759293637,eth0,91,Ethernet,IPv6,UDP,N/A,v6,fe80::e48e:99ff:fe5f:147,ff02::1:52,5355,5355,N/A,N/A,N/A,N/A,,,1
1759293637,any,73,N/A,IPv4,UDP,N/A,v4,172.30.0.220,224.0.0.252,5355,5355,N/A,N/A,N/A,N/A,,,1
1759293637,eth0,360,Ethernet,IPv4,UDP,N/A,v4,0.0.0.0,255.255.255.255,68,67,N/A,N/A,N/A,N/A,,,1
1759293637,any,362,N/A,IPv4,UDP,N/A,v4,0.0.0.0,255.255.255.255,68,67,N/A,N/A,N/A,N/A,,,1
1759293637,eth0,372,Ethernet,IPv4,UDP,N/A,v4,0.0.0.0,255.255.255.255,68,67,N/A,N/A,N/A,N/A,,,1
1759293637,any,374,N/A,IPv4,UDP,N/A,v4,0.0.0.0,255.255.255.255,68,67,N/A,N/A,N/A,N/A,,,1
1759293637,eth2,110,Ethernet,IPv6,ICMP,N/A,v6,fe80::dcac:f9ff:fe59:60,ff02::179,N/A,N/A,N/A,N/A,N/A,N/A,,,1
1759293637,any,112,N/A,IPv6,ICMP,N/A,v6,fe80::f056:abff:fe65:143,ff02::179,N/A,N/A,N/A,N/A,N/A,N/A,,,1
1759293637,eth1,110,Ethernet,IPv6,ICMP,N/A,v6,fe80::f056:abff:fe65:143,ff02::179,N/A,N/A,N/A,N/A,N/A,N/A,,,1
1759293637,any,112,N/A,IPv6,ICMP,N/A,v6,fe80::e48e:99ff:fe5f:147,ff02::179,N/A,N/A,N/A,N/A,N/A,N/A,,,1
1759293637,eth0,110,Ethernet,IPv6,ICMP,N/A,v6,fe80::e48e:99ff:fe5f:147,ff02::179,N/A,N/A,N/A,N/A,N/A,N/A,,,1
1759293637,eth0,54,Ethernet,IPv4,N/A,N/A,v4,172.30.0.220,224.0.0.22,N/A,N/A,N/A,N/A,N/A,N/A,,,1
1759293637,any,56,N/A,IPv4,N/A,N/A,v4,172.30.0.220,224.0.0.22,N/A,N/A,N/A,N/A,N/A,N/A,,,1
1759293637,eth0,54,Ethernet,IPv4,N/A,N/A,v4,172.30.0.220,224.0.0.22,N/A,N/A,N/A,N/A,N/A,N/A,,,1
1759293638,eth0,110,Ethernet,IPv6,ICMP,N/A,v6,fe80::e48e:99ff:fe5f:147,ff02::179,N/A,N/A,N/A,N/A,N/A,N/A,,,1
1759293638,any,112,N/A,IPv6,ICMP,N/A,v6,fe80::e48e:99ff:fe5f:147,ff02::179,N/A,N/A,N/A,N/A,N/A,N/A,,,1
1759293638,any,72,N/A,IPv6,ICMP,N/A,v6,fe80::7827:e3ff:fe68:239,ff02::204,N/A,N/A,N/A,N/A,N/A,N/A,,,1
1759293638,any,44,ARP,N/A,N/A,N/A,N/A,N/A,N/A,N/A,N/A,1,2048,172.30.0.220,172.30.0.122,,,1
1759293638,any,58,ARP,N/A,N/A,N/A,N/A,N/A,N/A,N/A,N/A,2,2048,172.30.0.122,172.30.0.220,,,1
1759293638,eth1,70,Ethernet,IPv6,ICMP,N/A,v6,fe80::7827:e3ff:fe68:239,ff02::204,N/A,N/A,N/A,N/A,N/A,N/A,,,1
1759293638,eth0,42,Ethernet,N/A,N/A,N/A,N/A,N/A,N/A,N/A,N/A,N/A,N/A,N/A,N/A,,,1
1759293638,eth0,56,Ethernet,N/A,N/A,N/A,N/A,N/A,N/A,N/A,N/A,N/A,N/A,N/A,N/A,,,1
1759293638,eth0,56,Ethernet,N/A,N/A,N/A,N/A,N/A,N/A,N/A,N/A,N/A,N/A,N/A,N/A,,,1
1759293638,any,72,N/A,IPv6,ICMP,N/A,v6,fe80::24f1:23ff:fe29:66,ff02::204,N/A,N/A,N/A,N/A,N/A,N/A,,,1
1759293638,eth0,70,Ethernet,IPv6,ICMP,N/A,v6,fe80::24f1:23ff:fe29:66,ff02::204,N/A,N/A,N/A,N/A,N/A,N/A,,,1
1759293638,eth0,90,Ethernet,IPv6,ICMP,N/A,v6,fe80::24f1:23ff:fe29:66,ff02::179,N/A,N/A,N/A,N/A,N/A,N/A,,,1
1759293638,eth0,54,Ethernet,IPv4,N/A,N/A,v4,172.30.0.23,224.0.0.22,N/A,N/A,N/A,N/A,N/A,N/A,,,1
1759293638,any,92,N/A,IPv6,ICMP,N/A,v6,fe80::24f1:23ff:fe29:66,ff02::179,N/A,N/A,N/A,N/A,N/A,N/A,,,1
1759293638,eth0,87,Ethernet,IPv6,UDP,N/A,v6,fe80::24f1:23ff:fe29:66,ff02::1:52,5355,5355,N/A,N/A,N/A,N/A,,,1
1759293638,any,89,N/A,IPv6,UDP,N/A,v6,fe80::24f1:23ff:fe29:66,ff02::1:52,5355,5355,N/A,N/A,N/A,N/A,,,1
1759293638,any,358,N/A,IPv4,UDP,N/A,v4,0.0.0.0,255.255.255.255,68,67,N/A,N/A,N/A,N/A,,,1
1759293638,eth0,356,Ethernet,IPv4,UDP,N/A,v4,0.0.0.0,255.255.255.255,68,67,N/A,N/A,N/A,N/A,,,1
1759293638,eth0,368,Ethernet,IPv4,UDP,N/A,v4,0.0.0.0,255.255.255.255,68,67,N/A,N/A,N/A,N/A,,,1
1759293638,any,370,N/A,IPv4,UDP,N/A,v4,0.0.0.0,255.255.255.255,68,67,N/A,N/A,N/A,N/A,,,1
1759293638,any,112,N/A,IPv6,ICMP,N/A,v6,fe80::7827:e3ff:fe68:239,ff02::179,N/A,N/A,N/A,N/A,N/A,N/A,,,1
1759293638,eth1,110,Ethernet,IPv6,ICMP,N/A,v6,fe80::7827:e3ff:fe68:239,ff02::179,N/A,N/A,N/A,N/A,N/A,N/A,,,1
1759293638,any,112,N/A,IPv6,ICMP,N/A,v6,fe80::24f1:23ff:fe29:66,ff02::179,N/A,N/A,N/A,N/A,N/A,N/A,,,1
1759293638,eth0,110,Ethernet,IPv6,ICMP,N/A,v6,fe80::24f1:23ff:fe29:66,ff02::179,N/A,N/A,N/A,N/A,N/A,N/A,,,1
1759293638,eth0,54,Ethernet,IPv4,N/A,N/A,v4,172.30.0.23,224.0.0.22,N/A,N/A,N/A,N/A,N/A,N/A,,,1
1759293638,eth0,42,Ethernet,N/A,N/A,N/A,N/A,N/A,N/A,N/A,N/A,N/A,N/A,N/A,N/A,,,1
1759293638,any,44,ARP,N/A,N/A,N/A,N/A,N/A,N/A,N/A,N/A,1,2048,172.30.0.23,172.30.0.122,,,1
1759293638,any,112,N/A,IPv6,ICMP,N/A,v6,fe80::f056:abff:fe65:143,ff02::179,N/A,N/A,N/A,N/A,N/A,N/A,,,1
1759293638,eth1,110,Ethernet,IPv6,ICMP,N/A,v6,fe80::f056:abff:fe65:143,ff02::179,N/A,N/A,N/A,N/A,N/A,N/A,,,1
1759293638,any,112,N/A,IPv6,ICMP,N/A,v6,fe80::dcac:f9ff:fe59:60,ff02::179,N/A,N/A,N/A,N/A,N/A,N/A,,,1
1759293638,eth2,110,Ethernet,IPv6,ICMP,N/A,v6,fe80::dcac:f9ff:fe59:60,ff02::179,N/A,N/A,N/A,N/A,N/A,N/A,,,1
1759293638,eth2,70,Ethernet,IPv6,ICMP,N/A,v6,fe80::dcac:f9ff:fe59:60,ff02::204,N/A,N/A,N/A,N/A,N/A,N/A,,,1
1759293638,eth1,70,Ethernet,IPv6,ICMP,N/A,v6,fe80::f056:abff:fe65:143,ff02::204,N/A,N/A,N/A,N/A,N/A,N/A,,,1
1759293638,eth0,70,Ethernet,IPv6,ICMP,N/A,v6,fe80::e48e:99ff:fe5f:147,ff02::204,N/A,N/A,N/A,N/A,N/A,N/A,,,1
1759293638,any,72,N/A,IPv6,ICMP,N/A,v6,fe80::dcac:f9ff:fe59:60,ff02::204,N/A,N/A,N/A,N/A,N/A,N/A,,,1
1759293638,eth0,90,Ethernet,IPv6,ICMP,N/A,v6,fe80::ecf9:eff:fefb:55,ff02::179,N/A,N/A,N/A,N/A,N/A,N/A,,,1
1759293638,eth0,56,Ethernet,IPv4,N/A,N/A,v4,172.30.0.89,224.0.0.22,N/A,N/A,N/A,N/A,N/A,N/A,,,1
1759293638,any,92,N/A,IPv6,ICMP,N/A,v6,fe80::ecf9:eff:fefb:55,ff02::179,N/A,N/A,N/A,N/A,N/A,N/A,,,1
1759293638,any,58,N/A,IPv4,N/A,N/A,v4,172.30.0.89,224.0.0.22,N/A,N/A,N/A,N/A,N/A,N/A,,,1
1759293638,any,112,N/A,IPv6,ICMP,N/A,v6,fe80::7827:e3ff:fe68:239,ff02::179,N/A,N/A,N/A,N/A,N/A,N/A,,,1
1759293638,eth1,110,Ethernet,IPv6,ICMP,N/A,v6,fe80::7827:e3ff:fe68:239,ff02::179,N/A,N/A,N/A,N/A,N/A,N/A,,,1
1759293638,any,358,N/A,IPv4,UDP,N/A,v4,0.0.0.0,255.255.255.255,68,67,N/A,N/A,N/A,N/A,,,1
1759293638,eth0,356,Ethernet,IPv4,UDP,N/A,v4,0.0.0.0,255.255.255.255,68,67,N/A,N/A,N/A,N/A,,,1
1759293638,any,370,N/A,IPv4,UDP,N/A,v4,0.0.0.0,255.255.255.255,68,67,N/A,N/A,N/A,N/A,,,1
1759293638,eth0,368,Ethernet,IPv4,UDP,N/A,v4,0.0.0.0,255.255.255.255,68,67,N/A,N/A,N/A,N/A,,,1
1759293638,any,112,N/A,IPv6,ICMP,N/A,v6,fe80::103b:bdff:fef0:169,ff02::179,N/A,N/A,N/A,N/A,N/A,N/A,,,1
1759293638,eth1,110,Ethernet,IPv6,ICMP,N/A,v6,fe80::103b:bdff:fef0:169,ff02::179,N/A,N/A,N/A,N/A,N/A,N/A,,,1
1759293638,any,112,N/A,IPv6,ICMP,N/A,v6,fe80::ecf9:eff:fefb:55,ff02::179,N/A,N/A,N/A,N/A,N/A,N/A,,,1
1759293638,eth0,110,Ethernet,IPv6,ICMP,N/A,v6,fe80::ecf9:eff:fefb:55,ff02::179,N/A,N/A,N/A,N/A,N/A,N/A,,,1
1759293638,eth0,56,Ethernet,IPv4,N/A,N/A,v4,172.30.0.89,224.0.0.22,N/A,N/A,N/A,N/A,N/A,N/A,,,1
1759293638,eth0,110,Ethernet,IPv6,ICMP,N/A,v6,fe80::ecf9:eff:fefb:55,ff02::179,N/A,N/A,N/A,N/A,N/A,N/A,,,1
1759293638,any,112,N/A,IPv6,ICMP,N/A,v6,fe80::ecf9:eff:fefb:55,ff02::179,N/A,N/A,N/A,N/A,N/A,N/A,,,1
1759293638,eth0,56,Ethernet,N/A,N/A,N/A,N/A,N/A,N/A,N/A,N/A,N/A,N/A,N/A,N/A,,,1
1759293638,eth0,107,Ethernet,N/A,N/A,N/A,N/A,N/A,N/A,N/A,N/A,N/A,N/A,N/A,N/A,,,0
1759293638,any,109,N/A,N/A,N/A,N/A,N/A,N/A,N/A,N/A,N/A,N/A,N/A,N/A,N/A,,,0
1759293638,any,58,ARP,N/A,N/A,N/A,N/A,N/A,N/A,N/A,N/A,1,2048,172.30.0.89,172.30.0.122,,,1
1759293639,any,109,N/A,N/A,N/A,N/A,N/A,N/A,N/A,N/A,N/A,N/A,N/A,N/A,N/A,,,0
1759293639,eth0,107,Ethernet,N/A,N/A,N/A,N/A,N/A,N/A,N/A,N/A,N/A,N/A,N/A,N/A,,,0
1759293639,eth0,90,Ethernet,IPv6,ICMP,N/A,v6,fe80::5ca9:83ff:fe87:27,ff02::179,N/A,N/A,N/A,N/A,N/A,N/A,,,0
1759293639,eth0,54,Ethernet,IPv4,N/A,N/A,v4,172.30.0.220,224.0.0.22,N/A,N/A,N/A,N/A,N/A,N/A,,,0
1759293639,any,92,N/A,IPv6,ICMP,N/A,v6,fe80::5ca9:83ff:fe87:27,ff02::179,N/A,N/A,N/A,N/A,N/A,N/A,,,0
1759293639,eth0,356,Ethernet,IPv4,UDP,N/A,v4,0.0.0.0,255.255.255.255,68,67,N/A,N/A,N/A,N/A,,,0
1759293639,any,358,N/A,IPv4,UDP,N/A,v4,0.0.0.0,255.255.255.255,68,67,N/A,N/A,N/A,N/A,,,0
1759293639,eth0,368,Ethernet,IPv4,UDP,N/A,v4,0.0.0.0,255.255.255.255,68,67,N/A,N/A,N/A,N/A,,,0
1759293639,eth0,70,Ethernet,IPv6,ICMP,N/A,v6,fe80::24f1:23ff:fe29:66,ff02::204,N/A,N/A,N/A,N/A,N/A,N/A,,,1
1759293639,eth1,70,Ethernet,IPv6,ICMP,N/A,v6,fe80::7827:e3ff:fe68:239,ff02::204,N/A,N/A,N/A,N/A,N/A,N/A,,,1
1759293639,any,72,N/A,IPv6,ICMP,N/A,v6,fe80::7827:e3ff:fe68:239,ff02::204,N/A,N/A,N/A,N/A,N/A,N/A,,,1
1759293639,eth0,54,Ethernet,IPv4,N/A,N/A,v4,172.30.0.23,224.0.0.22,N/A,N/A,N/A,N/A,N/A,N/A,,,1
1759293639,any,56,N/A,IPv4,N/A,N/A,v4,172.30.0.23,224.0.0.22,N/A,N/A,N/A,N/A,N/A,N/A,,,1
1759293639,any,113,N/A,N/A,N/A,N/A,N/A,N/A,N/A,N/A,N/A,N/A,N/A,N/A,N/A,,,1
1759293639,eth0,111,Ethernet,N/A,N/A,N/A,N/A,N/A,N/A,N/A,N/A,N/A,N/A,N/A,N/A,,,1
1759293639,eth0,110,Ethernet,IPv6,ICMP,N/A,v6,fe80::24f1:23ff:fe29:66,ff02::179,N/A,N/A,N/A,N/A,N/A,N/A,,,1
1759293639,any,112,N/A,IPv6,ICMP,N/A,v6,fe80::24f1:23ff:fe29:66,ff02::179,N/A,N/A,N/A,N/A,N/A,N/A,,,1
1759293639,eth1,70,Ethernet,IPv6,ICMP,N/A,v6,fe80::103b:bdff:fef0:169,ff02::204,N/A,N/A,N/A,N/A,N/A,N/A,,,1
1759293639,eth0,70,Ethernet,IPv6,ICMP,N/A,v6,fe80::ecf9:eff:fefb:55,ff02::204,N/A,N/A,N/A,N/A,N/A,N/A,,,1
1759293639,any,72,N/A,IPv6,ICMP,N/A,v6,fe80::ecf9:eff:fefb:55,ff02::204,N/A,N/A,N/A,N/A,N/A,N/A,,,1
1759293639,any,72,N/A,IPv6,ICMP,N/A,v6,fe80::103b:bdff:fef0:169,ff02::204,N/A,N/A,N/A,N/A,N/A,N/A,,,1
1759293639,any,112,N/A,IPv6,ICMP,N/A,v6,fe80::103b:bdff:fef0:169,ff02::179,N/A,N/A,N/A,N/A,N/A,N/A,,,1
1759293639,eth1,110,Ethernet,IPv6,ICMP,N/A,v6,fe80::103b:bdff:fef0:169,ff02::179,N/A,N/A,N/A,N/A,N/A,N/A,,,1
1759293639,eth0,56,Ethernet,IPv4,N/A,N/A,v4,172.30.0.89,224.0.0.22,N/A,N/A,N/A,N/A,N/A,N/A,,,1
1759293639,any,370,N/A,IPv4,UDP,N/A,v4,0.0.0.0,255.255.255.255,68,67,N/A,N/A,N/A,N/A,,,0
1759293639,eth1,110,Ethernet,IPv6,ICMP,N/A,v6,fe80::a824:52ff:fe4f:69,ff02::179,N/A,N/A,N/A,N/A,N/A,N/A,,,0
1759293640,eth0,111,Ethernet,N/A,N/A,N/A,N/A,N/A,N/A,N/A,N/A,N/A,N/A,N/A,N/A,,,1
1759293640,any,113,N/A,N/A,N/A,N/A,N/A,N/A,N/A,N/A,N/A,N/A,N/A,N/A,N/A,,,1
1759293640,any,92,N/A,IPv6,ICMP,N/A,v6,fe80::b0b5:44ff:feea:219,ff02::179,N/A,N/A,N/A,N/A,N/A,N/A,,,1
1759293640,eth0,90,Ethernet,IPv6,ICMP,N/A,v6,fe80::b0b5:44ff:feea:219,ff02::179,N/A,N/A,N/A,N/A,N/A,N/A,,,1
1759293640,eth0,54,Ethernet,IPv4,N/A,N/A,v4,172.30.0.163,224.0.0.22,N/A,N/A,N/A,N/A,N/A,N/A,,,1
1759293640,eth0,357,Ethernet,IPv4,UDP,N/A,v4,0.0.0.0,255.255.255.255,68,67,N/A,N/A,N/A,N/A,,,1
1759293640,any,359,N/A,IPv4,UDP,N/A,v4,0.0.0.0,255.255.255.255,68,67,N/A,N/A,N/A,N/A,,,1
1759293640,any,371,N/A,IPv4,UDP,N/A,v4,0.0.0.0,255.255.255.255,68,67,N/A,N/A,N/A,N/A,,,1
1759293640,eth0,54,Ethernet,IPv4,N/A,N/A,v4,172.30.0.220,224.0.0.22,N/A,N/A,N/A,N/A,N/A,N/A,,,0
1759293640,eth0,110,Ethernet,IPv6,ICMP,N/A,v6,fe80::5ca9:83ff:fe87:27,ff02::179,N/A,N/A,N/A,N/A,N/A,N/A,,,0
1759293640,eth0,42,Ethernet,N/A,N/A,N/A,N/A,N/A,N/A,N/A,N/A,N/A,N/A,N/A,N/A,,,0
1759293640,eth0,56,Ethernet,N/A,N/A,N/A,N/A,N/A,N/A,N/A,N/A,N/A,N/A,N/A,N/A,,,0
1759293640,eth0,56,Ethernet,N/A,N/A,N/A,N/A,N/A,N/A,N/A,N/A,N/A,N/A,N/A,N/A,,,0
1759293640,eth0,110,Ethernet,IPv6,ICMP,N/A,v6,fe80::5ca9:83ff:fe87:27,ff02::179,N/A,N/A,N/A,N/A,N/A,N/A,,,0
1759293640,any,56,N/A,IPv4,N/A,N/A,v4,172.30.0.220,224.0.0.22,N/A,N/A,N/A,N/A,N/A,N/A,,,0
1759293640,any,112,N/A,IPv6,ICMP,N/A,v6,fe80::5ca9:83ff:fe87:27,ff02::179,N/A,N/A,N/A,N/A,N/A,N/A,,,0
1759293640,any,44,ARP,N/A,N/A,N/A,N/A,N/A,N/A,N/A,N/A,1,2048,172.30.0.220,172.30.0.122,,,0
1759293640,any,58,ARP,N/A,N/A,N/A,N/A,N/A,N/A,N/A,N/A,2,2048,172.30.0.122,172.30.0.220,,,0
1759293640,any,58,ARP,N/A,N/A,N/A,N/A,N/A,N/A,N/A,N/A,2,2048,172.30.0.122,172.30.0.220,,,0
1759293640,any,112,N/A,IPv6,ICMP,N/A,v6,fe80::5ca9:83ff:fe87:27,ff02::179,N/A,N/A,N/A,N/A,N/A,N/A,,,0
1759293640,any,56,N/A,IPv4,N/A,N/A,v4,172.30.0.220,224.0.0.22,N/A,N/A,N/A,N/A,N/A,N/A,,,0
1759293640,eth0,54,Ethernet,IPv4,N/A,N/A,v4,172.30.0.220,224.0.0.22,N/A,N/A,N/A,N/A,N/A,N/A,,,0
1759293640,eth0,70,Ethernet,IPv6,ICMP,N/A,v6,fe80::5ca9:83ff:fe87:27,ff02::204,N/A,N/A,N/A,N/A,N/A,N/A,,,0
1759293640,any,72,N/A,IPv6,ICMP,N/A,v6,fe80::a824:52ff:fe4f:69,ff02::204,N/A,N/A,N/A,N/A,N/A,N/A,,,0
1759293640,any,72,N/A,IPv6,ICMP,N/A,v6,fe80::5ca9:83ff:fe87:27,ff02::204,N/A,N/A,N/A,N/A,N/A,N/A,,,0
1759293640,eth1,70,Ethernet,IPv6,ICMP,N/A,v6,fe80::a824:52ff:fe4f:69,ff02::204,N/A,N/A,N/A,N/A,N/A,N/A,,,0
1759293640,any,112,N/A,IPv6,ICMP,N/A,v6,fe80::a824:52ff:fe4f:69,ff02::179,N/A,N/A,N/A,N/A,N/A,N/A,,,0
1759293640,eth1,110,Ethernet,IPv6,ICMP,N/A,v6,fe80::a824:52ff:fe4f:69,ff02::179,N/A,N/A,N/A,N/A,N/A,N/A,,,0
1759293640,any,112,N/A,IPv6,ICMP,N/A,v6,fe80::780a:a9ff:fee6:89,ff02::179,N/A,N/A,N/A,N/A,N/A,N/A,,,1
1759293640,eth0,369,Ethernet,IPv4,UDP,N/A,v4,0.0.0.0,255.255.255.255,68,67,N/A,N/A,N/A,N/A,,,1
1759293640,eth1,110,Ethernet,IPv6,ICMP,N/A,v6,fe80::780a:a9ff:fee6:89,ff02::179,N/A,N/A,N/A,N/A,N/A,N/A,,,1
1759293640,eth0,110,Ethernet,IPv6,ICMP,N/A,v6,fe80::b0b5:44ff:feea:219,ff02::179,N/A,N/A,N/A,N/A,N/A,N/A,,,1
1759293640,eth0,54,Ethernet,IPv4,N/A,N/A,v4,172.30.0.163,224.0.0.22,N/A,N/A,N/A,N/A,N/A,N/A,,,1
1759293640,any,112,N/A,IPv6,ICMP,N/A,v6,fe80::b0b5:44ff:feea:219,ff02::179,N/A,N/A,N/A,N/A,N/A,N/A,,,1
1759293640,any,44,ARP,N/A,N/A,N/A,N/A,N/A,N/A,N/A,N/A,1,2048,172.30.0.163,172.30.0.122,,,1
1759293640,eth0,42,Ethernet,N/A,N/A,N/A,N/A,N/A,N/A,N/A,N/A,N/A,N/A,N/A,N/A,,,1
1759293640,eth0,110,Ethernet,IPv6,ICMP,N/A,v6,fe80::b0b5:44ff:feea:219,ff02::179,N/A,N/A,N/A,N/A,N/A,N/A,,,1
1759293640,any,112,N/A,IPv6,ICMP,N/A,v6,fe80::b0b5:44ff:feea:219,ff02::179,N/A,N/A,N/A,N/A,N/A,N/A,,,1
1759293640,any,56,N/A,IPv4,N/A,N/A,v4,172.30.0.163,224.0.0.22,N/A,N/A,N/A,N/A,N/A,N/A,,,1
1759293640,eth0,54,Ethernet,IPv4,N/A,N/A,v4,172.30.0.163,224.0.0.22,N/A,N/A,N/A,N/A,N/A,N/A,,,1
1759293641,eth0,107,Ethernet,N/A,N/A,N/A,N/A,N/A,N/A,N/A,N/A,N/A,N/A,N/A,N/A,,,0
1759293641,any,109,N/A,N/A,N/A,N/A,N/A,N/A,N/A,N/A,N/A,N/A,N/A,N/A,N/A,,,0
1759293641,any,112,N/A,IPv6,ICMP,N/A,v6,fe80::780a:a9ff:fee6:89,ff02::179,N/A,N/A,N/A,N/A,N/A,N/A,,,1
1759293641,eth1,110,Ethernet,IPv6,ICMP,N/A,v6,fe80::780a:a9ff:fee6:89,ff02::179,N/A,N/A,N/A,N/A,N/A,N/A,,,1
1759293641,eth0,70,Ethernet,IPv6,ICMP,N/A,v6,fe80::b0b5:44ff:feea:219,ff02::204,N/A,N/A,N/A,N/A,N/A,N/A,,,1
1759293641,eth1,70,Ethernet,IPv6,ICMP,N/A,v6,fe80::780a:a9ff:fee6:89,ff02::204,N/A,N/A,N/A,N/A,N/A,N/A,,,1
1759293641,any,72,N/A,IPv6,ICMP,N/A,v6,fe80::780a:a9ff:fee6:89,ff02::204,N/A,N/A,N/A,N/A,N/A,N/A,,,1
1759293641,eth0,111,Ethernet,N/A,N/A,N/A,N/A,N/A,N/A,N/A,N/A,N/A,N/A,N/A,N/A,,,1
1759293641,any,113,N/A,N/A,N/A,N/A,N/A,N/A,N/A,N/A,N/A,N/A,N/A,N/A,N/A,,,1
1759293642,eth0,107,Ethernet,N/A,N/A,N/A,N/A,N/A,N/A,N/A,N/A,N/A,N/A,N/A,N/A,,,0
1759293642,eth1,70,Ethernet,IPv6,ICMP,N/A,v6,fe80::f056:abff:fe65:143,ff02::204,N/A,N/A,N/A,N/A,N/A,N/A,,,1
1759293642,any,72,N/A,IPv6,ICMP,N/A,v6,fe80::f056:abff:fe65:143,ff02::204,N/A,N/A,N/A,N/A,N/A,N/A,,,1
1759293642,any,92,N/A,IPv6,ICMP,N/A,v6,fe80::24f1:23ff:fe29:66,ff02::179,N/A,N/A,N/A,N/A,N/A,N/A,,,1
1759293642,eth0,90,Ethernet,IPv6,ICMP,N/A,v6,fe80::24f1:23ff:fe29:66,ff02::179,N/A,N/A,N/A,N/A,N/A,N/A,,,1
1759293642,eth0,54,Ethernet,IPv4,N/A,N/A,v4,172.30.0.23,224.0.0.22,N/A,N/A,N/A,N/A,N/A,N/A,,,1
1759293642,eth0,356,Ethernet,IPv4,UDP,N/A,v4,0.0.0.0,255.255.255.255,68,67,N/A,N/A,N/A,N/A,,,1
1759293642,eth0,368,Ethernet,IPv4,UDP,N/A,v4,0.0.0.0,255.255.255.255,68,67,N/A,N/A,N/A,N/A,,,1
1759293642,any,358,N/A,IPv4,UDP,N/A,v4,0.0.0.0,255.255.255.255,68,67,N/A,N/A,N/A,N/A,,,1
1759293642,any,112,N/A,IPv6,ICMP,N/A,v6,fe80::7827:e3ff:fe68:239,ff02::179,N/A,N/A,N/A,N/A,N/A,N/A,,,1
1759293642,eth1,110,Ethernet,IPv6,ICMP,N/A,v6,fe80::7827:e3ff:fe68:239,ff02::179,N/A,N/A,N/A,N/A,N/A,N/A,,,1
1759293642,any,112,N/A,IPv6,ICMP,N/A,v6,fe80::24f1:23ff:fe29:66,ff02::179,N/A,N/A,N/A,N/A,N/A,N/A,,,1
1759293642,eth0,110,Ethernet,IPv6,ICMP,N/A,v6,fe80::24f1:23ff:fe29:66,ff02::179,N/A,N/A,N/A,N/A,N/A,N/A,,,1
1759293642,eth0,54,Ethernet,IPv4,N/A,N/A,v4,172.30.0.23,224.0.0.22,N/A,N/A,N/A,N/A,N/A,N/A,,,1
1759293642,eth0,54,Ethernet,IPv4,N/A,N/A,v4,172.30.0.23,224.0.0.22,N/A,N/A,N/A,N/A,N/A,N/A,,,1
1759293642,any,56,N/A,IPv4,N/A,N/A,v4,172.30.0.23,224.0.0.22,N/A,N/A,N/A,N/A,N/A,N/A,,,1
1759293642,eth0,42,Ethernet,N/A,N/A,N/A,N/A,N/A,N/A,N/A,N/A,N/A,N/A,N/A,N/A,,,1
1759293642,any,44,ARP,N/A,N/A,N/A,N/A,N/A,N/A,N/A,N/A,1,2048,172.30.0.23,172.30.0.122,,,1
1759293642,eth0,111,Ethernet,N/A,N/A,N/A,N/A,N/A,N/A,N/A,N/A,N/A,N/A,N/A,N/A,,,1
1759293642,any,113,N/A,N/A,N/A,N/A,N/A,N/A,N/A,N/A,N/A,N/A,N/A,N/A,N/A,,,1
1759293642,eth2,70,Ethernet,IPv6,ICMP,N/A,v6,fe80::dcac:f9ff:fe59:60,ff02::204,N/A,N/A,N/A,N/A,N/A,N/A,,,1
1759293642,any,72,N/A,IPv6,ICMP,N/A,v6,fe80::dcac:f9ff:fe59:60,ff02::204,N/A,N/A,N/A,N/A,N/A,N/A,,,1
1759293642,eth0,70,Ethernet,IPv6,ICMP,N/A,v6,fe80::e48e:99ff:fe5f:147,ff02::204,N/A,N/A,N/A,N/A,N/A,N/A,,,1
1759293642,any,72,N/A,IPv6,ICMP,N/A,v6,fe80::e48e:99ff:fe5f:147,ff02::204,N/A,N/A,N/A,N/A,N/A,N/A,,,1
1759293642,eth0,90,Ethernet,IPv6,ICMP,N/A,v6,fe80::e48e:99ff:fe5f:147,ff02::179,N/A,N/A,N/A,N/A,N/A,N/A,,,1
1759293642,eth0,54,Ethernet,IPv4,N/A,N/A,v4,172.30.0.220,224.0.0.22,N/A,N/A,N/A,N/A,N/A,N/A,,,1
1759293642,any,92,N/A,IPv6,ICMP,N/A,v6,fe80::e48e:99ff:fe5f:147,ff02::179,N/A,N/A,N/A,N/A,N/A,N/A,,,1
1759293642,eth0,71,Ethernet,IPv4,UDP,N/A,v4,172.30.0.220,224.0.0.252,5355,5355,N/A,N/A,N/A,N/A,,,1
1759293642,any,73,N/A,IPv4,UDP,N/A,v4,172.30.0.220,224.0.0.252,5355,5355,N/A,N/A,N/A,N/A,,,1
1759293642,eth0,360,Ethernet,IPv4,UDP,N/A,v4,0.0.0.0,255.255.255.255,68,67,N/A,N/A,N/A,N/A,,,1
1759293642,any,362,N/A,IPv4,UDP,N/A,v4,0.0.0.0,255.255.255.255,68,67,N/A,N/A,N/A,N/A,,,1
1759293642,eth0,372,Ethernet,IPv4,UDP,N/A,v4,0.0.0.0,255.255.255.255,68,67,N/A,N/A,N/A,N/A,,,1
1759293642,any,374,N/A,IPv4,UDP,N/A,v4,0.0.0.0,255.255.255.255,68,67,N/A,N/A,N/A,N/A,,,1
1759293642,eth2,110,Ethernet,IPv6,ICMP,N/A,v6,fe80::dcac:f9ff:fe59:60,ff02::179,N/A,N/A,N/A,N/A,N/A,N/A,,,1
1759293642,eth1,110,Ethernet,IPv6,ICMP,N/A,v6,fe80::f056:abff:fe65:143,ff02::179,N/A,N/A,N/A,N/A,N/A,N/A,,,1
1759293642,any,109,N/A,N/A,N/A,N/A,N/A,N/A,N/A,N/A,N/A,N/A,N/A,N/A,N/A,,,0
1759293643,eth0,110,Ethernet,IPv6,ICMP,N/A,v6,fe80::e48e:99ff:fe5f:147,ff02::179,N/A,N/A,N/A,N/A,N/A,N/A,,,1
1759293643,eth0,54,Ethernet,IPv4,N/A,N/A,v4,172.30.0.220,224.0.0.22,N/A,N/A,N/A,N/A,N/A,N/A,,,1
1759293643,eth0,42,Ethernet,N/A,N/A,N/A,N/A,N/A,N/A,N/A,N/A,N/A,N/A,N/A,N/A,,,1
1759293643,eth0,56,Ethernet,N/A,N/A,N/A,N/A,N/A,N/A,N/A,N/A,N/A,N/A,N/A,N/A,,,1
1759293643,eth0,56,Ethernet,N/A,N/A,N/A,N/A,N/A,N/A,N/A,N/A,N/A,N/A,N/A,N/A,,,1
1759293643,eth0,110,Ethernet,IPv6,ICMP,N/A,v6,fe80::24f1:23ff:fe29:66,ff02::179,N/A,N/A,N/A,N/A,N/A,N/A,,,1
1759293643,eth0,70,Ethernet,IPv6,ICMP,N/A,v6,fe80::24f1:23ff:fe29:66,ff02::204,N/A,N/A,N/A,N/A,N/A,N/A,,,1
1759293643,eth0,110,Ethernet,IPv6,ICMP,N/A,v6,fe80::e48e:99ff:fe5f:147,ff02::179,N/A,N/A,N/A,N/A,N/A,N/A,,,1
1759293643,any,112,N/A,IPv6,ICMP,N/A,v6,fe80::dcac:f9ff:fe59:60,ff02::179,N/A,N/A,N/A,N/A,N/A,N/A,,,1
1759293643,any,112,N/A,IPv6,ICMP,N/A,v6,fe80::f056:abff:fe65:143,ff02::179,N/A,N/A,N/A,N/A,N/A,N/A,,,1
1759293643,any,112,N/A,IPv6,ICMP,N/A,v6,fe80::e48e:99ff:fe5f:147,ff02::179,N/A,N/A,N/A,N/A,N/A,N/A,,,1
1759293643,any,44,ARP,N/A,N/A,N/A,N/A,N/A,N/A,N/A,N/A,1,2048,172.30.0.220,172.30.0.122,,,1
1759293643,any,58,ARP,N/A,N/A,N/A,N/A,N/A,N/A,N/A,N/A,2,2048,172.30.0.122,172.30.0.220,,,1
1759293643,any,112,N/A,IPv6,ICMP,N/A,v6,fe80::24f1:23ff:fe29:66,ff02::179,N/A,N/A,N/A,N/A,N/A,N/A,,,1
1759293643,any,72,N/A,IPv6,ICMP,N/A,v6,fe80::24f1:23ff:fe29:66,ff02::204,N/A,N/A,N/A,N/A,N/A,N/A,,,1
1759293643,any,72,N/A,IPv6,ICMP,N/A,v6,fe80::7827:e3ff:fe68:239,ff02::204,N/A,N/A,N/A,N/A,N/A,N/A,,,1
1759293643,any,112,N/A,IPv6,ICMP,N/A,v6,fe80::e48e:99ff:fe5f:147,ff02::179,N/A,N/A,N/A,N/A,N/A,N/A,,,1
1759293643,eth1,70,Ethernet,IPv6,ICMP,N/A,v6,fe80::7827:e3ff:fe68:239,ff02::204,N/A,N/A,N/A,N/A,N/A,N/A,,,1
1759293643,any,112,N/A,IPv6,ICMP,N/A,v6,fe80::7827:e3ff:fe68:239,ff02::179,N/A,N/A,N/A,N/A,N/A,N/A,,,1
1759293643,eth1,110,Ethernet,IPv6,ICMP,N/A,v6,fe80::7827:e3ff:fe68:239,ff02::179,N/A,N/A,N/A,N/A,N/A,N/A,,,1
1759293643,any,112,N/A,IPv6,ICMP,N/A,v6,fe80::dcac:f9ff:fe59:60,ff02::179,N/A,N/A,N/A,N/A,N/A,N/A,,,1
1759293643,eth2,110,Ethernet,IPv6,ICMP,N/A,v6,fe80::dcac:f9ff:fe59:60,ff02::179,N/A,N/A,N/A,N/A,N/A,N/A,,,1
1759293643,eth0,70,Ethernet,IPv6,ICMP,N/A,v6,fe80::ecf9:eff:fefb:55,ff02::204,N/A,N/A,N/A,N/A,N/A,N/A,,,1
1759293643,any,72,N/A,IPv6,ICMP,N/A,v6,fe80::ecf9:eff:fefb:55,ff02::204,N/A,N/A,N/A,N/A,N/A,N/A,,,1
1759293643,any,72,N/A,IPv6,ICMP,N/A,v6,fe80::dcac:f9ff:fe59:60,ff02::204,N/A,N/A,N/A,N/A,N/A,N/A,,,1
1759293643,eth2,70,Ethernet,IPv6,ICMP,N/A,v6,fe80::dcac:f9ff:fe59:60,ff02::204,N/A,N/A,N/A,N/A,N/A,N/A,,,1
1759293643,eth1,70,Ethernet,IPv6,ICMP,N/A,v6,fe80::f056:abff:fe65:143,ff02::204,N/A,N/A,N/A,N/A,N/A,N/A,,,1
1759293643,eth0,70,Ethernet,IPv6,ICMP,N/A,v6,fe80::e48e:99ff:fe5f:147,ff02::204,N/A,N/A,N/A,N/A,N/A,N/A,,,1
1759293643,any,72,N/A,IPv6,ICMP,N/A,v6,fe80::103b:bdff:fef0:169,ff02::204,N/A,N/A,N/A,N/A,N/A,N/A,,,1
1759293643,eth1,70,Ethernet,IPv6,ICMP,N/A,v6,fe80::103b:bdff:fef0:169,ff02::204,N/A,N/A,N/A,N/A,N/A,N/A,,,1
1759293643,any,112,N/A,IPv6,ICMP,N/A,v6,fe80::f056:abff:fe65:143,ff02::179,N/A,N/A,N/A,N/A,N/A,N/A,,,1
1759293643,eth1,110,Ethernet,IPv6,ICMP,N/A,v6,fe80::f056:abff:fe65:143,ff02::179,N/A,N/A,N/A,N/A,N/A,N/A,,,1
1759293643,eth0,54,Ethernet,IPv4,N/A,N/A,v4,172.30.0.220,224.0.0.22,N/A,N/A,N/A,N/A,N/A,N/A,,,1
1759293643,any,56,N/A,IPv4,N/A,N/A,v4,172.30.0.220,224.0.0.22,N/A,N/A,N/A,N/A,N/A,N/A,,,1
1759293643,eth0,90,Ethernet,IPv6,ICMP,N/A,v6,fe80::ecf9:eff:fefb:55,ff02::179,N/A,N/A,N/A,N/A,N/A,N/A,,,1
1759293643,eth0,56,Ethernet,IPv4,N/A,N/A,v4,172.30.0.89,224.0.0.22,N/A,N/A,N/A,N/A,N/A,N/A,,,1
1759293643,any,92,N/A,IPv6,ICMP,N/A,v6,fe80::ecf9:eff:fefb:55,ff02::179,N/A,N/A,N/A,N/A,N/A,N/A,,,1
1759293643,any,89,N/A,IPv6,UDP,N/A,v6,fe80::ecf9:eff:fefb:55,ff02::1:52,5355,5355,N/A,N/A,N/A,N/A,,,1
1759293643,eth0,87,Ethernet,IPv6,UDP,N/A,v6,fe80::ecf9:eff:fefb:55,ff02::1:52,5355,5355,N/A,N/A,N/A,N/A,,,1
1759293643,any,358,N/A,IPv4,UDP,N/A,v4,0.0.0.0,255.255.255.255,68,67,N/A,N/A,N/A,N/A,,,1
1759293643,eth0,356,Ethernet,IPv4,UDP,N/A,v4,0.0.0.0,255.255.255.255,68,67,N/A,N/A,N/A,N/A,,,1
1759293643,eth0,111,Ethernet,N/A,N/A,N/A,N/A,N/A,N/A,N/A,N/A,N/A,N/A,N/A,N/A,,,1
1759293643,eth0,368,Ethernet,IPv4,UDP,N/A,v4,0.0.0.0,255.255.255.255,68,67,N/A,N/A,N/A,N/A,,,1
1759293643,any,370,N/A,IPv4,UDP,N/A,v4,0.0.0.0,255.255.255.255,68,67,N/A,N/A,N/A,N/A,,,1
1759293643,any,112,N/A,IPv6,ICMP,N/A,v6,fe80::103b:bdff:fef0:169,ff02::179,N/A,N/A,N/A,N/A,N/A,N/A,,,1
1759293643,eth1,110,Ethernet,IPv6,ICMP,N/A,v6,fe80::103b:bdff:fef0:169,ff02::179,N/A,N/A,N/A,N/A,N/A,N/A,,,1
1759293643,any,112,N/A,IPv6,ICMP,N/A,v6,fe80::ecf9:eff:fefb:55,ff02::179,N/A,N/A,N/A,N/A,N/A,N/A,,,1
1759293643,eth0,107,Ethernet,N/A,N/A,N/A,N/A,N/A,N/A,N/A,N/A,N/A,N/A,N/A,N/A,,,0
1759293643,any,109,N/A,N/A,N/A,N/A,N/A,N/A,N/A,N/A,N/A,N/A,N/A,N/A,N/A,,,0
1759293643,any,58,N/A,IPv4,N/A,N/A,v4,172.30.0.89,224.0.0.22,N/A,N/A,N/A,N/A,N/A,N/A,,,1
1759293643,eth0,110,Ethernet,IPv6,ICMP,N/A,v6,fe80::ecf9:eff:fefb:55,ff02::179,N/A,N/A,N/A,N/A,N/A,N/A,,,1
1759293643,eth0,56,Ethernet,IPv4,N/A,N/A,v4,172.30.0.89,224.0.0.22,N/A,N/A,N/A,N/A,N/A,N/A,,,1
1759293643,eth0,56,Ethernet,N/A,N/A,N/A,N/A,N/A,N/A,N/A,N/A,N/A,N/A,N/A,N/A,,,1
1759293643,any,58,ARP,N/A,N/A,N/A,N/A,N/A,N/A,N/A,N/A,1,2048,172.30.0.89,172.30.0.122,,,1
1759293644,eth0,107,Ethernet,N/A,N/A,N/A,N/A,N/A,N/A,N/A,N/A,N/A,N/A,N/A,N/A,,,0
1759293644,eth0,70,Ethernet,IPv6,ICMP,N/A,v6,fe80::5ca9:83ff:fe87:27,ff02::204,N/A,N/A,N/A,N/A,N/A,N/A,,,0
1759293644,any,109,N/A,N/A,N/A,N/A,N/A,N/A,N/A,N/A,N/A,N/A,N/A,N/A,N/A,,,0
1759293644,any,72,N/A,IPv6,ICMP,N/A,v6,fe80::a824:52ff:fe4f:69,ff02::204,N/A,N/A,N/A,N/A,N/A,N/A,,,0
1759293644,eth1,70,Ethernet,IPv6,ICMP,N/A,v6,fe80::a824:52ff:fe4f:69,ff02::204,N/A,N/A,N/A,N/A,N/A,N/A,,,0
1759293644,any,58,N/A,IPv4,N/A,N/A,v4,172.30.0.89,224.0.0.22,N/A,N/A,N/A,N/A,N/A,N/A,,,1
1759293644,eth0,56,Ethernet,IPv4,N/A,N/A,v4,172.30.0.89,224.0.0.22,N/A,N/A,N/A,N/A,N/A,N/A,,,1
1759293644,eth0,110,Ethernet,IPv6,ICMP,N/A,v6,fe80::ecf9:eff:fefb:55,ff02::179,N/A,N/A,N/A,N/A,N/A,N/A,,,1
1759293644,any,112,N/A,IPv6,ICMP,N/A,v6,fe80::103b:bdff:fef0:169,ff02::179,N/A,N/A,N/A,N/A,N/A,N/A,,,1
1759293644,eth1,110,Ethernet,IPv6,ICMP,N/A,v6,fe80::103b:bdff:fef0:169,ff02::179,N/A,N/A,N/A,N/A,N/A,N/A,,,1
1759293644,any,72,N/A,IPv6,ICMP,N/A,v6,fe80::ecf9:eff:fefb:55,ff02::204,N/A,N/A,N/A,N/A,N/A,N/A,,,1
1759293644,eth1,70,Ethernet,IPv6,ICMP,N/A,v6,fe80::103b:bdff:fef0:169,ff02::204,N/A,N/A,N/A,N/A,N/A,N/A,,,1
1759293644,eth0,70,Ethernet,IPv6,ICMP,N/A,v6,fe80::ecf9:eff:fefb:55,ff02::204,N/A,N/A,N/A,N/A,N/A,N/A,,,1
1759293644,eth0,111,Ethernet,N/A,N/A,N/A,N/A,N/A,N/A,N/A,N/A,N/A,N/A,N/A,N/A,,,1
1759293644,any,113,N/A,N/A,N/A,N/A,N/A,N/A,N/A,N/A,N/A,N/A,N/A,N/A,N/A,,,1
1759293645,eth0,90,Ethernet,IPv6,ICMP,N/A,v6,fe80::5ca9:83ff:fe87:27,ff02::179,N/A,N/A,N/A,N/A,N/A,N/A,,,0
1759293645,eth0,54,Ethernet,IPv4,N/A,N/A,v4,172.30.0.220,224.0.0.22,N/A,N/A,N/A,N/A,N/A,N/A,,,0
1759293645,any,92,N/A,IPv6,ICMP,N/A,v6,fe80::5ca9:83ff:fe87:27,ff02::179,N/A,N/A,N/A,N/A,N/A,N/A,,,0
1759293645,eth0,356,Ethernet,IPv4,UDP,N/A,v4,0.0.0.0,255.255.255.255,68,67,N/A,N/A,N/A,N/A,,,0
1759293645,any,358,N/A,IPv4,UDP,N/A,v4,0.0.0.0,255.255.255.255,68,67,N/A,N/A,N/A,N/A,,,0
1759293645,eth0,368,Ethernet,IPv4,UDP,N/A,v4,0.0.0.0,255.255.255.255,68,67,N/A,N/A,N/A,N/A,,,0
1759293645,any,370,N/A,IPv4,UDP,N/A,v4,0.0.0.0,255.255.255.255,68,67,N/A,N/A,N/A,N/A,,,0
1759293645,eth1,110,Ethernet,IPv6,ICMP,N/A,v6,fe80::a824:52ff:fe4f:69,ff02::179,N/A,N/A,N/A,N/A,N/A,N/A,,,0
1759293645,any,112,N/A,IPv6,ICMP,N/A,v6,fe80::a824:52ff:fe4f:69,ff02::179,N/A,N/A,N/A,N/A,N/A,N/A,,,0
1759293645,eth0,54,Ethernet,IPv4,N/A,N/A,v4,172.30.0.220,224.0.0.22,N/A,N/A,N/A,N/A,N/A,N/A,,,0
1759293645,any,56,N/A,IPv4,N/A,N/A,v4,172.30.0.220,224.0.0.22,N/A,N/A,N/A,N/A,N/A,N/A,,,0
1759293645,eth0,110,Ethernet,IPv6,ICMP,N/A,v6,fe80::5ca9:83ff:fe87:27,ff02::179,N/A,N/A,N/A,N/A,N/A,N/A,,,0
1759293645,any,112,N/A,IPv6,ICMP,N/A,v6,fe80::5ca9:83ff:fe87:27,ff02::179,N/A,N/A,N/A,N/A,N/A,N/A,,,0
1759293645,eth0,42,Ethernet,N/A,N/A,N/A,N/A,N/A,N/A,N/A,N/A,N/A,N/A,N/A,N/A,,,0
1759293645,eth0,56,Ethernet,N/A,N/A,N/A,N/A,N/A,N/A,N/A,N/A,N/A,N/A,N/A,N/A,,,0
1759293645,eth0,56,Ethernet,N/A,N/A,N/A,N/A,N/A,N/A,N/A,N/A,N/A,N/A,N/A,N/A,,,0
1759293645,any,44,ARP,N/A,N/A,N/A,N/A,N/A,N/A,N/A,N/A,1,2048,172.30.0.220,172.30.0.122,,,0
1759293645,any,72,N/A,IPv6,ICMP,N/A,v6,fe80::780a:a9ff:fee6:89,ff02::204,N/A,N/A,N/A,N/A,N/A,N/A,,,1
1759293645,eth1,70,Ethernet,IPv6,ICMP,N/A,v6,fe80::780a:a9ff:fee6:89,ff02::204,N/A,N/A,N/A,N/A,N/A,N/A,,,1
1759293645,any,72,N/A,IPv6,ICMP,N/A,v6,fe80::b0b5:44ff:feea:219,ff02::204,N/A,N/A,N/A,N/A,N/A,N/A,,,1
1759293645,eth0,70,Ethernet,IPv6,ICMP,N/A,v6,fe80::b0b5:44ff:feea:219,ff02::204,N/A,N/A,N/A,N/A,N/A,N/A,,,1
1759293645,any,92,N/A,IPv6,ICMP,N/A,v6,fe80::b0b5:44ff:feea:219,ff02::179,N/A,N/A,N/A,N/A,N/A,N/A,,,1
1759293645,eth0,90,Ethernet,IPv6,ICMP,N/A,v6,fe80::b0b5:44ff:feea:219,ff02::179,N/A,N/A,N/A,N/A,N/A,N/A,,,1
1759293645,eth0,54,Ethernet,IPv4,N/A,N/A,v4,172.30.0.163,224.0.0.22,N/A,N/A,N/A,N/A,N/A,N/A,,,1
1759293645,eth0,68,Ethernet,IPv4,UDP,N/A,v4,172.30.0.163,224.0.0.252,5355,5355,N/A,N/A,N/A,N/A,,,1
1759293645,any,70,N/A,IPv4,UDP,N/A,v4,172.30.0.163,224.0.0.252,5355,5355,N/A,N/A,N/A,N/A,,,1
1759293645,eth0,357,Ethernet,IPv4,UDP,N/A,v4,0.0.0.0,255.255.255.255,68,67,N/A,N/A,N/A,N/A,,,1
1759293645,eth0,369,Ethernet,IPv4,UDP,N/A,v4,0.0.0.0,255.255.255.255,68,67,N/A,N/A,N/A,N/A,,,1
1759293645,any,359,N/A,IPv4,UDP,N/A,v4,0.0.0.0,255.255.255.255,68,67,N/A,N/A,N/A,N/A,,,1
1759293645,any,371,N/A,IPv4,UDP,N/A,v4,0.0.0.0,255.255.255.255,68,67,N/A,N/A,N/A,N/A,,,1
1759293645,any,112,N/A,IPv6,ICMP,N/A,v6,fe80::780a:a9ff:fee6:89,ff02::179,N/A,N/A,N/A,N/A,N/A,N/A,,,1
1759293645,eth1,110,Ethernet,IPv6,ICMP,N/A,v6,fe80::780a:a9ff:fee6:89,ff02::179,N/A,N/A,N/A,N/A,N/A,N/A,,,1
1759293645,any,112,N/A,IPv6,ICMP,N/A,v6,fe80::b0b5:44ff:feea:219,ff02::179,N/A,N/A,N/A,N/A,N/A,N/A,,,1
1759293645,eth0,110,Ethernet,IPv6,ICMP,N/A,v6,fe80::b0b5:44ff:feea:219,ff02::179,N/A,N/A,N/A,N/A,N/A,N/A,,,1
1759293645,eth0,54,Ethernet,IPv4,N/A,N/A,v4,172.30.0.163,224.0.0.22,N/A,N/A,N/A,N/A,N/A,N/A,,,1
1759293645,eth0,42,Ethernet,N/A,N/A,N/A,N/A,N/A,N/A,N/A,N/A,N/A,N/A,N/A,N/A,,,1
1759293645,any,44,ARP,N/A,N/A,N/A,N/A,N/A,N/A,N/A,N/A,1,2048,172.30.0.163,172.30.0.122,,,1
1759293645,any,112,N/A,IPv6,ICMP,N/A,v6,fe80::b0b5:44ff:feea:219,ff02::179,N/A,N/A,N/A,N/A,N/A,N/A,,,1
1759293645,eth0,110,Ethernet,IPv6,ICMP,N/A,v6,fe80::b0b5:44ff:feea:219,ff02::179,N/A,N/A,N/A,N/A,N/A,N/A,,,1
1759293645,eth0,111,Ethernet,N/A,N/A,N/A,N/A,N/A,N/A,N/A,N/A,N/A,N/A,N/A,N/A,,,1
1759293645,any,113,N/A,N/A,N/A,N/A,N/A,N/A,N/A,N/A,N/A,N/A,N/A,N/A,N/A,,,1
1759293645,any,58,ARP,N/A,N/A,N/A,N/A,N/A,N/A,N/A,N/A,2,2048,172.30.0.122,172.30.0.220,,,0
1759293645,any,72,N/A,IPv6,ICMP,N/A,v6,fe80::a824:52ff:fe4f:69,ff02::204,N/A,N/A,N/A,N/A,N/A,N/A,,,0
1759293645,eth1,70,Ethernet,IPv6,ICMP,N/A,v6,fe80::a824:52ff:fe4f:69,ff02::204,N/A,N/A,N/A,N/A,N/A,N/A,,,0
1759293645,eth0,70,Ethernet,IPv6,ICMP,N/A,v6,fe80::5ca9:83ff:fe87:27,ff02::204,N/A,N/A,N/A,N/A,N/A,N/A,,,0
1759293645,any,112,N/A,IPv6,ICMP,N/A,v6,fe80::a824:52ff:fe4f:69,ff02::179,N/A,N/A,N/A,N/A,N/A,N/A,,,0
1759293645,eth1,110,Ethernet,IPv6,ICMP,N/A,v6,fe80::a824:52ff:fe4f:69,ff02::179,N/A,N/A,N/A,N/A,N/A,N/A,,,0
1759293645,any,56,N/A,IPv4,N/A,N/A,v4,172.30.0.220,224.0.0.22,N/A,N/A,N/A,N/A,N/A,N/A,,,0
1759293645,eth0,54,Ethernet,IPv4,N/A,N/A,v4,172.30.0.220,224.0.0.22,N/A,N/A,N/A,N/A,N/A,N/A,,,0
1759293646,any,72,N/A,IPv6,ICMP,N/A,v6,fe80::780a:a9ff:fee6:89,ff02::204,N/A,N/A,N/A,N/A,N/A,N/A,,,1
1759293646,eth1,70,Ethernet,IPv6,ICMP,N/A,v6,fe80::780a:a9ff:fee6:89,ff02::204,N/A,N/A,N/A,N/A,N/A,N/A,,,1
1759293646,eth0,70,Ethernet,IPv6,ICMP,N/A,v6,fe80::b0b5:44ff:feea:219,ff02::204,N/A,N/A,N/A,N/A,N/A,N/A,,,1
1759293646,any,112,N/A,IPv6,ICMP,N/A,v6,fe80::780a:a9ff:fee6:89,ff02::179,N/A,N/A,N/A,N/A,N/A,N/A,,,1
1759293646,eth1,110,Ethernet,IPv6,ICMP,N/A,v6,fe80::780a:a9ff:fee6:89,ff02::179,N/A,N/A,N/A,N/A,N/A,N/A,,,1
1759293646,eth0,54,Ethernet,IPv4,N/A,N/A,v4,172.30.0.163,224.0.0.22,N/A,N/A,N/A,N/A,N/A,N/A,,,1
1759293646,any,56,N/A,IPv4,N/A,N/A,v4,172.30.0.163,224.0.0.22,N/A,N/A,N/A,N/A,N/A,N/A,,,1
1759293646,eth0,90,Ethernet,IPv6,ICMP,N/A,v6,fe80::e48e:99ff:fe5f:147,ff02::179,N/A,N/A,N/A,N/A,N/A,N/A,,,1
1759293646,eth0,54,Ethernet,IPv4,N/A,N/A,v4,172.30.0.220,224.0.0.22,N/A,N/A,N/A,N/A,N/A,N/A,,,1
1759293646,any,92,N/A,IPv6,ICMP,N/A,v6,fe80::e48e:99ff:fe5f:147,ff02::179,N/A,N/A,N/A,N/A,N/A,N/A,,,1
1759293646,eth0,71,Ethernet,IPv4,UDP,N/A,v4,172.30.0.220,224.0.0.252,5355,5355,N/A,N/A,N/A,N/A,,,1
1759293646,eth0,91,Ethernet,IPv6,UDP,N/A,v6,fe80::e48e:99ff:fe5f:147,ff02::1:52,5355,5355,N/A,N/A,N/A,N/A,,,1
1759293646,any,73,N/A,IPv4,UDP,N/A,v4,172.30.0.220,224.0.0.252,5355,5355,N/A,N/A,N/A,N/A,,,1
1759293646,eth0,110,Ethernet,IPv6,ICMP,N/A,v6,fe80::5ca9:83ff:fe87:27,ff02::179,N/A,N/A,N/A,N/A,N/A,N/A,,,0
1759293646,any,112,N/A,IPv6,ICMP,N/A,v6,fe80::5ca9:83ff:fe87:27,ff02::179,N/A,N/A,N/A,N/A,N/A,N/A,,,0
1759293646,any,109,N/A,N/A,N/A,N/A,N/A,N/A,N/A,N/A,N/A,N/A,N/A,N/A,N/A,,,0
1759293646,eth0,107,Ethernet,N/A,N/A,N/A,N/A,N/A,N/A,N/A,N/A,N/A,N/A,N/A,N/A,,,0
1759293647,eth0,360,Ethernet,IPv4,UDP,N/A,v4,0.0.0.0,255.255.255.255,68,67,N/A,N/A,N/A,N/A,,,1
1759293647,any,362,N/A,IPv4,UDP,N/A,v4,0.0.0.0,255.255.255.255,68,67,N/A,N/A,N/A,N/A,,,1
1759293647,eth0,372,Ethernet,IPv4,UDP,N/A,v4,0.0.0.0,255.255.255.255,68,67,N/A,N/A,N/A,N/A,,,1
1759293647,any,374,N/A,IPv4,UDP,N/A,v4,0.0.0.0,255.255.255.255,68,67,N/A,N/A,N/A,N/A,,,1
1759293647,eth2,110,Ethernet,IPv6,ICMP,N/A,v6,fe80::dcac:f9ff:fe59:60,ff02::179,N/A,N/A,N/A,N/A,N/A,N/A,,,1
1759293647,any,112,N/A,IPv6,ICMP,N/A,v6,fe80::dcac:f9ff:fe59:60,ff02::179,N/A,N/A,N/A,N/A,N/A,N/A,,,1
1759293647,eth1,110,Ethernet,IPv6,ICMP,N/A,v6,fe80::f056:abff:fe65:143,ff02::179,N/A,N/A,N/A,N/A,N/A,N/A,,,1
1759293647,any,112,N/A,IPv6,ICMP,N/A,v6,fe80::f056:abff:fe65:143,ff02::179,N/A,N/A,N/A,N/A,N/A,N/A,,,1
1759293647,any,112,N/A,IPv6,ICMP,N/A,v6,fe80::e48e:99ff:fe5f:147,ff02::179,N/A,N/A,N/A,N/A,N/A,N/A,,,1
1759293647,eth0,110,Ethernet,IPv6,ICMP,N/A,v6,fe80::e48e:99ff:fe5f:147,ff02::179,N/A,N/A,N/A,N/A,N/A,N/A,,,1
1759293647,eth0,54,Ethernet,IPv4,N/A,N/A,v4,172.30.0.220,224.0.0.22,N/A,N/A,N/A,N/A,N/A,N/A,,,1
1759293647,eth0,42,Ethernet,N/A,N/A,N/A,N/A,N/A,N/A,N/A,N/A,N/A,N/A,N/A,N/A,,,1
1759293647,any,44,ARP,N/A,N/A,N/A,N/A,N/A,N/A,N/A,N/A,1,2048,172.30.0.220,172.30.0.122,,,1
1759293647,any,58,ARP,N/A,N/A,N/A,N/A,N/A,N/A,N/A,N/A,2,2048,172.30.0.122,172.30.0.220,,,1
1759293647,any,58,ARP,N/A,N/A,N/A,N/A,N/A,N/A,N/A,N/A,2,2048,172.30.0.122,172.30.0.220,,,1
1759293647,eth0,56,Ethernet,N/A,N/A,N/A,N/A,N/A,N/A,N/A,N/A,N/A,N/A,N/A,N/A,,,1
1759293647,eth0,56,Ethernet,N/A,N/A,N/A,N/A,N/A,N/A,N/A,N/A,N/A,N/A,N/A,N/A,,,1
1759293647,any,112,N/A,IPv6,ICMP,N/A,v6,fe80::f056:abff:fe65:143,ff02::179,N/A,N/A,N/A,N/A,N/A,N/A,,,1
1759293647,eth1,110,Ethernet,IPv6,ICMP,N/A,v6,fe80::f056:abff:fe65:143,ff02::179,N/A,N/A,N/A,N/A,N/A,N/A,,,1
1759293647,any,72,N/A,IPv6,ICMP,N/A,v6,fe80::7827:e3ff:fe68:239,ff02::204,N/A,N/A,N/A,N/A,N/A,N/A,,,1
1759293647,eth1,70,Ethernet,IPv6,ICMP,N/A,v6,fe80::7827:e3ff:fe68:239,ff02::204,N/A,N/A,N/A,N/A,N/A,N/A,,,1
1759293647,any,72,N/A,IPv6,ICMP,N/A,v6,fe80::24f1:23ff:fe29:66,ff02::204,N/A,N/A,N/A,N/A,N/A,N/A,,,1
1759293647,eth0,70,Ethernet,IPv6,ICMP,N/A,v6,fe80::24f1:23ff:fe29:66,ff02::204,N/A,N/A,N/A,N/A,N/A,N/A,,,1
1759293647,any,112,N/A,IPv6,ICMP,N/A,v6,fe80::e48e:99ff:fe5f:147,ff02::179,N/A,N/A,N/A,N/A,N/A,N/A,,,1
1759293647,eth0,110,Ethernet,IPv6,ICMP,N/A,v6,fe80::e48e:99ff:fe5f:147,ff02::179,N/A,N/A,N/A,N/A,N/A,N/A,,,1
1759293647,any,92,N/A,IPv6,ICMP,N/A,v6,fe80::24f1:23ff:fe29:66,ff02::179,N/A,N/A,N/A,N/A,N/A,N/A,,,1
1759293647,eth0,90,Ethernet,IPv6,ICMP,N/A,v6,fe80::24f1:23ff:fe29:66,ff02::179,N/A,N/A,N/A,N/A,N/A,N/A,,,1
1759293647,eth0,54,Ethernet,IPv4,N/A,N/A,v4,172.30.0.23,224.0.0.22,N/A,N/A,N/A,N/A,N/A,N/A,,,1
1759293647,eth0,67,Ethernet,IPv4,UDP,N/A,v4,172.30.0.23,224.0.0.252,5355,5355,N/A,N/A,N/A,N/A,,,1
1759293647,any,69,N/A,IPv4,UDP,N/A,v4,172.30.0.23,224.0.0.252,5355,5355,N/A,N/A,N/A,N/A,,,1
1759293647,any,358,N/A,IPv4,UDP,N/A,v4,0.0.0.0,255.255.255.255,68,67,N/A,N/A,N/A,N/A,,,1
1759293647,eth0,356,Ethernet,IPv4,UDP,N/A,v4,0.0.0.0,255.255.255.255,68,67,N/A,N/A,N/A,N/A,,,1
1759293647,eth0,368,Ethernet,IPv4,UDP,N/A,v4,0.0.0.0,255.255.255.255,68,67,N/A,N/A,N/A,N/A,,,1
1759293647,any,370,N/A,IPv4,UDP,N/A,v4,0.0.0.0,255.255.255.255,68,67,N/A,N/A,N/A,N/A,,,1
1759293647,any,112,N/A,IPv6,ICMP,N/A,v6,fe80::7827:e3ff:fe68:239,ff02::179,N/A,N/A,N/A,N/A,N/A,N/A,,,1
1759293647,eth1,110,Ethernet,IPv6,ICMP,N/A,v6,fe80::7827:e3ff:fe68:239,ff02::179,N/A,N/A,N/A,N/A,N/A,N/A,,,1
1759293647,eth0,110,Ethernet,IPv6,ICMP,N/A,v6,fe80::24f1:23ff:fe29:66,ff02::179,N/A,N/A,N/A,N/A,N/A,N/A,,,1
1759293647,eth0,54,Ethernet,IPv4,N/A,N/A,v4,172.30.0.23,224.0.0.22,N/A,N/A,N/A,N/A,N/A,N/A,,,1
1759293647,any,112,N/A,IPv6,ICMP,N/A,v6,fe80::24f1:23ff:fe29:66,ff02::179,N/A,N/A,N/A,N/A,N/A,N/A,,,1
1759293647,eth0,42,Ethernet,N/A,N/A,N/A,N/A,N/A,N/A,N/A,N/A,N/A,N/A,N/A,N/A,,,1
1759293647,any,44,ARP,N/A,N/A,N/A,N/A,N/A,N/A,N/A,N/A,1,2048,172.30.0.23,172.30.0.122,,,1
1759293647,eth2,70,Ethernet,IPv6,ICMP,N/A,v6,fe80::dcac:f9ff:fe59:60,ff02::204,N/A,N/A,N/A,N/A,N/A,N/A,,,1
1759293647,any,72,N/A,IPv6,ICMP,N/A,v6,fe80::dcac:f9ff:fe59:60,ff02::204,N/A,N/A,N/A,N/A,N/A,N/A,,,1
1759293647,eth0,70,Ethernet,IPv6,ICMP,N/A,v6,fe80::e48e:99ff:fe5f:147,ff02::204,N/A,N/A,N/A,N/A,N/A,N/A,,,1
1759293647,any,72,N/A,IPv6,ICMP,N/A,v6,fe80::e48e:99ff:fe5f:147,ff02::204,N/A,N/A,N/A,N/A,N/A,N/A,,,1
1759293647,eth1,70,Ethernet,IPv6,ICMP,N/A,v6,fe80::f056:abff:fe65:143,ff02::204,N/A,N/A,N/A,N/A,N/A,N/A,,,1
1759293647,any,72,N/A,IPv6,ICMP,N/A,v6,fe80::f056:abff:fe65:143,ff02::204,N/A,N/A,N/A,N/A,N/A,N/A,,,1
1759293647,any,112,N/A,IPv6,ICMP,N/A,v6,fe80::dcac:f9ff:fe59:60,ff02::179,N/A,N/A,N/A,N/A,N/A,N/A,,,1
1759293647,eth2,110,Ethernet,IPv6,ICMP,N/A,v6,fe80::dcac:f9ff:fe59:60,ff02::179,N/A,N/A,N/A,N/A,N/A,N/A,,,1
1759293647,eth0,54,Ethernet,IPv4,N/A,N/A,v4,172.30.0.23,224.0.0.22,N/A,N/A,N/A,N/A,N/A,N/A,,,1
1759293647,any,56,N/A,IPv4,N/A,N/A,v4,172.30.0.23,224.0.0.22,N/A,N/A,N/A,N/A,N/A,N/A,,,1
1759293647,eth0,90,Ethernet,IPv6,ICMP,N/A,v6,fe80::ecf9:eff:fefb:55,ff02::179,N/A,N/A,N/A,N/A,N/A,N/A,,,1
1759293647,eth0,56,Ethernet,IPv4,N/A,N/A,v4,172.30.0.89,224.0.0.22,N/A,N/A,N/A,N/A,N/A,N/A,,,1
1759293647,any,92,N/A,IPv6,ICMP,N/A,v6,fe80::ecf9:eff:fefb:55,ff02::179,N/A,N/A,N/A,N/A,N/A,N/A,,,1
1759293647,any,58,N/A,IPv4,N/A,N/A,v4,172.30.0.89,224.0.0.22,N/A,N/A,N/A,N/A,N/A,N/A,,,1
1759293647,any,56,N/A,IPv4,N/A,N/A,v4,172.30.0.220,224.0.0.22,N/A,N/A,N/A,N/A,N/A,N/A,,,1
1759293647,eth0,54,Ethernet,IPv4,N/A,N/A,v4,172.30.0.220,224.0.0.22,N/A,N/A,N/A,N/A,N/A,N/A,,,1
1759293647,eth0,107,Ethernet,N/A,N/A,N/A,N/A,N/A,N/A,N/A,N/A,N/A,N/A,N/A,N/A,,,0
1759293647,any,109,N/A,N/A,N/A,N/A,N/A,N/A,N/A,N/A,N/A,N/A,N/A,N/A,N/A,,,0
1759293648,any,89,N/A,IPv6,UDP,N/A,v6,fe80::ecf9:eff:fefb:55,ff02::1:52,5355,5355,N/A,N/A,N/A,N/A,,,1
1759293648,eth0,87,Ethernet,IPv6,UDP,N/A,v6,fe80::ecf9:eff:fefb:55,ff02::1:52,5355,5355,N/A,N/A,N/A,N/A,,,1
1759293648,any,358,N/A,IPv4,UDP,N/A,v4,0.0.0.0,255.255.255.255,68,67,N/A,N/A,N/A,N/A,,,1
1759293648,eth0,356,Ethernet,IPv4,UDP,N/A,v4,0.0.0.0,255.255.255.255,68,67,N/A,N/A,N/A,N/A,,,1
1759293648,eth0,368,Ethernet,IPv4,UDP,N/A,v4,0.0.0.0,255.255.255.255,68,67,N/A,N/A,N/A,N/A,,,1
1759293648,any,370,N/A,IPv4,UDP,N/A,v4,0.0.0.0,255.255.255.255,68,67,N/A,N/A,N/A,N/A,,,1
1759293648,any,112,N/A,IPv6,ICMP,N/A,v6,fe80::103b:bdff:fef0:169,ff02::179,N/A,N/A,N/A,N/A,N/A,N/A,,,1
1759293648,eth1,110,Ethernet,IPv6,ICMP,N/A,v6,fe80::103b:bdff:fef0:169,ff02::179,N/A,N/A,N/A,N/A,N/A,N/A,,,1
1759293648,any,58,ARP,N/A,N/A,N/A,N/A,N/A,N/A,N/A,N/A,1,2048,172.30.0.89,172.30.0.122,,,1
1759293648,eth0,56,Ethernet,N/A,N/A,N/A,N/A,N/A,N/A,N/A,N/A,N/A,N/A,N/A,N/A,,,1
1759293648,any,112,N/A,IPv6,ICMP,N/A,v6,fe80::ecf9:eff:fefb:55,ff02::179,N/A,N/A,N/A,N/A,N/A,N/A,,,1
1759293648,eth0,110,Ethernet,IPv6,ICMP,N/A,v6,fe80::ecf9:eff:fefb:55,ff02::179,N/A,N/A,N/A,N/A,N/A,N/A,,,1
1759293648,eth0,56,Ethernet,IPv4,N/A,N/A,v4,172.30.0.89,224.0.0.22,N/A,N/A,N/A,N/A,N/A,N/A,,,1
1759293648,any,112,N/A,IPv6,ICMP,N/A,v6,fe80::7827:e3ff:fe68:239,ff02::179,N/A,N/A,N/A,N/A,N/A,N/A,,,1
1759293648,eth1,110,Ethernet,IPv6,ICMP,N/A,v6,fe80::7827:e3ff:fe68:239,ff02::179,N/A,N/A,N/A,N/A,N/A,N/A,,,1
1759293648,any,112,N/A,IPv6,ICMP,N/A,v6,fe80::103b:bdff:fef0:169,ff02::179,N/A,N/A,N/A,N/A,N/A,N/A,,,1
1759293648,eth0,107,Ethernet,N/A,N/A,N/A,N/A,N/A,N/A,N/A,N/A,N/A,N/A,N/A,N/A,,,0
1759293648,eth1,110,Ethernet,IPv6,ICMP,N/A,v6,fe80::103b:bdff:fef0:169,ff02::179,N/A,N/A,N/A,N/A,N/A,N/A,,,1
1759293648,eth0,111,Ethernet,N/A,N/A,N/A,N/A,N/A,N/A,N/A,N/A,N/A,N/A,N/A,N/A,,,1
1759293648,any,113,N/A,N/A,N/A,N/A,N/A,N/A,N/A,N/A,N/A,N/A,N/A,N/A,N/A,,,1
1759293648,any,112,N/A,IPv6,ICMP,N/A,v6,fe80::ecf9:eff:fefb:55,ff02::179,N/A,N/A,N/A,N/A,N/A,N/A,,,1
1759293648,eth0,110,Ethernet,IPv6,ICMP,N/A,v6,fe80::ecf9:eff:fefb:55,ff02::179,N/A,N/A,N/A,N/A,N/A,N/A,,,1
1759293648,eth0,110,Ethernet,IPv6,ICMP,N/A,v6,fe80::24f1:23ff:fe29:66,ff02::179,N/A,N/A,N/A,N/A,N/A,N/A,,,1
1759293648,any,112,N/A,IPv6,ICMP,N/A,v6,fe80::24f1:23ff:fe29:66,ff02::179,N/A,N/A,N/A,N/A,N/A,N/A,,,1
1759293648,eth0,70,Ethernet,IPv6,ICMP,N/A,v6,fe80::24f1:23ff:fe29:66,ff02::204,N/A,N/A,N/A,N/A,N/A,N/A,,,1
1759293648,eth1,70,Ethernet,IPv6,ICMP,N/A,v6,fe80::7827:e3ff:fe68:239,ff02::204,N/A,N/A,N/A,N/A,N/A,N/A,,,1
1759293648,any,72,N/A,IPv6,ICMP,N/A,v6,fe80::24f1:23ff:fe29:66,ff02::204,N/A,N/A,N/A,N/A,N/A,N/A,,,1
1759293648,eth0,56,Ethernet,IPv4,N/A,N/A,v4,172.30.0.89,224.0.0.22,N/A,N/A,N/A,N/A,N/A,N/A,,,1
1759293648,any,58,N/A,IPv4,N/A,N/A,v4,172.30.0.89,224.0.0.22,N/A,N/A,N/A,N/A,N/A,N/A,,,1
1759293649,eth0,90,Ethernet,IPv6,ICMP,N/A,v6,fe80::5ca9:83ff:fe87:27,ff02::179,N/A,N/A,N/A,N/A,N/A,N/A,,,0
1759293649,eth0,54,Ethernet,IPv4,N/A,N/A,v4,172.30.0.220,224.0.0.22,N/A,N/A,N/A,N/A,N/A,N/A,,,0
1759293649,any,92,N/A,IPv6,ICMP,N/A,v6,fe80::5ca9:83ff:fe87:27,ff02::179,N/A,N/A,N/A,N/A,N/A,N/A,,,0
1759293649,eth0,356,Ethernet,IPv4,UDP,N/A,v4,0.0.0.0,255.255.255.255,68,67,N/A,N/A,N/A,N/A,,,0
1759293649,any,358,N/A,IPv4,UDP,N/A,v4,0.0.0.0,255.255.255.255,68,67,N/A,N/A,N/A,N/A,,,0
1759293649,eth0,368,Ethernet,IPv4,UDP,N/A,v4,0.0.0.0,255.255.255.255,68,67,N/A,N/A,N/A,N/A,,,0
1759293649,any,370,N/A,IPv4,UDP,N/A,v4,0.0.0.0,255.255.255.255,68,67,N/A,N/A,N/A,N/A,,,0
1759293649,eth1,110,Ethernet,IPv6,ICMP,N/A,v6,fe80::a824:52ff:fe4f:69,ff02::179,N/A,N/A,N/A,N/A,N/A,N/A,,,0
1759293649,any,56,N/A,IPv4,N/A,N/A,v4,172.30.0.220,224.0.0.22,N/A,N/A,N/A,N/A,N/A,N/A,,,0
1759293649,eth0,54,Ethernet,IPv4,N/A,N/A,v4,172.30.0.220,224.0.0.22,N/A,N/A,N/A,N/A,N/A,N/A,,,0
1759293649,eth1,70,Ethernet,IPv6,ICMP,N/A,v6,fe80::103b:bdff:fef0:169,ff02::204,N/A,N/A,N/A,N/A,N/A,N/A,,,1
1759293649,any,72,N/A,IPv6,ICMP,N/A,v6,fe80::ecf9:eff:fefb:55,ff02::204,N/A,N/A,N/A,N/A,N/A,N/A,,,1
1759293649,any,72,N/A,IPv6,ICMP,N/A,v6,fe80::103b:bdff:fef0:169,ff02::204,N/A,N/A,N/A,N/A,N/A,N/A,,,1
1759293649,eth0,70,Ethernet,IPv6,ICMP,N/A,v6,fe80::ecf9:eff:fefb:55,ff02::204,N/A,N/A,N/A,N/A,N/A,N/A,,,1
1759293649,any,113,N/A,N/A,N/A,N/A,N/A,N/A,N/A,N/A,N/A,N/A,N/A,N/A,N/A,,,1
1759293649,eth0,111,Ethernet,N/A,N/A,N/A,N/A,N/A,N/A,N/A,N/A,N/A,N/A,N/A,N/A,,,1
1759293649,eth0,90,Ethernet,IPv6,ICMP,N/A,v6,fe80::b0b5:44ff:feea:219,ff02::179,N/A,N/A,N/A,N/A,N/A,N/A,,,1
1759293649,eth0,54,Ethernet,IPv4,N/A,N/A,v4,172.30.0.163,224.0.0.22,N/A,N/A,N/A,N/A,N/A,N/A,,,1
1759293649,any,92,N/A,IPv6,ICMP,N/A,v6,fe80::b0b5:44ff:feea:219,ff02::179,N/A,N/A,N/A,N/A,N/A,N/A,,,1
1759293649,any,56,N/A,IPv4,N/A,N/A,v4,172.30.0.163,224.0.0.22,N/A,N/A,N/A,N/A,N/A,N/A,,,1
1759293649,any,90,N/A,IPv6,UDP,N/A,v6,fe80::b0b5:44ff:feea:219,ff02::1:52,5355,5355,N/A,N/A,N/A,N/A,,,1
1759293649,eth0,88,Ethernet,IPv6,UDP,N/A,v6,fe80::b0b5:44ff:feea:219,ff02::1:52,5355,5355,N/A,N/A,N/A,N/A,,,1
1759293649,any,359,N/A,IPv4,UDP,N/A,v4,0.0.0.0,255.255.255.255,68,67,N/A,N/A,N/A,N/A,,,1
1759293649,any,371,N/A,IPv4,UDP,N/A,v4,0.0.0.0,255.255.255.255,68,67,N/A,N/A,N/A,N/A,,,1
1759293649,eth0,357,Ethernet,IPv4,UDP,N/A,v4,0.0.0.0,255.255.255.255,68,67,N/A,N/A,N/A,N/A,,,1
1759293649,eth0,369,Ethernet,IPv4,UDP,N/A,v4,0.0.0.0,255.255.255.255,68,67,N/A,N/A,N/A,N/A,,,1
1759293649,eth1,110,Ethernet,IPv6,ICMP,N/A,v6,fe80::780a:a9ff:fee6:89,ff02::179,N/A,N/A,N/A,N/A,N/A,N/A,,,1
1759293649,any,112,N/A,IPv6,ICMP,N/A,v6,fe80::780a:a9ff:fee6:89,ff02::179,N/A,N/A,N/A,N/A,N/A,N/A,,,1
1759293649,eth0,110,Ethernet,IPv6,ICMP,N/A,v6,fe80::b0b5:44ff:feea:219,ff02::179,N/A,N/A,N/A,N/A,N/A,N/A,,,1
1759293649,eth0,54,Ethernet,IPv4,N/A,N/A,v4,172.30.0.163,224.0.0.22,N/A,N/A,N/A,N/A,N/A,N/A,,,1
1759293649,any,112,N/A,IPv6,ICMP,N/A,v6,fe80::b0b5:44ff:feea:219,ff02::179,N/A,N/A,N/A,N/A,N/A,N/A,,,1
1759293649,eth0,42,Ethernet,N/A,N/A,N/A,N/A,N/A,N/A,N/A,N/A,N/A,N/A,N/A,N/A,,,0
1759293649,eth0,56,Ethernet,N/A,N/A,N/A,N/A,N/A,N/A,N/A,N/A,N/A,N/A,N/A,N/A,,,0
1759293649,eth0,56,Ethernet,N/A,N/A,N/A,N/A,N/A,N/A,N/A,N/A,N/A,N/A,N/A,N/A,,,0
1759293649,eth0,110,Ethernet,IPv6,ICMP,N/A,v6,fe80::5ca9:83ff:fe87:27,ff02::179,N/A,N/A,N/A,N/A,N/A,N/A,,,0
1759293649,any,44,ARP,N/A,N/A,N/A,N/A,N/A,N/A,N/A,N/A,1,2048,172.30.0.220,172.30.0.122,,,0
1759293649,any,58,ARP,N/A,N/A,N/A,N/A,N/A,N/A,N/A,N/A,2,2048,172.30.0.122,172.30.0.220,,,0
1759293649,any,112,N/A,IPv6,ICMP,N/A,v6,fe80::5ca9:83ff:fe87:27,ff02::179,N/A,N/A,N/A,N/A,N/A,N/A,,,0
1759293649,eth0,110,Ethernet,IPv6,ICMP,N/A,v6,fe80::5ca9:83ff:fe87:27,ff02::179,N/A,N/A,N/A,N/A,N/A,N/A,,,0
1759293649,any,112,N/A,IPv6,ICMP,N/A,v6,fe80::5ca9:83ff:fe87:27,ff02::179,N/A,N/A,N/A,N/A,N/A,N/A,,,0
1759293650,eth1,110,Ethernet,IPv6,ICMP,N/A,v6,fe80::780a:a9ff:fee6:89,ff02::179,N/A,N/A,N/A,N/A,N/A,N/A,,,1
1759293650,any,112,N/A,IPv6,ICMP,N/A,v6,fe80::780a:a9ff:fee6:89,ff02::179,N/A,N/A,N/A,N/A,N/A,N/A,,,1
1759293650,any,112,N/A,IPv6,ICMP,N/A,v6,fe80::b0b5:44ff:feea:219,ff02::179,N/A,N/A,N/A,N/A,N/A,N/A,,,1
1759293650,eth0,110,Ethernet,IPv6,ICMP,N/A,v6,fe80::b0b5:44ff:feea:219,ff02::179,N/A,N/A,N/A,N/A,N/A,N/A,,,1
1759293650,eth0,111,Ethernet,N/A,N/A,N/A,N/A,N/A,N/A,N/A,N/A,N/A,N/A,N/A,N/A,,,1
1759293650,any,113,N/A,N/A,N/A,N/A,N/A,N/A,N/A,N/A,N/A,N/A,N/A,N/A,N/A,,,1
1759293650,any,56,N/A,IPv4,N/A,N/A,v4,172.30.0.163,224.0.0.22,N/A,N/A,N/A,N/A,N/A,N/A,,,1
1759293650,eth0,54,Ethernet,IPv4,N/A,N/A,v4,172.30.0.163,224.0.0.22,N/A,N/A,N/A,N/A,N/A,N/A,,,1
1759293650,eth0,42,Ethernet,N/A,N/A,N/A,N/A,N/A,N/A,N/A,N/A,N/A,N/A,N/A,N/A,,,1
1759293650,any,44,ARP,N/A,N/A,N/A,N/A,N/A,N/A,N/A,N/A,1,2048,172.30.0.163,172.30.0.122,,,1
1759293650,eth0,70,Ethernet,IPv6,ICMP,N/A,v6,fe80::b0b5:44ff:feea:219,ff02::204,N/A,N/A,N/A,N/A,N/A,N/A,,,1
1759293650,any,72,N/A,IPv6,ICMP,N/A,v6,fe80::b0b5:44ff:feea:219,ff02::204,N/A,N/A,N/A,N/A,N/A,N/A,,,1
1759293650,any,72,N/A,IPv6,ICMP,N/A,v6,fe80::780a:a9ff:fee6:89,ff02::204,N/A,N/A,N/A,N/A,N/A,N/A,,,1
1759293650,eth1,70,Ethernet,IPv6,ICMP,N/A,v6,fe80::780a:a9ff:fee6:89,ff02::204,N/A,N/A,N/A,N/A,N/A,N/A,,,1
1759293650,any,112,N/A,IPv6,ICMP,N/A,v6,fe80::a824:52ff:fe4f:69,ff02::179,N/A,N/A,N/A,N/A,N/A,N/A,,,0
1759293650,eth1,110,Ethernet,IPv6,ICMP,N/A,v6,fe80::a824:52ff:fe4f:69,ff02::179,N/A,N/A,N/A,N/A,N/A,N/A,,,0
1759293650,eth0,54,Ethernet,IPv4,N/A,N/A,v4,172.30.0.220,224.0.0.22,N/A,N/A,N/A,N/A,N/A,N/A,,,0
1759293650,any,56,N/A,IPv4,N/A,N/A,v4,172.30.0.220,224.0.0.22,N/A,N/A,N/A,N/A,N/A,N/A,,,0
1759293650,eth0,107,Ethernet,N/A,N/A,N/A,N/A,N/A,N/A,N/A,N/A,N/A,N/A,N/A,N/A,,,0
1759293650,eth0,70,Ethernet,IPv6,ICMP,N/A,v6,fe80::5ca9:83ff:fe87:27,ff02::204,N/A,N/A,N/A,N/A,N/A,N/A,,,0
1759293650,any,72,N/A,IPv6,ICMP,N/A,v6,fe80::a824:52ff:fe4f:69,ff02::204,N/A,N/A,N/A,N/A,N/A,N/A,,,0
1759293650,eth1,70,Ethernet,IPv6,ICMP,N/A,v6,fe80::a824:52ff:fe4f:69,ff02::204,N/A,N/A,N/A,N/A,N/A,N/A,,,0
1759293651,eth1,70,Ethernet,IPv6,ICMP,N/A,v6,fe80::f056:abff:fe65:143,ff02::204,N/A,N/A,N/A,N/A,N/A,N/A,,,1
1759293651,any,72,N/A,IPv6,ICMP,N/A,v6,fe80::f056:abff:fe65:143,ff02::204,N/A,N/A,N/A,N/A,N/A,N/A,,,1
1759293651,any,113,N/A,N/A,N/A,N/A,N/A,N/A,N/A,N/A,N/A,N/A,N/A,N/A,N/A,,,1
1759293651,eth0,111,Ethernet,N/A,N/A,N/A,N/A,N/A,N/A,N/A,N/A,N/A,N/A,N/A,N/A,,,1
1759293651,eth0,70,Ethernet,IPv6,ICMP,N/A,v6,fe80::e48e:99ff:fe5f:147,ff02::204,N/A,N/A,N/A,N/A,N/A,N/A,,,1
1759293651,eth0,90,Ethernet,IPv6,ICMP,N/A,v6,fe80::24f1:23ff:fe29:66,ff02::179,N/A,N/A,N/A,N/A,N/A,N/A,,,1
1759293651,eth0,54,Ethernet,IPv4,N/A,N/A,v4,172.30.0.23,224.0.0.22,N/A,N/A,N/A,N/A,N/A,N/A,,,1
1759293651,any,92,N/A,IPv6,ICMP,N/A,v6,fe80::24f1:23ff:fe29:66,ff02::179,N/A,N/A,N/A,N/A,N/A,N/A,,,1
1759293651,eth0,67,Ethernet,IPv4,UDP,N/A,v4,172.30.0.23,224.0.0.252,5355,5355,N/A,N/A,N/A,N/A,,,1
1759293651,any,69,N/A,IPv4,UDP,N/A,v4,172.30.0.23,224.0.0.252,5355,5355,N/A,N/A,N/A,N/A,,,1
1759293651,eth0,356,Ethernet,IPv4,UDP,N/A,v4,0.0.0.0,255.255.255.255,68,67,N/A,N/A,N/A,N/A,,,1
1759293651,any,358,N/A,IPv4,UDP,N/A,v4,0.0.0.0,255.255.255.255,68,67,N/A,N/A,N/A,N/A,,,1
1759293651,any,370,N/A,IPv4,UDP,N/A,v4,0.0.0.0,255.255.255.255,68,67,N/A,N/A,N/A,N/A,,,1
1759293651,eth0,368,Ethernet,IPv4,UDP,N/A,v4,0.0.0.0,255.255.255.255,68,67,N/A,N/A,N/A,N/A,,,1
1759293651,any,112,N/A,IPv6,ICMP,N/A,v6,fe80::7827:e3ff:fe68:239,ff02::179,N/A,N/A,N/A,N/A,N/A,N/A,,,1
1759293651,eth1,110,Ethernet,IPv6,ICMP,N/A,v6,fe80::7827:e3ff:fe68:239,ff02::179,N/A,N/A,N/A,N/A,N/A,N/A,,,1
1759293651,any,112,N/A,IPv6,ICMP,N/A,v6,fe80::24f1:23ff:fe29:66,ff02::179,N/A,N/A,N/A,N/A,N/A,N/A,,,1
1759293651,eth0,110,Ethernet,IPv6,ICMP,N/A,v6,fe80::24f1:23ff:fe29:66,ff02::179,N/A,N/A,N/A,N/A,N/A,N/A,,,1
1759293651,eth0,54,Ethernet,IPv4,N/A,N/A,v4,172.30.0.23,224.0.0.22,N/A,N/A,N/A,N/A,N/A,N/A,,,1
1759293651,eth0,42,Ethernet,N/A,N/A,N/A,N/A,N/A,N/A,N/A,N/A,N/A,N/A,N/A,N/A,,,1
1759293651,any,44,ARP,N/A,N/A,N/A,N/A,N/A,N/A,N/A,N/A,1,2048,172.30.0.23,172.30.0.122,,,1
1759293651,any,72,N/A,IPv6,ICMP,N/A,v6,fe80::dcac:f9ff:fe59:60,ff02::204,N/A,N/A,N/A,N/A,N/A,N/A,,,1
1759293651,eth2,70,Ethernet,IPv6,ICMP,N/A,v6,fe80::dcac:f9ff:fe59:60,ff02::204,N/A,N/A,N/A,N/A,N/A,N/A,,,1
1759293651,any,112,N/A,IPv6,ICMP,N/A,v6,fe80::7827:e3ff:fe68:239,ff02::179,N/A,N/A,N/A,N/A,N/A,N/A,,,1
1759293651,eth1,110,Ethernet,IPv6,ICMP,N/A,v6,fe80::7827:e3ff:fe68:239,ff02::179,N/A,N/A,N/A,N/A,N/A,N/A,,,1
1759293651,eth0,107,Ethernet,N/A,N/A,N/A,N/A,N/A,N/A,N/A,N/A,N/A,N/A,N/A,N/A,,,0
1759293651,any,109,N/A,N/A,N/A,N/A,N/A,N/A,N/A,N/A,N/A,N/A,N/A,N/A,N/A,,,0
1759293652,eth0,90,Ethernet,IPv6,ICMP,N/A,v6,fe80::e48e:99ff:fe5f:147,ff02::179,N/A,N/A,N/A,N/A,N/A,N/A,,,1
1759293652,eth0,54,Ethernet,IPv4,N/A,N/A,v4,172.30.0.220,224.0.0.22,N/A,N/A,N/A,N/A,N/A,N/A,,,1
1759293652,any,92,N/A,IPv6,ICMP,N/A,v6,fe80::e48e:99ff:fe5f:147,ff02::179,N/A,N/A,N/A,N/A,N/A,N/A,,,1
1759293652,eth0,360,Ethernet,IPv4,UDP,N/A,v4,0.0.0.0,255.255.255.255,68,67,N/A,N/A,N/A,N/A,,,1
1759293652,any,362,N/A,IPv4,UDP,N/A,v4,0.0.0.0,255.255.255.255,68,67,N/A,N/A,N/A,N/A,,,1
1759293652,eth0,372,Ethernet,IPv4,UDP,N/A,v4,0.0.0.0,255.255.255.255,68,67,N/A,N/A,N/A,N/A,,,1
1759293652,any,374,N/A,IPv4,UDP,N/A,v4,0.0.0.0,255.255.255.255,68,67,N/A,N/A,N/A,N/A,,,1
1759293652,any,112,N/A,IPv6,ICMP,N/A,v6,fe80::dcac:f9ff:fe59:60,ff02::179,N/A,N/A,N/A,N/A,N/A,N/A,,,1
1759293652,eth2,110,Ethernet,IPv6,ICMP,N/A,v6,fe80::dcac:f9ff:fe59:60,ff02::179,N/A,N/A,N/A,N/A,N/A,N/A,,,1
1759293652,eth0,42,Ethernet,N/A,N/A,N/A,N/A,N/A,N/A,N/A,N/A,N/A,N/A,N/A,N/A,,,1
1759293652,any,112,N/A,IPv6,ICMP,N/A,v6,fe80::f056:abff:fe65:143,ff02::179,N/A,N/A,N/A,N/A,N/A,N/A,,,1
1759293652,eth1,110,Ethernet,IPv6,ICMP,N/A,v6,fe80::f056:abff:fe65:143,ff02::179,N/A,N/A,N/A,N/A,N/A,N/A,,,1
1759293652,eth0,56,Ethernet,N/A,N/A,N/A,N/A,N/A,N/A,N/A,N/A,N/A,N/A,N/A,N/A,,,1
1759293652,eth0,56,Ethernet,N/A,N/A,N/A,N/A,N/A,N/A,N/A,N/A,N/A,N/A,N/A,N/A,,,1
1759293652,any,58,ARP,N/A,N/A,N/A,N/A,N/A,N/A,N/A,N/A,2,2048,172.30.0.122,172.30.0.220,,,1
1759293652,eth0,110,Ethernet,IPv6,ICMP,N/A,v6,fe80::e48e:99ff:fe5f:147,ff02::179,N/A,N/A,N/A,N/A,N/A,N/A,,,1
1759293652,eth0,54,Ethernet,IPv4,N/A,N/A,v4,172.30.0.220,224.0.0.22,N/A,N/A,N/A,N/A,N/A,N/A,,,1
1759293652,any,112,N/A,IPv6,ICMP,N/A,v6,fe80::e48e:99ff:fe5f:147,ff02::179,N/A,N/A,N/A,N/A,N/A,N/A,,,1
1759293652,any,112,N/A,IPv6,ICMP,N/A,v6,fe80::e48e:99ff:fe5f:147,ff02::179,N/A,N/A,N/A,N/A,N/A,N/A,,,1
1759293652,eth0,110,Ethernet,IPv6,ICMP,N/A,v6,fe80::e48e:99ff:fe5f:147,ff02::179,N/A,N/A,N/A,N/A,N/A,N/A,,,1
1759293652,eth0,110,Ethernet,IPv6,ICMP,N/A,v6,fe80::24f1:23ff:fe29:66,ff02::179,N/A,N/A,N/A,N/A,N/A,N/A,,,1
1759293652,any,112,N/A,IPv6,ICMP,N/A,v6,fe80::24f1:23ff:fe29:66,ff02::179,N/A,N/A,N/A,N/A,N/A,N/A,,,1
1759293652,eth0,54,Ethernet,IPv4,N/A,N/A,v4,172.30.0.23,224.0.0.22,N/A,N/A,N/A,N/A,N/A,N/A,,,1
1759293652,any,56,N/A,IPv4,N/A,N/A,v4,172.30.0.23,224.0.0.22,N/A,N/A,N/A,N/A,N/A,N/A,,,1
1759293652,any,72,N/A,IPv6,ICMP,N/A,v6,fe80::dcac:f9ff:fe59:60,ff02::204,N/A,N/A,N/A,N/A,N/A,N/A,,,1
1759293652,eth2,70,Ethernet,IPv6,ICMP,N/A,v6,fe80::dcac:f9ff:fe59:60,ff02::204,N/A,N/A,N/A,N/A,N/A,N/A,,,1
1759293652,eth1,70,Ethernet,IPv6,ICMP,N/A,v6,fe80::f056:abff:fe65:143,ff02::204,N/A,N/A,N/A,N/A,N/A,N/A,,,1
1759293652,eth0,70,Ethernet,IPv6,ICMP,N/A,v6,fe80::e48e:99ff:fe5f:147,ff02::204,N/A,N/A,N/A,N/A,N/A,N/A,,,1
1759293652,any,112,N/A,IPv6,ICMP,N/A,v6,fe80::f056:abff:fe65:143,ff02::179,N/A,N/A,N/A,N/A,N/A,N/A,,,1
1759293652,eth1,110,Ethernet,IPv6,ICMP,N/A,v6,fe80::f056:abff:fe65:143,ff02::179,N/A,N/A,N/A,N/A,N/A,N/A,,,1
1759293652,any,56,N/A,IPv4,N/A,N/A,v4,172.30.0.220,224.0.0.22,N/A,N/A,N/A,N/A,N/A,N/A,,,1
1759293652,eth0,54,Ethernet,IPv4,N/A,N/A,v4,172.30.0.220,224.0.0.22,N/A,N/A,N/A,N/A,N/A,N/A,,,1
1759293652,eth2,110,Ethernet,IPv6,ICMP,N/A,v6,fe80::dcac:f9ff:fe59:60,ff02::179,N/A,N/A,N/A,N/A,N/A,N/A,,,1
1759293652,any,109,N/A,N/A,N/A,N/A,N/A,N/A,N/A,N/A,N/A,N/A,N/A,N/A,N/A,,,0
1759293652,eth0,107,Ethernet,N/A,N/A,N/A,N/A,N/A,N/A,N/A,N/A,N/A,N/A,N/A,N/A,,,0
1759293653,eth1,70,Ethernet,IPv6,ICMP,N/A,v6,fe80::7827:e3ff:fe68:239,ff02::204,N/A,N/A,N/A,N/A,N/A,N/A,,,1
1759293653,any,72,N/A,IPv6,ICMP,N/A,v6,fe80::24f1:23ff:fe29:66,ff02::204,N/A,N/A,N/A,N/A,N/A,N/A,,,1
1759293653,any,72,N/A,IPv6,ICMP,N/A,v6,fe80::7827:e3ff:fe68:239,ff02::204,N/A,N/A,N/A,N/A,N/A,N/A,,,1
1759293653,eth0,70,Ethernet,IPv6,ICMP,N/A,v6,fe80::24f1:23ff:fe29:66,ff02::204,N/A,N/A,N/A,N/A,N/A,N/A,,,1
1759293653,eth0,90,Ethernet,IPv6,ICMP,N/A,v6,fe80::ecf9:eff:fefb:55,ff02::179,N/A,N/A,N/A,N/A,N/A,N/A,,,1
1759293653,any,92,N/A,IPv6,ICMP,N/A,v6,fe80::ecf9:eff:fefb:55,ff02::179,N/A,N/A,N/A,N/A,N/A,N/A,,,1
1759293653,any,58,N/A,IPv4,N/A,N/A,v4,172.30.0.89,224.0.0.22,N/A,N/A,N/A,N/A,N/A,N/A,,,1
1759293653,eth0,56,Ethernet,IPv4,N/A,N/A,v4,172.30.0.89,224.0.0.22,N/A,N/A,N/A,N/A,N/A,N/A,,,1
1759293653,any,69,N/A,IPv4,UDP,N/A,v4,172.30.0.89,224.0.0.252,5355,5355,N/A,N/A,N/A,N/A,,,1
1759293653,eth0,67,Ethernet,IPv4,UDP,N/A,v4,172.30.0.89,224.0.0.252,5355,5355,N/A,N/A,N/A,N/A,,,1
1759293653,eth0,87,Ethernet,IPv6,UDP,N/A,v6,fe80::ecf9:eff:fefb:55,ff02::1:52,5355,5355,N/A,N/A,N/A,N/A,,,1
1759293653,eth0,356,Ethernet,IPv4,UDP,N/A,v4,0.0.0.0,255.255.255.255,68,67,N/A,N/A,N/A,N/A,,,1
1759293653,any,358,N/A,IPv4,UDP,N/A,v4,0.0.0.0,255.255.255.255,68,67,N/A,N/A,N/A,N/A,,,1
1759293653,any,370,N/A,IPv4,UDP,N/A,v4,0.0.0.0,255.255.255.255,68,67,N/A,N/A,N/A,N/A,,,1
1759293653,eth0,368,Ethernet,IPv4,UDP,N/A,v4,0.0.0.0,255.255.255.255,68,67,N/A,N/A,N/A,N/A,,,1
1759293653,any,112,N/A,IPv6,ICMP,N/A,v6,fe80::103b:bdff:fef0:169,ff02::179,N/A,N/A,N/A,N/A,N/A,N/A,,,1
1759293653,eth1,110,Ethernet,IPv6,ICMP,N/A,v6,fe80::103b:bdff:fef0:169,ff02::179,N/A,N/A,N/A,N/A,N/A,N/A,,,1
1759293653,any,112,N/A,IPv6,ICMP,N/A,v6,fe80::ecf9:eff:fefb:55,ff02::179,N/A,N/A,N/A,N/A,N/A,N/A,,,1
1759293653,eth0,110,Ethernet,IPv6,ICMP,N/A,v6,fe80::ecf9:eff:fefb:55,ff02::179,N/A,N/A,N/A,N/A,N/A,N/A,,,1
1759293653,eth0,56,Ethernet,IPv4,N/A,N/A,v4,172.30.0.89,224.0.0.22,N/A,N/A,N/A,N/A,N/A,N/A,,,1
1759293653,eth0,107,Ethernet,N/A,N/A,N/A,N/A,N/A,N/A,N/A,N/A,N/A,N/A,N/A,N/A,,,0
1759293653,any,109,N/A,N/A,N/A,N/A,N/A,N/A,N/A,N/A,N/A,N/A,N/A,N/A,N/A,,,0
1759293653,eth0,56,Ethernet,N/A,N/A,N/A,N/A,N/A,N/A,N/A,N/A,N/A,N/A,N/A,N/A,,,1
1759293653,any,58,ARP,N/A,N/A,N/A,N/A,N/A,N/A,N/A,N/A,1,2048,172.30.0.89,172.30.0.122,,,1
1759293653,eth0,111,Ethernet,N/A,N/A,N/A,N/A,N/A,N/A,N/A,N/A,N/A,N/A,N/A,N/A,,,1
1759293653,any,113,N/A,N/A,N/A,N/A,N/A,N/A,N/A,N/A,N/A,N/A,N/A,N/A,N/A,,,1
1759293653,eth0,110,Ethernet,IPv6,ICMP,N/A,v6,fe80::ecf9:eff:fefb:55,ff02::179,N/A,N/A,N/A,N/A,N/A,N/A,,,1
1759293653,eth1,110,Ethernet,IPv6,ICMP,N/A,v6,fe80::103b:bdff:fef0:169,ff02::179,N/A,N/A,N/A,N/A,N/A,N/A,,,1
1759293653,any,112,N/A,IPv6,ICMP,N/A,v6,fe80::103b:bdff:fef0:169,ff02::179,N/A,N/A,N/A,N/A,N/A,N/A,,,1
1759293653,eth0,56,Ethernet,IPv4,N/A,N/A,v4,172.30.0.89,224.0.0.22,N/A,N/A,N/A,N/A,N/A,N/A,,,1
1759293653,any,58,N/A,IPv4,N/A,N/A,v4,172.30.0.89,224.0.0.22,N/A,N/A,N/A,N/A,N/A,N/A,,,1
1759293654,eth0,90,Ethernet,IPv6,ICMP,N/A,v6,fe80::5ca9:83ff:fe87:27,ff02::179,N/A,N/A,N/A,N/A,N/A,N/A,,,0
1759293654,eth0,54,Ethernet,IPv4,N/A,N/A,v4,172.30.0.220,224.0.0.22,N/A,N/A,N/A,N/A,N/A,N/A,,,0
1759293654,any,92,N/A,IPv6,ICMP,N/A,v6,fe80::5ca9:83ff:fe87:27,ff02::179,N/A,N/A,N/A,N/A,N/A,N/A,,,0
1759293654,eth0,356,Ethernet,IPv4,UDP,N/A,v4,0.0.0.0,255.255.255.255,68,67,N/A,N/A,N/A,N/A,,,0
1759293654,any,358,N/A,IPv4,UDP,N/A,v4,0.0.0.0,255.255.255.255,68,67,N/A,N/A,N/A,N/A,,,0
1759293654,eth0,368,Ethernet,IPv4,UDP,N/A,v4,0.0.0.0,255.255.255.255,68,67,N/A,N/A,N/A,N/A,,,0
1759293654,any,370,N/A,IPv4,UDP,N/A,v4,0.0.0.0,255.255.255.255,68,67,N/A,N/A,N/A,N/A,,,0
1759293654,any,112,N/A,IPv6,ICMP,N/A,v6,fe80::a824:52ff:fe4f:69,ff02::179,N/A,N/A,N/A,N/A,N/A,N/A,,,0
1759293654,eth1,110,Ethernet,IPv6,ICMP,N/A,v6,fe80::a824:52ff:fe4f:69,ff02::179,N/A,N/A,N/A,N/A,N/A,N/A,,,0
1759293654,eth0,54,Ethernet,IPv4,N/A,N/A,v4,172.30.0.220,224.0.0.22,N/A,N/A,N/A,N/A,N/A,N/A,,,0
1759293654,eth0,42,Ethernet,N/A,N/A,N/A,N/A,N/A,N/A,N/A,N/A,N/A,N/A,N/A,N/A,,,0
1759293654,any,56,N/A,IPv4,N/A,N/A,v4,172.30.0.220,224.0.0.22,N/A,N/A,N/A,N/A,N/A,N/A,,,0
1759293654,eth0,56,Ethernet,N/A,N/A,N/A,N/A,N/A,N/A,N/A,N/A,N/A,N/A,N/A,N/A,,,0
1759293654,eth0,56,Ethernet,N/A,N/A,N/A,N/A,N/A,N/A,N/A,N/A,N/A,N/A,N/A,N/A,,,0
1759293654,any,58,ARP,N/A,N/A,N/A,N/A,N/A,N/A,N/A,N/A,2,2048,172.30.0.122,172.30.0.220,,,0
1759293654,any,58,ARP,N/A,N/A,N/A,N/A,N/A,N/A,N/A,N/A,2,2048,172.30.0.122,172.30.0.220,,,0
1759293654,eth0,110,Ethernet,IPv6,ICMP,N/A,v6,fe80::5ca9:83ff:fe87:27,ff02::179,N/A,N/A,N/A,N/A,N/A,N/A,,,0
1759293654,any,112,N/A,IPv6,ICMP,N/A,v6,fe80::5ca9:83ff:fe87:27,ff02::179,N/A,N/A,N/A,N/A,N/A,N/A,,,0
1759293654,any,112,N/A,IPv6,ICMP,N/A,v6,fe80::a824:52ff:fe4f:69,ff02::179,N/A,N/A,N/A,N/A,N/A,N/A,,,0
1759293654,eth1,110,Ethernet,IPv6,ICMP,N/A,v6,fe80::a824:52ff:fe4f:69,ff02::179,N/A,N/A,N/A,N/A,N/A,N/A,,,0
1759293654,any,56,N/A,IPv4,N/A,N/A,v4,172.30.0.220,224.0.0.22,N/A,N/A,N/A,N/A,N/A,N/A,,,0
1759293654,eth0,54,Ethernet,IPv4,N/A,N/A,v4,172.30.0.220,224.0.0.22,N/A,N/A,N/A,N/A,N/A,N/A,,,0
1759293654,eth0,111,Ethernet,N/A,N/A,N/A,N/A,N/A,N/A,N/A,N/A,N/A,N/A,N/A,N/A,,,1
1759293654,any,113,N/A,N/A,N/A,N/A,N/A,N/A,N/A,N/A,N/A,N/A,N/A,N/A,N/A,,,1
1759293654,any,72,N/A,IPv6,ICMP,N/A,v6,fe80::ecf9:eff:fefb:55,ff02::204,N/A,N/A,N/A,N/A,N/A,N/A,,,1
1759293654,eth0,70,Ethernet,IPv6,ICMP,N/A,v6,fe80::ecf9:eff:fefb:55,ff02::204,N/A,N/A,N/A,N/A,N/A,N/A,,,1
1759293654,any,72,N/A,IPv6,ICMP,N/A,v6,fe80::103b:bdff:fef0:169,ff02::204,N/A,N/A,N/A,N/A,N/A,N/A,,,1
1759293654,eth1,70,Ethernet,IPv6,ICMP,N/A,v6,fe80::103b:bdff:fef0:169,ff02::204,N/A,N/A,N/A,N/A,N/A,N/A,,,1
1759293654,eth0,70,Ethernet,IPv6,ICMP,N/A,v6,fe80::b0b5:44ff:feea:219,ff02::204,N/A,N/A,N/A,N/A,N/A,N/A,,,1
1759293654,any,72,N/A,IPv6,ICMP,N/A,v6,fe80::b0b5:44ff:feea:219,ff02::204,N/A,N/A,N/A,N/A,N/A,N/A,,,1
1759293655,eth0,110,Ethernet,IPv6,ICMP,N/A,v6,fe80::5ca9:83ff:fe87:27,ff02::179,N/A,N/A,N/A,N/A,N/A,N/A,,,0
1759293655,any,112,N/A,IPv6,ICMP,N/A,v6,fe80::5ca9:83ff:fe87:27,ff02::179,N/A,N/A,N/A,N/A,N/A,N/A,,,0
1759293655,eth0,107,Ethernet,N/A,N/A,N/A,N/A,N/A,N/A,N/A,N/A,N/A,N/A,N/A,N/A,,,0
1759293655,eth0,70,Ethernet,IPv6,ICMP,N/A,v6,fe80::5ca9:83ff:fe87:27,ff02::204,N/A,N/A,N/A,N/A,N/A,N/A,,,0
1759293655,any,72,N/A,IPv6,ICMP,N/A,v6,fe80::a824:52ff:fe4f:69,ff02::204,N/A,N/A,N/A,N/A,N/A,N/A,,,0
1759293655,any,92,N/A,IPv6,ICMP,N/A,v6,fe80::b0b5:44ff:feea:219,ff02::179,N/A,N/A,N/A,N/A,N/A,N/A,,,1
1759293655,eth0,90,Ethernet,IPv6,ICMP,N/A,v6,fe80::b0b5:44ff:feea:219,ff02::179,N/A,N/A,N/A,N/A,N/A,N/A,,,1
1759293655,eth0,54,Ethernet,IPv4,N/A,N/A,v4,172.30.0.163,224.0.0.22,N/A,N/A,N/A,N/A,N/A,N/A,,,1
1759293655,eth0,88,Ethernet,IPv6,UDP,N/A,v6,fe80::b0b5:44ff:feea:219,ff02::1:52,5355,5355,N/A,N/A,N/A,N/A,,,1
1759293655,any,90,N/A,IPv6,UDP,N/A,v6,fe80::b0b5:44ff:feea:219,ff02::1:52,5355,5355,N/A,N/A,N/A,N/A,,,1
1759293655,any,359,N/A,IPv4,UDP,N/A,v4,0.0.0.0,255.255.255.255,68,67,N/A,N/A,N/A,N/A,,,1
1759293655,eth0,357,Ethernet,IPv4,UDP,N/A,v4,0.0.0.0,255.255.255.255,68,67,N/A,N/A,N/A,N/A,,,1
1759293655,eth0,369,Ethernet,IPv4,UDP,N/A,v4,0.0.0.0,255.255.255.255,68,67,N/A,N/A,N/A,N/A,,,1
1759293655,any,371,N/A,IPv4,UDP,N/A,v4,0.0.0.0,255.255.255.255,68,67,N/A,N/A,N/A,N/A,,,1
1759293655,any,112,N/A,IPv6,ICMP,N/A,v6,fe80::780a:a9ff:fee6:89,ff02::179,N/A,N/A,N/A,N/A,N/A,N/A,,,1
1759293655,eth1,110,Ethernet,IPv6,ICMP,N/A,v6,fe80::780a:a9ff:fee6:89,ff02::179,N/A,N/A,N/A,N/A,N/A,N/A,,,1
1759293655,eth0,110,Ethernet,IPv6,ICMP,N/A,v6,fe80::b0b5:44ff:feea:219,ff02::179,N/A,N/A,N/A,N/A,N/A,N/A,,,1
1759293655,eth0,54,Ethernet,IPv4,N/A,N/A,v4,172.30.0.163,224.0.0.22,N/A,N/A,N/A,N/A,N/A,N/A,,,1
1759293655,any,112,N/A,IPv6,ICMP,N/A,v6,fe80::b0b5:44ff:feea:219,ff02::179,N/A,N/A,N/A,N/A,N/A,N/A,,,1
1759293655,any,44,ARP,N/A,N/A,N/A,N/A,N/A,N/A,N/A,N/A,1,2048,172.30.0.163,172.30.0.122,,,1
1759293655,eth0,42,Ethernet,N/A,N/A,N/A,N/A,N/A,N/A,N/A,N/A,N/A,N/A,N/A,N/A,,,1
1759293655,eth0,111,Ethernet,N/A,N/A,N/A,N/A,N/A,N/A,N/A,N/A,N/A,N/A,N/A,N/A,,,1
1759293655,any,113,N/A,N/A,N/A,N/A,N/A,N/A,N/A,N/A,N/A,N/A,N/A,N/A,N/A,,,1
1759293655,any,112,N/A,IPv6,ICMP,N/A,v6,fe80::b0b5:44ff:feea:219,ff02::179,N/A,N/A,N/A,N/A,N/A,N/A,,,1
1759293655,eth0,110,Ethernet,IPv6,ICMP,N/A,v6,fe80::b0b5:44ff:feea:219,ff02::179,N/A,N/A,N/A,N/A,N/A,N/A,,,1
1759293655,eth0,54,Ethernet,IPv4,N/A,N/A,v4,172.30.0.163,224.0.0.22,N/A,N/A,N/A,N/A,N/A,N/A,,,1
1759293655,any,56,N/A,IPv4,N/A,N/A,v4,172.30.0.163,224.0.0.22,N/A,N/A,N/A,N/A,N/A,N/A,,,1
1759293655,any,112,N/A,IPv6,ICMP,N/A,v6,fe80::780a:a9ff:fee6:89,ff02::179,N/A,N/A,N/A,N/A,N/A,N/A,,,1
1759293655,eth1,110,Ethernet,IPv6,ICMP,N/A,v6,fe80::780a:a9ff:fee6:89,ff02::179,N/A,N/A,N/A,N/A,N/A,N/A,,,1
1759293655,eth1,70,Ethernet,IPv6,ICMP,N/A,v6,fe80::a824:52ff:fe4f:69,ff02::204,N/A,N/A,N/A,N/A,N/A,N/A,,,0
1759293656,any,72,N/A,IPv6,ICMP,N/A,v6,fe80::780a:a9ff:fee6:89,ff02::204,N/A,N/A,N/A,N/A,N/A,N/A,,,1
1759293656,eth1,70,Ethernet,IPv6,ICMP,N/A,v6,fe80::780a:a9ff:fee6:89,ff02::204,N/A,N/A,N/A,N/A,N/A,N/A,,,1
1759293656,eth0,70,Ethernet,IPv6,ICMP,N/A,v6,fe80::b0b5:44ff:feea:219,ff02::204,N/A,N/A,N/A,N/A,N/A,N/A,,,1
1759293656,eth0,90,Ethernet,IPv6,ICMP,N/A,v6,fe80::e48e:99ff:fe5f:147,ff02::179,N/A,N/A,N/A,N/A,N/A,N/A,,,1
1759293656,eth0,54,Ethernet,IPv4,N/A,N/A,v4,172.30.0.220,224.0.0.22,N/A,N/A,N/A,N/A,N/A,N/A,,,1
1759293656,any,92,N/A,IPv6,ICMP,N/A,v6,fe80::e48e:99ff:fe5f:147,ff02::179,N/A,N/A,N/A,N/A,N/A,N/A,,,1
1759293656,eth0,360,Ethernet,IPv4,UDP,N/A,v4,0.0.0.0,255.255.255.255,68,67,N/A,N/A,N/A,N/A,,,1
1759293656,any,362,N/A,IPv4,UDP,N/A,v4,0.0.0.0,255.255.255.255,68,67,N/A,N/A,N/A,N/A,,,1
1759293656,eth0,372,Ethernet,IPv4,UDP,N/A,v4,0.0.0.0,255.255.255.255,68,67,N/A,N/A,N/A,N/A,,,1
1759293656,eth0,54,Ethernet,IPv4,N/A,N/A,v4,172.30.0.220,224.0.0.22,N/A,N/A,N/A,N/A,N/A,N/A,,,1
1759293656,eth0,110,Ethernet,IPv6,ICMP,N/A,v6,fe80::e48e:99ff:fe5f:147,ff02::179,N/A,N/A,N/A,N/A,N/A,N/A,,,1
1759293656,eth0,54,Ethernet,IPv4,N/A,N/A,v4,172.30.0.220,224.0.0.22,N/A,N/A,N/A,N/A,N/A,N/A,,,1
1759293656,eth0,42,Ethernet,N/A,N/A,N/A,N/A,N/A,N/A,N/A,N/A,N/A,N/A,N/A,N/A,,,1
1759293656,eth0,56,Ethernet,N/A,N/A,N/A,N/A,N/A,N/A,N/A,N/A,N/A,N/A,N/A,N/A,,,1
1759293656,eth0,56,Ethernet,N/A,N/A,N/A,N/A,N/A,N/A,N/A,N/A,N/A,N/A,N/A,N/A,,,1
1759293656,any,374,N/A,IPv4,UDP,N/A,v4,0.0.0.0,255.255.255.255,68,67,N/A,N/A,N/A,N/A,,,1
1759293656,any,112,N/A,IPv6,ICMP,N/A,v6,fe80::dcac:f9ff:fe59:60,ff02::179,N/A,N/A,N/A,N/A,N/A,N/A,,,1
1759293656,any,56,N/A,IPv4,N/A,N/A,v4,172.30.0.220,224.0.0.22,N/A,N/A,N/A,N/A,N/A,N/A,,,1
1759293656,any,56,N/A,IPv4,N/A,N/A,v4,172.30.0.220,224.0.0.22,N/A,N/A,N/A,N/A,N/A,N/A,,,1
1759293656,any,112,N/A,IPv6,ICMP,N/A,v6,fe80::f056:abff:fe65:143,ff02::179,N/A,N/A,N/A,N/A,N/A,N/A,,,1
1759293656,any,44,ARP,N/A,N/A,N/A,N/A,N/A,N/A,N/A,N/A,1,2048,172.30.0.220,172.30.0.122,,,1
1759293656,any,58,ARP,N/A,N/A,N/A,N/A,N/A,N/A,N/A,N/A,2,2048,172.30.0.122,172.30.0.220,,,1
1759293656,eth2,110,Ethernet,IPv6,ICMP,N/A,v6,fe80::dcac:f9ff:fe59:60,ff02::179,N/A,N/A,N/A,N/A,N/A,N/A,,,1
1759293656,eth1,110,Ethernet,IPv6,ICMP,N/A,v6,fe80::f056:abff:fe65:143,ff02::179,N/A,N/A,N/A,N/A,N/A,N/A,,,1
1759293656,eth1,110,Ethernet,IPv6,ICMP,N/A,v6,fe80::f056:abff:fe65:143,ff02::179,N/A,N/A,N/A,N/A,N/A,N/A,,,1
1759293656,any,112,N/A,IPv6,ICMP,N/A,v6,fe80::e48e:99ff:fe5f:147,ff02::179,N/A,N/A,N/A,N/A,N/A,N/A,,,1
1759293656,eth0,110,Ethernet,IPv6,ICMP,N/A,v6,fe80::e48e:99ff:fe5f:147,ff02::179,N/A,N/A,N/A,N/A,N/A,N/A,,,1
1759293656,eth0,90,Ethernet,IPv6,ICMP,N/A,v6,fe80::24f1:23ff:fe29:66,ff02::179,N/A,N/A,N/A,N/A,N/A,N/A,,,1
1759293656,eth0,54,Ethernet,IPv4,N/A,N/A,v4,172.30.0.23,224.0.0.22,N/A,N/A,N/A,N/A,N/A,N/A,,,1
1759293656,any,92,N/A,IPv6,ICMP,N/A,v6,fe80::24f1:23ff:fe29:66,ff02::179,N/A,N/A,N/A,N/A,N/A,N/A,,,1
1759293656,any,358,N/A,IPv4,UDP,N/A,v4,0.0.0.0,255.255.255.255,68,67,N/A,N/A,N/A,N/A,,,1
1759293656,eth0,356,Ethernet,IPv4,UDP,N/A,v4,0.0.0.0,255.255.255.255,68,67,N/A,N/A,N/A,N/A,,,1
1759293656,eth0,368,Ethernet,IPv4,UDP,N/A,v4,0.0.0.0,255.255.255.255,68,67,N/A,N/A,N/A,N/A,,,1
1759293656,any,370,N/A,IPv4,UDP,N/A,v4,0.0.0.0,255.255.255.255,68,67,N/A,N/A,N/A,N/A,,,1
1759293656,any,112,N/A,IPv6,ICMP,N/A,v6,fe80::7827:e3ff:fe68:239,ff02::179,N/A,N/A,N/A,N/A,N/A,N/A,,,1
1759293656,eth1,110,Ethernet,IPv6,ICMP,N/A,v6,fe80::7827:e3ff:fe68:239,ff02::179,N/A,N/A,N/A,N/A,N/A,N/A,,,1
1759293656,eth0,54,Ethernet,IPv4,N/A,N/A,v4,172.30.0.23,224.0.0.22,N/A,N/A,N/A,N/A,N/A,N/A,,,1
1759293656,any,56,N/A,IPv4,N/A,N/A,v4,172.30.0.23,224.0.0.22,N/A,N/A,N/A,N/A,N/A,N/A,,,1
1759293656,any,112,N/A,IPv6,ICMP,N/A,v6,fe80::24f1:23ff:fe29:66,ff02::179,N/A,N/A,N/A,N/A,N/A,N/A,,,1
1759293656,eth0,110,Ethernet,IPv6,ICMP,N/A,v6,fe80::24f1:23ff:fe29:66,ff02::179,N/A,N/A,N/A,N/A,N/A,N/A,,,1
1759293656,eth0,42,Ethernet,N/A,N/A,N/A,N/A,N/A,N/A,N/A,N/A,N/A,N/A,N/A,N/A,,,1
1759293656,any,44,ARP,N/A,N/A,N/A,N/A,N/A,N/A,N/A,N/A,1,2048,172.30.0.23,172.30.0.122,,,1
1759293656,eth0,110,Ethernet,IPv6,ICMP,N/A,v6,fe80::24f1:23ff:fe29:66,ff02::179,N/A,N/A,N/A,N/A,N/A,N/A,,,1
1759293656,any,112,N/A,IPv6,ICMP,N/A,v6,fe80::24f1:23ff:fe29:66,ff02::179,N/A,N/A,N/A,N/A,N/A,N/A,,,1
1759293656,any,112,N/A,IPv6,ICMP,N/A,v6,fe80::7827:e3ff:fe68:239,ff02::179,N/A,N/A,N/A,N/A,N/A,N/A,,,1
1759293656,eth1,110,Ethernet,IPv6,ICMP,N/A,v6,fe80::7827:e3ff:fe68:239,ff02::179,N/A,N/A,N/A,N/A,N/A,N/A,,,1
1759293656,any,112,N/A,IPv6,ICMP,N/A,v6,fe80::dcac:f9ff:fe59:60,ff02::179,N/A,N/A,N/A,N/A,N/A,N/A,,,1
1759293656,eth2,110,Ethernet,IPv6,ICMP,N/A,v6,fe80::dcac:f9ff:fe59:60,ff02::179,N/A,N/A,N/A,N/A,N/A,N/A,,,1
1759293656,any,109,N/A,N/A,N/A,N/A,N/A,N/A,N/A,N/A,N/A,N/A,N/A,N/A,N/A,,,0
1759293656,eth0,107,Ethernet,N/A,N/A,N/A,N/A,N/A,N/A,N/A,N/A,N/A,N/A,N/A,N/A,,,0
1759293657,eth1,70,Ethernet,IPv6,ICMP,N/A,v6,fe80::f056:abff:fe65:143,ff02::204,N/A,N/A,N/A,N/A,N/A,N/A,,,1
1759293657,eth2,70,Ethernet,IPv6,ICMP,N/A,v6,fe80::dcac:f9ff:fe59:60,ff02::204,N/A,N/A,N/A,N/A,N/A,N/A,,,1
1759293657,any,72,N/A,IPv6,ICMP,N/A,v6,fe80::dcac:f9ff:fe59:60,ff02::204,N/A,N/A,N/A,N/A,N/A,N/A,,,1
1759293657,any,113,N/A,N/A,N/A,N/A,N/A,N/A,N/A,N/A,N/A,N/A,N/A,N/A,N/A,,,1
1759293657,any,72,N/A,IPv6,ICMP,N/A,v6,fe80::e48e:99ff:fe5f:147,ff02::204,N/A,N/A,N/A,N/A,N/A,N/A,,,1
1759293657,any,72,N/A,IPv6,ICMP,N/A,v6,fe80::f056:abff:fe65:143,ff02::204,N/A,N/A,N/A,N/A,N/A,N/A,,,1
1759293657,eth0,111,Ethernet,N/A,N/A,N/A,N/A,N/A,N/A,N/A,N/A,N/A,N/A,N/A,N/A,,,1
1759293657,eth0,70,Ethernet,IPv6,ICMP,N/A,v6,fe80::e48e:99ff:fe5f:147,ff02::204,N/A,N/A,N/A,N/A,N/A,N/A,,,1
1759293657,eth0,90,Ethernet,IPv6,ICMP,N/A,v6,fe80::ecf9:eff:fefb:55,ff02::179,N/A,N/A,N/A,N/A,N/A,N/A,,,1
1759293657,eth0,56,Ethernet,IPv4,N/A,N/A,v4,172.30.0.89,224.0.0.22,N/A,N/A,N/A,N/A,N/A,N/A,,,1
1759293657,any,92,N/A,IPv6,ICMP,N/A,v6,fe80::ecf9:eff:fefb:55,ff02::179,N/A,N/A,N/A,N/A,N/A,N/A,,,1
1759293657,any,58,N/A,IPv4,N/A,N/A,v4,172.30.0.89,224.0.0.22,N/A,N/A,N/A,N/A,N/A,N/A,,,1
1759293657,eth0,67,Ethernet,IPv4,UDP,N/A,v4,172.30.0.89,224.0.0.252,5355,5355,N/A,N/A,N/A,N/A,,,1
1759293657,any,69,N/A,IPv4,UDP,N/A,v4,172.30.0.89,224.0.0.252,5355,5355,N/A,N/A,N/A,N/A,,,1
1759293657,any,89,N/A,IPv6,UDP,N/A,v6,fe80::ecf9:eff:fefb:55,ff02::1:52,5355,5355,N/A,N/A,N/A,N/A,,,1
1759293657,eth0,87,Ethernet,IPv6,UDP,N/A,v6,fe80::ecf9:eff:fefb:55,ff02::1:52,5355,5355,N/A,N/A,N/A,N/A,,,1
1759293657,any,358,N/A,IPv4,UDP,N/A,v4,0.0.0.0,255.255.255.255,68,67,N/A,N/A,N/A,N/A,,,1
1759293657,eth0,356,Ethernet,IPv4,UDP,N/A,v4,0.0.0.0,255.255.255.255,68,67,N/A,N/A,N/A,N/A,,,1
1759293657,any,370,N/A,IPv4,UDP,N/A,v4,0.0.0.0,255.255.255.255,68,67,N/A,N/A,N/A,N/A,,,1
1759293657,eth0,368,Ethernet,IPv4,UDP,N/A,v4,0.0.0.0,255.255.255.255,68,67,N/A,N/A,N/A,N/A,,,1
1759293657,any,112,N/A,IPv6,ICMP,N/A,v6,fe80::103b:bdff:fef0:169,ff02::179,N/A,N/A,N/A,N/A,N/A,N/A,,,1
1759293657,eth1,110,Ethernet,IPv6,ICMP,N/A,v6,fe80::103b:bdff:fef0:169,ff02::179,N/A,N/A,N/A,N/A,N/A,N/A,,,1
1759293657,any,112,N/A,IPv6,ICMP,N/A,v6,fe80::ecf9:eff:fefb:55,ff02::179,N/A,N/A,N/A,N/A,N/A,N/A,,,1
1759293657,any,58,N/A,IPv4,N/A,N/A,v4,172.30.0.89,224.0.0.22,N/A,N/A,N/A,N/A,N/A,N/A,,,1
1759293657,eth0,110,Ethernet,IPv6,ICMP,N/A,v6,fe80::ecf9:eff:fefb:55,ff02::179,N/A,N/A,N/A,N/A,N/A,N/A,,,1
1759293657,eth0,56,Ethernet,IPv4,N/A,N/A,v4,172.30.0.89,224.0.0.22,N/A,N/A,N/A,N/A,N/A,N/A,,,1
1759293657,any,112,N/A,IPv6,ICMP,N/A,v6,fe80::103b:bdff:fef0:169,ff02::179,N/A,N/A,N/A,N/A,N/A,N/A,,,1
1759293657,eth1,110,Ethernet,IPv6,ICMP,N/A,v6,fe80::103b:bdff:fef0:169,ff02::179,N/A,N/A,N/A,N/A,N/A,N/A,,,1
1759293657,eth0,56,Ethernet,N/A,N/A,N/A,N/A,N/A,N/A,N/A,N/A,N/A,N/A,N/A,N/A,,,1
1759293657,any,58,ARP,N/A,N/A,N/A,N/A,N/A,N/A,N/A,N/A,1,2048,172.30.0.89,172.30.0.122,,,1
1759293657,any,56,N/A,IPv4,N/A,N/A,v4,172.30.0.23,224.0.0.22,N/A,N/A,N/A,N/A,N/A,N/A,,,1
1759293657,eth0,54,Ethernet,IPv4,N/A,N/A,v4,172.30.0.23,224.0.0.22,N/A,N/A,N/A,N/A,N/A,N/A,,,1
1759293657,eth0,56,Ethernet,IPv4,N/A,N/A,v4,172.30.0.89,224.0.0.22,N/A,N/A,N/A,N/A,N/A,N/A,,,1
1759293657,any,58,N/A,IPv4,N/A,N/A,v4,172.30.0.89,224.0.0.22,N/A,N/A,N/A,N/A,N/A,N/A,,,1
1759293657,eth1,70,Ethernet,IPv6,ICMP,N/A,v6,fe80::7827:e3ff:fe68:239,ff02::204,N/A,N/A,N/A,N/A,N/A,N/A,,,1
1759293657,eth0,70,Ethernet,IPv6,ICMP,N/A,v6,fe80::24f1:23ff:fe29:66,ff02::204,N/A,N/A,N/A,N/A,N/A,N/A,,,1
1759293657,eth0,107,Ethernet,N/A,N/A,N/A,N/A,N/A,N/A,N/A,N/A,N/A,N/A,N/A,N/A,,,0
1759293657,any,109,N/A,N/A,N/A,N/A,N/A,N/A,N/A,N/A,N/A,N/A,N/A,N/A,N/A,,,0
1759293657,any,72,N/A,IPv6,ICMP,N/A,v6,fe80::24f1:23ff:fe29:66,ff02::204,N/A,N/A,N/A,N/A,N/A,N/A,,,1
1759293657,any,72,N/A,IPv6,ICMP,N/A,v6,fe80::7827:e3ff:fe68:239,ff02::204,N/A,N/A,N/A,N/A,N/A,N/A,,,1
1759293658,eth0,87,Ethernet,IPv6,UDP,N/A,v6,fe80::5ca9:83ff:fe87:27,ff02::1:52,5355,5355,N/A,N/A,N/A,N/A,,,0
1759293658,any,89,N/A,IPv6,UDP,N/A,v6,fe80::5ca9:83ff:fe87:27,ff02::1:52,5355,5355,N/A,N/A,N/A,N/A,,,0
1759293658,eth0,356,Ethernet,IPv4,UDP,N/A,v4,0.0.0.0,255.255.255.255,68,67,N/A,N/A,N/A,N/A,,,0
1759293658,any,358,N/A,IPv4,UDP,N/A,v4,0.0.0.0,255.255.255.255,68,67,N/A,N/A,N/A,N/A,,,0
1759293658,eth0,368,Ethernet,IPv4,UDP,N/A,v4,0.0.0.0,255.255.255.255,68,67,N/A,N/A,N/A,N/A,,,0
1759293658,any,370,N/A,IPv4,UDP,N/A,v4,0.0.0.0,255.255.255.255,68,67,N/A,N/A,N/A,N/A,,,0
1759293658,eth1,110,Ethernet,IPv6,ICMP,N/A,v6,fe80::a824:52ff:fe4f:69,ff02::179,N/A,N/A,N/A,N/A,N/A,N/A,,,0
1759293658,any,56,N/A,IPv4,N/A,N/A,v4,172.30.0.220,224.0.0.22,N/A,N/A,N/A,N/A,N/A,N/A,,,0
1759293658,eth0,54,Ethernet,IPv4,N/A,N/A,v4,172.30.0.220,224.0.0.22,N/A,N/A,N/A,N/A,N/A,N/A,,,0
1759293658,any,112,N/A,IPv6,ICMP,N/A,v6,fe80::5ca9:83ff:fe87:27,ff02::179,N/A,N/A,N/A,N/A,N/A,N/A,,,0
1759293658,eth0,110,Ethernet,IPv6,ICMP,N/A,v6,fe80::5ca9:83ff:fe87:27,ff02::179,N/A,N/A,N/A,N/A,N/A,N/A,,,0
1759293658,eth0,42,Ethernet,N/A,N/A,N/A,N/A,N/A,N/A,N/A,N/A,N/A,N/A,N/A,N/A,,,0
1759293658,any,44,ARP,N/A,N/A,N/A,N/A,N/A,N/A,N/A,N/A,1,2048,172.30.0.220,172.30.0.122,,,0
1759293658,eth0,56,Ethernet,N/A,N/A,N/A,N/A,N/A,N/A,N/A,N/A,N/A,N/A,N/A,N/A,,,0
1759293658,eth0,56,Ethernet,N/A,N/A,N/A,N/A,N/A,N/A,N/A,N/A,N/A,N/A,N/A,N/A,,,0
1759293658,any,58,ARP,N/A,N/A,N/A,N/A,N/A,N/A,N/A,N/A,2,2048,172.30.0.122,172.30.0.220,,,0
1759293658,any,58,ARP,N/A,N/A,N/A,N/A,N/A,N/A,N/A,N/A,2,2048,172.30.0.122,172.30.0.220,,,0
1759293658,any,56,N/A,IPv4,N/A,N/A,v4,172.30.0.220,224.0.0.22,N/A,N/A,N/A,N/A,N/A,N/A,,,0
1759293658,eth0,54,Ethernet,IPv4,N/A,N/A,v4,172.30.0.220,224.0.0.22,N/A,N/A,N/A,N/A,N/A,N/A,,,0
1759293658,eth0,110,Ethernet,IPv6,ICMP,N/A,v6,fe80::ecf9:eff:fefb:55,ff02::179,N/A,N/A,N/A,N/A,N/A,N/A,,,1
1759293658,any,112,N/A,IPv6,ICMP,N/A,v6,fe80::ecf9:eff:fefb:55,ff02::179,N/A,N/A,N/A,N/A,N/A,N/A,,,1
1759293658,eth0,111,Ethernet,N/A,N/A,N/A,N/A,N/A,N/A,N/A,N/A,N/A,N/A,N/A,N/A,,,1
1759293658,any,113,N/A,N/A,N/A,N/A,N/A,N/A,N/A,N/A,N/A,N/A,N/A,N/A,N/A,,,1
1759293658,eth1,70,Ethernet,IPv6,ICMP,N/A,v6,fe80::103b:bdff:fef0:169,ff02::204,N/A,N/A,N/A,N/A,N/A,N/A,,,1
1759293658,eth0,70,Ethernet,IPv6,ICMP,N/A,v6,fe80::ecf9:eff:fefb:55,ff02::204,N/A,N/A,N/A,N/A,N/A,N/A,,,1
1759293658,any,72,N/A,IPv6,ICMP,N/A,v6,fe80::ecf9:eff:fefb:55,ff02::204,N/A,N/A,N/A,N/A,N/A,N/A,,,1
1759293658,any,72,N/A,IPv6,ICMP,N/A,v6,fe80::103b:bdff:fef0:169,ff02::204,N/A,N/A,N/A,N/A,N/A,N/A,,,1
1759293659,eth0,110,Ethernet,IPv6,ICMP,N/A,v6,fe80::5ca9:83ff:fe87:27,ff02::179,N/A,N/A,N/A,N/A,N/A,N/A,,,0
1759293659,any,92,N/A,IPv6,ICMP,N/A,v6,fe80::b0b5:44ff:feea:219,ff02::179,N/A,N/A,N/A,N/A,N/A,N/A,,,1
1759293659,eth0,90,Ethernet,IPv6,ICMP,N/A,v6,fe80::b0b5:44ff:feea:219,ff02::179,N/A,N/A,N/A,N/A,N/A,N/A,,,1
1759293659,eth0,54,Ethernet,IPv4,N/A,N/A,v4,172.30.0.163,224.0.0.22,N/A,N/A,N/A,N/A,N/A,N/A,,,1
1759293659,eth0,88,Ethernet,IPv6,UDP,N/A,v6,fe80::b0b5:44ff:feea:219,ff02::1:52,5355,5355,N/A,N/A,N/A,N/A,,,1
1759293659,any,90,N/A,IPv6,UDP,N/A,v6,fe80::b0b5:44ff:feea:219,ff02::1:52,5355,5355,N/A,N/A,N/A,N/A,,,1
1759293659,eth0,357,Ethernet,IPv4,UDP,N/A,v4,0.0.0.0,255.255.255.255,68,67,N/A,N/A,N/A,N/A,,,1
1759293659,any,359,N/A,IPv4,UDP,N/A,v4,0.0.0.0,255.255.255.255,68,67,N/A,N/A,N/A,N/A,,,1
1759293659,eth0,369,Ethernet,IPv4,UDP,N/A,v4,0.0.0.0,255.255.255.255,68,67,N/A,N/A,N/A,N/A,,,1
1759293659,any,371,N/A,IPv4,UDP,N/A,v4,0.0.0.0,255.255.255.255,68,67,N/A,N/A,N/A,N/A,,,1
1759293659,any,112,N/A,IPv6,ICMP,N/A,v6,fe80::780a:a9ff:fee6:89,ff02::179,N/A,N/A,N/A,N/A,N/A,N/A,,,1
1759293659,eth1,110,Ethernet,IPv6,ICMP,N/A,v6,fe80::780a:a9ff:fee6:89,ff02::179,N/A,N/A,N/A,N/A,N/A,N/A,,,1
1759293659,eth0,110,Ethernet,IPv6,ICMP,N/A,v6,fe80::b0b5:44ff:feea:219,ff02::179,N/A,N/A,N/A,N/A,N/A,N/A,,,1
1759293659,eth0,54,Ethernet,IPv4,N/A,N/A,v4,172.30.0.163,224.0.0.22,N/A,N/A,N/A,N/A,N/A,N/A,,,1
1759293659,eth0,42,Ethernet,N/A,N/A,N/A,N/A,N/A,N/A,N/A,N/A,N/A,N/A,N/A,N/A,,,1
1759293659,any,112,N/A,IPv6,ICMP,N/A,v6,fe80::b0b5:44ff:feea:219,ff02::179,N/A,N/A,N/A,N/A,N/A,N/A,,,1
1759293659,eth0,111,Ethernet,N/A,N/A,N/A,N/A,N/A,N/A,N/A,N/A,N/A,N/A,N/A,N/A,,,1
1759293659,any,113,N/A,N/A,N/A,N/A,N/A,N/A,N/A,N/A,N/A,N/A,N/A,N/A,N/A,,,1
1759293659,eth0,110,Ethernet,IPv6,ICMP,N/A,v6,fe80::b0b5:44ff:feea:219,ff02::179,N/A,N/A,N/A,N/A,N/A,N/A,,,1
1759293659,any,112,N/A,IPv6,ICMP,N/A,v6,fe80::b0b5:44ff:feea:219,ff02::179,N/A,N/A,N/A,N/A,N/A,N/A,,,1
1759293659,any,112,N/A,IPv6,ICMP,N/A,v6,fe80::780a:a9ff:fee6:89,ff02::179,N/A,N/A,N/A,N/A,N/A,N/A,,,1
1759293659,eth1,110,Ethernet,IPv6,ICMP,N/A,v6,fe80::780a:a9ff:fee6:89,ff02::179,N/A,N/A,N/A,N/A,N/A,N/A,,,1
1759293659,any,112,N/A,IPv6,ICMP,N/A,v6,fe80::5ca9:83ff:fe87:27,ff02::179,N/A,N/A,N/A,N/A,N/A,N/A,,,0
1759293659,any,112,N/A,IPv6,ICMP,N/A,v6,fe80::a824:52ff:fe4f:69,ff02::179,N/A,N/A,N/A,N/A,N/A,N/A,,,0
1759293659,eth1,110,Ethernet,IPv6,ICMP,N/A,v6,fe80::a824:52ff:fe4f:69,ff02::179,N/A,N/A,N/A,N/A,N/A,N/A,,,0
1759293659,eth0,107,Ethernet,N/A,N/A,N/A,N/A,N/A,N/A,N/A,N/A,N/A,N/A,N/A,N/A,,,0
1759293659,eth0,70,Ethernet,IPv6,ICMP,N/A,v6,fe80::5ca9:83ff:fe87:27,ff02::204,N/A,N/A,N/A,N/A,N/A,N/A,,,0
1759293659,any,72,N/A,IPv6,ICMP,N/A,v6,fe80::a824:52ff:fe4f:69,ff02::204,N/A,N/A,N/A,N/A,N/A,N/A,,,0
1759293659,eth1,70,Ethernet,IPv6,ICMP,N/A,v6,fe80::a824:52ff:fe4f:69,ff02::204,N/A,N/A,N/A,N/A,N/A,N/A,,,0
1759293660,eth0,54,Ethernet,IPv4,N/A,N/A,v4,172.30.0.163,224.0.0.22,N/A,N/A,N/A,N/A,N/A,N/A,,,1
1759293660,any,56,N/A,IPv4,N/A,N/A,v4,172.30.0.163,224.0.0.22,N/A,N/A,N/A,N/A,N/A,N/A,,,1
1759293660,eth1,70,Ethernet,IPv6,ICMP,N/A,v6,fe80::780a:a9ff:fee6:89,ff02::204,N/A,N/A,N/A,N/A,N/A,N/A,,,1
1759293660,any,72,N/A,IPv6,ICMP,N/A,v6,fe80::b0b5:44ff:feea:219,ff02::204,N/A,N/A,N/A,N/A,N/A,N/A,,,1
1759293660,any,72,N/A,IPv6,ICMP,N/A,v6,fe80::780a:a9ff:fee6:89,ff02::204,N/A,N/A,N/A,N/A,N/A,N/A,,,1
1759293660,eth0,70,Ethernet,IPv6,ICMP,N/A,v6,fe80::b0b5:44ff:feea:219,ff02::204,N/A,N/A,N/A,N/A,N/A,N/A,,,1
1759293660,any,113,N/A,N/A,N/A,N/A,N/A,N/A,N/A,N/A,N/A,N/A,N/A,N/A,N/A,,,1
1759293660,eth0,111,Ethernet,N/A,N/A,N/A,N/A,N/A,N/A,N/A,N/A,N/A,N/A,N/A,N/A,,,1
1759293660,any,92,N/A,IPv6,ICMP,N/A,v6,fe80::24f1:23ff:fe29:66,ff02::179,N/A,N/A,N/A,N/A,N/A,N/A,,,1
1759293660,eth0,90,Ethernet,IPv6,ICMP,N/A,v6,fe80::24f1:23ff:fe29:66,ff02::179,N/A,N/A,N/A,N/A,N/A,N/A,,,1
1759293660,eth0,54,Ethernet,IPv4,N/A,N/A,v4,172.30.0.23,224.0.0.22,N/A,N/A,N/A,N/A,N/A,N/A,,,1
1759293660,eth0,356,Ethernet,IPv4,UDP,N/A,v4,0.0.0.0,255.255.255.255,68,67,N/A,N/A,N/A,N/A,,,1
1759293660,any,358,N/A,IPv4,UDP,N/A,v4,0.0.0.0,255.255.255.255,68,67,N/A,N/A,N/A,N/A,,,1
1759293660,eth0,368,Ethernet,IPv4,UDP,N/A,v4,0.0.0.0,255.255.255.255,68,67,N/A,N/A,N/A,N/A,,,1
1759293660,any,370,N/A,IPv4,UDP,N/A,v4,0.0.0.0,255.255.255.255,68,67,N/A,N/A,N/A,N/A,,,1
1759293660,any,112,N/A,IPv6,ICMP,N/A,v6,fe80::7827:e3ff:fe68:239,ff02::179,N/A,N/A,N/A,N/A,N/A,N/A,,,1
1759293660,eth1,110,Ethernet,IPv6,ICMP,N/A,v6,fe80::7827:e3ff:fe68:239,ff02::179,N/A,N/A,N/A,N/A,N/A,N/A,,,1
1759293660,eth0,110,Ethernet,IPv6,ICMP,N/A,v6,fe80::24f1:23ff:fe29:66,ff02::179,N/A,N/A,N/A,N/A,N/A,N/A,,,1
1759293660,eth0,54,Ethernet,IPv4,N/A,N/A,v4,172.30.0.23,224.0.0.22,N/A,N/A,N/A,N/A,N/A,N/A,,,1
1759293660,any,112,N/A,IPv6,ICMP,N/A,v6,fe80::24f1:23ff:fe29:66,ff02::179,N/A,N/A,N/A,N/A,N/A,N/A,,,1
1759293660,any,56,N/A,IPv4,N/A,N/A,v4,172.30.0.23,224.0.0.22,N/A,N/A,N/A,N/A,N/A,N/A,,,1
1759293660,eth0,54,Ethernet,IPv4,N/A,N/A,v4,172.30.0.23,224.0.0.22,N/A,N/A,N/A,N/A,N/A,N/A,,,1
1759293660,eth0,107,Ethernet,N/A,N/A,N/A,N/A,N/A,N/A,N/A,N/A,N/A,N/A,N/A,N/A,,,0
1759293660,any,109,N/A,N/A,N/A,N/A,N/A,N/A,N/A,N/A,N/A,N/A,N/A,N/A,N/A,,,0
1759293661,any,72,N/A,IPv6,ICMP,N/A,v6,fe80::f056:abff:fe65:143,ff02::204,N/A,N/A,N/A,N/A,N/A,N/A,,,1
1759293661,eth1,70,Ethernet,IPv6,ICMP,N/A,v6,fe80::f056:abff:fe65:143,ff02::204,N/A,N/A,N/A,N/A,N/A,N/A,,,1
1759293661,any,112,N/A,IPv6,ICMP,N/A,v6,fe80::24f1:23ff:fe29:66,ff02::179,N/A,N/A,N/A,N/A,N/A,N/A,,,1
1759293661,eth0,110,Ethernet,IPv6,ICMP,N/A,v6,fe80::24f1:23ff:fe29:66,ff02::179,N/A,N/A,N/A,N/A,N/A,N/A,,,1
1759293661,eth0,90,Ethernet,IPv6,ICMP,N/A,v6,fe80::e48e:99ff:fe5f:147,ff02::179,N/A,N/A,N/A,N/A,N/A,N/A,,,1
1759293661,eth0,54,Ethernet,IPv4,N/A,N/A,v4,172.30.0.220,224.0.0.22,N/A,N/A,N/A,N/A,N/A,N/A,,,1
1759293661,any,92,N/A,IPv6,ICMP,N/A,v6,fe80::e48e:99ff:fe5f:147,ff02::179,N/A,N/A,N/A,N/A,N/A,N/A,,,1
1759293661,eth0,42,Ethernet,N/A,N/A,N/A,N/A,N/A,N/A,N/A,N/A,N/A,N/A,N/A,N/A,,,1
1759293661,any,44,ARP,N/A,N/A,N/A,N/A,N/A,N/A,N/A,N/A,1,2048,172.30.0.23,172.30.0.122,,,1
1759293661,eth0,71,Ethernet,IPv4,UDP,N/A,v4,172.30.0.220,224.0.0.252,5355,5355,N/A,N/A,N/A,N/A,,,1
1759293661,eth0,91,Ethernet,IPv6,UDP,N/A,v6,fe80::e48e:99ff:fe5f:147,ff02::1:52,5355,5355,N/A,N/A,N/A,N/A,,,1
1759293661,any,73,N/A,IPv4,UDP,N/A,v4,172.30.0.220,224.0.0.252,5355,5355,N/A,N/A,N/A,N/A,,,1
1759293661,eth0,360,Ethernet,IPv4,UDP,N/A,v4,0.0.0.0,255.255.255.255,68,67,N/A,N/A,N/A,N/A,,,1
1759293661,any,362,N/A,IPv4,UDP,N/A,v4,0.0.0.0,255.255.255.255,68,67,N/A,N/A,N/A,N/A,,,1
1759293661,eth0,372,Ethernet,IPv4,UDP,N/A,v4,0.0.0.0,255.255.255.255,68,67,N/A,N/A,N/A,N/A,,,1
1759293661,any,374,N/A,IPv4,UDP,N/A,v4,0.0.0.0,255.255.255.255,68,67,N/A,N/A,N/A,N/A,,,1
1759293661,eth2,110,Ethernet,IPv6,ICMP,N/A,v6,fe80::dcac:f9ff:fe59:60,ff02::179,N/A,N/A,N/A,N/A,N/A,N/A,,,1
1759293661,any,112,N/A,IPv6,ICMP,N/A,v6,fe80::f056:abff:fe65:143,ff02::179,N/A,N/A,N/A,N/A,N/A,N/A,,,1
1759293661,eth1,110,Ethernet,IPv6,ICMP,N/A,v6,fe80::f056:abff:fe65:143,ff02::179,N/A,N/A,N/A,N/A,N/A,N/A,,,1
1759293661,eth0,110,Ethernet,IPv6,ICMP,N/A,v6,fe80::e48e:99ff:fe5f:147,ff02::179,N/A,N/A,N/A,N/A,N/A,N/A,,,1
1759293661,eth0,54,Ethernet,IPv4,N/A,N/A,v4,172.30.0.220,224.0.0.22,N/A,N/A,N/A,N/A,N/A,N/A,,,1
1759293661,any,112,N/A,IPv6,ICMP,N/A,v6,fe80::e48e:99ff:fe5f:147,ff02::179,N/A,N/A,N/A,N/A,N/A,N/A,,,1
1759293661,any,44,ARP,N/A,N/A,N/A,N/A,N/A,N/A,N/A,N/A,1,2048,172.30.0.220,172.30.0.122,,,1
1759293661,any,58,ARP,N/A,N/A,N/A,N/A,N/A,N/A,N/A,N/A,2,2048,172.30.0.122,172.30.0.220,,,1
1759293661,eth0,42,Ethernet,N/A,N/A,N/A,N/A,N/A,N/A,N/A,N/A,N/A,N/A,N/A,N/A,,,1
1759293661,eth0,56,Ethernet,N/A,N/A,N/A,N/A,N/A,N/A,N/A,N/A,N/A,N/A,N/A,N/A,,,1
1759293661,any,112,N/A,IPv6,ICMP,N/A,v6,fe80::7827:e3ff:fe68:239,ff02::179,N/A,N/A,N/A,N/A,N/A,N/A,,,1
1759293661,eth1,110,Ethernet,IPv6,ICMP,N/A,v6,fe80::7827:e3ff:fe68:239,ff02::179,N/A,N/A,N/A,N/A,N/A,N/A,,,1
1759293661,eth0,70,Ethernet,IPv6,ICMP,N/A,v6,fe80::24f1:23ff:fe29:66,ff02::204,N/A,N/A,N/A,N/A,N/A,N/A,,,1
1759293661,any,72,N/A,IPv6,ICMP,N/A,v6,fe80::24f1:23ff:fe29:66,ff02::204,N/A,N/A,N/A,N/A,N/A,N/A,,,1
1759293661,any,72,N/A,IPv6,ICMP,N/A,v6,fe80::7827:e3ff:fe68:239,ff02::204,N/A,N/A,N/A,N/A,N/A,N/A,,,1
1759293661,eth1,70,Ethernet,IPv6,ICMP,N/A,v6,fe80::7827:e3ff:fe68:239,ff02::204,N/A,N/A,N/A,N/A,N/A,N/A,,,1
1759293661,any,112,N/A,IPv6,ICMP,N/A,v6,fe80::e48e:99ff:fe5f:147,ff02::179,N/A,N/A,N/A,N/A,N/A,N/A,,,1
1759293661,eth2,110,Ethernet,IPv6,ICMP,N/A,v6,fe80::dcac:f9ff:fe59:60,ff02::179,N/A,N/A,N/A,N/A,N/A,N/A,,,1
1759293661,eth0,110,Ethernet,IPv6,ICMP,N/A,v6,fe80::e48e:99ff:fe5f:147,ff02::179,N/A,N/A,N/A,N/A,N/A,N/A,,,1
1759293661,eth0,107,Ethernet,N/A,N/A,N/A,N/A,N/A,N/A,N/A,N/A,N/A,N/A,N/A,N/A,,,0
1759293661,any,109,N/A,N/A,N/A,N/A,N/A,N/A,N/A,N/A,N/A,N/A,N/A,N/A,N/A,,,0
1759293662,any,112,N/A,IPv6,ICMP,N/A,v6,fe80::f056:abff:fe65:143,ff02::179,N/A,N/A,N/A,N/A,N/A,N/A,,,1
1759293662,eth1,110,Ethernet,IPv6,ICMP,N/A,v6,fe80::f056:abff:fe65:143,ff02::179,N/A,N/A,N/A,N/A,N/A,N/A,,,1
1759293662,any,72,N/A,IPv6,ICMP,N/A,v6,fe80::103b:bdff:fef0:169,ff02::204,N/A,N/A,N/A,N/A,N/A,N/A,,,1
1759293662,eth1,70,Ethernet,IPv6,ICMP,N/A,v6,fe80::103b:bdff:fef0:169,ff02::204,N/A,N/A,N/A,N/A,N/A,N/A,,,1
1759293662,any,56,N/A,IPv4,N/A,N/A,v4,172.30.0.220,224.0.0.22,N/A,N/A,N/A,N/A,N/A,N/A,,,1
1759293662,eth0,54,Ethernet,IPv4,N/A,N/A,v4,172.30.0.220,224.0.0.22,N/A,N/A,N/A,N/A,N/A,N/A,,,1
1759293662,any,92,N/A,IPv6,ICMP,N/A,v6,fe80::ecf9:eff:fefb:55,ff02::179,N/A,N/A,N/A,N/A,N/A,N/A,,,1
1759293662,eth0,90,Ethernet,IPv6,ICMP,N/A,v6,fe80::ecf9:eff:fefb:55,ff02::179,N/A,N/A,N/A,N/A,N/A,N/A,,,1
1759293662,eth0,56,Ethernet,IPv4,N/A,N/A,v4,172.30.0.89,224.0.0.22,N/A,N/A,N/A,N/A,N/A,N/A,,,1
1759293662,eth0,67,Ethernet,IPv4,UDP,N/A,v4,172.30.0.89,224.0.0.252,5355,5355,N/A,N/A,N/A,N/A,,,1
1759293662,any,69,N/A,IPv4,UDP,N/A,v4,172.30.0.89,224.0.0.252,5355,5355,N/A,N/A,N/A,N/A,,,1
1759293662,eth0,356,Ethernet,IPv4,UDP,N/A,v4,0.0.0.0,255.255.255.255,68,67,N/A,N/A,N/A,N/A,,,1
1759293662,eth0,107,Ethernet,N/A,N/A,N/A,N/A,N/A,N/A,N/A,N/A,N/A,N/A,N/A,N/A,,,0
1759293662,any,109,N/A,N/A,N/A,N/A,N/A,N/A,N/A,N/A,N/A,N/A,N/A,N/A,N/A,,,0
1759293662,eth0,368,Ethernet,IPv4,UDP,N/A,v4,0.0.0.0,255.255.255.255,68,67,N/A,N/A,N/A,N/A,,,1
1759293662,any,358,N/A,IPv4,UDP,N/A,v4,0.0.0.0,255.255.255.255,68,67,N/A,N/A,N/A,N/A,,,1
1759293662,any,370,N/A,IPv4,UDP,N/A,v4,0.0.0.0,255.255.255.255,68,67,N/A,N/A,N/A,N/A,,,1
1759293662,any,112,N/A,IPv6,ICMP,N/A,v6,fe80::103b:bdff:fef0:169,ff02::179,N/A,N/A,N/A,N/A,N/A,N/A,,,1
1759293662,eth1,110,Ethernet,IPv6,ICMP,N/A,v6,fe80::103b:bdff:fef0:169,ff02::179,N/A,N/A,N/A,N/A,N/A,N/A,,,1
1759293662,eth1,70,Ethernet,IPv6,ICMP,N/A,v6,fe80::f056:abff:fe65:143,ff02::204,N/A,N/A,N/A,N/A,N/A,N/A,,,1
1759293662,any,72,N/A,IPv6,ICMP,N/A,v6,fe80::dcac:f9ff:fe59:60,ff02::204,N/A,N/A,N/A,N/A,N/A,N/A,,,1
1759293662,any,58,N/A,IPv4,N/A,N/A,v4,172.30.0.89,224.0.0.22,N/A,N/A,N/A,N/A,N/A,N/A,,,1
1759293662,eth2,70,Ethernet,IPv6,ICMP,N/A,v6,fe80::dcac:f9ff:fe59:60,ff02::204,N/A,N/A,N/A,N/A,N/A,N/A,,,1
1759293662,eth0,111,Ethernet,N/A,N/A,N/A,N/A,N/A,N/A,N/A,N/A,N/A,N/A,N/A,N/A,,,1
1759293662,eth0,70,Ethernet,IPv6,ICMP,N/A,v6,fe80::e48e:99ff:fe5f:147,ff02::204,N/A,N/A,N/A,N/A,N/A,N/A,,,1
1759293662,eth0,56,Ethernet,IPv4,N/A,N/A,v4,172.30.0.89,224.0.0.22,N/A,N/A,N/A,N/A,N/A,N/A,,,1
1759293662,eth0,110,Ethernet,IPv6,ICMP,N/A,v6,fe80::ecf9:eff:fefb:55,ff02::179,N/A,N/A,N/A,N/A,N/A,N/A,,,1
1759293662,any,112,N/A,IPv6,ICMP,N/A,v6,fe80::ecf9:eff:fefb:55,ff02::179,N/A,N/A,N/A,N/A,N/A,N/A,,,1
1759293662,eth0,56,Ethernet,N/A,N/A,N/A,N/A,N/A,N/A,N/A,N/A,N/A,N/A,N/A,N/A,,,1
1759293662,any,58,ARP,N/A,N/A,N/A,N/A,N/A,N/A,N/A,N/A,1,2048,172.30.0.89,172.30.0.122,,,1
1759293662,any,112,N/A,IPv6,ICMP,N/A,v6,fe80::ecf9:eff:fefb:55,ff02::179,N/A,N/A,N/A,N/A,N/A,N/A,,,1
1759293662,eth0,110,Ethernet,IPv6,ICMP,N/A,v6,fe80::ecf9:eff:fefb:55,ff02::179,N/A,N/A,N/A,N/A,N/A,N/A,,,1
1759293663,any,72,N/A,IPv6,ICMP,N/A,v6,fe80::a824:52ff:fe4f:69,ff02::204,N/A,N/A,N/A,N/A,N/A,N/A,,,0
1759293663,eth1,70,Ethernet,IPv6,ICMP,N/A,v6,fe80::a824:52ff:fe4f:69,ff02::204,N/A,N/A,N/A,N/A,N/A,N/A,,,0
1759293663,eth0,70,Ethernet,IPv6,ICMP,N/A,v6,fe80::5ca9:83ff:fe87:27,ff02::204,N/A,N/A,N/A,N/A,N/A,N/A,,,0
1759293663,any,72,N/A,IPv6,ICMP,N/A,v6,fe80::5ca9:83ff:fe87:27,ff02::204,N/A,N/A,N/A,N/A,N/A,N/A,,,0
1759293663,eth0,90,Ethernet,IPv6,ICMP,N/A,v6,fe80::5ca9:83ff:fe87:27,ff02::179,N/A,N/A,N/A,N/A,N/A,N/A,,,0
1759293663,eth0,54,Ethernet,IPv4,N/A,N/A,v4,172.30.0.220,224.0.0.22,N/A,N/A,N/A,N/A,N/A,N/A,,,0
1759293663,any,92,N/A,IPv6,ICMP,N/A,v6,fe80::5ca9:83ff:fe87:27,ff02::179,N/A,N/A,N/A,N/A,N/A,N/A,,,0
1759293663,eth0,87,Ethernet,IPv6,UDP,N/A,v6,fe80::5ca9:83ff:fe87:27,ff02::1:52,5355,5355,N/A,N/A,N/A,N/A,,,0
1759293663,any,89,N/A,IPv6,UDP,N/A,v6,fe80::5ca9:83ff:fe87:27,ff02::1:52,5355,5355,N/A,N/A,N/A,N/A,,,0
1759293663,eth0,356,Ethernet,IPv4,UDP,N/A,v4,0.0.0.0,255.255.255.255,68,67,N/A,N/A,N/A,N/A,,,0
1759293663,any,358,N/A,IPv4,UDP,N/A,v4,0.0.0.0,255.255.255.255,68,67,N/A,N/A,N/A,N/A,,,0
1759293663,eth0,368,Ethernet,IPv4,UDP,N/A,v4,0.0.0.0,255.255.255.255,68,67,N/A,N/A,N/A,N/A,,,0
1759293663,any,112,N/A,IPv6,ICMP,N/A,v6,fe80::103b:bdff:fef0:169,ff02::179,N/A,N/A,N/A,N/A,N/A,N/A,,,1
1759293663,eth1,110,Ethernet,IPv6,ICMP,N/A,v6,fe80::103b:bdff:fef0:169,ff02::179,N/A,N/A,N/A,N/A,N/A,N/A,,,1
1759293663,eth0,56,Ethernet,IPv4,N/A,N/A,v4,172.30.0.89,224.0.0.22,N/A,N/A,N/A,N/A,N/A,N/A,,,1
1759293663,any,58,N/A,IPv4,N/A,N/A,v4,172.30.0.89,224.0.0.22,N/A,N/A,N/A,N/A,N/A,N/A,,,1
1759293663,eth1,70,Ethernet,IPv6,ICMP,N/A,v6,fe80::103b:bdff:fef0:169,ff02::204,N/A,N/A,N/A,N/A,N/A,N/A,,,1
1759293663,any,72,N/A,IPv6,ICMP,N/A,v6,fe80::ecf9:eff:fefb:55,ff02::204,N/A,N/A,N/A,N/A,N/A,N/A,,,1
1759293663,any,72,N/A,IPv6,ICMP,N/A,v6,fe80::103b:bdff:fef0:169,ff02::204,N/A,N/A,N/A,N/A,N/A,N/A,,,1
1759293663,eth0,70,Ethernet,IPv6,ICMP,N/A,v6,fe80::ecf9:eff:fefb:55,ff02::204,N/A,N/A,N/A,N/A,N/A,N/A,,,1
1759293663,any,113,N/A,N/A,N/A,N/A,N/A,N/A,N/A,N/A,N/A,N/A,N/A,N/A,N/A,,,1
1759293663,eth0,111,Ethernet,N/A,N/A,N/A,N/A,N/A,N/A,N/A,N/A,N/A,N/A,N/A,N/A,,,1
1759293663,eth0,54,Ethernet,IPv4,N/A,N/A,v4,172.30.0.220,224.0.0.22,N/A,N/A,N/A,N/A,N/A,N/A,,,0
1759293663,eth0,110,Ethernet,IPv6,ICMP,N/A,v6,fe80::5ca9:83ff:fe87:27,ff02::179,N/A,N/A,N/A,N/A,N/A,N/A,,,0
1759293663,eth0,42,Ethernet,N/A,N/A,N/A,N/A,N/A,N/A,N/A,N/A,N/A,N/A,N/A,N/A,,,0
1759293663,eth0,56,Ethernet,N/A,N/A,N/A,N/A,N/A,N/A,N/A,N/A,N/A,N/A,N/A,N/A,,,0
1759293663,eth0,56,Ethernet,N/A,N/A,N/A,N/A,N/A,N/A,N/A,N/A,N/A,N/A,N/A,N/A,,,0
1759293663,eth0,54,Ethernet,IPv4,N/A,N/A,v4,172.30.0.220,224.0.0.22,N/A,N/A,N/A,N/A,N/A,N/A,,,0
1759293663,any,370,N/A,IPv4,UDP,N/A,v4,0.0.0.0,255.255.255.255,68,67,N/A,N/A,N/A,N/A,,,0
1759293663,any,112,N/A,IPv6,ICMP,N/A,v6,fe80::a824:52ff:fe4f:69,ff02::179,N/A,N/A,N/A,N/A,N/A,N/A,,,0
1759293663,any,56,N/A,IPv4,N/A,N/A,v4,172.30.0.220,224.0.0.22,N/A,N/A,N/A,N/A,N/A,N/A,,,0
1759293663,any,112,N/A,IPv6,ICMP,N/A,v6,fe80::5ca9:83ff:fe87:27,ff02::179,N/A,N/A,N/A,N/A,N/A,N/A,,,0
1759293663,any,44,ARP,N/A,N/A,N/A,N/A,N/A,N/A,N/A,N/A,1,2048,172.30.0.220,172.30.0.122,,,0
1759293663,any,58,ARP,N/A,N/A,N/A,N/A,N/A,N/A,N/A,N/A,2,2048,172.30.0.122,172.30.0.220,,,0
1759293663,any,56,N/A,IPv4,N/A,N/A,v4,172.30.0.220,224.0.0.22,N/A,N/A,N/A,N/A,N/A,N/A,,,0
1759293663,eth1,110,Ethernet,IPv6,ICMP,N/A,v6,fe80::a824:52ff:fe4f:69,ff02::179,N/A,N/A,N/A,N/A,N/A,N/A,,,0
1759293664,any,72,N/A,IPv6,ICMP,N/A,v6,fe80::b0b5:44ff:feea:219,ff02::204,N/A,N/A,N/A,N/A,N/A,N/A,,,1
1759293664,eth0,70,Ethernet,IPv6,ICMP,N/A,v6,fe80::b0b5:44ff:feea:219,ff02::204,N/A,N/A,N/A,N/A,N/A,N/A,,,1
1759293664,eth0,90,Ethernet,IPv6,ICMP,N/A,v6,fe80::b0b5:44ff:feea:219,ff02::179,N/A,N/A,N/A,N/A,N/A,N/A,,,1
1759293664,eth0,54,Ethernet,IPv4,N/A,N/A,v4,172.30.0.163,224.0.0.22,N/A,N/A,N/A,N/A,N/A,N/A,,,1
1759293664,any,92,N/A,IPv6,ICMP,N/A,v6,fe80::b0b5:44ff:feea:219,ff02::179,N/A,N/A,N/A,N/A,N/A,N/A,,,1
1759293664,any,90,N/A,IPv6,UDP,N/A,v6,fe80::b0b5:44ff:feea:219,ff02::1:52,5355,5355,N/A,N/A,N/A,N/A,,,1
1759293664,eth0,88,Ethernet,IPv6,UDP,N/A,v6,fe80::b0b5:44ff:feea:219,ff02::1:52,5355,5355,N/A,N/A,N/A,N/A,,,1
1759293664,eth0,357,Ethernet,IPv4,UDP,N/A,v4,0.0.0.0,255.255.255.255,68,67,N/A,N/A,N/A,N/A,,,1
1759293664,any,359,N/A,IPv4,UDP,N/A,v4,0.0.0.0,255.255.255.255,68,67,N/A,N/A,N/A,N/A,,,1
1759293664,any,371,N/A,IPv4,UDP,N/A,v4,0.0.0.0,255.255.255.255,68,67,N/A,N/A,N/A,N/A,,,1
1759293664,eth0,369,Ethernet,IPv4,UDP,N/A,v4,0.0.0.0,255.255.255.255,68,67,N/A,N/A,N/A,N/A,,,1
1759293664,any,112,N/A,IPv6,ICMP,N/A,v6,fe80::780a:a9ff:fee6:89,ff02::179,N/A,N/A,N/A,N/A,N/A,N/A,,,1
1759293664,eth1,110,Ethernet,IPv6,ICMP,N/A,v6,fe80::780a:a9ff:fee6:89,ff02::179,N/A,N/A,N/A,N/A,N/A,N/A,,,1
1759293664,any,112,N/A,IPv6,ICMP,N/A,v6,fe80::b0b5:44ff:feea:219,ff02::179,N/A,N/A,N/A,N/A,N/A,N/A,,,1
1759293664,eth0,110,Ethernet,IPv6,ICMP,N/A,v6,fe80::b0b5:44ff:feea:219,ff02::179,N/A,N/A,N/A,N/A,N/A,N/A,,,1
1759293664,eth0,54,Ethernet,IPv4,N/A,N/A,v4,172.30.0.163,224.0.0.22,N/A,N/A,N/A,N/A,N/A,N/A,,,1
1759293664,eth0,42,Ethernet,N/A,N/A,N/A,N/A,N/A,N/A,N/A,N/A,N/A,N/A,N/A,N/A,,,1
1759293664,any,44,ARP,N/A,N/A,N/A,N/A,N/A,N/A,N/A,N/A,1,2048,172.30.0.163,172.30.0.122,,,1
1759293664,any,56,N/A,IPv4,N/A,N/A,v4,172.30.0.163,224.0.0.22,N/A,N/A,N/A,N/A,N/A,N/A,,,1
1759293664,eth0,54,Ethernet,IPv4,N/A,N/A,v4,172.30.0.163,224.0.0.22,N/A,N/A,N/A,N/A,N/A,N/A,,,1
1759293664,eth0,111,Ethernet,N/A,N/A,N/A,N/A,N/A,N/A,N/A,N/A,N/A,N/A,N/A,N/A,,,1
1759293664,any,113,N/A,N/A,N/A,N/A,N/A,N/A,N/A,N/A,N/A,N/A,N/A,N/A,N/A,,,1
1759293664,any,112,N/A,IPv6,ICMP,N/A,v6,fe80::a824:52ff:fe4f:69,ff02::179,N/A,N/A,N/A,N/A,N/A,N/A,,,0
1759293664,eth1,110,Ethernet,IPv6,ICMP,N/A,v6,fe80::a824:52ff:fe4f:69,ff02::179,N/A,N/A,N/A,N/A,N/A,N/A,,,0
1759293664,any,112,N/A,IPv6,ICMP,N/A,v6,fe80::5ca9:83ff:fe87:27,ff02::179,N/A,N/A,N/A,N/A,N/A,N/A,,,0
1759293664,eth0,110,Ethernet,IPv6,ICMP,N/A,v6,fe80::5ca9:83ff:fe87:27,ff02::179,N/A,N/A,N/A,N/A,N/A,N/A,,,0
1759293664,eth0,70,Ethernet,IPv6,ICMP,N/A,v6,fe80::5ca9:83ff:fe87:27,ff02::204,N/A,N/A,N/A,N/A,N/A,N/A,,,0
1759293664,any,72,N/A,IPv6,ICMP,N/A,v6,fe80::a824:52ff:fe4f:69,ff02::204,N/A,N/A,N/A,N/A,N/A,N/A,,,0
1759293664,eth1,70,Ethernet,IPv6,ICMP,N/A,v6,fe80::a824:52ff:fe4f:69,ff02::204,N/A,N/A,N/A,N/A,N/A,N/A,,,0
1759293664,eth0,107,Ethernet,N/A,N/A,N/A,N/A,N/A,N/A,N/A,N/A,N/A,N/A,N/A,N/A,,,0
1759293664,any,109,N/A,N/A,N/A,N/A,N/A,N/A,N/A,N/A,N/A,N/A,N/A,N/A,N/A,,,0
1759293664,eth0,110,Ethernet,IPv6,ICMP,N/A,v6,fe80::b0b5:44ff:feea:219,ff02::179,N/A,N/A,N/A,N/A,N/A,N/A,,,1
1759293664,any,112,N/A,IPv6,ICMP,N/A,v6,fe80::b0b5:44ff:feea:219,ff02::179,N/A,N/A,N/A,N/A,N/A,N/A,,,1
1759293665,any,109,N/A,N/A,N/A,N/A,N/A,N/A,N/A,N/A,N/A,N/A,N/A,N/A,N/A,,,0
1759293665,eth0,107,Ethernet,N/A,N/A,N/A,N/A,N/A,N/A,N/A,N/A,N/A,N/A,N/A,N/A,,,0
1759293665,any,112,N/A,IPv6,ICMP,N/A,v6,fe80::780a:a9ff:fee6:89,ff02::179,N/A,N/A,N/A,N/A,N/A,N/A,,,1
1759293665,eth1,110,Ethernet,IPv6,ICMP,N/A,v6,fe80::780a:a9ff:fee6:89,ff02::179,N/A,N/A,N/A,N/A,N/A,N/A,,,1
1759293665,any,72,N/A,IPv6,ICMP,N/A,v6,fe80::780a:a9ff:fee6:89,ff02::204,N/A,N/A,N/A,N/A,N/A,N/A,,,1
1759293665,eth1,70,Ethernet,IPv6,ICMP,N/A,v6,fe80::780a:a9ff:fee6:89,ff02::204,N/A,N/A,N/A,N/A,N/A,N/A,,,1
1759293665,eth0,70,Ethernet,IPv6,ICMP,N/A,v6,fe80::b0b5:44ff:feea:219,ff02::204,N/A,N/A,N/A,N/A,N/A,N/A,,,1
1759293665,eth1,70,Ethernet,IPv6,ICMP,N/A,v6,fe80::7827:e3ff:fe68:239,ff02::204,N/A,N/A,N/A,N/A,N/A,N/A,,,1
1759293665,any,72,N/A,IPv6,ICMP,N/A,v6,fe80::7827:e3ff:fe68:239,ff02::204,N/A,N/A,N/A,N/A,N/A,N/A,,,1
1759293665,eth0,90,Ethernet,IPv6,ICMP,N/A,v6,fe80::e48e:99ff:fe5f:147,ff02::179,N/A,N/A,N/A,N/A,N/A,N/A,,,1
1759293665,eth0,54,Ethernet,IPv4,N/A,N/A,v4,172.30.0.220,224.0.0.22,N/A,N/A,N/A,N/A,N/A,N/A,,,1
1759293665,any,92,N/A,IPv6,ICMP,N/A,v6,fe80::e48e:99ff:fe5f:147,ff02::179,N/A,N/A,N/A,N/A,N/A,N/A,,,1
1759293665,eth0,91,Ethernet,IPv6,UDP,N/A,v6,fe80::e48e:99ff:fe5f:147,ff02::1:52,5355,5355,N/A,N/A,N/A,N/A,,,1
1759293665,any,93,N/A,IPv6,UDP,N/A,v6,fe80::e48e:99ff:fe5f:147,ff02::1:52,5355,5355,N/A,N/A,N/A,N/A,,,1
1759293665,eth0,360,Ethernet,IPv4,UDP,N/A,v4,0.0.0.0,255.255.255.255,68,67,N/A,N/A,N/A,N/A,,,1
1759293665,any,362,N/A,IPv4,UDP,N/A,v4,0.0.0.0,255.255.255.255,68,67,N/A,N/A,N/A,N/A,,,1
1759293665,eth0,70,Ethernet,IPv6,ICMP,N/A,v6,fe80::24f1:23ff:fe29:66,ff02::204,N/A,N/A,N/A,N/A,N/A,N/A,,,1
1759293665,eth0,372,Ethernet,IPv4,UDP,N/A,v4,0.0.0.0,255.255.255.255,68,67,N/A,N/A,N/A,N/A,,,1
1759293665,any,374,N/A,IPv4,UDP,N/A,v4,0.0.0.0,255.255.255.255,68,67,N/A,N/A,N/A,N/A,,,1
1759293665,eth2,110,Ethernet,IPv6,ICMP,N/A,v6,fe80::dcac:f9ff:fe59:60,ff02::179,N/A,N/A,N/A,N/A,N/A,N/A,,,1
1759293665,any,112,N/A,IPv6,ICMP,N/A,v6,fe80::f056:abff:fe65:143,ff02::179,N/A,N/A,N/A,N/A,N/A,N/A,,,1
1759293665,eth1,110,Ethernet,IPv6,ICMP,N/A,v6,fe80::f056:abff:fe65:143,ff02::179,N/A,N/A,N/A,N/A,N/A,N/A,,,1
1759293665,any,112,N/A,IPv6,ICMP,N/A,v6,fe80::e48e:99ff:fe5f:147,ff02::179,N/A,N/A,N/A,N/A,N/A,N/A,,,1
1759293665,eth0,110,Ethernet,IPv6,ICMP,N/A,v6,fe80::e48e:99ff:fe5f:147,ff02::179,N/A,N/A,N/A,N/A,N/A,N/A,,,1
1759293665,eth0,54,Ethernet,IPv4,N/A,N/A,v4,172.30.0.220,224.0.0.22,N/A,N/A,N/A,N/A,N/A,N/A,,,1
1759293665,eth0,42,Ethernet,N/A,N/A,N/A,N/A,N/A,N/A,N/A,N/A,N/A,N/A,N/A,N/A,,,1
1759293665,eth0,56,Ethernet,N/A,N/A,N/A,N/A,N/A,N/A,N/A,N/A,N/A,N/A,N/A,N/A,,,1
1759293665,eth0,56,Ethernet,N/A,N/A,N/A,N/A,N/A,N/A,N/A,N/A,N/A,N/A,N/A,N/A,,,1
1759293665,any,44,ARP,N/A,N/A,N/A,N/A,N/A,N/A,N/A,N/A,1,2048,172.30.0.220,172.30.0.122,,,1
1759293665,any,58,ARP,N/A,N/A,N/A,N/A,N/A,N/A,N/A,N/A,2,2048,172.30.0.122,172.30.0.220,,,1
1759293665,any,58,ARP,N/A,N/A,N/A,N/A,N/A,N/A,N/A,N/A,2,2048,172.30.0.122,172.30.0.220,,,1
1759293665,any,112,N/A,IPv6,ICMP,N/A,v6,fe80::f056:abff:fe65:143,ff02::179,N/A,N/A,N/A,N/A,N/A,N/A,,,1
1759293665,eth1,110,Ethernet,IPv6,ICMP,N/A,v6,fe80::f056:abff:fe65:143,ff02::179,N/A,N/A,N/A,N/A,N/A,N/A,,,1
1759293665,any,92,N/A,IPv6,ICMP,N/A,v6,fe80::24f1:23ff:fe29:66,ff02::179,N/A,N/A,N/A,N/A,N/A,N/A,,,1
1759293665,eth0,90,Ethernet,IPv6,ICMP,N/A,v6,fe80::24f1:23ff:fe29:66,ff02::179,N/A,N/A,N/A,N/A,N/A,N/A,,,1
1759293665,eth0,54,Ethernet,IPv4,N/A,N/A,v4,172.30.0.23,224.0.0.22,N/A,N/A,N/A,N/A,N/A,N/A,,,1
1759293665,eth0,54,Ethernet,IPv4,N/A,N/A,v4,172.30.0.220,224.0.0.22,N/A,N/A,N/A,N/A,N/A,N/A,,,1
1759293665,any,56,N/A,IPv4,N/A,N/A,v4,172.30.0.220,224.0.0.22,N/A,N/A,N/A,N/A,N/A,N/A,,,1
1759293666,eth0,67,Ethernet,IPv4,UDP,N/A,v4,172.30.0.23,224.0.0.252,5355,5355,N/A,N/A,N/A,N/A,,,1
1759293666,any,69,N/A,IPv4,UDP,N/A,v4,172.30.0.23,224.0.0.252,5355,5355,N/A,N/A,N/A,N/A,,,1
1759293666,any,112,N/A,IPv6,ICMP,N/A,v6,fe80::dcac:f9ff:fe59:60,ff02::179,N/A,N/A,N/A,N/A,N/A,N/A,,,1
1759293666,eth2,110,Ethernet,IPv6,ICMP,N/A,v6,fe80::dcac:f9ff:fe59:60,ff02::179,N/A,N/A,N/A,N/A,N/A,N/A,,,1
1759293666,any,358,N/A,IPv4,UDP,N/A,v4,0.0.0.0,255.255.255.255,68,67,N/A,N/A,N/A,N/A,,,1
1759293666,eth0,356,Ethernet,IPv4,UDP,N/A,v4,0.0.0.0,255.255.255.255,68,67,N/A,N/A,N/A,N/A,,,1
1759293666,any,370,N/A,IPv4,UDP,N/A,v4,0.0.0.0,255.255.255.255,68,67,N/A,N/A,N/A,N/A,,,1
1759293666,eth0,368,Ethernet,IPv4,UDP,N/A,v4,0.0.0.0,255.255.255.255,68,67,N/A,N/A,N/A,N/A,,,1
1759293666,any,112,N/A,IPv6,ICMP,N/A,v6,fe80::7827:e3ff:fe68:239,ff02::179,N/A,N/A,N/A,N/A,N/A,N/A,,,1
1759293666,eth1,110,Ethernet,IPv6,ICMP,N/A,v6,fe80::7827:e3ff:fe68:239,ff02::179,N/A,N/A,N/A,N/A,N/A,N/A,,,1
1759293666,any,112,N/A,IPv6,ICMP,N/A,v6,fe80::24f1:23ff:fe29:66,ff02::179,N/A,N/A,N/A,N/A,N/A,N/A,,,1
1759293666,eth0,110,Ethernet,IPv6,ICMP,N/A,v6,fe80::24f1:23ff:fe29:66,ff02::179,N/A,N/A,N/A,N/A,N/A,N/A,,,1
1759293666,eth0,54,Ethernet,IPv4,N/A,N/A,v4,172.30.0.23,224.0.0.22,N/A,N/A,N/A,N/A,N/A,N/A,,,1
1759293666,eth0,42,Ethernet,N/A,N/A,N/A,N/A,N/A,N/A,N/A,N/A,N/A,N/A,N/A,N/A,,,1
1759293666,any,44,ARP,N/A,N/A,N/A,N/A,N/A,N/A,N/A,N/A,1,2048,172.30.0.23,172.30.0.122,,,1
1759293666,any,112,N/A,IPv6,ICMP,N/A,v6,fe80::e48e:99ff:fe5f:147,ff02::179,N/A,N/A,N/A,N/A,N/A,N/A,,,1
1759293666,eth0,110,Ethernet,IPv6,ICMP,N/A,v6,fe80::e48e:99ff:fe5f:147,ff02::179,N/A,N/A,N/A,N/A,N/A,N/A,,,1
1759293666,eth0,90,Ethernet,IPv6,ICMP,N/A,v6,fe80::ecf9:eff:fefb:55,ff02::179,N/A,N/A,N/A,N/A,N/A,N/A,,,1
1759293666,eth0,56,Ethernet,IPv4,N/A,N/A,v4,172.30.0.89,224.0.0.22,N/A,N/A,N/A,N/A,N/A,N/A,,,1
1759293666,any,92,N/A,IPv6,ICMP,N/A,v6,fe80::ecf9:eff:fefb:55,ff02::179,N/A,N/A,N/A,N/A,N/A,N/A,,,1
1759293666,any,58,N/A,IPv4,N/A,N/A,v4,172.30.0.89,224.0.0.22,N/A,N/A,N/A,N/A,N/A,N/A,,,1
1759293666,eth0,356,Ethernet,IPv4,UDP,N/A,v4,0.0.0.0,255.255.255.255,68,67,N/A,N/A,N/A,N/A,,,1
1759293666,any,358,N/A,IPv4,UDP,N/A,v4,0.0.0.0,255.255.255.255,68,67,N/A,N/A,N/A,N/A,,,1
1759293666,any,370,N/A,IPv4,UDP,N/A,v4,0.0.0.0,255.255.255.255,68,67,N/A,N/A,N/A,N/A,,,1
1759293666,eth0,368,Ethernet,IPv4,UDP,N/A,v4,0.0.0.0,255.255.255.255,68,67,N/A,N/A,N/A,N/A,,,1
1759293666,any,112,N/A,IPv6,ICMP,N/A,v6,fe80::103b:bdff:fef0:169,ff02::179,N/A,N/A,N/A,N/A,N/A,N/A,,,1
1759293666,eth1,110,Ethernet,IPv6,ICMP,N/A,v6,fe80::103b:bdff:fef0:169,ff02::179,N/A,N/A,N/A,N/A,N/A,N/A,,,1
1759293666,any,112,N/A,IPv6,ICMP,N/A,v6,fe80::ecf9:eff:fefb:55,ff02::179,N/A,N/A,N/A,N/A,N/A,N/A,,,1
1759293666,eth0,110,Ethernet,IPv6,ICMP,N/A,v6,fe80::ecf9:eff:fefb:55,ff02::179,N/A,N/A,N/A,N/A,N/A,N/A,,,1
1759293666,eth0,56,Ethernet,IPv4,N/A,N/A,v4,172.30.0.89,224.0.0.22,N/A,N/A,N/A,N/A,N/A,N/A,,,1
1759293666,eth0,111,Ethernet,N/A,N/A,N/A,N/A,N/A,N/A,N/A,N/A,N/A,N/A,N/A,N/A,,,1
1759293666,eth0,70,Ethernet,IPv6,ICMP,N/A,v6,fe80::e48e:99ff:fe5f:147,ff02::204,N/A,N/A,N/A,N/A,N/A,N/A,,,1
1759293666,eth2,70,Ethernet,IPv6,ICMP,N/A,v6,fe80::dcac:f9ff:fe59:60,ff02::204,N/A,N/A,N/A,N/A,N/A,N/A,,,1
1759293666,eth1,70,Ethernet,IPv6,ICMP,N/A,v6,fe80::f056:abff:fe65:143,ff02::204,N/A,N/A,N/A,N/A,N/A,N/A,,,1
1759293666,any,72,N/A,IPv6,ICMP,N/A,v6,fe80::dcac:f9ff:fe59:60,ff02::204,N/A,N/A,N/A,N/A,N/A,N/A,,,1
1759293666,any,112,N/A,IPv6,ICMP,N/A,v6,fe80::103b:bdff:fef0:169,ff02::179,N/A,N/A,N/A,N/A,N/A,N/A,,,1
1759293666,eth1,110,Ethernet,IPv6,ICMP,N/A,v6,fe80::103b:bdff:fef0:169,ff02::179,N/A,N/A,N/A,N/A,N/A,N/A,,,1
1759293666,any,109,N/A,N/A,N/A,N/A,N/A,N/A,N/A,N/A,N/A,N/A,N/A,N/A,N/A,,,0
1759293666,eth0,107,Ethernet,N/A,N/A,N/A,N/A,N/A,N/A,N/A,N/A,N/A,N/A,N/A,N/A,,,0
1759293666,eth0,54,Ethernet,IPv4,N/A,N/A,v4,172.30.0.23,224.0.0.22,N/A,N/A,N/A,N/A,N/A,N/A,,,1
1759293666,any,56,N/A,IPv4,N/A,N/A,v4,172.30.0.23,224.0.0.22,N/A,N/A,N/A,N/A,N/A,N/A,,,1
1759293666,any,58,ARP,N/A,N/A,N/A,N/A,N/A,N/A,N/A,N/A,1,2048,172.30.0.89,172.30.0.122,,,1
1759293666,eth0,56,Ethernet,N/A,N/A,N/A,N/A,N/A,N/A,N/A,N/A,N/A,N/A,N/A,N/A,,,1
1759293666,eth0,110,Ethernet,IPv6,ICMP,N/A,v6,fe80::24f1:23ff:fe29:66,ff02::179,N/A,N/A,N/A,N/A,N/A,N/A,,,1
1759293666,any,112,N/A,IPv6,ICMP,N/A,v6,fe80::24f1:23ff:fe29:66,ff02::179,N/A,N/A,N/A,N/A,N/A,N/A,,,1
1759293666,any,112,N/A,IPv6,ICMP,N/A,v6,fe80::7827:e3ff:fe68:239,ff02::179,N/A,N/A,N/A,N/A,N/A,N/A,,,1
1759293666,eth1,110,Ethernet,IPv6,ICMP,N/A,v6,fe80::7827:e3ff:fe68:239,ff02::179,N/A,N/A,N/A,N/A,N/A,N/A,,,1
1759293667,eth0,90,Ethernet,IPv6,ICMP,N/A,v6,fe80::5ca9:83ff:fe87:27,ff02::179,N/A,N/A,N/A,N/A,N/A,N/A,,,0
1759293667,eth0,54,Ethernet,IPv4,N/A,N/A,v4,172.30.0.220,224.0.0.22,N/A,N/A,N/A,N/A,N/A,N/A,,,0
1759293667,any,92,N/A,IPv6,ICMP,N/A,v6,fe80::5ca9:83ff:fe87:27,ff02::179,N/A,N/A,N/A,N/A,N/A,N/A,,,0
1759293667,eth0,356,Ethernet,IPv4,UDP,N/A,v4,0.0.0.0,255.255.255.255,68,67,N/A,N/A,N/A,N/A,,,0
1759293667,any,358,N/A,IPv4,UDP,N/A,v4,0.0.0.0,255.255.255.255,68,67,N/A,N/A,N/A,N/A,,,0
1759293667,eth0,368,Ethernet,IPv4,UDP,N/A,v4,0.0.0.0,255.255.255.255,68,67,N/A,N/A,N/A,N/A,,,0
1759293667,any,370,N/A,IPv4,UDP,N/A,v4,0.0.0.0,255.255.255.255,68,67,N/A,N/A,N/A,N/A,,,0
1759293667,eth1,110,Ethernet,IPv6,ICMP,N/A,v6,fe80::a824:52ff:fe4f:69,ff02::179,N/A,N/A,N/A,N/A,N/A,N/A,,,0
1759293667,any,56,N/A,IPv4,N/A,N/A,v4,172.30.0.220,224.0.0.22,N/A,N/A,N/A,N/A,N/A,N/A,,,0
1759293667,eth0,54,Ethernet,IPv4,N/A,N/A,v4,172.30.0.220,224.0.0.22,N/A,N/A,N/A,N/A,N/A,N/A,,,0
1759293667,any,112,N/A,IPv6,ICMP,N/A,v6,fe80::5ca9:83ff:fe87:27,ff02::179,N/A,N/A,N/A,N/A,N/A,N/A,,,0
1759293667,eth0,110,Ethernet,IPv6,ICMP,N/A,v6,fe80::5ca9:83ff:fe87:27,ff02::179,N/A,N/A,N/A,N/A,N/A,N/A,,,0
1759293667,eth0,70,Ethernet,IPv6,ICMP,N/A,v6,fe80::24f1:23ff:fe29:66,ff02::204,N/A,N/A,N/A,N/A,N/A,N/A,,,1
1759293667,eth1,70,Ethernet,IPv6,ICMP,N/A,v6,fe80::7827:e3ff:fe68:239,ff02::204,N/A,N/A,N/A,N/A,N/A,N/A,,,1
1759293667,any,72,N/A,IPv6,ICMP,N/A,v6,fe80::7827:e3ff:fe68:239,ff02::204,N/A,N/A,N/A,N/A,N/A,N/A,,,1
1759293667,any,58,N/A,IPv4,N/A,N/A,v4,172.30.0.89,224.0.0.22,N/A,N/A,N/A,N/A,N/A,N/A,,,1
1759293667,eth0,56,Ethernet,IPv4,N/A,N/A,v4,172.30.0.89,224.0.0.22,N/A,N/A,N/A,N/A,N/A,N/A,,,1
1759293667,eth0,70,Ethernet,IPv6,ICMP,N/A,v6,fe80::ecf9:eff:fefb:55,ff02::204,N/A,N/A,N/A,N/A,N/A,N/A,,,1
1759293667,eth1,70,Ethernet,IPv6,ICMP,N/A,v6,fe80::103b:bdff:fef0:169,ff02::204,N/A,N/A,N/A,N/A,N/A,N/A,,,1
1759293667,any,72,N/A,IPv6,ICMP,N/A,v6,fe80::103b:bdff:fef0:169,ff02::204,N/A,N/A,N/A,N/A,N/A,N/A,,,1
1759293667,eth0,110,Ethernet,IPv6,ICMP,N/A,v6,fe80::ecf9:eff:fefb:55,ff02::179,N/A,N/A,N/A,N/A,N/A,N/A,,,1
1759293667,any,112,N/A,IPv6,ICMP,N/A,v6,fe80::ecf9:eff:fefb:55,ff02::179,N/A,N/A,N/A,N/A,N/A,N/A,,,1
1759293667,eth0,111,Ethernet,N/A,N/A,N/A,N/A,N/A,N/A,N/A,N/A,N/A,N/A,N/A,N/A,,,1
1759293667,any,113,N/A,N/A,N/A,N/A,N/A,N/A,N/A,N/A,N/A,N/A,N/A,N/A,N/A,,,1
1759293668,any,112,N/A,IPv6,ICMP,N/A,v6,fe80::a824:52ff:fe4f:69,ff02::179,N/A,N/A,N/A,N/A,N/A,N/A,,,0
1759293668,eth1,110,Ethernet,IPv6,ICMP,N/A,v6,fe80::a824:52ff:fe4f:69,ff02::179,N/A,N/A,N/A,N/A,N/A,N/A,,,0
1759293668,any,56,N/A,IPv4,N/A,N/A,v4,172.30.0.220,224.0.0.22,N/A,N/A,N/A,N/A,N/A,N/A,,,0
1759293668,eth0,54,Ethernet,IPv4,N/A,N/A,v4,172.30.0.220,224.0.0.22,N/A,N/A,N/A,N/A,N/A,N/A,,,0
1759293668,eth0,42,Ethernet,N/A,N/A,N/A,N/A,N/A,N/A,N/A,N/A,N/A,N/A,N/A,N/A,,,0
1759293668,any,44,ARP,N/A,N/A,N/A,N/A,N/A,N/A,N/A,N/A,1,2048,172.30.0.220,172.30.0.122,,,0
1759293668,any,58,ARP,N/A,N/A,N/A,N/A,N/A,N/A,N/A,N/A,2,2048,172.30.0.122,172.30.0.220,,,0
1759293668,eth0,56,Ethernet,N/A,N/A,N/A,N/A,N/A,N/A,N/A,N/A,N/A,N/A,N/A,N/A,,,0
1759293668,eth0,56,Ethernet,N/A,N/A,N/A,N/A,N/A,N/A,N/A,N/A,N/A,N/A,N/A,N/A,,,0
1759293668,eth0,70,Ethernet,IPv6,ICMP,N/A,v6,fe80::5ca9:83ff:fe87:27,ff02::204,N/A,N/A,N/A,N/A,N/A,N/A,,,0
1759293668,eth1,70,Ethernet,IPv6,ICMP,N/A,v6,fe80::a824:52ff:fe4f:69,ff02::204,N/A,N/A,N/A,N/A,N/A,N/A,,,0
1759293668,eth0,90,Ethernet,IPv6,ICMP,N/A,v6,fe80::b0b5:44ff:feea:219,ff02::179,N/A,N/A,N/A,N/A,N/A,N/A,,,1
1759293668,eth0,54,Ethernet,IPv4,N/A,N/A,v4,172.30.0.163,224.0.0.22,N/A,N/A,N/A,N/A,N/A,N/A,,,1
1759293668,any,92,N/A,IPv6,ICMP,N/A,v6,fe80::b0b5:44ff:feea:219,ff02::179,N/A,N/A,N/A,N/A,N/A,N/A,,,1
1759293668,eth0,68,Ethernet,IPv4,UDP,N/A,v4,172.30.0.163,224.0.0.252,5355,5355,N/A,N/A,N/A,N/A,,,1
1759293668,any,70,N/A,IPv4,UDP,N/A,v4,172.30.0.163,224.0.0.252,5355,5355,N/A,N/A,N/A,N/A,,,1
1759293668,any,359,N/A,IPv4,UDP,N/A,v4,0.0.0.0,255.255.255.255,68,67,N/A,N/A,N/A,N/A,,,1
1759293668,eth0,357,Ethernet,IPv4,UDP,N/A,v4,0.0.0.0,255.255.255.255,68,67,N/A,N/A,N/A,N/A,,,1
1759293668,eth0,369,Ethernet,IPv4,UDP,N/A,v4,0.0.0.0,255.255.255.255,68,67,N/A,N/A,N/A,N/A,,,1
1759293668,any,371,N/A,IPv4,UDP,N/A,v4,0.0.0.0,255.255.255.255,68,67,N/A,N/A,N/A,N/A,,,1
1759293668,eth1,110,Ethernet,IPv6,ICMP,N/A,v6,fe80::780a:a9ff:fee6:89,ff02::179,N/A,N/A,N/A,N/A,N/A,N/A,,,1
1759293668,any,112,N/A,IPv6,ICMP,N/A,v6,fe80::780a:a9ff:fee6:89,ff02::179,N/A,N/A,N/A,N/A,N/A,N/A,,,1
1759293668,any,44,ARP,N/A,N/A,N/A,N/A,N/A,N/A,N/A,N/A,1,2048,172.30.0.163,172.30.0.122,,,1
1759293668,eth0,42,Ethernet,N/A,N/A,N/A,N/A,N/A,N/A,N/A,N/A,N/A,N/A,N/A,N/A,,,1
1759293668,any,112,N/A,IPv6,ICMP,N/A,v6,fe80::b0b5:44ff:feea:219,ff02::179,N/A,N/A,N/A,N/A,N/A,N/A,,,1
1759293668,eth0,110,Ethernet,IPv6,ICMP,N/A,v6,fe80::b0b5:44ff:feea:219,ff02::179,N/A,N/A,N/A,N/A,N/A,N/A,,,1
1759293668,eth0,54,Ethernet,IPv4,N/A,N/A,v4,172.30.0.163,224.0.0.22,N/A,N/A,N/A,N/A,N/A,N/A,,,1
1759293668,any,112,N/A,IPv6,ICMP,N/A,v6,fe80::b0b5:44ff:feea:219,ff02::179,N/A,N/A,N/A,N/A,N/A,N/A,,,1
1759293668,eth0,110,Ethernet,IPv6,ICMP,N/A,v6,fe80::b0b5:44ff:feea:219,ff02::179,N/A,N/A,N/A,N/A,N/A,N/A,,,1
1759293668,any,113,N/A,N/A,N/A,N/A,N/A,N/A,N/A,N/A,N/A,N/A,N/A,N/A,N/A,,,1
1759293668,eth0,111,Ethernet,N/A,N/A,N/A,N/A,N/A,N/A,N/A,N/A,N/A,N/A,N/A,N/A,,,1
1759293668,any,109,N/A,N/A,N/A,N/A,N/A,N/A,N/A,N/A,N/A,N/A,N/A,N/A,N/A,,,0
1759293668,eth0,107,Ethernet,N/A,N/A,N/A,N/A,N/A,N/A,N/A,N/A,N/A,N/A,N/A,N/A,,,0
1759293668,any,112,N/A,IPv6,ICMP,N/A,v6,fe80::5ca9:83ff:fe87:27,ff02::179,N/A,N/A,N/A,N/A,N/A,N/A,,,0
1759293668,eth0,110,Ethernet,IPv6,ICMP,N/A,v6,fe80::5ca9:83ff:fe87:27,ff02::179,N/A,N/A,N/A,N/A,N/A,N/A,,,0
1759293669,eth0,54,Ethernet,IPv4,N/A,N/A,v4,172.30.0.163,224.0.0.22,N/A,N/A,N/A,N/A,N/A,N/A,,,1
1759293669,any,56,N/A,IPv4,N/A,N/A,v4,172.30.0.163,224.0.0.22,N/A,N/A,N/A,N/A,N/A,N/A,,,1
1759293669,any,112,N/A,IPv6,ICMP,N/A,v6,fe80::780a:a9ff:fee6:89,ff02::179,N/A,N/A,N/A,N/A,N/A,N/A,,,1
1759293669,eth1,110,Ethernet,IPv6,ICMP,N/A,v6,fe80::780a:a9ff:fee6:89,ff02::179,N/A,N/A,N/A,N/A,N/A,N/A,,,1
1759293669,eth1,70,Ethernet,IPv6,ICMP,N/A,v6,fe80::780a:a9ff:fee6:89,ff02::204,N/A,N/A,N/A,N/A,N/A,N/A,,,1
1759293669,eth0,70,Ethernet,IPv6,ICMP,N/A,v6,fe80::b0b5:44ff:feea:219,ff02::204,N/A,N/A,N/A,N/A,N/A,N/A,,,1
1759293669,any,72,N/A,IPv6,ICMP,N/A,v6,fe80::b0b5:44ff:feea:219,ff02::204,N/A,N/A,N/A,N/A,N/A,N/A,,,1
1759293669,any,72,N/A,IPv6,ICMP,N/A,v6,fe80::780a:a9ff:fee6:89,ff02::204,N/A,N/A,N/A,N/A,N/A,N/A,,,1
1759293669,eth0,111,Ethernet,N/A,N/A,N/A,N/A,N/A,N/A,N/A,N/A,N/A,N/A,N/A,N/A,,,1
1759293669,any,113,N/A,N/A,N/A,N/A,N/A,N/A,N/A,N/A,N/A,N/A,N/A,N/A,N/A,,,1
1759293669,any,109,N/A,N/A,N/A,N/A,N/A,N/A,N/A,N/A,N/A,N/A,N/A,N/A,N/A,,,0
1759293669,eth0,107,Ethernet,N/A,N/A,N/A,N/A,N/A,N/A,N/A,N/A,N/A,N/A,N/A,N/A,,,0
1759293670,eth0,90,Ethernet,IPv6,ICMP,N/A,v6,fe80::24f1:23ff:fe29:66,ff02::179,N/A,N/A,N/A,N/A,N/A,N/A,,,1
1759293670,eth0,54,Ethernet,IPv4,N/A,N/A,v4,172.30.0.23,224.0.0.22,N/A,N/A,N/A,N/A,N/A,N/A,,,1
1759293670,any,92,N/A,IPv6,ICMP,N/A,v6,fe80::24f1:23ff:fe29:66,ff02::179,N/A,N/A,N/A,N/A,N/A,N/A,,,1
1759293670,any,92,N/A,IPv6,ICMP,N/A,v6,fe80::24f1:23ff:fe29:66,ff02::179,N/A,N/A,N/A,N/A,N/A,N/A,,,1
1759293670,eth0,90,Ethernet,IPv6,ICMP,N/A,v6,fe80::24f1:23ff:fe29:66,ff02::179,N/A,N/A,N/A,N/A,N/A,N/A,,,1
1759293670,eth0,87,Ethernet,IPv6,UDP,N/A,v6,fe80::24f1:23ff:fe29:66,ff02::1:52,5355,5355,N/A,N/A,N/A,N/A,,,1
1759293670,eth0,67,Ethernet,IPv4,UDP,N/A,v4,172.30.0.23,224.0.0.252,5355,5355,N/A,N/A,N/A,N/A,,,1
1759293670,any,89,N/A,IPv6,UDP,N/A,v6,fe80::24f1:23ff:fe29:66,ff02::1:52,5355,5355,N/A,N/A,N/A,N/A,,,1
1759293670,eth0,356,Ethernet,IPv4,UDP,N/A,v4,0.0.0.0,255.255.255.255,68,67,N/A,N/A,N/A,N/A,,,1
1759293670,any,358,N/A,IPv4,UDP,N/A,v4,0.0.0.0,255.255.255.255,68,67,N/A,N/A,N/A,N/A,,,1
1759293670,any,370,N/A,IPv4,UDP,N/A,v4,0.0.0.0,255.255.255.255,68,67,N/A,N/A,N/A,N/A,,,1
1759293670,eth0,368,Ethernet,IPv4,UDP,N/A,v4,0.0.0.0,255.255.255.255,68,67,N/A,N/A,N/A,N/A,,,1
1759293670,eth0,110,Ethernet,IPv6,ICMP,N/A,v6,fe80::24f1:23ff:fe29:66,ff02::179,N/A,N/A,N/A,N/A,N/A,N/A,,,1
1759293670,eth1,110,Ethernet,IPv6,ICMP,N/A,v6,fe80::7827:e3ff:fe68:239,ff02::179,N/A,N/A,N/A,N/A,N/A,N/A,,,1
1759293670,any,112,N/A,IPv6,ICMP,N/A,v6,fe80::7827:e3ff:fe68:239,ff02::179,N/A,N/A,N/A,N/A,N/A,N/A,,,1
1759293670,any,112,N/A,IPv6,ICMP,N/A,v6,fe80::24f1:23ff:fe29:66,ff02::179,N/A,N/A,N/A,N/A,N/A,N/A,,,1
1759293670,eth0,110,Ethernet,IPv6,ICMP,N/A,v6,fe80::24f1:23ff:fe29:66,ff02::179,N/A,N/A,N/A,N/A,N/A,N/A,,,1
1759293670,eth0,54,Ethernet,IPv4,N/A,N/A,v4,172.30.0.23,224.0.0.22,N/A,N/A,N/A,N/A,N/A,N/A,,,1
1759293670,eth0,42,Ethernet,N/A,N/A,N/A,N/A,N/A,N/A,N/A,N/A,N/A,N/A,N/A,N/A,,,1
1759293670,eth0,90,Ethernet,IPv6,ICMP,N/A,v6,fe80::e48e:99ff:fe5f:147,ff02::179,N/A,N/A,N/A,N/A,N/A,N/A,,,1
1759293670,eth0,54,Ethernet,IPv4,N/A,N/A,v4,172.30.0.220,224.0.0.22,N/A,N/A,N/A,N/A,N/A,N/A,,,1
1759293670,any,92,N/A,IPv6,ICMP,N/A,v6,fe80::e48e:99ff:fe5f:147,ff02::179,N/A,N/A,N/A,N/A,N/A,N/A,,,1
1759293670,eth0,54,Ethernet,IPv4,N/A,N/A,v4,172.30.0.23,224.0.0.22,N/A,N/A,N/A,N/A,N/A,N/A,,,1
1759293670,any,56,N/A,IPv4,N/A,N/A,v4,172.30.0.23,224.0.0.22,N/A,N/A,N/A,N/A,N/A,N/A,,,1
1759293670,eth0,360,Ethernet,IPv4,UDP,N/A,v4,0.0.0.0,255.255.255.255,68,67,N/A,N/A,N/A,N/A,,,1
1759293670,eth0,372,Ethernet,IPv4,UDP,N/A,v4,0.0.0.0,255.255.255.255,68,67,N/A,N/A,N/A,N/A,,,1
1759293670,eth0,110,Ethernet,IPv6,ICMP,N/A,v6,fe80::e48e:99ff:fe5f:147,ff02::179,N/A,N/A,N/A,N/A,N/A,N/A,,,1
1759293670,eth0,54,Ethernet,IPv4,N/A,N/A,v4,172.30.0.220,224.0.0.22,N/A,N/A,N/A,N/A,N/A,N/A,,,1
1759293670,eth0,42,Ethernet,N/A,N/A,N/A,N/A,N/A,N/A,N/A,N/A,N/A,N/A,N/A,N/A,,,1
1759293670,eth0,56,Ethernet,N/A,N/A,N/A,N/A,N/A,N/A,N/A,N/A,N/A,N/A,N/A,N/A,,,1
1759293670,eth0,56,Ethernet,N/A,N/A,N/A,N/A,N/A,N/A,N/A,N/A,N/A,N/A,N/A,N/A,,,1
1759293670,eth0,54,Ethernet,IPv4,N/A,N/A,v4,172.30.0.220,224.0.0.22,N/A,N/A,N/A,N/A,N/A,N/A,,,1
1759293670,any,362,N/A,IPv4,UDP,N/A,v4,0.0.0.0,255.255.255.255,68,67,N/A,N/A,N/A,N/A,,,1
1759293670,any,374,N/A,IPv4,UDP,N/A,v4,0.0.0.0,255.255.255.255,68,67,N/A,N/A,N/A,N/A,,,1
1759293670,any,112,N/A,IPv6,ICMP,N/A,v6,fe80::f056:abff:fe65:143,ff02::179,N/A,N/A,N/A,N/A,N/A,N/A,,,1
1759293670,any,112,N/A,IPv6,ICMP,N/A,v6,fe80::e48e:99ff:fe5f:147,ff02::179,N/A,N/A,N/A,N/A,N/A,N/A,,,1
1759293670,any,44,ARP,N/A,N/A,N/A,N/A,N/A,N/A,N/A,N/A,1,2048,172.30.0.220,172.30.0.122,,,1
1759293670,any,58,ARP,N/A,N/A,N/A,N/A,N/A,N/A,N/A,N/A,2,2048,172.30.0.122,172.30.0.220,,,1
1759293670,any,56,N/A,IPv4,N/A,N/A,v4,172.30.0.220,224.0.0.22,N/A,N/A,N/A,N/A,N/A,N/A,,,1
1759293670,any,112,N/A,IPv6,ICMP,N/A,v6,fe80::f056:abff:fe65:143,ff02::179,N/A,N/A,N/A,N/A,N/A,N/A,,,1
1759293670,eth2,110,Ethernet,IPv6,ICMP,N/A,v6,fe80::dcac:f9ff:fe59:60,ff02::179,N/A,N/A,N/A,N/A,N/A,N/A,,,1
1759293670,eth1,110,Ethernet,IPv6,ICMP,N/A,v6,fe80::f056:abff:fe65:143,ff02::179,N/A,N/A,N/A,N/A,N/A,N/A,,,1
1759293670,eth1,110,Ethernet,IPv6,ICMP,N/A,v6,fe80::f056:abff:fe65:143,ff02::179,N/A,N/A,N/A,N/A,N/A,N/A,,,1
1759293670,eth0,70,Ethernet,IPv6,ICMP,N/A,v6,fe80::ecf9:eff:fefb:55,ff02::204,N/A,N/A,N/A,N/A,N/A,N/A,,,1
1759293670,any,72,N/A,IPv6,ICMP,N/A,v6,fe80::ecf9:eff:fefb:55,ff02::204,N/A,N/A,N/A,N/A,N/A,N/A,,,1
1759293670,eth0,107,Ethernet,N/A,N/A,N/A,N/A,N/A,N/A,N/A,N/A,N/A,N/A,N/A,N/A,,,0
1759293670,any,109,N/A,N/A,N/A,N/A,N/A,N/A,N/A,N/A,N/A,N/A,N/A,N/A,N/A,,,0
1759293671,any,72,N/A,IPv6,ICMP,N/A,v6,fe80::7827:e3ff:fe68:239,ff02::204,N/A,N/A,N/A,N/A,N/A,N/A,,,1
1759293671,eth1,70,Ethernet,IPv6,ICMP,N/A,v6,fe80::7827:e3ff:fe68:239,ff02::204,N/A,N/A,N/A,N/A,N/A,N/A,,,1
1759293671,eth0,70,Ethernet,IPv6,ICMP,N/A,v6,fe80::24f1:23ff:fe29:66,ff02::204,N/A,N/A,N/A,N/A,N/A,N/A,,,1
1759293671,any,112,N/A,IPv6,ICMP,N/A,v6,fe80::7827:e3ff:fe68:239,ff02::179,N/A,N/A,N/A,N/A,N/A,N/A,,,1
1759293671,eth1,110,Ethernet,IPv6,ICMP,N/A,v6,fe80::7827:e3ff:fe68:239,ff02::179,N/A,N/A,N/A,N/A,N/A,N/A,,,1
1759293671,any,72,N/A,IPv6,ICMP,N/A,v6,fe80::103b:bdff:fef0:169,ff02::204,N/A,N/A,N/A,N/A,N/A,N/A,,,1
1759293671,eth1,70,Ethernet,IPv6,ICMP,N/A,v6,fe80::103b:bdff:fef0:169,ff02::204,N/A,N/A,N/A,N/A,N/A,N/A,,,1
1759293671,eth0,110,Ethernet,IPv6,ICMP,N/A,v6,fe80::e48e:99ff:fe5f:147,ff02::179,N/A,N/A,N/A,N/A,N/A,N/A,,,1
1759293671,any,112,N/A,IPv6,ICMP,N/A,v6,fe80::e48e:99ff:fe5f:147,ff02::179,N/A,N/A,N/A,N/A,N/A,N/A,,,1
1759293671,eth0,90,Ethernet,IPv6,ICMP,N/A,v6,fe80::24f1:23ff:fe29:66,ff02::179,N/A,N/A,N/A,N/A,N/A,N/A,,,1
1759293671,any,92,N/A,IPv6,ICMP,N/A,v6,fe80::24f1:23ff:fe29:66,ff02::179,N/A,N/A,N/A,N/A,N/A,N/A,,,1
1759293671,eth0,90,Ethernet,IPv6,ICMP,N/A,v6,fe80::ecf9:eff:fefb:55,ff02::179,N/A,N/A,N/A,N/A,N/A,N/A,,,1
1759293671,eth0,56,Ethernet,IPv4,N/A,N/A,v4,172.30.0.89,224.0.0.22,N/A,N/A,N/A,N/A,N/A,N/A,,,1
1759293671,any,92,N/A,IPv6,ICMP,N/A,v6,fe80::ecf9:eff:fefb:55,ff02::179,N/A,N/A,N/A,N/A,N/A,N/A,,,1
1759293671,any,58,N/A,IPv4,N/A,N/A,v4,172.30.0.89,224.0.0.22,N/A,N/A,N/A,N/A,N/A,N/A,,,1
1759293671,eth2,110,Ethernet,IPv6,ICMP,N/A,v6,fe80::dcac:f9ff:fe59:60,ff02::179,N/A,N/A,N/A,N/A,N/A,N/A,,,1
1759293671,any,112,N/A,IPv6,ICMP,N/A,v6,fe80::dcac:f9ff:fe59:60,ff02::179,N/A,N/A,N/A,N/A,N/A,N/A,,,1
1759293671,any,89,N/A,IPv6,UDP,N/A,v6,fe80::ecf9:eff:fefb:55,ff02::1:52,5355,5355,N/A,N/A,N/A,N/A,,,1
1759293671,eth0,87,Ethernet,IPv6,UDP,N/A,v6,fe80::ecf9:eff:fefb:55,ff02::1:52,5355,5355,N/A,N/A,N/A,N/A,,,1
1759293671,eth0,67,Ethernet,IPv4,UDP,N/A,v4,172.30.0.89,224.0.0.252,5355,5355,N/A,N/A,N/A,N/A,,,1
1759293671,eth0,70,Ethernet,IPv6,ICMP,N/A,v6,fe80::e48e:99ff:fe5f:147,ff02::204,N/A,N/A,N/A,N/A,N/A,N/A,,,1
1759293671,eth1,70,Ethernet,IPv6,ICMP,N/A,v6,fe80::f056:abff:fe65:143,ff02::204,N/A,N/A,N/A,N/A,N/A,N/A,,,1
1759293671,eth2,70,Ethernet,IPv6,ICMP,N/A,v6,fe80::dcac:f9ff:fe59:60,ff02::204,N/A,N/A,N/A,N/A,N/A,N/A,,,1
1759293671,any,72,N/A,IPv6,ICMP,N/A,v6,fe80::dcac:f9ff:fe59:60,ff02::204,N/A,N/A,N/A,N/A,N/A,N/A,,,1
1759293671,eth0,356,Ethernet,IPv4,UDP,N/A,v4,0.0.0.0,255.255.255.255,68,67,N/A,N/A,N/A,N/A,,,1
1759293671,any,358,N/A,IPv4,UDP,N/A,v4,0.0.0.0,255.255.255.255,68,67,N/A,N/A,N/A,N/A,,,1
1759293671,eth0,368,Ethernet,IPv4,UDP,N/A,v4,0.0.0.0,255.255.255.255,68,67,N/A,N/A,N/A,N/A,,,1
1759293671,any,370,N/A,IPv4,UDP,N/A,v4,0.0.0.0,255.255.255.255,68,67,N/A,N/A,N/A,N/A,,,1
1759293671,any,112,N/A,IPv6,ICMP,N/A,v6,fe80::103b:bdff:fef0:169,ff02::179,N/A,N/A,N/A,N/A,N/A,N/A,,,1
1759293671,eth1,110,Ethernet,IPv6,ICMP,N/A,v6,fe80::103b:bdff:fef0:169,ff02::179,N/A,N/A,N/A,N/A,N/A,N/A,,,1
1759293671,eth0,107,Ethernet,N/A,N/A,N/A,N/A,N/A,N/A,N/A,N/A,N/A,N/A,N/A,N/A,,,0
1759293671,any,109,N/A,N/A,N/A,N/A,N/A,N/A,N/A,N/A,N/A,N/A,N/A,N/A,N/A,,,0
1759293671,any,112,N/A,IPv6,ICMP,N/A,v6,fe80::ecf9:eff:fefb:55,ff02::179,N/A,N/A,N/A,N/A,N/A,N/A,,,1
1759293671,any,58,N/A,IPv4,N/A,N/A,v4,172.30.0.89,224.0.0.22,N/A,N/A,N/A,N/A,N/A,N/A,,,1
1759293671,eth0,110,Ethernet,IPv6,ICMP,N/A,v6,fe80::ecf9:eff:fefb:55,ff02::179,N/A,N/A,N/A,N/A,N/A,N/A,,,1
1759293671,eth0,56,Ethernet,IPv4,N/A,N/A,v4,172.30.0.89,224.0.0.22,N/A,N/A,N/A,N/A,N/A,N/A,,,1
1759293671,eth0,56,Ethernet,N/A,N/A,N/A,N/A,N/A,N/A,N/A,N/A,N/A,N/A,N/A,N/A,,,1
1759293671,any,58,ARP,N/A,N/A,N/A,N/A,N/A,N/A,N/A,N/A,1,2048,172.30.0.89,172.30.0.122,,,1
1759293671,any,58,N/A,IPv4,N/A,N/A,v4,172.30.0.89,224.0.0.22,N/A,N/A,N/A,N/A,N/A,N/A,,,1
1759293671,eth0,56,Ethernet,IPv4,N/A,N/A,v4,172.30.0.89,224.0.0.22,N/A,N/A,N/A,N/A,N/A,N/A,,,1
1759293671,any,113,N/A,N/A,N/A,N/A,N/A,N/A,N/A,N/A,N/A,N/A,N/A,N/A,N/A,,,1
1759293671,eth0,111,Ethernet,N/A,N/A,N/A,N/A,N/A,N/A,N/A,N/A,N/A,N/A,N/A,N/A,,,1
1759293671,any,112,N/A,IPv6,ICMP,N/A,v6,fe80::103b:bdff:fef0:169,ff02::179,N/A,N/A,N/A,N/A,N/A,N/A,,,1
1759293671,eth1,110,Ethernet,IPv6,ICMP,N/A,v6,fe80::103b:bdff:fef0:169,ff02::179,N/A,N/A,N/A,N/A,N/A,N/A,,,1
1759293672,eth1,70,Ethernet,IPv6,ICMP,N/A,v6,fe80::a824:52ff:fe4f:69,ff02::204,N/A,N/A,N/A,N/A,N/A,N/A,,,0
1759293672,any,72,N/A,IPv6,ICMP,N/A,v6,fe80::a824:52ff:fe4f:69,ff02::204,N/A,N/A,N/A,N/A,N/A,N/A,,,0
1759293672,eth0,90,Ethernet,IPv6,ICMP,N/A,v6,fe80::5ca9:83ff:fe87:27,ff02::179,N/A,N/A,N/A,N/A,N/A,N/A,,,0
1759293672,eth0,54,Ethernet,IPv4,N/A,N/A,v4,172.30.0.220,224.0.0.22,N/A,N/A,N/A,N/A,N/A,N/A,,,0
1759293672,any,92,N/A,IPv6,ICMP,N/A,v6,fe80::5ca9:83ff:fe87:27,ff02::179,N/A,N/A,N/A,N/A,N/A,N/A,,,0
1759293672,eth0,67,Ethernet,IPv4,UDP,N/A,v4,172.30.0.220,224.0.0.252,5355,5355,N/A,N/A,N/A,N/A,,,0
1759293672,eth0,87,Ethernet,IPv6,UDP,N/A,v6,fe80::5ca9:83ff:fe87:27,ff02::1:52,5355,5355,N/A,N/A,N/A,N/A,,,0
1759293672,any,69,N/A,IPv4,UDP,N/A,v4,172.30.0.220,224.0.0.252,5355,5355,N/A,N/A,N/A,N/A,,,0
1759293672,eth0,356,Ethernet,IPv4,UDP,N/A,v4,0.0.0.0,255.255.255.255,68,67,N/A,N/A,N/A,N/A,,,0
1759293672,any,358,N/A,IPv4,UDP,N/A,v4,0.0.0.0,255.255.255.255,68,67,N/A,N/A,N/A,N/A,,,0
1759293672,eth0,368,Ethernet,IPv4,UDP,N/A,v4,0.0.0.0,255.255.255.255,68,67,N/A,N/A,N/A,N/A,,,0
1759293672,any,370,N/A,IPv4,UDP,N/A,v4,0.0.0.0,255.255.255.255,68,67,N/A,N/A,N/A,N/A,,,0
1759293672,eth1,110,Ethernet,IPv6,ICMP,N/A,v6,fe80::a824:52ff:fe4f:69,ff02::179,N/A,N/A,N/A,N/A,N/A,N/A,,,0
1759293672,any,112,N/A,IPv6,ICMP,N/A,v6,fe80::a824:52ff:fe4f:69,ff02::179,N/A,N/A,N/A,N/A,N/A,N/A,,,0
1759293672,eth0,110,Ethernet,IPv6,ICMP,N/A,v6,fe80::5ca9:83ff:fe87:27,ff02::179,N/A,N/A,N/A,N/A,N/A,N/A,,,0
1759293672,any,112,N/A,IPv6,ICMP,N/A,v6,fe80::ecf9:eff:fefb:55,ff02::179,N/A,N/A,N/A,N/A,N/A,N/A,,,1
1759293672,eth0,110,Ethernet,IPv6,ICMP,N/A,v6,fe80::ecf9:eff:fefb:55,ff02::179,N/A,N/A,N/A,N/A,N/A,N/A,,,1
1759293672,eth0,70,Ethernet,IPv6,ICMP,N/A,v6,fe80::ecf9:eff:fefb:55,ff02::204,N/A,N/A,N/A,N/A,N/A,N/A,,,1
1759293672,any,72,N/A,IPv6,ICMP,N/A,v6,fe80::ecf9:eff:fefb:55,ff02::204,N/A,N/A,N/A,N/A,N/A,N/A,,,1
1759293672,eth1,70,Ethernet,IPv6,ICMP,N/A,v6,fe80::103b:bdff:fef0:169,ff02::204,N/A,N/A,N/A,N/A,N/A,N/A,,,1
1759293672,any,58,ARP,N/A,N/A,N/A,N/A,N/A,N/A,N/A,N/A,1,2048,172.30.0.122,172.30.0.194,,,1
1759293672,any,58,ARP,N/A,N/A,N/A,N/A,N/A,N/A,N/A,N/A,1,2048,172.30.0.122,172.30.0.194,,,1
1759293672,eth0,56,Ethernet,N/A,N/A,N/A,N/A,N/A,N/A,N/A,N/A,N/A,N/A,N/A,N/A,,,1
1759293672,eth0,56,Ethernet,N/A,N/A,N/A,N/A,N/A,N/A,N/A,N/A,N/A,N/A,N/A,N/A,,,1
1759293672,eth0,54,Ethernet,IPv4,N/A,N/A,v4,172.30.0.220,224.0.0.22,N/A,N/A,N/A,N/A,N/A,N/A,,,0
1759293672,eth0,42,Ethernet,N/A,N/A,N/A,N/A,N/A,N/A,N/A,N/A,N/A,N/A,N/A,N/A,,,0
1759293672,eth0,56,Ethernet,N/A,N/A,N/A,N/A,N/A,N/A,N/A,N/A,N/A,N/A,N/A,N/A,,,0
1759293672,eth0,56,Ethernet,N/A,N/A,N/A,N/A,N/A,N/A,N/A,N/A,N/A,N/A,N/A,N/A,,,0
1759293672,any,112,N/A,IPv6,ICMP,N/A,v6,fe80::5ca9:83ff:fe87:27,ff02::179,N/A,N/A,N/A,N/A,N/A,N/A,,,0
1759293672,any,44,ARP,N/A,N/A,N/A,N/A,N/A,N/A,N/A,N/A,1,2048,172.30.0.220,172.30.0.122,,,0
1759293672,any,58,ARP,N/A,N/A,N/A,N/A,N/A,N/A,N/A,N/A,2,2048,172.30.0.122,172.30.0.220,,,0
1759293672,any,58,ARP,N/A,N/A,N/A,N/A,N/A,N/A,N/A,N/A,2,2048,172.30.0.122,172.30.0.220,,,0
1759293672,any,112,N/A,IPv6,ICMP,N/A,v6,fe80::a824:52ff:fe4f:69,ff02::179,N/A,N/A,N/A,N/A,N/A,N/A,,,0
1759293672,eth1,110,Ethernet,IPv6,ICMP,N/A,v6,fe80::a824:52ff:fe4f:69,ff02::179,N/A,N/A,N/A,N/A,N/A,N/A,,,0
1759293673,any,72,N/A,IPv6,ICMP,N/A,v6,fe80::780a:a9ff:fee6:89,ff02::204,N/A,N/A,N/A,N/A,N/A,N/A,,,1
1759293673,eth1,70,Ethernet,IPv6,ICMP,N/A,v6,fe80::780a:a9ff:fee6:89,ff02::204,N/A,N/A,N/A,N/A,N/A,N/A,,,1
1759293673,eth0,111,Ethernet,N/A,N/A,N/A,N/A,N/A,N/A,N/A,N/A,N/A,N/A,N/A,N/A,,,1
1759293673,any,113,N/A,N/A,N/A,N/A,N/A,N/A,N/A,N/A,N/A,N/A,N/A,N/A,N/A,,,1
1759293673,any,72,N/A,IPv6,ICMP,N/A,v6,fe80::b0b5:44ff:feea:219,ff02::204,N/A,N/A,N/A,N/A,N/A,N/A,,,1
1759293673,eth0,70,Ethernet,IPv6,ICMP,N/A,v6,fe80::b0b5:44ff:feea:219,ff02::204,N/A,N/A,N/A,N/A,N/A,N/A,,,1
1759293673,any,92,N/A,IPv6,ICMP,N/A,v6,fe80::b0b5:44ff:feea:219,ff02::179,N/A,N/A,N/A,N/A,N/A,N/A,,,1
1759293673,eth0,90,Ethernet,IPv6,ICMP,N/A,v6,fe80::b0b5:44ff:feea:219,ff02::179,N/A,N/A,N/A,N/A,N/A,N/A,,,1
1759293673,eth0,54,Ethernet,IPv4,N/A,N/A,v4,172.30.0.163,224.0.0.22,N/A,N/A,N/A,N/A,N/A,N/A,,,1
1759293673,eth0,68,Ethernet,IPv4,UDP,N/A,v4,172.30.0.163,224.0.0.252,5355,5355,N/A,N/A,N/A,N/A,,,1
1759293673,eth0,88,Ethernet,IPv6,UDP,N/A,v6,fe80::b0b5:44ff:feea:219,ff02::1:52,5355,5355,N/A,N/A,N/A,N/A,,,1
1759293673,any,70,N/A,IPv4,UDP,N/A,v4,172.30.0.163,224.0.0.252,5355,5355,N/A,N/A,N/A,N/A,,,1
1759293673,any,90,N/A,IPv6,UDP,N/A,v6,fe80::b0b5:44ff:feea:219,ff02::1:52,5355,5355,N/A,N/A,N/A,N/A,,,1
1759293673,eth0,357,Ethernet,IPv4,UDP,N/A,v4,0.0.0.0,255.255.255.255,68,67,N/A,N/A,N/A,N/A,,,1
1759293673,any,359,N/A,IPv4,UDP,N/A,v4,0.0.0.0,255.255.255.255,68,67,N/A,N/A,N/A,N/A,,,1
1759293673,eth0,369,Ethernet,IPv4,UDP,N/A,v4,0.0.0.0,255.255.255.255,68,67,N/A,N/A,N/A,N/A,,,1
1759293673,any,371,N/A,IPv4,UDP,N/A,v4,0.0.0.0,255.255.255.255,68,67,N/A,N/A,N/A,N/A,,,1
1759293673,eth1,110,Ethernet,IPv6,ICMP,N/A,v6,fe80::780a:a9ff:fee6:89,ff02::179,N/A,N/A,N/A,N/A,N/A,N/A,,,1
1759293673,any,112,N/A,IPv6,ICMP,N/A,v6,fe80::780a:a9ff:fee6:89,ff02::179,N/A,N/A,N/A,N/A,N/A,N/A,,,1
1759293673,eth0,110,Ethernet,IPv6,ICMP,N/A,v6,fe80::b0b5:44ff:feea:219,ff02::179,N/A,N/A,N/A,N/A,N/A,N/A,,,1
1759293673,eth0,54,Ethernet,IPv4,N/A,N/A,v4,172.30.0.163,224.0.0.22,N/A,N/A,N/A,N/A,N/A,N/A,,,1
1759293673,any,112,N/A,IPv6,ICMP,N/A,v6,fe80::b0b5:44ff:feea:219,ff02::179,N/A,N/A,N/A,N/A,N/A,N/A,,,1
1759293673,eth0,42,Ethernet,N/A,N/A,N/A,N/A,N/A,N/A,N/A,N/A,N/A,N/A,N/A,N/A,,,1
1759293673,any,44,ARP,N/A,N/A,N/A,N/A,N/A,N/A,N/A,N/A,1,2048,172.30.0.163,172.30.0.122,,,1
1759293673,any,56,N/A,IPv4,N/A,N/A,v4,172.30.0.163,224.0.0.22,N/A,N/A,N/A,N/A,N/A,N/A,,,1
1759293673,eth0,54,Ethernet,IPv4,N/A,N/A,v4,172.30.0.163,224.0.0.22,N/A,N/A,N/A,N/A,N/A,N/A,,,1
1759293673,any,56,N/A,IPv4,N/A,N/A,v4,172.30.0.220,224.0.0.22,N/A,N/A,N/A,N/A,N/A,N/A,,,0
1759293673,eth0,54,Ethernet,IPv4,N/A,N/A,v4,172.30.0.220,224.0.0.22,N/A,N/A,N/A,N/A,N/A,N/A,,,0
1759293673,eth1,70,Ethernet,IPv6,ICMP,N/A,v6,fe80::a824:52ff:fe4f:69,ff02::204,N/A,N/A,N/A,N/A,N/A,N/A,,,0
1759293673,any,72,N/A,IPv6,ICMP,N/A,v6,fe80::a824:52ff:fe4f:69,ff02::204,N/A,N/A,N/A,N/A,N/A,N/A,,,0
1759293673,eth0,70,Ethernet,IPv6,ICMP,N/A,v6,fe80::5ca9:83ff:fe87:27,ff02::204,N/A,N/A,N/A,N/A,N/A,N/A,,,0
1759293673,eth0,110,Ethernet,IPv6,ICMP,N/A,v6,fe80::5ca9:83ff:fe87:27,ff02::179,N/A,N/A,N/A,N/A,N/A,N/A,,,0
1759293673,any,112,N/A,IPv6,ICMP,N/A,v6,fe80::5ca9:83ff:fe87:27,ff02::179,N/A,N/A,N/A,N/A,N/A,N/A,,,0
1759293673,eth0,107,Ethernet,N/A,N/A,N/A,N/A,N/A,N/A,N/A,N/A,N/A,N/A,N/A,N/A,,,0
1759293673,any,109,N/A,N/A,N/A,N/A,N/A,N/A,N/A,N/A,N/A,N/A,N/A,N/A,N/A,,,0
1759293674,eth0,111,Ethernet,N/A,N/A,N/A,N/A,N/A,N/A,N/A,N/A,N/A,N/A,N/A,N/A,,,1
1759293674,any,113,N/A,N/A,N/A,N/A,N/A,N/A,N/A,N/A,N/A,N/A,N/A,N/A,N/A,,,1
1759293674,any,72,N/A,IPv6,ICMP,N/A,v6,fe80::780a:a9ff:fee6:89,ff02::204,N/A,N/A,N/A,N/A,N/A,N/A,,,1
1759293674,any,112,N/A,IPv6,ICMP,N/A,v6,fe80::780a:a9ff:fee6:89,ff02::179,N/A,N/A,N/A,N/A,N/A,N/A,,,1
1759293674,eth1,70,Ethernet,IPv6,ICMP,N/A,v6,fe80::780a:a9ff:fee6:89,ff02::204,N/A,N/A,N/A,N/A,N/A,N/A,,,1
1759293674,eth1,110,Ethernet,IPv6,ICMP,N/A,v6,fe80::780a:a9ff:fee6:89,ff02::179,N/A,N/A,N/A,N/A,N/A,N/A,,,1
1759293674,eth0,70,Ethernet,IPv6,ICMP,N/A,v6,fe80::b0b5:44ff:feea:219,ff02::204,N/A,N/A,N/A,N/A,N/A,N/A,,,1
1759293674,eth0,110,Ethernet,IPv6,ICMP,N/A,v6,fe80::b0b5:44ff:feea:219,ff02::179,N/A,N/A,N/A,N/A,N/A,N/A,,,1
1759293674,eth0,90,Ethernet,IPv6,ICMP,N/A,v6,fe80::e48e:99ff:fe5f:147,ff02::179,N/A,N/A,N/A,N/A,N/A,N/A,,,1
1759293674,eth0,54,Ethernet,IPv4,N/A,N/A,v4,172.30.0.220,224.0.0.22,N/A,N/A,N/A,N/A,N/A,N/A,,,1
1759293674,any,92,N/A,IPv6,ICMP,N/A,v6,fe80::e48e:99ff:fe5f:147,ff02::179,N/A,N/A,N/A,N/A,N/A,N/A,,,1
1759293674,eth0,71,Ethernet,IPv4,UDP,N/A,v4,172.30.0.220,224.0.0.252,5355,5355,N/A,N/A,N/A,N/A,,,1
1759293674,any,73,N/A,IPv4,UDP,N/A,v4,172.30.0.220,224.0.0.252,5355,5355,N/A,N/A,N/A,N/A,,,1
1759293674,eth0,360,Ethernet,IPv4,UDP,N/A,v4,0.0.0.0,255.255.255.255,68,67,N/A,N/A,N/A,N/A,,,1
1759293674,any,362,N/A,IPv4,UDP,N/A,v4,0.0.0.0,255.255.255.255,68,67,N/A,N/A,N/A,N/A,,,1
1759293674,eth0,372,Ethernet,IPv4,UDP,N/A,v4,0.0.0.0,255.255.255.255,68,67,N/A,N/A,N/A,N/A,,,1
1759293674,any,374,N/A,IPv4,UDP,N/A,v4,0.0.0.0,255.255.255.255,68,67,N/A,N/A,N/A,N/A,,,1
1759293674,eth2,110,Ethernet,IPv6,ICMP,N/A,v6,fe80::dcac:f9ff:fe59:60,ff02::179,N/A,N/A,N/A,N/A,N/A,N/A,,,1
1759293674,any,112,N/A,IPv6,ICMP,N/A,v6,fe80::f056:abff:fe65:143,ff02::179,N/A,N/A,N/A,N/A,N/A,N/A,,,1
1759293674,eth1,110,Ethernet,IPv6,ICMP,N/A,v6,fe80::f056:abff:fe65:143,ff02::179,N/A,N/A,N/A,N/A,N/A,N/A,,,1
1759293674,any,112,N/A,IPv6,ICMP,N/A,v6,fe80::e48e:99ff:fe5f:147,ff02::179,N/A,N/A,N/A,N/A,N/A,N/A,,,1
1759293674,eth0,110,Ethernet,IPv6,ICMP,N/A,v6,fe80::e48e:99ff:fe5f:147,ff02::179,N/A,N/A,N/A,N/A,N/A,N/A,,,1
1759293674,eth0,54,Ethernet,IPv4,N/A,N/A,v4,172.30.0.220,224.0.0.22,N/A,N/A,N/A,N/A,N/A,N/A,,,1
1759293675,any,72,N/A,IPv6,ICMP,N/A,v6,fe80::24f1:23ff:fe29:66,ff02::204,N/A,N/A,N/A,N/A,N/A,N/A,,,1
1759293675,eth0,70,Ethernet,IPv6,ICMP,N/A,v6,fe80::24f1:23ff:fe29:66,ff02::204,N/A,N/A,N/A,N/A,N/A,N/A,,,1
1759293675,any,72,N/A,IPv6,ICMP,N/A,v6,fe80::7827:e3ff:fe68:239,ff02::204,N/A,N/A,N/A,N/A,N/A,N/A,,,1
1759293675,eth1,70,Ethernet,IPv6,ICMP,N/A,v6,fe80::7827:e3ff:fe68:239,ff02::204,N/A,N/A,N/A,N/A,N/A,N/A,,,1
1759293675,eth0,90,Ethernet,IPv6,ICMP,N/A,v6,fe80::24f1:23ff:fe29:66,ff02::179,N/A,N/A,N/A,N/A,N/A,N/A,,,1
1759293675,eth0,54,Ethernet,IPv4,N/A,N/A,v4,172.30.0.23,224.0.0.22,N/A,N/A,N/A,N/A,N/A,N/A,,,1
1759293675,eth0,42,Ethernet,N/A,N/A,N/A,N/A,N/A,N/A,N/A,N/A,N/A,N/A,N/A,N/A,,,1
1759293675,eth0,56,Ethernet,N/A,N/A,N/A,N/A,N/A,N/A,N/A,N/A,N/A,N/A,N/A,N/A,,,1
1759293675,eth0,70,Ethernet,IPv6,ICMP,N/A,v6,fe80::e48e:99ff:fe5f:147,ff02::204,N/A,N/A,N/A,N/A,N/A,N/A,,,1
1759293675,any,92,N/A,IPv6,ICMP,N/A,v6,fe80::24f1:23ff:fe29:66,ff02::179,N/A,N/A,N/A,N/A,N/A,N/A,,,1
1759293675,any,44,ARP,N/A,N/A,N/A,N/A,N/A,N/A,N/A,N/A,1,2048,172.30.0.220,172.30.0.122,,,1
1759293675,any,58,ARP,N/A,N/A,N/A,N/A,N/A,N/A,N/A,N/A,2,2048,172.30.0.122,172.30.0.220,,,1
1759293675,any,72,N/A,IPv6,ICMP,N/A,v6,fe80::e48e:99ff:fe5f:147,ff02::204,N/A,N/A,N/A,N/A,N/A,N/A,,,1
1759293675,any,72,N/A,IPv6,ICMP,N/A,v6,fe80::f056:abff:fe65:143,ff02::204,N/A,N/A,N/A,N/A,N/A,N/A,,,1
1759293675,any,72,N/A,IPv6,ICMP,N/A,v6,fe80::dcac:f9ff:fe59:60,ff02::204,N/A,N/A,N/A,N/A,N/A,N/A,,,1
1759293675,eth2,70,Ethernet,IPv6,ICMP,N/A,v6,fe80::dcac:f9ff:fe59:60,ff02::204,N/A,N/A,N/A,N/A,N/A,N/A,,,1
1759293675,eth1,70,Ethernet,IPv6,ICMP,N/A,v6,fe80::f056:abff:fe65:143,ff02::204,N/A,N/A,N/A,N/A,N/A,N/A,,,1
1759293675,any,112,N/A,IPv6,ICMP,N/A,v6,fe80::dcac:f9ff:fe59:60,ff02::179,N/A,N/A,N/A,N/A,N/A,N/A,,,1
1759293675,eth2,110,Ethernet,IPv6,ICMP,N/A,v6,fe80::dcac:f9ff:fe59:60,ff02::179,N/A,N/A,N/A,N/A,N/A,N/A,,,1
1759293675,eth0,67,Ethernet,IPv4,UDP,N/A,v4,172.30.0.23,224.0.0.252,5355,5355,N/A,N/A,N/A,N/A,,,1
1759293675,eth0,87,Ethernet,IPv6,UDP,N/A,v6,fe80::24f1:23ff:fe29:66,ff02::1:52,5355,5355,N/A,N/A,N/A,N/A,,,1
1759293675,any,69,N/A,IPv4,UDP,N/A,v4,172.30.0.23,224.0.0.252,5355,5355,N/A,N/A,N/A,N/A,,,1
1759293675,any,89,N/A,IPv6,UDP,N/A,v6,fe80::24f1:23ff:fe29:66,ff02::1:52,5355,5355,N/A,N/A,N/A,N/A,,,1
1759293675,eth0,356,Ethernet,IPv4,UDP,N/A,v4,0.0.0.0,255.255.255.255,68,67,N/A,N/A,N/A,N/A,,,1
1759293675,any,358,N/A,IPv4,UDP,N/A,v4,0.0.0.0,255.255.255.255,68,67,N/A,N/A,N/A,N/A,,,1
1759293675,eth0,368,Ethernet,IPv4,UDP,N/A,v4,0.0.0.0,255.255.255.255,68,67,N/A,N/A,N/A,N/A,,,1
1759293675,any,370,N/A,IPv4,UDP,N/A,v4,0.0.0.0,255.255.255.255,68,67,N/A,N/A,N/A,N/A,,,1
1759293675,any,112,N/A,IPv6,ICMP,N/A,v6,fe80::7827:e3ff:fe68:239,ff02::179,N/A,N/A,N/A,N/A,N/A,N/A,,,1
1759293675,eth1,110,Ethernet,IPv6,ICMP,N/A,v6,fe80::7827:e3ff:fe68:239,ff02::179,N/A,N/A,N/A,N/A,N/A,N/A,,,1
1759293675,eth0,110,Ethernet,IPv6,ICMP,N/A,v6,fe80::24f1:23ff:fe29:66,ff02::179,N/A,N/A,N/A,N/A,N/A,N/A,,,1
1759293675,any,109,N/A,N/A,N/A,N/A,N/A,N/A,N/A,N/A,N/A,N/A,N/A,N/A,N/A,,,0
1759293675,eth0,107,Ethernet,N/A,N/A,N/A,N/A,N/A,N/A,N/A,N/A,N/A,N/A,N/A,N/A,,,0
1759293675,eth0,54,Ethernet,IPv4,N/A,N/A,v4,172.30.0.23,224.0.0.22,N/A,N/A,N/A,N/A,N/A,N/A,,,1
1759293675,any,112,N/A,IPv6,ICMP,N/A,v6,fe80::24f1:23ff:fe29:66,ff02::179,N/A,N/A,N/A,N/A,N/A,N/A,,,1
1759293675,eth0,42,Ethernet,N/A,N/A,N/A,N/A,N/A,N/A,N/A,N/A,N/A,N/A,N/A,N/A,,,1
1759293675,any,44,ARP,N/A,N/A,N/A,N/A,N/A,N/A,N/A,N/A,1,2048,172.30.0.23,172.30.0.122,,,1
1759293675,any,112,N/A,IPv6,ICMP,N/A,v6,fe80::f056:abff:fe65:143,ff02::179,N/A,N/A,N/A,N/A,N/A,N/A,,,1
1759293675,eth1,110,Ethernet,IPv6,ICMP,N/A,v6,fe80::f056:abff:fe65:143,ff02::179,N/A,N/A,N/A,N/A,N/A,N/A,,,1
1759293675,eth0,110,Ethernet,IPv6,ICMP,N/A,v6,fe80::e48e:99ff:fe5f:147,ff02::179,N/A,N/A,N/A,N/A,N/A,N/A,,,1
1759293675,any,112,N/A,IPv6,ICMP,N/A,v6,fe80::e48e:99ff:fe5f:147,ff02::179,N/A,N/A,N/A,N/A,N/A,N/A,,,1
1759293675,eth0,54,Ethernet,IPv4,N/A,N/A,v4,172.30.0.220,224.0.0.22,N/A,N/A,N/A,N/A,N/A,N/A,,,1
1759293675,any,56,N/A,IPv4,N/A,N/A,v4,172.30.0.220,224.0.0.22,N/A,N/A,N/A,N/A,N/A,N/A,,,1
1759293675,any,112,N/A,IPv6,ICMP,N/A,v6,fe80::7827:e3ff:fe68:239,ff02::179,N/A,N/A,N/A,N/A,N/A,N/A,,,1
1759293675,eth1,110,Ethernet,IPv6,ICMP,N/A,v6,fe80::7827:e3ff:fe68:239,ff02::179,N/A,N/A,N/A,N/A,N/A,N/A,,,1
1759293675,any,112,N/A,IPv6,ICMP,N/A,v6,fe80::24f1:23ff:fe29:66,ff02::179,N/A,N/A,N/A,N/A,N/A,N/A,,,1
1759293675,eth0,110,Ethernet,IPv6,ICMP,N/A,v6,fe80::24f1:23ff:fe29:66,ff02::179,N/A,N/A,N/A,N/A,N/A,N/A,,,1
1759293675,any,56,N/A,IPv4,N/A,N/A,v4,172.30.0.23,224.0.0.22,N/A,N/A,N/A,N/A,N/A,N/A,,,1
1759293675,eth0,54,Ethernet,IPv4,N/A,N/A,v4,172.30.0.23,224.0.0.22,N/A,N/A,N/A,N/A,N/A,N/A,,,1
1759293675,eth0,90,Ethernet,IPv6,ICMP,N/A,v6,fe80::ecf9:eff:fefb:55,ff02::179,N/A,N/A,N/A,N/A,N/A,N/A,,,1
1759293675,eth0,56,Ethernet,IPv4,N/A,N/A,v4,172.30.0.89,224.0.0.22,N/A,N/A,N/A,N/A,N/A,N/A,,,1
1759293675,any,92,N/A,IPv6,ICMP,N/A,v6,fe80::ecf9:eff:fefb:55,ff02::179,N/A,N/A,N/A,N/A,N/A,N/A,,,1
1759293675,any,58,N/A,IPv4,N/A,N/A,v4,172.30.0.89,224.0.0.22,N/A,N/A,N/A,N/A,N/A,N/A,,,1
1759293676,eth0,107,Ethernet,N/A,N/A,N/A,N/A,N/A,N/A,N/A,N/A,N/A,N/A,N/A,N/A,,,0
1759293676,any,109,N/A,N/A,N/A,N/A,N/A,N/A,N/A,N/A,N/A,N/A,N/A,N/A,N/A,,,0
1759293676,eth0,90,Ethernet,IPv6,ICMP,N/A,v6,fe80::5ca9:83ff:fe87:27,ff02::179,N/A,N/A,N/A,N/A,N/A,N/A,,,0
1759293676,eth0,54,Ethernet,IPv4,N/A,N/A,v4,172.30.0.220,224.0.0.22,N/A,N/A,N/A,N/A,N/A,N/A,,,0
1759293676,any,69,N/A,IPv4,UDP,N/A,v4,172.30.0.89,224.0.0.252,5355,5355,N/A,N/A,N/A,N/A,,,1
1759293676,eth0,67,Ethernet,IPv4,UDP,N/A,v4,172.30.0.89,224.0.0.252,5355,5355,N/A,N/A,N/A,N/A,,,1
1759293676,any,358,N/A,IPv4,UDP,N/A,v4,0.0.0.0,255.255.255.255,68,67,N/A,N/A,N/A,N/A,,,1
1759293676,eth0,356,Ethernet,IPv4,UDP,N/A,v4,0.0.0.0,255.255.255.255,68,67,N/A,N/A,N/A,N/A,,,1
1759293676,eth0,368,Ethernet,IPv4,UDP,N/A,v4,0.0.0.0,255.255.255.255,68,67,N/A,N/A,N/A,N/A,,,1
1759293676,any,92,N/A,IPv6,ICMP,N/A,v6,fe80::5ca9:83ff:fe87:27,ff02::179,N/A,N/A,N/A,N/A,N/A,N/A,,,0
1759293676,eth0,87,Ethernet,IPv6,UDP,N/A,v6,fe80::5ca9:83ff:fe87:27,ff02::1:52,5355,5355,N/A,N/A,N/A,N/A,,,0
1759293676,any,89,N/A,IPv6,UDP,N/A,v6,fe80::5ca9:83ff:fe87:27,ff02::1:52,5355,5355,N/A,N/A,N/A,N/A,,,0
1759293676,eth0,356,Ethernet,IPv4,UDP,N/A,v4,0.0.0.0,255.255.255.255,68,67,N/A,N/A,N/A,N/A,,,0
1759293676,any,358,N/A,IPv4,UDP,N/A,v4,0.0.0.0,255.255.255.255,68,67,N/A,N/A,N/A,N/A,,,0
1759293676,eth0,368,Ethernet,IPv4,UDP,N/A,v4,0.0.0.0,255.255.255.255,68,67,N/A,N/A,N/A,N/A,,,0
1759293676,any,370,N/A,IPv4,UDP,N/A,v4,0.0.0.0,255.255.255.255,68,67,N/A,N/A,N/A,N/A,,,0
1759293676,eth1,110,Ethernet,IPv6,ICMP,N/A,v6,fe80::a824:52ff:fe4f:69,ff02::179,N/A,N/A,N/A,N/A,N/A,N/A,,,0
1759293676,any,56,N/A,IPv4,N/A,N/A,v4,172.30.0.220,224.0.0.22,N/A,N/A,N/A,N/A,N/A,N/A,,,0
1759293676,eth0,54,Ethernet,IPv4,N/A,N/A,v4,172.30.0.220,224.0.0.22,N/A,N/A,N/A,N/A,N/A,N/A,,,0
1759293676,eth0,42,Ethernet,N/A,N/A,N/A,N/A,N/A,N/A,N/A,N/A,N/A,N/A,N/A,N/A,,,0
1759293676,any,58,ARP,N/A,N/A,N/A,N/A,N/A,N/A,N/A,N/A,2,2048,172.30.0.122,172.30.0.220,,,0
1759293676,eth0,56,Ethernet,N/A,N/A,N/A,N/A,N/A,N/A,N/A,N/A,N/A,N/A,N/A,N/A,,,0
1759293676,eth0,56,Ethernet,N/A,N/A,N/A,N/A,N/A,N/A,N/A,N/A,N/A,N/A,N/A,N/A,,,0
1759293676,eth0,110,Ethernet,IPv6,ICMP,N/A,v6,fe80::5ca9:83ff:fe87:27,ff02::179,N/A,N/A,N/A,N/A,N/A,N/A,,,0
1759293676,any,112,N/A,IPv6,ICMP,N/A,v6,fe80::5ca9:83ff:fe87:27,ff02::179,N/A,N/A,N/A,N/A,N/A,N/A,,,0
1759293676,any,370,N/A,IPv4,UDP,N/A,v4,0.0.0.0,255.255.255.255,68,67,N/A,N/A,N/A,N/A,,,1
1759293676,any,112,N/A,IPv6,ICMP,N/A,v6,fe80::103b:bdff:fef0:169,ff02::179,N/A,N/A,N/A,N/A,N/A,N/A,,,1
1759293676,eth1,110,Ethernet,IPv6,ICMP,N/A,v6,fe80::103b:bdff:fef0:169,ff02::179,N/A,N/A,N/A,N/A,N/A,N/A,,,1
1759293676,any,58,N/A,IPv4,N/A,N/A,v4,172.30.0.89,224.0.0.22,N/A,N/A,N/A,N/A,N/A,N/A,,,1
1759293676,eth0,56,Ethernet,IPv4,N/A,N/A,v4,172.30.0.89,224.0.0.22,N/A,N/A,N/A,N/A,N/A,N/A,,,1
1759293676,any,112,N/A,IPv6,ICMP,N/A,v6,fe80::ecf9:eff:fefb:55,ff02::179,N/A,N/A,N/A,N/A,N/A,N/A,,,1
1759293676,eth0,110,Ethernet,IPv6,ICMP,N/A,v6,fe80::ecf9:eff:fefb:55,ff02::179,N/A,N/A,N/A,N/A,N/A,N/A,,,1
1759293676,eth0,56,Ethernet,N/A,N/A,N/A,N/A,N/A,N/A,N/A,N/A,N/A,N/A,N/A,N/A,,,1
1759293676,any,58,ARP,N/A,N/A,N/A,N/A,N/A,N/A,N/A,N/A,1,2048,172.30.0.89,172.30.0.122,,,1
1759293676,eth0,111,Ethernet,N/A,N/A,N/A,N/A,N/A,N/A,N/A,N/A,N/A,N/A,N/A,N/A,,,1
1759293676,any,113,N/A,N/A,N/A,N/A,N/A,N/A,N/A,N/A,N/A,N/A,N/A,N/A,N/A,,,1
1759293676,any,112,N/A,IPv6,ICMP,N/A,v6,fe80::103b:bdff:fef0:169,ff02::179,N/A,N/A,N/A,N/A,N/A,N/A,,,1
1759293676,eth1,110,Ethernet,IPv6,ICMP,N/A,v6,fe80::103b:bdff:fef0:169,ff02::179,N/A,N/A,N/A,N/A,N/A,N/A,,,1
1759293676,eth0,110,Ethernet,IPv6,ICMP,N/A,v6,fe80::ecf9:eff:fefb:55,ff02::179,N/A,N/A,N/A,N/A,N/A,N/A,,,1
1759293676,any,112,N/A,IPv6,ICMP,N/A,v6,fe80::ecf9:eff:fefb:55,ff02::179,N/A,N/A,N/A,N/A,N/A,N/A,,,1
1759293676,any,72,N/A,IPv6,ICMP,N/A,v6,fe80::24f1:23ff:fe29:66,ff02::204,N/A,N/A,N/A,N/A,N/A,N/A,,,1
1759293676,eth0,70,Ethernet,IPv6,ICMP,N/A,v6,fe80::24f1:23ff:fe29:66,ff02::204,N/A,N/A,N/A,N/A,N/A,N/A,,,1
1759293676,eth1,70,Ethernet,IPv6,ICMP,N/A,v6,fe80::7827:e3ff:fe68:239,ff02::204,N/A,N/A,N/A,N/A,N/A,N/A,,,1
1759293677,any,56,N/A,IPv4,N/A,N/A,v4,172.30.0.220,224.0.0.22,N/A,N/A,N/A,N/A,N/A,N/A,,,0
1759293677,eth0,54,Ethernet,IPv4,N/A,N/A,v4,172.30.0.220,224.0.0.22,N/A,N/A,N/A,N/A,N/A,N/A,,,0
1759293677,eth0,70,Ethernet,IPv6,ICMP,N/A,v6,fe80::5ca9:83ff:fe87:27,ff02::204,N/A,N/A,N/A,N/A,N/A,N/A,,,0
1759293677,any,72,N/A,IPv6,ICMP,N/A,v6,fe80::a824:52ff:fe4f:69,ff02::204,N/A,N/A,N/A,N/A,N/A,N/A,,,0
1759293677,any,72,N/A,IPv6,ICMP,N/A,v6,fe80::5ca9:83ff:fe87:27,ff02::204,N/A,N/A,N/A,N/A,N/A,N/A,,,0
1759293677,eth1,70,Ethernet,IPv6,ICMP,N/A,v6,fe80::a824:52ff:fe4f:69,ff02::204,N/A,N/A,N/A,N/A,N/A,N/A,,,0
1759293677,any,112,N/A,IPv6,ICMP,N/A,v6,fe80::5ca9:83ff:fe87:27,ff02::179,N/A,N/A,N/A,N/A,N/A,N/A,,,0
1759293677,eth0,110,Ethernet,IPv6,ICMP,N/A,v6,fe80::5ca9:83ff:fe87:27,ff02::179,N/A,N/A,N/A,N/A,N/A,N/A,,,0
1759293677,any,112,N/A,IPv6,ICMP,N/A,v6,fe80::a824:52ff:fe4f:69,ff02::179,N/A,N/A,N/A,N/A,N/A,N/A,,,0
1759293677,any,58,N/A,IPv4,N/A,N/A,v4,172.30.0.89,224.0.0.22,N/A,N/A,N/A,N/A,N/A,N/A,,,1
1759293677,eth0,56,Ethernet,IPv4,N/A,N/A,v4,172.30.0.89,224.0.0.22,N/A,N/A,N/A,N/A,N/A,N/A,,,1
1759293677,eth0,111,Ethernet,N/A,N/A,N/A,N/A,N/A,N/A,N/A,N/A,N/A,N/A,N/A,N/A,,,1
1759293677,any,113,N/A,N/A,N/A,N/A,N/A,N/A,N/A,N/A,N/A,N/A,N/A,N/A,N/A,,,1
1759293677,any,72,N/A,IPv6,ICMP,N/A,v6,fe80::ecf9:eff:fefb:55,ff02::204,N/A,N/A,N/A,N/A,N/A,N/A,,,1
1759293677,eth0,70,Ethernet,IPv6,ICMP,N/A,v6,fe80::ecf9:eff:fefb:55,ff02::204,N/A,N/A,N/A,N/A,N/A,N/A,,,1
1759293677,eth1,70,Ethernet,IPv6,ICMP,N/A,v6,fe80::103b:bdff:fef0:169,ff02::204,N/A,N/A,N/A,N/A,N/A,N/A,,,1
1759293677,eth0,90,Ethernet,IPv6,ICMP,N/A,v6,fe80::b0b5:44ff:feea:219,ff02::179,N/A,N/A,N/A,N/A,N/A,N/A,,,1
1759293677,eth0,54,Ethernet,IPv4,N/A,N/A,v4,172.30.0.163,224.0.0.22,N/A,N/A,N/A,N/A,N/A,N/A,,,1
1759293677,any,92,N/A,IPv6,ICMP,N/A,v6,fe80::b0b5:44ff:feea:219,ff02::179,N/A,N/A,N/A,N/A,N/A,N/A,,,1
1759293677,any,70,N/A,IPv4,UDP,N/A,v4,172.30.0.163,224.0.0.252,5355,5355,N/A,N/A,N/A,N/A,,,1
1759293677,eth0,68,Ethernet,IPv4,UDP,N/A,v4,172.30.0.163,224.0.0.252,5355,5355,N/A,N/A,N/A,N/A,,,1
1759293677,eth0,88,Ethernet,IPv6,UDP,N/A,v6,fe80::b0b5:44ff:feea:219,ff02::1:52,5355,5355,N/A,N/A,N/A,N/A,,,1
1759293677,eth0,357,Ethernet,IPv4,UDP,N/A,v4,0.0.0.0,255.255.255.255,68,67,N/A,N/A,N/A,N/A,,,1
1759293677,any,359,N/A,IPv4,UDP,N/A,v4,0.0.0.0,255.255.255.255,68,67,N/A,N/A,N/A,N/A,,,1
1759293677,eth0,369,Ethernet,IPv4,UDP,N/A,v4,0.0.0.0,255.255.255.255,68,67,N/A,N/A,N/A,N/A,,,1
1759293677,any,371,N/A,IPv4,UDP,N/A,v4,0.0.0.0,255.255.255.255,68,67,N/A,N/A,N/A,N/A,,,1
1759293677,any,112,N/A,IPv6,ICMP,N/A,v6,fe80::780a:a9ff:fee6:89,ff02::179,N/A,N/A,N/A,N/A,N/A,N/A,,,1
1759293677,eth1,110,Ethernet,IPv6,ICMP,N/A,v6,fe80::780a:a9ff:fee6:89,ff02::179,N/A,N/A,N/A,N/A,N/A,N/A,,,1
1759293677,any,112,N/A,IPv6,ICMP,N/A,v6,fe80::b0b5:44ff:feea:219,ff02::179,N/A,N/A,N/A,N/A,N/A,N/A,,,1
1759293677,eth0,110,Ethernet,IPv6,ICMP,N/A,v6,fe80::b0b5:44ff:feea:219,ff02::179,N/A,N/A,N/A,N/A,N/A,N/A,,,1
1759293677,eth0,54,Ethernet,IPv4,N/A,N/A,v4,172.30.0.163,224.0.0.22,N/A,N/A,N/A,N/A,N/A,N/A,,,1
1759293677,eth0,42,Ethernet,N/A,N/A,N/A,N/A,N/A,N/A,N/A,N/A,N/A,N/A,N/A,N/A,,,1
1759293677,any,44,ARP,N/A,N/A,N/A,N/A,N/A,N/A,N/A,N/A,1,2048,172.30.0.163,172.30.0.122,,,1
1759293677,any,112,N/A,IPv6,ICMP,N/A,v6,fe80::780a:a9ff:fee6:89,ff02::179,N/A,N/A,N/A,N/A,N/A,N/A,,,1
1759293677,eth1,110,Ethernet,IPv6,ICMP,N/A,v6,fe80::780a:a9ff:fee6:89,ff02::179,N/A,N/A,N/A,N/A,N/A,N/A,,,1
1759293677,any,112,N/A,IPv6,ICMP,N/A,v6,fe80::b0b5:44ff:feea:219,ff02::179,N/A,N/A,N/A,N/A,N/A,N/A,,,1
1759293677,eth0,110,Ethernet,IPv6,ICMP,N/A,v6,fe80::b0b5:44ff:feea:219,ff02::179,N/A,N/A,N/A,N/A,N/A,N/A,,,1
1759293677,eth1,110,Ethernet,IPv6,ICMP,N/A,v6,fe80::a824:52ff:fe4f:69,ff02::179,N/A,N/A,N/A,N/A,N/A,N/A,,,0
1759293678,eth0,70,Ethernet,IPv6,ICMP,N/A,v6,fe80::b0b5:44ff:feea:219,ff02::204,N/A,N/A,N/A,N/A,N/A,N/A,,,1
1759293678,any,72,N/A,IPv6,ICMP,N/A,v6,fe80::780a:a9ff:fee6:89,ff02::204,N/A,N/A,N/A,N/A,N/A,N/A,,,1
1759293678,eth1,70,Ethernet,IPv6,ICMP,N/A,v6,fe80::780a:a9ff:fee6:89,ff02::204,N/A,N/A,N/A,N/A,N/A,N/A,,,1
1759293678,any,56,N/A,IPv4,N/A,N/A,v4,172.30.0.163,224.0.0.22,N/A,N/A,N/A,N/A,N/A,N/A,,,1
1759293678,any,113,N/A,N/A,N/A,N/A,N/A,N/A,N/A,N/A,N/A,N/A,N/A,N/A,N/A,,,1
1759293678,eth0,54,Ethernet,IPv4,N/A,N/A,v4,172.30.0.163,224.0.0.22,N/A,N/A,N/A,N/A,N/A,N/A,,,1
1759293678,eth0,111,Ethernet,N/A,N/A,N/A,N/A,N/A,N/A,N/A,N/A,N/A,N/A,N/A,N/A,,,1
1759293678,eth0,107,Ethernet,N/A,N/A,N/A,N/A,N/A,N/A,N/A,N/A,N/A,N/A,N/A,N/A,,,0
1759293678,any,109,N/A,N/A,N/A,N/A,N/A,N/A,N/A,N/A,N/A,N/A,N/A,N/A,N/A,,,0
1759293679,any,113,N/A,N/A,N/A,N/A,N/A,N/A,N/A,N/A,N/A,N/A,N/A,N/A,N/A,,,1
1759293679,eth0,111,Ethernet,N/A,N/A,N/A,N/A,N/A,N/A,N/A,N/A,N/A,N/A,N/A,N/A,,,1
1759293679,any,72,N/A,IPv6,ICMP,N/A,v6,fe80::f056:abff:fe65:143,ff02::204,N/A,N/A,N/A,N/A,N/A,N/A,,,1
1759293679,eth1,70,Ethernet,IPv6,ICMP,N/A,v6,fe80::f056:abff:fe65:143,ff02::204,N/A,N/A,N/A,N/A,N/A,N/A,,,1
1759293679,any,72,N/A,IPv6,ICMP,N/A,v6,fe80::dcac:f9ff:fe59:60,ff02::204,N/A,N/A,N/A,N/A,N/A,N/A,,,1
1759293679,eth2,70,Ethernet,IPv6,ICMP,N/A,v6,fe80::dcac:f9ff:fe59:60,ff02::204,N/A,N/A,N/A,N/A,N/A,N/A,,,1
1759293679,any,92,N/A,IPv6,ICMP,N/A,v6,fe80::24f1:23ff:fe29:66,ff02::179,N/A,N/A,N/A,N/A,N/A,N/A,,,1
1759293679,eth0,90,Ethernet,IPv6,ICMP,N/A,v6,fe80::24f1:23ff:fe29:66,ff02::179,N/A,N/A,N/A,N/A,N/A,N/A,,,1
1759293679,eth0,54,Ethernet,IPv4,N/A,N/A,v4,172.30.0.23,224.0.0.22,N/A,N/A,N/A,N/A,N/A,N/A,,,1
1759293679,eth0,87,Ethernet,IPv6,UDP,N/A,v6,fe80::24f1:23ff:fe29:66,ff02::1:52,5355,5355,N/A,N/A,N/A,N/A,,,1
1759293679,any,89,N/A,IPv6,UDP,N/A,v6,fe80::24f1:23ff:fe29:66,ff02::1:52,5355,5355,N/A,N/A,N/A,N/A,,,1
1759293679,eth0,356,Ethernet,IPv4,UDP,N/A,v4,0.0.0.0,255.255.255.255,68,67,N/A,N/A,N/A,N/A,,,1
1759293679,any,358,N/A,IPv4,UDP,N/A,v4,0.0.0.0,255.255.255.255,68,67,N/A,N/A,N/A,N/A,,,1
1759293679,any,370,N/A,IPv4,UDP,N/A,v4,0.0.0.0,255.255.255.255,68,67,N/A,N/A,N/A,N/A,,,1
1759293679,eth0,368,Ethernet,IPv4,UDP,N/A,v4,0.0.0.0,255.255.255.255,68,67,N/A,N/A,N/A,N/A,,,1
1759293679,any,112,N/A,IPv6,ICMP,N/A,v6,fe80::7827:e3ff:fe68:239,ff02::179,N/A,N/A,N/A,N/A,N/A,N/A,,,1
1759293679,eth1,110,Ethernet,IPv6,ICMP,N/A,v6,fe80::7827:e3ff:fe68:239,ff02::179,N/A,N/A,N/A,N/A,N/A,N/A,,,1
1759293679,eth0,110,Ethernet,IPv6,ICMP,N/A,v6,fe80::24f1:23ff:fe29:66,ff02::179,N/A,N/A,N/A,N/A,N/A,N/A,,,1
1759293679,eth0,54,Ethernet,IPv4,N/A,N/A,v4,172.30.0.23,224.0.0.22,N/A,N/A,N/A,N/A,N/A,N/A,,,1
1759293679,any,112,N/A,IPv6,ICMP,N/A,v6,fe80::24f1:23ff:fe29:66,ff02::179,N/A,N/A,N/A,N/A,N/A,N/A,,,1
1759293679,eth0,90,Ethernet,IPv6,ICMP,N/A,v6,fe80::e48e:99ff:fe5f:147,ff02::179,N/A,N/A,N/A,N/A,N/A,N/A,,,1
1759293679,eth0,54,Ethernet,IPv4,N/A,N/A,v4,172.30.0.220,224.0.0.22,N/A,N/A,N/A,N/A,N/A,N/A,,,1
1759293679,any,92,N/A,IPv6,ICMP,N/A,v6,fe80::e48e:99ff:fe5f:147,ff02::179,N/A,N/A,N/A,N/A,N/A,N/A,,,1
1759293679,eth0,71,Ethernet,IPv4,UDP,N/A,v4,172.30.0.220,224.0.0.252,5355,5355,N/A,N/A,N/A,N/A,,,1
1759293679,any,73,N/A,IPv4,UDP,N/A,v4,172.30.0.220,224.0.0.252,5355,5355,N/A,N/A,N/A,N/A,,,1
1759293679,eth0,91,Ethernet,IPv6,UDP,N/A,v6,fe80::e48e:99ff:fe5f:147,ff02::1:52,5355,5355,N/A,N/A,N/A,N/A,,,1
1759293679,any,93,N/A,IPv6,UDP,N/A,v6,fe80::e48e:99ff:fe5f:147,ff02::1:52,5355,5355,N/A,N/A,N/A,N/A,,,1
1759293679,eth0,42,Ethernet,N/A,N/A,N/A,N/A,N/A,N/A,N/A,N/A,N/A,N/A,N/A,N/A,,,1
1759293679,any,44,ARP,N/A,N/A,N/A,N/A,N/A,N/A,N/A,N/A,1,2048,172.30.0.23,172.30.0.122,,,1
1759293679,eth0,360,Ethernet,IPv4,UDP,N/A,v4,0.0.0.0,255.255.255.255,68,67,N/A,N/A,N/A,N/A,,,1
1759293679,any,362,N/A,IPv4,UDP,N/A,v4,0.0.0.0,255.255.255.255,68,67,N/A,N/A,N/A,N/A,,,1
1759293679,eth0,372,Ethernet,IPv4,UDP,N/A,v4,0.0.0.0,255.255.255.255,68,67,N/A,N/A,N/A,N/A,,,1
1759293679,any,374,N/A,IPv4,UDP,N/A,v4,0.0.0.0,255.255.255.255,68,67,N/A,N/A,N/A,N/A,,,1
1759293679,eth2,110,Ethernet,IPv6,ICMP,N/A,v6,fe80::dcac:f9ff:fe59:60,ff02::179,N/A,N/A,N/A,N/A,N/A,N/A,,,1
1759293679,any,112,N/A,IPv6,ICMP,N/A,v6,fe80::f056:abff:fe65:143,ff02::179,N/A,N/A,N/A,N/A,N/A,N/A,,,1
1759293679,eth1,110,Ethernet,IPv6,ICMP,N/A,v6,fe80::f056:abff:fe65:143,ff02::179,N/A,N/A,N/A,N/A,N/A,N/A,,,1
1759293679,eth0,110,Ethernet,IPv6,ICMP,N/A,v6,fe80::e48e:99ff:fe5f:147,ff02::179,N/A,N/A,N/A,N/A,N/A,N/A,,,1
1759293679,eth0,54,Ethernet,IPv4,N/A,N/A,v4,172.30.0.220,224.0.0.22,N/A,N/A,N/A,N/A,N/A,N/A,,,1
1759293679,any,112,N/A,IPv6,ICMP,N/A,v6,fe80::e48e:99ff:fe5f:147,ff02::179,N/A,N/A,N/A,N/A,N/A,N/A,,,1
1759293679,eth0,42,Ethernet,N/A,N/A,N/A,N/A,N/A,N/A,N/A,N/A,N/A,N/A,N/A,N/A,,,1
1759293679,eth0,56,Ethernet,N/A,N/A,N/A,N/A,N/A,N/A,N/A,N/A,N/A,N/A,N/A,N/A,,,1
1759293679,eth0,56,Ethernet,N/A,N/A,N/A,N/A,N/A,N/A,N/A,N/A,N/A,N/A,N/A,N/A,,,1
1759293679,any,44,ARP,N/A,N/A,N/A,N/A,N/A,N/A,N/A,N/A,1,2048,172.30.0.220,172.30.0.122,,,1
1759293679,any,58,ARP,N/A,N/A,N/A,N/A,N/A,N/A,N/A,N/A,2,2048,172.30.0.122,172.30.0.220,,,1
1759293679,any,112,N/A,IPv6,ICMP,N/A,v6,fe80::24f1:23ff:fe29:66,ff02::179,N/A,N/A,N/A,N/A,N/A,N/A,,,1
1759293679,eth0,110,Ethernet,IPv6,ICMP,N/A,v6,fe80::24f1:23ff:fe29:66,ff02::179,N/A,N/A,N/A,N/A,N/A,N/A,,,1
1759293679,eth0,110,Ethernet,IPv6,ICMP,N/A,v6,fe80::e48e:99ff:fe5f:147,ff02::179,N/A,N/A,N/A,N/A,N/A,N/A,,,1
1759293679,any,112,N/A,IPv6,ICMP,N/A,v6,fe80::e48e:99ff:fe5f:147,ff02::179,N/A,N/A,N/A,N/A,N/A,N/A,,,1
1759293679,eth0,107,Ethernet,N/A,N/A,N/A,N/A,N/A,N/A,N/A,N/A,N/A,N/A,N/A,N/A,,,0
1759293679,any,109,N/A,N/A,N/A,N/A,N/A,N/A,N/A,N/A,N/A,N/A,N/A,N/A,N/A,,,0
1759293680,any,112,N/A,IPv6,ICMP,N/A,v6,fe80::7827:e3ff:fe68:239,ff02::179,N/A,N/A,N/A,N/A,N/A,N/A,,,1
1759293680,eth1,110,Ethernet,IPv6,ICMP,N/A,v6,fe80::7827:e3ff:fe68:239,ff02::179,N/A,N/A,N/A,N/A,N/A,N/A,,,1
1759293680,any,112,N/A,IPv6,ICMP,N/A,v6,fe80::f056:abff:fe65:143,ff02::179,N/A,N/A,N/A,N/A,N/A,N/A,,,1
1759293680,eth1,110,Ethernet,IPv6,ICMP,N/A,v6,fe80::f056:abff:fe65:143,ff02::179,N/A,N/A,N/A,N/A,N/A,N/A,,,1
1759293680,any,72,N/A,IPv6,ICMP,N/A,v6,fe80::dcac:f9ff:fe59:60,ff02::204,N/A,N/A,N/A,N/A,N/A,N/A,,,1
1759293680,eth2,70,Ethernet,IPv6,ICMP,N/A,v6,fe80::dcac:f9ff:fe59:60,ff02::204,N/A,N/A,N/A,N/A,N/A,N/A,,,1
1759293680,eth1,70,Ethernet,IPv6,ICMP,N/A,v6,fe80::f056:abff:fe65:143,ff02::204,N/A,N/A,N/A,N/A,N/A,N/A,,,1
1759293680,eth0,70,Ethernet,IPv6,ICMP,N/A,v6,fe80::e48e:99ff:fe5f:147,ff02::204,N/A,N/A,N/A,N/A,N/A,N/A,,,1
1759293680,any,56,N/A,IPv4,N/A,N/A,v4,172.30.0.23,224.0.0.22,N/A,N/A,N/A,N/A,N/A,N/A,,,1
1759293680,eth0,54,Ethernet,IPv4,N/A,N/A,v4,172.30.0.23,224.0.0.22,N/A,N/A,N/A,N/A,N/A,N/A,,,1
1759293680,any,56,N/A,IPv4,N/A,N/A,v4,172.30.0.220,224.0.0.22,N/A,N/A,N/A,N/A,N/A,N/A,,,1
1759293680,eth0,54,Ethernet,IPv4,N/A,N/A,v4,172.30.0.220,224.0.0.22,N/A,N/A,N/A,N/A,N/A,N/A,,,1
1759293680,any,112,N/A,IPv6,ICMP,N/A,v6,fe80::dcac:f9ff:fe59:60,ff02::179,N/A,N/A,N/A,N/A,N/A,N/A,,,1
1759293680,eth2,110,Ethernet,IPv6,ICMP,N/A,v6,fe80::dcac:f9ff:fe59:60,ff02::179,N/A,N/A,N/A,N/A,N/A,N/A,,,1
1759293680,eth0,70,Ethernet,IPv6,ICMP,N/A,v6,fe80::24f1:23ff:fe29:66,ff02::204,N/A,N/A,N/A,N/A,N/A,N/A,,,1
1759293680,eth1,70,Ethernet,IPv6,ICMP,N/A,v6,fe80::7827:e3ff:fe68:239,ff02::204,N/A,N/A,N/A,N/A,N/A,N/A,,,1
1759293680,any,72,N/A,IPv6,ICMP,N/A,v6,fe80::24f1:23ff:fe29:66,ff02::204,N/A,N/A,N/A,N/A,N/A,N/A,,,1
1759293680,eth0,111,Ethernet,N/A,N/A,N/A,N/A,N/A,N/A,N/A,N/A,N/A,N/A,N/A,N/A,,,1
1759293680,any,113,N/A,N/A,N/A,N/A,N/A,N/A,N/A,N/A,N/A,N/A,N/A,N/A,N/A,,,1
1759293680,eth0,107,Ethernet,N/A,N/A,N/A,N/A,N/A,N/A,N/A,N/A,N/A,N/A,N/A,N/A,,,0
1759293680,any,109,N/A,N/A,N/A,N/A,N/A,N/A,N/A,N/A,N/A,N/A,N/A,N/A,N/A,,,0
1759293681,eth0,90,Ethernet,IPv6,ICMP,N/A,v6,fe80::ecf9:eff:fefb:55,ff02::179,N/A,N/A,N/A,N/A,N/A,N/A,,,1
1759293681,eth0,56,Ethernet,IPv4,N/A,N/A,v4,172.30.0.89,224.0.0.22,N/A,N/A,N/A,N/A,N/A,N/A,,,1
1759293681,any,92,N/A,IPv6,ICMP,N/A,v6,fe80::ecf9:eff:fefb:55,ff02::179,N/A,N/A,N/A,N/A,N/A,N/A,,,1
1759293681,any,69,N/A,IPv4,UDP,N/A,v4,172.30.0.89,224.0.0.252,5355,5355,N/A,N/A,N/A,N/A,,,1
1759293681,eth0,67,Ethernet,IPv4,UDP,N/A,v4,172.30.0.89,224.0.0.252,5355,5355,N/A,N/A,N/A,N/A,,,1
1759293681,eth0,70,Ethernet,IPv6,ICMP,N/A,v6,fe80::5ca9:83ff:fe87:27,ff02::204,N/A,N/A,N/A,N/A,N/A,N/A,,,0
1759293681,any,72,N/A,IPv6,ICMP,N/A,v6,fe80::5ca9:83ff:fe87:27,ff02::204,N/A,N/A,N/A,N/A,N/A,N/A,,,0
1759293681,any,72,N/A,IPv6,ICMP,N/A,v6,fe80::a824:52ff:fe4f:69,ff02::204,N/A,N/A,N/A,N/A,N/A,N/A,,,0
1759293681,eth1,70,Ethernet,IPv6,ICMP,N/A,v6,fe80::a824:52ff:fe4f:69,ff02::204,N/A,N/A,N/A,N/A,N/A,N/A,,,0
1759293681,any,109,N/A,N/A,N/A,N/A,N/A,N/A,N/A,N/A,N/A,N/A,N/A,N/A,N/A,,,0
1759293681,eth0,107,Ethernet,N/A,N/A,N/A,N/A,N/A,N/A,N/A,N/A,N/A,N/A,N/A,N/A,,,0
1759293681,eth0,356,Ethernet,IPv4,UDP,N/A,v4,0.0.0.0,255.255.255.255,68,67,N/A,N/A,N/A,N/A,,,1
1759293681,eth0,368,Ethernet,IPv4,UDP,N/A,v4,0.0.0.0,255.255.255.255,68,67,N/A,N/A,N/A,N/A,,,1
1759293681,any,358,N/A,IPv4,UDP,N/A,v4,0.0.0.0,255.255.255.255,68,67,N/A,N/A,N/A,N/A,,,1
1759293681,any,370,N/A,IPv4,UDP,N/A,v4,0.0.0.0,255.255.255.255,68,67,N/A,N/A,N/A,N/A,,,1
1759293681,any,112,N/A,IPv6,ICMP,N/A,v6,fe80::103b:bdff:fef0:169,ff02::179,N/A,N/A,N/A,N/A,N/A,N/A,,,1
1759293681,eth1,110,Ethernet,IPv6,ICMP,N/A,v6,fe80::103b:bdff:fef0:169,ff02::179,N/A,N/A,N/A,N/A,N/A,N/A,,,1
1759293681,eth0,56,Ethernet,N/A,N/A,N/A,N/A,N/A,N/A,N/A,N/A,N/A,N/A,N/A,N/A,,,1
1759293681,any,58,ARP,N/A,N/A,N/A,N/A,N/A,N/A,N/A,N/A,1,2048,172.30.0.89,172.30.0.122,,,1
1759293681,any,112,N/A,IPv6,ICMP,N/A,v6,fe80::ecf9:eff:fefb:55,ff02::179,N/A,N/A,N/A,N/A,N/A,N/A,,,1
1759293681,eth0,110,Ethernet,IPv6,ICMP,N/A,v6,fe80::ecf9:eff:fefb:55,ff02::179,N/A,N/A,N/A,N/A,N/A,N/A,,,1
1759293681,eth0,56,Ethernet,IPv4,N/A,N/A,v4,172.30.0.89,224.0.0.22,N/A,N/A,N/A,N/A,N/A,N/A,,,1
1759293681,eth0,56,Ethernet,IPv4,N/A,N/A,v4,172.30.0.89,224.0.0.22,N/A,N/A,N/A,N/A,N/A,N/A,,,1
1759293681,any,58,N/A,IPv4,N/A,N/A,v4,172.30.0.89,224.0.0.22,N/A,N/A,N/A,N/A,N/A,N/A,,,1
1759293681,any,112,N/A,IPv6,ICMP,N/A,v6,fe80::103b:bdff:fef0:169,ff02::179,N/A,N/A,N/A,N/A,N/A,N/A,,,1
1759293681,eth1,110,Ethernet,IPv6,ICMP,N/A,v6,fe80::103b:bdff:fef0:169,ff02::179,N/A,N/A,N/A,N/A,N/A,N/A,,,1
1759293682,eth0,90,Ethernet,IPv6,ICMP,N/A,v6,fe80::5ca9:83ff:fe87:27,ff02::179,N/A,N/A,N/A,N/A,N/A,N/A,,,0
1759293682,eth0,54,Ethernet,IPv4,N/A,N/A,v4,172.30.0.220,224.0.0.22,N/A,N/A,N/A,N/A,N/A,N/A,,,0
1759293682,any,92,N/A,IPv6,ICMP,N/A,v6,fe80::5ca9:83ff:fe87:27,ff02::179,N/A,N/A,N/A,N/A,N/A,N/A,,,0
1759293682,eth0,67,Ethernet,IPv4,UDP,N/A,v4,172.30.0.220,224.0.0.252,5355,5355,N/A,N/A,N/A,N/A,,,0
1759293682,any,69,N/A,IPv4,UDP,N/A,v4,172.30.0.220,224.0.0.252,5355,5355,N/A,N/A,N/A,N/A,,,0
1759293682,eth0,356,Ethernet,IPv4,UDP,N/A,v4,0.0.0.0,255.255.255.255,68,67,N/A,N/A,N/A,N/A,,,0
1759293682,any,358,N/A,IPv4,UDP,N/A,v4,0.0.0.0,255.255.255.255,68,67,N/A,N/A,N/A,N/A,,,0
1759293682,eth0,368,Ethernet,IPv4,UDP,N/A,v4,0.0.0.0,255.255.255.255,68,67,N/A,N/A,N/A,N/A,,,0
1759293682,any,370,N/A,IPv4,UDP,N/A,v4,0.0.0.0,255.255.255.255,68,67,N/A,N/A,N/A,N/A,,,0
1759293682,eth1,110,Ethernet,IPv6,ICMP,N/A,v6,fe80::a824:52ff:fe4f:69,ff02::179,N/A,N/A,N/A,N/A,N/A,N/A,,,0
1759293682,any,112,N/A,IPv6,ICMP,N/A,v6,fe80::a824:52ff:fe4f:69,ff02::179,N/A,N/A,N/A,N/A,N/A,N/A,,,0
1759293682,eth0,110,Ethernet,IPv6,ICMP,N/A,v6,fe80::5ca9:83ff:fe87:27,ff02::179,N/A,N/A,N/A,N/A,N/A,N/A,,,0
1759293682,any,72,N/A,IPv6,ICMP,N/A,v6,fe80::b0b5:44ff:feea:219,ff02::204,N/A,N/A,N/A,N/A,N/A,N/A,,,1
1759293682,eth0,70,Ethernet,IPv6,ICMP,N/A,v6,fe80::b0b5:44ff:feea:219,ff02::204,N/A,N/A,N/A,N/A,N/A,N/A,,,1
1759293682,eth0,110,Ethernet,IPv6,ICMP,N/A,v6,fe80::ecf9:eff:fefb:55,ff02::179,N/A,N/A,N/A,N/A,N/A,N/A,,,1
1759293682,any,112,N/A,IPv6,ICMP,N/A,v6,fe80::ecf9:eff:fefb:55,ff02::179,N/A,N/A,N/A,N/A,N/A,N/A,,,1
1759293682,any,113,N/A,N/A,N/A,N/A,N/A,N/A,N/A,N/A,N/A,N/A,N/A,N/A,N/A,,,1
1759293682,eth0,111,Ethernet,N/A,N/A,N/A,N/A,N/A,N/A,N/A,N/A,N/A,N/A,N/A,N/A,,,1
1759293682,eth1,70,Ethernet,IPv6,ICMP,N/A,v6,fe80::103b:bdff:fef0:169,ff02::204,N/A,N/A,N/A,N/A,N/A,N/A,,,1
1759293682,any,72,N/A,IPv6,ICMP,N/A,v6,fe80::ecf9:eff:fefb:55,ff02::204,N/A,N/A,N/A,N/A,N/A,N/A,,,1
1759293682,any,72,N/A,IPv6,ICMP,N/A,v6,fe80::103b:bdff:fef0:169,ff02::204,N/A,N/A,N/A,N/A,N/A,N/A,,,1
1759293682,eth0,70,Ethernet,IPv6,ICMP,N/A,v6,fe80::ecf9:eff:fefb:55,ff02::204,N/A,N/A,N/A,N/A,N/A,N/A,,,1
1759293682,any,72,N/A,IPv6,ICMP,N/A,v6,fe80::780a:a9ff:fee6:89,ff02::204,N/A,N/A,N/A,N/A,N/A,N/A,,,1
1759293682,eth1,70,Ethernet,IPv6,ICMP,N/A,v6,fe80::780a:a9ff:fee6:89,ff02::204,N/A,N/A,N/A,N/A,N/A,N/A,,,1
1759293682,any,92,N/A,IPv6,ICMP,N/A,v6,fe80::b0b5:44ff:feea:219,ff02::179,N/A,N/A,N/A,N/A,N/A,N/A,,,1
1759293682,eth0,90,Ethernet,IPv6,ICMP,N/A,v6,fe80::b0b5:44ff:feea:219,ff02::179,N/A,N/A,N/A,N/A,N/A,N/A,,,1
1759293682,eth0,54,Ethernet,IPv4,N/A,N/A,v4,172.30.0.163,224.0.0.22,N/A,N/A,N/A,N/A,N/A,N/A,,,1
1759293682,eth0,68,Ethernet,IPv4,UDP,N/A,v4,172.30.0.163,224.0.0.252,5355,5355,N/A,N/A,N/A,N/A,,,1
1759293682,any,70,N/A,IPv4,UDP,N/A,v4,172.30.0.163,224.0.0.252,5355,5355,N/A,N/A,N/A,N/A,,,1
1759293682,eth0,357,Ethernet,IPv4,UDP,N/A,v4,0.0.0.0,255.255.255.255,68,67,N/A,N/A,N/A,N/A,,,1
1759293682,any,359,N/A,IPv4,UDP,N/A,v4,0.0.0.0,255.255.255.255,68,67,N/A,N/A,N/A,N/A,,,1
1759293682,any,371,N/A,IPv4,UDP,N/A,v4,0.0.0.0,255.255.255.255,68,67,N/A,N/A,N/A,N/A,,,1
1759293682,eth0,369,Ethernet,IPv4,UDP,N/A,v4,0.0.0.0,255.255.255.255,68,67,N/A,N/A,N/A,N/A,,,1
1759293682,any,112,N/A,IPv6,ICMP,N/A,v6,fe80::780a:a9ff:fee6:89,ff02::179,N/A,N/A,N/A,N/A,N/A,N/A,,,1
1759293682,eth1,110,Ethernet,IPv6,ICMP,N/A,v6,fe80::780a:a9ff:fee6:89,ff02::179,N/A,N/A,N/A,N/A,N/A,N/A,,,1
1759293682,any,112,N/A,IPv6,ICMP,N/A,v6,fe80::b0b5:44ff:feea:219,ff02::179,N/A,N/A,N/A,N/A,N/A,N/A,,,1
1759293682,eth0,110,Ethernet,IPv6,ICMP,N/A,v6,fe80::b0b5:44ff:feea:219,ff02::179,N/A,N/A,N/A,N/A,N/A,N/A,,,1
1759293682,eth0,54,Ethernet,IPv4,N/A,N/A,v4,172.30.0.163,224.0.0.22,N/A,N/A,N/A,N/A,N/A,N/A,,,1
1759293682,eth0,42,Ethernet,N/A,N/A,N/A,N/A,N/A,N/A,N/A,N/A,N/A,N/A,N/A,N/A,,,1
1759293682,any,44,ARP,N/A,N/A,N/A,N/A,N/A,N/A,N/A,N/A,1,2048,172.30.0.163,172.30.0.122,,,1
1759293682,eth0,54,Ethernet,IPv4,N/A,N/A,v4,172.30.0.220,224.0.0.22,N/A,N/A,N/A,N/A,N/A,N/A,,,0
1759293682,eth0,42,Ethernet,N/A,N/A,N/A,N/A,N/A,N/A,N/A,N/A,N/A,N/A,N/A,N/A,,,0
1759293682,eth0,56,Ethernet,N/A,N/A,N/A,N/A,N/A,N/A,N/A,N/A,N/A,N/A,N/A,N/A,,,0
1759293682,eth0,56,Ethernet,N/A,N/A,N/A,N/A,N/A,N/A,N/A,N/A,N/A,N/A,N/A,N/A,,,0
1759293682,any,112,N/A,IPv6,ICMP,N/A,v6,fe80::5ca9:83ff:fe87:27,ff02::179,N/A,N/A,N/A,N/A,N/A,N/A,,,0
1759293682,any,44,ARP,N/A,N/A,N/A,N/A,N/A,N/A,N/A,N/A,1,2048,172.30.0.220,172.30.0.122,,,0
1759293682,any,58,ARP,N/A,N/A,N/A,N/A,N/A,N/A,N/A,N/A,2,2048,172.30.0.122,172.30.0.220,,,0
1759293682,any,58,ARP,N/A,N/A,N/A,N/A,N/A,N/A,N/A,N/A,2,2048,172.30.0.122,172.30.0.220,,,0
1759293682,any,112,N/A,IPv6,ICMP,N/A,v6,fe80::a824:52ff:fe4f:69,ff02::179,N/A,N/A,N/A,N/A,N/A,N/A,,,0
1759293682,eth1,110,Ethernet,IPv6,ICMP,N/A,v6,fe80::a824:52ff:fe4f:69,ff02::179,N/A,N/A,N/A,N/A,N/A,N/A,,,0
1759293682,any,56,N/A,IPv4,N/A,N/A,v4,172.30.0.220,224.0.0.22,N/A,N/A,N/A,N/A,N/A,N/A,,,0
1759293682,eth0,54,Ethernet,IPv4,N/A,N/A,v4,172.30.0.220,224.0.0.22,N/A,N/A,N/A,N/A,N/A,N/A,,,0
1759293682,any,72,N/A,IPv6,ICMP,N/A,v6,fe80::a824:52ff:fe4f:69,ff02::204,N/A,N/A,N/A,N/A,N/A,N/A,,,0
1759293682,eth1,70,Ethernet,IPv6,ICMP,N/A,v6,fe80::a824:52ff:fe4f:69,ff02::204,N/A,N/A,N/A,N/A,N/A,N/A,,,0
1759293682,eth0,70,Ethernet,IPv6,ICMP,N/A,v6,fe80::5ca9:83ff:fe87:27,ff02::204,N/A,N/A,N/A,N/A,N/A,N/A,,,0
1759293682,any,112,N/A,IPv6,ICMP,N/A,v6,fe80::5ca9:83ff:fe87:27,ff02::179,N/A,N/A,N/A,N/A,N/A,N/A,,,0
1759293682,eth0,110,Ethernet,IPv6,ICMP,N/A,v6,fe80::5ca9:83ff:fe87:27,ff02::179,N/A,N/A,N/A,N/A,N/A,N/A,,,0
1759293683,eth0,110,Ethernet,IPv6,ICMP,N/A,v6,fe80::b0b5:44ff:feea:219,ff02::179,N/A,N/A,N/A,N/A,N/A,N/A,,,1
1759293683,any,112,N/A,IPv6,ICMP,N/A,v6,fe80::b0b5:44ff:feea:219,ff02::179,N/A,N/A,N/A,N/A,N/A,N/A,,,1
1759293683,any,113,N/A,N/A,N/A,N/A,N/A,N/A,N/A,N/A,N/A,N/A,N/A,N/A,N/A,,,1
1759293683,eth0,111,Ethernet,N/A,N/A,N/A,N/A,N/A,N/A,N/A,N/A,N/A,N/A,N/A,N/A,,,1
1759293683,eth0,70,Ethernet,IPv6,ICMP,N/A,v6,fe80::b0b5:44ff:feea:219,ff02::204,N/A,N/A,N/A,N/A,N/A,N/A,,,1
1759293683,eth1,70,Ethernet,IPv6,ICMP,N/A,v6,fe80::780a:a9ff:fee6:89,ff02::204,N/A,N/A,N/A,N/A,N/A,N/A,,,1
1759293683,any,72,N/A,IPv6,ICMP,N/A,v6,fe80::780a:a9ff:fee6:89,ff02::204,N/A,N/A,N/A,N/A,N/A,N/A,,,1
1759293683,any,112,N/A,IPv6,ICMP,N/A,v6,fe80::780a:a9ff:fee6:89,ff02::179,N/A,N/A,N/A,N/A,N/A,N/A,,,1
1759293683,eth1,110,Ethernet,IPv6,ICMP,N/A,v6,fe80::780a:a9ff:fee6:89,ff02::179,N/A,N/A,N/A,N/A,N/A,N/A,,,1
1759293683,eth0,54,Ethernet,IPv4,N/A,N/A,v4,172.30.0.163,224.0.0.22,N/A,N/A,N/A,N/A,N/A,N/A,,,1
1759293683,eth0,107,Ethernet,N/A,N/A,N/A,N/A,N/A,N/A,N/A,N/A,N/A,N/A,N/A,N/A,,,0
1759293683,any,109,N/A,N/A,N/A,N/A,N/A,N/A,N/A,N/A,N/A,N/A,N/A,N/A,N/A,,,0
1759293684,eth0,111,Ethernet,N/A,N/A,N/A,N/A,N/A,N/A,N/A,N/A,N/A,N/A,N/A,N/A,,,1
1759293684,any,113,N/A,N/A,N/A,N/A,N/A,N/A,N/A,N/A,N/A,N/A,N/A,N/A,N/A,,,1
1759293684,eth0,90,Ethernet,IPv6,ICMP,N/A,v6,fe80::e48e:99ff:fe5f:147,ff02::179,N/A,N/A,N/A,N/A,N/A,N/A,,,1
1759293684,eth0,54,Ethernet,IPv4,N/A,N/A,v4,172.30.0.220,224.0.0.22,N/A,N/A,N/A,N/A,N/A,N/A,,,1
1759293684,any,92,N/A,IPv6,ICMP,N/A,v6,fe80::e48e:99ff:fe5f:147,ff02::179,N/A,N/A,N/A,N/A,N/A,N/A,,,1
1759293684,eth0,71,Ethernet,IPv4,UDP,N/A,v4,172.30.0.220,224.0.0.252,5355,5355,N/A,N/A,N/A,N/A,,,1
1759293684,any,73,N/A,IPv4,UDP,N/A,v4,172.30.0.220,224.0.0.252,5355,5355,N/A,N/A,N/A,N/A,,,1
1759293684,eth0,360,Ethernet,IPv4,UDP,N/A,v4,0.0.0.0,255.255.255.255,68,67,N/A,N/A,N/A,N/A,,,1
1759293684,any,362,N/A,IPv4,UDP,N/A,v4,0.0.0.0,255.255.255.255,68,67,N/A,N/A,N/A,N/A,,,1
1759293684,eth0,372,Ethernet,IPv4,UDP,N/A,v4,0.0.0.0,255.255.255.255,68,67,N/A,N/A,N/A,N/A,,,1
1759293684,any,374,N/A,IPv4,UDP,N/A,v4,0.0.0.0,255.255.255.255,68,67,N/A,N/A,N/A,N/A,,,1
1759293684,eth2,110,Ethernet,IPv6,ICMP,N/A,v6,fe80::dcac:f9ff:fe59:60,ff02::179,N/A,N/A,N/A,N/A,N/A,N/A,,,1
1759293684,any,112,N/A,IPv6,ICMP,N/A,v6,fe80::f056:abff:fe65:143,ff02::179,N/A,N/A,N/A,N/A,N/A,N/A,,,1
1759293684,eth1,110,Ethernet,IPv6,ICMP,N/A,v6,fe80::f056:abff:fe65:143,ff02::179,N/A,N/A,N/A,N/A,N/A,N/A,,,1
1759293684,any,112,N/A,IPv6,ICMP,N/A,v6,fe80::e48e:99ff:fe5f:147,ff02::179,N/A,N/A,N/A,N/A,N/A,N/A,,,1
1759293684,eth0,110,Ethernet,IPv6,ICMP,N/A,v6,fe80::e48e:99ff:fe5f:147,ff02::179,N/A,N/A,N/A,N/A,N/A,N/A,,,1
1759293684,eth0,54,Ethernet,IPv4,N/A,N/A,v4,172.30.0.220,224.0.0.22,N/A,N/A,N/A,N/A,N/A,N/A,,,1
1759293684,any,56,N/A,IPv4,N/A,N/A,v4,172.30.0.220,224.0.0.22,N/A,N/A,N/A,N/A,N/A,N/A,,,1
1759293684,eth0,54,Ethernet,IPv4,N/A,N/A,v4,172.30.0.220,224.0.0.22,N/A,N/A,N/A,N/A,N/A,N/A,,,1
1759293684,any,112,N/A,IPv6,ICMP,N/A,v6,fe80::f056:abff:fe65:143,ff02::179,N/A,N/A,N/A,N/A,N/A,N/A,,,1
1759293684,eth1,110,Ethernet,IPv6,ICMP,N/A,v6,fe80::f056:abff:fe65:143,ff02::179,N/A,N/A,N/A,N/A,N/A,N/A,,,1
1759293684,eth0,70,Ethernet,IPv6,ICMP,N/A,v6,fe80::24f1:23ff:fe29:66,ff02::204,N/A,N/A,N/A,N/A,N/A,N/A,,,1
1759293684,eth0,42,Ethernet,N/A,N/A,N/A,N/A,N/A,N/A,N/A,N/A,N/A,N/A,N/A,N/A,,,1
1759293684,eth0,56,Ethernet,N/A,N/A,N/A,N/A,N/A,N/A,N/A,N/A,N/A,N/A,N/A,N/A,,,1
1759293684,eth0,56,Ethernet,N/A,N/A,N/A,N/A,N/A,N/A,N/A,N/A,N/A,N/A,N/A,N/A,,,1
1759293684,any,72,N/A,IPv6,ICMP,N/A,v6,fe80::24f1:23ff:fe29:66,ff02::204,N/A,N/A,N/A,N/A,N/A,N/A,,,1
1759293684,any,44,ARP,N/A,N/A,N/A,N/A,N/A,N/A,N/A,N/A,1,2048,172.30.0.220,172.30.0.122,,,1
1759293684,any,58,ARP,N/A,N/A,N/A,N/A,N/A,N/A,N/A,N/A,2,2048,172.30.0.122,172.30.0.220,,,1
1759293684,eth0,110,Ethernet,IPv6,ICMP,N/A,v6,fe80::e48e:99ff:fe5f:147,ff02::179,N/A,N/A,N/A,N/A,N/A,N/A,,,1
1759293684,any,112,N/A,IPv6,ICMP,N/A,v6,fe80::e48e:99ff:fe5f:147,ff02::179,N/A,N/A,N/A,N/A,N/A,N/A,,,1
1759293684,eth0,90,Ethernet,IPv6,ICMP,N/A,v6,fe80::24f1:23ff:fe29:66,ff02::179,N/A,N/A,N/A,N/A,N/A,N/A,,,1
1759293684,eth0,54,Ethernet,IPv4,N/A,N/A,v4,172.30.0.23,224.0.0.22,N/A,N/A,N/A,N/A,N/A,N/A,,,1
1759293684,any,92,N/A,IPv6,ICMP,N/A,v6,fe80::24f1:23ff:fe29:66,ff02::179,N/A,N/A,N/A,N/A,N/A,N/A,,,1
1759293684,any,89,N/A,IPv6,UDP,N/A,v6,fe80::24f1:23ff:fe29:66,ff02::1:52,5355,5355,N/A,N/A,N/A,N/A,,,1
1759293684,eth0,87,Ethernet,IPv6,UDP,N/A,v6,fe80::24f1:23ff:fe29:66,ff02::1:52,5355,5355,N/A,N/A,N/A,N/A,,,1
1759293684,any,358,N/A,IPv4,UDP,N/A,v4,0.0.0.0,255.255.255.255,68,67,N/A,N/A,N/A,N/A,,,1
1759293684,eth0,356,Ethernet,IPv4,UDP,N/A,v4,0.0.0.0,255.255.255.255,68,67,N/A,N/A,N/A,N/A,,,1
1759293684,eth0,368,Ethernet,IPv4,UDP,N/A,v4,0.0.0.0,255.255.255.255,68,67,N/A,N/A,N/A,N/A,,,1
1759293684,any,370,N/A,IPv4,UDP,N/A,v4,0.0.0.0,255.255.255.255,68,67,N/A,N/A,N/A,N/A,,,1
1759293684,any,112,N/A,IPv6,ICMP,N/A,v6,fe80::7827:e3ff:fe68:239,ff02::179,N/A,N/A,N/A,N/A,N/A,N/A,,,1
1759293684,eth1,110,Ethernet,IPv6,ICMP,N/A,v6,fe80::7827:e3ff:fe68:239,ff02::179,N/A,N/A,N/A,N/A,N/A,N/A,,,1
1759293684,any,56,N/A,IPv4,N/A,N/A,v4,172.30.0.23,224.0.0.22,N/A,N/A,N/A,N/A,N/A,N/A,,,1
1759293684,eth0,54,Ethernet,IPv4,N/A,N/A,v4,172.30.0.23,224.0.0.22,N/A,N/A,N/A,N/A,N/A,N/A,,,1
1759293684,eth0,110,Ethernet,IPv6,ICMP,N/A,v6,fe80::24f1:23ff:fe29:66,ff02::179,N/A,N/A,N/A,N/A,N/A,N/A,,,1
1759293684,any,112,N/A,IPv6,ICMP,N/A,v6,fe80::24f1:23ff:fe29:66,ff02::179,N/A,N/A,N/A,N/A,N/A,N/A,,,1
1759293684,any,44,ARP,N/A,N/A,N/A,N/A,N/A,N/A,N/A,N/A,1,2048,172.30.0.23,172.30.0.122,,,1
1759293684,eth0,42,Ethernet,N/A,N/A,N/A,N/A,N/A,N/A,N/A,N/A,N/A,N/A,N/A,N/A,,,1
1759293684,any,109,N/A,N/A,N/A,N/A,N/A,N/A,N/A,N/A,N/A,N/A,N/A,N/A,N/A,,,0
1759293684,eth0,107,Ethernet,N/A,N/A,N/A,N/A,N/A,N/A,N/A,N/A,N/A,N/A,N/A,N/A,,,0
1759293685,any,112,N/A,IPv6,ICMP,N/A,v6,fe80::7827:e3ff:fe68:239,ff02::179,N/A,N/A,N/A,N/A,N/A,N/A,,,1
1759293685,eth1,110,Ethernet,IPv6,ICMP,N/A,v6,fe80::7827:e3ff:fe68:239,ff02::179,N/A,N/A,N/A,N/A,N/A,N/A,,,1
1759293685,any,112,N/A,IPv6,ICMP,N/A,v6,fe80::dcac:f9ff:fe59:60,ff02::179,N/A,N/A,N/A,N/A,N/A,N/A,,,1
1759293685,eth2,110,Ethernet,IPv6,ICMP,N/A,v6,fe80::dcac:f9ff:fe59:60,ff02::179,N/A,N/A,N/A,N/A,N/A,N/A,,,1
1759293685,eth0,90,Ethernet,IPv6,ICMP,N/A,v6,fe80::ecf9:eff:fefb:55,ff02::179,N/A,N/A,N/A,N/A,N/A,N/A,,,1
1759293685,eth0,56,Ethernet,IPv4,N/A,N/A,v4,172.30.0.89,224.0.0.22,N/A,N/A,N/A,N/A,N/A,N/A,,,1
1759293685,any,92,N/A,IPv6,ICMP,N/A,v6,fe80::ecf9:eff:fefb:55,ff02::179,N/A,N/A,N/A,N/A,N/A,N/A,,,1
1759293685,any,58,N/A,IPv4,N/A,N/A,v4,172.30.0.89,224.0.0.22,N/A,N/A,N/A,N/A,N/A,N/A,,,1
1759293685,any,112,N/A,IPv6,ICMP,N/A,v6,fe80::24f1:23ff:fe29:66,ff02::179,N/A,N/A,N/A,N/A,N/A,N/A,,,1
1759293685,eth0,110,Ethernet,IPv6,ICMP,N/A,v6,fe80::24f1:23ff:fe29:66,ff02::179,N/A,N/A,N/A,N/A,N/A,N/A,,,1
1759293685,any,69,N/A,IPv4,UDP,N/A,v4,172.30.0.89,224.0.0.252,5355,5355,N/A,N/A,N/A,N/A,,,1
1759293685,eth0,67,Ethernet,IPv4,UDP,N/A,v4,172.30.0.89,224.0.0.252,5355,5355,N/A,N/A,N/A,N/A,,,1
1759293685,any,358,N/A,IPv4,UDP,N/A,v4,0.0.0.0,255.255.255.255,68,67,N/A,N/A,N/A,N/A,,,1
1759293685,eth0,356,Ethernet,IPv4,UDP,N/A,v4,0.0.0.0,255.255.255.255,68,67,N/A,N/A,N/A,N/A,,,1
1759293685,eth0,368,Ethernet,IPv4,UDP,N/A,v4,0.0.0.0,255.255.255.255,68,67,N/A,N/A,N/A,N/A,,,1
1759293685,any,370,N/A,IPv4,UDP,N/A,v4,0.0.0.0,255.255.255.255,68,67,N/A,N/A,N/A,N/A,,,1
1759293685,eth1,110,Ethernet,IPv6,ICMP,N/A,v6,fe80::103b:bdff:fef0:169,ff02::179,N/A,N/A,N/A,N/A,N/A,N/A,,,1
1759293685,any,58,ARP,N/A,N/A,N/A,N/A,N/A,N/A,N/A,N/A,1,2048,172.30.0.89,172.30.0.122,,,1
1759293685,any,112,N/A,IPv6,ICMP,N/A,v6,fe80::103b:bdff:fef0:169,ff02::179,N/A,N/A,N/A,N/A,N/A,N/A,,,1
1759293685,eth0,56,Ethernet,N/A,N/A,N/A,N/A,N/A,N/A,N/A,N/A,N/A,N/A,N/A,N/A,,,1
1759293685,any,112,N/A,IPv6,ICMP,N/A,v6,fe80::ecf9:eff:fefb:55,ff02::179,N/A,N/A,N/A,N/A,N/A,N/A,,,1
1759293685,eth0,110,Ethernet,IPv6,ICMP,N/A,v6,fe80::ecf9:eff:fefb:55,ff02::179,N/A,N/A,N/A,N/A,N/A,N/A,,,1
1759293685,eth0,56,Ethernet,IPv4,N/A,N/A,v4,172.30.0.89,224.0.0.22,N/A,N/A,N/A,N/A,N/A,N/A,,,1
1759293685,eth0,110,Ethernet,IPv6,ICMP,N/A,v6,fe80::ecf9:eff:fefb:55,ff02::179,N/A,N/A,N/A,N/A,N/A,N/A,,,1
1759293685,any,112,N/A,IPv6,ICMP,N/A,v6,fe80::ecf9:eff:fefb:55,ff02::179,N/A,N/A,N/A,N/A,N/A,N/A,,,1
1759293685,any,109,N/A,N/A,N/A,N/A,N/A,N/A,N/A,N/A,N/A,N/A,N/A,N/A,N/A,,,0
1759293685,eth0,107,Ethernet,N/A,N/A,N/A,N/A,N/A,N/A,N/A,N/A,N/A,N/A,N/A,N/A,,,0
1759293685,any,72,N/A,IPv6,ICMP,N/A,v6,fe80::dcac:f9ff:fe59:60,ff02::204,N/A,N/A,N/A,N/A,N/A,N/A,,,1
1759293685,eth2,70,Ethernet,IPv6,ICMP,N/A,v6,fe80::dcac:f9ff:fe59:60,ff02::204,N/A,N/A,N/A,N/A,N/A,N/A,,,1
1759293685,eth1,70,Ethernet,IPv6,ICMP,N/A,v6,fe80::f056:abff:fe65:143,ff02::204,N/A,N/A,N/A,N/A,N/A,N/A,,,1
1759293685,eth0,111,Ethernet,N/A,N/A,N/A,N/A,N/A,N/A,N/A,N/A,N/A,N/A,N/A,N/A,,,1
1759293685,eth0,70,Ethernet,IPv6,ICMP,N/A,v6,fe80::e48e:99ff:fe5f:147,ff02::204,N/A,N/A,N/A,N/A,N/A,N/A,,,1
1759293685,any,112,N/A,IPv6,ICMP,N/A,v6,fe80::103b:bdff:fef0:169,ff02::179,N/A,N/A,N/A,N/A,N/A,N/A,,,1
1759293685,eth1,110,Ethernet,IPv6,ICMP,N/A,v6,fe80::103b:bdff:fef0:169,ff02::179,N/A,N/A,N/A,N/A,N/A,N/A,,,1
1759293685,any,56,N/A,IPv4,N/A,N/A,v4,172.30.0.23,224.0.0.22,N/A,N/A,N/A,N/A,N/A,N/A,,,1
1759293685,eth0,54,Ethernet,IPv4,N/A,N/A,v4,172.30.0.23,224.0.0.22,N/A,N/A,N/A,N/A,N/A,N/A,,,1
1759293685,eth0,56,Ethernet,IPv4,N/A,N/A,v4,172.30.0.89,224.0.0.22,N/A,N/A,N/A,N/A,N/A,N/A,,,1
1759293685,any,58,N/A,IPv4,N/A,N/A,v4,172.30.0.89,224.0.0.22,N/A,N/A,N/A,N/A,N/A,N/A,,,1
1759293686,eth0,90,Ethernet,IPv6,ICMP,N/A,v6,fe80::5ca9:83ff:fe87:27,ff02::179,N/A,N/A,N/A,N/A,N/A,N/A,,,0
1759293686,eth0,54,Ethernet,IPv4,N/A,N/A,v4,172.30.0.220,224.0.0.22,N/A,N/A,N/A,N/A,N/A,N/A,,,0
1759293686,any,72,N/A,IPv6,ICMP,N/A,v6,fe80::24f1:23ff:fe29:66,ff02::204,N/A,N/A,N/A,N/A,N/A,N/A,,,1
1759293686,eth1,70,Ethernet,IPv6,ICMP,N/A,v6,fe80::7827:e3ff:fe68:239,ff02::204,N/A,N/A,N/A,N/A,N/A,N/A,,,1
1759293686,eth0,70,Ethernet,IPv6,ICMP,N/A,v6,fe80::24f1:23ff:fe29:66,ff02::204,N/A,N/A,N/A,N/A,N/A,N/A,,,1
1759293686,eth0,111,Ethernet,N/A,N/A,N/A,N/A,N/A,N/A,N/A,N/A,N/A,N/A,N/A,N/A,,,1
1759293686,any,113,N/A,N/A,N/A,N/A,N/A,N/A,N/A,N/A,N/A,N/A,N/A,N/A,N/A,,,1
1759293686,any,72,N/A,IPv6,ICMP,N/A,v6,fe80::ecf9:eff:fefb:55,ff02::204,N/A,N/A,N/A,N/A,N/A,N/A,,,1
1759293686,eth0,70,Ethernet,IPv6,ICMP,N/A,v6,fe80::ecf9:eff:fefb:55,ff02::204,N/A,N/A,N/A,N/A,N/A,N/A,,,1
1759293686,eth1,70,Ethernet,IPv6,ICMP,N/A,v6,fe80::103b:bdff:fef0:169,ff02::204,N/A,N/A,N/A,N/A,N/A,N/A,,,1
1759293686,any,92,N/A,IPv6,ICMP,N/A,v6,fe80::b0b5:44ff:feea:219,ff02::179,N/A,N/A,N/A,N/A,N/A,N/A,,,1
1759293686,eth0,90,Ethernet,IPv6,ICMP,N/A,v6,fe80::b0b5:44ff:feea:219,ff02::179,N/A,N/A,N/A,N/A,N/A,N/A,,,1
1759293686,eth0,54,Ethernet,IPv4,N/A,N/A,v4,172.30.0.163,224.0.0.22,N/A,N/A,N/A,N/A,N/A,N/A,,,1
1759293686,eth0,68,Ethernet,IPv4,UDP,N/A,v4,172.30.0.163,224.0.0.252,5355,5355,N/A,N/A,N/A,N/A,,,1
1759293686,any,70,N/A,IPv4,UDP,N/A,v4,172.30.0.163,224.0.0.252,5355,5355,N/A,N/A,N/A,N/A,,,1
1759293686,eth0,357,Ethernet,IPv4,UDP,N/A,v4,0.0.0.0,255.255.255.255,68,67,N/A,N/A,N/A,N/A,,,1
1759293686,any,92,N/A,IPv6,ICMP,N/A,v6,fe80::5ca9:83ff:fe87:27,ff02::179,N/A,N/A,N/A,N/A,N/A,N/A,,,0
1759293686,eth0,87,Ethernet,IPv6,UDP,N/A,v6,fe80::5ca9:83ff:fe87:27,ff02::1:52,5355,5355,N/A,N/A,N/A,N/A,,,0
1759293686,any,89,N/A,IPv6,UDP,N/A,v6,fe80::5ca9:83ff:fe87:27,ff02::1:52,5355,5355,N/A,N/A,N/A,N/A,,,0
1759293686,eth0,356,Ethernet,IPv4,UDP,N/A,v4,0.0.0.0,255.255.255.255,68,67,N/A,N/A,N/A,N/A,,,0
1759293686,any,358,N/A,IPv4,UDP,N/A,v4,0.0.0.0,255.255.255.255,68,67,N/A,N/A,N/A,N/A,,,0
1759293686,eth0,368,Ethernet,IPv4,UDP,N/A,v4,0.0.0.0,255.255.255.255,68,67,N/A,N/A,N/A,N/A,,,0
1759293686,any,370,N/A,IPv4,UDP,N/A,v4,0.0.0.0,255.255.255.255,68,67,N/A,N/A,N/A,N/A,,,0
1759293686,eth1,110,Ethernet,IPv6,ICMP,N/A,v6,fe80::a824:52ff:fe4f:69,ff02::179,N/A,N/A,N/A,N/A,N/A,N/A,,,0
1759293686,any,112,N/A,IPv6,ICMP,N/A,v6,fe80::a824:52ff:fe4f:69,ff02::179,N/A,N/A,N/A,N/A,N/A,N/A,,,0
1759293686,any,112,N/A,IPv6,ICMP,N/A,v6,fe80::5ca9:83ff:fe87:27,ff02::179,N/A,N/A,N/A,N/A,N/A,N/A,,,0
1759293686,eth0,110,Ethernet,IPv6,ICMP,N/A,v6,fe80::5ca9:83ff:fe87:27,ff02::179,N/A,N/A,N/A,N/A,N/A,N/A,,,0
1759293686,eth0,54,Ethernet,IPv4,N/A,N/A,v4,172.30.0.220,224.0.0.22,N/A,N/A,N/A,N/A,N/A,N/A,,,0
1759293686,eth0,42,Ethernet,N/A,N/A,N/A,N/A,N/A,N/A,N/A,N/A,N/A,N/A,N/A,N/A,,,0
1759293686,any,58,ARP,N/A,N/A,N/A,N/A,N/A,N/A,N/A,N/A,2,2048,172.30.0.122,172.30.0.220,,,0
1759293686,eth0,56,Ethernet,N/A,N/A,N/A,N/A,N/A,N/A,N/A,N/A,N/A,N/A,N/A,N/A,,,0
1759293686,eth0,56,Ethernet,N/A,N/A,N/A,N/A,N/A,N/A,N/A,N/A,N/A,N/A,N/A,N/A,,,0
1759293686,any,58,ARP,N/A,N/A,N/A,N/A,N/A,N/A,N/A,N/A,2,2048,172.30.0.122,172.30.0.220,,,0
1759293686,any,112,N/A,IPv6,ICMP,N/A,v6,fe80::a824:52ff:fe4f:69,ff02::179,N/A,N/A,N/A,N/A,N/A,N/A,,,0
1759293686,eth1,110,Ethernet,IPv6,ICMP,N/A,v6,fe80::a824:52ff:fe4f:69,ff02::179,N/A,N/A,N/A,N/A,N/A,N/A,,,0
1759293686,eth0,54,Ethernet,IPv4,N/A,N/A,v4,172.30.0.220,224.0.0.22,N/A,N/A,N/A,N/A,N/A,N/A,,,0
1759293686,any,56,N/A,IPv4,N/A,N/A,v4,172.30.0.220,224.0.0.22,N/A,N/A,N/A,N/A,N/A,N/A,,,0
1759293686,any,112,N/A,IPv6,ICMP,N/A,v6,fe80::5ca9:83ff:fe87:27,ff02::179,N/A,N/A,N/A,N/A,N/A,N/A,,,0
1759293686,eth0,110,Ethernet,IPv6,ICMP,N/A,v6,fe80::5ca9:83ff:fe87:27,ff02::179,N/A,N/A,N/A,N/A,N/A,N/A,,,0
1759293687,eth0,107,Ethernet,N/A,N/A,N/A,N/A,N/A,N/A,N/A,N/A,N/A,N/A,N/A,N/A,,,0
1759293687,eth0,70,Ethernet,IPv6,ICMP,N/A,v6,fe80::5ca9:83ff:fe87:27,ff02::204,N/A,N/A,N/A,N/A,N/A,N/A,,,0
1759293687,any,72,N/A,IPv6,ICMP,N/A,v6,fe80::a824:52ff:fe4f:69,ff02::204,N/A,N/A,N/A,N/A,N/A,N/A,,,0
1759293687,eth1,70,Ethernet,IPv6,ICMP,N/A,v6,fe80::a824:52ff:fe4f:69,ff02::204,N/A,N/A,N/A,N/A,N/A,N/A,,,0
1759293688,eth0,107,Ethernet,N/A,N/A,N/A,N/A,N/A,N/A,N/A,N/A,N/A,N/A,N/A,N/A,,,0
1759293688,any,109,N/A,N/A,N/A,N/A,N/A,N/A,N/A,N/A,N/A,N/A,N/A,N/A,N/A,,,0
1759293689,eth0,107,Ethernet,N/A,N/A,N/A,N/A,N/A,N/A,N/A,N/A,N/A,N/A,N/A,N/A,,,0
1759293689,any,109,N/A,N/A,N/A,N/A,N/A,N/A,N/A,N/A,N/A,N/A,N/A,N/A,N/A,,,0
1759293690,eth0,107,Ethernet,N/A,N/A,N/A,N/A,N/A,N/A,N/A,N/A,N/A,N/A,N/A,N/A,,,0
1759293690,any,109,N/A,N/A,N/A,N/A,N/A,N/A,N/A,N/A,N/A,N/A,N/A,N/A,N/A,,,0
1759293691,any,72,N/A,IPv6,ICMP,N/A,v6,fe80::5ca9:83ff:fe87:27,ff02::204,N/A,N/A,N/A,N/A,N/A,N/A,,,0
1759293691,eth0,70,Ethernet,IPv6,ICMP,N/A,v6,fe80::5ca9:83ff:fe87:27,ff02::204,N/A,N/A,N/A,N/A,N/A,N/A,,,0
1759293691,eth0,90,Ethernet,IPv6,ICMP,N/A,v6,fe80::5ca9:83ff:fe87:27,ff02::179,N/A,N/A,N/A,N/A,N/A,N/A,,,0
1759293691,eth0,54,Ethernet,IPv4,N/A,N/A,v4,172.30.0.220,224.0.0.22,N/A,N/A,N/A,N/A,N/A,N/A,,,0
1759293691,any,92,N/A,IPv6,ICMP,N/A,v6,fe80::5ca9:83ff:fe87:27,ff02::179,N/A,N/A,N/A,N/A,N/A,N/A,,,0
1759293691,eth0,87,Ethernet,IPv6,UDP,N/A,v6,fe80::5ca9:83ff:fe87:27,ff02::1:52,5355,5355,N/A,N/A,N/A,N/A,,,0
1759293691,eth0,67,Ethernet,IPv4,UDP,N/A,v4,172.30.0.220,224.0.0.252,5355,5355,N/A,N/A,N/A,N/A,,,0
1759293691,any,89,N/A,IPv6,UDP,N/A,v6,fe80::5ca9:83ff:fe87:27,ff02::1:52,5355,5355,N/A,N/A,N/A,N/A,,,0
1759293691,eth0,356,Ethernet,IPv4,UDP,N/A,v4,0.0.0.0,255.255.255.255,68,67,N/A,N/A,N/A,N/A,,,0
1759293691,any,358,N/A,IPv4,UDP,N/A,v4,0.0.0.0,255.255.255.255,68,67,N/A,N/A,N/A,N/A,,,0
1759293691,eth0,368,Ethernet,IPv4,UDP,N/A,v4,0.0.0.0,255.255.255.255,68,67,N/A,N/A,N/A,N/A,,,0
1759293691,any,370,N/A,IPv4,UDP,N/A,v4,0.0.0.0,255.255.255.255,68,67,N/A,N/A,N/A,N/A,,,0
1759293691,eth1,110,Ethernet,IPv6,ICMP,N/A,v6,fe80::a824:52ff:fe4f:69,ff02::179,N/A,N/A,N/A,N/A,N/A,N/A,,,0
1759293691,any,112,N/A,IPv6,ICMP,N/A,v6,fe80::a824:52ff:fe4f:69,ff02::179,N/A,N/A,N/A,N/A,N/A,N/A,,,0
1759293691,eth0,54,Ethernet,IPv4,N/A,N/A,v4,172.30.0.220,224.0.0.22,N/A,N/A,N/A,N/A,N/A,N/A,,,0
1759293691,any,56,N/A,IPv4,N/A,N/A,v4,172.30.0.220,224.0.0.22,N/A,N/A,N/A,N/A,N/A,N/A,,,0
1759293691,eth0,110,Ethernet,IPv6,ICMP,N/A,v6,fe80::5ca9:83ff:fe87:27,ff02::179,N/A,N/A,N/A,N/A,N/A,N/A,,,0
1759293691,eth0,42,Ethernet,N/A,N/A,N/A,N/A,N/A,N/A,N/A,N/A,N/A,N/A,N/A,N/A,,,0
1759293691,eth0,56,Ethernet,N/A,N/A,N/A,N/A,N/A,N/A,N/A,N/A,N/A,N/A,N/A,N/A,,,0
1759293691,eth0,56,Ethernet,N/A,N/A,N/A,N/A,N/A,N/A,N/A,N/A,N/A,N/A,N/A,N/A,,,0
1759293691,any,112,N/A,IPv6,ICMP,N/A,v6,fe80::5ca9:83ff:fe87:27,ff02::179,N/A,N/A,N/A,N/A,N/A,N/A,,,0
1759293691,any,44,ARP,N/A,N/A,N/A,N/A,N/A,N/A,N/A,N/A,1,2048,172.30.0.220,172.30.0.122,,,0
1759293691,any,58,ARP,N/A,N/A,N/A,N/A,N/A,N/A,N/A,N/A,2,2048,172.30.0.122,172.30.0.220,,,0
1759293691,eth0,110,Ethernet,IPv6,ICMP,N/A,v6,fe80::5ca9:83ff:fe87:27,ff02::179,N/A,N/A,N/A,N/A,N/A,N/A,,,0
1759293691,any,112,N/A,IPv6,ICMP,N/A,v6,fe80::5ca9:83ff:fe87:27,ff02::179,N/A,N/A,N/A,N/A,N/A,N/A,,,0
1759293692,any,56,N/A,IPv4,N/A,N/A,v4,172.30.0.220,224.0.0.22,N/A,N/A,N/A,N/A,N/A,N/A,,,0
1759293692,eth0,54,Ethernet,IPv4,N/A,N/A,v4,172.30.0.220,224.0.0.22,N/A,N/A,N/A,N/A,N/A,N/A,,,0
1759293692,eth1,110,Ethernet,IPv6,ICMP,N/A,v6,fe80::a824:52ff:fe4f:69,ff02::179,N/A,N/A,N/A,N/A,N/A,N/A,,,0
1759293692,any,112,N/A,IPv6,ICMP,N/A,v6,fe80::a824:52ff:fe4f:69,ff02::179,N/A,N/A,N/A,N/A,N/A,N/A,,,0
1759293692,eth0,107,Ethernet,N/A,N/A,N/A,N/A,N/A,N/A,N/A,N/A,N/A,N/A,N/A,N/A,,,0
1759293692,eth0,70,Ethernet,IPv6,ICMP,N/A,v6,fe80::5ca9:83ff:fe87:27,ff02::204,N/A,N/A,N/A,N/A,N/A,N/A,,,0
1759293692,any,72,N/A,IPv6,ICMP,N/A,v6,fe80::a824:52ff:fe4f:69,ff02::204,N/A,N/A,N/A,N/A,N/A,N/A,,,0
1759293692,eth1,70,Ethernet,IPv6,ICMP,N/A,v6,fe80::a824:52ff:fe4f:69,ff02::204,N/A,N/A,N/A,N/A,N/A,N/A,,,0
1759293693,any,109,N/A,N/A,N/A,N/A,N/A,N/A,N/A,N/A,N/A,N/A,N/A,N/A,N/A,,,0
1759293693,eth0,107,Ethernet,N/A,N/A,N/A,N/A,N/A,N/A,N/A,N/A,N/A,N/A,N/A,N/A,,,0
1759293694,eth0,107,Ethernet,N/A,N/A,N/A,N/A,N/A,N/A,N/A,N/A,N/A,N/A,N/A,N/A,,,0
1759293694,any,109,N/A,N/A,N/A,N/A,N/A,N/A,N/A,N/A,N/A,N/A,N/A,N/A,N/A,,,0
1759293695,eth0,90,Ethernet,IPv6,ICMP,N/A,v6,fe80::5ca9:83ff:fe87:27,ff02::179,N/A,N/A,N/A,N/A,N/A,N/A,,,0
1759293695,eth0,54,Ethernet,IPv4,N/A,N/A,v4,172.30.0.220,224.0.0.22,N/A,N/A,N/A,N/A,N/A,N/A,,,0
1759293695,any,92,N/A,IPv6,ICMP,N/A,v6,fe80::5ca9:83ff:fe87:27,ff02::179,N/A,N/A,N/A,N/A,N/A,N/A,,,0
1759293695,eth0,356,Ethernet,IPv4,UDP,N/A,v4,0.0.0.0,255.255.255.255,68,67,N/A,N/A,N/A,N/A,,,0
1759293695,any,358,N/A,IPv4,UDP,N/A,v4,0.0.0.0,255.255.255.255,68,67,N/A,N/A,N/A,N/A,,,0
1759293695,any,370,N/A,IPv4,UDP,N/A,v4,0.0.0.0,255.255.255.255,68,67,N/A,N/A,N/A,N/A,,,0
1759293695,any,56,N/A,IPv4,N/A,N/A,v4,172.30.0.220,224.0.0.22,N/A,N/A,N/A,N/A,N/A,N/A,,,0
1759293695,any,112,N/A,IPv6,ICMP,N/A,v6,fe80::5ca9:83ff:fe87:27,ff02::179,N/A,N/A,N/A,N/A,N/A,N/A,,,0
1759293695,any,56,N/A,IPv4,N/A,N/A,v4,172.30.0.220,224.0.0.22,N/A,N/A,N/A,N/A,N/A,N/A,,,0
1759293695,any,44,ARP,N/A,N/A,N/A,N/A,N/A,N/A,N/A,N/A,1,2048,172.30.0.220,172.30.0.122,,,0
1759293695,any,58,ARP,N/A,N/A,N/A,N/A,N/A,N/A,N/A,N/A,2,2048,172.30.0.122,172.30.0.220,,,0
1759293695,eth0,368,Ethernet,IPv4,UDP,N/A,v4,0.0.0.0,255.255.255.255,68,67,N/A,N/A,N/A,N/A,,,0
1759293695,eth0,54,Ethernet,IPv4,N/A,N/A,v4,172.30.0.220,224.0.0.22,N/A,N/A,N/A,N/A,N/A,N/A,,,0
1759293695,eth0,110,Ethernet,IPv6,ICMP,N/A,v6,fe80::5ca9:83ff:fe87:27,ff02::179,N/A,N/A,N/A,N/A,N/A,N/A,,,0
1759293695,eth0,54,Ethernet,IPv4,N/A,N/A,v4,172.30.0.220,224.0.0.22,N/A,N/A,N/A,N/A,N/A,N/A,,,0
1759293695,eth0,42,Ethernet,N/A,N/A,N/A,N/A,N/A,N/A,N/A,N/A,N/A,N/A,N/A,N/A,,,0
1759293695,eth0,56,Ethernet,N/A,N/A,N/A,N/A,N/A,N/A,N/A,N/A,N/A,N/A,N/A,N/A,,,0
1759293695,eth0,56,Ethernet,N/A,N/A,N/A,N/A,N/A,N/A,N/A,N/A,N/A,N/A,N/A,N/A,,,0
1759293695,eth1,110,Ethernet,IPv6,ICMP,N/A,v6,fe80::a824:52ff:fe4f:69,ff02::179,N/A,N/A,N/A,N/A,N/A,N/A,,,0
1759293696,eth0,110,Ethernet,IPv6,ICMP,N/A,v6,fe80::5ca9:83ff:fe87:27,ff02::179,N/A,N/A,N/A,N/A,N/A,N/A,,,0
1759293696,any,112,N/A,IPv6,ICMP,N/A,v6,fe80::5ca9:83ff:fe87:27,ff02::179,N/A,N/A,N/A,N/A,N/A,N/A,,,0
1759293696,eth1,70,Ethernet,IPv6,ICMP,N/A,v6,fe80::a824:52ff:fe4f:69,ff02::204,N/A,N/A,N/A,N/A,N/A,N/A,,,0
1759293696,any,72,N/A,IPv6,ICMP,N/A,v6,fe80::a824:52ff:fe4f:69,ff02::204,N/A,N/A,N/A,N/A,N/A,N/A,,,0
1759293696,eth0,107,Ethernet,N/A,N/A,N/A,N/A,N/A,N/A,N/A,N/A,N/A,N/A,N/A,N/A,,,0
1759293696,any,109,N/A,N/A,N/A,N/A,N/A,N/A,N/A,N/A,N/A,N/A,N/A,N/A,N/A,,,0
1759293696,eth0,70,Ethernet,IPv6,ICMP,N/A,v6,fe80::5ca9:83ff:fe87:27,ff02::204,N/A,N/A,N/A,N/A,N/A,N/A,,,0
1759293696,any,72,N/A,IPv6,ICMP,N/A,v6,fe80::5ca9:83ff:fe87:27,ff02::204,N/A,N/A,N/A,N/A,N/A,N/A,,,0
1759293696,eth1,110,Ethernet,IPv6,ICMP,N/A,v6,fe80::a824:52ff:fe4f:69,ff02::179,N/A,N/A,N/A,N/A,N/A,N/A,,,0
1759293696,any,112,N/A,IPv6,ICMP,N/A,v6,fe80::a824:52ff:fe4f:69,ff02::179,N/A,N/A,N/A,N/A,N/A,N/A,,,0
1759293697,eth0,107,Ethernet,N/A,N/A,N/A,N/A,N/A,N/A,N/A,N/A,N/A,N/A,N/A,N/A,,,0
1759293697,any,109,N/A,N/A,N/A,N/A,N/A,N/A,N/A,N/A,N/A,N/A,N/A,N/A,N/A,,,0
1759293698,eth0,107,Ethernet,N/A,N/A,N/A,N/A,N/A,N/A,N/A,N/A,N/A,N/A,N/A,N/A,,,0
1759293698,any,109,N/A,N/A,N/A,N/A,N/A,N/A,N/A,N/A,N/A,N/A,N/A,N/A,N/A,,,0
1759293699,any,109,N/A,N/A,N/A,N/A,N/A,N/A,N/A,N/A,N/A,N/A,N/A,N/A,N/A,,,0
1759293699,eth0,107,Ethernet,N/A,N/A,N/A,N/A,N/A,N/A,N/A,N/A,N/A,N/A,N/A,N/A,,,0
1759293700,any,72,N/A,IPv6,ICMP,N/A,v6,fe80::a824:52ff:fe4f:69,ff02::204,N/A,N/A,N/A,N/A,N/A,N/A,,,0
1759293700,eth1,70,Ethernet,IPv6,ICMP,N/A,v6,fe80::a824:52ff:fe4f:69,ff02::204,N/A,N/A,N/A,N/A,N/A,N/A,,,0
1759293700,eth0,90,Ethernet,IPv6,ICMP,N/A,v6,fe80::5ca9:83ff:fe87:27,ff02::179,N/A,N/A,N/A,N/A,N/A,N/A,,,0
1759293700,eth0,54,Ethernet,IPv4,N/A,N/A,v4,172.30.0.220,224.0.0.22,N/A,N/A,N/A,N/A,N/A,N/A,,,0
1759293700,any,92,N/A,IPv6,ICMP,N/A,v6,fe80::5ca9:83ff:fe87:27,ff02::179,N/A,N/A,N/A,N/A,N/A,N/A,,,0
1759293700,eth0,67,Ethernet,IPv4,UDP,N/A,v4,172.30.0.220,224.0.0.252,5355,5355,N/A,N/A,N/A,N/A,,,0
1759293700,any,69,N/A,IPv4,UDP,N/A,v4,172.30.0.220,224.0.0.252,5355,5355,N/A,N/A,N/A,N/A,,,0
1759293700,eth0,356,Ethernet,IPv4,UDP,N/A,v4,0.0.0.0,255.255.255.255,68,67,N/A,N/A,N/A,N/A,,,0
1759293700,any,358,N/A,IPv4,UDP,N/A,v4,0.0.0.0,255.255.255.255,68,67,N/A,N/A,N/A,N/A,,,0
1759293700,eth0,368,Ethernet,IPv4,UDP,N/A,v4,0.0.0.0,255.255.255.255,68,67,N/A,N/A,N/A,N/A,,,0
1759293700,any,370,N/A,IPv4,UDP,N/A,v4,0.0.0.0,255.255.255.255,68,67,N/A,N/A,N/A,N/A,,,0
1759293700,any,112,N/A,IPv6,ICMP,N/A,v6,fe80::a824:52ff:fe4f:69,ff02::179,N/A,N/A,N/A,N/A,N/A,N/A,,,0
1759293700,eth1,110,Ethernet,IPv6,ICMP,N/A,v6,fe80::a824:52ff:fe4f:69,ff02::179,N/A,N/A,N/A,N/A,N/A,N/A,,,0
1759293700,eth0,110,Ethernet,IPv6,ICMP,N/A,v6,fe80::5ca9:83ff:fe87:27,ff02::179,N/A,N/A,N/A,N/A,N/A,N/A,,,0
1759293700,eth0,54,Ethernet,IPv4,N/A,N/A,v4,172.30.0.220,224.0.0.22,N/A,N/A,N/A,N/A,N/A,N/A,,,0
1759293700,any,112,N/A,IPv6,ICMP,N/A,v6,fe80::5ca9:83ff:fe87:27,ff02::179,N/A,N/A,N/A,N/A,N/A,N/A,,,0
1759293700,eth0,42,Ethernet,N/A,N/A,N/A,N/A,N/A,N/A,N/A,N/A,N/A,N/A,N/A,N/A,,,0
1759293700,any,44,ARP,N/A,N/A,N/A,N/A,N/A,N/A,N/A,N/A,1,2048,172.30.0.220,172.30.0.122,,,0
1759293700,any,58,ARP,N/A,N/A,N/A,N/A,N/A,N/A,N/A,N/A,2,2048,172.30.0.122,172.30.0.220,,,0
1759293700,eth0,56,Ethernet,N/A,N/A,N/A,N/A,N/A,N/A,N/A,N/A,N/A,N/A,N/A,N/A,,,0
1759293700,eth0,56,Ethernet,N/A,N/A,N/A,N/A,N/A,N/A,N/A,N/A,N/A,N/A,N/A,N/A,,,0
1759293700,eth0,54,Ethernet,IPv4,N/A,N/A,v4,172.30.0.220,224.0.0.22,N/A,N/A,N/A,N/A,N/A,N/A,,,0
1759293700,any,56,N/A,IPv4,N/A,N/A,v4,172.30.0.220,224.0.0.22,N/A,N/A,N/A,N/A,N/A,N/A,,,0
1759293701,eth0,110,Ethernet,IPv6,ICMP,N/A,v6,fe80::5ca9:83ff:fe87:27,ff02::179,N/A,N/A,N/A,N/A,N/A,N/A,,,0
1759293701,any,112,N/A,IPv6,ICMP,N/A,v6,fe80::5ca9:83ff:fe87:27,ff02::179,N/A,N/A,N/A,N/A,N/A,N/A,,,0
1759293701,eth1,110,Ethernet,IPv6,ICMP,N/A,v6,fe80::a824:52ff:fe4f:69,ff02::179,N/A,N/A,N/A,N/A,N/A,N/A,,,0
1759293701,any,112,N/A,IPv6,ICMP,N/A,v6,fe80::a824:52ff:fe4f:69,ff02::179,N/A,N/A,N/A,N/A,N/A,N/A,,,0
1759293701,any,72,N/A,IPv6,ICMP,N/A,v6,fe80::a824:52ff:fe4f:69,ff02::204,N/A,N/A,N/A,N/A,N/A,N/A,,,0
1759293701,eth0,107,Ethernet,N/A,N/A,N/A,N/A,N/A,N/A,N/A,N/A,N/A,N/A,N/A,N/A,,,0
1759293701,eth0,70,Ethernet,IPv6,ICMP,N/A,v6,fe80::5ca9:83ff:fe87:27,ff02::204,N/A,N/A,N/A,N/A,N/A,N/A,,,0
1759293701,eth1,70,Ethernet,IPv6,ICMP,N/A,v6,fe80::a824:52ff:fe4f:69,ff02::204,N/A,N/A,N/A,N/A,N/A,N/A,,,0
1759293702,eth0,107,Ethernet,N/A,N/A,N/A,N/A,N/A,N/A,N/A,N/A,N/A,N/A,N/A,N/A,,,0
1759293702,any,109,N/A,N/A,N/A,N/A,N/A,N/A,N/A,N/A,N/A,N/A,N/A,N/A,N/A,,,0
1759293703,eth0,107,Ethernet,N/A,N/A,N/A,N/A,N/A,N/A,N/A,N/A,N/A,N/A,N/A,N/A,,,0
1759293703,any,109,N/A,N/A,N/A,N/A,N/A,N/A,N/A,N/A,N/A,N/A,N/A,N/A,N/A,,,0
1759293704,eth0,107,Ethernet,N/A,N/A,N/A,N/A,N/A,N/A,N/A,N/A,N/A,N/A,N/A,N/A,,,0
1759293704,any,109,N/A,N/A,N/A,N/A,N/A,N/A,N/A,N/A,N/A,N/A,N/A,N/A,N/A,,,0
1759293704,eth0,90,Ethernet,IPv6,ICMP,N/A,v6,fe80::5ca9:83ff:fe87:27,ff02::179,N/A,N/A,N/A,N/A,N/A,N/A,,,0
1759293704,eth0,54,Ethernet,IPv4,N/A,N/A,v4,172.30.0.220,224.0.0.22,N/A,N/A,N/A,N/A,N/A,N/A,,,0
1759293704,any,92,N/A,IPv6,ICMP,N/A,v6,fe80::5ca9:83ff:fe87:27,ff02::179,N/A,N/A,N/A,N/A,N/A,N/A,,,0
1759293704,eth0,87,Ethernet,IPv6,UDP,N/A,v6,fe80::5ca9:83ff:fe87:27,ff02::1:52,5355,5355,N/A,N/A,N/A,N/A,,,0
1759293704,eth0,67,Ethernet,IPv4,UDP,N/A,v4,172.30.0.220,224.0.0.252,5355,5355,N/A,N/A,N/A,N/A,,,0
1759293704,any,89,N/A,IPv6,UDP,N/A,v6,fe80::5ca9:83ff:fe87:27,ff02::1:52,5355,5355,N/A,N/A,N/A,N/A,,,0
1759293704,eth0,356,Ethernet,IPv4,UDP,N/A,v4,0.0.0.0,255.255.255.255,68,67,N/A,N/A,N/A,N/A,,,0
1759293704,any,358,N/A,IPv4,UDP,N/A,v4,0.0.0.0,255.255.255.255,68,67,N/A,N/A,N/A,N/A,,,0
1759293704,any,370,N/A,IPv4,UDP,N/A,v4,0.0.0.0,255.255.255.255,68,67,N/A,N/A,N/A,N/A,,,0
1759293704,any,112,N/A,IPv6,ICMP,N/A,v6,fe80::a824:52ff:fe4f:69,ff02::179,N/A,N/A,N/A,N/A,N/A,N/A,,,0
1759293704,any,56,N/A,IPv4,N/A,N/A,v4,172.30.0.220,224.0.0.22,N/A,N/A,N/A,N/A,N/A,N/A,,,0
1759293704,any,112,N/A,IPv6,ICMP,N/A,v6,fe80::5ca9:83ff:fe87:27,ff02::179,N/A,N/A,N/A,N/A,N/A,N/A,,,0
1759293704,any,112,N/A,IPv6,ICMP,N/A,v6,fe80::5ca9:83ff:fe87:27,ff02::179,N/A,N/A,N/A,N/A,N/A,N/A,,,0
1759293704,any,56,N/A,IPv4,N/A,N/A,v4,172.30.0.220,224.0.0.22,N/A,N/A,N/A,N/A,N/A,N/A,,,0
1759293704,any,44,ARP,N/A,N/A,N/A,N/A,N/A,N/A,N/A,N/A,1,2048,172.30.0.220,172.30.0.122,,,0
1759293704,any,58,ARP,N/A,N/A,N/A,N/A,N/A,N/A,N/A,N/A,2,2048,172.30.0.122,172.30.0.220,,,0
1759293704,any,58,ARP,N/A,N/A,N/A,N/A,N/A,N/A,N/A,N/A,2,2048,172.30.0.122,172.30.0.220,,,0
1759293704,eth0,368,Ethernet,IPv4,UDP,N/A,v4,0.0.0.0,255.255.255.255,68,67,N/A,N/A,N/A,N/A,,,0
1759293704,eth0,54,Ethernet,IPv4,N/A,N/A,v4,172.30.0.220,224.0.0.22,N/A,N/A,N/A,N/A,N/A,N/A,,,0
1759293704,eth0,110,Ethernet,IPv6,ICMP,N/A,v6,fe80::5ca9:83ff:fe87:27,ff02::179,N/A,N/A,N/A,N/A,N/A,N/A,,,0
1759293704,eth0,110,Ethernet,IPv6,ICMP,N/A,v6,fe80::5ca9:83ff:fe87:27,ff02::179,N/A,N/A,N/A,N/A,N/A,N/A,,,0
1759293704,eth0,54,Ethernet,IPv4,N/A,N/A,v4,172.30.0.220,224.0.0.22,N/A,N/A,N/A,N/A,N/A,N/A,,,0
1759293704,eth0,42,Ethernet,N/A,N/A,N/A,N/A,N/A,N/A,N/A,N/A,N/A,N/A,N/A,N/A,,,0
1759293704,eth0,56,Ethernet,N/A,N/A,N/A,N/A,N/A,N/A,N/A,N/A,N/A,N/A,N/A,N/A,,,0
1759293704,eth0,56,Ethernet,N/A,N/A,N/A,N/A,N/A,N/A,N/A,N/A,N/A,N/A,N/A,N/A,,,0
1759293704,eth1,110,Ethernet,IPv6,ICMP,N/A,v6,fe80::a824:52ff:fe4f:69,ff02::179,N/A,N/A,N/A,N/A,N/A,N/A,,,0
1759293705,eth0,70,Ethernet,IPv6,ICMP,N/A,v6,fe80::5ca9:83ff:fe87:27,ff02::204,N/A,N/A,N/A,N/A,N/A,N/A,,,0
1759293705,any,72,N/A,IPv6,ICMP,N/A,v6,fe80::a824:52ff:fe4f:69,ff02::204,N/A,N/A,N/A,N/A,N/A,N/A,,,0
1759293705,eth1,70,Ethernet,IPv6,ICMP,N/A,v6,fe80::a824:52ff:fe4f:69,ff02::204,N/A,N/A,N/A,N/A,N/A,N/A,,,0
1759293705,eth1,110,Ethernet,IPv6,ICMP,N/A,v6,fe80::a824:52ff:fe4f:69,ff02::179,N/A,N/A,N/A,N/A,N/A,N/A,,,0
1759293705,any,112,N/A,IPv6,ICMP,N/A,v6,fe80::a824:52ff:fe4f:69,ff02::179,N/A,N/A,N/A,N/A,N/A,N/A,,,0
1759293706,eth0,107,Ethernet,N/A,N/A,N/A,N/A,N/A,N/A,N/A,N/A,N/A,N/A,N/A,N/A,,,0
1759293706,any,109,N/A,N/A,N/A,N/A,N/A,N/A,N/A,N/A,N/A,N/A,N/A,N/A,N/A,,,0
1759293707,eth0,107,Ethernet,N/A,N/A,N/A,N/A,N/A,N/A,N/A,N/A,N/A,N/A,N/A,N/A,,,0
1759293707,any,109,N/A,N/A,N/A,N/A,N/A,N/A,N/A,N/A,N/A,N/A,N/A,N/A,N/A,,,0
1759293708,eth0,107,Ethernet,N/A,N/A,N/A,N/A,N/A,N/A,N/A,N/A,N/A,N/A,N/A,N/A,,,0
1759293708,any,109,N/A,N/A,N/A,N/A,N/A,N/A,N/A,N/A,N/A,N/A,N/A,N/A,N/A,,,0
1759293709,eth1,70,Ethernet,IPv6,ICMP,N/A,v6,fe80::a824:52ff:fe4f:69,ff02::204,N/A,N/A,N/A,N/A,N/A,N/A,,,0
1759293709,any,72,N/A,IPv6,ICMP,N/A,v6,fe80::a824:52ff:fe4f:69,ff02::204,N/A,N/A,N/A,N/A,N/A,N/A,,,0
1759293709,eth0,107,Ethernet,N/A,N/A,N/A,N/A,N/A,N/A,N/A,N/A,N/A,N/A,N/A,N/A,,,0
1759293709,eth0,70,Ethernet,IPv6,ICMP,N/A,v6,fe80::5ca9:83ff:fe87:27,ff02::204,N/A,N/A,N/A,N/A,N/A,N/A,,,0
1759293709,any,109,N/A,N/A,N/A,N/A,N/A,N/A,N/A,N/A,N/A,N/A,N/A,N/A,N/A,,,0
1759293709,eth0,90,Ethernet,IPv6,ICMP,N/A,v6,fe80::5ca9:83ff:fe87:27,ff02::179,N/A,N/A,N/A,N/A,N/A,N/A,,,0
1759293709,eth0,54,Ethernet,IPv4,N/A,N/A,v4,172.30.0.220,224.0.0.22,N/A,N/A,N/A,N/A,N/A,N/A,,,0
1759293709,any,92,N/A,IPv6,ICMP,N/A,v6,fe80::5ca9:83ff:fe87:27,ff02::179,N/A,N/A,N/A,N/A,N/A,N/A,,,0
1759293709,eth0,87,Ethernet,IPv6,UDP,N/A,v6,fe80::5ca9:83ff:fe87:27,ff02::1:52,5355,5355,N/A,N/A,N/A,N/A,,,0
1759293709,eth0,67,Ethernet,IPv4,UDP,N/A,v4,172.30.0.220,224.0.0.252,5355,5355,N/A,N/A,N/A,N/A,,,0
1759293709,any,89,N/A,IPv6,UDP,N/A,v6,fe80::5ca9:83ff:fe87:27,ff02::1:52,5355,5355,N/A,N/A,N/A,N/A,,,0
1759293709,eth0,356,Ethernet,IPv4,UDP,N/A,v4,0.0.0.0,255.255.255.255,68,67,N/A,N/A,N/A,N/A,,,0
1759293709,any,358,N/A,IPv4,UDP,N/A,v4,0.0.0.0,255.255.255.255,68,67,N/A,N/A,N/A,N/A,,,0
1759293709,eth0,368,Ethernet,IPv4,UDP,N/A,v4,0.0.0.0,255.255.255.255,68,67,N/A,N/A,N/A,N/A,,,0
1759293709,any,370,N/A,IPv4,UDP,N/A,v4,0.0.0.0,255.255.255.255,68,67,N/A,N/A,N/A,N/A,,,0
1759293709,eth1,110,Ethernet,IPv6,ICMP,N/A,v6,fe80::a824:52ff:fe4f:69,ff02::179,N/A,N/A,N/A,N/A,N/A,N/A,,,0
1759293709,any,112,N/A,IPv6,ICMP,N/A,v6,fe80::a824:52ff:fe4f:69,ff02::179,N/A,N/A,N/A,N/A,N/A,N/A,,,0
1759293709,eth0,110,Ethernet,IPv6,ICMP,N/A,v6,fe80::5ca9:83ff:fe87:27,ff02::179,N/A,N/A,N/A,N/A,N/A,N/A,,,0
1759293709,eth0,54,Ethernet,IPv4,N/A,N/A,v4,172.30.0.220,224.0.0.22,N/A,N/A,N/A,N/A,N/A,N/A,,,0
1759293709,any,112,N/A,IPv6,ICMP,N/A,v6,fe80::5ca9:83ff:fe87:27,ff02::179,N/A,N/A,N/A,N/A,N/A,N/A,,,0
1759293709,eth0,42,Ethernet,N/A,N/A,N/A,N/A,N/A,N/A,N/A,N/A,N/A,N/A,N/A,N/A,,,0
1759293709,any,44,ARP,N/A,N/A,N/A,N/A,N/A,N/A,N/A,N/A,1,2048,172.30.0.220,172.30.0.122,,,0
1759293710,eth0,56,Ethernet,N/A,N/A,N/A,N/A,N/A,N/A,N/A,N/A,N/A,N/A,N/A,N/A,,,0
1759293710,eth0,56,Ethernet,N/A,N/A,N/A,N/A,N/A,N/A,N/A,N/A,N/A,N/A,N/A,N/A,,,0
1759293710,any,58,ARP,N/A,N/A,N/A,N/A,N/A,N/A,N/A,N/A,2,2048,172.30.0.122,172.30.0.220,,,0
1759293710,eth0,54,Ethernet,IPv4,N/A,N/A,v4,172.30.0.220,224.0.0.22,N/A,N/A,N/A,N/A,N/A,N/A,,,0
1759293710,eth0,110,Ethernet,IPv6,ICMP,N/A,v6,fe80::5ca9:83ff:fe87:27,ff02::179,N/A,N/A,N/A,N/A,N/A,N/A,,,0
1759293710,any,56,N/A,IPv4,N/A,N/A,v4,172.30.0.220,224.0.0.22,N/A,N/A,N/A,N/A,N/A,N/A,,,0
1759293710,eth1,110,Ethernet,IPv6,ICMP,N/A,v6,fe80::a824:52ff:fe4f:69,ff02::179,N/A,N/A,N/A,N/A,N/A,N/A,,,0
1759293710,any,112,N/A,IPv6,ICMP,N/A,v6,fe80::a824:52ff:fe4f:69,ff02::179,N/A,N/A,N/A,N/A,N/A,N/A,,,0
1759293710,eth0,70,Ethernet,IPv6,ICMP,N/A,v6,fe80::5ca9:83ff:fe87:27,ff02::204,N/A,N/A,N/A,N/A,N/A,N/A,,,0
1759293710,any,72,N/A,IPv6,ICMP,N/A,v6,fe80::a824:52ff:fe4f:69,ff02::204,N/A,N/A,N/A,N/A,N/A,N/A,,,0
1759293710,eth1,70,Ethernet,IPv6,ICMP,N/A,v6,fe80::a824:52ff:fe4f:69,ff02::204,N/A,N/A,N/A,N/A,N/A,N/A,,,0
1759293710,eth0,107,Ethernet,N/A,N/A,N/A,N/A,N/A,N/A,N/A,N/A,N/A,N/A,N/A,N/A,,,0
1759293710,any,109,N/A,N/A,N/A,N/A,N/A,N/A,N/A,N/A,N/A,N/A,N/A,N/A,N/A,,,0
1759293712,eth0,107,Ethernet,N/A,N/A,N/A,N/A,N/A,N/A,N/A,N/A,N/A,N/A,N/A,N/A,,,0
1759293712,any,109,N/A,N/A,N/A,N/A,N/A,N/A,N/A,N/A,N/A,N/A,N/A,N/A,N/A,,,0
1759293713,eth0,107,Ethernet,N/A,N/A,N/A,N/A,N/A,N/A,N/A,N/A,N/A,N/A,N/A,N/A,,,0
1759293713,any,109,N/A,N/A,N/A,N/A,N/A,N/A,N/A,N/A,N/A,N/A,N/A,N/A,N/A,,,0
1759293713,eth0,90,Ethernet,IPv6,ICMP,N/A,v6,fe80::5ca9:83ff:fe87:27,ff02::179,N/A,N/A,N/A,N/A,N/A,N/A,,,0
1759293713,eth0,54,Ethernet,IPv4,N/A,N/A,v4,172.30.0.220,224.0.0.22,N/A,N/A,N/A,N/A,N/A,N/A,,,0
1759293713,any,92,N/A,IPv6,ICMP,N/A,v6,fe80::5ca9:83ff:fe87:27,ff02::179,N/A,N/A,N/A,N/A,N/A,N/A,,,0
1759293713,eth0,67,Ethernet,IPv4,UDP,N/A,v4,172.30.0.220,224.0.0.252,5355,5355,N/A,N/A,N/A,N/A,,,0
1759293713,eth0,87,Ethernet,IPv6,UDP,N/A,v6,fe80::5ca9:83ff:fe87:27,ff02::1:52,5355,5355,N/A,N/A,N/A,N/A,,,0
1759293713,any,69,N/A,IPv4,UDP,N/A,v4,172.30.0.220,224.0.0.252,5355,5355,N/A,N/A,N/A,N/A,,,0
1759293714,eth0,356,Ethernet,IPv4,UDP,N/A,v4,0.0.0.0,255.255.255.255,68,67,N/A,N/A,N/A,N/A,,,0
1759293714,eth0,368,Ethernet,IPv4,UDP,N/A,v4,0.0.0.0,255.255.255.255,68,67,N/A,N/A,N/A,N/A,,,0
1759293714,eth0,54,Ethernet,IPv4,N/A,N/A,v4,172.30.0.220,224.0.0.22,N/A,N/A,N/A,N/A,N/A,N/A,,,0
1759293714,eth0,110,Ethernet,IPv6,ICMP,N/A,v6,fe80::5ca9:83ff:fe87:27,ff02::179,N/A,N/A,N/A,N/A,N/A,N/A,,,0
1759293714,eth0,42,Ethernet,N/A,N/A,N/A,N/A,N/A,N/A,N/A,N/A,N/A,N/A,N/A,N/A,,,0
1759293714,eth0,56,Ethernet,N/A,N/A,N/A,N/A,N/A,N/A,N/A,N/A,N/A,N/A,N/A,N/A,,,0
1759293714,eth0,56,Ethernet,N/A,N/A,N/A,N/A,N/A,N/A,N/A,N/A,N/A,N/A,N/A,N/A,,,0
1759293714,any,358,N/A,IPv4,UDP,N/A,v4,0.0.0.0,255.255.255.255,68,67,N/A,N/A,N/A,N/A,,,0
1759293714,any,370,N/A,IPv4,UDP,N/A,v4,0.0.0.0,255.255.255.255,68,67,N/A,N/A,N/A,N/A,,,0
1759293714,any,112,N/A,IPv6,ICMP,N/A,v6,fe80::a824:52ff:fe4f:69,ff02::179,N/A,N/A,N/A,N/A,N/A,N/A,,,0
1759293714,any,56,N/A,IPv4,N/A,N/A,v4,172.30.0.220,224.0.0.22,N/A,N/A,N/A,N/A,N/A,N/A,,,0
1759293714,any,112,N/A,IPv6,ICMP,N/A,v6,fe80::5ca9:83ff:fe87:27,ff02::179,N/A,N/A,N/A,N/A,N/A,N/A,,,0
1759293714,any,44,ARP,N/A,N/A,N/A,N/A,N/A,N/A,N/A,N/A,1,2048,172.30.0.220,172.30.0.122,,,0
1759293714,any,58,ARP,N/A,N/A,N/A,N/A,N/A,N/A,N/A,N/A,2,2048,172.30.0.122,172.30.0.220,,,0
1759293714,any,58,ARP,N/A,N/A,N/A,N/A,N/A,N/A,N/A,N/A,2,2048,172.30.0.122,172.30.0.220,,,0
1759293714,eth1,110,Ethernet,IPv6,ICMP,N/A,v6,fe80::a824:52ff:fe4f:69,ff02::179,N/A,N/A,N/A,N/A,N/A,N/A,,,0
1759293714,eth0,54,Ethernet,IPv4,N/A,N/A,v4,172.30.0.220,224.0.0.22,N/A,N/A,N/A,N/A,N/A,N/A,,,0
1759293714,any,56,N/A,IPv4,N/A,N/A,v4,172.30.0.220,224.0.0.22,N/A,N/A,N/A,N/A,N/A,N/A,,,0
1759293714,eth0,70,Ethernet,IPv6,ICMP,N/A,v6,fe80::5ca9:83ff:fe87:27,ff02::204,N/A,N/A,N/A,N/A,N/A,N/A,,,0
1759293714,any,72,N/A,IPv6,ICMP,N/A,v6,fe80::a824:52ff:fe4f:69,ff02::204,N/A,N/A,N/A,N/A,N/A,N/A,,,0
1759293714,eth1,70,Ethernet,IPv6,ICMP,N/A,v6,fe80::a824:52ff:fe4f:69,ff02::204,N/A,N/A,N/A,N/A,N/A,N/A,,,0
1759293714,eth1,110,Ethernet,IPv6,ICMP,N/A,v6,fe80::a824:52ff:fe4f:69,ff02::179,N/A,N/A,N/A,N/A,N/A,N/A,,,0
1759293714,any,112,N/A,IPv6,ICMP,N/A,v6,fe80::a824:52ff:fe4f:69,ff02::179,N/A,N/A,N/A,N/A,N/A,N/A,,,0
1759293714,eth0,110,Ethernet,IPv6,ICMP,N/A,v6,fe80::5ca9:83ff:fe87:27,ff02::179,N/A,N/A,N/A,N/A,N/A,N/A,,,0
1759293714,any,112,N/A,IPv6,ICMP,N/A,v6,fe80::5ca9:83ff:fe87:27,ff02::179,N/A,N/A,N/A,N/A,N/A,N/A,,,0
1759293715,eth0,107,Ethernet,N/A,N/A,N/A,N/A,N/A,N/A,N/A,N/A,N/A,N/A,N/A,N/A,,,0
1759293715,any,109,N/A,N/A,N/A,N/A,N/A,N/A,N/A,N/A,N/A,N/A,N/A,N/A,N/A,,,0
1759293716,eth0,107,Ethernet,N/A,N/A,N/A,N/A,N/A,N/A,N/A,N/A,N/A,N/A,N/A,N/A,,,0
1759293716,any,109,N/A,N/A,N/A,N/A,N/A,N/A,N/A,N/A,N/A,N/A,N/A,N/A,N/A,,,0
1759293717,eth0,107,Ethernet,N/A,N/A,N/A,N/A,N/A,N/A,N/A,N/A,N/A,N/A,N/A,N/A,,,0
1759293717,any,109,N/A,N/A,N/A,N/A,N/A,N/A,N/A,N/A,N/A,N/A,N/A,N/A,N/A,,,0
1759293718,eth0,107,Ethernet,N/A,N/A,N/A,N/A,N/A,N/A,N/A,N/A,N/A,N/A,N/A,N/A,,,0
1759293718,any,109,N/A,N/A,N/A,N/A,N/A,N/A,N/A,N/A,N/A,N/A,N/A,N/A,N/A,,,0
1759293718,eth0,70,Ethernet,IPv6,ICMP,N/A,v6,fe80::5ca9:83ff:fe87:27,ff02::204,N/A,N/A,N/A,N/A,N/A,N/A,,,0
1759293718,any,72,N/A,IPv6,ICMP,N/A,v6,fe80::5ca9:83ff:fe87:27,ff02::204,N/A,N/A,N/A,N/A,N/A,N/A,,,0
1759293718,eth1,70,Ethernet,IPv6,ICMP,N/A,v6,fe80::a824:52ff:fe4f:69,ff02::204,N/A,N/A,N/A,N/A,N/A,N/A,,,0
1759293718,any,72,N/A,IPv6,ICMP,N/A,v6,fe80::a824:52ff:fe4f:69,ff02::204,N/A,N/A,N/A,N/A,N/A,N/A,,,0
1759293719,eth0,90,Ethernet,IPv6,ICMP,N/A,v6,fe80::5ca9:83ff:fe87:27,ff02::179,N/A,N/A,N/A,N/A,N/A,N/A,,,0
1759293719,eth0,54,Ethernet,IPv4,N/A,N/A,v4,172.30.0.220,224.0.0.22,N/A,N/A,N/A,N/A,N/A,N/A,,,0
1759293719,any,92,N/A,IPv6,ICMP,N/A,v6,fe80::5ca9:83ff:fe87:27,ff02::179,N/A,N/A,N/A,N/A,N/A,N/A,,,0
1759293719,eth0,87,Ethernet,IPv6,UDP,N/A,v6,fe80::5ca9:83ff:fe87:27,ff02::1:52,5355,5355,N/A,N/A,N/A,N/A,,,0
1759293719,eth0,67,Ethernet,IPv4,UDP,N/A,v4,172.30.0.220,224.0.0.252,5355,5355,N/A,N/A,N/A,N/A,,,0
1759293719,any,89,N/A,IPv6,UDP,N/A,v6,fe80::5ca9:83ff:fe87:27,ff02::1:52,5355,5355,N/A,N/A,N/A,N/A,,,0
1759293719,eth0,356,Ethernet,IPv4,UDP,N/A,v4,0.0.0.0,255.255.255.255,68,67,N/A,N/A,N/A,N/A,,,0
1759293719,any,358,N/A,IPv4,UDP,N/A,v4,0.0.0.0,255.255.255.255,68,67,N/A,N/A,N/A,N/A,,,0
1759293719,eth1,110,Ethernet,IPv6,ICMP,N/A,v6,fe80::a824:52ff:fe4f:69,ff02::179,N/A,N/A,N/A,N/A,N/A,N/A,,,0
1759293719,any,112,N/A,IPv6,ICMP,N/A,v6,fe80::a824:52ff:fe4f:69,ff02::179,N/A,N/A,N/A,N/A,N/A,N/A,,,0
1759293719,eth0,368,Ethernet,IPv4,UDP,N/A,v4,0.0.0.0,255.255.255.255,68,67,N/A,N/A,N/A,N/A,,,0
1759293719,any,370,N/A,IPv4,UDP,N/A,v4,0.0.0.0,255.255.255.255,68,67,N/A,N/A,N/A,N/A,,,0
1759293719,eth0,110,Ethernet,IPv6,ICMP,N/A,v6,fe80::5ca9:83ff:fe87:27,ff02::179,N/A,N/A,N/A,N/A,N/A,N/A,,,0
1759293719,eth0,54,Ethernet,IPv4,N/A,N/A,v4,172.30.0.220,224.0.0.22,N/A,N/A,N/A,N/A,N/A,N/A,,,0
1759293719,eth0,42,Ethernet,N/A,N/A,N/A,N/A,N/A,N/A,N/A,N/A,N/A,N/A,N/A,N/A,,,0
1759293719,eth0,56,Ethernet,N/A,N/A,N/A,N/A,N/A,N/A,N/A,N/A,N/A,N/A,N/A,N/A,,,0
1759293719,eth0,56,Ethernet,N/A,N/A,N/A,N/A,N/A,N/A,N/A,N/A,N/A,N/A,N/A,N/A,,,0
1759293719,any,112,N/A,IPv6,ICMP,N/A,v6,fe80::5ca9:83ff:fe87:27,ff02::179,N/A,N/A,N/A,N/A,N/A,N/A,,,0
1759293719,any,44,ARP,N/A,N/A,N/A,N/A,N/A,N/A,N/A,N/A,1,2048,172.30.0.220,172.30.0.122,,,0
1759293719,any,58,ARP,N/A,N/A,N/A,N/A,N/A,N/A,N/A,N/A,2,2048,172.30.0.122,172.30.0.220,,,0
1759293719,eth0,110,Ethernet,IPv6,ICMP,N/A,v6,fe80::5ca9:83ff:fe87:27,ff02::179,N/A,N/A,N/A,N/A,N/A,N/A,,,0
1759293719,any,112,N/A,IPv6,ICMP,N/A,v6,fe80::5ca9:83ff:fe87:27,ff02::179,N/A,N/A,N/A,N/A,N/A,N/A,,,0
1759293719,eth0,54,Ethernet,IPv4,N/A,N/A,v4,172.30.0.220,224.0.0.22,N/A,N/A,N/A,N/A,N/A,N/A,,,0
1759293719,any,56,N/A,IPv4,N/A,N/A,v4,172.30.0.220,224.0.0.22,N/A,N/A,N/A,N/A,N/A,N/A,,,0
1759293719,eth1,110,Ethernet,IPv6,ICMP,N/A,v6,fe80::a824:52ff:fe4f:69,ff02::179,N/A,N/A,N/A,N/A,N/A,N/A,,,0
1759293719,any,112,N/A,IPv6,ICMP,N/A,v6,fe80::a824:52ff:fe4f:69,ff02::179,N/A,N/A,N/A,N/A,N/A,N/A,,,0
1759293720,eth0,107,Ethernet,N/A,N/A,N/A,N/A,N/A,N/A,N/A,N/A,N/A,N/A,N/A,N/A,,,0
1759293720,eth0,70,Ethernet,IPv6,ICMP,N/A,v6,fe80::5ca9:83ff:fe87:27,ff02::204,N/A,N/A,N/A,N/A,N/A,N/A,,,0
1759293720,any,72,N/A,IPv6,ICMP,N/A,v6,fe80::a824:52ff:fe4f:69,ff02::204,N/A,N/A,N/A,N/A,N/A,N/A,,,0
1759293720,eth1,70,Ethernet,IPv6,ICMP,N/A,v6,fe80::a824:52ff:fe4f:69,ff02::204,N/A,N/A,N/A,N/A,N/A,N/A,,,0
1759293721,eth0,107,Ethernet,N/A,N/A,N/A,N/A,N/A,N/A,N/A,N/A,N/A,N/A,N/A,N/A,,,0
1759293721,any,109,N/A,N/A,N/A,N/A,N/A,N/A,N/A,N/A,N/A,N/A,N/A,N/A,N/A,,,0
1759293722,eth0,107,Ethernet,N/A,N/A,N/A,N/A,N/A,N/A,N/A,N/A,N/A,N/A,N/A,N/A,,,0
1759293722,any,109,N/A,N/A,N/A,N/A,N/A,N/A,N/A,N/A,N/A,N/A,N/A,N/A,N/A,,,0
1759293723,eth0,90,Ethernet,IPv6,ICMP,N/A,v6,fe80::5ca9:83ff:fe87:27,ff02::179,N/A,N/A,N/A,N/A,N/A,N/A,,,0
1759293723,eth0,54,Ethernet,IPv4,N/A,N/A,v4,172.30.0.220,224.0.0.22,N/A,N/A,N/A,N/A,N/A,N/A,,,0
1759293723,any,92,N/A,IPv6,ICMP,N/A,v6,fe80::5ca9:83ff:fe87:27,ff02::179,N/A,N/A,N/A,N/A,N/A,N/A,,,0
1759293723,eth0,67,Ethernet,IPv4,UDP,N/A,v4,172.30.0.220,224.0.0.252,5355,5355,N/A,N/A,N/A,N/A,,,0
1759293723,eth0,87,Ethernet,IPv6,UDP,N/A,v6,fe80::5ca9:83ff:fe87:27,ff02::1:52,5355,5355,N/A,N/A,N/A,N/A,,,0
1759293723,any,69,N/A,IPv4,UDP,N/A,v4,172.30.0.220,224.0.0.252,5355,5355,N/A,N/A,N/A,N/A,,,0
1759293723,eth0,90,Ethernet,IPv6,ICMP,N/A,v6,fe80::5ca9:83ff:fe87:27,ff02::179,N/A,N/A,N/A,N/A,N/A,N/A,,,0
1759293723,any,92,N/A,IPv6,ICMP,N/A,v6,fe80::5ca9:83ff:fe87:27,ff02::179,N/A,N/A,N/A,N/A,N/A,N/A,,,0
1759293723,eth1,110,Ethernet,IPv6,ICMP,N/A,v6,fe80::a824:52ff:fe4f:69,ff02::179,N/A,N/A,N/A,N/A,N/A,N/A,,,0
1759293723,any,112,N/A,IPv6,ICMP,N/A,v6,fe80::a824:52ff:fe4f:69,ff02::179,N/A,N/A,N/A,N/A,N/A,N/A,,,0
1759293723,eth0,356,Ethernet,IPv4,UDP,N/A,v4,0.0.0.0,255.255.255.255,68,67,N/A,N/A,N/A,N/A,,,0
1759293723,any,358,N/A,IPv4,UDP,N/A,v4,0.0.0.0,255.255.255.255,68,67,N/A,N/A,N/A,N/A,,,0
1759293723,eth0,368,Ethernet,IPv4,UDP,N/A,v4,0.0.0.0,255.255.255.255,68,67,N/A,N/A,N/A,N/A,,,0
1759293723,any,370,N/A,IPv4,UDP,N/A,v4,0.0.0.0,255.255.255.255,68,67,N/A,N/A,N/A,N/A,,,0
1759293723,eth0,54,Ethernet,IPv4,N/A,N/A,v4,172.30.0.220,224.0.0.22,N/A,N/A,N/A,N/A,N/A,N/A,,,0
1759293723,any,56,N/A,IPv4,N/A,N/A,v4,172.30.0.220,224.0.0.22,N/A,N/A,N/A,N/A,N/A,N/A,,,0
1759293723,eth0,110,Ethernet,IPv6,ICMP,N/A,v6,fe80::5ca9:83ff:fe87:27,ff02::179,N/A,N/A,N/A,N/A,N/A,N/A,,,0
1759293723,any,112,N/A,IPv6,ICMP,N/A,v6,fe80::5ca9:83ff:fe87:27,ff02::179,N/A,N/A,N/A,N/A,N/A,N/A,,,0
1759293723,eth0,42,Ethernet,N/A,N/A,N/A,N/A,N/A,N/A,N/A,N/A,N/A,N/A,N/A,N/A,,,0
1759293723,any,44,ARP,N/A,N/A,N/A,N/A,N/A,N/A,N/A,N/A,1,2048,172.30.0.220,172.30.0.122,,,0
1759293723,eth0,56,Ethernet,N/A,N/A,N/A,N/A,N/A,N/A,N/A,N/A,N/A,N/A,N/A,N/A,,,0
1759293723,eth0,56,Ethernet,N/A,N/A,N/A,N/A,N/A,N/A,N/A,N/A,N/A,N/A,N/A,N/A,,,0
1759293723,any,58,ARP,N/A,N/A,N/A,N/A,N/A,N/A,N/A,N/A,2,2048,172.30.0.122,172.30.0.220,,,0
1759293723,any,58,ARP,N/A,N/A,N/A,N/A,N/A,N/A,N/A,N/A,2,2048,172.30.0.122,172.30.0.220,,,0
1759293723,eth0,110,Ethernet,IPv6,ICMP,N/A,v6,fe80::5ca9:83ff:fe87:27,ff02::179,N/A,N/A,N/A,N/A,N/A,N/A,,,0
1759293723,any,112,N/A,IPv6,ICMP,N/A,v6,fe80::5ca9:83ff:fe87:27,ff02::179,N/A,N/A,N/A,N/A,N/A,N/A,,,0
1759293723,eth1,110,Ethernet,IPv6,ICMP,N/A,v6,fe80::a824:52ff:fe4f:69,ff02::179,N/A,N/A,N/A,N/A,N/A,N/A,,,0
1759293723,any,112,N/A,IPv6,ICMP,N/A,v6,fe80::a824:52ff:fe4f:69,ff02::179,N/A,N/A,N/A,N/A,N/A,N/A,,,0
1759293724,eth0,54,Ethernet,IPv4,N/A,N/A,v4,172.30.0.220,224.0.0.22,N/A,N/A,N/A,N/A,N/A,N/A,,,0
1759293724,any,56,N/A,IPv4,N/A,N/A,v4,172.30.0.220,224.0.0.22,N/A,N/A,N/A,N/A,N/A,N/A,,,0
1759293724,eth1,70,Ethernet,IPv6,ICMP,N/A,v6,fe80::a824:52ff:fe4f:69,ff02::204,N/A,N/A,N/A,N/A,N/A,N/A,,,0
1759293724,eth0,107,Ethernet,N/A,N/A,N/A,N/A,N/A,N/A,N/A,N/A,N/A,N/A,N/A,N/A,,,0
1759293724,eth0,70,Ethernet,IPv6,ICMP,N/A,v6,fe80::5ca9:83ff:fe87:27,ff02::204,N/A,N/A,N/A,N/A,N/A,N/A,,,0
1759293725,eth0,107,Ethernet,N/A,N/A,N/A,N/A,N/A,N/A,N/A,N/A,N/A,N/A,N/A,N/A,,,0
1759293725,any,109,N/A,N/A,N/A,N/A,N/A,N/A,N/A,N/A,N/A,N/A,N/A,N/A,N/A,,,0
1759293726,eth0,107,Ethernet,N/A,N/A,N/A,N/A,N/A,N/A,N/A,N/A,N/A,N/A,N/A,N/A,,,0
1759293726,any,109,N/A,N/A,N/A,N/A,N/A,N/A,N/A,N/A,N/A,N/A,N/A,N/A,N/A,,,0
1759293727,eth0,107,Ethernet,N/A,N/A,N/A,N/A,N/A,N/A,N/A,N/A,N/A,N/A,N/A,N/A,,,0
1759293727,any,109,N/A,N/A,N/A,N/A,N/A,N/A,N/A,N/A,N/A,N/A,N/A,N/A,N/A,,,0
1759293728,eth1,70,Ethernet,IPv6,ICMP,N/A,v6,fe80::a824:52ff:fe4f:69,ff02::204,N/A,N/A,N/A,N/A,N/A,N/A,,,0
1759293728,any,72,N/A,IPv6,ICMP,N/A,v6,fe80::a824:52ff:fe4f:69,ff02::204,N/A,N/A,N/A,N/A,N/A,N/A,,,0
1759293728,eth0,67,Ethernet,IPv4,UDP,N/A,v4,172.30.0.220,224.0.0.252,5355,5355,N/A,N/A,N/A,N/A,,,0
1759293728,any,69,N/A,IPv4,UDP,N/A,v4,172.30.0.220,224.0.0.252,5355,5355,N/A,N/A,N/A,N/A,,,0
1759293728,eth0,90,Ethernet,IPv6,ICMP,N/A,v6,fe80::5ca9:83ff:fe87:27,ff02::179,N/A,N/A,N/A,N/A,N/A,N/A,,,0
1759293728,eth0,54,Ethernet,IPv4,N/A,N/A,v4,172.30.0.220,224.0.0.22,N/A,N/A,N/A,N/A,N/A,N/A,,,0
1759293728,any,92,N/A,IPv6,ICMP,N/A,v6,fe80::5ca9:83ff:fe87:27,ff02::179,N/A,N/A,N/A,N/A,N/A,N/A,,,0
1759293728,eth0,87,Ethernet,IPv6,UDP,N/A,v6,fe80::5ca9:83ff:fe87:27,ff02::1:52,5355,5355,N/A,N/A,N/A,N/A,,,0
1759293728,any,89,N/A,IPv6,UDP,N/A,v6,fe80::5ca9:83ff:fe87:27,ff02::1:52,5355,5355,N/A,N/A,N/A,N/A,,,0
1759293728,eth0,356,Ethernet,IPv4,UDP,N/A,v4,0.0.0.0,255.255.255.255,68,67,N/A,N/A,N/A,N/A,,,0
1759293728,any,358,N/A,IPv4,UDP,N/A,v4,0.0.0.0,255.255.255.255,68,67,N/A,N/A,N/A,N/A,,,0
1759293728,eth0,368,Ethernet,IPv4,UDP,N/A,v4,0.0.0.0,255.255.255.255,68,67,N/A,N/A,N/A,N/A,,,0
1759293728,any,370,N/A,IPv4,UDP,N/A,v4,0.0.0.0,255.255.255.255,68,67,N/A,N/A,N/A,N/A,,,0
1759293728,any,112,N/A,IPv6,ICMP,N/A,v6,fe80::5ca9:83ff:fe87:27,ff02::179,N/A,N/A,N/A,N/A,N/A,N/A,,,0
1759293728,eth1,110,Ethernet,IPv6,ICMP,N/A,v6,fe80::a824:52ff:fe4f:69,ff02::179,N/A,N/A,N/A,N/A,N/A,N/A,,,0
1759293728,eth0,110,Ethernet,IPv6,ICMP,N/A,v6,fe80::5ca9:83ff:fe87:27,ff02::179,N/A,N/A,N/A,N/A,N/A,N/A,,,0
1759293728,eth0,54,Ethernet,IPv4,N/A,N/A,v4,172.30.0.220,224.0.0.22,N/A,N/A,N/A,N/A,N/A,N/A,,,0
1759293728,eth0,110,Ethernet,IPv6,ICMP,N/A,v6,fe80::5ca9:83ff:fe87:27,ff02::179,N/A,N/A,N/A,N/A,N/A,N/A,,,0
1759293728,eth0,42,Ethernet,N/A,N/A,N/A,N/A,N/A,N/A,N/A,N/A,N/A,N/A,N/A,N/A,,,0
1759293728,eth0,56,Ethernet,N/A,N/A,N/A,N/A,N/A,N/A,N/A,N/A,N/A,N/A,N/A,N/A,,,0
1759293728,eth0,56,Ethernet,N/A,N/A,N/A,N/A,N/A,N/A,N/A,N/A,N/A,N/A,N/A,N/A,,,0
1759293728,eth0,90,Ethernet,IPv6,ICMP,N/A,v6,fe80::5ca9:83ff:fe87:27,ff02::179,N/A,N/A,N/A,N/A,N/A,N/A,,,0
1759293728,any,56,N/A,IPv4,N/A,N/A,v4,172.30.0.220,224.0.0.22,N/A,N/A,N/A,N/A,N/A,N/A,,,0
1759293728,any,112,N/A,IPv6,ICMP,N/A,v6,fe80::5ca9:83ff:fe87:27,ff02::179,N/A,N/A,N/A,N/A,N/A,N/A,,,0
1759293728,any,44,ARP,N/A,N/A,N/A,N/A,N/A,N/A,N/A,N/A,1,2048,172.30.0.220,172.30.0.122,,,0
1759293728,any,58,ARP,N/A,N/A,N/A,N/A,N/A,N/A,N/A,N/A,2,2048,172.30.0.122,172.30.0.220,,,0
1759293728,any,112,N/A,IPv6,ICMP,N/A,v6,fe80::a824:52ff:fe4f:69,ff02::179,N/A,N/A,N/A,N/A,N/A,N/A,,,0
1759293728,any,92,N/A,IPv6,ICMP,N/A,v6,fe80::5ca9:83ff:fe87:27,ff02::179,N/A,N/A,N/A,N/A,N/A,N/A,,,0
1759293728,eth1,110,Ethernet,IPv6,ICMP,N/A,v6,fe80::a824:52ff:fe4f:69,ff02::179,N/A,N/A,N/A,N/A,N/A,N/A,,,0
1759293729,eth0,54,Ethernet,IPv4,N/A,N/A,v4,172.30.0.220,224.0.0.22,N/A,N/A,N/A,N/A,N/A,N/A,,,0
1759293729,any,56,N/A,IPv4,N/A,N/A,v4,172.30.0.220,224.0.0.22,N/A,N/A,N/A,N/A,N/A,N/A,,,0
1759293729,eth0,107,Ethernet,N/A,N/A,N/A,N/A,N/A,N/A,N/A,N/A,N/A,N/A,N/A,N/A,,,0
1759293729,eth0,70,Ethernet,IPv6,ICMP,N/A,v6,fe80::5ca9:83ff:fe87:27,ff02::204,N/A,N/A,N/A,N/A,N/A,N/A,,,0
1759293729,any,72,N/A,IPv6,ICMP,N/A,v6,fe80::a824:52ff:fe4f:69,ff02::204,N/A,N/A,N/A,N/A,N/A,N/A,,,0
1759293729,eth1,70,Ethernet,IPv6,ICMP,N/A,v6,fe80::a824:52ff:fe4f:69,ff02::204,N/A,N/A,N/A,N/A,N/A,N/A,,,0
1759293730,eth0,107,Ethernet,N/A,N/A,N/A,N/A,N/A,N/A,N/A,N/A,N/A,N/A,N/A,N/A,,,0
1759293730,any,109,N/A,N/A,N/A,N/A,N/A,N/A,N/A,N/A,N/A,N/A,N/A,N/A,N/A,,,0
1759293731,eth0,107,Ethernet,N/A,N/A,N/A,N/A,N/A,N/A,N/A,N/A,N/A,N/A,N/A,N/A,,,0
1759293731,any,109,N/A,N/A,N/A,N/A,N/A,N/A,N/A,N/A,N/A,N/A,N/A,N/A,N/A,,,0
1759293732,eth0,90,Ethernet,IPv6,ICMP,N/A,v6,fe80::5ca9:83ff:fe87:27,ff02::179,N/A,N/A,N/A,N/A,N/A,N/A,,,0
1759293732,eth0,54,Ethernet,IPv4,N/A,N/A,v4,172.30.0.220,224.0.0.22,N/A,N/A,N/A,N/A,N/A,N/A,,,0
1759293732,any,92,N/A,IPv6,ICMP,N/A,v6,fe80::5ca9:83ff:fe87:27,ff02::179,N/A,N/A,N/A,N/A,N/A,N/A,,,0
1759293732,eth0,87,Ethernet,IPv6,UDP,N/A,v6,fe80::5ca9:83ff:fe87:27,ff02::1:52,5355,5355,N/A,N/A,N/A,N/A,,,0
1759293732,eth0,67,Ethernet,IPv4,UDP,N/A,v4,172.30.0.220,224.0.0.252,5355,5355,N/A,N/A,N/A,N/A,,,0
1759293732,any,89,N/A,IPv6,UDP,N/A,v6,fe80::5ca9:83ff:fe87:27,ff02::1:52,5355,5355,N/A,N/A,N/A,N/A,,,0
1759293732,eth0,356,Ethernet,IPv4,UDP,N/A,v4,0.0.0.0,255.255.255.255,68,67,N/A,N/A,N/A,N/A,,,0
1759293732,any,358,N/A,IPv4,UDP,N/A,v4,0.0.0.0,255.255.255.255,68,67,N/A,N/A,N/A,N/A,,,0
1759293732,eth1,110,Ethernet,IPv6,ICMP,N/A,v6,fe80::a824:52ff:fe4f:69,ff02::179,N/A,N/A,N/A,N/A,N/A,N/A,,,0
1759293732,any,112,N/A,IPv6,ICMP,N/A,v6,fe80::5ca9:83ff:fe87:27,ff02::179,N/A,N/A,N/A,N/A,N/A,N/A,,,0
1759293732,eth0,110,Ethernet,IPv6,ICMP,N/A,v6,fe80::5ca9:83ff:fe87:27,ff02::179,N/A,N/A,N/A,N/A,N/A,N/A,,,0
1759293732,eth0,368,Ethernet,IPv4,UDP,N/A,v4,0.0.0.0,255.255.255.255,68,67,N/A,N/A,N/A,N/A,,,0
1759293732,any,370,N/A,IPv4,UDP,N/A,v4,0.0.0.0,255.255.255.255,68,67,N/A,N/A,N/A,N/A,,,0
1759293732,eth0,54,Ethernet,IPv4,N/A,N/A,v4,172.30.0.220,224.0.0.22,N/A,N/A,N/A,N/A,N/A,N/A,,,0
1759293732,any,56,N/A,IPv4,N/A,N/A,v4,172.30.0.220,224.0.0.22,N/A,N/A,N/A,N/A,N/A,N/A,,,0
1759293732,eth0,110,Ethernet,IPv6,ICMP,N/A,v6,fe80::5ca9:83ff:fe87:27,ff02::179,N/A,N/A,N/A,N/A,N/A,N/A,,,0
1759293732,any,112,N/A,IPv6,ICMP,N/A,v6,fe80::5ca9:83ff:fe87:27,ff02::179,N/A,N/A,N/A,N/A,N/A,N/A,,,0
1759293732,any,112,N/A,IPv6,ICMP,N/A,v6,fe80::a824:52ff:fe4f:69,ff02::179,N/A,N/A,N/A,N/A,N/A,N/A,,,0
1759293732,eth1,110,Ethernet,IPv6,ICMP,N/A,v6,fe80::a824:52ff:fe4f:69,ff02::179,N/A,N/A,N/A,N/A,N/A,N/A,,,0
1759293733,eth0,54,Ethernet,IPv4,N/A,N/A,v4,172.30.0.220,224.0.0.22,N/A,N/A,N/A,N/A,N/A,N/A,,,0
1759293733,any,56,N/A,IPv4,N/A,N/A,v4,172.30.0.220,224.0.0.22,N/A,N/A,N/A,N/A,N/A,N/A,,,0
1759293733,eth0,90,Ethernet,IPv6,ICMP,N/A,v6,fe80::5ca9:83ff:fe87:27,ff02::179,N/A,N/A,N/A,N/A,N/A,N/A,,,0
1759293733,any,92,N/A,IPv6,ICMP,N/A,v6,fe80::5ca9:83ff:fe87:27,ff02::179,N/A,N/A,N/A,N/A,N/A,N/A,,,0
1759293733,eth0,107,Ethernet,N/A,N/A,N/A,N/A,N/A,N/A,N/A,N/A,N/A,N/A,N/A,N/A,,,0
1759293733,eth0,70,Ethernet,IPv6,ICMP,N/A,v6,fe80::5ca9:83ff:fe87:27,ff02::204,N/A,N/A,N/A,N/A,N/A,N/A,,,0
1759293733,any,72,N/A,IPv6,ICMP,N/A,v6,fe80::a824:52ff:fe4f:69,ff02::204,N/A,N/A,N/A,N/A,N/A,N/A,,,0
1759293733,eth1,70,Ethernet,IPv6,ICMP,N/A,v6,fe80::a824:52ff:fe4f:69,ff02::204,N/A,N/A,N/A,N/A,N/A,N/A,,,0
1759293733,eth0,42,Ethernet,N/A,N/A,N/A,N/A,N/A,N/A,N/A,N/A,N/A,N/A,N/A,N/A,,,0
1759293733,eth0,56,Ethernet,N/A,N/A,N/A,N/A,N/A,N/A,N/A,N/A,N/A,N/A,N/A,N/A,,,0
1759293733,eth0,56,Ethernet,N/A,N/A,N/A,N/A,N/A,N/A,N/A,N/A,N/A,N/A,N/A,N/A,,,0
1759293733,any,44,ARP,N/A,N/A,N/A,N/A,N/A,N/A,N/A,N/A,1,2048,172.30.0.220,172.30.0.122,,,0
1759293733,any,58,ARP,N/A,N/A,N/A,N/A,N/A,N/A,N/A,N/A,2,2048,172.30.0.122,172.30.0.220,,,0
1759293733,any,58,ARP,N/A,N/A,N/A,N/A,N/A,N/A,N/A,N/A,2,2048,172.30.0.122,172.30.0.220,,,0
1759293734,eth0,107,Ethernet,N/A,N/A,N/A,N/A,N/A,N/A,N/A,N/A,N/A,N/A,N/A,N/A,,,0
1759293734,any,109,N/A,N/A,N/A,N/A,N/A,N/A,N/A,N/A,N/A,N/A,N/A,N/A,N/A,,,0
1759293735,eth0,107,Ethernet,N/A,N/A,N/A,N/A,N/A,N/A,N/A,N/A,N/A,N/A,N/A,N/A,,,0
1759293735,any,109,N/A,N/A,N/A,N/A,N/A,N/A,N/A,N/A,N/A,N/A,N/A,N/A,N/A,,,0
1759293737,eth0,107,Ethernet,N/A,N/A,N/A,N/A,N/A,N/A,N/A,N/A,N/A,N/A,N/A,N/A,,,0
1759293737,any,109,N/A,N/A,N/A,N/A,N/A,N/A,N/A,N/A,N/A,N/A,N/A,N/A,N/A,,,0
1759293737,eth0,70,Ethernet,IPv6,ICMP,N/A,v6,fe80::5ca9:83ff:fe87:27,ff02::204,N/A,N/A,N/A,N/A,N/A,N/A,,,0
1759293737,any,72,N/A,IPv6,ICMP,N/A,v6,fe80::5ca9:83ff:fe87:27,ff02::204,N/A,N/A,N/A,N/A,N/A,N/A,,,0
1759293737,eth0,90,Ethernet,IPv6,ICMP,N/A,v6,fe80::5ca9:83ff:fe87:27,ff02::179,N/A,N/A,N/A,N/A,N/A,N/A,,,0
1759293737,eth0,54,Ethernet,IPv4,N/A,N/A,v4,172.30.0.220,224.0.0.22,N/A,N/A,N/A,N/A,N/A,N/A,,,0
1759293737,any,92,N/A,IPv6,ICMP,N/A,v6,fe80::5ca9:83ff:fe87:27,ff02::179,N/A,N/A,N/A,N/A,N/A,N/A,,,0
1759293737,eth0,67,Ethernet,IPv4,UDP,N/A,v4,172.30.0.220,224.0.0.252,5355,5355,N/A,N/A,N/A,N/A,,,0
1759293737,any,69,N/A,IPv4,UDP,N/A,v4,172.30.0.220,224.0.0.252,5355,5355,N/A,N/A,N/A,N/A,,,0
1759293737,eth0,87,Ethernet,IPv6,UDP,N/A,v6,fe80::5ca9:83ff:fe87:27,ff02::1:52,5355,5355,N/A,N/A,N/A,N/A,,,0
1759293737,any,89,N/A,IPv6,UDP,N/A,v6,fe80::5ca9:83ff:fe87:27,ff02::1:52,5355,5355,N/A,N/A,N/A,N/A,,,0
1759293737,eth0,356,Ethernet,IPv4,UDP,N/A,v4,0.0.0.0,255.255.255.255,68,67,N/A,N/A,N/A,N/A,,,0
1759293737,any,358,N/A,IPv4,UDP,N/A,v4,0.0.0.0,255.255.255.255,68,67,N/A,N/A,N/A,N/A,,,0
1759293737,eth0,368,Ethernet,IPv4,UDP,N/A,v4,0.0.0.0,255.255.255.255,68,67,N/A,N/A,N/A,N/A,,,0
1759293737,any,370,N/A,IPv4,UDP,N/A,v4,0.0.0.0,255.255.255.255,68,67,N/A,N/A,N/A,N/A,,,0
1759293737,any,112,N/A,IPv6,ICMP,N/A,v6,fe80::a824:52ff:fe4f:69,ff02::179,N/A,N/A,N/A,N/A,N/A,N/A,,,0
1759293737,any,112,N/A,IPv6,ICMP,N/A,v6,fe80::5ca9:83ff:fe87:27,ff02::179,N/A,N/A,N/A,N/A,N/A,N/A,,,0
1759293737,any,44,ARP,N/A,N/A,N/A,N/A,N/A,N/A,N/A,N/A,1,2048,172.30.0.220,172.30.0.122,,,0
1759293737,any,58,ARP,N/A,N/A,N/A,N/A,N/A,N/A,N/A,N/A,2,2048,172.30.0.122,172.30.0.220,,,0
1759293737,any,56,N/A,IPv4,N/A,N/A,v4,172.30.0.220,224.0.0.22,N/A,N/A,N/A,N/A,N/A,N/A,,,0
1759293737,any,112,N/A,IPv6,ICMP,N/A,v6,fe80::5ca9:83ff:fe87:27,ff02::179,N/A,N/A,N/A,N/A,N/A,N/A,,,0
1759293737,eth1,110,Ethernet,IPv6,ICMP,N/A,v6,fe80::a824:52ff:fe4f:69,ff02::179,N/A,N/A,N/A,N/A,N/A,N/A,,,0
1759293737,eth0,110,Ethernet,IPv6,ICMP,N/A,v6,fe80::5ca9:83ff:fe87:27,ff02::179,N/A,N/A,N/A,N/A,N/A,N/A,,,0
1759293737,eth0,54,Ethernet,IPv4,N/A,N/A,v4,172.30.0.220,224.0.0.22,N/A,N/A,N/A,N/A,N/A,N/A,,,0
1759293737,eth0,42,Ethernet,N/A,N/A,N/A,N/A,N/A,N/A,N/A,N/A,N/A,N/A,N/A,N/A,,,0
1759293737,eth0,56,Ethernet,N/A,N/A,N/A,N/A,N/A,N/A,N/A,N/A,N/A,N/A,N/A,N/A,,,0
1759293737,eth0,56,Ethernet,N/A,N/A,N/A,N/A,N/A,N/A,N/A,N/A,N/A,N/A,N/A,N/A,,,0
1759293737,eth0,54,Ethernet,IPv4,N/A,N/A,v4,172.30.0.220,224.0.0.22,N/A,N/A,N/A,N/A,N/A,N/A,,,0
1759293737,eth0,110,Ethernet,IPv6,ICMP,N/A,v6,fe80::5ca9:83ff:fe87:27,ff02::179,N/A,N/A,N/A,N/A,N/A,N/A,,,0
1759293738,eth1,110,Ethernet,IPv6,ICMP,N/A,v6,fe80::a824:52ff:fe4f:69,ff02::179,N/A,N/A,N/A,N/A,N/A,N/A,,,0
1759293738,any,112,N/A,IPv6,ICMP,N/A,v6,fe80::a824:52ff:fe4f:69,ff02::179,N/A,N/A,N/A,N/A,N/A,N/A,,,0
1759293738,eth0,70,Ethernet,IPv6,ICMP,N/A,v6,fe80::5ca9:83ff:fe87:27,ff02::204,N/A,N/A,N/A,N/A,N/A,N/A,,,0
1759293738,any,72,N/A,IPv6,ICMP,N/A,v6,fe80::a824:52ff:fe4f:69,ff02::204,N/A,N/A,N/A,N/A,N/A,N/A,,,0
1759293738,eth1,70,Ethernet,IPv6,ICMP,N/A,v6,fe80::a824:52ff:fe4f:69,ff02::204,N/A,N/A,N/A,N/A,N/A,N/A,,,0
1759293738,eth0,107,Ethernet,N/A,N/A,N/A,N/A,N/A,N/A,N/A,N/A,N/A,N/A,N/A,N/A,,,0
1759293738,any,109,N/A,N/A,N/A,N/A,N/A,N/A,N/A,N/A,N/A,N/A,N/A,N/A,N/A,,,0
1759293740,eth0,107,Ethernet,N/A,N/A,N/A,N/A,N/A,N/A,N/A,N/A,N/A,N/A,N/A,N/A,,,0
1759293740,any,109,N/A,N/A,N/A,N/A,N/A,N/A,N/A,N/A,N/A,N/A,N/A,N/A,N/A,,,0
1759293741,eth0,107,Ethernet,N/A,N/A,N/A,N/A,N/A,N/A,N/A,N/A,N/A,N/A,N/A,N/A,,,0
1759293741,any,109,N/A,N/A,N/A,N/A,N/A,N/A,N/A,N/A,N/A,N/A,N/A,N/A,N/A,,,0
1759293741,eth0,90,Ethernet,IPv6,ICMP,N/A,v6,fe80::5ca9:83ff:fe87:27,ff02::179,N/A,N/A,N/A,N/A,N/A,N/A,,,0
1759293741,eth0,54,Ethernet,IPv4,N/A,N/A,v4,172.30.0.220,224.0.0.22,N/A,N/A,N/A,N/A,N/A,N/A,,,0
1759293741,any,92,N/A,IPv6,ICMP,N/A,v6,fe80::5ca9:83ff:fe87:27,ff02::179,N/A,N/A,N/A,N/A,N/A,N/A,,,0
1759293741,eth0,87,Ethernet,IPv6,UDP,N/A,v6,fe80::5ca9:83ff:fe87:27,ff02::1:52,5355,5355,N/A,N/A,N/A,N/A,,,0
1759293741,eth0,67,Ethernet,IPv4,UDP,N/A,v4,172.30.0.220,224.0.0.252,5355,5355,N/A,N/A,N/A,N/A,,,0
1759293741,any,89,N/A,IPv6,UDP,N/A,v6,fe80::5ca9:83ff:fe87:27,ff02::1:52,5355,5355,N/A,N/A,N/A,N/A,,,0
1759293741,eth0,356,Ethernet,IPv4,UDP,N/A,v4,0.0.0.0,255.255.255.255,68,67,N/A,N/A,N/A,N/A,,,0
1759293741,any,358,N/A,IPv4,UDP,N/A,v4,0.0.0.0,255.255.255.255,68,67,N/A,N/A,N/A,N/A,,,0
1759293741,eth1,110,Ethernet,IPv6,ICMP,N/A,v6,fe80::a824:52ff:fe4f:69,ff02::179,N/A,N/A,N/A,N/A,N/A,N/A,,,0
1759293741,any,112,N/A,IPv6,ICMP,N/A,v6,fe80::5ca9:83ff:fe87:27,ff02::179,N/A,N/A,N/A,N/A,N/A,N/A,,,0
1759293741,eth0,110,Ethernet,IPv6,ICMP,N/A,v6,fe80::5ca9:83ff:fe87:27,ff02::179,N/A,N/A,N/A,N/A,N/A,N/A,,,0
1759293741,eth0,368,Ethernet,IPv4,UDP,N/A,v4,0.0.0.0,255.255.255.255,68,67,N/A,N/A,N/A,N/A,,,0
1759293741,any,370,N/A,IPv4,UDP,N/A,v4,0.0.0.0,255.255.255.255,68,67,N/A,N/A,N/A,N/A,,,0
1759293741,eth0,110,Ethernet,IPv6,ICMP,N/A,v6,fe80::5ca9:83ff:fe87:27,ff02::179,N/A,N/A,N/A,N/A,N/A,N/A,,,0
1759293741,eth0,54,Ethernet,IPv4,N/A,N/A,v4,172.30.0.220,224.0.0.22,N/A,N/A,N/A,N/A,N/A,N/A,,,0
1759293741,any,112,N/A,IPv6,ICMP,N/A,v6,fe80::5ca9:83ff:fe87:27,ff02::179,N/A,N/A,N/A,N/A,N/A,N/A,,,0
1759293741,eth0,42,Ethernet,N/A,N/A,N/A,N/A,N/A,N/A,N/A,N/A,N/A,N/A,N/A,N/A,,,0
1759293741,any,44,ARP,N/A,N/A,N/A,N/A,N/A,N/A,N/A,N/A,1,2048,172.30.0.220,172.30.0.122,,,0
1759293741,eth0,56,Ethernet,N/A,N/A,N/A,N/A,N/A,N/A,N/A,N/A,N/A,N/A,N/A,N/A,,,0
1759293741,eth0,56,Ethernet,N/A,N/A,N/A,N/A,N/A,N/A,N/A,N/A,N/A,N/A,N/A,N/A,,,0
1759293741,any,58,ARP,N/A,N/A,N/A,N/A,N/A,N/A,N/A,N/A,2,2048,172.30.0.122,172.30.0.220,,,0
1759293741,any,58,ARP,N/A,N/A,N/A,N/A,N/A,N/A,N/A,N/A,2,2048,172.30.0.122,172.30.0.220,,,0
1759293742,eth0,54,Ethernet,IPv4,N/A,N/A,v4,172.30.0.220,224.0.0.22,N/A,N/A,N/A,N/A,N/A,N/A,,,0
1759293742,any,56,N/A,IPv4,N/A,N/A,v4,172.30.0.220,224.0.0.22,N/A,N/A,N/A,N/A,N/A,N/A,,,0
1759293742,eth1,110,Ethernet,IPv6,ICMP,N/A,v6,fe80::a824:52ff:fe4f:69,ff02::179,N/A,N/A,N/A,N/A,N/A,N/A,,,0
1759293742,any,112,N/A,IPv6,ICMP,N/A,v6,fe80::a824:52ff:fe4f:69,ff02::179,N/A,N/A,N/A,N/A,N/A,N/A,,,0
1759293742,eth0,90,Ethernet,IPv6,ICMP,N/A,v6,fe80::5ca9:83ff:fe87:27,ff02::179,N/A,N/A,N/A,N/A,N/A,N/A,,,0
1759293742,any,92,N/A,IPv6,ICMP,N/A,v6,fe80::5ca9:83ff:fe87:27,ff02::179,N/A,N/A,N/A,N/A,N/A,N/A,,,0
1759293742,eth0,70,Ethernet,IPv6,ICMP,N/A,v6,fe80::5ca9:83ff:fe87:27,ff02::204,N/A,N/A,N/A,N/A,N/A,N/A,,,0
1759293742,any,72,N/A,IPv6,ICMP,N/A,v6,fe80::a824:52ff:fe4f:69,ff02::204,N/A,N/A,N/A,N/A,N/A,N/A,,,0
1759293742,eth1,70,Ethernet,IPv6,ICMP,N/A,v6,fe80::a824:52ff:fe4f:69,ff02::204,N/A,N/A,N/A,N/A,N/A,N/A,,,0
1759293742,eth0,107,Ethernet,N/A,N/A,N/A,N/A,N/A,N/A,N/A,N/A,N/A,N/A,N/A,N/A,,,0
1759293742,any,109,N/A,N/A,N/A,N/A,N/A,N/A,N/A,N/A,N/A,N/A,N/A,N/A,N/A,,,0
1759293743,eth0,107,Ethernet,N/A,N/A,N/A,N/A,N/A,N/A,N/A,N/A,N/A,N/A,N/A,N/A,,,0
1759293743,any,109,N/A,N/A,N/A,N/A,N/A,N/A,N/A,N/A,N/A,N/A,N/A,N/A,N/A,,,0
1759293744,eth0,107,Ethernet,N/A,N/A,N/A,N/A,N/A,N/A,N/A,N/A,N/A,N/A,N/A,N/A,,,0
1759293744,any,109,N/A,N/A,N/A,N/A,N/A,N/A,N/A,N/A,N/A,N/A,N/A,N/A,N/A,,,0
1759293746,eth0,107,Ethernet,N/A,N/A,N/A,N/A,N/A,N/A,N/A,N/A,N/A,N/A,N/A,N/A,,,0
1759293746,any,109,N/A,N/A,N/A,N/A,N/A,N/A,N/A,N/A,N/A,N/A,N/A,N/A,N/A,,,0
1759293746,eth1,70,Ethernet,IPv6,ICMP,N/A,v6,fe80::a824:52ff:fe4f:69,ff02::204,N/A,N/A,N/A,N/A,N/A,N/A,,,0
1759293746,any,72,N/A,IPv6,ICMP,N/A,v6,fe80::a824:52ff:fe4f:69,ff02::204,N/A,N/A,N/A,N/A,N/A,N/A,,,0
1759293746,eth0,90,Ethernet,IPv6,ICMP,N/A,v6,fe80::5ca9:83ff:fe87:27,ff02::179,N/A,N/A,N/A,N/A,N/A,N/A,,,0
1759293746,eth0,54,Ethernet,IPv4,N/A,N/A,v4,172.30.0.220,224.0.0.22,N/A,N/A,N/A,N/A,N/A,N/A,,,0
1759293746,any,92,N/A,IPv6,ICMP,N/A,v6,fe80::5ca9:83ff:fe87:27,ff02::179,N/A,N/A,N/A,N/A,N/A,N/A,,,0
1759293746,eth0,67,Ethernet,IPv4,UDP,N/A,v4,172.30.0.220,224.0.0.252,5355,5355,N/A,N/A,N/A,N/A,,,0
1759293746,any,69,N/A,IPv4,UDP,N/A,v4,172.30.0.220,224.0.0.252,5355,5355,N/A,N/A,N/A,N/A,,,0
1759293746,eth0,87,Ethernet,IPv6,UDP,N/A,v6,fe80::5ca9:83ff:fe87:27,ff02::1:52,5355,5355,N/A,N/A,N/A,N/A,,,0
1759293746,any,89,N/A,IPv6,UDP,N/A,v6,fe80::5ca9:83ff:fe87:27,ff02::1:52,5355,5355,N/A,N/A,N/A,N/A,,,0
1759293746,eth0,356,Ethernet,IPv4,UDP,N/A,v4,0.0.0.0,255.255.255.255,68,67,N/A,N/A,N/A,N/A,,,0
1759293746,any,358,N/A,IPv4,UDP,N/A,v4,0.0.0.0,255.255.255.255,68,67,N/A,N/A,N/A,N/A,,,0
1759293746,eth0,368,Ethernet,IPv4,UDP,N/A,v4,0.0.0.0,255.255.255.255,68,67,N/A,N/A,N/A,N/A,,,0
1759293746,eth1,110,Ethernet,IPv6,ICMP,N/A,v6,fe80::a824:52ff:fe4f:69,ff02::179,N/A,N/A,N/A,N/A,N/A,N/A,,,0
1759293747,any,370,N/A,IPv4,UDP,N/A,v4,0.0.0.0,255.255.255.255,68,67,N/A,N/A,N/A,N/A,,,0
1759293747,any,112,N/A,IPv6,ICMP,N/A,v6,fe80::a824:52ff:fe4f:69,ff02::179,N/A,N/A,N/A,N/A,N/A,N/A,,,0
1759293747,any,112,N/A,IPv6,ICMP,N/A,v6,fe80::5ca9:83ff:fe87:27,ff02::179,N/A,N/A,N/A,N/A,N/A,N/A,,,0
1759293747,any,44,ARP,N/A,N/A,N/A,N/A,N/A,N/A,N/A,N/A,1,2048,172.30.0.220,172.30.0.122,,,0
1759293747,any,58,ARP,N/A,N/A,N/A,N/A,N/A,N/A,N/A,N/A,2,2048,172.30.0.122,172.30.0.220,,,0
1759293747,eth0,110,Ethernet,IPv6,ICMP,N/A,v6,fe80::5ca9:83ff:fe87:27,ff02::179,N/A,N/A,N/A,N/A,N/A,N/A,,,0
1759293747,eth0,54,Ethernet,IPv4,N/A,N/A,v4,172.30.0.220,224.0.0.22,N/A,N/A,N/A,N/A,N/A,N/A,,,0
1759293747,eth0,42,Ethernet,N/A,N/A,N/A,N/A,N/A,N/A,N/A,N/A,N/A,N/A,N/A,N/A,,,0
1759293747,eth0,56,Ethernet,N/A,N/A,N/A,N/A,N/A,N/A,N/A,N/A,N/A,N/A,N/A,N/A,,,0
1759293747,eth0,56,Ethernet,N/A,N/A,N/A,N/A,N/A,N/A,N/A,N/A,N/A,N/A,N/A,N/A,,,0
1759293747,eth1,110,Ethernet,IPv6,ICMP,N/A,v6,fe80::a824:52ff:fe4f:69,ff02::179,N/A,N/A,N/A,N/A,N/A,N/A,,,0
1759293747,any,112,N/A,IPv6,ICMP,N/A,v6,fe80::a824:52ff:fe4f:69,ff02::179,N/A,N/A,N/A,N/A,N/A,N/A,,,0
1759293747,eth0,110,Ethernet,IPv6,ICMP,N/A,v6,fe80::5ca9:83ff:fe87:27,ff02::179,N/A,N/A,N/A,N/A,N/A,N/A,,,0
1759293747,any,112,N/A,IPv6,ICMP,N/A,v6,fe80::5ca9:83ff:fe87:27,ff02::179,N/A,N/A,N/A,N/A,N/A,N/A,,,0
1759293747,eth0,54,Ethernet,IPv4,N/A,N/A,v4,172.30.0.220,224.0.0.22,N/A,N/A,N/A,N/A,N/A,N/A,,,0
1759293747,any,56,N/A,IPv4,N/A,N/A,v4,172.30.0.220,224.0.0.22,N/A,N/A,N/A,N/A,N/A,N/A,,,0
1759293747,eth0,70,Ethernet,IPv6,ICMP,N/A,v6,fe80::5ca9:83ff:fe87:27,ff02::204,N/A,N/A,N/A,N/A,N/A,N/A,,,0
1759293747,any,72,N/A,IPv6,ICMP,N/A,v6,fe80::a824:52ff:fe4f:69,ff02::204,N/A,N/A,N/A,N/A,N/A,N/A,,,0
1759293747,eth1,70,Ethernet,IPv6,ICMP,N/A,v6,fe80::a824:52ff:fe4f:69,ff02::204,N/A,N/A,N/A,N/A,N/A,N/A,,,0
1759293748,eth0,107,Ethernet,N/A,N/A,N/A,N/A,N/A,N/A,N/A,N/A,N/A,N/A,N/A,N/A,,,0
1759293748,any,109,N/A,N/A,N/A,N/A,N/A,N/A,N/A,N/A,N/A,N/A,N/A,N/A,N/A,,,0
1759293749,eth0,107,Ethernet,N/A,N/A,N/A,N/A,N/A,N/A,N/A,N/A,N/A,N/A,N/A,N/A,,,0
1759293749,any,109,N/A,N/A,N/A,N/A,N/A,N/A,N/A,N/A,N/A,N/A,N/A,N/A,N/A,,,0
1759293750,eth0,107,Ethernet,N/A,N/A,N/A,N/A,N/A,N/A,N/A,N/A,N/A,N/A,N/A,N/A,,,0
1759293750,any,109,N/A,N/A,N/A,N/A,N/A,N/A,N/A,N/A,N/A,N/A,N/A,N/A,N/A,,,0
1759293750,eth0,90,Ethernet,IPv6,ICMP,N/A,v6,fe80::5ca9:83ff:fe87:27,ff02::179,N/A,N/A,N/A,N/A,N/A,N/A,,,0
1759293750,eth0,54,Ethernet,IPv4,N/A,N/A,v4,172.30.0.220,224.0.0.22,N/A,N/A,N/A,N/A,N/A,N/A,,,0
1759293750,any,92,N/A,IPv6,ICMP,N/A,v6,fe80::5ca9:83ff:fe87:27,ff02::179,N/A,N/A,N/A,N/A,N/A,N/A,,,0
1759293750,eth0,87,Ethernet,IPv6,UDP,N/A,v6,fe80::5ca9:83ff:fe87:27,ff02::1:52,5355,5355,N/A,N/A,N/A,N/A,,,0
1759293750,any,89,N/A,IPv6,UDP,N/A,v6,fe80::5ca9:83ff:fe87:27,ff02::1:52,5355,5355,N/A,N/A,N/A,N/A,,,0
1759293750,eth0,67,Ethernet,IPv4,UDP,N/A,v4,172.30.0.220,224.0.0.252,5355,5355,N/A,N/A,N/A,N/A,,,0
1759293750,any,69,N/A,IPv4,UDP,N/A,v4,172.30.0.220,224.0.0.252,5355,5355,N/A,N/A,N/A,N/A,,,0
1759293750,eth0,356,Ethernet,IPv4,UDP,N/A,v4,0.0.0.0,255.255.255.255,68,67,N/A,N/A,N/A,N/A,,,0
1759293750,any,358,N/A,IPv4,UDP,N/A,v4,0.0.0.0,255.255.255.255,68,67,N/A,N/A,N/A,N/A,,,0
1759293750,eth0,368,Ethernet,IPv4,UDP,N/A,v4,0.0.0.0,255.255.255.255,68,67,N/A,N/A,N/A,N/A,,,0
1759293750,any,370,N/A,IPv4,UDP,N/A,v4,0.0.0.0,255.255.255.255,68,67,N/A,N/A,N/A,N/A,,,0
1759293751,eth1,110,Ethernet,IPv6,ICMP,N/A,v6,fe80::a824:52ff:fe4f:69,ff02::179,N/A,N/A,N/A,N/A,N/A,N/A,,,0
1759293751,any,112,N/A,IPv6,ICMP,N/A,v6,fe80::a824:52ff:fe4f:69,ff02::179,N/A,N/A,N/A,N/A,N/A,N/A,,,0
1759293751,eth0,54,Ethernet,IPv4,N/A,N/A,v4,172.30.0.220,224.0.0.22,N/A,N/A,N/A,N/A,N/A,N/A,,,0
1759293751,eth0,110,Ethernet,IPv6,ICMP,N/A,v6,fe80::5ca9:83ff:fe87:27,ff02::179,N/A,N/A,N/A,N/A,N/A,N/A,,,0
1759293751,any,56,N/A,IPv4,N/A,N/A,v4,172.30.0.220,224.0.0.22,N/A,N/A,N/A,N/A,N/A,N/A,,,0
1759293751,eth0,54,Ethernet,IPv4,N/A,N/A,v4,172.30.0.220,224.0.0.22,N/A,N/A,N/A,N/A,N/A,N/A,,,0
1759293751,any,56,N/A,IPv4,N/A,N/A,v4,172.30.0.220,224.0.0.22,N/A,N/A,N/A,N/A,N/A,N/A,,,0
1759293751,eth0,110,Ethernet,IPv6,ICMP,N/A,v6,fe80::5ca9:83ff:fe87:27,ff02::179,N/A,N/A,N/A,N/A,N/A,N/A,,,0
1759293751,any,112,N/A,IPv6,ICMP,N/A,v6,fe80::5ca9:83ff:fe87:27,ff02::179,N/A,N/A,N/A,N/A,N/A,N/A,,,0
1759293751,eth0,70,Ethernet,IPv6,ICMP,N/A,v6,fe80::5ca9:83ff:fe87:27,ff02::204,N/A,N/A,N/A,N/A,N/A,N/A,,,0
1759293751,any,72,N/A,IPv6,ICMP,N/A,v6,fe80::a824:52ff:fe4f:69,ff02::204,N/A,N/A,N/A,N/A,N/A,N/A,,,0
1759293751,eth1,70,Ethernet,IPv6,ICMP,N/A,v6,fe80::a824:52ff:fe4f:69,ff02::204,N/A,N/A,N/A,N/A,N/A,N/A,,,0
1759293751,any,44,ARP,N/A,N/A,N/A,N/A,N/A,N/A,N/A,N/A,1,2048,172.30.0.220,172.30.0.122,,,0
1759293751,any,58,ARP,N/A,N/A,N/A,N/A,N/A,N/A,N/A,N/A,2,2048,172.30.0.122,172.30.0.220,,,0
1759293751,any,58,ARP,N/A,N/A,N/A,N/A,N/A,N/A,N/A,N/A,2,2048,172.30.0.122,172.30.0.220,,,0
1759293751,eth0,42,Ethernet,N/A,N/A,N/A,N/A,N/A,N/A,N/A,N/A,N/A,N/A,N/A,N/A,,,0
1759293751,eth0,56,Ethernet,N/A,N/A,N/A,N/A,N/A,N/A,N/A,N/A,N/A,N/A,N/A,N/A,,,0
1759293751,eth0,56,Ethernet,N/A,N/A,N/A,N/A,N/A,N/A,N/A,N/A,N/A,N/A,N/A,N/A,,,0
1759293751,eth1,110,Ethernet,IPv6,ICMP,N/A,v6,fe80::a824:52ff:fe4f:69,ff02::179,N/A,N/A,N/A,N/A,N/A,N/A,,,0
1759293751,any,112,N/A,IPv6,ICMP,N/A,v6,fe80::a824:52ff:fe4f:69,ff02::179,N/A,N/A,N/A,N/A,N/A,N/A,,,0
1759293752,eth0,107,Ethernet,N/A,N/A,N/A,N/A,N/A,N/A,N/A,N/A,N/A,N/A,N/A,N/A,,,0
1759293752,any,109,N/A,N/A,N/A,N/A,N/A,N/A,N/A,N/A,N/A,N/A,N/A,N/A,N/A,,,0
1759293753,eth0,107,Ethernet,N/A,N/A,N/A,N/A,N/A,N/A,N/A,N/A,N/A,N/A,N/A,N/A,,,0
1759293753,any,109,N/A,N/A,N/A,N/A,N/A,N/A,N/A,N/A,N/A,N/A,N/A,N/A,N/A,,,0
1759293754,eth0,107,Ethernet,N/A,N/A,N/A,N/A,N/A,N/A,N/A,N/A,N/A,N/A,N/A,N/A,,,0
1759293754,any,109,N/A,N/A,N/A,N/A,N/A,N/A,N/A,N/A,N/A,N/A,N/A,N/A,N/A,,,0
1759293755,eth0,107,Ethernet,N/A,N/A,N/A,N/A,N/A,N/A,N/A,N/A,N/A,N/A,N/A,N/A,,,0
1759293755,any,109,N/A,N/A,N/A,N/A,N/A,N/A,N/A,N/A,N/A,N/A,N/A,N/A,N/A,,,0
1759293755,eth1,70,Ethernet,IPv6,ICMP,N/A,v6,fe80::a824:52ff:fe4f:69,ff02::204,N/A,N/A,N/A,N/A,N/A,N/A,,,0
1759293755,any,72,N/A,IPv6,ICMP,N/A,v6,fe80::a824:52ff:fe4f:69,ff02::204,N/A,N/A,N/A,N/A,N/A,N/A,,,0
1759293755,eth0,70,Ethernet,IPv6,ICMP,N/A,v6,fe80::5ca9:83ff:fe87:27,ff02::204,N/A,N/A,N/A,N/A,N/A,N/A,,,0
1759293755,any,72,N/A,IPv6,ICMP,N/A,v6,fe80::5ca9:83ff:fe87:27,ff02::204,N/A,N/A,N/A,N/A,N/A,N/A,,,0
1759293756,eth0,90,Ethernet,IPv6,ICMP,N/A,v6,fe80::5ca9:83ff:fe87:27,ff02::179,N/A,N/A,N/A,N/A,N/A,N/A,,,0
1759293756,eth0,54,Ethernet,IPv4,N/A,N/A,v4,172.30.0.220,224.0.0.22,N/A,N/A,N/A,N/A,N/A,N/A,,,0
1759293756,any,92,N/A,IPv6,ICMP,N/A,v6,fe80::5ca9:83ff:fe87:27,ff02::179,N/A,N/A,N/A,N/A,N/A,N/A,,,0
1759293756,eth0,67,Ethernet,IPv4,UDP,N/A,v4,172.30.0.220,224.0.0.252,5355,5355,N/A,N/A,N/A,N/A,,,0
1759293756,eth0,87,Ethernet,IPv6,UDP,N/A,v6,fe80::5ca9:83ff:fe87:27,ff02::1:52,5355,5355,N/A,N/A,N/A,N/A,,,0
1759293756,any,69,N/A,IPv4,UDP,N/A,v4,172.30.0.220,224.0.0.252,5355,5355,N/A,N/A,N/A,N/A,,,0
1759293756,eth0,356,Ethernet,IPv4,UDP,N/A,v4,0.0.0.0,255.255.255.255,68,67,N/A,N/A,N/A,N/A,,,0
1759293756,any,358,N/A,IPv4,UDP,N/A,v4,0.0.0.0,255.255.255.255,68,67,N/A,N/A,N/A,N/A,,,0
1759293756,eth0,368,Ethernet,IPv4,UDP,N/A,v4,0.0.0.0,255.255.255.255,68,67,N/A,N/A,N/A,N/A,,,0
1759293756,any,370,N/A,IPv4,UDP,N/A,v4,0.0.0.0,255.255.255.255,68,67,N/A,N/A,N/A,N/A,,,0
1759293756,eth1,110,Ethernet,IPv6,ICMP,N/A,v6,fe80::a824:52ff:fe4f:69,ff02::179,N/A,N/A,N/A,N/A,N/A,N/A,,,0
1759293756,any,112,N/A,IPv6,ICMP,N/A,v6,fe80::a824:52ff:fe4f:69,ff02::179,N/A,N/A,N/A,N/A,N/A,N/A,,,0
1759293756,eth0,110,Ethernet,IPv6,ICMP,N/A,v6,fe80::5ca9:83ff:fe87:27,ff02::179,N/A,N/A,N/A,N/A,N/A,N/A,,,0
1759293756,eth0,54,Ethernet,IPv4,N/A,N/A,v4,172.30.0.220,224.0.0.22,N/A,N/A,N/A,N/A,N/A,N/A,,,0
1759293756,any,112,N/A,IPv6,ICMP,N/A,v6,fe80::5ca9:83ff:fe87:27,ff02::179,N/A,N/A,N/A,N/A,N/A,N/A,,,0
1759293756,eth0,42,Ethernet,N/A,N/A,N/A,N/A,N/A,N/A,N/A,N/A,N/A,N/A,N/A,N/A,,,0
1759293756,eth0,56,Ethernet,N/A,N/A,N/A,N/A,N/A,N/A,N/A,N/A,N/A,N/A,N/A,N/A,,,0
1759293756,eth0,56,Ethernet,N/A,N/A,N/A,N/A,N/A,N/A,N/A,N/A,N/A,N/A,N/A,N/A,,,0
1759293756,any,44,ARP,N/A,N/A,N/A,N/A,N/A,N/A,N/A,N/A,1,2048,172.30.0.220,172.30.0.122,,,0
1759293756,any,58,ARP,N/A,N/A,N/A,N/A,N/A,N/A,N/A,N/A,2,2048,172.30.0.122,172.30.0.220,,,0
1759293756,eth0,54,Ethernet,IPv4,N/A,N/A,v4,172.30.0.220,224.0.0.22,N/A,N/A,N/A,N/A,N/A,N/A,,,0
1759293756,any,56,N/A,IPv4,N/A,N/A,v4,172.30.0.220,224.0.0.22,N/A,N/A,N/A,N/A,N/A,N/A,,,0
1759293756,eth1,110,Ethernet,IPv6,ICMP,N/A,v6,fe80::a824:52ff:fe4f:69,ff02::179,N/A,N/A,N/A,N/A,N/A,N/A,,,0
1759293756,any,112,N/A,IPv6,ICMP,N/A,v6,fe80::a824:52ff:fe4f:69,ff02::179,N/A,N/A,N/A,N/A,N/A,N/A,,,0
1759293757,eth0,107,Ethernet,N/A,N/A,N/A,N/A,N/A,N/A,N/A,N/A,N/A,N/A,N/A,N/A,,,0
1759293757,eth0,70,Ethernet,IPv6,ICMP,N/A,v6,fe80::5ca9:83ff:fe87:27,ff02::204,N/A,N/A,N/A,N/A,N/A,N/A,,,0
1759293757,any,72,N/A,IPv6,ICMP,N/A,v6,fe80::a824:52ff:fe4f:69,ff02::204,N/A,N/A,N/A,N/A,N/A,N/A,,,0
1759293757,eth1,70,Ethernet,IPv6,ICMP,N/A,v6,fe80::a824:52ff:fe4f:69,ff02::204,N/A,N/A,N/A,N/A,N/A,N/A,,,0
1759293757,eth0,110,Ethernet,IPv6,ICMP,N/A,v6,fe80::5ca9:83ff:fe87:27,ff02::179,N/A,N/A,N/A,N/A,N/A,N/A,,,0
1759293757,any,112,N/A,IPv6,ICMP,N/A,v6,fe80::5ca9:83ff:fe87:27,ff02::179,N/A,N/A,N/A,N/A,N/A,N/A,,,0
1759293758,eth0,107,Ethernet,N/A,N/A,N/A,N/A,N/A,N/A,N/A,N/A,N/A,N/A,N/A,N/A,,,0
1759293758,any,109,N/A,N/A,N/A,N/A,N/A,N/A,N/A,N/A,N/A,N/A,N/A,N/A,N/A,,,0
1759293759,eth0,107,Ethernet,N/A,N/A,N/A,N/A,N/A,N/A,N/A,N/A,N/A,N/A,N/A,N/A,,,0
1759293759,any,109,N/A,N/A,N/A,N/A,N/A,N/A,N/A,N/A,N/A,N/A,N/A,N/A,N/A,,,0
1759293760,eth0,90,Ethernet,IPv6,ICMP,N/A,v6,fe80::5ca9:83ff:fe87:27,ff02::179,N/A,N/A,N/A,N/A,N/A,N/A,,,0
1759293760,eth0,54,Ethernet,IPv4,N/A,N/A,v4,172.30.0.220,224.0.0.22,N/A,N/A,N/A,N/A,N/A,N/A,,,0
1759293760,any,92,N/A,IPv6,ICMP,N/A,v6,fe80::5ca9:83ff:fe87:27,ff02::179,N/A,N/A,N/A,N/A,N/A,N/A,,,0
1759293760,eth0,67,Ethernet,IPv4,UDP,N/A,v4,172.30.0.220,224.0.0.252,5355,5355,N/A,N/A,N/A,N/A,,,0
1759293760,eth0,87,Ethernet,IPv6,UDP,N/A,v6,fe80::5ca9:83ff:fe87:27,ff02::1:52,5355,5355,N/A,N/A,N/A,N/A,,,0
1759293760,any,69,N/A,IPv4,UDP,N/A,v4,172.30.0.220,224.0.0.252,5355,5355,N/A,N/A,N/A,N/A,,,0
1759293760,eth0,356,Ethernet,IPv4,UDP,N/A,v4,0.0.0.0,255.255.255.255,68,67,N/A,N/A,N/A,N/A,,,0
1759293760,any,358,N/A,IPv4,UDP,N/A,v4,0.0.0.0,255.255.255.255,68,67,N/A,N/A,N/A,N/A,,,0
1759293760,eth0,368,Ethernet,IPv4,UDP,N/A,v4,0.0.0.0,255.255.255.255,68,67,N/A,N/A,N/A,N/A,,,0
1759293760,any,370,N/A,IPv4,UDP,N/A,v4,0.0.0.0,255.255.255.255,68,67,N/A,N/A,N/A,N/A,,,0
1759293760,eth1,110,Ethernet,IPv6,ICMP,N/A,v6,fe80::a824:52ff:fe4f:69,ff02::179,N/A,N/A,N/A,N/A,N/A,N/A,,,0
1759293760,any,56,N/A,IPv4,N/A,N/A,v4,172.30.0.220,224.0.0.22,N/A,N/A,N/A,N/A,N/A,N/A,,,0
1759293760,eth0,54,Ethernet,IPv4,N/A,N/A,v4,172.30.0.220,224.0.0.22,N/A,N/A,N/A,N/A,N/A,N/A,,,0
1759293760,eth0,110,Ethernet,IPv6,ICMP,N/A,v6,fe80::5ca9:83ff:fe87:27,ff02::179,N/A,N/A,N/A,N/A,N/A,N/A,,,0
1759293760,any,112,N/A,IPv6,ICMP,N/A,v6,fe80::5ca9:83ff:fe87:27,ff02::179,N/A,N/A,N/A,N/A,N/A,N/A,,,0
1759293760,eth0,54,Ethernet,IPv4,N/A,N/A,v4,172.30.0.220,224.0.0.22,N/A,N/A,N/A,N/A,N/A,N/A,,,0
1759293760,any,56,N/A,IPv4,N/A,N/A,v4,172.30.0.220,224.0.0.22,N/A,N/A,N/A,N/A,N/A,N/A,,,0
1759293760,eth1,110,Ethernet,IPv6,ICMP,N/A,v6,fe80::a824:52ff:fe4f:69,ff02::179,N/A,N/A,N/A,N/A,N/A,N/A,,,0
1759293760,any,112,N/A,IPv6,ICMP,N/A,v6,fe80::a824:52ff:fe4f:69,ff02::179,N/A,N/A,N/A,N/A,N/A,N/A,,,0
1759293760,eth0,110,Ethernet,IPv6,ICMP,N/A,v6,fe80::5ca9:83ff:fe87:27,ff02::179,N/A,N/A,N/A,N/A,N/A,N/A,,,0
1759293760,any,112,N/A,IPv6,ICMP,N/A,v6,fe80::5ca9:83ff:fe87:27,ff02::179,N/A,N/A,N/A,N/A,N/A,N/A,,,0
1759293760,any,44,ARP,N/A,N/A,N/A,N/A,N/A,N/A,N/A,N/A,1,2048,172.30.0.220,172.30.0.122,,,0
1759293760,any,58,ARP,N/A,N/A,N/A,N/A,N/A,N/A,N/A,N/A,2,2048,172.30.0.122,172.30.0.220,,,0
1759293760,eth0,42,Ethernet,N/A,N/A,N/A,N/A,N/A,N/A,N/A,N/A,N/A,N/A,N/A,N/A,,,0
1759293760,eth0,56,Ethernet,N/A,N/A,N/A,N/A,N/A,N/A,N/A,N/A,N/A,N/A,N/A,N/A,,,0
1759293761,eth0,107,Ethernet,N/A,N/A,N/A,N/A,N/A,N/A,N/A,N/A,N/A,N/A,N/A,N/A,,,0
1759293761,eth0,70,Ethernet,IPv6,ICMP,N/A,v6,fe80::5ca9:83ff:fe87:27,ff02::204,N/A,N/A,N/A,N/A,N/A,N/A,,,0
1759293761,any,72,N/A,IPv6,ICMP,N/A,v6,fe80::a824:52ff:fe4f:69,ff02::204,N/A,N/A,N/A,N/A,N/A,N/A,,,0
1759293761,eth1,70,Ethernet,IPv6,ICMP,N/A,v6,fe80::a824:52ff:fe4f:69,ff02::204,N/A,N/A,N/A,N/A,N/A,N/A,,,0
1759293762,eth0,107,Ethernet,N/A,N/A,N/A,N/A,N/A,N/A,N/A,N/A,N/A,N/A,N/A,N/A,,,0
1759293762,any,109,N/A,N/A,N/A,N/A,N/A,N/A,N/A,N/A,N/A,N/A,N/A,N/A,N/A,,,0
1759293763,eth0,107,Ethernet,N/A,N/A,N/A,N/A,N/A,N/A,N/A,N/A,N/A,N/A,N/A,N/A,,,0
1759293763,any,109,N/A,N/A,N/A,N/A,N/A,N/A,N/A,N/A,N/A,N/A,N/A,N/A,N/A,,,0
1759293764,eth0,107,Ethernet,N/A,N/A,N/A,N/A,N/A,N/A,N/A,N/A,N/A,N/A,N/A,N/A,,,0
1759293764,any,109,N/A,N/A,N/A,N/A,N/A,N/A,N/A,N/A,N/A,N/A,N/A,N/A,N/A,,,0
1759293765,eth0,90,Ethernet,IPv6,ICMP,N/A,v6,fe80::5ca9:83ff:fe87:27,ff02::179,N/A,N/A,N/A,N/A,N/A,N/A,,,0
1759293765,eth0,54,Ethernet,IPv4,N/A,N/A,v4,172.30.0.220,224.0.0.22,N/A,N/A,N/A,N/A,N/A,N/A,,,0
1759293765,any,92,N/A,IPv6,ICMP,N/A,v6,fe80::5ca9:83ff:fe87:27,ff02::179,N/A,N/A,N/A,N/A,N/A,N/A,,,0
1759293765,eth0,67,Ethernet,IPv4,UDP,N/A,v4,172.30.0.220,224.0.0.252,5355,5355,N/A,N/A,N/A,N/A,,,0
1759293765,any,69,N/A,IPv4,UDP,N/A,v4,172.30.0.220,224.0.0.252,5355,5355,N/A,N/A,N/A,N/A,,,0
1759293765,eth0,87,Ethernet,IPv6,UDP,N/A,v6,fe80::5ca9:83ff:fe87:27,ff02::1:52,5355,5355,N/A,N/A,N/A,N/A,,,0
1759293765,any,89,N/A,IPv6,UDP,N/A,v6,fe80::5ca9:83ff:fe87:27,ff02::1:52,5355,5355,N/A,N/A,N/A,N/A,,,0
1759293765,eth0,356,Ethernet,IPv4,UDP,N/A,v4,0.0.0.0,255.255.255.255,68,67,N/A,N/A,N/A,N/A,,,0
1759293765,any,358,N/A,IPv4,UDP,N/A,v4,0.0.0.0,255.255.255.255,68,67,N/A,N/A,N/A,N/A,,,0
1759293765,eth1,110,Ethernet,IPv6,ICMP,N/A,v6,fe80::a824:52ff:fe4f:69,ff02::179,N/A,N/A,N/A,N/A,N/A,N/A,,,0
1759293765,any,112,N/A,IPv6,ICMP,N/A,v6,fe80::5ca9:83ff:fe87:27,ff02::179,N/A,N/A,N/A,N/A,N/A,N/A,,,0
1759293765,any,370,N/A,IPv4,UDP,N/A,v4,0.0.0.0,255.255.255.255,68,67,N/A,N/A,N/A,N/A,,,0
1759293765,any,56,N/A,IPv4,N/A,N/A,v4,172.30.0.220,224.0.0.22,N/A,N/A,N/A,N/A,N/A,N/A,,,0
1759293765,any,112,N/A,IPv6,ICMP,N/A,v6,fe80::5ca9:83ff:fe87:27,ff02::179,N/A,N/A,N/A,N/A,N/A,N/A,,,0
1759293765,any,44,ARP,N/A,N/A,N/A,N/A,N/A,N/A,N/A,N/A,1,2048,172.30.0.220,172.30.0.122,,,0
1759293765,any,58,ARP,N/A,N/A,N/A,N/A,N/A,N/A,N/A,N/A,2,2048,172.30.0.122,172.30.0.220,,,0
1759293765,eth0,110,Ethernet,IPv6,ICMP,N/A,v6,fe80::5ca9:83ff:fe87:27,ff02::179,N/A,N/A,N/A,N/A,N/A,N/A,,,0
1759293765,eth0,368,Ethernet,IPv4,UDP,N/A,v4,0.0.0.0,255.255.255.255,68,67,N/A,N/A,N/A,N/A,,,0
1759293765,eth0,54,Ethernet,IPv4,N/A,N/A,v4,172.30.0.220,224.0.0.22,N/A,N/A,N/A,N/A,N/A,N/A,,,0
1759293765,eth0,110,Ethernet,IPv6,ICMP,N/A,v6,fe80::5ca9:83ff:fe87:27,ff02::179,N/A,N/A,N/A,N/A,N/A,N/A,,,0
1759293765,eth0,42,Ethernet,N/A,N/A,N/A,N/A,N/A,N/A,N/A,N/A,N/A,N/A,N/A,N/A,,,0
1759293765,eth0,56,Ethernet,N/A,N/A,N/A,N/A,N/A,N/A,N/A,N/A,N/A,N/A,N/A,N/A,,,0
1759293765,eth0,56,Ethernet,N/A,N/A,N/A,N/A,N/A,N/A,N/A,N/A,N/A,N/A,N/A,N/A,,,0
1759293766,eth0,90,Ethernet,IPv6,ICMP,N/A,v6,fe80::5ca9:83ff:fe87:27,ff02::179,N/A,N/A,N/A,N/A,N/A,N/A,,,0
1759293766,any,92,N/A,IPv6,ICMP,N/A,v6,fe80::5ca9:83ff:fe87:27,ff02::179,N/A,N/A,N/A,N/A,N/A,N/A,,,0
1759293766,eth1,110,Ethernet,IPv6,ICMP,N/A,v6,fe80::a824:52ff:fe4f:69,ff02::179,N/A,N/A,N/A,N/A,N/A,N/A,,,0
1759293766,any,112,N/A,IPv6,ICMP,N/A,v6,fe80::a824:52ff:fe4f:69,ff02::179,N/A,N/A,N/A,N/A,N/A,N/A,,,0
1759293766,eth0,54,Ethernet,IPv4,N/A,N/A,v4,172.30.0.220,224.0.0.22,N/A,N/A,N/A,N/A,N/A,N/A,,,0
1759293766,any,56,N/A,IPv4,N/A,N/A,v4,172.30.0.220,224.0.0.22,N/A,N/A,N/A,N/A,N/A,N/A,,,0
1759293766,eth0,107,Ethernet,N/A,N/A,N/A,N/A,N/A,N/A,N/A,N/A,N/A,N/A,N/A,N/A,,,0
1759293766,eth0,70,Ethernet,IPv6,ICMP,N/A,v6,fe80::5ca9:83ff:fe87:27,ff02::204,N/A,N/A,N/A,N/A,N/A,N/A,,,0
1759293766,any,72,N/A,IPv6,ICMP,N/A,v6,fe80::a824:52ff:fe4f:69,ff02::204,N/A,N/A,N/A,N/A,N/A,N/A,,,0
1759293766,eth1,70,Ethernet,IPv6,ICMP,N/A,v6,fe80::a824:52ff:fe4f:69,ff02::204,N/A,N/A,N/A,N/A,N/A,N/A,,,0
1759293767,eth0,107,Ethernet,N/A,N/A,N/A,N/A,N/A,N/A,N/A,N/A,N/A,N/A,N/A,N/A,,,0
1759293767,any,109,N/A,N/A,N/A,N/A,N/A,N/A,N/A,N/A,N/A,N/A,N/A,N/A,N/A,,,0
1759293769,eth0,107,Ethernet,N/A,N/A,N/A,N/A,N/A,N/A,N/A,N/A,N/A,N/A,N/A,N/A,,,0
1759293769,any,109,N/A,N/A,N/A,N/A,N/A,N/A,N/A,N/A,N/A,N/A,N/A,N/A,N/A,,,0
1759293769,eth0,90,Ethernet,IPv6,ICMP,N/A,v6,fe80::5ca9:83ff:fe87:27,ff02::179,N/A,N/A,N/A,N/A,N/A,N/A,,,0
1759293769,eth0,54,Ethernet,IPv4,N/A,N/A,v4,172.30.0.220,224.0.0.22,N/A,N/A,N/A,N/A,N/A,N/A,,,0
1759293769,any,92,N/A,IPv6,ICMP,N/A,v6,fe80::5ca9:83ff:fe87:27,ff02::179,N/A,N/A,N/A,N/A,N/A,N/A,,,0
1759293769,eth0,87,Ethernet,IPv6,UDP,N/A,v6,fe80::5ca9:83ff:fe87:27,ff02::1:52,5355,5355,N/A,N/A,N/A,N/A,,,0
1759293769,any,89,N/A,IPv6,UDP,N/A,v6,fe80::5ca9:83ff:fe87:27,ff02::1:52,5355,5355,N/A,N/A,N/A,N/A,,,0
1759293769,eth0,67,Ethernet,IPv4,UDP,N/A,v4,172.30.0.220,224.0.0.252,5355,5355,N/A,N/A,N/A,N/A,,,0
1759293769,any,69,N/A,IPv4,UDP,N/A,v4,172.30.0.220,224.0.0.252,5355,5355,N/A,N/A,N/A,N/A,,,0
1759293769,eth0,356,Ethernet,IPv4,UDP,N/A,v4,0.0.0.0,255.255.255.255,68,67,N/A,N/A,N/A,N/A,,,0
1759293769,any,358,N/A,IPv4,UDP,N/A,v4,0.0.0.0,255.255.255.255,68,67,N/A,N/A,N/A,N/A,,,0
1759293769,eth0,368,Ethernet,IPv4,UDP,N/A,v4,0.0.0.0,255.255.255.255,68,67,N/A,N/A,N/A,N/A,,,0
1759293769,any,370,N/A,IPv4,UDP,N/A,v4,0.0.0.0,255.255.255.255,68,67,N/A,N/A,N/A,N/A,,,0
1759293769,eth1,110,Ethernet,IPv6,ICMP,N/A,v6,fe80::a824:52ff:fe4f:69,ff02::179,N/A,N/A,N/A,N/A,N/A,N/A,,,0
1759293769,any,56,N/A,IPv4,N/A,N/A,v4,172.30.0.220,224.0.0.22,N/A,N/A,N/A,N/A,N/A,N/A,,,0
1759293769,eth0,54,Ethernet,IPv4,N/A,N/A,v4,172.30.0.220,224.0.0.22,N/A,N/A,N/A,N/A,N/A,N/A,,,0
1759293769,eth0,110,Ethernet,IPv6,ICMP,N/A,v6,fe80::5ca9:83ff:fe87:27,ff02::179,N/A,N/A,N/A,N/A,N/A,N/A,,,0
1759293769,any,112,N/A,IPv6,ICMP,N/A,v6,fe80::5ca9:83ff:fe87:27,ff02::179,N/A,N/A,N/A,N/A,N/A,N/A,,,0
1759293769,eth1,110,Ethernet,IPv6,ICMP,N/A,v6,fe80::a824:52ff:fe4f:69,ff02::179,N/A,N/A,N/A,N/A,N/A,N/A,,,0
1759293769,any,112,N/A,IPv6,ICMP,N/A,v6,fe80::a824:52ff:fe4f:69,ff02::179,N/A,N/A,N/A,N/A,N/A,N/A,,,0
1759293769,eth0,42,Ethernet,N/A,N/A,N/A,N/A,N/A,N/A,N/A,N/A,N/A,N/A,N/A,N/A,,,0
1759293769,any,44,ARP,N/A,N/A,N/A,N/A,N/A,N/A,N/A,N/A,1,2048,172.30.0.220,172.30.0.122,,,0
1759293769,eth0,56,Ethernet,N/A,N/A,N/A,N/A,N/A,N/A,N/A,N/A,N/A,N/A,N/A,N/A,,,0
1759293769,eth0,56,Ethernet,N/A,N/A,N/A,N/A,N/A,N/A,N/A,N/A,N/A,N/A,N/A,N/A,,,0
1759293769,any,58,ARP,N/A,N/A,N/A,N/A,N/A,N/A,N/A,N/A,2,2048,172.30.0.122,172.30.0.220,,,0
1759293769,any,58,ARP,N/A,N/A,N/A,N/A,N/A,N/A,N/A,N/A,2,2048,172.30.0.122,172.30.0.220,,,0
1759293770,eth0,110,Ethernet,IPv6,ICMP,N/A,v6,fe80::5ca9:83ff:fe87:27,ff02::179,N/A,N/A,N/A,N/A,N/A,N/A,,,0
1759293770,any,112,N/A,IPv6,ICMP,N/A,v6,fe80::5ca9:83ff:fe87:27,ff02::179,N/A,N/A,N/A,N/A,N/A,N/A,,,0
1759293770,eth0,54,Ethernet,IPv4,N/A,N/A,v4,172.30.0.220,224.0.0.22,N/A,N/A,N/A,N/A,N/A,N/A,,,0
1759293770,any,56,N/A,IPv4,N/A,N/A,v4,172.30.0.220,224.0.0.22,N/A,N/A,N/A,N/A,N/A,N/A,,,0
1759293770,eth0,107,Ethernet,N/A,N/A,N/A,N/A,N/A,N/A,N/A,N/A,N/A,N/A,N/A,N/A,,,0
1759293770,eth0,70,Ethernet,IPv6,ICMP,N/A,v6,fe80::5ca9:83ff:fe87:27,ff02::204,N/A,N/A,N/A,N/A,N/A,N/A,,,0
1759293770,any,72,N/A,IPv6,ICMP,N/A,v6,fe80::a824:52ff:fe4f:69,ff02::204,N/A,N/A,N/A,N/A,N/A,N/A,,,0
1759293770,eth1,70,Ethernet,IPv6,ICMP,N/A,v6,fe80::a824:52ff:fe4f:69,ff02::204,N/A,N/A,N/A,N/A,N/A,N/A,,,0
1759293771,eth0,107,Ethernet,N/A,N/A,N/A,N/A,N/A,N/A,N/A,N/A,N/A,N/A,N/A,N/A,,,0
1759293771,any,109,N/A,N/A,N/A,N/A,N/A,N/A,N/A,N/A,N/A,N/A,N/A,N/A,N/A,,,0
1759293773,eth0,107,Ethernet,N/A,N/A,N/A,N/A,N/A,N/A,N/A,N/A,N/A,N/A,N/A,N/A,,,0
1759293773,any,109,N/A,N/A,N/A,N/A,N/A,N/A,N/A,N/A,N/A,N/A,N/A,N/A,N/A,,,0
1759293774,eth0,107,Ethernet,N/A,N/A,N/A,N/A,N/A,N/A,N/A,N/A,N/A,N/A,N/A,N/A,,,0
1759293774,eth0,70,Ethernet,IPv6,ICMP,N/A,v6,fe80::5ca9:83ff:fe87:27,ff02::204,N/A,N/A,N/A,N/A,N/A,N/A,,,0
1759293774,any,109,N/A,N/A,N/A,N/A,N/A,N/A,N/A,N/A,N/A,N/A,N/A,N/A,N/A,,,0
1759293774,eth0,90,Ethernet,IPv6,ICMP,N/A,v6,fe80::5ca9:83ff:fe87:27,ff02::179,N/A,N/A,N/A,N/A,N/A,N/A,,,0
1759293774,eth0,54,Ethernet,IPv4,N/A,N/A,v4,172.30.0.220,224.0.0.22,N/A,N/A,N/A,N/A,N/A,N/A,,,0
1759293774,any,92,N/A,IPv6,ICMP,N/A,v6,fe80::5ca9:83ff:fe87:27,ff02::179,N/A,N/A,N/A,N/A,N/A,N/A,,,0
1759293774,eth0,54,Ethernet,IPv4,N/A,N/A,v4,172.30.0.220,224.0.0.22,N/A,N/A,N/A,N/A,N/A,N/A,,,0
1759293774,any,56,N/A,IPv4,N/A,N/A,v4,172.30.0.220,224.0.0.22,N/A,N/A,N/A,N/A,N/A,N/A,,,0
1759293774,eth0,87,Ethernet,IPv6,UDP,N/A,v6,fe80::5ca9:83ff:fe87:27,ff02::1:52,5355,5355,N/A,N/A,N/A,N/A,,,0
1759293774,any,89,N/A,IPv6,UDP,N/A,v6,fe80::5ca9:83ff:fe87:27,ff02::1:52,5355,5355,N/A,N/A,N/A,N/A,,,0
1759293774,eth0,67,Ethernet,IPv4,UDP,N/A,v4,172.30.0.220,224.0.0.252,5355,5355,N/A,N/A,N/A,N/A,,,0
1759293774,any,69,N/A,IPv4,UDP,N/A,v4,172.30.0.220,224.0.0.252,5355,5355,N/A,N/A,N/A,N/A,,,0
1759293774,eth0,356,Ethernet,IPv4,UDP,N/A,v4,0.0.0.0,255.255.255.255,68,67,N/A,N/A,N/A,N/A,,,0
1759293774,eth0,368,Ethernet,IPv4,UDP,N/A,v4,0.0.0.0,255.255.255.255,68,67,N/A,N/A,N/A,N/A,,,0
1759293774,eth0,54,Ethernet,IPv4,N/A,N/A,v4,172.30.0.220,224.0.0.22,N/A,N/A,N/A,N/A,N/A,N/A,,,0
1759293774,eth0,110,Ethernet,IPv6,ICMP,N/A,v6,fe80::5ca9:83ff:fe87:27,ff02::179,N/A,N/A,N/A,N/A,N/A,N/A,,,0
1759293774,eth0,42,Ethernet,N/A,N/A,N/A,N/A,N/A,N/A,N/A,N/A,N/A,N/A,N/A,N/A,,,0
1759293774,eth0,56,Ethernet,N/A,N/A,N/A,N/A,N/A,N/A,N/A,N/A,N/A,N/A,N/A,N/A,,,0
1759293774,eth0,56,Ethernet,N/A,N/A,N/A,N/A,N/A,N/A,N/A,N/A,N/A,N/A,N/A,N/A,,,0
1759293774,eth0,54,Ethernet,IPv4,N/A,N/A,v4,172.30.0.220,224.0.0.22,N/A,N/A,N/A,N/A,N/A,N/A,,,0
1759293774,any,358,N/A,IPv4,UDP,N/A,v4,0.0.0.0,255.255.255.255,68,67,N/A,N/A,N/A,N/A,,,0
1759293774,any,370,N/A,IPv4,UDP,N/A,v4,0.0.0.0,255.255.255.255,68,67,N/A,N/A,N/A,N/A,,,0
1759293774,any,112,N/A,IPv6,ICMP,N/A,v6,fe80::a824:52ff:fe4f:69,ff02::179,N/A,N/A,N/A,N/A,N/A,N/A,,,0
1759293774,any,56,N/A,IPv4,N/A,N/A,v4,172.30.0.220,224.0.0.22,N/A,N/A,N/A,N/A,N/A,N/A,,,0
1759293774,any,112,N/A,IPv6,ICMP,N/A,v6,fe80::5ca9:83ff:fe87:27,ff02::179,N/A,N/A,N/A,N/A,N/A,N/A,,,0
1759293774,any,44,ARP,N/A,N/A,N/A,N/A,N/A,N/A,N/A,N/A,1,2048,172.30.0.220,172.30.0.122,,,0
1759293774,any,58,ARP,N/A,N/A,N/A,N/A,N/A,N/A,N/A,N/A,2,2048,172.30.0.122,172.30.0.220,,,0
1759293774,any,56,N/A,IPv4,N/A,N/A,v4,172.30.0.220,224.0.0.22,N/A,N/A,N/A,N/A,N/A,N/A,,,0
1759293774,eth1,110,Ethernet,IPv6,ICMP,N/A,v6,fe80::a824:52ff:fe4f:69,ff02::179,N/A,N/A,N/A,N/A,N/A,N/A,,,0
1759293775,eth0,110,Ethernet,IPv6,ICMP,N/A,v6,fe80::5ca9:83ff:fe87:27,ff02::179,N/A,N/A,N/A,N/A,N/A,N/A,,,0
1759293775,eth1,110,Ethernet,IPv6,ICMP,N/A,v6,fe80::a824:52ff:fe4f:69,ff02::179,N/A,N/A,N/A,N/A,N/A,N/A,,,0
1759293775,any,112,N/A,IPv6,ICMP,N/A,v6,fe80::a824:52ff:fe4f:69,ff02::179,N/A,N/A,N/A,N/A,N/A,N/A,,,0
1759293775,eth0,107,Ethernet,N/A,N/A,N/A,N/A,N/A,N/A,N/A,N/A,N/A,N/A,N/A,N/A,,,0
1759293775,eth0,70,Ethernet,IPv6,ICMP,N/A,v6,fe80::5ca9:83ff:fe87:27,ff02::204,N/A,N/A,N/A,N/A,N/A,N/A,,,0
1759293775,any,72,N/A,IPv6,ICMP,N/A,v6,fe80::a824:52ff:fe4f:69,ff02::204,N/A,N/A,N/A,N/A,N/A,N/A,,,0
1759293775,eth1,70,Ethernet,IPv6,ICMP,N/A,v6,fe80::a824:52ff:fe4f:69,ff02::204,N/A,N/A,N/A,N/A,N/A,N/A,,,0
1759293776,eth0,107,Ethernet,N/A,N/A,N/A,N/A,N/A,N/A,N/A,N/A,N/A,N/A,N/A,N/A,,,0
1759293776,any,109,N/A,N/A,N/A,N/A,N/A,N/A,N/A,N/A,N/A,N/A,N/A,N/A,N/A,,,0
1759293777,eth0,107,Ethernet,N/A,N/A,N/A,N/A,N/A,N/A,N/A,N/A,N/A,N/A,N/A,N/A,,,0
1759293777,any,109,N/A,N/A,N/A,N/A,N/A,N/A,N/A,N/A,N/A,N/A,N/A,N/A,N/A,,,0
1759293778,eth0,90,Ethernet,IPv6,ICMP,N/A,v6,fe80::5ca9:83ff:fe87:27,ff02::179,N/A,N/A,N/A,N/A,N/A,N/A,,,0
1759293778,eth0,54,Ethernet,IPv4,N/A,N/A,v4,172.30.0.220,224.0.0.22,N/A,N/A,N/A,N/A,N/A,N/A,,,0
1759293778,any,92,N/A,IPv6,ICMP,N/A,v6,fe80::5ca9:83ff:fe87:27,ff02::179,N/A,N/A,N/A,N/A,N/A,N/A,,,0
1759293778,eth0,67,Ethernet,IPv4,UDP,N/A,v4,172.30.0.220,224.0.0.252,5355,5355,N/A,N/A,N/A,N/A,,,0
1759293778,eth0,87,Ethernet,IPv6,UDP,N/A,v6,fe80::5ca9:83ff:fe87:27,ff02::1:52,5355,5355,N/A,N/A,N/A,N/A,,,0
1759293778,any,69,N/A,IPv4,UDP,N/A,v4,172.30.0.220,224.0.0.252,5355,5355,N/A,N/A,N/A,N/A,,,0
1759293778,eth0,356,Ethernet,IPv4,UDP,N/A,v4,0.0.0.0,255.255.255.255,68,67,N/A,N/A,N/A,N/A,,,0
1759293778,any,358,N/A,IPv4,UDP,N/A,v4,0.0.0.0,255.255.255.255,68,67,N/A,N/A,N/A,N/A,,,0
1759293778,eth0,368,Ethernet,IPv4,UDP,N/A,v4,0.0.0.0,255.255.255.255,68,67,N/A,N/A,N/A,N/A,,,0
1759293778,any,370,N/A,IPv4,UDP,N/A,v4,0.0.0.0,255.255.255.255,68,67,N/A,N/A,N/A,N/A,,,0
1759293778,eth1,110,Ethernet,IPv6,ICMP,N/A,v6,fe80::a824:52ff:fe4f:69,ff02::179,N/A,N/A,N/A,N/A,N/A,N/A,,,0
1759293778,any,112,N/A,IPv6,ICMP,N/A,v6,fe80::a824:52ff:fe4f:69,ff02::179,N/A,N/A,N/A,N/A,N/A,N/A,,,0
1759293778,eth0,110,Ethernet,IPv6,ICMP,N/A,v6,fe80::5ca9:83ff:fe87:27,ff02::179,N/A,N/A,N/A,N/A,N/A,N/A,,,0
1759293778,eth0,54,Ethernet,IPv4,N/A,N/A,v4,172.30.0.220,224.0.0.22,N/A,N/A,N/A,N/A,N/A,N/A,,,0
1759293778,any,112,N/A,IPv6,ICMP,N/A,v6,fe80::5ca9:83ff:fe87:27,ff02::179,N/A,N/A,N/A,N/A,N/A,N/A,,,0
1759293778,eth0,42,Ethernet,N/A,N/A,N/A,N/A,N/A,N/A,N/A,N/A,N/A,N/A,N/A,N/A,,,0
1759293778,any,44,ARP,N/A,N/A,N/A,N/A,N/A,N/A,N/A,N/A,1,2048,172.30.0.220,172.30.0.122,,,0
1759293778,eth0,56,Ethernet,N/A,N/A,N/A,N/A,N/A,N/A,N/A,N/A,N/A,N/A,N/A,N/A,,,0
1759293778,eth0,56,Ethernet,N/A,N/A,N/A,N/A,N/A,N/A,N/A,N/A,N/A,N/A,N/A,N/A,,,0
1759293778,any,58,ARP,N/A,N/A,N/A,N/A,N/A,N/A,N/A,N/A,2,2048,172.30.0.122,172.30.0.220,,,0
1759293778,any,58,ARP,N/A,N/A,N/A,N/A,N/A,N/A,N/A,N/A,2,2048,172.30.0.122,172.30.0.220,,,0
1759293779,eth1,110,Ethernet,IPv6,ICMP,N/A,v6,fe80::a824:52ff:fe4f:69,ff02::179,N/A,N/A,N/A,N/A,N/A,N/A,,,0
1759293779,any,112,N/A,IPv6,ICMP,N/A,v6,fe80::a824:52ff:fe4f:69,ff02::179,N/A,N/A,N/A,N/A,N/A,N/A,,,0
1759293779,eth0,110,Ethernet,IPv6,ICMP,N/A,v6,fe80::5ca9:83ff:fe87:27,ff02::179,N/A,N/A,N/A,N/A,N/A,N/A,,,0
1759293779,any,112,N/A,IPv6,ICMP,N/A,v6,fe80::5ca9:83ff:fe87:27,ff02::179,N/A,N/A,N/A,N/A,N/A,N/A,,,0
1759293779,eth0,107,Ethernet,N/A,N/A,N/A,N/A,N/A,N/A,N/A,N/A,N/A,N/A,N/A,N/A,,,0
1759293779,eth0,70,Ethernet,IPv6,ICMP,N/A,v6,fe80::5ca9:83ff:fe87:27,ff02::204,N/A,N/A,N/A,N/A,N/A,N/A,,,0
1759293779,any,72,N/A,IPv6,ICMP,N/A,v6,fe80::a824:52ff:fe4f:69,ff02::204,N/A,N/A,N/A,N/A,N/A,N/A,,,0
1759293779,eth1,70,Ethernet,IPv6,ICMP,N/A,v6,fe80::a824:52ff:fe4f:69,ff02::204,N/A,N/A,N/A,N/A,N/A,N/A,,,0
1759293779,eth0,54,Ethernet,IPv4,N/A,N/A,v4,172.30.0.220,224.0.0.22,N/A,N/A,N/A,N/A,N/A,N/A,,,0
1759293779,any,56,N/A,IPv4,N/A,N/A,v4,172.30.0.220,224.0.0.22,N/A,N/A,N/A,N/A,N/A,N/A,,,0
1759293780,eth0,107,Ethernet,N/A,N/A,N/A,N/A,N/A,N/A,N/A,N/A,N/A,N/A,N/A,N/A,,,0
1759293780,any,109,N/A,N/A,N/A,N/A,N/A,N/A,N/A,N/A,N/A,N/A,N/A,N/A,N/A,,,0
1759293781,eth0,107,Ethernet,N/A,N/A,N/A,N/A,N/A,N/A,N/A,N/A,N/A,N/A,N/A,N/A,,,0
1759293781,any,109,N/A,N/A,N/A,N/A,N/A,N/A,N/A,N/A,N/A,N/A,N/A,N/A,N/A,,,0
1759293783,eth0,107,Ethernet,N/A,N/A,N/A,N/A,N/A,N/A,N/A,N/A,N/A,N/A,N/A,N/A,,,0
1759293783,any,109,N/A,N/A,N/A,N/A,N/A,N/A,N/A,N/A,N/A,N/A,N/A,N/A,N/A,,,0
1759293783,eth0,70,Ethernet,IPv6,ICMP,N/A,v6,fe80::5ca9:83ff:fe87:27,ff02::204,N/A,N/A,N/A,N/A,N/A,N/A,,,0
1759293783,any,72,N/A,IPv6,ICMP,N/A,v6,fe80::5ca9:83ff:fe87:27,ff02::204,N/A,N/A,N/A,N/A,N/A,N/A,,,0
1759293783,eth1,70,Ethernet,IPv6,ICMP,N/A,v6,fe80::a824:52ff:fe4f:69,ff02::204,N/A,N/A,N/A,N/A,N/A,N/A,,,0
1759293783,any,72,N/A,IPv6,ICMP,N/A,v6,fe80::a824:52ff:fe4f:69,ff02::204,N/A,N/A,N/A,N/A,N/A,N/A,,,0
1759293783,eth0,90,Ethernet,IPv6,ICMP,N/A,v6,fe80::5ca9:83ff:fe87:27,ff02::179,N/A,N/A,N/A,N/A,N/A,N/A,,,0
1759293783,eth0,54,Ethernet,IPv4,N/A,N/A,v4,172.30.0.220,224.0.0.22,N/A,N/A,N/A,N/A,N/A,N/A,,,0
1759293783,any,92,N/A,IPv6,ICMP,N/A,v6,fe80::5ca9:83ff:fe87:27,ff02::179,N/A,N/A,N/A,N/A,N/A,N/A,,,0
1759293783,eth0,67,Ethernet,IPv4,UDP,N/A,v4,172.30.0.220,224.0.0.252,5355,5355,N/A,N/A,N/A,N/A,,,0
1759293783,eth0,87,Ethernet,IPv6,UDP,N/A,v6,fe80::5ca9:83ff:fe87:27,ff02::1:52,5355,5355,N/A,N/A,N/A,N/A,,,0
1759293783,any,69,N/A,IPv4,UDP,N/A,v4,172.30.0.220,224.0.0.252,5355,5355,N/A,N/A,N/A,N/A,,,0
1759293783,eth0,356,Ethernet,IPv4,UDP,N/A,v4,0.0.0.0,255.255.255.255,68,67,N/A,N/A,N/A,N/A,,,0
1759293783,any,358,N/A,IPv4,UDP,N/A,v4,0.0.0.0,255.255.255.255,68,67,N/A,N/A,N/A,N/A,,,0
1759293783,eth1,110,Ethernet,IPv6,ICMP,N/A,v6,fe80::a824:52ff:fe4f:69,ff02::179,N/A,N/A,N/A,N/A,N/A,N/A,,,0
1759293784,eth0,368,Ethernet,IPv4,UDP,N/A,v4,0.0.0.0,255.255.255.255,68,67,N/A,N/A,N/A,N/A,,,0
1759293784,eth0,54,Ethernet,IPv4,N/A,N/A,v4,172.30.0.220,224.0.0.22,N/A,N/A,N/A,N/A,N/A,N/A,,,0
1759293784,eth0,110,Ethernet,IPv6,ICMP,N/A,v6,fe80::5ca9:83ff:fe87:27,ff02::179,N/A,N/A,N/A,N/A,N/A,N/A,,,0
1759293784,eth0,42,Ethernet,N/A,N/A,N/A,N/A,N/A,N/A,N/A,N/A,N/A,N/A,N/A,N/A,,,0
1759293784,eth0,56,Ethernet,N/A,N/A,N/A,N/A,N/A,N/A,N/A,N/A,N/A,N/A,N/A,N/A,,,0
1759293784,eth0,56,Ethernet,N/A,N/A,N/A,N/A,N/A,N/A,N/A,N/A,N/A,N/A,N/A,N/A,,,0
1759293784,eth0,110,Ethernet,IPv6,ICMP,N/A,v6,fe80::5ca9:83ff:fe87:27,ff02::179,N/A,N/A,N/A,N/A,N/A,N/A,,,0
1759293784,any,370,N/A,IPv4,UDP,N/A,v4,0.0.0.0,255.255.255.255,68,67,N/A,N/A,N/A,N/A,,,0
1759293784,any,112,N/A,IPv6,ICMP,N/A,v6,fe80::a824:52ff:fe4f:69,ff02::179,N/A,N/A,N/A,N/A,N/A,N/A,,,0
1759293784,any,56,N/A,IPv4,N/A,N/A,v4,172.30.0.220,224.0.0.22,N/A,N/A,N/A,N/A,N/A,N/A,,,0
1759293784,any,112,N/A,IPv6,ICMP,N/A,v6,fe80::5ca9:83ff:fe87:27,ff02::179,N/A,N/A,N/A,N/A,N/A,N/A,,,0
1759293784,any,44,ARP,N/A,N/A,N/A,N/A,N/A,N/A,N/A,N/A,1,2048,172.30.0.220,172.30.0.122,,,0
1759293784,any,58,ARP,N/A,N/A,N/A,N/A,N/A,N/A,N/A,N/A,2,2048,172.30.0.122,172.30.0.220,,,0
1759293784,any,112,N/A,IPv6,ICMP,N/A,v6,fe80::5ca9:83ff:fe87:27,ff02::179,N/A,N/A,N/A,N/A,N/A,N/A,,,0
1759293784,eth0,54,Ethernet,IPv4,N/A,N/A,v4,172.30.0.220,224.0.0.22,N/A,N/A,N/A,N/A,N/A,N/A,,,0
1759293784,any,56,N/A,IPv4,N/A,N/A,v4,172.30.0.220,224.0.0.22,N/A,N/A,N/A,N/A,N/A,N/A,,,0
1759293784,eth0,70,Ethernet,IPv6,ICMP,N/A,v6,fe80::5ca9:83ff:fe87:27,ff02::204,N/A,N/A,N/A,N/A,N/A,N/A,,,0
1759293784,any,72,N/A,IPv6,ICMP,N/A,v6,fe80::a824:52ff:fe4f:69,ff02::204,N/A,N/A,N/A,N/A,N/A,N/A,,,0
1759293784,eth1,70,Ethernet,IPv6,ICMP,N/A,v6,fe80::a824:52ff:fe4f:69,ff02::204,N/A,N/A,N/A,N/A,N/A,N/A,,,0
1759293784,eth1,110,Ethernet,IPv6,ICMP,N/A,v6,fe80::a824:52ff:fe4f:69,ff02::179,N/A,N/A,N/A,N/A,N/A,N/A,,,0
1759293784,any,112,N/A,IPv6,ICMP,N/A,v6,fe80::a824:52ff:fe4f:69,ff02::179,N/A,N/A,N/A,N/A,N/A,N/A,,,0
1759293785,eth0,107,Ethernet,N/A,N/A,N/A,N/A,N/A,N/A,N/A,N/A,N/A,N/A,N/A,N/A,,,0
1759293785,any,109,N/A,N/A,N/A,N/A,N/A,N/A,N/A,N/A,N/A,N/A,N/A,N/A,N/A,,,0
1759293786,eth0,107,Ethernet,N/A,N/A,N/A,N/A,N/A,N/A,N/A,N/A,N/A,N/A,N/A,N/A,,,0
1759293786,any,109,N/A,N/A,N/A,N/A,N/A,N/A,N/A,N/A,N/A,N/A,N/A,N/A,N/A,,,0
1759293787,eth0,107,Ethernet,N/A,N/A,N/A,N/A,N/A,N/A,N/A,N/A,N/A,N/A,N/A,N/A,,,0
1759293787,any,109,N/A,N/A,N/A,N/A,N/A,N/A,N/A,N/A,N/A,N/A,N/A,N/A,N/A,,,0
1759293787,eth0,90,Ethernet,IPv6,ICMP,N/A,v6,fe80::5ca9:83ff:fe87:27,ff02::179,N/A,N/A,N/A,N/A,N/A,N/A,,,0
1759293787,eth0,54,Ethernet,IPv4,N/A,N/A,v4,172.30.0.220,224.0.0.22,N/A,N/A,N/A,N/A,N/A,N/A,,,0
1759293787,any,92,N/A,IPv6,ICMP,N/A,v6,fe80::5ca9:83ff:fe87:27,ff02::179,N/A,N/A,N/A,N/A,N/A,N/A,,,0
1759293787,eth0,87,Ethernet,IPv6,UDP,N/A,v6,fe80::5ca9:83ff:fe87:27,ff02::1:52,5355,5355,N/A,N/A,N/A,N/A,,,0
1759293787,eth0,67,Ethernet,IPv4,UDP,N/A,v4,172.30.0.220,224.0.0.252,5355,5355,N/A,N/A,N/A,N/A,,,0
1759293787,any,89,N/A,IPv6,UDP,N/A,v6,fe80::5ca9:83ff:fe87:27,ff02::1:52,5355,5355,N/A,N/A,N/A,N/A,,,0
1759293788,eth0,356,Ethernet,IPv4,UDP,N/A,v4,0.0.0.0,255.255.255.255,68,67,N/A,N/A,N/A,N/A,,,0
1759293788,any,358,N/A,IPv4,UDP,N/A,v4,0.0.0.0,255.255.255.255,68,67,N/A,N/A,N/A,N/A,,,0
1759293788,eth0,368,Ethernet,IPv4,UDP,N/A,v4,0.0.0.0,255.255.255.255,68,67,N/A,N/A,N/A,N/A,,,0
1759293788,any,370,N/A,IPv4,UDP,N/A,v4,0.0.0.0,255.255.255.255,68,67,N/A,N/A,N/A,N/A,,,0
1759293788,eth1,110,Ethernet,IPv6,ICMP,N/A,v6,fe80::a824:52ff:fe4f:69,ff02::179,N/A,N/A,N/A,N/A,N/A,N/A,,,0
1759293788,any,56,N/A,IPv4,N/A,N/A,v4,172.30.0.220,224.0.0.22,N/A,N/A,N/A,N/A,N/A,N/A,,,0
1759293788,eth0,54,Ethernet,IPv4,N/A,N/A,v4,172.30.0.220,224.0.0.22,N/A,N/A,N/A,N/A,N/A,N/A,,,0
1759293788,eth0,110,Ethernet,IPv6,ICMP,N/A,v6,fe80::5ca9:83ff:fe87:27,ff02::179,N/A,N/A,N/A,N/A,N/A,N/A,,,0
1759293788,any,112,N/A,IPv6,ICMP,N/A,v6,fe80::5ca9:83ff:fe87:27,ff02::179,N/A,N/A,N/A,N/A,N/A,N/A,,,0
1759293788,eth0,110,Ethernet,IPv6,ICMP,N/A,v6,fe80::5ca9:83ff:fe87:27,ff02::179,N/A,N/A,N/A,N/A,N/A,N/A,,,0
1759293788,any,112,N/A,IPv6,ICMP,N/A,v6,fe80::5ca9:83ff:fe87:27,ff02::179,N/A,N/A,N/A,N/A,N/A,N/A,,,0
1759293788,eth0,54,Ethernet,IPv4,N/A,N/A,v4,172.30.0.220,224.0.0.22,N/A,N/A,N/A,N/A,N/A,N/A,,,0
1759293788,any,56,N/A,IPv4,N/A,N/A,v4,172.30.0.220,224.0.0.22,N/A,N/A,N/A,N/A,N/A,N/A,,,0
1759293788,eth1,110,Ethernet,IPv6,ICMP,N/A,v6,fe80::a824:52ff:fe4f:69,ff02::179,N/A,N/A,N/A,N/A,N/A,N/A,,,0
1759293788,any,112,N/A,IPv6,ICMP,N/A,v6,fe80::a824:52ff:fe4f:69,ff02::179,N/A,N/A,N/A,N/A,N/A,N/A,,,0
1759293788,any,44,ARP,N/A,N/A,N/A,N/A,N/A,N/A,N/A,N/A,1,2048,172.30.0.220,172.30.0.122,,,0
1759293788,any,58,ARP,N/A,N/A,N/A,N/A,N/A,N/A,N/A,N/A,2,2048,172.30.0.122,172.30.0.220,,,0
1759293788,any,72,N/A,IPv6,ICMP,N/A,v6,fe80::5ca9:83ff:fe87:27,ff02::204,N/A,N/A,N/A,N/A,N/A,N/A,,,0
1759293788,eth0,42,Ethernet,N/A,N/A,N/A,N/A,N/A,N/A,N/A,N/A,N/A,N/A,N/A,N/A,,,0
1759293788,eth0,56,Ethernet,N/A,N/A,N/A,N/A,N/A,N/A,N/A,N/A,N/A,N/A,N/A,N/A,,,0
1759293788,eth0,56,Ethernet,N/A,N/A,N/A,N/A,N/A,N/A,N/A,N/A,N/A,N/A,N/A,N/A,,,0
1759293788,eth0,70,Ethernet,IPv6,ICMP,N/A,v6,fe80::5ca9:83ff:fe87:27,ff02::204,N/A,N/A,N/A,N/A,N/A,N/A,,,0
1759293788,eth1,70,Ethernet,IPv6,ICMP,N/A,v6,fe80::a824:52ff:fe4f:69,ff02::204,N/A,N/A,N/A,N/A,N/A,N/A,,,0
1759293789,eth0,107,Ethernet,N/A,N/A,N/A,N/A,N/A,N/A,N/A,N/A,N/A,N/A,N/A,N/A,,,0
1759293789,any,109,N/A,N/A,N/A,N/A,N/A,N/A,N/A,N/A,N/A,N/A,N/A,N/A,N/A,,,0
1759293790,eth0,107,Ethernet,N/A,N/A,N/A,N/A,N/A,N/A,N/A,N/A,N/A,N/A,N/A,N/A,,,0
1759293790,any,109,N/A,N/A,N/A,N/A,N/A,N/A,N/A,N/A,N/A,N/A,N/A,N/A,N/A,,,0
1759293791,eth0,107,Ethernet,N/A,N/A,N/A,N/A,N/A,N/A,N/A,N/A,N/A,N/A,N/A,N/A,,,0
1759293791,any,109,N/A,N/A,N/A,N/A,N/A,N/A,N/A,N/A,N/A,N/A,N/A,N/A,N/A,,,0
1759293792,eth1,70,Ethernet,IPv6,ICMP,N/A,v6,fe80::a824:52ff:fe4f:69,ff02::204,N/A,N/A,N/A,N/A,N/A,N/A,,,0
1759293792,any,72,N/A,IPv6,ICMP,N/A,v6,fe80::a824:52ff:fe4f:69,ff02::204,N/A,N/A,N/A,N/A,N/A,N/A,,,0
1759293792,eth0,107,Ethernet,N/A,N/A,N/A,N/A,N/A,N/A,N/A,N/A,N/A,N/A,N/A,N/A,,,0
1759293792,any,109,N/A,N/A,N/A,N/A,N/A,N/A,N/A,N/A,N/A,N/A,N/A,N/A,N/A,,,0
1759293792,eth0,70,Ethernet,IPv6,ICMP,N/A,v6,fe80::5ca9:83ff:fe87:27,ff02::204,N/A,N/A,N/A,N/A,N/A,N/A,,,0
1759293792,any,72,N/A,IPv6,ICMP,N/A,v6,fe80::5ca9:83ff:fe87:27,ff02::204,N/A,N/A,N/A,N/A,N/A,N/A,,,0
1759293793,eth0,90,Ethernet,IPv6,ICMP,N/A,v6,fe80::5ca9:83ff:fe87:27,ff02::179,N/A,N/A,N/A,N/A,N/A,N/A,,,0
1759293793,eth0,54,Ethernet,IPv4,N/A,N/A,v4,172.30.0.220,224.0.0.22,N/A,N/A,N/A,N/A,N/A,N/A,,,0
1759293793,any,92,N/A,IPv6,ICMP,N/A,v6,fe80::5ca9:83ff:fe87:27,ff02::179,N/A,N/A,N/A,N/A,N/A,N/A,,,0
1759293793,eth0,67,Ethernet,IPv4,UDP,N/A,v4,172.30.0.220,224.0.0.252,5355,5355,N/A,N/A,N/A,N/A,,,0
1759293793,any,69,N/A,IPv4,UDP,N/A,v4,172.30.0.220,224.0.0.252,5355,5355,N/A,N/A,N/A,N/A,,,0
1759293793,eth1,110,Ethernet,IPv6,ICMP,N/A,v6,fe80::a824:52ff:fe4f:69,ff02::179,N/A,N/A,N/A,N/A,N/A,N/A,,,0
1759293793,any,112,N/A,IPv6,ICMP,N/A,v6,fe80::5ca9:83ff:fe87:27,ff02::179,N/A,N/A,N/A,N/A,N/A,N/A,,,0
1759293793,eth0,110,Ethernet,IPv6,ICMP,N/A,v6,fe80::5ca9:83ff:fe87:27,ff02::179,N/A,N/A,N/A,N/A,N/A,N/A,,,0
1759293793,eth0,356,Ethernet,IPv4,UDP,N/A,v4,0.0.0.0,255.255.255.255,68,67,N/A,N/A,N/A,N/A,,,0
1759293793,any,358,N/A,IPv4,UDP,N/A,v4,0.0.0.0,255.255.255.255,68,67,N/A,N/A,N/A,N/A,,,0
1759293793,eth0,368,Ethernet,IPv4,UDP,N/A,v4,0.0.0.0,255.255.255.255,68,67,N/A,N/A,N/A,N/A,,,0
1759293793,any,370,N/A,IPv4,UDP,N/A,v4,0.0.0.0,255.255.255.255,68,67,N/A,N/A,N/A,N/A,,,0
1759293793,any,56,N/A,IPv4,N/A,N/A,v4,0.0.0.0,224.0.0.22,N/A,N/A,N/A,N/A,N/A,N/A,,,0
1759293793,eth0,54,Ethernet,IPv4,N/A,N/A,v4,0.0.0.0,224.0.0.22,N/A,N/A,N/A,N/A,N/A,N/A,,,0
1759293793,eth0,110,Ethernet,IPv6,ICMP,N/A,v6,fe80::5ca9:83ff:fe87:27,ff02::179,N/A,N/A,N/A,N/A,N/A,N/A,,,0
1759293793,any,112,N/A,IPv6,ICMP,N/A,v6,fe80::5ca9:83ff:fe87:27,ff02::179,N/A,N/A,N/A,N/A,N/A,N/A,,,0
1759293793,eth0,42,Ethernet,N/A,N/A,N/A,N/A,N/A,N/A,N/A,N/A,N/A,N/A,N/A,N/A,,,0
1759293793,eth0,56,Ethernet,N/A,N/A,N/A,N/A,N/A,N/A,N/A,N/A,N/A,N/A,N/A,N/A,,,0
1759293793,eth0,56,Ethernet,N/A,N/A,N/A,N/A,N/A,N/A,N/A,N/A,N/A,N/A,N/A,N/A,,,0
1759293793,any,44,ARP,N/A,N/A,N/A,N/A,N/A,N/A,N/A,N/A,1,2048,172.30.0.220,172.30.0.122,,,0
1759293793,any,58,ARP,N/A,N/A,N/A,N/A,N/A,N/A,N/A,N/A,2,2048,172.30.0.122,172.30.0.220,,,0
1759293793,eth0,54,Ethernet,IPv4,N/A,N/A,v4,172.30.0.220,224.0.0.22,N/A,N/A,N/A,N/A,N/A,N/A,,,0
1759293793,any,56,N/A,IPv4,N/A,N/A,v4,172.30.0.220,224.0.0.22,N/A,N/A,N/A,N/A,N/A,N/A,,,0
1759293793,eth1,110,Ethernet,IPv6,ICMP,N/A,v6,fe80::a824:52ff:fe4f:69,ff02::179,N/A,N/A,N/A,N/A,N/A,N/A,,,0
1759293793,any,112,N/A,IPv6,ICMP,N/A,v6,fe80::a824:52ff:fe4f:69,ff02::179,N/A,N/A,N/A,N/A,N/A,N/A,,,0
1759293794,eth0,107,Ethernet,N/A,N/A,N/A,N/A,N/A,N/A,N/A,N/A,N/A,N/A,N/A,N/A,,,0
1759293794,eth0,70,Ethernet,IPv6,ICMP,N/A,v6,fe80::5ca9:83ff:fe87:27,ff02::204,N/A,N/A,N/A,N/A,N/A,N/A,,,0
1759293794,any,72,N/A,IPv6,ICMP,N/A,v6,fe80::a824:52ff:fe4f:69,ff02::204,N/A,N/A,N/A,N/A,N/A,N/A,,,0
1759293794,eth1,70,Ethernet,IPv6,ICMP,N/A,v6,fe80::a824:52ff:fe4f:69,ff02::204,N/A,N/A,N/A,N/A,N/A,N/A,,,0
1759293794,eth0,90,Ethernet,IPv6,ICMP,N/A,v6,fe80::5ca9:83ff:fe87:27,ff02::179,N/A,N/A,N/A,N/A,N/A,N/A,,,0
1759293794,any,92,N/A,IPv6,ICMP,N/A,v6,fe80::5ca9:83ff:fe87:27,ff02::179,N/A,N/A,N/A,N/A,N/A,N/A,,,0
1759293795,eth0,107,Ethernet,N/A,N/A,N/A,N/A,N/A,N/A,N/A,N/A,N/A,N/A,N/A,N/A,,,0
1759293795,any,109,N/A,N/A,N/A,N/A,N/A,N/A,N/A,N/A,N/A,N/A,N/A,N/A,N/A,,,0
1759293796,eth0,107,Ethernet,N/A,N/A,N/A,N/A,N/A,N/A,N/A,N/A,N/A,N/A,N/A,N/A,,,0
1759293796,any,109,N/A,N/A,N/A,N/A,N/A,N/A,N/A,N/A,N/A,N/A,N/A,N/A,N/A,,,0
1759293797,eth0,90,Ethernet,IPv6,ICMP,N/A,v6,fe80::5ca9:83ff:fe87:27,ff02::179,N/A,N/A,N/A,N/A,N/A,N/A,,,0
1759293797,eth0,54,Ethernet,IPv4,N/A,N/A,v4,172.30.0.220,224.0.0.22,N/A,N/A,N/A,N/A,N/A,N/A,,,0
1759293797,any,92,N/A,IPv6,ICMP,N/A,v6,fe80::5ca9:83ff:fe87:27,ff02::179,N/A,N/A,N/A,N/A,N/A,N/A,,,0
1759293797,eth0,54,Ethernet,IPv4,N/A,N/A,v4,172.30.0.220,224.0.0.22,N/A,N/A,N/A,N/A,N/A,N/A,,,0
1759293797,any,56,N/A,IPv4,N/A,N/A,v4,172.30.0.220,224.0.0.22,N/A,N/A,N/A,N/A,N/A,N/A,,,0
1759293797,eth0,67,Ethernet,IPv4,UDP,N/A,v4,172.30.0.220,224.0.0.252,5355,5355,N/A,N/A,N/A,N/A,,,0
1759293797,eth0,87,Ethernet,IPv6,UDP,N/A,v6,fe80::5ca9:83ff:fe87:27,ff02::1:52,5355,5355,N/A,N/A,N/A,N/A,,,0
1759293797,any,69,N/A,IPv4,UDP,N/A,v4,172.30.0.220,224.0.0.252,5355,5355,N/A,N/A,N/A,N/A,,,0
1759293797,eth0,356,Ethernet,IPv4,UDP,N/A,v4,0.0.0.0,255.255.255.255,68,67,N/A,N/A,N/A,N/A,,,0
1759293797,any,358,N/A,IPv4,UDP,N/A,v4,0.0.0.0,255.255.255.255,68,67,N/A,N/A,N/A,N/A,,,0
1759293797,eth0,368,Ethernet,IPv4,UDP,N/A,v4,0.0.0.0,255.255.255.255,68,67,N/A,N/A,N/A,N/A,,,0
1759293797,any,370,N/A,IPv4,UDP,N/A,v4,0.0.0.0,255.255.255.255,68,67,N/A,N/A,N/A,N/A,,,0
1759293797,eth1,110,Ethernet,IPv6,ICMP,N/A,v6,fe80::a824:52ff:fe4f:69,ff02::179,N/A,N/A,N/A,N/A,N/A,N/A,,,0
1759293797,any,112,N/A,IPv6,ICMP,N/A,v6,fe80::a824:52ff:fe4f:69,ff02::179,N/A,N/A,N/A,N/A,N/A,N/A,,,0
1759293797,eth0,110,Ethernet,IPv6,ICMP,N/A,v6,fe80::5ca9:83ff:fe87:27,ff02::179,N/A,N/A,N/A,N/A,N/A,N/A,,,0
1759293797,eth0,54,Ethernet,IPv4,N/A,N/A,v4,172.30.0.220,224.0.0.22,N/A,N/A,N/A,N/A,N/A,N/A,,,0
1759293797,any,112,N/A,IPv6,ICMP,N/A,v6,fe80::5ca9:83ff:fe87:27,ff02::179,N/A,N/A,N/A,N/A,N/A,N/A,,,0
1759293797,eth0,110,Ethernet,IPv6,ICMP,N/A,v6,fe80::5ca9:83ff:fe87:27,ff02::179,N/A,N/A,N/A,N/A,N/A,N/A,,,0
1759293797,any,112,N/A,IPv6,ICMP,N/A,v6,fe80::5ca9:83ff:fe87:27,ff02::179,N/A,N/A,N/A,N/A,N/A,N/A,,,0
1759293797,eth1,110,Ethernet,IPv6,ICMP,N/A,v6,fe80::a824:52ff:fe4f:69,ff02::179,N/A,N/A,N/A,N/A,N/A,N/A,,,0
1759293797,eth1,70,Ethernet,IPv6,ICMP,N/A,v6,fe80::a824:52ff:fe4f:69,ff02::204,N/A,N/A,N/A,N/A,N/A,N/A,,,0
1759293797,any,112,N/A,IPv6,ICMP,N/A,v6,fe80::a824:52ff:fe4f:69,ff02::179,N/A,N/A,N/A,N/A,N/A,N/A,,,0
1759293797,any,44,ARP,N/A,N/A,N/A,N/A,N/A,N/A,N/A,N/A,1,2048,172.30.0.220,172.30.0.122,,,0
1759293797,any,58,ARP,N/A,N/A,N/A,N/A,N/A,N/A,N/A,N/A,2,2048,172.30.0.122,172.30.0.220,,,0
1759293797,any,72,N/A,IPv6,ICMP,N/A,v6,fe80::5ca9:83ff:fe87:27,ff02::204,N/A,N/A,N/A,N/A,N/A,N/A,,,0
1759293797,eth0,42,Ethernet,N/A,N/A,N/A,N/A,N/A,N/A,N/A,N/A,N/A,N/A,N/A,N/A,,,0
1759293797,eth0,56,Ethernet,N/A,N/A,N/A,N/A,N/A,N/A,N/A,N/A,N/A,N/A,N/A,N/A,,,0
1759293797,eth0,56,Ethernet,N/A,N/A,N/A,N/A,N/A,N/A,N/A,N/A,N/A,N/A,N/A,N/A,,,0
1759293797,eth0,70,Ethernet,IPv6,ICMP,N/A,v6,fe80::5ca9:83ff:fe87:27,ff02::204,N/A,N/A,N/A,N/A,N/A,N/A,,,0
1759293797,eth0,54,Ethernet,IPv4,N/A,N/A,v4,172.30.0.220,224.0.0.22,N/A,N/A,N/A,N/A,N/A,N/A,,,0
1759293797,any,56,N/A,IPv4,N/A,N/A,v4,172.30.0.220,224.0.0.22,N/A,N/A,N/A,N/A,N/A,N/A,,,0
1759293798,eth0,107,Ethernet,N/A,N/A,N/A,N/A,N/A,N/A,N/A,N/A,N/A,N/A,N/A,N/A,,,0
1759293798,any,109,N/A,N/A,N/A,N/A,N/A,N/A,N/A,N/A,N/A,N/A,N/A,N/A,N/A,,,0
1759293799,eth0,107,Ethernet,N/A,N/A,N/A,N/A,N/A,N/A,N/A,N/A,N/A,N/A,N/A,N/A,,,0
1759293799,any,109,N/A,N/A,N/A,N/A,N/A,N/A,N/A,N/A,N/A,N/A,N/A,N/A,N/A,,,0
1759293800,eth0,107,Ethernet,N/A,N/A,N/A,N/A,N/A,N/A,N/A,N/A,N/A,N/A,N/A,N/A,,,0
1759293800,any,109,N/A,N/A,N/A,N/A,N/A,N/A,N/A,N/A,N/A,N/A,N/A,N/A,N/A,,,0
1759293801,eth0,70,Ethernet,IPv6,ICMP,N/A,v6,fe80::5ca9:83ff:fe87:27,ff02::204,N/A,N/A,N/A,N/A,N/A,N/A,,,0
1759293801,any,72,N/A,IPv6,ICMP,N/A,v6,fe80::5ca9:83ff:fe87:27,ff02::204,N/A,N/A,N/A,N/A,N/A,N/A,,,0
1759293801,eth0,107,Ethernet,N/A,N/A,N/A,N/A,N/A,N/A,N/A,N/A,N/A,N/A,N/A,N/A,,,0
1759293801,any,109,N/A,N/A,N/A,N/A,N/A,N/A,N/A,N/A,N/A,N/A,N/A,N/A,N/A,,,0
1759293802,eth1,70,Ethernet,IPv6,ICMP,N/A,v6,fe80::a824:52ff:fe4f:69,ff02::204,N/A,N/A,N/A,N/A,N/A,N/A,,,0
1759293802,any,72,N/A,IPv6,ICMP,N/A,v6,fe80::a824:52ff:fe4f:69,ff02::204,N/A,N/A,N/A,N/A,N/A,N/A,,,0
1759293802,eth0,90,Ethernet,IPv6,ICMP,N/A,v6,fe80::5ca9:83ff:fe87:27,ff02::179,N/A,N/A,N/A,N/A,N/A,N/A,,,0
1759293802,eth0,54,Ethernet,IPv4,N/A,N/A,v4,172.30.0.220,224.0.0.22,N/A,N/A,N/A,N/A,N/A,N/A,,,0
1759293802,any,92,N/A,IPv6,ICMP,N/A,v6,fe80::5ca9:83ff:fe87:27,ff02::179,N/A,N/A,N/A,N/A,N/A,N/A,,,0
1759293802,eth0,67,Ethernet,IPv4,UDP,N/A,v4,172.30.0.220,224.0.0.252,5355,5355,N/A,N/A,N/A,N/A,,,0
1759293802,any,69,N/A,IPv4,UDP,N/A,v4,172.30.0.220,224.0.0.252,5355,5355,N/A,N/A,N/A,N/A,,,0
1759293802,eth0,356,Ethernet,IPv4,UDP,N/A,v4,0.0.0.0,255.255.255.255,68,67,N/A,N/A,N/A,N/A,,,0
1759293802,any,358,N/A,IPv4,UDP,N/A,v4,0.0.0.0,255.255.255.255,68,67,N/A,N/A,N/A,N/A,,,0
1759293802,eth0,368,Ethernet,IPv4,UDP,N/A,v4,0.0.0.0,255.255.255.255,68,67,N/A,N/A,N/A,N/A,,,0
1759293802,any,370,N/A,IPv4,UDP,N/A,v4,0.0.0.0,255.255.255.255,68,67,N/A,N/A,N/A,N/A,,,0
1759293802,eth1,110,Ethernet,IPv6,ICMP,N/A,v6,fe80::a824:52ff:fe4f:69,ff02::179,N/A,N/A,N/A,N/A,N/A,N/A,,,0
1759293802,any,112,N/A,IPv6,ICMP,N/A,v6,fe80::a824:52ff:fe4f:69,ff02::179,N/A,N/A,N/A,N/A,N/A,N/A,,,0
1759293802,eth0,110,Ethernet,IPv6,ICMP,N/A,v6,fe80::5ca9:83ff:fe87:27,ff02::179,N/A,N/A,N/A,N/A,N/A,N/A,,,0
1759293802,eth0,54,Ethernet,IPv4,N/A,N/A,v4,172.30.0.220,224.0.0.22,N/A,N/A,N/A,N/A,N/A,N/A,,,0
1759293802,any,112,N/A,IPv6,ICMP,N/A,v6,fe80::5ca9:83ff:fe87:27,ff02::179,N/A,N/A,N/A,N/A,N/A,N/A,,,0
1759293802,eth0,42,Ethernet,N/A,N/A,N/A,N/A,N/A,N/A,N/A,N/A,N/A,N/A,N/A,N/A,,,0
1759293802,any,44,ARP,N/A,N/A,N/A,N/A,N/A,N/A,N/A,N/A,1,2048,172.30.0.220,172.30.0.122,,,0
1759293802,any,58,ARP,N/A,N/A,N/A,N/A,N/A,N/A,N/A,N/A,2,2048,172.30.0.122,172.30.0.220,,,0
1759293802,eth0,56,Ethernet,N/A,N/A,N/A,N/A,N/A,N/A,N/A,N/A,N/A,N/A,N/A,N/A,,,0
1759293802,eth0,56,Ethernet,N/A,N/A,N/A,N/A,N/A,N/A,N/A,N/A,N/A,N/A,N/A,N/A,,,0
1759293802,eth1,110,Ethernet,IPv6,ICMP,N/A,v6,fe80::a824:52ff:fe4f:69,ff02::179,N/A,N/A,N/A,N/A,N/A,N/A,,,0
1759293802,any,112,N/A,IPv6,ICMP,N/A,v6,fe80::a824:52ff:fe4f:69,ff02::179,N/A,N/A,N/A,N/A,N/A,N/A,,,0
1759293803,eth0,110,Ethernet,IPv6,ICMP,N/A,v6,fe80::5ca9:83ff:fe87:27,ff02::179,N/A,N/A,N/A,N/A,N/A,N/A,,,0
1759293803,any,112,N/A,IPv6,ICMP,N/A,v6,fe80::5ca9:83ff:fe87:27,ff02::179,N/A,N/A,N/A,N/A,N/A,N/A,,,0
1759293803,eth0,54,Ethernet,IPv4,N/A,N/A,v4,172.30.0.220,224.0.0.22,N/A,N/A,N/A,N/A,N/A,N/A,,,0
1759293803,any,56,N/A,IPv4,N/A,N/A,v4,172.30.0.220,224.0.0.22,N/A,N/A,N/A,N/A,N/A,N/A,,,0
1759293803,eth0,107,Ethernet,N/A,N/A,N/A,N/A,N/A,N/A,N/A,N/A,N/A,N/A,N/A,N/A,,,0
1759293803,eth0,70,Ethernet,IPv6,ICMP,N/A,v6,fe80::5ca9:83ff:fe87:27,ff02::204,N/A,N/A,N/A,N/A,N/A,N/A,,,0
1759293803,any,72,N/A,IPv6,ICMP,N/A,v6,fe80::a824:52ff:fe4f:69,ff02::204,N/A,N/A,N/A,N/A,N/A,N/A,,,0
1759293803,eth1,70,Ethernet,IPv6,ICMP,N/A,v6,fe80::a824:52ff:fe4f:69,ff02::204,N/A,N/A,N/A,N/A,N/A,N/A,,,0
1759293804,eth0,107,Ethernet,N/A,N/A,N/A,N/A,N/A,N/A,N/A,N/A,N/A,N/A,N/A,N/A,,,0
1759293804,any,109,N/A,N/A,N/A,N/A,N/A,N/A,N/A,N/A,N/A,N/A,N/A,N/A,N/A,,,0
1759293805,eth0,107,Ethernet,N/A,N/A,N/A,N/A,N/A,N/A,N/A,N/A,N/A,N/A,N/A,N/A,,,0
1759293805,any,109,N/A,N/A,N/A,N/A,N/A,N/A,N/A,N/A,N/A,N/A,N/A,N/A,N/A,,,0
1759293806,eth0,90,Ethernet,IPv6,ICMP,N/A,v6,fe80::5ca9:83ff:fe87:27,ff02::179,N/A,N/A,N/A,N/A,N/A,N/A,,,0
1759293806,eth0,54,Ethernet,IPv4,N/A,N/A,v4,172.30.0.220,224.0.0.22,N/A,N/A,N/A,N/A,N/A,N/A,,,0
1759293806,any,92,N/A,IPv6,ICMP,N/A,v6,fe80::5ca9:83ff:fe87:27,ff02::179,N/A,N/A,N/A,N/A,N/A,N/A,,,0
1759293806,eth0,67,Ethernet,IPv4,UDP,N/A,v4,172.30.0.220,224.0.0.252,5355,5355,N/A,N/A,N/A,N/A,,,0
1759293806,eth0,87,Ethernet,IPv6,UDP,N/A,v6,fe80::5ca9:83ff:fe87:27,ff02::1:52,5355,5355,N/A,N/A,N/A,N/A,,,0
1759293806,any,69,N/A,IPv4,UDP,N/A,v4,172.30.0.220,224.0.0.252,5355,5355,N/A,N/A,N/A,N/A,,,0
1759293806,eth0,356,Ethernet,IPv4,UDP,N/A,v4,0.0.0.0,255.255.255.255,68,67,N/A,N/A,N/A,N/A,,,0
1759293806,any,358,N/A,IPv4,UDP,N/A,v4,0.0.0.0,255.255.255.255,68,67,N/A,N/A,N/A,N/A,,,0
1759293806,eth0,368,Ethernet,IPv4,UDP,N/A,v4,0.0.0.0,255.255.255.255,68,67,N/A,N/A,N/A,N/A,,,0
1759293806,any,370,N/A,IPv4,UDP,N/A,v4,0.0.0.0,255.255.255.255,68,67,N/A,N/A,N/A,N/A,,,0
1759293806,eth1,110,Ethernet,IPv6,ICMP,N/A,v6,fe80::a824:52ff:fe4f:69,ff02::179,N/A,N/A,N/A,N/A,N/A,N/A,,,0
1759293806,any,56,N/A,IPv4,N/A,N/A,v4,172.30.0.220,224.0.0.22,N/A,N/A,N/A,N/A,N/A,N/A,,,0
1759293806,eth0,54,Ethernet,IPv4,N/A,N/A,v4,172.30.0.220,224.0.0.22,N/A,N/A,N/A,N/A,N/A,N/A,,,0
1759293806,eth0,110,Ethernet,IPv6,ICMP,N/A,v6,fe80::5ca9:83ff:fe87:27,ff02::179,N/A,N/A,N/A,N/A,N/A,N/A,,,0
1759293806,any,112,N/A,IPv6,ICMP,N/A,v6,fe80::5ca9:83ff:fe87:27,ff02::179,N/A,N/A,N/A,N/A,N/A,N/A,,,0
1759293806,eth0,110,Ethernet,IPv6,ICMP,N/A,v6,fe80::5ca9:83ff:fe87:27,ff02::179,N/A,N/A,N/A,N/A,N/A,N/A,,,0
1759293806,any,112,N/A,IPv6,ICMP,N/A,v6,fe80::5ca9:83ff:fe87:27,ff02::179,N/A,N/A,N/A,N/A,N/A,N/A,,,0
1759293806,eth1,110,Ethernet,IPv6,ICMP,N/A,v6,fe80::a824:52ff:fe4f:69,ff02::179,N/A,N/A,N/A,N/A,N/A,N/A,,,0
1759293806,any,112,N/A,IPv6,ICMP,N/A,v6,fe80::a824:52ff:fe4f:69,ff02::179,N/A,N/A,N/A,N/A,N/A,N/A,,,0
1759293806,any,44,ARP,N/A,N/A,N/A,N/A,N/A,N/A,N/A,N/A,1,2048,172.30.0.220,172.30.0.122,,,0
1759293806,any,58,ARP,N/A,N/A,N/A,N/A,N/A,N/A,N/A,N/A,2,2048,172.30.0.122,172.30.0.220,,,0
1759293806,eth0,42,Ethernet,N/A,N/A,N/A,N/A,N/A,N/A,N/A,N/A,N/A,N/A,N/A,N/A,,,0
1759293806,eth0,56,Ethernet,N/A,N/A,N/A,N/A,N/A,N/A,N/A,N/A,N/A,N/A,N/A,N/A,,,0
1759293806,eth0,56,Ethernet,N/A,N/A,N/A,N/A,N/A,N/A,N/A,N/A,N/A,N/A,N/A,N/A,,,0
1759293807,eth0,54,Ethernet,IPv4,N/A,N/A,v4,172.30.0.220,224.0.0.22,N/A,N/A,N/A,N/A,N/A,N/A,,,0
1759293807,any,56,N/A,IPv4,N/A,N/A,v4,172.30.0.220,224.0.0.22,N/A,N/A,N/A,N/A,N/A,N/A,,,0
1759293807,eth0,107,Ethernet,N/A,N/A,N/A,N/A,N/A,N/A,N/A,N/A,N/A,N/A,N/A,N/A,,,0
1759293807,eth0,70,Ethernet,IPv6,ICMP,N/A,v6,fe80::5ca9:83ff:fe87:27,ff02::204,N/A,N/A,N/A,N/A,N/A,N/A,,,0
1759293807,any,72,N/A,IPv6,ICMP,N/A,v6,fe80::a824:52ff:fe4f:69,ff02::204,N/A,N/A,N/A,N/A,N/A,N/A,,,0
1759293807,eth1,70,Ethernet,IPv6,ICMP,N/A,v6,fe80::a824:52ff:fe4f:69,ff02::204,N/A,N/A,N/A,N/A,N/A,N/A,,,0
1759293808,eth0,107,Ethernet,N/A,N/A,N/A,N/A,N/A,N/A,N/A,N/A,N/A,N/A,N/A,N/A,,,0
1759293808,any,109,N/A,N/A,N/A,N/A,N/A,N/A,N/A,N/A,N/A,N/A,N/A,N/A,N/A,,,0
1759293809,eth0,107,Ethernet,N/A,N/A,N/A,N/A,N/A,N/A,N/A,N/A,N/A,N/A,N/A,N/A,,,0
1759293810,eth0,107,Ethernet,N/A,N/A,N/A,N/A,N/A,N/A,N/A,N/A,N/A,N/A,N/A,N/A,,,0
1759293810,any,109,N/A,N/A,N/A,N/A,N/A,N/A,N/A,N/A,N/A,N/A,N/A,N/A,N/A,,,0
1759293811,eth1,70,Ethernet,IPv6,ICMP,N/A,v6,fe80::a824:52ff:fe4f:69,ff02::204,N/A,N/A,N/A,N/A,N/A,N/A,,,0
1759293811,any,72,N/A,IPv6,ICMP,N/A,v6,fe80::a824:52ff:fe4f:69,ff02::204,N/A,N/A,N/A,N/A,N/A,N/A,,,0
1759293811,eth0,70,Ethernet,IPv6,ICMP,N/A,v6,fe80::5ca9:83ff:fe87:27,ff02::204,N/A,N/A,N/A,N/A,N/A,N/A,,,0
1759293811,any,72,N/A,IPv6,ICMP,N/A,v6,fe80::5ca9:83ff:fe87:27,ff02::204,N/A,N/A,N/A,N/A,N/A,N/A,,,0
1759293811,eth0,90,Ethernet,IPv6,ICMP,N/A,v6,fe80::5ca9:83ff:fe87:27,ff02::179,N/A,N/A,N/A,N/A,N/A,N/A,,,0
1759293811,eth0,54,Ethernet,IPv4,N/A,N/A,v4,172.30.0.220,224.0.0.22,N/A,N/A,N/A,N/A,N/A,N/A,,,0
1759293811,any,92,N/A,IPv6,ICMP,N/A,v6,fe80::5ca9:83ff:fe87:27,ff02::179,N/A,N/A,N/A,N/A,N/A,N/A,,,0
1759293811,eth0,67,Ethernet,IPv4,UDP,N/A,v4,172.30.0.220,224.0.0.252,5355,5355,N/A,N/A,N/A,N/A,,,0
1759293811,any,69,N/A,IPv4,UDP,N/A,v4,172.30.0.220,224.0.0.252,5355,5355,N/A,N/A,N/A,N/A,,,0
1759293811,eth0,87,Ethernet,IPv6,UDP,N/A,v6,fe80::5ca9:83ff:fe87:27,ff02::1:52,5355,5355,N/A,N/A,N/A,N/A,,,0
1759293811,any,89,N/A,IPv6,UDP,N/A,v6,fe80::5ca9:83ff:fe87:27,ff02::1:52,5355,5355,N/A,N/A,N/A,N/A,,,0
1759293811,eth0,356,Ethernet,IPv4,UDP,N/A,v4,0.0.0.0,255.255.255.255,68,67,N/A,N/A,N/A,N/A,,,0
1759293811,any,358,N/A,IPv4,UDP,N/A,v4,0.0.0.0,255.255.255.255,68,67,N/A,N/A,N/A,N/A,,,0
1759293811,eth1,110,Ethernet,IPv6,ICMP,N/A,v6,fe80::a824:52ff:fe4f:69,ff02::179,N/A,N/A,N/A,N/A,N/A,N/A,,,0
1759293811,any,112,N/A,IPv6,ICMP,N/A,v6,fe80::5ca9:83ff:fe87:27,ff02::179,N/A,N/A,N/A,N/A,N/A,N/A,,,0
1759293811,eth0,110,Ethernet,IPv6,ICMP,N/A,v6,fe80::5ca9:83ff:fe87:27,ff02::179,N/A,N/A,N/A,N/A,N/A,N/A,,,0
1759293811,eth0,368,Ethernet,IPv4,UDP,N/A,v4,0.0.0.0,255.255.255.255,68,67,N/A,N/A,N/A,N/A,,,0
1759293811,any,370,N/A,IPv4,UDP,N/A,v4,0.0.0.0,255.255.255.255,68,67,N/A,N/A,N/A,N/A,,,0
1759293811,eth0,54,Ethernet,IPv4,N/A,N/A,v4,172.30.0.220,224.0.0.22,N/A,N/A,N/A,N/A,N/A,N/A,,,0
1759293811,any,56,N/A,IPv4,N/A,N/A,v4,172.30.0.220,224.0.0.22,N/A,N/A,N/A,N/A,N/A,N/A,,,0
1759293811,eth0,110,Ethernet,IPv6,ICMP,N/A,v6,fe80::5ca9:83ff:fe87:27,ff02::179,N/A,N/A,N/A,N/A,N/A,N/A,,,0
1759293811,any,112,N/A,IPv6,ICMP,N/A,v6,fe80::5ca9:83ff:fe87:27,ff02::179,N/A,N/A,N/A,N/A,N/A,N/A,,,0
1759293811,eth0,42,Ethernet,N/A,N/A,N/A,N/A,N/A,N/A,N/A,N/A,N/A,N/A,N/A,N/A,,,0
1759293811,any,44,ARP,N/A,N/A,N/A,N/A,N/A,N/A,N/A,N/A,1,2048,172.30.0.220,172.30.0.122,,,0
1759293811,eth0,56,Ethernet,N/A,N/A,N/A,N/A,N/A,N/A,N/A,N/A,N/A,N/A,N/A,N/A,,,0
1759293811,eth0,56,Ethernet,N/A,N/A,N/A,N/A,N/A,N/A,N/A,N/A,N/A,N/A,N/A,N/A,,,0
1759293811,any,58,ARP,N/A,N/A,N/A,N/A,N/A,N/A,N/A,N/A,2,2048,172.30.0.122,172.30.0.220,,,0
1759293811,any,58,ARP,N/A,N/A,N/A,N/A,N/A,N/A,N/A,N/A,2,2048,172.30.0.122,172.30.0.220,,,0
1759293812,eth0,90,Ethernet,IPv6,ICMP,N/A,v6,fe80::5ca9:83ff:fe87:27,ff02::179,N/A,N/A,N/A,N/A,N/A,N/A,,,0
1759293812,any,92,N/A,IPv6,ICMP,N/A,v6,fe80::5ca9:83ff:fe87:27,ff02::179,N/A,N/A,N/A,N/A,N/A,N/A,,,0
1759293812,eth0,54,Ethernet,IPv4,N/A,N/A,v4,172.30.0.220,224.0.0.22,N/A,N/A,N/A,N/A,N/A,N/A,,,0
1759293812,any,56,N/A,IPv4,N/A,N/A,v4,172.30.0.220,224.0.0.22,N/A,N/A,N/A,N/A,N/A,N/A,,,0
1759293812,eth1,110,Ethernet,IPv6,ICMP,N/A,v6,fe80::a824:52ff:fe4f:69,ff02::179,N/A,N/A,N/A,N/A,N/A,N/A,,,0
1759293812,any,112,N/A,IPv6,ICMP,N/A,v6,fe80::a824:52ff:fe4f:69,ff02::179,N/A,N/A,N/A,N/A,N/A,N/A,,,0
1759293812,eth0,70,Ethernet,IPv6,ICMP,N/A,v6,fe80::5ca9:83ff:fe87:27,ff02::204,N/A,N/A,N/A,N/A,N/A,N/A,,,0
1759293812,any,72,N/A,IPv6,ICMP,N/A,v6,fe80::a824:52ff:fe4f:69,ff02::204,N/A,N/A,N/A,N/A,N/A,N/A,,,0
1759293812,eth1,70,Ethernet,IPv6,ICMP,N/A,v6,fe80::a824:52ff:fe4f:69,ff02::204,N/A,N/A,N/A,N/A,N/A,N/A,,,0
1759293812,eth0,107,Ethernet,N/A,N/A,N/A,N/A,N/A,N/A,N/A,N/A,N/A,N/A,N/A,N/A,,,0
1759293812,any,109,N/A,N/A,N/A,N/A,N/A,N/A,N/A,N/A,N/A,N/A,N/A,N/A,N/A,,,0
1759293813,eth0,107,Ethernet,N/A,N/A,N/A,N/A,N/A,N/A,N/A,N/A,N/A,N/A,N/A,N/A,,,0
1759293813,any,109,N/A,N/A,N/A,N/A,N/A,N/A,N/A,N/A,N/A,N/A,N/A,N/A,N/A,,,0
1759293814,eth0,107,Ethernet,N/A,N/A,N/A,N/A,N/A,N/A,N/A,N/A,N/A,N/A,N/A,N/A,,,0
1759293814,any,109,N/A,N/A,N/A,N/A,N/A,N/A,N/A,N/A,N/A,N/A,N/A,N/A,N/A,,,0
1759293815,eth0,90,Ethernet,IPv6,ICMP,N/A,v6,fe80::5ca9:83ff:fe87:27,ff02::179,N/A,N/A,N/A,N/A,N/A,N/A,,,0
1759293815,eth0,54,Ethernet,IPv4,N/A,N/A,v4,172.30.0.220,224.0.0.22,N/A,N/A,N/A,N/A,N/A,N/A,,,0
1759293815,any,92,N/A,IPv6,ICMP,N/A,v6,fe80::5ca9:83ff:fe87:27,ff02::179,N/A,N/A,N/A,N/A,N/A,N/A,,,0
1759293815,eth0,87,Ethernet,IPv6,UDP,N/A,v6,fe80::5ca9:83ff:fe87:27,ff02::1:52,5355,5355,N/A,N/A,N/A,N/A,,,0
1759293815,eth0,67,Ethernet,IPv4,UDP,N/A,v4,172.30.0.220,224.0.0.252,5355,5355,N/A,N/A,N/A,N/A,,,0
1759293815,any,89,N/A,IPv6,UDP,N/A,v6,fe80::5ca9:83ff:fe87:27,ff02::1:52,5355,5355,N/A,N/A,N/A,N/A,,,0
1759293815,eth0,356,Ethernet,IPv4,UDP,N/A,v4,0.0.0.0,255.255.255.255,68,67,N/A,N/A,N/A,N/A,,,0
1759293815,any,358,N/A,IPv4,UDP,N/A,v4,0.0.0.0,255.255.255.255,68,67,N/A,N/A,N/A,N/A,,,0
1759293815,eth0,368,Ethernet,IPv4,UDP,N/A,v4,0.0.0.0,255.255.255.255,68,67,N/A,N/A,N/A,N/A,,,0
1759293815,any,370,N/A,IPv4,UDP,N/A,v4,0.0.0.0,255.255.255.255,68,67,N/A,N/A,N/A,N/A,,,0
1759293815,eth1,110,Ethernet,IPv6,ICMP,N/A,v6,fe80::a824:52ff:fe4f:69,ff02::179,N/A,N/A,N/A,N/A,N/A,N/A,,,0
1759293815,any,112,N/A,IPv6,ICMP,N/A,v6,fe80::a824:52ff:fe4f:69,ff02::179,N/A,N/A,N/A,N/A,N/A,N/A,,,0
1759293815,eth0,54,Ethernet,IPv4,N/A,N/A,v4,172.30.0.220,224.0.0.22,N/A,N/A,N/A,N/A,N/A,N/A,,,0
1759293815,any,56,N/A,IPv4,N/A,N/A,v4,172.30.0.220,224.0.0.22,N/A,N/A,N/A,N/A,N/A,N/A,,,0
1759293815,eth0,110,Ethernet,IPv6,ICMP,N/A,v6,fe80::5ca9:83ff:fe87:27,ff02::179,N/A,N/A,N/A,N/A,N/A,N/A,,,0
1759293815,any,112,N/A,IPv6,ICMP,N/A,v6,fe80::5ca9:83ff:fe87:27,ff02::179,N/A,N/A,N/A,N/A,N/A,N/A,,,0
1759293815,any,44,ARP,N/A,N/A,N/A,N/A,N/A,N/A,N/A,N/A,1,2048,172.30.0.220,172.30.0.122,,,0
1759293815,any,58,ARP,N/A,N/A,N/A,N/A,N/A,N/A,N/A,N/A,2,2048,172.30.0.122,172.30.0.220,,,0
1759293815,any,58,ARP,N/A,N/A,N/A,N/A,N/A,N/A,N/A,N/A,2,2048,172.30.0.122,172.30.0.220,,,0
1759293815,eth0,42,Ethernet,N/A,N/A,N/A,N/A,N/A,N/A,N/A,N/A,N/A,N/A,N/A,N/A,,,0
1759293815,eth0,56,Ethernet,N/A,N/A,N/A,N/A,N/A,N/A,N/A,N/A,N/A,N/A,N/A,N/A,,,0
1759293815,eth0,56,Ethernet,N/A,N/A,N/A,N/A,N/A,N/A,N/A,N/A,N/A,N/A,N/A,N/A,,,0
1759293816,eth0,54,Ethernet,IPv4,N/A,N/A,v4,172.30.0.220,224.0.0.22,N/A,N/A,N/A,N/A,N/A,N/A,,,0
1759293816,any,56,N/A,IPv4,N/A,N/A,v4,172.30.0.220,224.0.0.22,N/A,N/A,N/A,N/A,N/A,N/A,,,0
1759293816,eth0,110,Ethernet,IPv6,ICMP,N/A,v6,fe80::5ca9:83ff:fe87:27,ff02::179,N/A,N/A,N/A,N/A,N/A,N/A,,,0
1759293816,any,112,N/A,IPv6,ICMP,N/A,v6,fe80::5ca9:83ff:fe87:27,ff02::179,N/A,N/A,N/A,N/A,N/A,N/A,,,0
1759293816,eth0,70,Ethernet,IPv6,ICMP,N/A,v6,fe80::5ca9:83ff:fe87:27,ff02::204,N/A,N/A,N/A,N/A,N/A,N/A,,,0
1759293816,any,72,N/A,IPv6,ICMP,N/A,v6,fe80::a824:52ff:fe4f:69,ff02::204,N/A,N/A,N/A,N/A,N/A,N/A,,,0
1759293816,eth1,70,Ethernet,IPv6,ICMP,N/A,v6,fe80::a824:52ff:fe4f:69,ff02::204,N/A,N/A,N/A,N/A,N/A,N/A,,,0
1759293816,eth1,110,Ethernet,IPv6,ICMP,N/A,v6,fe80::a824:52ff:fe4f:69,ff02::179,N/A,N/A,N/A,N/A,N/A,N/A,,,0
1759293816,any,112,N/A,IPv6,ICMP,N/A,v6,fe80::a824:52ff:fe4f:69,ff02::179,N/A,N/A,N/A,N/A,N/A,N/A,,,0
1759293817,eth0,107,Ethernet,N/A,N/A,N/A,N/A,N/A,N/A,N/A,N/A,N/A,N/A,N/A,N/A,,,0
1759293817,any,109,N/A,N/A,N/A,N/A,N/A,N/A,N/A,N/A,N/A,N/A,N/A,N/A,N/A,,,0
1759293818,eth0,107,Ethernet,N/A,N/A,N/A,N/A,N/A,N/A,N/A,N/A,N/A,N/A,N/A,N/A,,,0
1759293818,any,109,N/A,N/A,N/A,N/A,N/A,N/A,N/A,N/A,N/A,N/A,N/A,N/A,N/A,,,0
1759293819,eth0,107,Ethernet,N/A,N/A,N/A,N/A,N/A,N/A,N/A,N/A,N/A,N/A,N/A,N/A,,,0
1759293819,any,109,N/A,N/A,N/A,N/A,N/A,N/A,N/A,N/A,N/A,N/A,N/A,N/A,N/A,,,0
1759293820,eth0,107,Ethernet,N/A,N/A,N/A,N/A,N/A,N/A,N/A,N/A,N/A,N/A,N/A,N/A,,,0
1759293820,any,109,N/A,N/A,N/A,N/A,N/A,N/A,N/A,N/A,N/A,N/A,N/A,N/A,N/A,,,0
1759293820,eth0,70,Ethernet,IPv6,ICMP,N/A,v6,fe80::5ca9:83ff:fe87:27,ff02::204,N/A,N/A,N/A,N/A,N/A,N/A,,,0
1759293820,any,72,N/A,IPv6,ICMP,N/A,v6,fe80::5ca9:83ff:fe87:27,ff02::204,N/A,N/A,N/A,N/A,N/A,N/A,,,0
1759293820,eth1,70,Ethernet,IPv6,ICMP,N/A,v6,fe80::a824:52ff:fe4f:69,ff02::204,N/A,N/A,N/A,N/A,N/A,N/A,,,0
1759293820,any,72,N/A,IPv6,ICMP,N/A,v6,fe80::a824:52ff:fe4f:69,ff02::204,N/A,N/A,N/A,N/A,N/A,N/A,,,0
1759293820,eth0,90,Ethernet,IPv6,ICMP,N/A,v6,fe80::5ca9:83ff:fe87:27,ff02::179,N/A,N/A,N/A,N/A,N/A,N/A,,,0
1759293820,eth0,54,Ethernet,IPv4,N/A,N/A,v4,172.30.0.220,224.0.0.22,N/A,N/A,N/A,N/A,N/A,N/A,,,0
1759293820,any,92,N/A,IPv6,ICMP,N/A,v6,fe80::5ca9:83ff:fe87:27,ff02::179,N/A,N/A,N/A,N/A,N/A,N/A,,,0
1759293820,eth0,67,Ethernet,IPv4,UDP,N/A,v4,172.30.0.220,224.0.0.252,5355,5355,N/A,N/A,N/A,N/A,,,0
1759293820,eth0,87,Ethernet,IPv6,UDP,N/A,v6,fe80::5ca9:83ff:fe87:27,ff02::1:52,5355,5355,N/A,N/A,N/A,N/A,,,0
1759293820,any,69,N/A,IPv4,UDP,N/A,v4,172.30.0.220,224.0.0.252,5355,5355,N/A,N/A,N/A,N/A,,,0
1759293820,eth0,356,Ethernet,IPv4,UDP,N/A,v4,0.0.0.0,255.255.255.255,68,67,N/A,N/A,N/A,N/A,,,0
1759293820,any,358,N/A,IPv4,UDP,N/A,v4,0.0.0.0,255.255.255.255,68,67,N/A,N/A,N/A,N/A,,,0
1759293820,eth0,368,Ethernet,IPv4,UDP,N/A,v4,0.0.0.0,255.255.255.255,68,67,N/A,N/A,N/A,N/A,,,0
1759293820,any,370,N/A,IPv4,UDP,N/A,v4,0.0.0.0,255.255.255.255,68,67,N/A,N/A,N/A,N/A,,,0
1759293820,eth1,110,Ethernet,IPv6,ICMP,N/A,v6,fe80::a824:52ff:fe4f:69,ff02::179,N/A,N/A,N/A,N/A,N/A,N/A,,,0
1759293820,any,112,N/A,IPv6,ICMP,N/A,v6,fe80::a824:52ff:fe4f:69,ff02::179,N/A,N/A,N/A,N/A,N/A,N/A,,,0
1759293820,eth0,54,Ethernet,IPv4,N/A,N/A,v4,172.30.0.220,224.0.0.22,N/A,N/A,N/A,N/A,N/A,N/A,,,0
1759293820,any,56,N/A,IPv4,N/A,N/A,v4,172.30.0.220,224.0.0.22,N/A,N/A,N/A,N/A,N/A,N/A,,,0
1759293820,eth0,110,Ethernet,IPv6,ICMP,N/A,v6,fe80::5ca9:83ff:fe87:27,ff02::179,N/A,N/A,N/A,N/A,N/A,N/A,,,0
1759293820,any,112,N/A,IPv6,ICMP,N/A,v6,fe80::5ca9:83ff:fe87:27,ff02::179,N/A,N/A,N/A,N/A,N/A,N/A,,,0
1759293820,eth0,42,Ethernet,N/A,N/A,N/A,N/A,N/A,N/A,N/A,N/A,N/A,N/A,N/A,N/A,,,0
1759293820,any,44,ARP,N/A,N/A,N/A,N/A,N/A,N/A,N/A,N/A,1,2048,172.30.0.220,172.30.0.122,,,0
1759293820,any,58,ARP,N/A,N/A,N/A,N/A,N/A,N/A,N/A,N/A,2,2048,172.30.0.122,172.30.0.220,,,0
1759293820,eth0,56,Ethernet,N/A,N/A,N/A,N/A,N/A,N/A,N/A,N/A,N/A,N/A,N/A,N/A,,,0
1759293820,eth0,56,Ethernet,N/A,N/A,N/A,N/A,N/A,N/A,N/A,N/A,N/A,N/A,N/A,N/A,,,0
1759293821,eth0,110,Ethernet,IPv6,ICMP,N/A,v6,fe80::5ca9:83ff:fe87:27,ff02::179,N/A,N/A,N/A,N/A,N/A,N/A,,,0
1759293821,any,112,N/A,IPv6,ICMP,N/A,v6,fe80::5ca9:83ff:fe87:27,ff02::179,N/A,N/A,N/A,N/A,N/A,N/A,,,0
1759293821,eth0,54,Ethernet,IPv4,N/A,N/A,v4,172.30.0.220,224.0.0.22,N/A,N/A,N/A,N/A,N/A,N/A,,,0
1759293821,any,56,N/A,IPv4,N/A,N/A,v4,172.30.0.220,224.0.0.22,N/A,N/A,N/A,N/A,N/A,N/A,,,0
1759293821,eth0,70,Ethernet,IPv6,ICMP,N/A,v6,fe80::5ca9:83ff:fe87:27,ff02::204,N/A,N/A,N/A,N/A,N/A,N/A,,,0
1759293821,any,72,N/A,IPv6,ICMP,N/A,v6,fe80::a824:52ff:fe4f:69,ff02::204,N/A,N/A,N/A,N/A,N/A,N/A,,,0
1759293821,eth1,70,Ethernet,IPv6,ICMP,N/A,v6,fe80::a824:52ff:fe4f:69,ff02::204,N/A,N/A,N/A,N/A,N/A,N/A,,,0
1759293821,eth1,110,Ethernet,IPv6,ICMP,N/A,v6,fe80::a824:52ff:fe4f:69,ff02::179,N/A,N/A,N/A,N/A,N/A,N/A,,,0
1759293821,any,112,N/A,IPv6,ICMP,N/A,v6,fe80::a824:52ff:fe4f:69,ff02::179,N/A,N/A,N/A,N/A,N/A,N/A,,,0
1759293822,eth0,107,Ethernet,N/A,N/A,N/A,N/A,N/A,N/A,N/A,N/A,N/A,N/A,N/A,N/A,,,0
1759293822,any,109,N/A,N/A,N/A,N/A,N/A,N/A,N/A,N/A,N/A,N/A,N/A,N/A,N/A,,,0
1759293823,eth0,107,Ethernet,N/A,N/A,N/A,N/A,N/A,N/A,N/A,N/A,N/A,N/A,N/A,N/A,,,0
1759293823,any,109,N/A,N/A,N/A,N/A,N/A,N/A,N/A,N/A,N/A,N/A,N/A,N/A,N/A,,,0
1759293824,eth0,107,Ethernet,N/A,N/A,N/A,N/A,N/A,N/A,N/A,N/A,N/A,N/A,N/A,N/A,,,0
1759293824,any,109,N/A,N/A,N/A,N/A,N/A,N/A,N/A,N/A,N/A,N/A,N/A,N/A,N/A,,,0
1759293824,eth0,90,Ethernet,IPv6,ICMP,N/A,v6,fe80::5ca9:83ff:fe87:27,ff02::179,N/A,N/A,N/A,N/A,N/A,N/A,,,0
1759293824,eth0,54,Ethernet,IPv4,N/A,N/A,v4,172.30.0.220,224.0.0.22,N/A,N/A,N/A,N/A,N/A,N/A,,,0
1759293824,any,92,N/A,IPv6,ICMP,N/A,v6,fe80::5ca9:83ff:fe87:27,ff02::179,N/A,N/A,N/A,N/A,N/A,N/A,,,0
1759293824,eth0,87,Ethernet,IPv6,UDP,N/A,v6,fe80::5ca9:83ff:fe87:27,ff02::1:52,5355,5355,N/A,N/A,N/A,N/A,,,0
1759293824,eth0,67,Ethernet,IPv4,UDP,N/A,v4,172.30.0.220,224.0.0.252,5355,5355,N/A,N/A,N/A,N/A,,,0
1759293824,any,89,N/A,IPv6,UDP,N/A,v6,fe80::5ca9:83ff:fe87:27,ff02::1:52,5355,5355,N/A,N/A,N/A,N/A,,,0
1759293825,eth0,356,Ethernet,IPv4,UDP,N/A,v4,0.0.0.0,255.255.255.255,68,67,N/A,N/A,N/A,N/A,,,0
1759293825,any,358,N/A,IPv4,UDP,N/A,v4,0.0.0.0,255.255.255.255,68,67,N/A,N/A,N/A,N/A,,,0
1759293825,eth0,368,Ethernet,IPv4,UDP,N/A,v4,0.0.0.0,255.255.255.255,68,67,N/A,N/A,N/A,N/A,,,0
1759293825,any,370,N/A,IPv4,UDP,N/A,v4,0.0.0.0,255.255.255.255,68,67,N/A,N/A,N/A,N/A,,,0
1759293825,any,112,N/A,IPv6,ICMP,N/A,v6,fe80::a824:52ff:fe4f:69,ff02::179,N/A,N/A,N/A,N/A,N/A,N/A,,,0
1759293825,eth1,110,Ethernet,IPv6,ICMP,N/A,v6,fe80::a824:52ff:fe4f:69,ff02::179,N/A,N/A,N/A,N/A,N/A,N/A,,,0
1759293825,eth0,54,Ethernet,IPv4,N/A,N/A,v4,172.30.0.220,224.0.0.22,N/A,N/A,N/A,N/A,N/A,N/A,,,0
1759293825,eth0,110,Ethernet,IPv6,ICMP,N/A,v6,fe80::5ca9:83ff:fe87:27,ff02::179,N/A,N/A,N/A,N/A,N/A,N/A,,,0
1759293825,eth0,42,Ethernet,N/A,N/A,N/A,N/A,N/A,N/A,N/A,N/A,N/A,N/A,N/A,N/A,,,0
1759293825,eth0,56,Ethernet,N/A,N/A,N/A,N/A,N/A,N/A,N/A,N/A,N/A,N/A,N/A,N/A,,,0
1759293825,eth0,56,Ethernet,N/A,N/A,N/A,N/A,N/A,N/A,N/A,N/A,N/A,N/A,N/A,N/A,,,0
1759293825,any,56,N/A,IPv4,N/A,N/A,v4,172.30.0.220,224.0.0.22,N/A,N/A,N/A,N/A,N/A,N/A,,,0
1759293825,any,112,N/A,IPv6,ICMP,N/A,v6,fe80::5ca9:83ff:fe87:27,ff02::179,N/A,N/A,N/A,N/A,N/A,N/A,,,0
1759293825,any,44,ARP,N/A,N/A,N/A,N/A,N/A,N/A,N/A,N/A,1,2048,172.30.0.220,172.30.0.122,,,0
1759293825,any,58,ARP,N/A,N/A,N/A,N/A,N/A,N/A,N/A,N/A,2,2048,172.30.0.122,172.30.0.220,,,0
1759293825,any,58,ARP,N/A,N/A,N/A,N/A,N/A,N/A,N/A,N/A,2,2048,172.30.0.122,172.30.0.220,,,0
1759293825,eth0,54,Ethernet,IPv4,N/A,N/A,v4,172.30.0.220,224.0.0.22,N/A,N/A,N/A,N/A,N/A,N/A,,,0
1759293825,any,56,N/A,IPv4,N/A,N/A,v4,172.30.0.220,224.0.0.22,N/A,N/A,N/A,N/A,N/A,N/A,,,0
1759293825,eth1,110,Ethernet,IPv6,ICMP,N/A,v6,fe80::a824:52ff:fe4f:69,ff02::179,N/A,N/A,N/A,N/A,N/A,N/A,,,0
1759293825,any,112,N/A,IPv6,ICMP,N/A,v6,fe80::a824:52ff:fe4f:69,ff02::179,N/A,N/A,N/A,N/A,N/A,N/A,,,0
1759293825,eth0,110,Ethernet,IPv6,ICMP,N/A,v6,fe80::5ca9:83ff:fe87:27,ff02::179,N/A,N/A,N/A,N/A,N/A,N/A,,,0
1759293825,any,112,N/A,IPv6,ICMP,N/A,v6,fe80::5ca9:83ff:fe87:27,ff02::179,N/A,N/A,N/A,N/A,N/A,N/A,,,0
1759293825,eth0,70,Ethernet,IPv6,ICMP,N/A,v6,fe80::5ca9:83ff:fe87:27,ff02::204,N/A,N/A,N/A,N/A,N/A,N/A,,,0
1759293825,any,72,N/A,IPv6,ICMP,N/A,v6,fe80::a824:52ff:fe4f:69,ff02::204,N/A,N/A,N/A,N/A,N/A,N/A,,,0
1759293825,eth1,70,Ethernet,IPv6,ICMP,N/A,v6,fe80::a824:52ff:fe4f:69,ff02::204,N/A,N/A,N/A,N/A,N/A,N/A,,,0
1759293826,eth0,107,Ethernet,N/A,N/A,N/A,N/A,N/A,N/A,N/A,N/A,N/A,N/A,N/A,N/A,,,0
1759293826,any,109,N/A,N/A,N/A,N/A,N/A,N/A,N/A,N/A,N/A,N/A,N/A,N/A,N/A,,,0
1759293827,eth0,107,Ethernet,N/A,N/A,N/A,N/A,N/A,N/A,N/A,N/A,N/A,N/A,N/A,N/A,,,0
1759293827,any,109,N/A,N/A,N/A,N/A,N/A,N/A,N/A,N/A,N/A,N/A,N/A,N/A,N/A,,,0
1759293828,eth0,107,Ethernet,N/A,N/A,N/A,N/A,N/A,N/A,N/A,N/A,N/A,N/A,N/A,N/A,,,0
1759293828,any,109,N/A,N/A,N/A,N/A,N/A,N/A,N/A,N/A,N/A,N/A,N/A,N/A,N/A,,,0
1759293829,eth1,70,Ethernet,IPv6,ICMP,N/A,v6,fe80::a824:52ff:fe4f:69,ff02::204,N/A,N/A,N/A,N/A,N/A,N/A,,,0
1759293829,any,109,N/A,N/A,N/A,N/A,N/A,N/A,N/A,N/A,N/A,N/A,N/A,N/A,N/A,,,0
1759293829,eth0,107,Ethernet,N/A,N/A,N/A,N/A,N/A,N/A,N/A,N/A,N/A,N/A,N/A,N/A,,,0
1759293829,eth0,70,Ethernet,IPv6,ICMP,N/A,v6,fe80::5ca9:83ff:fe87:27,ff02::204,N/A,N/A,N/A,N/A,N/A,N/A,,,0
1759293829,any,72,N/A,IPv6,ICMP,N/A,v6,fe80::5ca9:83ff:fe87:27,ff02::204,N/A,N/A,N/A,N/A,N/A,N/A,,,0
1759293830,eth0,90,Ethernet,IPv6,ICMP,N/A,v6,fe80::5ca9:83ff:fe87:27,ff02::179,N/A,N/A,N/A,N/A,N/A,N/A,,,0
1759293830,eth0,54,Ethernet,IPv4,N/A,N/A,v4,172.30.0.220,224.0.0.22,N/A,N/A,N/A,N/A,N/A,N/A,,,0
1759293830,any,92,N/A,IPv6,ICMP,N/A,v6,fe80::5ca9:83ff:fe87:27,ff02::179,N/A,N/A,N/A,N/A,N/A,N/A,,,0
1759293830,eth0,67,Ethernet,IPv4,UDP,N/A,v4,172.30.0.220,224.0.0.252,5355,5355,N/A,N/A,N/A,N/A,,,0
1759293830,eth0,87,Ethernet,IPv6,UDP,N/A,v6,fe80::5ca9:83ff:fe87:27,ff02::1:52,5355,5355,N/A,N/A,N/A,N/A,,,0
1759293830,any,69,N/A,IPv4,UDP,N/A,v4,172.30.0.220,224.0.0.252,5355,5355,N/A,N/A,N/A,N/A,,,0
1759293830,eth0,356,Ethernet,IPv4,UDP,N/A,v4,0.0.0.0,255.255.255.255,68,67,N/A,N/A,N/A,N/A,,,0
1759293830,any,358,N/A,IPv4,UDP,N/A,v4,0.0.0.0,255.255.255.255,68,67,N/A,N/A,N/A,N/A,,,0
1759293830,eth1,110,Ethernet,IPv6,ICMP,N/A,v6,fe80::a824:52ff:fe4f:69,ff02::179,N/A,N/A,N/A,N/A,N/A,N/A,,,0
1759293830,any,112,N/A,IPv6,ICMP,N/A,v6,fe80::a824:52ff:fe4f:69,ff02::179,N/A,N/A,N/A,N/A,N/A,N/A,,,0
1759293830,eth0,368,Ethernet,IPv4,UDP,N/A,v4,0.0.0.0,255.255.255.255,68,67,N/A,N/A,N/A,N/A,,,0
1759293830,any,370,N/A,IPv4,UDP,N/A,v4,0.0.0.0,255.255.255.255,68,67,N/A,N/A,N/A,N/A,,,0
1759293830,eth0,54,Ethernet,IPv4,N/A,N/A,v4,172.30.0.220,224.0.0.22,N/A,N/A,N/A,N/A,N/A,N/A,,,0
1759293830,any,56,N/A,IPv4,N/A,N/A,v4,172.30.0.220,224.0.0.22,N/A,N/A,N/A,N/A,N/A,N/A,,,0
1759293830,eth0,110,Ethernet,IPv6,ICMP,N/A,v6,fe80::5ca9:83ff:fe87:27,ff02::179,N/A,N/A,N/A,N/A,N/A,N/A,,,0
1759293830,any,112,N/A,IPv6,ICMP,N/A,v6,fe80::5ca9:83ff:fe87:27,ff02::179,N/A,N/A,N/A,N/A,N/A,N/A,,,0
1759293830,eth0,110,Ethernet,IPv6,ICMP,N/A,v6,fe80::5ca9:83ff:fe87:27,ff02::179,N/A,N/A,N/A,N/A,N/A,N/A,,,0
1759293830,any,112,N/A,IPv6,ICMP,N/A,v6,fe80::5ca9:83ff:fe87:27,ff02::179,N/A,N/A,N/A,N/A,N/A,N/A,,,0
1759293830,eth0,42,Ethernet,N/A,N/A,N/A,N/A,N/A,N/A,N/A,N/A,N/A,N/A,N/A,N/A,,,0
1759293830,any,44,ARP,N/A,N/A,N/A,N/A,N/A,N/A,N/A,N/A,1,2048,172.30.0.220,172.30.0.122,,,0
1759293830,any,58,ARP,N/A,N/A,N/A,N/A,N/A,N/A,N/A,N/A,2,2048,172.30.0.122,172.30.0.220,,,0
1759293830,eth0,56,Ethernet,N/A,N/A,N/A,N/A,N/A,N/A,N/A,N/A,N/A,N/A,N/A,N/A,,,0
1759293830,eth0,56,Ethernet,N/A,N/A,N/A,N/A,N/A,N/A,N/A,N/A,N/A,N/A,N/A,N/A,,,0
1759293830,eth0,54,Ethernet,IPv4,N/A,N/A,v4,172.30.0.220,224.0.0.22,N/A,N/A,N/A,N/A,N/A,N/A,,,0
1759293830,any,56,N/A,IPv4,N/A,N/A,v4,172.30.0.220,224.0.0.22,N/A,N/A,N/A,N/A,N/A,N/A,,,0
1759293831,eth1,110,Ethernet,IPv6,ICMP,N/A,v6,fe80::a824:52ff:fe4f:69,ff02::179,N/A,N/A,N/A,N/A,N/A,N/A,,,0
1759293831,any,112,N/A,IPv6,ICMP,N/A,v6,fe80::a824:52ff:fe4f:69,ff02::179,N/A,N/A,N/A,N/A,N/A,N/A,,,0
1759293831,eth0,107,Ethernet,N/A,N/A,N/A,N/A,N/A,N/A,N/A,N/A,N/A,N/A,N/A,N/A,,,0
1759293831,eth0,70,Ethernet,IPv6,ICMP,N/A,v6,fe80::5ca9:83ff:fe87:27,ff02::204,N/A,N/A,N/A,N/A,N/A,N/A,,,0
1759293831,any,72,N/A,IPv6,ICMP,N/A,v6,fe80::a824:52ff:fe4f:69,ff02::204,N/A,N/A,N/A,N/A,N/A,N/A,,,0
1759293831,eth1,70,Ethernet,IPv6,ICMP,N/A,v6,fe80::a824:52ff:fe4f:69,ff02::204,N/A,N/A,N/A,N/A,N/A,N/A,,,0
1759293832,eth0,107,Ethernet,N/A,N/A,N/A,N/A,N/A,N/A,N/A,N/A,N/A,N/A,N/A,N/A,,,0
1759293832,any,109,N/A,N/A,N/A,N/A,N/A,N/A,N/A,N/A,N/A,N/A,N/A,N/A,N/A,,,0
1759293833,eth0,107,Ethernet,N/A,N/A,N/A,N/A,N/A,N/A,N/A,N/A,N/A,N/A,N/A,N/A,,,0
1759293833,any,109,N/A,N/A,N/A,N/A,N/A,N/A,N/A,N/A,N/A,N/A,N/A,N/A,N/A,,,0
1759293834,eth0,90,Ethernet,IPv6,ICMP,N/A,v6,fe80::5ca9:83ff:fe87:27,ff02::179,N/A,N/A,N/A,N/A,N/A,N/A,,,0
1759293834,eth0,54,Ethernet,IPv4,N/A,N/A,v4,172.30.0.220,224.0.0.22,N/A,N/A,N/A,N/A,N/A,N/A,,,0
1759293834,any,92,N/A,IPv6,ICMP,N/A,v6,fe80::5ca9:83ff:fe87:27,ff02::179,N/A,N/A,N/A,N/A,N/A,N/A,,,0
1759293834,eth0,87,Ethernet,IPv6,UDP,N/A,v6,fe80::5ca9:83ff:fe87:27,ff02::1:52,5355,5355,N/A,N/A,N/A,N/A,,,0
1759293834,any,89,N/A,IPv6,UDP,N/A,v6,fe80::5ca9:83ff:fe87:27,ff02::1:52,5355,5355,N/A,N/A,N/A,N/A,,,0
1759293834,eth0,67,Ethernet,IPv4,UDP,N/A,v4,172.30.0.220,224.0.0.252,5355,5355,N/A,N/A,N/A,N/A,,,0
1759293834,any,69,N/A,IPv4,UDP,N/A,v4,172.30.0.220,224.0.0.252,5355,5355,N/A,N/A,N/A,N/A,,,0
1759293834,eth0,356,Ethernet,IPv4,UDP,N/A,v4,0.0.0.0,255.255.255.255,68,67,N/A,N/A,N/A,N/A,,,0
1759293834,any,358,N/A,IPv4,UDP,N/A,v4,0.0.0.0,255.255.255.255,68,67,N/A,N/A,N/A,N/A,,,0
1759293834,eth0,368,Ethernet,IPv4,UDP,N/A,v4,0.0.0.0,255.255.255.255,68,67,N/A,N/A,N/A,N/A,,,0
1759293834,eth0,110,Ethernet,IPv6,ICMP,N/A,v6,fe80::5ca9:83ff:fe87:27,ff02::179,N/A,N/A,N/A,N/A,N/A,N/A,,,0
1759293834,eth0,54,Ethernet,IPv4,N/A,N/A,v4,172.30.0.220,224.0.0.22,N/A,N/A,N/A,N/A,N/A,N/A,,,0
1759293834,eth0,42,Ethernet,N/A,N/A,N/A,N/A,N/A,N/A,N/A,N/A,N/A,N/A,N/A,N/A,,,0
1759293834,eth0,56,Ethernet,N/A,N/A,N/A,N/A,N/A,N/A,N/A,N/A,N/A,N/A,N/A,N/A,,,0
1759293834,eth0,56,Ethernet,N/A,N/A,N/A,N/A,N/A,N/A,N/A,N/A,N/A,N/A,N/A,N/A,,,0
1759293834,any,370,N/A,IPv4,UDP,N/A,v4,0.0.0.0,255.255.255.255,68,67,N/A,N/A,N/A,N/A,,,0
1759293834,any,112,N/A,IPv6,ICMP,N/A,v6,fe80::a824:52ff:fe4f:69,ff02::179,N/A,N/A,N/A,N/A,N/A,N/A,,,0
1759293834,any,112,N/A,IPv6,ICMP,N/A,v6,fe80::5ca9:83ff:fe87:27,ff02::179,N/A,N/A,N/A,N/A,N/A,N/A,,,0
1759293834,any,44,ARP,N/A,N/A,N/A,N/A,N/A,N/A,N/A,N/A,1,2048,172.30.0.220,172.30.0.122,,,0
1759293834,any,58,ARP,N/A,N/A,N/A,N/A,N/A,N/A,N/A,N/A,2,2048,172.30.0.122,172.30.0.220,,,0
1759293834,any,58,ARP,N/A,N/A,N/A,N/A,N/A,N/A,N/A,N/A,2,2048,172.30.0.122,172.30.0.220,,,0
1759293834,eth1,110,Ethernet,IPv6,ICMP,N/A,v6,fe80::a824:52ff:fe4f:69,ff02::179,N/A,N/A,N/A,N/A,N/A,N/A,,,0
1759293834,eth0,110,Ethernet,IPv6,ICMP,N/A,v6,fe80::5ca9:83ff:fe87:27,ff02::179,N/A,N/A,N/A,N/A,N/A,N/A,,,0
1759293834,any,112,N/A,IPv6,ICMP,N/A,v6,fe80::5ca9:83ff:fe87:27,ff02::179,N/A,N/A,N/A,N/A,N/A,N/A,,,0
1759293835,eth0,54,Ethernet,IPv4,N/A,N/A,v4,172.30.0.220,224.0.0.22,N/A,N/A,N/A,N/A,N/A,N/A,,,0
1759293835,any,56,N/A,IPv4,N/A,N/A,v4,172.30.0.220,224.0.0.22,N/A,N/A,N/A,N/A,N/A,N/A,,,0
1759293835,eth1,110,Ethernet,IPv6,ICMP,N/A,v6,fe80::a824:52ff:fe4f:69,ff02::179,N/A,N/A,N/A,N/A,N/A,N/A,,,0
1759293835,any,112,N/A,IPv6,ICMP,N/A,v6,fe80::a824:52ff:fe4f:69,ff02::179,N/A,N/A,N/A,N/A,N/A,N/A,,,0
1759293835,eth0,107,Ethernet,N/A,N/A,N/A,N/A,N/A,N/A,N/A,N/A,N/A,N/A,N/A,N/A,,,0
1759293835,eth0,70,Ethernet,IPv6,ICMP,N/A,v6,fe80::5ca9:83ff:fe87:27,ff02::204,N/A,N/A,N/A,N/A,N/A,N/A,,,0
1759293835,any,72,N/A,IPv6,ICMP,N/A,v6,fe80::a824:52ff:fe4f:69,ff02::204,N/A,N/A,N/A,N/A,N/A,N/A,,,0
1759293835,eth1,70,Ethernet,IPv6,ICMP,N/A,v6,fe80::a824:52ff:fe4f:69,ff02::204,N/A,N/A,N/A,N/A,N/A,N/A,,,0
1759293836,eth0,107,Ethernet,N/A,N/A,N/A,N/A,N/A,N/A,N/A,N/A,N/A,N/A,N/A,N/A,,,0
1759293836,any,109,N/A,N/A,N/A,N/A,N/A,N/A,N/A,N/A,N/A,N/A,N/A,N/A,N/A,,,0
1759293837,eth0,107,Ethernet,N/A,N/A,N/A,N/A,N/A,N/A,N/A,N/A,N/A,N/A,N/A,N/A,,,0
1759293837,any,109,N/A,N/A,N/A,N/A,N/A,N/A,N/A,N/A,N/A,N/A,N/A,N/A,N/A,,,0
1759293838,eth0,107,Ethernet,N/A,N/A,N/A,N/A,N/A,N/A,N/A,N/A,N/A,N/A,N/A,N/A,,,0
1759293838,any,109,N/A,N/A,N/A,N/A,N/A,N/A,N/A,N/A,N/A,N/A,N/A,N/A,N/A,,,0
1759293838,eth1,70,Ethernet,IPv6,ICMP,N/A,v6,fe80::a824:52ff:fe4f:69,ff02::204,N/A,N/A,N/A,N/A,N/A,N/A,,,0
1759293838,any,72,N/A,IPv6,ICMP,N/A,v6,fe80::a824:52ff:fe4f:69,ff02::204,N/A,N/A,N/A,N/A,N/A,N/A,,,0
1759293839,eth0,90,Ethernet,IPv6,ICMP,N/A,v6,fe80::5ca9:83ff:fe87:27,ff02::179,N/A,N/A,N/A,N/A,N/A,N/A,,,0
1759293839,eth0,54,Ethernet,IPv4,N/A,N/A,v4,172.30.0.220,224.0.0.22,N/A,N/A,N/A,N/A,N/A,N/A,,,0
1759293839,any,92,N/A,IPv6,ICMP,N/A,v6,fe80::5ca9:83ff:fe87:27,ff02::179,N/A,N/A,N/A,N/A,N/A,N/A,,,0
1759293839,eth0,67,Ethernet,IPv4,UDP,N/A,v4,172.30.0.220,224.0.0.252,5355,5355,N/A,N/A,N/A,N/A,,,0
1759293839,any,69,N/A,IPv4,UDP,N/A,v4,172.30.0.220,224.0.0.252,5355,5355,N/A,N/A,N/A,N/A,,,0
1759293839,eth0,87,Ethernet,IPv6,UDP,N/A,v6,fe80::5ca9:83ff:fe87:27,ff02::1:52,5355,5355,N/A,N/A,N/A,N/A,,,0
1759293839,any,89,N/A,IPv6,UDP,N/A,v6,fe80::5ca9:83ff:fe87:27,ff02::1:52,5355,5355,N/A,N/A,N/A,N/A,,,0
1759293839,eth0,356,Ethernet,IPv4,UDP,N/A,v4,0.0.0.0,255.255.255.255,68,67,N/A,N/A,N/A,N/A,,,0
1759293839,any,358,N/A,IPv4,UDP,N/A,v4,0.0.0.0,255.255.255.255,68,67,N/A,N/A,N/A,N/A,,,0
1759293839,eth0,368,Ethernet,IPv4,UDP,N/A,v4,0.0.0.0,255.255.255.255,68,67,N/A,N/A,N/A,N/A,,,0
1759293839,any,370,N/A,IPv4,UDP,N/A,v4,0.0.0.0,255.255.255.255,68,67,N/A,N/A,N/A,N/A,,,0
1759293839,any,112,N/A,IPv6,ICMP,N/A,v6,fe80::5ca9:83ff:fe87:27,ff02::179,N/A,N/A,N/A,N/A,N/A,N/A,,,0
1759293839,eth0,110,Ethernet,IPv6,ICMP,N/A,v6,fe80::5ca9:83ff:fe87:27,ff02::179,N/A,N/A,N/A,N/A,N/A,N/A,,,0
1759293839,eth1,110,Ethernet,IPv6,ICMP,N/A,v6,fe80::a824:52ff:fe4f:69,ff02::179,N/A,N/A,N/A,N/A,N/A,N/A,,,0
1759293839,eth0,54,Ethernet,IPv4,N/A,N/A,v4,172.30.0.220,224.0.0.22,N/A,N/A,N/A,N/A,N/A,N/A,,,0
1759293839,any,56,N/A,IPv4,N/A,N/A,v4,172.30.0.220,224.0.0.22,N/A,N/A,N/A,N/A,N/A,N/A,,,0
1759293839,eth0,110,Ethernet,IPv6,ICMP,N/A,v6,fe80::5ca9:83ff:fe87:27,ff02::179,N/A,N/A,N/A,N/A,N/A,N/A,,,0
1759293839,any,112,N/A,IPv6,ICMP,N/A,v6,fe80::5ca9:83ff:fe87:27,ff02::179,N/A,N/A,N/A,N/A,N/A,N/A,,,0
1759293839,eth0,42,Ethernet,N/A,N/A,N/A,N/A,N/A,N/A,N/A,N/A,N/A,N/A,N/A,N/A,,,0
1759293839,eth0,56,Ethernet,N/A,N/A,N/A,N/A,N/A,N/A,N/A,N/A,N/A,N/A,N/A,N/A,,,0
1759293839,eth0,56,Ethernet,N/A,N/A,N/A,N/A,N/A,N/A,N/A,N/A,N/A,N/A,N/A,N/A,,,0
1759293839,any,44,ARP,N/A,N/A,N/A,N/A,N/A,N/A,N/A,N/A,1,2048,172.30.0.220,172.30.0.122,,,0
1759293839,any,58,ARP,N/A,N/A,N/A,N/A,N/A,N/A,N/A,N/A,2,2048,172.30.0.122,172.30.0.220,,,0
1759293839,eth1,110,Ethernet,IPv6,ICMP,N/A,v6,fe80::a824:52ff:fe4f:69,ff02::179,N/A,N/A,N/A,N/A,N/A,N/A,,,0
1759293839,any,112,N/A,IPv6,ICMP,N/A,v6,fe80::a824:52ff:fe4f:69,ff02::179,N/A,N/A,N/A,N/A,N/A,N/A,,,0
1759293839,eth0,90,Ethernet,IPv6,ICMP,N/A,v6,fe80::5ca9:83ff:fe87:27,ff02::179,N/A,N/A,N/A,N/A,N/A,N/A,,,0
1759293839,any,92,N/A,IPv6,ICMP,N/A,v6,fe80::5ca9:83ff:fe87:27,ff02::179,N/A,N/A,N/A,N/A,N/A,N/A,,,0
1759293839,eth0,54,Ethernet,IPv4,N/A,N/A,v4,172.30.0.220,224.0.0.22,N/A,N/A,N/A,N/A,N/A,N/A,,,0
1759293839,any,56,N/A,IPv4,N/A,N/A,v4,172.30.0.220,224.0.0.22,N/A,N/A,N/A,N/A,N/A,N/A,,,0
1759293840,eth1,70,Ethernet,IPv6,ICMP,N/A,v6,fe80::a824:52ff:fe4f:69,ff02::204,N/A,N/A,N/A,N/A,N/A,N/A,,,0
1759293840,any,72,N/A,IPv6,ICMP,N/A,v6,fe80::a824:52ff:fe4f:69,ff02::204,N/A,N/A,N/A,N/A,N/A,N/A,,,0
1759293840,any,109,N/A,N/A,N/A,N/A,N/A,N/A,N/A,N/A,N/A,N/A,N/A,N/A,N/A,,,0
1759293840,eth0,107,Ethernet,N/A,N/A,N/A,N/A,N/A,N/A,N/A,N/A,N/A,N/A,N/A,N/A,,,0
1759293840,eth0,70,Ethernet,IPv6,ICMP,N/A,v6,fe80::5ca9:83ff:fe87:27,ff02::204,N/A,N/A,N/A,N/A,N/A,N/A,,,0
1759293841,eth0,107,Ethernet,N/A,N/A,N/A,N/A,N/A,N/A,N/A,N/A,N/A,N/A,N/A,N/A,,,0
1759293841,any,109,N/A,N/A,N/A,N/A,N/A,N/A,N/A,N/A,N/A,N/A,N/A,N/A,N/A,,,0
1759293842,eth0,107,Ethernet,N/A,N/A,N/A,N/A,N/A,N/A,N/A,N/A,N/A,N/A,N/A,N/A,,,0
1759293842,any,109,N/A,N/A,N/A,N/A,N/A,N/A,N/A,N/A,N/A,N/A,N/A,N/A,N/A,,,0
1759293843,eth0,107,Ethernet,N/A,N/A,N/A,N/A,N/A,N/A,N/A,N/A,N/A,N/A,N/A,N/A,,,0
1759293843,any,109,N/A,N/A,N/A,N/A,N/A,N/A,N/A,N/A,N/A,N/A,N/A,N/A,N/A,,,0
1759293843,eth0,90,Ethernet,IPv6,ICMP,N/A,v6,fe80::5ca9:83ff:fe87:27,ff02::179,N/A,N/A,N/A,N/A,N/A,N/A,,,0
1759293843,eth0,54,Ethernet,IPv4,N/A,N/A,v4,172.30.0.220,224.0.0.22,N/A,N/A,N/A,N/A,N/A,N/A,,,0
1759293843,any,92,N/A,IPv6,ICMP,N/A,v6,fe80::5ca9:83ff:fe87:27,ff02::179,N/A,N/A,N/A,N/A,N/A,N/A,,,0
1759293843,eth0,67,Ethernet,IPv4,UDP,N/A,v4,172.30.0.220,224.0.0.252,5355,5355,N/A,N/A,N/A,N/A,,,0
1759293843,eth0,87,Ethernet,IPv6,UDP,N/A,v6,fe80::5ca9:83ff:fe87:27,ff02::1:52,5355,5355,N/A,N/A,N/A,N/A,,,0
1759293843,any,69,N/A,IPv4,UDP,N/A,v4,172.30.0.220,224.0.0.252,5355,5355,N/A,N/A,N/A,N/A,,,0
1759293843,eth0,356,Ethernet,IPv4,UDP,N/A,v4,0.0.0.0,255.255.255.255,68,67,N/A,N/A,N/A,N/A,,,0
1759293843,any,358,N/A,IPv4,UDP,N/A,v4,0.0.0.0,255.255.255.255,68,67,N/A,N/A,N/A,N/A,,,0
1759293843,eth0,368,Ethernet,IPv4,UDP,N/A,v4,0.0.0.0,255.255.255.255,68,67,N/A,N/A,N/A,N/A,,,0
1759293843,any,370,N/A,IPv4,UDP,N/A,v4,0.0.0.0,255.255.255.255,68,67,N/A,N/A,N/A,N/A,,,0
1759293843,eth1,110,Ethernet,IPv6,ICMP,N/A,v6,fe80::a824:52ff:fe4f:69,ff02::179,N/A,N/A,N/A,N/A,N/A,N/A,,,0
1759293843,any,112,N/A,IPv6,ICMP,N/A,v6,fe80::a824:52ff:fe4f:69,ff02::179,N/A,N/A,N/A,N/A,N/A,N/A,,,0
1759293843,eth0,54,Ethernet,IPv4,N/A,N/A,v4,172.30.0.220,224.0.0.22,N/A,N/A,N/A,N/A,N/A,N/A,,,0
1759293843,any,56,N/A,IPv4,N/A,N/A,v4,172.30.0.220,224.0.0.22,N/A,N/A,N/A,N/A,N/A,N/A,,,0
1759293843,eth0,110,Ethernet,IPv6,ICMP,N/A,v6,fe80::5ca9:83ff:fe87:27,ff02::179,N/A,N/A,N/A,N/A,N/A,N/A,,,0
1759293843,any,112,N/A,IPv6,ICMP,N/A,v6,fe80::5ca9:83ff:fe87:27,ff02::179,N/A,N/A,N/A,N/A,N/A,N/A,,,0
1759293843,eth0,42,Ethernet,N/A,N/A,N/A,N/A,N/A,N/A,N/A,N/A,N/A,N/A,N/A,N/A,,,0
1759293843,any,44,ARP,N/A,N/A,N/A,N/A,N/A,N/A,N/A,N/A,1,2048,172.30.0.220,172.30.0.122,,,0
1759293843,eth0,56,Ethernet,N/A,N/A,N/A,N/A,N/A,N/A,N/A,N/A,N/A,N/A,N/A,N/A,,,0
1759293843,eth0,56,Ethernet,N/A,N/A,N/A,N/A,N/A,N/A,N/A,N/A,N/A,N/A,N/A,N/A,,,0
1759293843,any,58,ARP,N/A,N/A,N/A,N/A,N/A,N/A,N/A,N/A,2,2048,172.30.0.122,172.30.0.220,,,0
1759293843,any,58,ARP,N/A,N/A,N/A,N/A,N/A,N/A,N/A,N/A,2,2048,172.30.0.122,172.30.0.220,,,0
1759293843,eth0,54,Ethernet,IPv4,N/A,N/A,v4,172.30.0.220,224.0.0.22,N/A,N/A,N/A,N/A,N/A,N/A,,,0
1759293843,any,56,N/A,IPv4,N/A,N/A,v4,172.30.0.220,224.0.0.22,N/A,N/A,N/A,N/A,N/A,N/A,,,0
1759293843,eth0,110,Ethernet,IPv6,ICMP,N/A,v6,fe80::5ca9:83ff:fe87:27,ff02::179,N/A,N/A,N/A,N/A,N/A,N/A,,,0
1759293843,any,112,N/A,IPv6,ICMP,N/A,v6,fe80::5ca9:83ff:fe87:27,ff02::179,N/A,N/A,N/A,N/A,N/A,N/A,,,0
1759293844,eth1,110,Ethernet,IPv6,ICMP,N/A,v6,fe80::a824:52ff:fe4f:69,ff02::179,N/A,N/A,N/A,N/A,N/A,N/A,,,0
1759293844,any,112,N/A,IPv6,ICMP,N/A,v6,fe80::a824:52ff:fe4f:69,ff02::179,N/A,N/A,N/A,N/A,N/A,N/A,,,0
1759293844,eth0,107,Ethernet,N/A,N/A,N/A,N/A,N/A,N/A,N/A,N/A,N/A,N/A,N/A,N/A,,,0
1759293844,eth0,70,Ethernet,IPv6,ICMP,N/A,v6,fe80::5ca9:83ff:fe87:27,ff02::204,N/A,N/A,N/A,N/A,N/A,N/A,,,0
1759293844,any,72,N/A,IPv6,ICMP,N/A,v6,fe80::a824:52ff:fe4f:69,ff02::204,N/A,N/A,N/A,N/A,N/A,N/A,,,0
1759293844,eth1,70,Ethernet,IPv6,ICMP,N/A,v6,fe80::a824:52ff:fe4f:69,ff02::204,N/A,N/A,N/A,N/A,N/A,N/A,,,0
1759293845,eth0,107,Ethernet,N/A,N/A,N/A,N/A,N/A,N/A,N/A,N/A,N/A,N/A,N/A,N/A,,,0
1759293845,any,109,N/A,N/A,N/A,N/A,N/A,N/A,N/A,N/A,N/A,N/A,N/A,N/A,N/A,,,0
1759293846,eth0,107,Ethernet,N/A,N/A,N/A,N/A,N/A,N/A,N/A,N/A,N/A,N/A,N/A,N/A,,,0
1759293846,any,109,N/A,N/A,N/A,N/A,N/A,N/A,N/A,N/A,N/A,N/A,N/A,N/A,N/A,,,0
1759293847,eth0,107,Ethernet,N/A,N/A,N/A,N/A,N/A,N/A,N/A,N/A,N/A,N/A,N/A,N/A,,,0
1759293847,any,109,N/A,N/A,N/A,N/A,N/A,N/A,N/A,N/A,N/A,N/A,N/A,N/A,N/A,,,0
1759293848,eth0,90,Ethernet,IPv6,ICMP,N/A,v6,fe80::5ca9:83ff:fe87:27,ff02::179,N/A,N/A,N/A,N/A,N/A,N/A,,,0
1759293848,eth0,54,Ethernet,IPv4,N/A,N/A,v4,172.30.0.220,224.0.0.22,N/A,N/A,N/A,N/A,N/A,N/A,,,0
1759293848,any,92,N/A,IPv6,ICMP,N/A,v6,fe80::5ca9:83ff:fe87:27,ff02::179,N/A,N/A,N/A,N/A,N/A,N/A,,,0
1759293848,eth0,67,Ethernet,IPv4,UDP,N/A,v4,172.30.0.220,224.0.0.252,5355,5355,N/A,N/A,N/A,N/A,,,0
1759293848,eth0,87,Ethernet,IPv6,UDP,N/A,v6,fe80::5ca9:83ff:fe87:27,ff02::1:52,5355,5355,N/A,N/A,N/A,N/A,,,0
1759293848,any,69,N/A,IPv4,UDP,N/A,v4,172.30.0.220,224.0.0.252,5355,5355,N/A,N/A,N/A,N/A,,,0
1759293848,eth0,356,Ethernet,IPv4,UDP,N/A,v4,0.0.0.0,255.255.255.255,68,67,N/A,N/A,N/A,N/A,,,0
1759293848,any,358,N/A,IPv4,UDP,N/A,v4,0.0.0.0,255.255.255.255,68,67,N/A,N/A,N/A,N/A,,,0
1759293848,eth0,368,Ethernet,IPv4,UDP,N/A,v4,0.0.0.0,255.255.255.255,68,67,N/A,N/A,N/A,N/A,,,0
1759293848,any,370,N/A,IPv4,UDP,N/A,v4,0.0.0.0,255.255.255.255,68,67,N/A,N/A,N/A,N/A,,,0
1759293848,eth1,110,Ethernet,IPv6,ICMP,N/A,v6,fe80::a824:52ff:fe4f:69,ff02::179,N/A,N/A,N/A,N/A,N/A,N/A,,,0
1759293848,any,112,N/A,IPv6,ICMP,N/A,v6,fe80::a824:52ff:fe4f:69,ff02::179,N/A,N/A,N/A,N/A,N/A,N/A,,,0
1759293848,eth0,54,Ethernet,IPv4,N/A,N/A,v4,172.30.0.220,224.0.0.22,N/A,N/A,N/A,N/A,N/A,N/A,,,0
1759293848,any,56,N/A,IPv4,N/A,N/A,v4,172.30.0.220,224.0.0.22,N/A,N/A,N/A,N/A,N/A,N/A,,,0
1759293848,eth0,110,Ethernet,IPv6,ICMP,N/A,v6,fe80::5ca9:83ff:fe87:27,ff02::179,N/A,N/A,N/A,N/A,N/A,N/A,,,0
1759293848,any,112,N/A,IPv6,ICMP,N/A,v6,fe80::5ca9:83ff:fe87:27,ff02::179,N/A,N/A,N/A,N/A,N/A,N/A,,,0
1759293848,eth0,42,Ethernet,N/A,N/A,N/A,N/A,N/A,N/A,N/A,N/A,N/A,N/A,N/A,N/A,,,0
1759293848,eth0,56,Ethernet,N/A,N/A,N/A,N/A,N/A,N/A,N/A,N/A,N/A,N/A,N/A,N/A,,,0
1759293848,eth0,56,Ethernet,N/A,N/A,N/A,N/A,N/A,N/A,N/A,N/A,N/A,N/A,N/A,N/A,,,0
1759293848,any,44,ARP,N/A,N/A,N/A,N/A,N/A,N/A,N/A,N/A,1,2048,172.30.0.220,172.30.0.122,,,0
1759293848,any,58,ARP,N/A,N/A,N/A,N/A,N/A,N/A,N/A,N/A,2,2048,172.30.0.122,172.30.0.220,,,0
1759293848,eth0,54,Ethernet,IPv4,N/A,N/A,v4,172.30.0.220,224.0.0.22,N/A,N/A,N/A,N/A,N/A,N/A,,,0
1759293848,any,56,N/A,IPv4,N/A,N/A,v4,172.30.0.220,224.0.0.22,N/A,N/A,N/A,N/A,N/A,N/A,,,0
1759293849,eth1,110,Ethernet,IPv6,ICMP,N/A,v6,fe80::a824:52ff:fe4f:69,ff02::179,N/A,N/A,N/A,N/A,N/A,N/A,,,0
1759293849,any,112,N/A,IPv6,ICMP,N/A,v6,fe80::a824:52ff:fe4f:69,ff02::179,N/A,N/A,N/A,N/A,N/A,N/A,,,0
1759293849,eth0,110,Ethernet,IPv6,ICMP,N/A,v6,fe80::5ca9:83ff:fe87:27,ff02::179,N/A,N/A,N/A,N/A,N/A,N/A,,,0
1759293849,any,112,N/A,IPv6,ICMP,N/A,v6,fe80::5ca9:83ff:fe87:27,ff02::179,N/A,N/A,N/A,N/A,N/A,N/A,,,0
1759293849,eth0,70,Ethernet,IPv6,ICMP,N/A,v6,fe80::5ca9:83ff:fe87:27,ff02::204,N/A,N/A,N/A,N/A,N/A,N/A,,,0
1759293849,any,72,N/A,IPv6,ICMP,N/A,v6,fe80::a824:52ff:fe4f:69,ff02::204,N/A,N/A,N/A,N/A,N/A,N/A,,,0
1759293849,eth1,70,Ethernet,IPv6,ICMP,N/A,v6,fe80::a824:52ff:fe4f:69,ff02::204,N/A,N/A,N/A,N/A,N/A,N/A,,,0
1759293849,eth0,107,Ethernet,N/A,N/A,N/A,N/A,N/A,N/A,N/A,N/A,N/A,N/A,N/A,N/A,,,0
1759293849,any,109,N/A,N/A,N/A,N/A,N/A,N/A,N/A,N/A,N/A,N/A,N/A,N/A,N/A,,,0
1759293851,eth0,107,Ethernet,N/A,N/A,N/A,N/A,N/A,N/A,N/A,N/A,N/A,N/A,N/A,N/A,,,0
1759293851,any,109,N/A,N/A,N/A,N/A,N/A,N/A,N/A,N/A,N/A,N/A,N/A,N/A,N/A,,,0
1759293852,eth0,107,Ethernet,N/A,N/A,N/A,N/A,N/A,N/A,N/A,N/A,N/A,N/A,N/A,N/A,,,0
1759293852,any,109,N/A,N/A,N/A,N/A,N/A,N/A,N/A,N/A,N/A,N/A,N/A,N/A,N/A,,,0
1759293852,eth0,90,Ethernet,IPv6,ICMP,N/A,v6,fe80::5ca9:83ff:fe87:27,ff02::179,N/A,N/A,N/A,N/A,N/A,N/A,,,0
1759293852,eth0,54,Ethernet,IPv4,N/A,N/A,v4,172.30.0.220,224.0.0.22,N/A,N/A,N/A,N/A,N/A,N/A,,,0
1759293852,any,92,N/A,IPv6,ICMP,N/A,v6,fe80::5ca9:83ff:fe87:27,ff02::179,N/A,N/A,N/A,N/A,N/A,N/A,,,0
1759293852,eth0,67,Ethernet,IPv4,UDP,N/A,v4,172.30.0.220,224.0.0.252,5355,5355,N/A,N/A,N/A,N/A,,,0
1759293852,eth0,87,Ethernet,IPv6,UDP,N/A,v6,fe80::5ca9:83ff:fe87:27,ff02::1:52,5355,5355,N/A,N/A,N/A,N/A,,,0
1759293852,any,69,N/A,IPv4,UDP,N/A,v4,172.30.0.220,224.0.0.252,5355,5355,N/A,N/A,N/A,N/A,,,0
1759293852,eth0,356,Ethernet,IPv4,UDP,N/A,v4,0.0.0.0,255.255.255.255,68,67,N/A,N/A,N/A,N/A,,,0
1759293852,any,358,N/A,IPv4,UDP,N/A,v4,0.0.0.0,255.255.255.255,68,67,N/A,N/A,N/A,N/A,,,0
1759293852,eth0,368,Ethernet,IPv4,UDP,N/A,v4,0.0.0.0,255.255.255.255,68,67,N/A,N/A,N/A,N/A,,,0
1759293852,any,370,N/A,IPv4,UDP,N/A,v4,0.0.0.0,255.255.255.255,68,67,N/A,N/A,N/A,N/A,,,0
1759293852,eth1,110,Ethernet,IPv6,ICMP,N/A,v6,fe80::a824:52ff:fe4f:69,ff02::179,N/A,N/A,N/A,N/A,N/A,N/A,,,0
1759293852,any,112,N/A,IPv6,ICMP,N/A,v6,fe80::a824:52ff:fe4f:69,ff02::179,N/A,N/A,N/A,N/A,N/A,N/A,,,0
1759293852,eth0,110,Ethernet,IPv6,ICMP,N/A,v6,fe80::5ca9:83ff:fe87:27,ff02::179,N/A,N/A,N/A,N/A,N/A,N/A,,,0
1759293852,eth0,54,Ethernet,IPv4,N/A,N/A,v4,172.30.0.220,224.0.0.22,N/A,N/A,N/A,N/A,N/A,N/A,,,0
1759293852,any,112,N/A,IPv6,ICMP,N/A,v6,fe80::5ca9:83ff:fe87:27,ff02::179,N/A,N/A,N/A,N/A,N/A,N/A,,,0
1759293852,eth0,42,Ethernet,N/A,N/A,N/A,N/A,N/A,N/A,N/A,N/A,N/A,N/A,N/A,N/A,,,0
1759293852,any,44,ARP,N/A,N/A,N/A,N/A,N/A,N/A,N/A,N/A,1,2048,172.30.0.220,172.30.0.122,,,0
1759293852,eth0,56,Ethernet,N/A,N/A,N/A,N/A,N/A,N/A,N/A,N/A,N/A,N/A,N/A,N/A,,,0
1759293852,eth0,56,Ethernet,N/A,N/A,N/A,N/A,N/A,N/A,N/A,N/A,N/A,N/A,N/A,N/A,,,0
1759293852,any,58,ARP,N/A,N/A,N/A,N/A,N/A,N/A,N/A,N/A,2,2048,172.30.0.122,172.30.0.220,,,0
1759293852,any,58,ARP,N/A,N/A,N/A,N/A,N/A,N/A,N/A,N/A,2,2048,172.30.0.122,172.30.0.220,,,0
1759293853,eth0,54,Ethernet,IPv4,N/A,N/A,v4,172.30.0.220,224.0.0.22,N/A,N/A,N/A,N/A,N/A,N/A,,,0
1759293853,any,56,N/A,IPv4,N/A,N/A,v4,172.30.0.220,224.0.0.22,N/A,N/A,N/A,N/A,N/A,N/A,,,0
1759293853,eth1,110,Ethernet,IPv6,ICMP,N/A,v6,fe80::a824:52ff:fe4f:69,ff02::179,N/A,N/A,N/A,N/A,N/A,N/A,,,0
1759293853,any,112,N/A,IPv6,ICMP,N/A,v6,fe80::a824:52ff:fe4f:69,ff02::179,N/A,N/A,N/A,N/A,N/A,N/A,,,0
1759293853,eth0,70,Ethernet,IPv6,ICMP,N/A,v6,fe80::5ca9:83ff:fe87:27,ff02::204,N/A,N/A,N/A,N/A,N/A,N/A,,,0
1759293853,any,72,N/A,IPv6,ICMP,N/A,v6,fe80::a824:52ff:fe4f:69,ff02::204,N/A,N/A,N/A,N/A,N/A,N/A,,,0
1759293853,eth1,70,Ethernet,IPv6,ICMP,N/A,v6,fe80::a824:52ff:fe4f:69,ff02::204,N/A,N/A,N/A,N/A,N/A,N/A,,,0
1759293853,eth0,110,Ethernet,IPv6,ICMP,N/A,v6,fe80::5ca9:83ff:fe87:27,ff02::179,N/A,N/A,N/A,N/A,N/A,N/A,,,0
1759293853,any,112,N/A,IPv6,ICMP,N/A,v6,fe80::5ca9:83ff:fe87:27,ff02::179,N/A,N/A,N/A,N/A,N/A,N/A,,,0
1759293853,eth0,107,Ethernet,N/A,N/A,N/A,N/A,N/A,N/A,N/A,N/A,N/A,N/A,N/A,N/A,,,0
1759293853,any,109,N/A,N/A,N/A,N/A,N/A,N/A,N/A,N/A,N/A,N/A,N/A,N/A,N/A,,,0
1759293854,eth0,107,Ethernet,N/A,N/A,N/A,N/A,N/A,N/A,N/A,N/A,N/A,N/A,N/A,N/A,,,0
1759293854,any,109,N/A,N/A,N/A,N/A,N/A,N/A,N/A,N/A,N/A,N/A,N/A,N/A,N/A,,,0
1759293855,eth0,107,Ethernet,N/A,N/A,N/A,N/A,N/A,N/A,N/A,N/A,N/A,N/A,N/A,N/A,,,0
1759293855,any,109,N/A,N/A,N/A,N/A,N/A,N/A,N/A,N/A,N/A,N/A,N/A,N/A,N/A,,,0
1759293857,eth0,107,Ethernet,N/A,N/A,N/A,N/A,N/A,N/A,N/A,N/A,N/A,N/A,N/A,N/A,,,0
1759293857,any,109,N/A,N/A,N/A,N/A,N/A,N/A,N/A,N/A,N/A,N/A,N/A,N/A,N/A,,,0
1759293857,eth0,70,Ethernet,IPv6,ICMP,N/A,v6,fe80::5ca9:83ff:fe87:27,ff02::204,N/A,N/A,N/A,N/A,N/A,N/A,,,0
1759293857,any,72,N/A,IPv6,ICMP,N/A,v6,fe80::5ca9:83ff:fe87:27,ff02::204,N/A,N/A,N/A,N/A,N/A,N/A,,,0
1759293857,eth1,70,Ethernet,IPv6,ICMP,N/A,v6,fe80::a824:52ff:fe4f:69,ff02::204,N/A,N/A,N/A,N/A,N/A,N/A,,,0
1759293857,any,72,N/A,IPv6,ICMP,N/A,v6,fe80::a824:52ff:fe4f:69,ff02::204,N/A,N/A,N/A,N/A,N/A,N/A,,,0
1759293857,eth0,90,Ethernet,IPv6,ICMP,N/A,v6,fe80::5ca9:83ff:fe87:27,ff02::179,N/A,N/A,N/A,N/A,N/A,N/A,,,0
1759293857,eth0,54,Ethernet,IPv4,N/A,N/A,v4,172.30.0.220,224.0.0.22,N/A,N/A,N/A,N/A,N/A,N/A,,,0
1759293857,any,92,N/A,IPv6,ICMP,N/A,v6,fe80::5ca9:83ff:fe87:27,ff02::179,N/A,N/A,N/A,N/A,N/A,N/A,,,0
1759293857,eth0,87,Ethernet,IPv6,UDP,N/A,v6,fe80::5ca9:83ff:fe87:27,ff02::1:52,5355,5355,N/A,N/A,N/A,N/A,,,0
1759293857,any,89,N/A,IPv6,UDP,N/A,v6,fe80::5ca9:83ff:fe87:27,ff02::1:52,5355,5355,N/A,N/A,N/A,N/A,,,0
1759293857,eth0,67,Ethernet,IPv4,UDP,N/A,v4,172.30.0.220,224.0.0.252,5355,5355,N/A,N/A,N/A,N/A,,,0
1759293857,any,69,N/A,IPv4,UDP,N/A,v4,172.30.0.220,224.0.0.252,5355,5355,N/A,N/A,N/A,N/A,,,0
1759293857,eth0,356,Ethernet,IPv4,UDP,N/A,v4,0.0.0.0,255.255.255.255,68,67,N/A,N/A,N/A,N/A,,,0
1759293857,any,358,N/A,IPv4,UDP,N/A,v4,0.0.0.0,255.255.255.255,68,67,N/A,N/A,N/A,N/A,,,0
1759293857,eth0,368,Ethernet,IPv4,UDP,N/A,v4,0.0.0.0,255.255.255.255,68,67,N/A,N/A,N/A,N/A,,,0
1759293857,any,370,N/A,IPv4,UDP,N/A,v4,0.0.0.0,255.255.255.255,68,67,N/A,N/A,N/A,N/A,,,0
1759293857,eth1,110,Ethernet,IPv6,ICMP,N/A,v6,fe80::a824:52ff:fe4f:69,ff02::179,N/A,N/A,N/A,N/A,N/A,N/A,,,0
1759293857,any,112,N/A,IPv6,ICMP,N/A,v6,fe80::a824:52ff:fe4f:69,ff02::179,N/A,N/A,N/A,N/A,N/A,N/A,,,0
1759293857,eth0,110,Ethernet,IPv6,ICMP,N/A,v6,fe80::5ca9:83ff:fe87:27,ff02::179,N/A,N/A,N/A,N/A,N/A,N/A,,,0
1759293857,eth0,54,Ethernet,IPv4,N/A,N/A,v4,172.30.0.220,224.0.0.22,N/A,N/A,N/A,N/A,N/A,N/A,,,0
1759293857,eth0,42,Ethernet,N/A,N/A,N/A,N/A,N/A,N/A,N/A,N/A,N/A,N/A,N/A,N/A,,,0
1759293857,eth0,56,Ethernet,N/A,N/A,N/A,N/A,N/A,N/A,N/A,N/A,N/A,N/A,N/A,N/A,,,0
1759293857,eth0,56,Ethernet,N/A,N/A,N/A,N/A,N/A,N/A,N/A,N/A,N/A,N/A,N/A,N/A,,,0
1759293857,any,112,N/A,IPv6,ICMP,N/A,v6,fe80::5ca9:83ff:fe87:27,ff02::179,N/A,N/A,N/A,N/A,N/A,N/A,,,0
1759293857,any,44,ARP,N/A,N/A,N/A,N/A,N/A,N/A,N/A,N/A,1,2048,172.30.0.220,172.30.0.122,,,0
1759293857,any,58,ARP,N/A,N/A,N/A,N/A,N/A,N/A,N/A,N/A,2,2048,172.30.0.122,172.30.0.220,,,0
1759293857,any,58,ARP,N/A,N/A,N/A,N/A,N/A,N/A,N/A,N/A,2,2048,172.30.0.122,172.30.0.220,,,0
1759293858,eth1,110,Ethernet,IPv6,ICMP,N/A,v6,fe80::a824:52ff:fe4f:69,ff02::179,N/A,N/A,N/A,N/A,N/A,N/A,,,0
1759293858,any,112,N/A,IPv6,ICMP,N/A,v6,fe80::a824:52ff:fe4f:69,ff02::179,N/A,N/A,N/A,N/A,N/A,N/A,,,0
1759293858,eth0,54,Ethernet,IPv4,N/A,N/A,v4,172.30.0.220,224.0.0.22,N/A,N/A,N/A,N/A,N/A,N/A,,,0
1759293858,any,56,N/A,IPv4,N/A,N/A,v4,172.30.0.220,224.0.0.22,N/A,N/A,N/A,N/A,N/A,N/A,,,0
1759293858,eth0,70,Ethernet,IPv6,ICMP,N/A,v6,fe80::5ca9:83ff:fe87:27,ff02::204,N/A,N/A,N/A,N/A,N/A,N/A,,,0
1759293858,any,72,N/A,IPv6,ICMP,N/A,v6,fe80::a824:52ff:fe4f:69,ff02::204,N/A,N/A,N/A,N/A,N/A,N/A,,,0
1759293858,eth1,70,Ethernet,IPv6,ICMP,N/A,v6,fe80::a824:52ff:fe4f:69,ff02::204,N/A,N/A,N/A,N/A,N/A,N/A,,,0
1759293858,eth0,110,Ethernet,IPv6,ICMP,N/A,v6,fe80::5ca9:83ff:fe87:27,ff02::179,N/A,N/A,N/A,N/A,N/A,N/A,,,0
1759293858,any,112,N/A,IPv6,ICMP,N/A,v6,fe80::5ca9:83ff:fe87:27,ff02::179,N/A,N/A,N/A,N/A,N/A,N/A,,,0
1759293859,eth0,107,Ethernet,N/A,N/A,N/A,N/A,N/A,N/A,N/A,N/A,N/A,N/A,N/A,N/A,,,0
1759293859,any,109,N/A,N/A,N/A,N/A,N/A,N/A,N/A,N/A,N/A,N/A,N/A,N/A,N/A,,,0
1759293860,eth0,107,Ethernet,N/A,N/A,N/A,N/A,N/A,N/A,N/A,N/A,N/A,N/A,N/A,N/A,,,0
1759293860,any,109,N/A,N/A,N/A,N/A,N/A,N/A,N/A,N/A,N/A,N/A,N/A,N/A,N/A,,,0
1759293861,eth0,107,Ethernet,N/A,N/A,N/A,N/A,N/A,N/A,N/A,N/A,N/A,N/A,N/A,N/A,,,0
1759293861,any,109,N/A,N/A,N/A,N/A,N/A,N/A,N/A,N/A,N/A,N/A,N/A,N/A,N/A,,,0
1759293861,eth0,90,Ethernet,IPv6,ICMP,N/A,v6,fe80::5ca9:83ff:fe87:27,ff02::179,N/A,N/A,N/A,N/A,N/A,N/A,,,0
1759293861,eth0,54,Ethernet,IPv4,N/A,N/A,v4,172.30.0.220,224.0.0.22,N/A,N/A,N/A,N/A,N/A,N/A,,,0
1759293861,any,92,N/A,IPv6,ICMP,N/A,v6,fe80::5ca9:83ff:fe87:27,ff02::179,N/A,N/A,N/A,N/A,N/A,N/A,,,0
1759293862,eth0,87,Ethernet,IPv6,UDP,N/A,v6,fe80::5ca9:83ff:fe87:27,ff02::1:52,5355,5355,N/A,N/A,N/A,N/A,,,0
1759293862,eth0,67,Ethernet,IPv4,UDP,N/A,v4,172.30.0.220,224.0.0.252,5355,5355,N/A,N/A,N/A,N/A,,,0
1759293862,any,89,N/A,IPv6,UDP,N/A,v6,fe80::5ca9:83ff:fe87:27,ff02::1:52,5355,5355,N/A,N/A,N/A,N/A,,,0
1759293862,eth1,110,Ethernet,IPv6,ICMP,N/A,v6,fe80::a824:52ff:fe4f:69,ff02::179,N/A,N/A,N/A,N/A,N/A,N/A,,,0
1759293862,any,112,N/A,IPv6,ICMP,N/A,v6,fe80::a824:52ff:fe4f:69,ff02::179,N/A,N/A,N/A,N/A,N/A,N/A,,,0
1759293862,eth0,110,Ethernet,IPv6,ICMP,N/A,v6,fe80::5ca9:83ff:fe87:27,ff02::179,N/A,N/A,N/A,N/A,N/A,N/A,,,0
1759293862,any,112,N/A,IPv6,ICMP,N/A,v6,fe80::5ca9:83ff:fe87:27,ff02::179,N/A,N/A,N/A,N/A,N/A,N/A,,,0
1759293862,eth0,356,Ethernet,IPv4,UDP,N/A,v4,0.0.0.0,255.255.255.255,68,67,N/A,N/A,N/A,N/A,,,0
1759293862,any,358,N/A,IPv4,UDP,N/A,v4,0.0.0.0,255.255.255.255,68,67,N/A,N/A,N/A,N/A,,,0
1759293862,eth0,368,Ethernet,IPv4,UDP,N/A,v4,0.0.0.0,255.255.255.255,68,67,N/A,N/A,N/A,N/A,,,0
1759293862,any,370,N/A,IPv4,UDP,N/A,v4,0.0.0.0,255.255.255.255,68,67,N/A,N/A,N/A,N/A,,,0
1759293862,eth0,110,Ethernet,IPv6,ICMP,N/A,v6,fe80::5ca9:83ff:fe87:27,ff02::179,N/A,N/A,N/A,N/A,N/A,N/A,,,0
1759293862,eth0,54,Ethernet,IPv4,N/A,N/A,v4,172.30.0.220,224.0.0.22,N/A,N/A,N/A,N/A,N/A,N/A,,,0
1759293862,any,112,N/A,IPv6,ICMP,N/A,v6,fe80::5ca9:83ff:fe87:27,ff02::179,N/A,N/A,N/A,N/A,N/A,N/A,,,0
1759293862,eth0,42,Ethernet,N/A,N/A,N/A,N/A,N/A,N/A,N/A,N/A,N/A,N/A,N/A,N/A,,,0
1759293862,any,44,ARP,N/A,N/A,N/A,N/A,N/A,N/A,N/A,N/A,1,2048,172.30.0.220,172.30.0.122,,,0
1759293862,eth0,56,Ethernet,N/A,N/A,N/A,N/A,N/A,N/A,N/A,N/A,N/A,N/A,N/A,N/A,,,0
1759293862,eth0,56,Ethernet,N/A,N/A,N/A,N/A,N/A,N/A,N/A,N/A,N/A,N/A,N/A,N/A,,,0
1759293862,any,58,ARP,N/A,N/A,N/A,N/A,N/A,N/A,N/A,N/A,2,2048,172.30.0.122,172.30.0.220,,,0
1759293862,eth0,90,Ethernet,IPv6,ICMP,N/A,v6,fe80::5ca9:83ff:fe87:27,ff02::179,N/A,N/A,N/A,N/A,N/A,N/A,,,0
1759293862,any,92,N/A,IPv6,ICMP,N/A,v6,fe80::5ca9:83ff:fe87:27,ff02::179,N/A,N/A,N/A,N/A,N/A,N/A,,,0
1759293862,eth1,110,Ethernet,IPv6,ICMP,N/A,v6,fe80::a824:52ff:fe4f:69,ff02::179,N/A,N/A,N/A,N/A,N/A,N/A,,,0
1759293862,any,112,N/A,IPv6,ICMP,N/A,v6,fe80::a824:52ff:fe4f:69,ff02::179,N/A,N/A,N/A,N/A,N/A,N/A,,,0
1759293862,eth0,54,Ethernet,IPv4,N/A,N/A,v4,172.30.0.220,224.0.0.22,N/A,N/A,N/A,N/A,N/A,N/A,,,0
1759293862,any,56,N/A,IPv4,N/A,N/A,v4,172.30.0.220,224.0.0.22,N/A,N/A,N/A,N/A,N/A,N/A,,,0
1759293863,eth0,107,Ethernet,N/A,N/A,N/A,N/A,N/A,N/A,N/A,N/A,N/A,N/A,N/A,N/A,,,0
1759293863,eth0,70,Ethernet,IPv6,ICMP,N/A,v6,fe80::5ca9:83ff:fe87:27,ff02::204,N/A,N/A,N/A,N/A,N/A,N/A,,,0
1759293863,any,72,N/A,IPv6,ICMP,N/A,v6,fe80::a824:52ff:fe4f:69,ff02::204,N/A,N/A,N/A,N/A,N/A,N/A,,,0
1759293863,eth1,70,Ethernet,IPv6,ICMP,N/A,v6,fe80::a824:52ff:fe4f:69,ff02::204,N/A,N/A,N/A,N/A,N/A,N/A,,,0
1759293864,eth0,107,Ethernet,N/A,N/A,N/A,N/A,N/A,N/A,N/A,N/A,N/A,N/A,N/A,N/A,,,0
1759293864,any,109,N/A,N/A,N/A,N/A,N/A,N/A,N/A,N/A,N/A,N/A,N/A,N/A,N/A,,,0
1759293865,eth0,107,Ethernet,N/A,N/A,N/A,N/A,N/A,N/A,N/A,N/A,N/A,N/A,N/A,N/A,,,0
1759293865,any,109,N/A,N/A,N/A,N/A,N/A,N/A,N/A,N/A,N/A,N/A,N/A,N/A,N/A,,,0
1759293866,eth0,107,Ethernet,N/A,N/A,N/A,N/A,N/A,N/A,N/A,N/A,N/A,N/A,N/A,N/A,,,0
1759293866,any,109,N/A,N/A,N/A,N/A,N/A,N/A,N/A,N/A,N/A,N/A,N/A,N/A,N/A,,,0
1759293867,eth0,70,Ethernet,IPv6,ICMP,N/A,v6,fe80::5ca9:83ff:fe87:27,ff02::204,N/A,N/A,N/A,N/A,N/A,N/A,,,0
1759293867,any,72,N/A,IPv6,ICMP,N/A,v6,fe80::5ca9:83ff:fe87:27,ff02::204,N/A,N/A,N/A,N/A,N/A,N/A,,,0
1759293867,eth0,90,Ethernet,IPv6,ICMP,N/A,v6,fe80::5ca9:83ff:fe87:27,ff02::179,N/A,N/A,N/A,N/A,N/A,N/A,,,0
1759293867,eth0,54,Ethernet,IPv4,N/A,N/A,v4,172.30.0.220,224.0.0.22,N/A,N/A,N/A,N/A,N/A,N/A,,,0
1759293867,any,92,N/A,IPv6,ICMP,N/A,v6,fe80::5ca9:83ff:fe87:27,ff02::179,N/A,N/A,N/A,N/A,N/A,N/A,,,0
1759293867,eth0,87,Ethernet,IPv6,UDP,N/A,v6,fe80::5ca9:83ff:fe87:27,ff02::1:52,5355,5355,N/A,N/A,N/A,N/A,,,0
1759293867,eth0,67,Ethernet,IPv4,UDP,N/A,v4,172.30.0.220,224.0.0.252,5355,5355,N/A,N/A,N/A,N/A,,,0
1759293867,any,89,N/A,IPv6,UDP,N/A,v6,fe80::5ca9:83ff:fe87:27,ff02::1:52,5355,5355,N/A,N/A,N/A,N/A,,,0
1759293867,eth0,54,Ethernet,IPv4,N/A,N/A,v4,172.30.0.220,224.0.0.22,N/A,N/A,N/A,N/A,N/A,N/A,,,0
1759293867,any,56,N/A,IPv4,N/A,N/A,v4,172.30.0.220,224.0.0.22,N/A,N/A,N/A,N/A,N/A,N/A,,,0
1759293867,eth1,110,Ethernet,IPv6,ICMP,N/A,v6,fe80::a824:52ff:fe4f:69,ff02::179,N/A,N/A,N/A,N/A,N/A,N/A,,,0
1759293867,any,112,N/A,IPv6,ICMP,N/A,v6,fe80::5ca9:83ff:fe87:27,ff02::179,N/A,N/A,N/A,N/A,N/A,N/A,,,0
1759293867,eth0,110,Ethernet,IPv6,ICMP,N/A,v6,fe80::5ca9:83ff:fe87:27,ff02::179,N/A,N/A,N/A,N/A,N/A,N/A,,,0
1759293867,eth0,356,Ethernet,IPv4,UDP,N/A,v4,0.0.0.0,255.255.255.255,68,67,N/A,N/A,N/A,N/A,,,0
1759293867,eth0,368,Ethernet,IPv4,UDP,N/A,v4,0.0.0.0,255.255.255.255,68,67,N/A,N/A,N/A,N/A,,,0
1759293867,eth0,110,Ethernet,IPv6,ICMP,N/A,v6,fe80::5ca9:83ff:fe87:27,ff02::179,N/A,N/A,N/A,N/A,N/A,N/A,,,0
1759293867,eth0,54,Ethernet,IPv4,N/A,N/A,v4,172.30.0.220,224.0.0.22,N/A,N/A,N/A,N/A,N/A,N/A,,,0
1759293867,eth0,42,Ethernet,N/A,N/A,N/A,N/A,N/A,N/A,N/A,N/A,N/A,N/A,N/A,N/A,,,0
1759293867,eth0,56,Ethernet,N/A,N/A,N/A,N/A,N/A,N/A,N/A,N/A,N/A,N/A,N/A,N/A,,,0
1759293867,eth0,56,Ethernet,N/A,N/A,N/A,N/A,N/A,N/A,N/A,N/A,N/A,N/A,N/A,N/A,,,0
1759293867,eth0,54,Ethernet,IPv4,N/A,N/A,v4,172.30.0.220,224.0.0.22,N/A,N/A,N/A,N/A,N/A,N/A,,,0
1759293867,any,358,N/A,IPv4,UDP,N/A,v4,0.0.0.0,255.255.255.255,68,67,N/A,N/A,N/A,N/A,,,0
1759293867,any,370,N/A,IPv4,UDP,N/A,v4,0.0.0.0,255.255.255.255,68,67,N/A,N/A,N/A,N/A,,,0
1759293867,any,112,N/A,IPv6,ICMP,N/A,v6,fe80::5ca9:83ff:fe87:27,ff02::179,N/A,N/A,N/A,N/A,N/A,N/A,,,0
1759293867,any,44,ARP,N/A,N/A,N/A,N/A,N/A,N/A,N/A,N/A,1,2048,172.30.0.220,172.30.0.122,,,0
1759293867,any,58,ARP,N/A,N/A,N/A,N/A,N/A,N/A,N/A,N/A,2,2048,172.30.0.122,172.30.0.220,,,0
1759293867,any,56,N/A,IPv4,N/A,N/A,v4,172.30.0.220,224.0.0.22,N/A,N/A,N/A,N/A,N/A,N/A,,,0
1759293868,eth1,110,Ethernet,IPv6,ICMP,N/A,v6,fe80::a824:52ff:fe4f:69,ff02::179,N/A,N/A,N/A,N/A,N/A,N/A,,,0
1759293868,any,112,N/A,IPv6,ICMP,N/A,v6,fe80::a824:52ff:fe4f:69,ff02::179,N/A,N/A,N/A,N/A,N/A,N/A,,,0
1759293868,eth0,90,Ethernet,IPv6,ICMP,N/A,v6,fe80::5ca9:83ff:fe87:27,ff02::179,N/A,N/A,N/A,N/A,N/A,N/A,,,0
1759293868,any,92,N/A,IPv6,ICMP,N/A,v6,fe80::5ca9:83ff:fe87:27,ff02::179,N/A,N/A,N/A,N/A,N/A,N/A,,,0
1759293868,eth0,107,Ethernet,N/A,N/A,N/A,N/A,N/A,N/A,N/A,N/A,N/A,N/A,N/A,N/A,,,0
1759293868,eth0,70,Ethernet,IPv6,ICMP,N/A,v6,fe80::5ca9:83ff:fe87:27,ff02::204,N/A,N/A,N/A,N/A,N/A,N/A,,,0
1759293868,any,72,N/A,IPv6,ICMP,N/A,v6,fe80::a824:52ff:fe4f:69,ff02::204,N/A,N/A,N/A,N/A,N/A,N/A,,,0
1759293868,eth1,70,Ethernet,IPv6,ICMP,N/A,v6,fe80::a824:52ff:fe4f:69,ff02::204,N/A,N/A,N/A,N/A,N/A,N/A,,,0
1759293869,eth0,107,Ethernet,N/A,N/A,N/A,N/A,N/A,N/A,N/A,N/A,N/A,N/A,N/A,N/A,,,0
1759293869,any,109,N/A,N/A,N/A,N/A,N/A,N/A,N/A,N/A,N/A,N/A,N/A,N/A,N/A,,,0
1759293871,eth0,107,Ethernet,N/A,N/A,N/A,N/A,N/A,N/A,N/A,N/A,N/A,N/A,N/A,N/A,,,0
1759293871,any,109,N/A,N/A,N/A,N/A,N/A,N/A,N/A,N/A,N/A,N/A,N/A,N/A,N/A,,,0
1759293871,eth0,90,Ethernet,IPv6,ICMP,N/A,v6,fe80::5ca9:83ff:fe87:27,ff02::179,N/A,N/A,N/A,N/A,N/A,N/A,,,0
1759293871,eth0,54,Ethernet,IPv4,N/A,N/A,v4,172.30.0.220,224.0.0.22,N/A,N/A,N/A,N/A,N/A,N/A,,,0
1759293871,any,92,N/A,IPv6,ICMP,N/A,v6,fe80::5ca9:83ff:fe87:27,ff02::179,N/A,N/A,N/A,N/A,N/A,N/A,,,0
1759293871,eth0,67,Ethernet,IPv4,UDP,N/A,v4,172.30.0.220,224.0.0.252,5355,5355,N/A,N/A,N/A,N/A,,,0
1759293871,any,69,N/A,IPv4,UDP,N/A,v4,172.30.0.220,224.0.0.252,5355,5355,N/A,N/A,N/A,N/A,,,0
1759293871,eth1,110,Ethernet,IPv6,ICMP,N/A,v6,fe80::a824:52ff:fe4f:69,ff02::179,N/A,N/A,N/A,N/A,N/A,N/A,,,0
1759293871,any,112,N/A,IPv6,ICMP,N/A,v6,fe80::a824:52ff:fe4f:69,ff02::179,N/A,N/A,N/A,N/A,N/A,N/A,,,0
1759293871,eth0,356,Ethernet,IPv4,UDP,N/A,v4,0.0.0.0,255.255.255.255,68,67,N/A,N/A,N/A,N/A,,,0
1759293871,any,358,N/A,IPv4,UDP,N/A,v4,0.0.0.0,255.255.255.255,68,67,N/A,N/A,N/A,N/A,,,0
1759293871,eth0,368,Ethernet,IPv4,UDP,N/A,v4,0.0.0.0,255.255.255.255,68,67,N/A,N/A,N/A,N/A,,,0
1759293871,any,370,N/A,IPv4,UDP,N/A,v4,0.0.0.0,255.255.255.255,68,67,N/A,N/A,N/A,N/A,,,0
1759293871,eth0,54,Ethernet,IPv4,N/A,N/A,v4,172.30.0.220,224.0.0.22,N/A,N/A,N/A,N/A,N/A,N/A,,,0
1759293871,any,56,N/A,IPv4,N/A,N/A,v4,172.30.0.220,224.0.0.22,N/A,N/A,N/A,N/A,N/A,N/A,,,0
1759293871,eth0,110,Ethernet,IPv6,ICMP,N/A,v6,fe80::5ca9:83ff:fe87:27,ff02::179,N/A,N/A,N/A,N/A,N/A,N/A,,,0
1759293871,any,112,N/A,IPv6,ICMP,N/A,v6,fe80::5ca9:83ff:fe87:27,ff02::179,N/A,N/A,N/A,N/A,N/A,N/A,,,0
1759293871,eth1,110,Ethernet,IPv6,ICMP,N/A,v6,fe80::a824:52ff:fe4f:69,ff02::179,N/A,N/A,N/A,N/A,N/A,N/A,,,0
1759293871,any,112,N/A,IPv6,ICMP,N/A,v6,fe80::a824:52ff:fe4f:69,ff02::179,N/A,N/A,N/A,N/A,N/A,N/A,,,0
1759293871,eth0,42,Ethernet,N/A,N/A,N/A,N/A,N/A,N/A,N/A,N/A,N/A,N/A,N/A,N/A,,,0
1759293871,any,44,ARP,N/A,N/A,N/A,N/A,N/A,N/A,N/A,N/A,1,2048,172.30.0.220,172.30.0.122,,,0
1759293871,eth0,56,Ethernet,N/A,N/A,N/A,N/A,N/A,N/A,N/A,N/A,N/A,N/A,N/A,N/A,,,0
1759293871,eth0,56,Ethernet,N/A,N/A,N/A,N/A,N/A,N/A,N/A,N/A,N/A,N/A,N/A,N/A,,,0
1759293871,any,58,ARP,N/A,N/A,N/A,N/A,N/A,N/A,N/A,N/A,2,2048,172.30.0.122,172.30.0.220,,,0
1759293871,eth0,110,Ethernet,IPv6,ICMP,N/A,v6,fe80::5ca9:83ff:fe87:27,ff02::179,N/A,N/A,N/A,N/A,N/A,N/A,,,0
1759293871,eth0,54,Ethernet,IPv4,N/A,N/A,v4,172.30.0.220,224.0.0.22,N/A,N/A,N/A,N/A,N/A,N/A,,,0
1759293871,any,112,N/A,IPv6,ICMP,N/A,v6,fe80::5ca9:83ff:fe87:27,ff02::179,N/A,N/A,N/A,N/A,N/A,N/A,,,0
1759293872,eth0,107,Ethernet,N/A,N/A,N/A,N/A,N/A,N/A,N/A,N/A,N/A,N/A,N/A,N/A,,,0
1759293872,eth0,70,Ethernet,IPv6,ICMP,N/A,v6,fe80::5ca9:83ff:fe87:27,ff02::204,N/A,N/A,N/A,N/A,N/A,N/A,,,0
1759293872,any,72,N/A,IPv6,ICMP,N/A,v6,fe80::a824:52ff:fe4f:69,ff02::204,N/A,N/A,N/A,N/A,N/A,N/A,,,0
1759293872,eth1,70,Ethernet,IPv6,ICMP,N/A,v6,fe80::a824:52ff:fe4f:69,ff02::204,N/A,N/A,N/A,N/A,N/A,N/A,,,0
1759293873,eth0,107,Ethernet,N/A,N/A,N/A,N/A,N/A,N/A,N/A,N/A,N/A,N/A,N/A,N/A,,,0
1759293873,any,109,N/A,N/A,N/A,N/A,N/A,N/A,N/A,N/A,N/A,N/A,N/A,N/A,N/A,,,0
1759293874,eth0,107,Ethernet,N/A,N/A,N/A,N/A,N/A,N/A,N/A,N/A,N/A,N/A,N/A,N/A,,,0
1759293874,any,109,N/A,N/A,N/A,N/A,N/A,N/A,N/A,N/A,N/A,N/A,N/A,N/A,N/A,,,0
1759293875,eth0,107,Ethernet,N/A,N/A,N/A,N/A,N/A,N/A,N/A,N/A,N/A,N/A,N/A,N/A,,,0
1759293875,any,109,N/A,N/A,N/A,N/A,N/A,N/A,N/A,N/A,N/A,N/A,N/A,N/A,N/A,,,0
1759293876,eth0,70,Ethernet,IPv6,ICMP,N/A,v6,fe80::5ca9:83ff:fe87:27,ff02::204,N/A,N/A,N/A,N/A,N/A,N/A,,,0
1759293876,any,72,N/A,IPv6,ICMP,N/A,v6,fe80::5ca9:83ff:fe87:27,ff02::204,N/A,N/A,N/A,N/A,N/A,N/A,,,0
1759293876,eth0,90,Ethernet,IPv6,ICMP,N/A,v6,fe80::5ca9:83ff:fe87:27,ff02::179,N/A,N/A,N/A,N/A,N/A,N/A,,,0
1759293876,eth0,54,Ethernet,IPv4,N/A,N/A,v4,172.30.0.220,224.0.0.22,N/A,N/A,N/A,N/A,N/A,N/A,,,0
1759293876,any,92,N/A,IPv6,ICMP,N/A,v6,fe80::5ca9:83ff:fe87:27,ff02::179,N/A,N/A,N/A,N/A,N/A,N/A,,,0
1759293876,eth0,87,Ethernet,IPv6,UDP,N/A,v6,fe80::5ca9:83ff:fe87:27,ff02::1:52,5355,5355,N/A,N/A,N/A,N/A,,,0
1759293876,eth0,67,Ethernet,IPv4,UDP,N/A,v4,172.30.0.220,224.0.0.252,5355,5355,N/A,N/A,N/A,N/A,,,0
1759293876,any,89,N/A,IPv6,UDP,N/A,v6,fe80::5ca9:83ff:fe87:27,ff02::1:52,5355,5355,N/A,N/A,N/A,N/A,,,0
1759293876,eth0,90,Ethernet,IPv6,ICMP,N/A,v6,fe80::5ca9:83ff:fe87:27,ff02::179,N/A,N/A,N/A,N/A,N/A,N/A,,,0
1759293876,any,92,N/A,IPv6,ICMP,N/A,v6,fe80::5ca9:83ff:fe87:27,ff02::179,N/A,N/A,N/A,N/A,N/A,N/A,,,0
1759293876,eth0,356,Ethernet,IPv4,UDP,N/A,v4,0.0.0.0,255.255.255.255,68,67,N/A,N/A,N/A,N/A,,,0
1759293876,any,358,N/A,IPv4,UDP,N/A,v4,0.0.0.0,255.255.255.255,68,67,N/A,N/A,N/A,N/A,,,0
1759293876,eth0,368,Ethernet,IPv4,UDP,N/A,v4,0.0.0.0,255.255.255.255,68,67,N/A,N/A,N/A,N/A,,,0
1759293876,any,370,N/A,IPv4,UDP,N/A,v4,0.0.0.0,255.255.255.255,68,67,N/A,N/A,N/A,N/A,,,0
1759293876,eth1,110,Ethernet,IPv6,ICMP,N/A,v6,fe80::a824:52ff:fe4f:69,ff02::179,N/A,N/A,N/A,N/A,N/A,N/A,,,0
1759293876,any,112,N/A,IPv6,ICMP,N/A,v6,fe80::a824:52ff:fe4f:69,ff02::179,N/A,N/A,N/A,N/A,N/A,N/A,,,0
1759293876,any,56,N/A,IPv4,N/A,N/A,v4,172.30.0.220,224.0.0.22,N/A,N/A,N/A,N/A,N/A,N/A,,,0
1759293876,any,112,N/A,IPv6,ICMP,N/A,v6,fe80::5ca9:83ff:fe87:27,ff02::179,N/A,N/A,N/A,N/A,N/A,N/A,,,0
1759293876,any,44,ARP,N/A,N/A,N/A,N/A,N/A,N/A,N/A,N/A,1,2048,172.30.0.220,172.30.0.122,,,0
1759293876,any,58,ARP,N/A,N/A,N/A,N/A,N/A,N/A,N/A,N/A,2,2048,172.30.0.122,172.30.0.220,,,0
1759293876,any,112,N/A,IPv6,ICMP,N/A,v6,fe80::5ca9:83ff:fe87:27,ff02::179,N/A,N/A,N/A,N/A,N/A,N/A,,,0
1759293876,eth0,54,Ethernet,IPv4,N/A,N/A,v4,172.30.0.220,224.0.0.22,N/A,N/A,N/A,N/A,N/A,N/A,,,0
1759293876,eth0,110,Ethernet,IPv6,ICMP,N/A,v6,fe80::5ca9:83ff:fe87:27,ff02::179,N/A,N/A,N/A,N/A,N/A,N/A,,,0
1759293876,eth0,42,Ethernet,N/A,N/A,N/A,N/A,N/A,N/A,N/A,N/A,N/A,N/A,N/A,N/A,,,0
1759293876,eth0,56,Ethernet,N/A,N/A,N/A,N/A,N/A,N/A,N/A,N/A,N/A,N/A,N/A,N/A,,,0
1759293876,eth0,56,Ethernet,N/A,N/A,N/A,N/A,N/A,N/A,N/A,N/A,N/A,N/A,N/A,N/A,,,0
1759293876,eth0,110,Ethernet,IPv6,ICMP,N/A,v6,fe80::5ca9:83ff:fe87:27,ff02::179,N/A,N/A,N/A,N/A,N/A,N/A,,,0
1759293876,eth0,54,Ethernet,IPv4,N/A,N/A,v4,172.30.0.220,224.0.0.22,N/A,N/A,N/A,N/A,N/A,N/A,,,0
1759293876,any,56,N/A,IPv4,N/A,N/A,v4,172.30.0.220,224.0.0.22,N/A,N/A,N/A,N/A,N/A,N/A,,,0
1759293877,eth1,110,Ethernet,IPv6,ICMP,N/A,v6,fe80::a824:52ff:fe4f:69,ff02::179,N/A,N/A,N/A,N/A,N/A,N/A,,,0
1759293877,any,112,N/A,IPv6,ICMP,N/A,v6,fe80::a824:52ff:fe4f:69,ff02::179,N/A,N/A,N/A,N/A,N/A,N/A,,,0
1759293877,eth0,70,Ethernet,IPv6,ICMP,N/A,v6,fe80::5ca9:83ff:fe87:27,ff02::204,N/A,N/A,N/A,N/A,N/A,N/A,,,0
1759293877,any,72,N/A,IPv6,ICMP,N/A,v6,fe80::a824:52ff:fe4f:69,ff02::204,N/A,N/A,N/A,N/A,N/A,N/A,,,0
1759293877,eth1,70,Ethernet,IPv6,ICMP,N/A,v6,fe80::a824:52ff:fe4f:69,ff02::204,N/A,N/A,N/A,N/A,N/A,N/A,,,0
1759293877,eth0,107,Ethernet,N/A,N/A,N/A,N/A,N/A,N/A,N/A,N/A,N/A,N/A,N/A,N/A,,,0
1759293877,any,109,N/A,N/A,N/A,N/A,N/A,N/A,N/A,N/A,N/A,N/A,N/A,N/A,N/A,,,0
1759293879,eth0,107,Ethernet,N/A,N/A,N/A,N/A,N/A,N/A,N/A,N/A,N/A,N/A,N/A,N/A,,,0
1759293879,any,109,N/A,N/A,N/A,N/A,N/A,N/A,N/A,N/A,N/A,N/A,N/A,N/A,N/A,,,0
1759293880,eth0,107,Ethernet,N/A,N/A,N/A,N/A,N/A,N/A,N/A,N/A,N/A,N/A,N/A,N/A,,,0
1759293880,any,109,N/A,N/A,N/A,N/A,N/A,N/A,N/A,N/A,N/A,N/A,N/A,N/A,N/A,,,0
1759293880,eth0,90,Ethernet,IPv6,ICMP,N/A,v6,fe80::5ca9:83ff:fe87:27,ff02::179,N/A,N/A,N/A,N/A,N/A,N/A,,,0
1759293880,eth0,54,Ethernet,IPv4,N/A,N/A,v4,172.30.0.220,224.0.0.22,N/A,N/A,N/A,N/A,N/A,N/A,,,0
1759293880,any,92,N/A,IPv6,ICMP,N/A,v6,fe80::5ca9:83ff:fe87:27,ff02::179,N/A,N/A,N/A,N/A,N/A,N/A,,,0
1759293880,eth0,67,Ethernet,IPv4,UDP,N/A,v4,172.30.0.220,224.0.0.252,5355,5355,N/A,N/A,N/A,N/A,,,0
1759293880,any,69,N/A,IPv4,UDP,N/A,v4,172.30.0.220,224.0.0.252,5355,5355,N/A,N/A,N/A,N/A,,,0
1759293880,eth0,87,Ethernet,IPv6,UDP,N/A,v6,fe80::5ca9:83ff:fe87:27,ff02::1:52,5355,5355,N/A,N/A,N/A,N/A,,,0
1759293880,any,89,N/A,IPv6,UDP,N/A,v6,fe80::5ca9:83ff:fe87:27,ff02::1:52,5355,5355,N/A,N/A,N/A,N/A,,,0
1759293880,eth0,356,Ethernet,IPv4,UDP,N/A,v4,0.0.0.0,255.255.255.255,68,67,N/A,N/A,N/A,N/A,,,0
1759293880,any,358,N/A,IPv4,UDP,N/A,v4,0.0.0.0,255.255.255.255,68,67,N/A,N/A,N/A,N/A,,,0
1759293880,eth0,368,Ethernet,IPv4,UDP,N/A,v4,0.0.0.0,255.255.255.255,68,67,N/A,N/A,N/A,N/A,,,0
1759293880,any,370,N/A,IPv4,UDP,N/A,v4,0.0.0.0,255.255.255.255,68,67,N/A,N/A,N/A,N/A,,,0
1759293880,any,112,N/A,IPv6,ICMP,N/A,v6,fe80::a824:52ff:fe4f:69,ff02::179,N/A,N/A,N/A,N/A,N/A,N/A,,,0
1759293880,eth1,110,Ethernet,IPv6,ICMP,N/A,v6,fe80::a824:52ff:fe4f:69,ff02::179,N/A,N/A,N/A,N/A,N/A,N/A,,,0
1759293880,eth0,110,Ethernet,IPv6,ICMP,N/A,v6,fe80::5ca9:83ff:fe87:27,ff02::179,N/A,N/A,N/A,N/A,N/A,N/A,,,0
1759293880,eth0,54,Ethernet,IPv4,N/A,N/A,v4,172.30.0.220,224.0.0.22,N/A,N/A,N/A,N/A,N/A,N/A,,,0
1759293880,any,112,N/A,IPv6,ICMP,N/A,v6,fe80::5ca9:83ff:fe87:27,ff02::179,N/A,N/A,N/A,N/A,N/A,N/A,,,0
1759293880,eth1,110,Ethernet,IPv6,ICMP,N/A,v6,fe80::a824:52ff:fe4f:69,ff02::179,N/A,N/A,N/A,N/A,N/A,N/A,,,0
1759293880,any,112,N/A,IPv6,ICMP,N/A,v6,fe80::a824:52ff:fe4f:69,ff02::179,N/A,N/A,N/A,N/A,N/A,N/A,,,0
1759293880,eth0,42,Ethernet,N/A,N/A,N/A,N/A,N/A,N/A,N/A,N/A,N/A,N/A,N/A,N/A,,,0
1759293880,any,44,ARP,N/A,N/A,N/A,N/A,N/A,N/A,N/A,N/A,1,2048,172.30.0.220,172.30.0.122,,,0
1759293880,eth0,56,Ethernet,N/A,N/A,N/A,N/A,N/A,N/A,N/A,N/A,N/A,N/A,N/A,N/A,,,0
1759293880,eth0,56,Ethernet,N/A,N/A,N/A,N/A,N/A,N/A,N/A,N/A,N/A,N/A,N/A,N/A,,,0
1759293880,any,58,ARP,N/A,N/A,N/A,N/A,N/A,N/A,N/A,N/A,2,2048,172.30.0.122,172.30.0.220,,,0
1759293880,eth0,54,Ethernet,IPv4,N/A,N/A,v4,172.30.0.220,224.0.0.22,N/A,N/A,N/A,N/A,N/A,N/A,,,0
1759293880,any,56,N/A,IPv4,N/A,N/A,v4,172.30.0.220,224.0.0.22,N/A,N/A,N/A,N/A,N/A,N/A,,,0
1759293881,eth0,110,Ethernet,IPv6,ICMP,N/A,v6,fe80::5ca9:83ff:fe87:27,ff02::179,N/A,N/A,N/A,N/A,N/A,N/A,,,0
1759293881,any,112,N/A,IPv6,ICMP,N/A,v6,fe80::5ca9:83ff:fe87:27,ff02::179,N/A,N/A,N/A,N/A,N/A,N/A,,,0
1759293881,eth0,107,Ethernet,N/A,N/A,N/A,N/A,N/A,N/A,N/A,N/A,N/A,N/A,N/A,N/A,,,0
1759293881,eth0,70,Ethernet,IPv6,ICMP,N/A,v6,fe80::5ca9:83ff:fe87:27,ff02::204,N/A,N/A,N/A,N/A,N/A,N/A,,,0
1759293881,any,72,N/A,IPv6,ICMP,N/A,v6,fe80::a824:52ff:fe4f:69,ff02::204,N/A,N/A,N/A,N/A,N/A,N/A,,,0
1759293881,eth1,70,Ethernet,IPv6,ICMP,N/A,v6,fe80::a824:52ff:fe4f:69,ff02::204,N/A,N/A,N/A,N/A,N/A,N/A,,,0
1759293882,eth0,107,Ethernet,N/A,N/A,N/A,N/A,N/A,N/A,N/A,N/A,N/A,N/A,N/A,N/A,,,0
1759293882,any,109,N/A,N/A,N/A,N/A,N/A,N/A,N/A,N/A,N/A,N/A,N/A,N/A,N/A,,,0
1759293883,eth0,107,Ethernet,N/A,N/A,N/A,N/A,N/A,N/A,N/A,N/A,N/A,N/A,N/A,N/A,,,0
1759293883,any,109,N/A,N/A,N/A,N/A,N/A,N/A,N/A,N/A,N/A,N/A,N/A,N/A,N/A,,,0
1759293885,eth0,107,Ethernet,N/A,N/A,N/A,N/A,N/A,N/A,N/A,N/A,N/A,N/A,N/A,N/A,,,0
1759293885,any,109,N/A,N/A,N/A,N/A,N/A,N/A,N/A,N/A,N/A,N/A,N/A,N/A,N/A,,,0
1759293885,eth1,70,Ethernet,IPv6,ICMP,N/A,v6,fe80::a824:52ff:fe4f:69,ff02::204,N/A,N/A,N/A,N/A,N/A,N/A,,,0
1759293885,any,72,N/A,IPv6,ICMP,N/A,v6,fe80::a824:52ff:fe4f:69,ff02::204,N/A,N/A,N/A,N/A,N/A,N/A,,,0
1759293885,eth0,90,Ethernet,IPv6,ICMP,N/A,v6,fe80::5ca9:83ff:fe87:27,ff02::179,N/A,N/A,N/A,N/A,N/A,N/A,,,0
1759293885,eth0,54,Ethernet,IPv4,N/A,N/A,v4,172.30.0.220,224.0.0.22,N/A,N/A,N/A,N/A,N/A,N/A,,,0
1759293885,any,92,N/A,IPv6,ICMP,N/A,v6,fe80::5ca9:83ff:fe87:27,ff02::179,N/A,N/A,N/A,N/A,N/A,N/A,,,0
1759293885,eth0,87,Ethernet,IPv6,UDP,N/A,v6,fe80::5ca9:83ff:fe87:27,ff02::1:52,5355,5355,N/A,N/A,N/A,N/A,,,0
1759293885,eth0,67,Ethernet,IPv4,UDP,N/A,v4,172.30.0.220,224.0.0.252,5355,5355,N/A,N/A,N/A,N/A,,,0
1759293885,any,89,N/A,IPv6,UDP,N/A,v6,fe80::5ca9:83ff:fe87:27,ff02::1:52,5355,5355,N/A,N/A,N/A,N/A,,,0
1759293885,eth0,356,Ethernet,IPv4,UDP,N/A,v4,0.0.0.0,255.255.255.255,68,67,N/A,N/A,N/A,N/A,,,0
1759293885,any,358,N/A,IPv4,UDP,N/A,v4,0.0.0.0,255.255.255.255,68,67,N/A,N/A,N/A,N/A,,,0
1759293885,eth0,368,Ethernet,IPv4,UDP,N/A,v4,0.0.0.0,255.255.255.255,68,67,N/A,N/A,N/A,N/A,,,0
1759293885,any,370,N/A,IPv4,UDP,N/A,v4,0.0.0.0,255.255.255.255,68,67,N/A,N/A,N/A,N/A,,,0
1759293885,eth1,110,Ethernet,IPv6,ICMP,N/A,v6,fe80::a824:52ff:fe4f:69,ff02::179,N/A,N/A,N/A,N/A,N/A,N/A,,,0
1759293885,any,112,N/A,IPv6,ICMP,N/A,v6,fe80::a824:52ff:fe4f:69,ff02::179,N/A,N/A,N/A,N/A,N/A,N/A,,,0
1759293885,any,56,N/A,IPv4,N/A,N/A,v4,172.30.0.220,224.0.0.22,N/A,N/A,N/A,N/A,N/A,N/A,,,0
1759293885,any,112,N/A,IPv6,ICMP,N/A,v6,fe80::5ca9:83ff:fe87:27,ff02::179,N/A,N/A,N/A,N/A,N/A,N/A,,,0
1759293885,any,44,ARP,N/A,N/A,N/A,N/A,N/A,N/A,N/A,N/A,1,2048,172.30.0.220,172.30.0.122,,,0
1759293885,any,58,ARP,N/A,N/A,N/A,N/A,N/A,N/A,N/A,N/A,2,2048,172.30.0.122,172.30.0.220,,,0
1759293885,eth0,54,Ethernet,IPv4,N/A,N/A,v4,172.30.0.220,224.0.0.22,N/A,N/A,N/A,N/A,N/A,N/A,,,0
1759293885,eth0,110,Ethernet,IPv6,ICMP,N/A,v6,fe80::5ca9:83ff:fe87:27,ff02::179,N/A,N/A,N/A,N/A,N/A,N/A,,,0
1759293885,eth0,42,Ethernet,N/A,N/A,N/A,N/A,N/A,N/A,N/A,N/A,N/A,N/A,N/A,N/A,,,0
1759293885,eth0,56,Ethernet,N/A,N/A,N/A,N/A,N/A,N/A,N/A,N/A,N/A,N/A,N/A,N/A,,,0
1759293885,eth0,56,Ethernet,N/A,N/A,N/A,N/A,N/A,N/A,N/A,N/A,N/A,N/A,N/A,N/A,,,0
1759293886,eth1,110,Ethernet,IPv6,ICMP,N/A,v6,fe80::a824:52ff:fe4f:69,ff02::179,N/A,N/A,N/A,N/A,N/A,N/A,,,0
1759293886,any,112,N/A,IPv6,ICMP,N/A,v6,fe80::a824:52ff:fe4f:69,ff02::179,N/A,N/A,N/A,N/A,N/A,N/A,,,0
1759293886,eth0,110,Ethernet,IPv6,ICMP,N/A,v6,fe80::5ca9:83ff:fe87:27,ff02::179,N/A,N/A,N/A,N/A,N/A,N/A,,,0
1759293886,any,112,N/A,IPv6,ICMP,N/A,v6,fe80::5ca9:83ff:fe87:27,ff02::179,N/A,N/A,N/A,N/A,N/A,N/A,,,0
1759293886,eth0,54,Ethernet,IPv4,N/A,N/A,v4,172.30.0.220,224.0.0.22,N/A,N/A,N/A,N/A,N/A,N/A,,,0
1759293886,any,56,N/A,IPv4,N/A,N/A,v4,172.30.0.220,224.0.0.22,N/A,N/A,N/A,N/A,N/A,N/A,,,0
1759293886,eth0,107,Ethernet,N/A,N/A,N/A,N/A,N/A,N/A,N/A,N/A,N/A,N/A,N/A,N/A,,,0
1759293886,eth0,70,Ethernet,IPv6,ICMP,N/A,v6,fe80::5ca9:83ff:fe87:27,ff02::204,N/A,N/A,N/A,N/A,N/A,N/A,,,0
1759293886,any,72,N/A,IPv6,ICMP,N/A,v6,fe80::a824:52ff:fe4f:69,ff02::204,N/A,N/A,N/A,N/A,N/A,N/A,,,0
1759293886,eth1,70,Ethernet,IPv6,ICMP,N/A,v6,fe80::a824:52ff:fe4f:69,ff02::204,N/A,N/A,N/A,N/A,N/A,N/A,,,0
1759293887,eth0,107,Ethernet,N/A,N/A,N/A,N/A,N/A,N/A,N/A,N/A,N/A,N/A,N/A,N/A,,,0
1759293887,any,109,N/A,N/A,N/A,N/A,N/A,N/A,N/A,N/A,N/A,N/A,N/A,N/A,N/A,,,0
1759293889,eth0,107,Ethernet,N/A,N/A,N/A,N/A,N/A,N/A,N/A,N/A,N/A,N/A,N/A,N/A,,,0
1759293889,any,109,N/A,N/A,N/A,N/A,N/A,N/A,N/A,N/A,N/A,N/A,N/A,N/A,N/A,,,0
1759293889,eth0,90,Ethernet,IPv6,ICMP,N/A,v6,fe80::5ca9:83ff:fe87:27,ff02::179,N/A,N/A,N/A,N/A,N/A,N/A,,,0
1759293889,eth0,54,Ethernet,IPv4,N/A,N/A,v4,172.30.0.220,224.0.0.22,N/A,N/A,N/A,N/A,N/A,N/A,,,0
1759293889,any,92,N/A,IPv6,ICMP,N/A,v6,fe80::5ca9:83ff:fe87:27,ff02::179,N/A,N/A,N/A,N/A,N/A,N/A,,,0
1759293889,eth0,90,Ethernet,IPv6,ICMP,N/A,v6,fe80::5ca9:83ff:fe87:27,ff02::179,N/A,N/A,N/A,N/A,N/A,N/A,,,0
1759293889,any,92,N/A,IPv6,ICMP,N/A,v6,fe80::5ca9:83ff:fe87:27,ff02::179,N/A,N/A,N/A,N/A,N/A,N/A,,,0
1759293889,eth0,67,Ethernet,IPv4,UDP,N/A,v4,172.30.0.220,224.0.0.252,5355,5355,N/A,N/A,N/A,N/A,,,0
1759293889,eth0,87,Ethernet,IPv6,UDP,N/A,v6,fe80::5ca9:83ff:fe87:27,ff02::1:52,5355,5355,N/A,N/A,N/A,N/A,,,0
1759293889,any,69,N/A,IPv4,UDP,N/A,v4,172.30.0.220,224.0.0.252,5355,5355,N/A,N/A,N/A,N/A,,,0
1759293889,eth0,356,Ethernet,IPv4,UDP,N/A,v4,0.0.0.0,255.255.255.255,68,67,N/A,N/A,N/A,N/A,,,0
1759293889,any,358,N/A,IPv4,UDP,N/A,v4,0.0.0.0,255.255.255.255,68,67,N/A,N/A,N/A,N/A,,,0
1759293889,eth0,368,Ethernet,IPv4,UDP,N/A,v4,0.0.0.0,255.255.255.255,68,67,N/A,N/A,N/A,N/A,,,0
1759293889,any,370,N/A,IPv4,UDP,N/A,v4,0.0.0.0,255.255.255.255,68,67,N/A,N/A,N/A,N/A,,,0
1759293889,eth1,110,Ethernet,IPv6,ICMP,N/A,v6,fe80::a824:52ff:fe4f:69,ff02::179,N/A,N/A,N/A,N/A,N/A,N/A,,,0
1759293889,any,112,N/A,IPv6,ICMP,N/A,v6,fe80::a824:52ff:fe4f:69,ff02::179,N/A,N/A,N/A,N/A,N/A,N/A,,,0
1759293889,eth0,110,Ethernet,IPv6,ICMP,N/A,v6,fe80::5ca9:83ff:fe87:27,ff02::179,N/A,N/A,N/A,N/A,N/A,N/A,,,0
1759293889,eth0,54,Ethernet,IPv4,N/A,N/A,v4,172.30.0.220,224.0.0.22,N/A,N/A,N/A,N/A,N/A,N/A,,,0
1759293889,any,112,N/A,IPv6,ICMP,N/A,v6,fe80::5ca9:83ff:fe87:27,ff02::179,N/A,N/A,N/A,N/A,N/A,N/A,,,0
1759293890,eth0,110,Ethernet,IPv6,ICMP,N/A,v6,fe80::5ca9:83ff:fe87:27,ff02::179,N/A,N/A,N/A,N/A,N/A,N/A,,,0
1759293890,any,112,N/A,IPv6,ICMP,N/A,v6,fe80::5ca9:83ff:fe87:27,ff02::179,N/A,N/A,N/A,N/A,N/A,N/A,,,0
1759293890,eth1,110,Ethernet,IPv6,ICMP,N/A,v6,fe80::a824:52ff:fe4f:69,ff02::179,N/A,N/A,N/A,N/A,N/A,N/A,,,0
1759293890,any,112,N/A,IPv6,ICMP,N/A,v6,fe80::a824:52ff:fe4f:69,ff02::179,N/A,N/A,N/A,N/A,N/A,N/A,,,0
1759293890,eth0,70,Ethernet,IPv6,ICMP,N/A,v6,fe80::5ca9:83ff:fe87:27,ff02::204,N/A,N/A,N/A,N/A,N/A,N/A,,,0
1759293890,any,72,N/A,IPv6,ICMP,N/A,v6,fe80::a824:52ff:fe4f:69,ff02::204,N/A,N/A,N/A,N/A,N/A,N/A,,,0
1759293890,eth1,70,Ethernet,IPv6,ICMP,N/A,v6,fe80::a824:52ff:fe4f:69,ff02::204,N/A,N/A,N/A,N/A,N/A,N/A,,,0
1759293890,eth0,54,Ethernet,IPv4,N/A,N/A,v4,172.30.0.220,224.0.0.22,N/A,N/A,N/A,N/A,N/A,N/A,,,0
1759293890,any,56,N/A,IPv4,N/A,N/A,v4,172.30.0.220,224.0.0.22,N/A,N/A,N/A,N/A,N/A,N/A,,,0
1759293890,any,44,ARP,N/A,N/A,N/A,N/A,N/A,N/A,N/A,N/A,1,2048,172.30.0.220,172.30.0.122,,,0
1759293890,any,58,ARP,N/A,N/A,N/A,N/A,N/A,N/A,N/A,N/A,2,2048,172.30.0.122,172.30.0.220,,,0
1759293890,any,109,N/A,N/A,N/A,N/A,N/A,N/A,N/A,N/A,N/A,N/A,N/A,N/A,N/A,,,0
1759293890,eth0,42,Ethernet,N/A,N/A,N/A,N/A,N/A,N/A,N/A,N/A,N/A,N/A,N/A,N/A,,,0
1759293890,eth0,56,Ethernet,N/A,N/A,N/A,N/A,N/A,N/A,N/A,N/A,N/A,N/A,N/A,N/A,,,0
1759293890,eth0,107,Ethernet,N/A,N/A,N/A,N/A,N/A,N/A,N/A,N/A,N/A,N/A,N/A,N/A,,,0
1759293890,eth0,56,Ethernet,N/A,N/A,N/A,N/A,N/A,N/A,N/A,N/A,N/A,N/A,N/A,N/A,,,0
1759293891,eth0,107,Ethernet,N/A,N/A,N/A,N/A,N/A,N/A,N/A,N/A,N/A,N/A,N/A,N/A,,,0
1759293891,any,109,N/A,N/A,N/A,N/A,N/A,N/A,N/A,N/A,N/A,N/A,N/A,N/A,N/A,,,0
1759293892,eth0,107,Ethernet,N/A,N/A,N/A,N/A,N/A,N/A,N/A,N/A,N/A,N/A,N/A,N/A,,,0
1759293892,any,109,N/A,N/A,N/A,N/A,N/A,N/A,N/A,N/A,N/A,N/A,N/A,N/A,N/A,,,0
1759293894,eth0,107,Ethernet,N/A,N/A,N/A,N/A,N/A,N/A,N/A,N/A,N/A,N/A,N/A,N/A,,,0
1759293894,any,109,N/A,N/A,N/A,N/A,N/A,N/A,N/A,N/A,N/A,N/A,N/A,N/A,N/A,,,0
1759293894,eth1,70,Ethernet,IPv6,ICMP,N/A,v6,fe80::a824:52ff:fe4f:69,ff02::204,N/A,N/A,N/A,N/A,N/A,N/A,,,0
1759293894,any,72,N/A,IPv6,ICMP,N/A,v6,fe80::a824:52ff:fe4f:69,ff02::204,N/A,N/A,N/A,N/A,N/A,N/A,,,0
1759293894,eth0,90,Ethernet,IPv6,ICMP,N/A,v6,fe80::5ca9:83ff:fe87:27,ff02::179,N/A,N/A,N/A,N/A,N/A,N/A,,,0
1759293894,eth0,54,Ethernet,IPv4,N/A,N/A,v4,172.30.0.220,224.0.0.22,N/A,N/A,N/A,N/A,N/A,N/A,,,0
1759293894,any,92,N/A,IPv6,ICMP,N/A,v6,fe80::5ca9:83ff:fe87:27,ff02::179,N/A,N/A,N/A,N/A,N/A,N/A,,,0
1759293894,eth0,67,Ethernet,IPv4,UDP,N/A,v4,172.30.0.220,224.0.0.252,5355,5355,N/A,N/A,N/A,N/A,,,0
1759293894,any,69,N/A,IPv4,UDP,N/A,v4,172.30.0.220,224.0.0.252,5355,5355,N/A,N/A,N/A,N/A,,,0
1759293894,eth0,87,Ethernet,IPv6,UDP,N/A,v6,fe80::5ca9:83ff:fe87:27,ff02::1:52,5355,5355,N/A,N/A,N/A,N/A,,,0
1759293894,any,89,N/A,IPv6,UDP,N/A,v6,fe80::5ca9:83ff:fe87:27,ff02::1:52,5355,5355,N/A,N/A,N/A,N/A,,,0
1759293894,eth0,356,Ethernet,IPv4,UDP,N/A,v4,0.0.0.0,255.255.255.255,68,67,N/A,N/A,N/A,N/A,,,0
1759293894,any,358,N/A,IPv4,UDP,N/A,v4,0.0.0.0,255.255.255.255,68,67,N/A,N/A,N/A,N/A,,,0
1759293894,eth1,110,Ethernet,IPv6,ICMP,N/A,v6,fe80::a824:52ff:fe4f:69,ff02::179,N/A,N/A,N/A,N/A,N/A,N/A,,,0
1759293894,any,112,N/A,IPv6,ICMP,N/A,v6,fe80::a824:52ff:fe4f:69,ff02::179,N/A,N/A,N/A,N/A,N/A,N/A,,,0
1759293894,eth0,368,Ethernet,IPv4,UDP,N/A,v4,0.0.0.0,255.255.255.255,68,67,N/A,N/A,N/A,N/A,,,0
1759293895,any,370,N/A,IPv4,UDP,N/A,v4,0.0.0.0,255.255.255.255,68,67,N/A,N/A,N/A,N/A,,,0
1759293895,any,56,N/A,IPv4,N/A,N/A,v4,172.30.0.220,224.0.0.22,N/A,N/A,N/A,N/A,N/A,N/A,,,0
1759293895,any,112,N/A,IPv6,ICMP,N/A,v6,fe80::5ca9:83ff:fe87:27,ff02::179,N/A,N/A,N/A,N/A,N/A,N/A,,,0
1759293895,any,56,N/A,IPv4,N/A,N/A,v4,172.30.0.220,224.0.0.22,N/A,N/A,N/A,N/A,N/A,N/A,,,0
1759293895,any,44,ARP,N/A,N/A,N/A,N/A,N/A,N/A,N/A,N/A,1,2048,172.30.0.220,172.30.0.122,,,0
1759293895,any,58,ARP,N/A,N/A,N/A,N/A,N/A,N/A,N/A,N/A,2,2048,172.30.0.122,172.30.0.220,,,0
1759293895,eth0,54,Ethernet,IPv4,N/A,N/A,v4,172.30.0.220,224.0.0.22,N/A,N/A,N/A,N/A,N/A,N/A,,,0
1759293895,eth0,110,Ethernet,IPv6,ICMP,N/A,v6,fe80::5ca9:83ff:fe87:27,ff02::179,N/A,N/A,N/A,N/A,N/A,N/A,,,0
1759293895,eth0,54,Ethernet,IPv4,N/A,N/A,v4,172.30.0.220,224.0.0.22,N/A,N/A,N/A,N/A,N/A,N/A,,,0
1759293895,eth0,42,Ethernet,N/A,N/A,N/A,N/A,N/A,N/A,N/A,N/A,N/A,N/A,N/A,N/A,,,0
1759293895,eth0,56,Ethernet,N/A,N/A,N/A,N/A,N/A,N/A,N/A,N/A,N/A,N/A,N/A,N/A,,,0
1759293895,eth0,56,Ethernet,N/A,N/A,N/A,N/A,N/A,N/A,N/A,N/A,N/A,N/A,N/A,N/A,,,0
1759293895,eth0,110,Ethernet,IPv6,ICMP,N/A,v6,fe80::5ca9:83ff:fe87:27,ff02::179,N/A,N/A,N/A,N/A,N/A,N/A,,,0
1759293895,any,112,N/A,IPv6,ICMP,N/A,v6,fe80::5ca9:83ff:fe87:27,ff02::179,N/A,N/A,N/A,N/A,N/A,N/A,,,0
1759293895,eth1,110,Ethernet,IPv6,ICMP,N/A,v6,fe80::a824:52ff:fe4f:69,ff02::179,N/A,N/A,N/A,N/A,N/A,N/A,,,0
1759293895,any,112,N/A,IPv6,ICMP,N/A,v6,fe80::a824:52ff:fe4f:69,ff02::179,N/A,N/A,N/A,N/A,N/A,N/A,,,0
1759293895,eth0,70,Ethernet,IPv6,ICMP,N/A,v6,fe80::5ca9:83ff:fe87:27,ff02::204,N/A,N/A,N/A,N/A,N/A,N/A,,,0
1759293895,any,72,N/A,IPv6,ICMP,N/A,v6,fe80::a824:52ff:fe4f:69,ff02::204,N/A,N/A,N/A,N/A,N/A,N/A,,,0
1759293895,eth1,70,Ethernet,IPv6,ICMP,N/A,v6,fe80::a824:52ff:fe4f:69,ff02::204,N/A,N/A,N/A,N/A,N/A,N/A,,,0
1759293896,eth0,107,Ethernet,N/A,N/A,N/A,N/A,N/A,N/A,N/A,N/A,N/A,N/A,N/A,N/A,,,0
1759293896,any,109,N/A,N/A,N/A,N/A,N/A,N/A,N/A,N/A,N/A,N/A,N/A,N/A,N/A,,,0
1759293897,eth0,107,Ethernet,N/A,N/A,N/A,N/A,N/A,N/A,N/A,N/A,N/A,N/A,N/A,N/A,,,0
1759293897,any,109,N/A,N/A,N/A,N/A,N/A,N/A,N/A,N/A,N/A,N/A,N/A,N/A,N/A,,,0
1759293898,eth0,107,Ethernet,N/A,N/A,N/A,N/A,N/A,N/A,N/A,N/A,N/A,N/A,N/A,N/A,,,0
1759293898,any,109,N/A,N/A,N/A,N/A,N/A,N/A,N/A,N/A,N/A,N/A,N/A,N/A,N/A,,,0
1759293898,eth0,90,Ethernet,IPv6,ICMP,N/A,v6,fe80::5ca9:83ff:fe87:27,ff02::179,N/A,N/A,N/A,N/A,N/A,N/A,,,0
1759293898,eth0,54,Ethernet,IPv4,N/A,N/A,v4,172.30.0.220,224.0.0.22,N/A,N/A,N/A,N/A,N/A,N/A,,,0
1759293898,any,92,N/A,IPv6,ICMP,N/A,v6,fe80::5ca9:83ff:fe87:27,ff02::179,N/A,N/A,N/A,N/A,N/A,N/A,,,0
1759293898,eth0,54,Ethernet,IPv4,N/A,N/A,v4,172.30.0.220,224.0.0.22,N/A,N/A,N/A,N/A,N/A,N/A,,,0
1759293898,eth0,87,Ethernet,IPv6,UDP,N/A,v6,fe80::5ca9:83ff:fe87:27,ff02::1:52,5355,5355,N/A,N/A,N/A,N/A,,,0
1759293898,eth0,67,Ethernet,IPv4,UDP,N/A,v4,172.30.0.220,224.0.0.252,5355,5355,N/A,N/A,N/A,N/A,,,0
1759293898,any,56,N/A,IPv4,N/A,N/A,v4,172.30.0.220,224.0.0.22,N/A,N/A,N/A,N/A,N/A,N/A,,,0
1759293899,eth1,110,Ethernet,IPv6,ICMP,N/A,v6,fe80::a824:52ff:fe4f:69,ff02::179,N/A,N/A,N/A,N/A,N/A,N/A,,,0
1759293899,any,358,N/A,IPv4,UDP,N/A,v4,0.0.0.0,255.255.255.255,68,67,N/A,N/A,N/A,N/A,,,0
1759293899,any,112,N/A,IPv6,ICMP,N/A,v6,fe80::a824:52ff:fe4f:69,ff02::179,N/A,N/A,N/A,N/A,N/A,N/A,,,0
1759293899,eth0,356,Ethernet,IPv4,UDP,N/A,v4,0.0.0.0,255.255.255.255,68,67,N/A,N/A,N/A,N/A,,,0
1759293899,eth0,368,Ethernet,IPv4,UDP,N/A,v4,0.0.0.0,255.255.255.255,68,67,N/A,N/A,N/A,N/A,,,0
1759293899,any,370,N/A,IPv4,UDP,N/A,v4,0.0.0.0,255.255.255.255,68,67,N/A,N/A,N/A,N/A,,,0
1759293899,eth0,110,Ethernet,IPv6,ICMP,N/A,v6,fe80::5ca9:83ff:fe87:27,ff02::179,N/A,N/A,N/A,N/A,N/A,N/A,,,0
1759293899,eth0,54,Ethernet,IPv4,N/A,N/A,v4,172.30.0.220,224.0.0.22,N/A,N/A,N/A,N/A,N/A,N/A,,,0
1759293899,any,112,N/A,IPv6,ICMP,N/A,v6,fe80::5ca9:83ff:fe87:27,ff02::179,N/A,N/A,N/A,N/A,N/A,N/A,,,0
1759293899,eth1,110,Ethernet,IPv6,ICMP,N/A,v6,fe80::a824:52ff:fe4f:69,ff02::179,N/A,N/A,N/A,N/A,N/A,N/A,,,0
1759293899,any,112,N/A,IPv6,ICMP,N/A,v6,fe80::a824:52ff:fe4f:69,ff02::179,N/A,N/A,N/A,N/A,N/A,N/A,,,0
1759293899,eth0,54,Ethernet,IPv4,N/A,N/A,v4,172.30.0.220,224.0.0.22,N/A,N/A,N/A,N/A,N/A,N/A,,,0
1759293899,any,56,N/A,IPv4,N/A,N/A,v4,172.30.0.220,224.0.0.22,N/A,N/A,N/A,N/A,N/A,N/A,,,0
1759293899,eth0,70,Ethernet,IPv6,ICMP,N/A,v6,fe80::5ca9:83ff:fe87:27,ff02::204,N/A,N/A,N/A,N/A,N/A,N/A,,,0
1759293899,any,72,N/A,IPv6,ICMP,N/A,v6,fe80::a824:52ff:fe4f:69,ff02::204,N/A,N/A,N/A,N/A,N/A,N/A,,,0
1759293899,eth1,70,Ethernet,IPv6,ICMP,N/A,v6,fe80::a824:52ff:fe4f:69,ff02::204,N/A,N/A,N/A,N/A,N/A,N/A,,,0
1759293899,eth0,42,Ethernet,N/A,N/A,N/A,N/A,N/A,N/A,N/A,N/A,N/A,N/A,N/A,N/A,,,0
1759293899,eth0,56,Ethernet,N/A,N/A,N/A,N/A,N/A,N/A,N/A,N/A,N/A,N/A,N/A,N/A,,,0
1759293899,eth0,56,Ethernet,N/A,N/A,N/A,N/A,N/A,N/A,N/A,N/A,N/A,N/A,N/A,N/A,,,0
1759293899,any,44,ARP,N/A,N/A,N/A,N/A,N/A,N/A,N/A,N/A,1,2048,172.30.0.220,172.30.0.122,,,0
1759293899,any,58,ARP,N/A,N/A,N/A,N/A,N/A,N/A,N/A,N/A,2,2048,172.30.0.122,172.30.0.220,,,0
1759293899,any,58,ARP,N/A,N/A,N/A,N/A,N/A,N/A,N/A,N/A,2,2048,172.30.0.122,172.30.0.220,,,0
1759293899,eth0,110,Ethernet,IPv6,ICMP,N/A,v6,fe80::5ca9:83ff:fe87:27,ff02::179,N/A,N/A,N/A,N/A,N/A,N/A,,,0
1759293899,any,112,N/A,IPv6,ICMP,N/A,v6,fe80::5ca9:83ff:fe87:27,ff02::179,N/A,N/A,N/A,N/A,N/A,N/A,,,0
1759293899,eth0,107,Ethernet,N/A,N/A,N/A,N/A,N/A,N/A,N/A,N/A,N/A,N/A,N/A,N/A,,,0
1759293899,any,109,N/A,N/A,N/A,N/A,N/A,N/A,N/A,N/A,N/A,N/A,N/A,N/A,N/A,,,0
1759293901,eth0,107,Ethernet,N/A,N/A,N/A,N/A,N/A,N/A,N/A,N/A,N/A,N/A,N/A,N/A,,,0
1759293901,any,109,N/A,N/A,N/A,N/A,N/A,N/A,N/A,N/A,N/A,N/A,N/A,N/A,N/A,,,0
1759293902,eth0,107,Ethernet,N/A,N/A,N/A,N/A,N/A,N/A,N/A,N/A,N/A,N/A,N/A,N/A,,,0
1759293902,any,109,N/A,N/A,N/A,N/A,N/A,N/A,N/A,N/A,N/A,N/A,N/A,N/A,N/A,,,0
1759293903,eth0,107,Ethernet,N/A,N/A,N/A,N/A,N/A,N/A,N/A,N/A,N/A,N/A,N/A,N/A,,,0
1759293903,any,109,N/A,N/A,N/A,N/A,N/A,N/A,N/A,N/A,N/A,N/A,N/A,N/A,N/A,,,0
1759293903,eth1,70,Ethernet,IPv6,ICMP,N/A,v6,fe80::a824:52ff:fe4f:69,ff02::204,N/A,N/A,N/A,N/A,N/A,N/A,,,0
1759293903,any,72,N/A,IPv6,ICMP,N/A,v6,fe80::a824:52ff:fe4f:69,ff02::204,N/A,N/A,N/A,N/A,N/A,N/A,,,0
1759293903,eth0,70,Ethernet,IPv6,ICMP,N/A,v6,fe80::5ca9:83ff:fe87:27,ff02::204,N/A,N/A,N/A,N/A,N/A,N/A,,,0
1759293903,any,72,N/A,IPv6,ICMP,N/A,v6,fe80::5ca9:83ff:fe87:27,ff02::204,N/A,N/A,N/A,N/A,N/A,N/A,,,0
1759293904,eth0,90,Ethernet,IPv6,ICMP,N/A,v6,fe80::5ca9:83ff:fe87:27,ff02::179,N/A,N/A,N/A,N/A,N/A,N/A,,,0
1759293904,eth0,54,Ethernet,IPv4,N/A,N/A,v4,172.30.0.220,224.0.0.22,N/A,N/A,N/A,N/A,N/A,N/A,,,0
1759293904,any,92,N/A,IPv6,ICMP,N/A,v6,fe80::5ca9:83ff:fe87:27,ff02::179,N/A,N/A,N/A,N/A,N/A,N/A,,,0
1759293904,eth0,87,Ethernet,IPv6,UDP,N/A,v6,fe80::5ca9:83ff:fe87:27,ff02::1:52,5355,5355,N/A,N/A,N/A,N/A,,,0
1759293904,any,89,N/A,IPv6,UDP,N/A,v6,fe80::5ca9:83ff:fe87:27,ff02::1:52,5355,5355,N/A,N/A,N/A,N/A,,,0
1759293904,eth0,67,Ethernet,IPv4,UDP,N/A,v4,172.30.0.220,224.0.0.252,5355,5355,N/A,N/A,N/A,N/A,,,0
1759293904,any,69,N/A,IPv4,UDP,N/A,v4,172.30.0.220,224.0.0.252,5355,5355,N/A,N/A,N/A,N/A,,,0
1759293904,eth0,356,Ethernet,IPv4,UDP,N/A,v4,0.0.0.0,255.255.255.255,68,67,N/A,N/A,N/A,N/A,,,0
1759293904,any,358,N/A,IPv4,UDP,N/A,v4,0.0.0.0,255.255.255.255,68,67,N/A,N/A,N/A,N/A,,,0
1759293904,eth0,368,Ethernet,IPv4,UDP,N/A,v4,0.0.0.0,255.255.255.255,68,67,N/A,N/A,N/A,N/A,,,0
1759293904,any,370,N/A,IPv4,UDP,N/A,v4,0.0.0.0,255.255.255.255,68,67,N/A,N/A,N/A,N/A,,,0
1759293904,eth1,110,Ethernet,IPv6,ICMP,N/A,v6,fe80::a824:52ff:fe4f:69,ff02::179,N/A,N/A,N/A,N/A,N/A,N/A,,,0
1759293904,any,112,N/A,IPv6,ICMP,N/A,v6,fe80::a824:52ff:fe4f:69,ff02::179,N/A,N/A,N/A,N/A,N/A,N/A,,,0
1759293904,eth0,110,Ethernet,IPv6,ICMP,N/A,v6,fe80::5ca9:83ff:fe87:27,ff02::179,N/A,N/A,N/A,N/A,N/A,N/A,,,0
1759293904,eth0,54,Ethernet,IPv4,N/A,N/A,v4,172.30.0.220,224.0.0.22,N/A,N/A,N/A,N/A,N/A,N/A,,,0
1759293904,any,112,N/A,IPv6,ICMP,N/A,v6,fe80::5ca9:83ff:fe87:27,ff02::179,N/A,N/A,N/A,N/A,N/A,N/A,,,0
1759293904,eth0,42,Ethernet,N/A,N/A,N/A,N/A,N/A,N/A,N/A,N/A,N/A,N/A,N/A,N/A,,,0
1759293904,any,44,ARP,N/A,N/A,N/A,N/A,N/A,N/A,N/A,N/A,1,2048,172.30.0.220,172.30.0.122,,,0
1759293904,eth0,56,Ethernet,N/A,N/A,N/A,N/A,N/A,N/A,N/A,N/A,N/A,N/A,N/A,N/A,,,0
1759293904,eth0,56,Ethernet,N/A,N/A,N/A,N/A,N/A,N/A,N/A,N/A,N/A,N/A,N/A,N/A,,,0
1759293904,any,58,ARP,N/A,N/A,N/A,N/A,N/A,N/A,N/A,N/A,2,2048,172.30.0.122,172.30.0.220,,,0
1759293904,any,58,ARP,N/A,N/A,N/A,N/A,N/A,N/A,N/A,N/A,2,2048,172.30.0.122,172.30.0.220,,,0
1759293904,eth0,54,Ethernet,IPv4,N/A,N/A,v4,172.30.0.220,224.0.0.22,N/A,N/A,N/A,N/A,N/A,N/A,,,0
1759293904,any,56,N/A,IPv4,N/A,N/A,v4,172.30.0.220,224.0.0.22,N/A,N/A,N/A,N/A,N/A,N/A,,,0
1759293904,eth1,110,Ethernet,IPv6,ICMP,N/A,v6,fe80::a824:52ff:fe4f:69,ff02::179,N/A,N/A,N/A,N/A,N/A,N/A,,,0
1759293904,any,112,N/A,IPv6,ICMP,N/A,v6,fe80::a824:52ff:fe4f:69,ff02::179,N/A,N/A,N/A,N/A,N/A,N/A,,,0
1759293904,eth0,110,Ethernet,IPv6,ICMP,N/A,v6,fe80::5ca9:83ff:fe87:27,ff02::179,N/A,N/A,N/A,N/A,N/A,N/A,,,0
1759293904,any,112,N/A,IPv6,ICMP,N/A,v6,fe80::5ca9:83ff:fe87:27,ff02::179,N/A,N/A,N/A,N/A,N/A,N/A,,,0
1759293905,eth1,70,Ethernet,IPv6,ICMP,N/A,v6,fe80::a824:52ff:fe4f:69,ff02::204,N/A,N/A,N/A,N/A,N/A,N/A,,,0
1759293905,any,72,N/A,IPv6,ICMP,N/A,v6,fe80::a824:52ff:fe4f:69,ff02::204,N/A,N/A,N/A,N/A,N/A,N/A,,,0
1759293905,any,109,N/A,N/A,N/A,N/A,N/A,N/A,N/A,N/A,N/A,N/A,N/A,N/A,N/A,,,0
1759293905,eth0,107,Ethernet,N/A,N/A,N/A,N/A,N/A,N/A,N/A,N/A,N/A,N/A,N/A,N/A,,,0
1759293905,eth0,70,Ethernet,IPv6,ICMP,N/A,v6,fe80::5ca9:83ff:fe87:27,ff02::204,N/A,N/A,N/A,N/A,N/A,N/A,,,0
1759293906,eth0,107,Ethernet,N/A,N/A,N/A,N/A,N/A,N/A,N/A,N/A,N/A,N/A,N/A,N/A,,,0
1759293906,any,109,N/A,N/A,N/A,N/A,N/A,N/A,N/A,N/A,N/A,N/A,N/A,N/A,N/A,,,0
1759293907,eth0,107,Ethernet,N/A,N/A,N/A,N/A,N/A,N/A,N/A,N/A,N/A,N/A,N/A,N/A,,,0
1759293907,any,109,N/A,N/A,N/A,N/A,N/A,N/A,N/A,N/A,N/A,N/A,N/A,N/A,N/A,,,0
1759293908,eth0,90,Ethernet,IPv6,ICMP,N/A,v6,fe80::5ca9:83ff:fe87:27,ff02::179,N/A,N/A,N/A,N/A,N/A,N/A,,,0
1759293908,eth0,54,Ethernet,IPv4,N/A,N/A,v4,172.30.0.220,224.0.0.22,N/A,N/A,N/A,N/A,N/A,N/A,,,0
1759293908,any,92,N/A,IPv6,ICMP,N/A,v6,fe80::5ca9:83ff:fe87:27,ff02::179,N/A,N/A,N/A,N/A,N/A,N/A,,,0
1759293908,eth0,67,Ethernet,IPv4,UDP,N/A,v4,172.30.0.220,224.0.0.252,5355,5355,N/A,N/A,N/A,N/A,,,0
1759293908,eth0,87,Ethernet,IPv6,UDP,N/A,v6,fe80::5ca9:83ff:fe87:27,ff02::1:52,5355,5355,N/A,N/A,N/A,N/A,,,0
1759293908,any,69,N/A,IPv4,UDP,N/A,v4,172.30.0.220,224.0.0.252,5355,5355,N/A,N/A,N/A,N/A,,,0
1759293908,eth0,356,Ethernet,IPv4,UDP,N/A,v4,0.0.0.0,255.255.255.255,68,67,N/A,N/A,N/A,N/A,,,0
1759293908,any,358,N/A,IPv4,UDP,N/A,v4,0.0.0.0,255.255.255.255,68,67,N/A,N/A,N/A,N/A,,,0
1759293908,eth0,368,Ethernet,IPv4,UDP,N/A,v4,0.0.0.0,255.255.255.255,68,67,N/A,N/A,N/A,N/A,,,0
1759293908,any,370,N/A,IPv4,UDP,N/A,v4,0.0.0.0,255.255.255.255,68,67,N/A,N/A,N/A,N/A,,,0
1759293908,eth1,110,Ethernet,IPv6,ICMP,N/A,v6,fe80::a824:52ff:fe4f:69,ff02::179,N/A,N/A,N/A,N/A,N/A,N/A,,,0
1759293908,any,56,N/A,IPv4,N/A,N/A,v4,172.30.0.220,224.0.0.22,N/A,N/A,N/A,N/A,N/A,N/A,,,0
1759293908,eth0,54,Ethernet,IPv4,N/A,N/A,v4,172.30.0.220,224.0.0.22,N/A,N/A,N/A,N/A,N/A,N/A,,,0
1759293908,eth0,110,Ethernet,IPv6,ICMP,N/A,v6,fe80::5ca9:83ff:fe87:27,ff02::179,N/A,N/A,N/A,N/A,N/A,N/A,,,0
1759293908,any,112,N/A,IPv6,ICMP,N/A,v6,fe80::5ca9:83ff:fe87:27,ff02::179,N/A,N/A,N/A,N/A,N/A,N/A,,,0
1759293908,eth0,54,Ethernet,IPv4,N/A,N/A,v4,172.30.0.220,224.0.0.22,N/A,N/A,N/A,N/A,N/A,N/A,,,0
1759293908,any,56,N/A,IPv4,N/A,N/A,v4,172.30.0.220,224.0.0.22,N/A,N/A,N/A,N/A,N/A,N/A,,,0
1759293908,eth0,110,Ethernet,IPv6,ICMP,N/A,v6,fe80::5ca9:83ff:fe87:27,ff02::179,N/A,N/A,N/A,N/A,N/A,N/A,,,0
1759293908,eth0,42,Ethernet,N/A,N/A,N/A,N/A,N/A,N/A,N/A,N/A,N/A,N/A,N/A,N/A,,,0
1759293908,eth0,56,Ethernet,N/A,N/A,N/A,N/A,N/A,N/A,N/A,N/A,N/A,N/A,N/A,N/A,,,0
1759293908,eth0,56,Ethernet,N/A,N/A,N/A,N/A,N/A,N/A,N/A,N/A,N/A,N/A,N/A,N/A,,,0
1759293908,any,112,N/A,IPv6,ICMP,N/A,v6,fe80::5ca9:83ff:fe87:27,ff02::179,N/A,N/A,N/A,N/A,N/A,N/A,,,0
1759293908,any,44,ARP,N/A,N/A,N/A,N/A,N/A,N/A,N/A,N/A,1,2048,172.30.0.220,172.30.0.122,,,0
1759293908,any,58,ARP,N/A,N/A,N/A,N/A,N/A,N/A,N/A,N/A,2,2048,172.30.0.122,172.30.0.220,,,0
1759293908,any,58,ARP,N/A,N/A,N/A,N/A,N/A,N/A,N/A,N/A,2,2048,172.30.0.122,172.30.0.220,,,0
1759293908,eth1,110,Ethernet,IPv6,ICMP,N/A,v6,fe80::a824:52ff:fe4f:69,ff02::179,N/A,N/A,N/A,N/A,N/A,N/A,,,0
1759293908,any,112,N/A,IPv6,ICMP,N/A,v6,fe80::a824:52ff:fe4f:69,ff02::179,N/A,N/A,N/A,N/A,N/A,N/A,,,0
1759293909,eth0,107,Ethernet,N/A,N/A,N/A,N/A,N/A,N/A,N/A,N/A,N/A,N/A,N/A,N/A,,,0
1759293909,eth0,70,Ethernet,IPv6,ICMP,N/A,v6,fe80::5ca9:83ff:fe87:27,ff02::204,N/A,N/A,N/A,N/A,N/A,N/A,,,0
1759293909,any,72,N/A,IPv6,ICMP,N/A,v6,fe80::a824:52ff:fe4f:69,ff02::204,N/A,N/A,N/A,N/A,N/A,N/A,,,0
1759293909,eth1,70,Ethernet,IPv6,ICMP,N/A,v6,fe80::a824:52ff:fe4f:69,ff02::204,N/A,N/A,N/A,N/A,N/A,N/A,,,0
1759293910,eth0,107,Ethernet,N/A,N/A,N/A,N/A,N/A,N/A,N/A,N/A,N/A,N/A,N/A,N/A,,,0
1759293910,any,109,N/A,N/A,N/A,N/A,N/A,N/A,N/A,N/A,N/A,N/A,N/A,N/A,N/A,,,0
1759293912,any,109,N/A,N/A,N/A,N/A,N/A,N/A,N/A,N/A,N/A,N/A,N/A,N/A,N/A,,,0
1759293912,eth0,107,Ethernet,N/A,N/A,N/A,N/A,N/A,N/A,N/A,N/A,N/A,N/A,N/A,N/A,,,0
1759293913,any,109,N/A,N/A,N/A,N/A,N/A,N/A,N/A,N/A,N/A,N/A,N/A,N/A,N/A,,,0
1759293913,eth0,107,Ethernet,N/A,N/A,N/A,N/A,N/A,N/A,N/A,N/A,N/A,N/A,N/A,N/A,,,0
1759293913,eth0,70,Ethernet,IPv6,ICMP,N/A,v6,fe80::5ca9:83ff:fe87:27,ff02::204,N/A,N/A,N/A,N/A,N/A,N/A,,,0
1759293913,any,72,N/A,IPv6,ICMP,N/A,v6,fe80::5ca9:83ff:fe87:27,ff02::204,N/A,N/A,N/A,N/A,N/A,N/A,,,0
1759293913,eth0,90,Ethernet,IPv6,ICMP,N/A,v6,fe80::5ca9:83ff:fe87:27,ff02::179,N/A,N/A,N/A,N/A,N/A,N/A,,,0
1759293913,eth0,54,Ethernet,IPv4,N/A,N/A,v4,172.30.0.220,224.0.0.22,N/A,N/A,N/A,N/A,N/A,N/A,,,0
1759293913,any,92,N/A,IPv6,ICMP,N/A,v6,fe80::5ca9:83ff:fe87:27,ff02::179,N/A,N/A,N/A,N/A,N/A,N/A,,,0
1759293913,eth0,67,Ethernet,IPv4,UDP,N/A,v4,172.30.0.220,224.0.0.252,5355,5355,N/A,N/A,N/A,N/A,,,0
1759293913,any,69,N/A,IPv4,UDP,N/A,v4,172.30.0.220,224.0.0.252,5355,5355,N/A,N/A,N/A,N/A,,,0
1759293913,eth0,356,Ethernet,IPv4,UDP,N/A,v4,0.0.0.0,255.255.255.255,68,67,N/A,N/A,N/A,N/A,,,0
1759293913,any,358,N/A,IPv4,UDP,N/A,v4,0.0.0.0,255.255.255.255,68,67,N/A,N/A,N/A,N/A,,,0
1759293913,eth0,368,Ethernet,IPv4,UDP,N/A,v4,0.0.0.0,255.255.255.255,68,67,N/A,N/A,N/A,N/A,,,0
1759293913,any,370,N/A,IPv4,UDP,N/A,v4,0.0.0.0,255.255.255.255,68,67,N/A,N/A,N/A,N/A,,,0
1759293913,eth1,110,Ethernet,IPv6,ICMP,N/A,v6,fe80::a824:52ff:fe4f:69,ff02::179,N/A,N/A,N/A,N/A,N/A,N/A,,,0
1759293913,any,112,N/A,IPv6,ICMP,N/A,v6,fe80::a824:52ff:fe4f:69,ff02::179,N/A,N/A,N/A,N/A,N/A,N/A,,,0
1759293913,eth0,54,Ethernet,IPv4,N/A,N/A,v4,172.30.0.220,224.0.0.22,N/A,N/A,N/A,N/A,N/A,N/A,,,0
1759293913,any,56,N/A,IPv4,N/A,N/A,v4,172.30.0.220,224.0.0.22,N/A,N/A,N/A,N/A,N/A,N/A,,,0
1759293913,eth0,110,Ethernet,IPv6,ICMP,N/A,v6,fe80::5ca9:83ff:fe87:27,ff02::179,N/A,N/A,N/A,N/A,N/A,N/A,,,0
1759293913,any,112,N/A,IPv6,ICMP,N/A,v6,fe80::5ca9:83ff:fe87:27,ff02::179,N/A,N/A,N/A,N/A,N/A,N/A,,,0
1759293913,eth0,42,Ethernet,N/A,N/A,N/A,N/A,N/A,N/A,N/A,N/A,N/A,N/A,N/A,N/A,,,0
1759293913,eth0,56,Ethernet,N/A,N/A,N/A,N/A,N/A,N/A,N/A,N/A,N/A,N/A,N/A,N/A,,,0
1759293913,eth0,56,Ethernet,N/A,N/A,N/A,N/A,N/A,N/A,N/A,N/A,N/A,N/A,N/A,N/A,,,0
1759293913,any,44,ARP,N/A,N/A,N/A,N/A,N/A,N/A,N/A,N/A,1,2048,172.30.0.220,172.30.0.122,,,0
1759293913,any,58,ARP,N/A,N/A,N/A,N/A,N/A,N/A,N/A,N/A,2,2048,172.30.0.122,172.30.0.220,,,0
1759293914,any,112,N/A,IPv6,ICMP,N/A,v6,fe80::a824:52ff:fe4f:69,ff02::179,N/A,N/A,N/A,N/A,N/A,N/A,,,0
1759293914,eth1,110,Ethernet,IPv6,ICMP,N/A,v6,fe80::a824:52ff:fe4f:69,ff02::179,N/A,N/A,N/A,N/A,N/A,N/A,,,0
1759293914,eth0,54,Ethernet,IPv4,N/A,N/A,v4,172.30.0.220,224.0.0.22,N/A,N/A,N/A,N/A,N/A,N/A,,,0
1759293914,any,56,N/A,IPv4,N/A,N/A,v4,172.30.0.220,224.0.0.22,N/A,N/A,N/A,N/A,N/A,N/A,,,0
1759293914,eth0,110,Ethernet,IPv6,ICMP,N/A,v6,fe80::5ca9:83ff:fe87:27,ff02::179,N/A,N/A,N/A,N/A,N/A,N/A,,,0
1759293914,any,112,N/A,IPv6,ICMP,N/A,v6,fe80::5ca9:83ff:fe87:27,ff02::179,N/A,N/A,N/A,N/A,N/A,N/A,,,0
1759293914,any,72,N/A,IPv6,ICMP,N/A,v6,fe80::a824:52ff:fe4f:69,ff02::204,N/A,N/A,N/A,N/A,N/A,N/A,,,0
1759293914,eth1,70,Ethernet,IPv6,ICMP,N/A,v6,fe80::a824:52ff:fe4f:69,ff02::204,N/A,N/A,N/A,N/A,N/A,N/A,,,0
1759293914,eth0,107,Ethernet,N/A,N/A,N/A,N/A,N/A,N/A,N/A,N/A,N/A,N/A,N/A,N/A,,,0
1759293914,eth0,70,Ethernet,IPv6,ICMP,N/A,v6,fe80::5ca9:83ff:fe87:27,ff02::204,N/A,N/A,N/A,N/A,N/A,N/A,,,0
1759293915,any,109,N/A,N/A,N/A,N/A,N/A,N/A,N/A,N/A,N/A,N/A,N/A,N/A,N/A,,,0
1759293915,eth0,107,Ethernet,N/A,N/A,N/A,N/A,N/A,N/A,N/A,N/A,N/A,N/A,N/A,N/A,,,0
1759293916,eth0,107,Ethernet,N/A,N/A,N/A,N/A,N/A,N/A,N/A,N/A,N/A,N/A,N/A,N/A,,,0
1759293916,any,109,N/A,N/A,N/A,N/A,N/A,N/A,N/A,N/A,N/A,N/A,N/A,N/A,N/A,,,0
1759293917,eth0,90,Ethernet,IPv6,ICMP,N/A,v6,fe80::5ca9:83ff:fe87:27,ff02::179,N/A,N/A,N/A,N/A,N/A,N/A,,,0
1759293917,eth0,54,Ethernet,IPv4,N/A,N/A,v4,172.30.0.220,224.0.0.22,N/A,N/A,N/A,N/A,N/A,N/A,,,0
1759293917,any,92,N/A,IPv6,ICMP,N/A,v6,fe80::5ca9:83ff:fe87:27,ff02::179,N/A,N/A,N/A,N/A,N/A,N/A,,,0
1759293917,eth0,87,Ethernet,IPv6,UDP,N/A,v6,fe80::5ca9:83ff:fe87:27,ff02::1:52,5355,5355,N/A,N/A,N/A,N/A,,,0
1759293917,eth0,67,Ethernet,IPv4,UDP,N/A,v4,172.30.0.220,224.0.0.252,5355,5355,N/A,N/A,N/A,N/A,,,0
1759293917,any,89,N/A,IPv6,UDP,N/A,v6,fe80::5ca9:83ff:fe87:27,ff02::1:52,5355,5355,N/A,N/A,N/A,N/A,,,0
1759293917,eth0,356,Ethernet,IPv4,UDP,N/A,v4,0.0.0.0,255.255.255.255,68,67,N/A,N/A,N/A,N/A,,,0
1759293917,any,358,N/A,IPv4,UDP,N/A,v4,0.0.0.0,255.255.255.255,68,67,N/A,N/A,N/A,N/A,,,0
1759293917,eth0,368,Ethernet,IPv4,UDP,N/A,v4,0.0.0.0,255.255.255.255,68,67,N/A,N/A,N/A,N/A,,,0
1759293917,any,370,N/A,IPv4,UDP,N/A,v4,0.0.0.0,255.255.255.255,68,67,N/A,N/A,N/A,N/A,,,0
1759293917,eth1,110,Ethernet,IPv6,ICMP,N/A,v6,fe80::a824:52ff:fe4f:69,ff02::179,N/A,N/A,N/A,N/A,N/A,N/A,,,0
1759293917,any,112,N/A,IPv6,ICMP,N/A,v6,fe80::a824:52ff:fe4f:69,ff02::179,N/A,N/A,N/A,N/A,N/A,N/A,,,0
1759293917,any,112,N/A,IPv6,ICMP,N/A,v6,fe80::5ca9:83ff:fe87:27,ff02::179,N/A,N/A,N/A,N/A,N/A,N/A,,,0
1759293917,eth0,110,Ethernet,IPv6,ICMP,N/A,v6,fe80::5ca9:83ff:fe87:27,ff02::179,N/A,N/A,N/A,N/A,N/A,N/A,,,0
1759293917,eth0,54,Ethernet,IPv4,N/A,N/A,v4,172.30.0.220,224.0.0.22,N/A,N/A,N/A,N/A,N/A,N/A,,,0
1759293917,any,56,N/A,IPv4,N/A,N/A,v4,172.30.0.220,224.0.0.22,N/A,N/A,N/A,N/A,N/A,N/A,,,0
1759293917,eth0,54,Ethernet,IPv4,N/A,N/A,v4,172.30.0.220,224.0.0.22,N/A,N/A,N/A,N/A,N/A,N/A,,,0
1759293918,eth0,110,Ethernet,IPv6,ICMP,N/A,v6,fe80::5ca9:83ff:fe87:27,ff02::179,N/A,N/A,N/A,N/A,N/A,N/A,,,0
1759293918,any,112,N/A,IPv6,ICMP,N/A,v6,fe80::5ca9:83ff:fe87:27,ff02::179,N/A,N/A,N/A,N/A,N/A,N/A,,,0
1759293918,eth1,110,Ethernet,IPv6,ICMP,N/A,v6,fe80::a824:52ff:fe4f:69,ff02::179,N/A,N/A,N/A,N/A,N/A,N/A,,,0
1759293918,eth1,70,Ethernet,IPv6,ICMP,N/A,v6,fe80::a824:52ff:fe4f:69,ff02::204,N/A,N/A,N/A,N/A,N/A,N/A,,,0
1759293918,any,112,N/A,IPv6,ICMP,N/A,v6,fe80::a824:52ff:fe4f:69,ff02::179,N/A,N/A,N/A,N/A,N/A,N/A,,,0
1759293918,any,44,ARP,N/A,N/A,N/A,N/A,N/A,N/A,N/A,N/A,1,2048,172.30.0.220,172.30.0.122,,,0
1759293918,any,58,ARP,N/A,N/A,N/A,N/A,N/A,N/A,N/A,N/A,2,2048,172.30.0.122,172.30.0.220,,,0
1759293918,eth0,42,Ethernet,N/A,N/A,N/A,N/A,N/A,N/A,N/A,N/A,N/A,N/A,N/A,N/A,,,0
1759293918,eth0,56,Ethernet,N/A,N/A,N/A,N/A,N/A,N/A,N/A,N/A,N/A,N/A,N/A,N/A,,,0
1759293918,eth0,56,Ethernet,N/A,N/A,N/A,N/A,N/A,N/A,N/A,N/A,N/A,N/A,N/A,N/A,,,0
1759293919,eth0,107,Ethernet,N/A,N/A,N/A,N/A,N/A,N/A,N/A,N/A,N/A,N/A,N/A,N/A,,,0
1759293919,any,109,N/A,N/A,N/A,N/A,N/A,N/A,N/A,N/A,N/A,N/A,N/A,N/A,N/A,,,0
1759293920,eth0,107,Ethernet,N/A,N/A,N/A,N/A,N/A,N/A,N/A,N/A,N/A,N/A,N/A,N/A,,,0
1759293920,any,109,N/A,N/A,N/A,N/A,N/A,N/A,N/A,N/A,N/A,N/A,N/A,N/A,N/A,,,0
1759293921,eth0,107,Ethernet,N/A,N/A,N/A,N/A,N/A,N/A,N/A,N/A,N/A,N/A,N/A,N/A,,,0
1759293921,any,109,N/A,N/A,N/A,N/A,N/A,N/A,N/A,N/A,N/A,N/A,N/A,N/A,N/A,,,0
1759293922,eth0,90,Ethernet,IPv6,ICMP,N/A,v6,fe80::5ca9:83ff:fe87:27,ff02::179,N/A,N/A,N/A,N/A,N/A,N/A,,,0
1759293922,eth0,54,Ethernet,IPv4,N/A,N/A,v4,172.30.0.220,224.0.0.22,N/A,N/A,N/A,N/A,N/A,N/A,,,0
1759293922,any,92,N/A,IPv6,ICMP,N/A,v6,fe80::5ca9:83ff:fe87:27,ff02::179,N/A,N/A,N/A,N/A,N/A,N/A,,,0
1759293922,eth0,87,Ethernet,IPv6,UDP,N/A,v6,fe80::5ca9:83ff:fe87:27,ff02::1:52,5355,5355,N/A,N/A,N/A,N/A,,,0
1759293922,any,89,N/A,IPv6,UDP,N/A,v6,fe80::5ca9:83ff:fe87:27,ff02::1:52,5355,5355,N/A,N/A,N/A,N/A,,,0
1759293922,eth0,356,Ethernet,IPv4,UDP,N/A,v4,0.0.0.0,255.255.255.255,68,67,N/A,N/A,N/A,N/A,,,0
1759293922,any,358,N/A,IPv4,UDP,N/A,v4,0.0.0.0,255.255.255.255,68,67,N/A,N/A,N/A,N/A,,,0
1759293922,eth0,368,Ethernet,IPv4,UDP,N/A,v4,0.0.0.0,255.255.255.255,68,67,N/A,N/A,N/A,N/A,,,0
1759293922,any,370,N/A,IPv4,UDP,N/A,v4,0.0.0.0,255.255.255.255,68,67,N/A,N/A,N/A,N/A,,,0
1759293922,eth1,110,Ethernet,IPv6,ICMP,N/A,v6,fe80::a824:52ff:fe4f:69,ff02::179,N/A,N/A,N/A,N/A,N/A,N/A,,,0
1759293922,any,112,N/A,IPv6,ICMP,N/A,v6,fe80::a824:52ff:fe4f:69,ff02::179,N/A,N/A,N/A,N/A,N/A,N/A,,,0
1759293922,eth0,110,Ethernet,IPv6,ICMP,N/A,v6,fe80::5ca9:83ff:fe87:27,ff02::179,N/A,N/A,N/A,N/A,N/A,N/A,,,0
1759293922,eth0,54,Ethernet,IPv4,N/A,N/A,v4,172.30.0.220,224.0.0.22,N/A,N/A,N/A,N/A,N/A,N/A,,,0
1759293922,eth0,42,Ethernet,N/A,N/A,N/A,N/A,N/A,N/A,N/A,N/A,N/A,N/A,N/A,N/A,,,0
1759293922,eth0,56,Ethernet,N/A,N/A,N/A,N/A,N/A,N/A,N/A,N/A,N/A,N/A,N/A,N/A,,,0
1759293922,eth0,56,Ethernet,N/A,N/A,N/A,N/A,N/A,N/A,N/A,N/A,N/A,N/A,N/A,N/A,,,0
1759293922,any,112,N/A,IPv6,ICMP,N/A,v6,fe80::5ca9:83ff:fe87:27,ff02::179,N/A,N/A,N/A,N/A,N/A,N/A,,,0
1759293922,any,44,ARP,N/A,N/A,N/A,N/A,N/A,N/A,N/A,N/A,1,2048,172.30.0.220,172.30.0.122,,,0
1759293922,any,58,ARP,N/A,N/A,N/A,N/A,N/A,N/A,N/A,N/A,2,2048,172.30.0.122,172.30.0.220,,,0
1759293922,any,58,ARP,N/A,N/A,N/A,N/A,N/A,N/A,N/A,N/A,2,2048,172.30.0.122,172.30.0.220,,,0
1759293922,any,112,N/A,IPv6,ICMP,N/A,v6,fe80::a824:52ff:fe4f:69,ff02::179,N/A,N/A,N/A,N/A,N/A,N/A,,,0
1759293922,eth1,110,Ethernet,IPv6,ICMP,N/A,v6,fe80::a824:52ff:fe4f:69,ff02::179,N/A,N/A,N/A,N/A,N/A,N/A,,,0
1759293923,eth0,54,Ethernet,IPv4,N/A,N/A,v4,172.30.0.220,224.0.0.22,N/A,N/A,N/A,N/A,N/A,N/A,,,0
1759293923,any,56,N/A,IPv4,N/A,N/A,v4,172.30.0.220,224.0.0.22,N/A,N/A,N/A,N/A,N/A,N/A,,,0
1759293923,any,112,N/A,IPv6,ICMP,N/A,v6,fe80::5ca9:83ff:fe87:27,ff02::179,N/A,N/A,N/A,N/A,N/A,N/A,,,0
1759293923,eth0,110,Ethernet,IPv6,ICMP,N/A,v6,fe80::5ca9:83ff:fe87:27,ff02::179,N/A,N/A,N/A,N/A,N/A,N/A,,,0
1759293923,eth0,107,Ethernet,N/A,N/A,N/A,N/A,N/A,N/A,N/A,N/A,N/A,N/A,N/A,N/A,,,0
1759293923,eth0,70,Ethernet,IPv6,ICMP,N/A,v6,fe80::5ca9:83ff:fe87:27,ff02::204,N/A,N/A,N/A,N/A,N/A,N/A,,,0
1759293923,any,72,N/A,IPv6,ICMP,N/A,v6,fe80::a824:52ff:fe4f:69,ff02::204,N/A,N/A,N/A,N/A,N/A,N/A,,,0
1759293923,eth1,70,Ethernet,IPv6,ICMP,N/A,v6,fe80::a824:52ff:fe4f:69,ff02::204,N/A,N/A,N/A,N/A,N/A,N/A,,,0
1759293924,eth0,107,Ethernet,N/A,N/A,N/A,N/A,N/A,N/A,N/A,N/A,N/A,N/A,N/A,N/A,,,0
1759293924,any,109,N/A,N/A,N/A,N/A,N/A,N/A,N/A,N/A,N/A,N/A,N/A,N/A,N/A,,,0
1759293925,eth0,107,Ethernet,N/A,N/A,N/A,N/A,N/A,N/A,N/A,N/A,N/A,N/A,N/A,N/A,,,0
1759293925,any,109,N/A,N/A,N/A,N/A,N/A,N/A,N/A,N/A,N/A,N/A,N/A,N/A,N/A,,,0
1759293926,eth0,90,Ethernet,IPv6,ICMP,N/A,v6,fe80::5ca9:83ff:fe87:27,ff02::179,N/A,N/A,N/A,N/A,N/A,N/A,,,0
1759293926,eth0,54,Ethernet,IPv4,N/A,N/A,v4,172.30.0.220,224.0.0.22,N/A,N/A,N/A,N/A,N/A,N/A,,,0
1759293926,any,92,N/A,IPv6,ICMP,N/A,v6,fe80::5ca9:83ff:fe87:27,ff02::179,N/A,N/A,N/A,N/A,N/A,N/A,,,0
1759293926,eth0,90,Ethernet,IPv6,ICMP,N/A,v6,fe80::5ca9:83ff:fe87:27,ff02::179,N/A,N/A,N/A,N/A,N/A,N/A,,,0
1759293926,any,92,N/A,IPv6,ICMP,N/A,v6,fe80::5ca9:83ff:fe87:27,ff02::179,N/A,N/A,N/A,N/A,N/A,N/A,,,0
1759293926,eth0,87,Ethernet,IPv6,UDP,N/A,v6,fe80::5ca9:83ff:fe87:27,ff02::1:52,5355,5355,N/A,N/A,N/A,N/A,,,0
1759293926,any,89,N/A,IPv6,UDP,N/A,v6,fe80::5ca9:83ff:fe87:27,ff02::1:52,5355,5355,N/A,N/A,N/A,N/A,,,0
1759293926,eth0,356,Ethernet,IPv4,UDP,N/A,v4,0.0.0.0,255.255.255.255,68,67,N/A,N/A,N/A,N/A,,,0
1759293926,any,358,N/A,IPv4,UDP,N/A,v4,0.0.0.0,255.255.255.255,68,67,N/A,N/A,N/A,N/A,,,0
1759293926,eth0,368,Ethernet,IPv4,UDP,N/A,v4,0.0.0.0,255.255.255.255,68,67,N/A,N/A,N/A,N/A,,,0
1759293926,any,370,N/A,IPv4,UDP,N/A,v4,0.0.0.0,255.255.255.255,68,67,N/A,N/A,N/A,N/A,,,0
1759293926,eth1,110,Ethernet,IPv6,ICMP,N/A,v6,fe80::a824:52ff:fe4f:69,ff02::179,N/A,N/A,N/A,N/A,N/A,N/A,,,0
1759293926,any,112,N/A,IPv6,ICMP,N/A,v6,fe80::a824:52ff:fe4f:69,ff02::179,N/A,N/A,N/A,N/A,N/A,N/A,,,0
1759293926,any,112,N/A,IPv6,ICMP,N/A,v6,fe80::5ca9:83ff:fe87:27,ff02::179,N/A,N/A,N/A,N/A,N/A,N/A,,,0
1759293926,eth0,110,Ethernet,IPv6,ICMP,N/A,v6,fe80::5ca9:83ff:fe87:27,ff02::179,N/A,N/A,N/A,N/A,N/A,N/A,,,0
1759293926,eth0,54,Ethernet,IPv4,N/A,N/A,v4,172.30.0.220,224.0.0.22,N/A,N/A,N/A,N/A,N/A,N/A,,,0
1759293926,eth0,42,Ethernet,N/A,N/A,N/A,N/A,N/A,N/A,N/A,N/A,N/A,N/A,N/A,N/A,,,0
1759293926,any,58,ARP,N/A,N/A,N/A,N/A,N/A,N/A,N/A,N/A,2,2048,172.30.0.122,172.30.0.220,,,0
1759293926,any,58,ARP,N/A,N/A,N/A,N/A,N/A,N/A,N/A,N/A,2,2048,172.30.0.122,172.30.0.220,,,0
1759293926,eth0,56,Ethernet,N/A,N/A,N/A,N/A,N/A,N/A,N/A,N/A,N/A,N/A,N/A,N/A,,,0
1759293926,eth0,56,Ethernet,N/A,N/A,N/A,N/A,N/A,N/A,N/A,N/A,N/A,N/A,N/A,N/A,,,0
1759293926,any,112,N/A,IPv6,ICMP,N/A,v6,fe80::5ca9:83ff:fe87:27,ff02::179,N/A,N/A,N/A,N/A,N/A,N/A,,,0
1759293926,eth0,110,Ethernet,IPv6,ICMP,N/A,v6,fe80::5ca9:83ff:fe87:27,ff02::179,N/A,N/A,N/A,N/A,N/A,N/A,,,0
1759293927,eth0,54,Ethernet,IPv4,N/A,N/A,v4,172.30.0.220,224.0.0.22,N/A,N/A,N/A,N/A,N/A,N/A,,,0
1759293927,any,56,N/A,IPv4,N/A,N/A,v4,172.30.0.220,224.0.0.22,N/A,N/A,N/A,N/A,N/A,N/A,,,0
1759293927,any,112,N/A,IPv6,ICMP,N/A,v6,fe80::a824:52ff:fe4f:69,ff02::179,N/A,N/A,N/A,N/A,N/A,N/A,,,0
1759293927,eth1,110,Ethernet,IPv6,ICMP,N/A,v6,fe80::a824:52ff:fe4f:69,ff02::179,N/A,N/A,N/A,N/A,N/A,N/A,,,0
1759293927,any,72,N/A,IPv6,ICMP,N/A,v6,fe80::a824:52ff:fe4f:69,ff02::204,N/A,N/A,N/A,N/A,N/A,N/A,,,0
1759293927,eth1,70,Ethernet,IPv6,ICMP,N/A,v6,fe80::a824:52ff:fe4f:69,ff02::204,N/A,N/A,N/A,N/A,N/A,N/A,,,0
1759293927,eth0,107,Ethernet,N/A,N/A,N/A,N/A,N/A,N/A,N/A,N/A,N/A,N/A,N/A,N/A,,,0
1759293927,eth0,70,Ethernet,IPv6,ICMP,N/A,v6,fe80::5ca9:83ff:fe87:27,ff02::204,N/A,N/A,N/A,N/A,N/A,N/A,,,0
1759293928,eth0,107,Ethernet,N/A,N/A,N/A,N/A,N/A,N/A,N/A,N/A,N/A,N/A,N/A,N/A,,,0
1759293928,any,109,N/A,N/A,N/A,N/A,N/A,N/A,N/A,N/A,N/A,N/A,N/A,N/A,N/A,,,0
1759293929,eth0,107,Ethernet,N/A,N/A,N/A,N/A,N/A,N/A,N/A,N/A,N/A,N/A,N/A,N/A,,,0
1759293929,any,109,N/A,N/A,N/A,N/A,N/A,N/A,N/A,N/A,N/A,N/A,N/A,N/A,N/A,,,0
1759293930,eth0,107,Ethernet,N/A,N/A,N/A,N/A,N/A,N/A,N/A,N/A,N/A,N/A,N/A,N/A,,,0
1759293930,any,109,N/A,N/A,N/A,N/A,N/A,N/A,N/A,N/A,N/A,N/A,N/A,N/A,N/A,,,0
1759293931,any,72,N/A,IPv6,ICMP,N/A,v6,fe80::5ca9:83ff:fe87:27,ff02::204,N/A,N/A,N/A,N/A,N/A,N/A,,,0
1759293931,eth0,70,Ethernet,IPv6,ICMP,N/A,v6,fe80::5ca9:83ff:fe87:27,ff02::204,N/A,N/A,N/A,N/A,N/A,N/A,,,0
1759293931,any,72,N/A,IPv6,ICMP,N/A,v6,fe80::a824:52ff:fe4f:69,ff02::204,N/A,N/A,N/A,N/A,N/A,N/A,,,0
1759293931,eth1,70,Ethernet,IPv6,ICMP,N/A,v6,fe80::a824:52ff:fe4f:69,ff02::204,N/A,N/A,N/A,N/A,N/A,N/A,,,0
1759293931,eth0,90,Ethernet,IPv6,ICMP,N/A,v6,fe80::5ca9:83ff:fe87:27,ff02::179,N/A,N/A,N/A,N/A,N/A,N/A,,,0
1759293931,eth0,54,Ethernet,IPv4,N/A,N/A,v4,172.30.0.220,224.0.0.22,N/A,N/A,N/A,N/A,N/A,N/A,,,0
1759293931,any,92,N/A,IPv6,ICMP,N/A,v6,fe80::5ca9:83ff:fe87:27,ff02::179,N/A,N/A,N/A,N/A,N/A,N/A,,,0
1759293931,eth0,67,Ethernet,IPv4,UDP,N/A,v4,172.30.0.220,224.0.0.252,5355,5355,N/A,N/A,N/A,N/A,,,0
1759293931,any,69,N/A,IPv4,UDP,N/A,v4,172.30.0.220,224.0.0.252,5355,5355,N/A,N/A,N/A,N/A,,,0
1759293931,eth0,356,Ethernet,IPv4,UDP,N/A,v4,0.0.0.0,255.255.255.255,68,67,N/A,N/A,N/A,N/A,,,0
1759293931,any,358,N/A,IPv4,UDP,N/A,v4,0.0.0.0,255.255.255.255,68,67,N/A,N/A,N/A,N/A,,,0
1759293931,eth0,368,Ethernet,IPv4,UDP,N/A,v4,0.0.0.0,255.255.255.255,68,67,N/A,N/A,N/A,N/A,,,0
1759293931,any,370,N/A,IPv4,UDP,N/A,v4,0.0.0.0,255.255.255.255,68,67,N/A,N/A,N/A,N/A,,,0
1759293931,eth1,110,Ethernet,IPv6,ICMP,N/A,v6,fe80::a824:52ff:fe4f:69,ff02::179,N/A,N/A,N/A,N/A,N/A,N/A,,,0
1759293931,any,112,N/A,IPv6,ICMP,N/A,v6,fe80::a824:52ff:fe4f:69,ff02::179,N/A,N/A,N/A,N/A,N/A,N/A,,,0
1759293931,eth0,110,Ethernet,IPv6,ICMP,N/A,v6,fe80::5ca9:83ff:fe87:27,ff02::179,N/A,N/A,N/A,N/A,N/A,N/A,,,0
1759293931,eth0,54,Ethernet,IPv4,N/A,N/A,v4,172.30.0.220,224.0.0.22,N/A,N/A,N/A,N/A,N/A,N/A,,,0
1759293931,eth0,42,Ethernet,N/A,N/A,N/A,N/A,N/A,N/A,N/A,N/A,N/A,N/A,N/A,N/A,,,0
1759293931,eth0,56,Ethernet,N/A,N/A,N/A,N/A,N/A,N/A,N/A,N/A,N/A,N/A,N/A,N/A,,,0
1759293931,eth0,56,Ethernet,N/A,N/A,N/A,N/A,N/A,N/A,N/A,N/A,N/A,N/A,N/A,N/A,,,0
1759293931,any,112,N/A,IPv6,ICMP,N/A,v6,fe80::5ca9:83ff:fe87:27,ff02::179,N/A,N/A,N/A,N/A,N/A,N/A,,,0
1759293931,any,44,ARP,N/A,N/A,N/A,N/A,N/A,N/A,N/A,N/A,1,2048,172.30.0.220,172.30.0.122,,,0
1759293931,any,58,ARP,N/A,N/A,N/A,N/A,N/A,N/A,N/A,N/A,2,2048,172.30.0.122,172.30.0.220,,,0
1759293931,any,58,ARP,N/A,N/A,N/A,N/A,N/A,N/A,N/A,N/A,2,2048,172.30.0.122,172.30.0.220,,,0
1759293931,any,112,N/A,IPv6,ICMP,N/A,v6,fe80::a824:52ff:fe4f:69,ff02::179,N/A,N/A,N/A,N/A,N/A,N/A,,,0
1759293931,eth1,110,Ethernet,IPv6,ICMP,N/A,v6,fe80::a824:52ff:fe4f:69,ff02::179,N/A,N/A,N/A,N/A,N/A,N/A,,,0
1759293932,any,112,N/A,IPv6,ICMP,N/A,v6,fe80::5ca9:83ff:fe87:27,ff02::179,N/A,N/A,N/A,N/A,N/A,N/A,,,0
1759293932,eth0,110,Ethernet,IPv6,ICMP,N/A,v6,fe80::5ca9:83ff:fe87:27,ff02::179,N/A,N/A,N/A,N/A,N/A,N/A,,,0
1759293932,eth0,70,Ethernet,IPv6,ICMP,N/A,v6,fe80::5ca9:83ff:fe87:27,ff02::204,N/A,N/A,N/A,N/A,N/A,N/A,,,0
1759293932,eth1,70,Ethernet,IPv6,ICMP,N/A,v6,fe80::a824:52ff:fe4f:69,ff02::204,N/A,N/A,N/A,N/A,N/A,N/A,,,0
1759293932,any,72,N/A,IPv6,ICMP,N/A,v6,fe80::a824:52ff:fe4f:69,ff02::204,N/A,N/A,N/A,N/A,N/A,N/A,,,0
1759293932,eth0,54,Ethernet,IPv4,N/A,N/A,v4,172.30.0.220,224.0.0.22,N/A,N/A,N/A,N/A,N/A,N/A,,,0
1759293932,any,56,N/A,IPv4,N/A,N/A,v4,172.30.0.220,224.0.0.22,N/A,N/A,N/A,N/A,N/A,N/A,,,0
1759293933,eth0,107,Ethernet,N/A,N/A,N/A,N/A,N/A,N/A,N/A,N/A,N/A,N/A,N/A,N/A,,,0
1759293933,any,109,N/A,N/A,N/A,N/A,N/A,N/A,N/A,N/A,N/A,N/A,N/A,N/A,N/A,,,0
1759293934,any,109,N/A,N/A,N/A,N/A,N/A,N/A,N/A,N/A,N/A,N/A,N/A,N/A,N/A,,,0
1759293934,eth0,107,Ethernet,N/A,N/A,N/A,N/A,N/A,N/A,N/A,N/A,N/A,N/A,N/A,N/A,,,0
1759293935,eth0,107,Ethernet,N/A,N/A,N/A,N/A,N/A,N/A,N/A,N/A,N/A,N/A,N/A,N/A,,,0
1759293935,any,109,N/A,N/A,N/A,N/A,N/A,N/A,N/A,N/A,N/A,N/A,N/A,N/A,N/A,,,0
1759293935,eth0,90,Ethernet,IPv6,ICMP,N/A,v6,fe80::5ca9:83ff:fe87:27,ff02::179,N/A,N/A,N/A,N/A,N/A,N/A,,,0
1759293935,eth0,54,Ethernet,IPv4,N/A,N/A,v4,172.30.0.220,224.0.0.22,N/A,N/A,N/A,N/A,N/A,N/A,,,0
1759293935,any,92,N/A,IPv6,ICMP,N/A,v6,fe80::5ca9:83ff:fe87:27,ff02::179,N/A,N/A,N/A,N/A,N/A,N/A,,,0
1759293935,eth0,67,Ethernet,IPv4,UDP,N/A,v4,172.30.0.220,224.0.0.252,5355,5355,N/A,N/A,N/A,N/A,,,0
1759293935,any,69,N/A,IPv4,UDP,N/A,v4,172.30.0.220,224.0.0.252,5355,5355,N/A,N/A,N/A,N/A,,,0
1759293935,eth0,356,Ethernet,IPv4,UDP,N/A,v4,0.0.0.0,255.255.255.255,68,67,N/A,N/A,N/A,N/A,,,0
1759293935,any,358,N/A,IPv4,UDP,N/A,v4,0.0.0.0,255.255.255.255,68,67,N/A,N/A,N/A,N/A,,,0
1759293935,eth0,368,Ethernet,IPv4,UDP,N/A,v4,0.0.0.0,255.255.255.255,68,67,N/A,N/A,N/A,N/A,,,0
1759293935,any,370,N/A,IPv4,UDP,N/A,v4,0.0.0.0,255.255.255.255,68,67,N/A,N/A,N/A,N/A,,,0
1759293935,eth1,110,Ethernet,IPv6,ICMP,N/A,v6,fe80::a824:52ff:fe4f:69,ff02::179,N/A,N/A,N/A,N/A,N/A,N/A,,,0
1759293935,any,112,N/A,IPv6,ICMP,N/A,v6,fe80::a824:52ff:fe4f:69,ff02::179,N/A,N/A,N/A,N/A,N/A,N/A,,,0
1759293935,any,112,N/A,IPv6,ICMP,N/A,v6,fe80::5ca9:83ff:fe87:27,ff02::179,N/A,N/A,N/A,N/A,N/A,N/A,,,0
1759293935,eth0,110,Ethernet,IPv6,ICMP,N/A,v6,fe80::5ca9:83ff:fe87:27,ff02::179,N/A,N/A,N/A,N/A,N/A,N/A,,,0
1759293935,eth0,54,Ethernet,IPv4,N/A,N/A,v4,172.30.0.220,224.0.0.22,N/A,N/A,N/A,N/A,N/A,N/A,,,0
1759293935,eth0,42,Ethernet,N/A,N/A,N/A,N/A,N/A,N/A,N/A,N/A,N/A,N/A,N/A,N/A,,,0
1759293935,any,58,ARP,N/A,N/A,N/A,N/A,N/A,N/A,N/A,N/A,2,2048,172.30.0.122,172.30.0.220,,,0
1759293935,any,58,ARP,N/A,N/A,N/A,N/A,N/A,N/A,N/A,N/A,2,2048,172.30.0.122,172.30.0.220,,,0
1759293935,eth0,56,Ethernet,N/A,N/A,N/A,N/A,N/A,N/A,N/A,N/A,N/A,N/A,N/A,N/A,,,0
1759293935,eth0,56,Ethernet,N/A,N/A,N/A,N/A,N/A,N/A,N/A,N/A,N/A,N/A,N/A,N/A,,,0
1759293936,any,112,N/A,IPv6,ICMP,N/A,v6,fe80::5ca9:83ff:fe87:27,ff02::179,N/A,N/A,N/A,N/A,N/A,N/A,,,0
1759293936,eth1,110,Ethernet,IPv6,ICMP,N/A,v6,fe80::a824:52ff:fe4f:69,ff02::179,N/A,N/A,N/A,N/A,N/A,N/A,,,0
1759293936,eth0,110,Ethernet,IPv6,ICMP,N/A,v6,fe80::5ca9:83ff:fe87:27,ff02::179,N/A,N/A,N/A,N/A,N/A,N/A,,,0
1759293936,eth1,70,Ethernet,IPv6,ICMP,N/A,v6,fe80::a824:52ff:fe4f:69,ff02::204,N/A,N/A,N/A,N/A,N/A,N/A,,,0
1759293936,any,72,N/A,IPv6,ICMP,N/A,v6,fe80::a824:52ff:fe4f:69,ff02::204,N/A,N/A,N/A,N/A,N/A,N/A,,,0
1759293936,any,72,N/A,IPv6,ICMP,N/A,v6,fe80::5ca9:83ff:fe87:27,ff02::204,N/A,N/A,N/A,N/A,N/A,N/A,,,0
1759293936,eth0,70,Ethernet,IPv6,ICMP,N/A,v6,fe80::5ca9:83ff:fe87:27,ff02::204,N/A,N/A,N/A,N/A,N/A,N/A,,,0
1759293936,eth0,54,Ethernet,IPv4,N/A,N/A,v4,172.30.0.220,224.0.0.22,N/A,N/A,N/A,N/A,N/A,N/A,,,0
1759293936,any,56,N/A,IPv4,N/A,N/A,v4,172.30.0.220,224.0.0.22,N/A,N/A,N/A,N/A,N/A,N/A,,,0
1759293937,eth0,107,Ethernet,N/A,N/A,N/A,N/A,N/A,N/A,N/A,N/A,N/A,N/A,N/A,N/A,,,0
1759293937,any,109,N/A,N/A,N/A,N/A,N/A,N/A,N/A,N/A,N/A,N/A,N/A,N/A,N/A,,,0
1759293938,eth0,107,Ethernet,N/A,N/A,N/A,N/A,N/A,N/A,N/A,N/A,N/A,N/A,N/A,N/A,,,0
1759293938,any,109,N/A,N/A,N/A,N/A,N/A,N/A,N/A,N/A,N/A,N/A,N/A,N/A,N/A,,,0
1759293939,eth0,107,Ethernet,N/A,N/A,N/A,N/A,N/A,N/A,N/A,N/A,N/A,N/A,N/A,N/A,,,0
1759293939,any,109,N/A,N/A,N/A,N/A,N/A,N/A,N/A,N/A,N/A,N/A,N/A,N/A,N/A,,,0
1759293940,any,109,N/A,N/A,N/A,N/A,N/A,N/A,N/A,N/A,N/A,N/A,N/A,N/A,N/A,,,0
1759293940,eth0,107,Ethernet,N/A,N/A,N/A,N/A,N/A,N/A,N/A,N/A,N/A,N/A,N/A,N/A,,,0
1759293940,eth0,70,Ethernet,IPv6,ICMP,N/A,v6,fe80::5ca9:83ff:fe87:27,ff02::204,N/A,N/A,N/A,N/A,N/A,N/A,,,0
1759293940,any,72,N/A,IPv6,ICMP,N/A,v6,fe80::5ca9:83ff:fe87:27,ff02::204,N/A,N/A,N/A,N/A,N/A,N/A,,,0
1759293940,eth1,70,Ethernet,IPv6,ICMP,N/A,v6,fe80::a824:52ff:fe4f:69,ff02::204,N/A,N/A,N/A,N/A,N/A,N/A,,,0
1759293940,any,72,N/A,IPv6,ICMP,N/A,v6,fe80::a824:52ff:fe4f:69,ff02::204,N/A,N/A,N/A,N/A,N/A,N/A,,,0
1759293941,eth0,90,Ethernet,IPv6,ICMP,N/A,v6,fe80::5ca9:83ff:fe87:27,ff02::179,N/A,N/A,N/A,N/A,N/A,N/A,,,0
1759293941,eth0,54,Ethernet,IPv4,N/A,N/A,v4,172.30.0.220,224.0.0.22,N/A,N/A,N/A,N/A,N/A,N/A,,,0
1759293941,any,92,N/A,IPv6,ICMP,N/A,v6,fe80::5ca9:83ff:fe87:27,ff02::179,N/A,N/A,N/A,N/A,N/A,N/A,,,0
1759293941,eth0,87,Ethernet,IPv6,UDP,N/A,v6,fe80::5ca9:83ff:fe87:27,ff02::1:52,5355,5355,N/A,N/A,N/A,N/A,,,0
1759293941,any,89,N/A,IPv6,UDP,N/A,v6,fe80::5ca9:83ff:fe87:27,ff02::1:52,5355,5355,N/A,N/A,N/A,N/A,,,0
1759293941,eth0,67,Ethernet,IPv4,UDP,N/A,v4,172.30.0.220,224.0.0.252,5355,5355,N/A,N/A,N/A,N/A,,,0
1759293941,any,69,N/A,IPv4,UDP,N/A,v4,172.30.0.220,224.0.0.252,5355,5355,N/A,N/A,N/A,N/A,,,0
1759293941,eth0,356,Ethernet,IPv4,UDP,N/A,v4,0.0.0.0,255.255.255.255,68,67,N/A,N/A,N/A,N/A,,,0
1759293941,any,358,N/A,IPv4,UDP,N/A,v4,0.0.0.0,255.255.255.255,68,67,N/A,N/A,N/A,N/A,,,0
1759293941,eth0,368,Ethernet,IPv4,UDP,N/A,v4,0.0.0.0,255.255.255.255,68,67,N/A,N/A,N/A,N/A,,,0
1759293941,any,370,N/A,IPv4,UDP,N/A,v4,0.0.0.0,255.255.255.255,68,67,N/A,N/A,N/A,N/A,,,0
1759293941,any,112,N/A,IPv6,ICMP,N/A,v6,fe80::a824:52ff:fe4f:69,ff02::179,N/A,N/A,N/A,N/A,N/A,N/A,,,0
1759293941,any,112,N/A,IPv6,ICMP,N/A,v6,fe80::5ca9:83ff:fe87:27,ff02::179,N/A,N/A,N/A,N/A,N/A,N/A,,,0
1759293941,any,44,ARP,N/A,N/A,N/A,N/A,N/A,N/A,N/A,N/A,1,2048,172.30.0.220,172.30.0.122,,,0
1759293941,any,58,ARP,N/A,N/A,N/A,N/A,N/A,N/A,N/A,N/A,2,2048,172.30.0.122,172.30.0.220,,,0
1759293941,eth1,110,Ethernet,IPv6,ICMP,N/A,v6,fe80::a824:52ff:fe4f:69,ff02::179,N/A,N/A,N/A,N/A,N/A,N/A,,,0
1759293941,eth0,110,Ethernet,IPv6,ICMP,N/A,v6,fe80::5ca9:83ff:fe87:27,ff02::179,N/A,N/A,N/A,N/A,N/A,N/A,,,0
1759293941,eth0,54,Ethernet,IPv4,N/A,N/A,v4,172.30.0.220,224.0.0.22,N/A,N/A,N/A,N/A,N/A,N/A,,,0
1759293941,eth0,42,Ethernet,N/A,N/A,N/A,N/A,N/A,N/A,N/A,N/A,N/A,N/A,N/A,N/A,,,0
1759293941,eth0,56,Ethernet,N/A,N/A,N/A,N/A,N/A,N/A,N/A,N/A,N/A,N/A,N/A,N/A,,,0
1759293941,eth0,56,Ethernet,N/A,N/A,N/A,N/A,N/A,N/A,N/A,N/A,N/A,N/A,N/A,N/A,,,0
1759293941,any,112,N/A,IPv6,ICMP,N/A,v6,fe80::5ca9:83ff:fe87:27,ff02::179,N/A,N/A,N/A,N/A,N/A,N/A,,,0
1759293941,eth0,110,Ethernet,IPv6,ICMP,N/A,v6,fe80::5ca9:83ff:fe87:27,ff02::179,N/A,N/A,N/A,N/A,N/A,N/A,,,0
1759293941,eth0,70,Ethernet,IPv6,ICMP,N/A,v6,fe80::5ca9:83ff:fe87:27,ff02::204,N/A,N/A,N/A,N/A,N/A,N/A,,,0
1759293941,eth1,70,Ethernet,IPv6,ICMP,N/A,v6,fe80::a824:52ff:fe4f:69,ff02::204,N/A,N/A,N/A,N/A,N/A,N/A,,,0
1759293941,any,72,N/A,IPv6,ICMP,N/A,v6,fe80::a824:52ff:fe4f:69,ff02::204,N/A,N/A,N/A,N/A,N/A,N/A,,,0
1759293941,any,112,N/A,IPv6,ICMP,N/A,v6,fe80::a824:52ff:fe4f:69,ff02::179,N/A,N/A,N/A,N/A,N/A,N/A,,,0
1759293941,eth1,110,Ethernet,IPv6,ICMP,N/A,v6,fe80::a824:52ff:fe4f:69,ff02::179,N/A,N/A,N/A,N/A,N/A,N/A,,,0
1759293941,eth0,54,Ethernet,IPv4,N/A,N/A,v4,172.30.0.220,224.0.0.22,N/A,N/A,N/A,N/A,N/A,N/A,,,0
1759293941,any,56,N/A,IPv4,N/A,N/A,v4,172.30.0.220,224.0.0.22,N/A,N/A,N/A,N/A,N/A,N/A,,,0
1759293942,eth0,107,Ethernet,N/A,N/A,N/A,N/A,N/A,N/A,N/A,N/A,N/A,N/A,N/A,N/A,,,0
1759293942,any,109,N/A,N/A,N/A,N/A,N/A,N/A,N/A,N/A,N/A,N/A,N/A,N/A,N/A,,,0
1759293943,any,109,N/A,N/A,N/A,N/A,N/A,N/A,N/A,N/A,N/A,N/A,N/A,N/A,N/A,,,0
1759293943,eth0,107,Ethernet,N/A,N/A,N/A,N/A,N/A,N/A,N/A,N/A,N/A,N/A,N/A,N/A,,,0
1759293944,any,109,N/A,N/A,N/A,N/A,N/A,N/A,N/A,N/A,N/A,N/A,N/A,N/A,N/A,,,0
1759293944,eth0,107,Ethernet,N/A,N/A,N/A,N/A,N/A,N/A,N/A,N/A,N/A,N/A,N/A,N/A,,,0
1759293945,eth0,90,Ethernet,IPv6,ICMP,N/A,v6,fe80::5ca9:83ff:fe87:27,ff02::179,N/A,N/A,N/A,N/A,N/A,N/A,,,0
1759293945,eth0,54,Ethernet,IPv4,N/A,N/A,v4,172.30.0.220,224.0.0.22,N/A,N/A,N/A,N/A,N/A,N/A,,,0
1759293945,any,92,N/A,IPv6,ICMP,N/A,v6,fe80::5ca9:83ff:fe87:27,ff02::179,N/A,N/A,N/A,N/A,N/A,N/A,,,0
1759293945,eth0,356,Ethernet,IPv4,UDP,N/A,v4,0.0.0.0,255.255.255.255,68,67,N/A,N/A,N/A,N/A,,,0
1759293945,any,358,N/A,IPv4,UDP,N/A,v4,0.0.0.0,255.255.255.255,68,67,N/A,N/A,N/A,N/A,,,0
1759293945,eth0,368,Ethernet,IPv4,UDP,N/A,v4,0.0.0.0,255.255.255.255,68,67,N/A,N/A,N/A,N/A,,,0
1759293945,any,370,N/A,IPv4,UDP,N/A,v4,0.0.0.0,255.255.255.255,68,67,N/A,N/A,N/A,N/A,,,0
1759293945,eth1,110,Ethernet,IPv6,ICMP,N/A,v6,fe80::a824:52ff:fe4f:69,ff02::179,N/A,N/A,N/A,N/A,N/A,N/A,,,0
1759293945,any,112,N/A,IPv6,ICMP,N/A,v6,fe80::a824:52ff:fe4f:69,ff02::179,N/A,N/A,N/A,N/A,N/A,N/A,,,0
1759293945,eth0,54,Ethernet,IPv4,N/A,N/A,v4,172.30.0.220,224.0.0.22,N/A,N/A,N/A,N/A,N/A,N/A,,,0
1759293945,any,56,N/A,IPv4,N/A,N/A,v4,172.30.0.220,224.0.0.22,N/A,N/A,N/A,N/A,N/A,N/A,,,0
1759293945,eth0,110,Ethernet,IPv6,ICMP,N/A,v6,fe80::5ca9:83ff:fe87:27,ff02::179,N/A,N/A,N/A,N/A,N/A,N/A,,,0
1759293945,any,112,N/A,IPv6,ICMP,N/A,v6,fe80::5ca9:83ff:fe87:27,ff02::179,N/A,N/A,N/A,N/A,N/A,N/A,,,0
1759293945,eth0,42,Ethernet,N/A,N/A,N/A,N/A,N/A,N/A,N/A,N/A,N/A,N/A,N/A,N/A,,,0
1759293945,any,44,ARP,N/A,N/A,N/A,N/A,N/A,N/A,N/A,N/A,1,2048,172.30.0.220,172.30.0.122,,,0
1759293945,eth0,56,Ethernet,N/A,N/A,N/A,N/A,N/A,N/A,N/A,N/A,N/A,N/A,N/A,N/A,,,0
1759293945,eth0,56,Ethernet,N/A,N/A,N/A,N/A,N/A,N/A,N/A,N/A,N/A,N/A,N/A,N/A,,,0
1759293945,any,58,ARP,N/A,N/A,N/A,N/A,N/A,N/A,N/A,N/A,2,2048,172.30.0.122,172.30.0.220,,,0
1759293945,any,58,ARP,N/A,N/A,N/A,N/A,N/A,N/A,N/A,N/A,2,2048,172.30.0.122,172.30.0.220,,,0
1759293945,any,112,N/A,IPv6,ICMP,N/A,v6,fe80::a824:52ff:fe4f:69,ff02::179,N/A,N/A,N/A,N/A,N/A,N/A,,,0
1759293945,eth1,110,Ethernet,IPv6,ICMP,N/A,v6,fe80::a824:52ff:fe4f:69,ff02::179,N/A,N/A,N/A,N/A,N/A,N/A,,,0
1759293945,any,56,N/A,IPv4,N/A,N/A,v4,172.30.0.220,224.0.0.22,N/A,N/A,N/A,N/A,N/A,N/A,,,0
1759293945,eth0,54,Ethernet,IPv4,N/A,N/A,v4,172.30.0.220,224.0.0.22,N/A,N/A,N/A,N/A,N/A,N/A,,,0
1759293945,eth0,110,Ethernet,IPv6,ICMP,N/A,v6,fe80::5ca9:83ff:fe87:27,ff02::179,N/A,N/A,N/A,N/A,N/A,N/A,,,0
1759293945,any,112,N/A,IPv6,ICMP,N/A,v6,fe80::5ca9:83ff:fe87:27,ff02::179,N/A,N/A,N/A,N/A,N/A,N/A,,,0
1759293946,eth0,107,Ethernet,N/A,N/A,N/A,N/A,N/A,N/A,N/A,N/A,N/A,N/A,N/A,N/A,,,0
1759293946,eth0,70,Ethernet,IPv6,ICMP,N/A,v6,fe80::5ca9:83ff:fe87:27,ff02::204,N/A,N/A,N/A,N/A,N/A,N/A,,,0
1759293946,any,72,N/A,IPv6,ICMP,N/A,v6,fe80::a824:52ff:fe4f:69,ff02::204,N/A,N/A,N/A,N/A,N/A,N/A,,,0
1759293946,eth1,70,Ethernet,IPv6,ICMP,N/A,v6,fe80::a824:52ff:fe4f:69,ff02::204,N/A,N/A,N/A,N/A,N/A,N/A,,,0
1759293947,any,109,N/A,N/A,N/A,N/A,N/A,N/A,N/A,N/A,N/A,N/A,N/A,N/A,N/A,,,0
1759293947,eth0,107,Ethernet,N/A,N/A,N/A,N/A,N/A,N/A,N/A,N/A,N/A,N/A,N/A,N/A,,,0
1759293949,eth0,107,Ethernet,N/A,N/A,N/A,N/A,N/A,N/A,N/A,N/A,N/A,N/A,N/A,N/A,,,0
1759293949,any,109,N/A,N/A,N/A,N/A,N/A,N/A,N/A,N/A,N/A,N/A,N/A,N/A,N/A,,,0
1759293950,eth0,107,Ethernet,N/A,N/A,N/A,N/A,N/A,N/A,N/A,N/A,N/A,N/A,N/A,N/A,,,0
1759293950,any,109,N/A,N/A,N/A,N/A,N/A,N/A,N/A,N/A,N/A,N/A,N/A,N/A,N/A,,,0
1759293950,eth0,90,Ethernet,IPv6,ICMP,N/A,v6,fe80::5ca9:83ff:fe87:27,ff02::179,N/A,N/A,N/A,N/A,N/A,N/A,,,0
1759293950,eth0,54,Ethernet,IPv4,N/A,N/A,v4,172.30.0.220,224.0.0.22,N/A,N/A,N/A,N/A,N/A,N/A,,,0
1759293950,any,92,N/A,IPv6,ICMP,N/A,v6,fe80::5ca9:83ff:fe87:27,ff02::179,N/A,N/A,N/A,N/A,N/A,N/A,,,0
1759293950,eth0,87,Ethernet,IPv6,UDP,N/A,v6,fe80::5ca9:83ff:fe87:27,ff02::1:52,5355,5355,N/A,N/A,N/A,N/A,,,0
1759293950,eth0,67,Ethernet,IPv4,UDP,N/A,v4,172.30.0.220,224.0.0.252,5355,5355,N/A,N/A,N/A,N/A,,,0
1759293950,any,89,N/A,IPv6,UDP,N/A,v6,fe80::5ca9:83ff:fe87:27,ff02::1:52,5355,5355,N/A,N/A,N/A,N/A,,,0
1759293950,eth0,356,Ethernet,IPv4,UDP,N/A,v4,0.0.0.0,255.255.255.255,68,67,N/A,N/A,N/A,N/A,,,0
1759293950,any,358,N/A,IPv4,UDP,N/A,v4,0.0.0.0,255.255.255.255,68,67,N/A,N/A,N/A,N/A,,,0
1759293950,eth1,110,Ethernet,IPv6,ICMP,N/A,v6,fe80::a824:52ff:fe4f:69,ff02::179,N/A,N/A,N/A,N/A,N/A,N/A,,,0
1759293950,any,112,N/A,IPv6,ICMP,N/A,v6,fe80::a824:52ff:fe4f:69,ff02::179,N/A,N/A,N/A,N/A,N/A,N/A,,,0
1759293950,eth0,368,Ethernet,IPv4,UDP,N/A,v4,0.0.0.0,255.255.255.255,68,67,N/A,N/A,N/A,N/A,,,0
1759293950,any,370,N/A,IPv4,UDP,N/A,v4,0.0.0.0,255.255.255.255,68,67,N/A,N/A,N/A,N/A,,,0
1759293950,eth0,54,Ethernet,IPv4,N/A,N/A,v4,172.30.0.220,224.0.0.22,N/A,N/A,N/A,N/A,N/A,N/A,,,0
1759293950,any,56,N/A,IPv4,N/A,N/A,v4,172.30.0.220,224.0.0.22,N/A,N/A,N/A,N/A,N/A,N/A,,,0
1759293950,eth0,110,Ethernet,IPv6,ICMP,N/A,v6,fe80::5ca9:83ff:fe87:27,ff02::179,N/A,N/A,N/A,N/A,N/A,N/A,,,0
1759293950,any,112,N/A,IPv6,ICMP,N/A,v6,fe80::5ca9:83ff:fe87:27,ff02::179,N/A,N/A,N/A,N/A,N/A,N/A,,,0
1759293950,any,44,ARP,N/A,N/A,N/A,N/A,N/A,N/A,N/A,N/A,1,2048,172.30.0.220,172.30.0.122,,,0
1759293950,any,58,ARP,N/A,N/A,N/A,N/A,N/A,N/A,N/A,N/A,2,2048,172.30.0.122,172.30.0.220,,,0
1759293950,eth0,42,Ethernet,N/A,N/A,N/A,N/A,N/A,N/A,N/A,N/A,N/A,N/A,N/A,N/A,,,0
1759293950,eth0,56,Ethernet,N/A,N/A,N/A,N/A,N/A,N/A,N/A,N/A,N/A,N/A,N/A,N/A,,,0
1759293950,eth0,56,Ethernet,N/A,N/A,N/A,N/A,N/A,N/A,N/A,N/A,N/A,N/A,N/A,N/A,,,0
1759293950,eth0,54,Ethernet,IPv4,N/A,N/A,v4,172.30.0.220,224.0.0.22,N/A,N/A,N/A,N/A,N/A,N/A,,,0
1759293950,any,56,N/A,IPv4,N/A,N/A,v4,172.30.0.220,224.0.0.22,N/A,N/A,N/A,N/A,N/A,N/A,,,0
1759293951,any,112,N/A,IPv6,ICMP,N/A,v6,fe80::5ca9:83ff:fe87:27,ff02::179,N/A,N/A,N/A,N/A,N/A,N/A,,,0
1759293951,eth0,110,Ethernet,IPv6,ICMP,N/A,v6,fe80::5ca9:83ff:fe87:27,ff02::179,N/A,N/A,N/A,N/A,N/A,N/A,,,0
1759293951,any,112,N/A,IPv6,ICMP,N/A,v6,fe80::a824:52ff:fe4f:69,ff02::179,N/A,N/A,N/A,N/A,N/A,N/A,,,0
1759293951,eth1,110,Ethernet,IPv6,ICMP,N/A,v6,fe80::a824:52ff:fe4f:69,ff02::179,N/A,N/A,N/A,N/A,N/A,N/A,,,0
1759293951,eth0,107,Ethernet,N/A,N/A,N/A,N/A,N/A,N/A,N/A,N/A,N/A,N/A,N/A,N/A,,,0
1759293951,eth0,70,Ethernet,IPv6,ICMP,N/A,v6,fe80::5ca9:83ff:fe87:27,ff02::204,N/A,N/A,N/A,N/A,N/A,N/A,,,0
1759293951,any,72,N/A,IPv6,ICMP,N/A,v6,fe80::a824:52ff:fe4f:69,ff02::204,N/A,N/A,N/A,N/A,N/A,N/A,,,0
1759293951,eth1,70,Ethernet,IPv6,ICMP,N/A,v6,fe80::a824:52ff:fe4f:69,ff02::204,N/A,N/A,N/A,N/A,N/A,N/A,,,0
1759293952,any,109,N/A,N/A,N/A,N/A,N/A,N/A,N/A,N/A,N/A,N/A,N/A,N/A,N/A,,,0
1759293952,eth0,107,Ethernet,N/A,N/A,N/A,N/A,N/A,N/A,N/A,N/A,N/A,N/A,N/A,N/A,,,0
1759293953,any,109,N/A,N/A,N/A,N/A,N/A,N/A,N/A,N/A,N/A,N/A,N/A,N/A,N/A,,,0
1759293953,eth0,107,Ethernet,N/A,N/A,N/A,N/A,N/A,N/A,N/A,N/A,N/A,N/A,N/A,N/A,,,0
1759293954,eth0,90,Ethernet,IPv6,ICMP,N/A,v6,fe80::5ca9:83ff:fe87:27,ff02::179,N/A,N/A,N/A,N/A,N/A,N/A,,,0
1759293954,eth0,54,Ethernet,IPv4,N/A,N/A,v4,172.30.0.220,224.0.0.22,N/A,N/A,N/A,N/A,N/A,N/A,,,0
1759293954,any,92,N/A,IPv6,ICMP,N/A,v6,fe80::5ca9:83ff:fe87:27,ff02::179,N/A,N/A,N/A,N/A,N/A,N/A,,,0
1759293954,eth0,67,Ethernet,IPv4,UDP,N/A,v4,172.30.0.220,224.0.0.252,5355,5355,N/A,N/A,N/A,N/A,,,0
1759293954,any,69,N/A,IPv4,UDP,N/A,v4,172.30.0.220,224.0.0.252,5355,5355,N/A,N/A,N/A,N/A,,,0
1759293954,eth0,356,Ethernet,IPv4,UDP,N/A,v4,0.0.0.0,255.255.255.255,68,67,N/A,N/A,N/A,N/A,,,0
1759293954,eth0,368,Ethernet,IPv4,UDP,N/A,v4,0.0.0.0,255.255.255.255,68,67,N/A,N/A,N/A,N/A,,,0
1759293954,eth0,110,Ethernet,IPv6,ICMP,N/A,v6,fe80::5ca9:83ff:fe87:27,ff02::179,N/A,N/A,N/A,N/A,N/A,N/A,,,0
1759293954,eth0,54,Ethernet,IPv4,N/A,N/A,v4,172.30.0.220,224.0.0.22,N/A,N/A,N/A,N/A,N/A,N/A,,,0
1759293954,eth0,42,Ethernet,N/A,N/A,N/A,N/A,N/A,N/A,N/A,N/A,N/A,N/A,N/A,N/A,,,0
1759293954,eth0,56,Ethernet,N/A,N/A,N/A,N/A,N/A,N/A,N/A,N/A,N/A,N/A,N/A,N/A,,,0
1759293954,eth0,56,Ethernet,N/A,N/A,N/A,N/A,N/A,N/A,N/A,N/A,N/A,N/A,N/A,N/A,,,0
1759293954,any,358,N/A,IPv4,UDP,N/A,v4,0.0.0.0,255.255.255.255,68,67,N/A,N/A,N/A,N/A,,,0
1759293954,any,370,N/A,IPv4,UDP,N/A,v4,0.0.0.0,255.255.255.255,68,67,N/A,N/A,N/A,N/A,,,0
1759293954,any,112,N/A,IPv6,ICMP,N/A,v6,fe80::a824:52ff:fe4f:69,ff02::179,N/A,N/A,N/A,N/A,N/A,N/A,,,0
1759293954,any,112,N/A,IPv6,ICMP,N/A,v6,fe80::5ca9:83ff:fe87:27,ff02::179,N/A,N/A,N/A,N/A,N/A,N/A,,,0
1759293954,any,112,N/A,IPv6,ICMP,N/A,v6,fe80::a824:52ff:fe4f:69,ff02::179,N/A,N/A,N/A,N/A,N/A,N/A,,,0
1759293954,any,44,ARP,N/A,N/A,N/A,N/A,N/A,N/A,N/A,N/A,1,2048,172.30.0.220,172.30.0.122,,,0
1759293954,any,58,ARP,N/A,N/A,N/A,N/A,N/A,N/A,N/A,N/A,2,2048,172.30.0.122,172.30.0.220,,,0
1759293954,any,58,ARP,N/A,N/A,N/A,N/A,N/A,N/A,N/A,N/A,2,2048,172.30.0.122,172.30.0.220,,,0
1759293954,eth1,110,Ethernet,IPv6,ICMP,N/A,v6,fe80::a824:52ff:fe4f:69,ff02::179,N/A,N/A,N/A,N/A,N/A,N/A,,,0
1759293954,eth1,110,Ethernet,IPv6,ICMP,N/A,v6,fe80::a824:52ff:fe4f:69,ff02::179,N/A,N/A,N/A,N/A,N/A,N/A,,,0
1759293955,eth0,54,Ethernet,IPv4,N/A,N/A,v4,172.30.0.220,224.0.0.22,N/A,N/A,N/A,N/A,N/A,N/A,,,0
1759293955,any,56,N/A,IPv4,N/A,N/A,v4,172.30.0.220,224.0.0.22,N/A,N/A,N/A,N/A,N/A,N/A,,,0
1759293955,eth0,110,Ethernet,IPv6,ICMP,N/A,v6,fe80::5ca9:83ff:fe87:27,ff02::179,N/A,N/A,N/A,N/A,N/A,N/A,,,0
1759293955,any,112,N/A,IPv6,ICMP,N/A,v6,fe80::5ca9:83ff:fe87:27,ff02::179,N/A,N/A,N/A,N/A,N/A,N/A,,,0
1759293955,eth0,107,Ethernet,N/A,N/A,N/A,N/A,N/A,N/A,N/A,N/A,N/A,N/A,N/A,N/A,,,0
1759293955,eth0,70,Ethernet,IPv6,ICMP,N/A,v6,fe80::5ca9:83ff:fe87:27,ff02::204,N/A,N/A,N/A,N/A,N/A,N/A,,,0
1759293955,any,72,N/A,IPv6,ICMP,N/A,v6,fe80::a824:52ff:fe4f:69,ff02::204,N/A,N/A,N/A,N/A,N/A,N/A,,,0
1759293955,eth1,70,Ethernet,IPv6,ICMP,N/A,v6,fe80::a824:52ff:fe4f:69,ff02::204,N/A,N/A,N/A,N/A,N/A,N/A,,,0
1759293956,eth0,107,Ethernet,N/A,N/A,N/A,N/A,N/A,N/A,N/A,N/A,N/A,N/A,N/A,N/A,,,0
1759293956,any,109,N/A,N/A,N/A,N/A,N/A,N/A,N/A,N/A,N/A,N/A,N/A,N/A,N/A,,,0
1759293957,eth0,107,Ethernet,N/A,N/A,N/A,N/A,N/A,N/A,N/A,N/A,N/A,N/A,N/A,N/A,,,0
1759293957,any,109,N/A,N/A,N/A,N/A,N/A,N/A,N/A,N/A,N/A,N/A,N/A,N/A,N/A,,,0
1759293958,eth0,107,Ethernet,N/A,N/A,N/A,N/A,N/A,N/A,N/A,N/A,N/A,N/A,N/A,N/A,,,0
1759293958,any,109,N/A,N/A,N/A,N/A,N/A,N/A,N/A,N/A,N/A,N/A,N/A,N/A,N/A,,,0
1759293959,eth0,90,Ethernet,IPv6,ICMP,N/A,v6,fe80::5ca9:83ff:fe87:27,ff02::179,N/A,N/A,N/A,N/A,N/A,N/A,,,0
1759293959,eth0,54,Ethernet,IPv4,N/A,N/A,v4,172.30.0.220,224.0.0.22,N/A,N/A,N/A,N/A,N/A,N/A,,,0
1759293959,any,92,N/A,IPv6,ICMP,N/A,v6,fe80::5ca9:83ff:fe87:27,ff02::179,N/A,N/A,N/A,N/A,N/A,N/A,,,0
1759293959,eth0,67,Ethernet,IPv4,UDP,N/A,v4,172.30.0.220,224.0.0.252,5355,5355,N/A,N/A,N/A,N/A,,,0
1759293959,eth0,87,Ethernet,IPv6,UDP,N/A,v6,fe80::5ca9:83ff:fe87:27,ff02::1:52,5355,5355,N/A,N/A,N/A,N/A,,,0
1759293959,any,69,N/A,IPv4,UDP,N/A,v4,172.30.0.220,224.0.0.252,5355,5355,N/A,N/A,N/A,N/A,,,0
1759293959,eth0,356,Ethernet,IPv4,UDP,N/A,v4,0.0.0.0,255.255.255.255,68,67,N/A,N/A,N/A,N/A,,,0
1759293959,any,358,N/A,IPv4,UDP,N/A,v4,0.0.0.0,255.255.255.255,68,67,N/A,N/A,N/A,N/A,,,0
1759293959,eth0,368,Ethernet,IPv4,UDP,N/A,v4,0.0.0.0,255.255.255.255,68,67,N/A,N/A,N/A,N/A,,,0
1759293959,any,370,N/A,IPv4,UDP,N/A,v4,0.0.0.0,255.255.255.255,68,67,N/A,N/A,N/A,N/A,,,0
1759293959,eth1,110,Ethernet,IPv6,ICMP,N/A,v6,fe80::a824:52ff:fe4f:69,ff02::179,N/A,N/A,N/A,N/A,N/A,N/A,,,0
1759293959,any,112,N/A,IPv6,ICMP,N/A,v6,fe80::a824:52ff:fe4f:69,ff02::179,N/A,N/A,N/A,N/A,N/A,N/A,,,0
1759293959,eth0,54,Ethernet,IPv4,N/A,N/A,v4,172.30.0.220,224.0.0.22,N/A,N/A,N/A,N/A,N/A,N/A,,,0
1759293959,any,56,N/A,IPv4,N/A,N/A,v4,172.30.0.220,224.0.0.22,N/A,N/A,N/A,N/A,N/A,N/A,,,0
1759293959,eth0,110,Ethernet,IPv6,ICMP,N/A,v6,fe80::5ca9:83ff:fe87:27,ff02::179,N/A,N/A,N/A,N/A,N/A,N/A,,,0
1759293959,any,112,N/A,IPv6,ICMP,N/A,v6,fe80::5ca9:83ff:fe87:27,ff02::179,N/A,N/A,N/A,N/A,N/A,N/A,,,0
1759293959,eth0,42,Ethernet,N/A,N/A,N/A,N/A,N/A,N/A,N/A,N/A,N/A,N/A,N/A,N/A,,,0
1759293959,eth0,56,Ethernet,N/A,N/A,N/A,N/A,N/A,N/A,N/A,N/A,N/A,N/A,N/A,N/A,,,0
1759293959,eth0,56,Ethernet,N/A,N/A,N/A,N/A,N/A,N/A,N/A,N/A,N/A,N/A,N/A,N/A,,,0
1759293959,any,44,ARP,N/A,N/A,N/A,N/A,N/A,N/A,N/A,N/A,1,2048,172.30.0.220,172.30.0.122,,,0
1759293959,any,58,ARP,N/A,N/A,N/A,N/A,N/A,N/A,N/A,N/A,2,2048,172.30.0.122,172.30.0.220,,,0
1759293959,any,112,N/A,IPv6,ICMP,N/A,v6,fe80::a824:52ff:fe4f:69,ff02::179,N/A,N/A,N/A,N/A,N/A,N/A,,,0
1759293959,eth1,110,Ethernet,IPv6,ICMP,N/A,v6,fe80::a824:52ff:fe4f:69,ff02::179,N/A,N/A,N/A,N/A,N/A,N/A,,,0
1759293960,any,56,N/A,IPv4,N/A,N/A,v4,172.30.0.220,224.0.0.22,N/A,N/A,N/A,N/A,N/A,N/A,,,0
1759293960,eth0,54,Ethernet,IPv4,N/A,N/A,v4,172.30.0.220,224.0.0.22,N/A,N/A,N/A,N/A,N/A,N/A,,,0
1759293960,eth0,110,Ethernet,IPv6,ICMP,N/A,v6,fe80::5ca9:83ff:fe87:27,ff02::179,N/A,N/A,N/A,N/A,N/A,N/A,,,0
1759293960,any,112,N/A,IPv6,ICMP,N/A,v6,fe80::5ca9:83ff:fe87:27,ff02::179,N/A,N/A,N/A,N/A,N/A,N/A,,,0
1759293960,eth0,107,Ethernet,N/A,N/A,N/A,N/A,N/A,N/A,N/A,N/A,N/A,N/A,N/A,N/A,,,0
1759293960,eth0,70,Ethernet,IPv6,ICMP,N/A,v6,fe80::5ca9:83ff:fe87:27,ff02::204,N/A,N/A,N/A,N/A,N/A,N/A,,,0
1759293960,any,72,N/A,IPv6,ICMP,N/A,v6,fe80::a824:52ff:fe4f:69,ff02::204,N/A,N/A,N/A,N/A,N/A,N/A,,,0
1759293960,eth1,70,Ethernet,IPv6,ICMP,N/A,v6,fe80::a824:52ff:fe4f:69,ff02::204,N/A,N/A,N/A,N/A,N/A,N/A,,,0
1759293961,eth0,107,Ethernet,N/A,N/A,N/A,N/A,N/A,N/A,N/A,N/A,N/A,N/A,N/A,N/A,,,0
1759293961,any,109,N/A,N/A,N/A,N/A,N/A,N/A,N/A,N/A,N/A,N/A,N/A,N/A,N/A,,,0
1759293962,any,109,N/A,N/A,N/A,N/A,N/A,N/A,N/A,N/A,N/A,N/A,N/A,N/A,N/A,,,0
1759293962,eth0,107,Ethernet,N/A,N/A,N/A,N/A,N/A,N/A,N/A,N/A,N/A,N/A,N/A,N/A,,,0
1759293963,eth0,90,Ethernet,IPv6,ICMP,N/A,v6,fe80::5ca9:83ff:fe87:27,ff02::179,N/A,N/A,N/A,N/A,N/A,N/A,,,0
1759293963,eth0,54,Ethernet,IPv4,N/A,N/A,v4,172.30.0.220,224.0.0.22,N/A,N/A,N/A,N/A,N/A,N/A,,,0
1759293963,any,92,N/A,IPv6,ICMP,N/A,v6,fe80::5ca9:83ff:fe87:27,ff02::179,N/A,N/A,N/A,N/A,N/A,N/A,,,0
1759293963,eth0,67,Ethernet,IPv4,UDP,N/A,v4,172.30.0.220,224.0.0.252,5355,5355,N/A,N/A,N/A,N/A,,,0
1759293963,eth0,87,Ethernet,IPv6,UDP,N/A,v6,fe80::5ca9:83ff:fe87:27,ff02::1:52,5355,5355,N/A,N/A,N/A,N/A,,,0
1759293963,any,69,N/A,IPv4,UDP,N/A,v4,172.30.0.220,224.0.0.252,5355,5355,N/A,N/A,N/A,N/A,,,0
1759293963,eth0,356,Ethernet,IPv4,UDP,N/A,v4,0.0.0.0,255.255.255.255,68,67,N/A,N/A,N/A,N/A,,,0
1759293963,any,358,N/A,IPv4,UDP,N/A,v4,0.0.0.0,255.255.255.255,68,67,N/A,N/A,N/A,N/A,,,0
1759293963,eth0,368,Ethernet,IPv4,UDP,N/A,v4,0.0.0.0,255.255.255.255,68,67,N/A,N/A,N/A,N/A,,,0
1759293963,any,370,N/A,IPv4,UDP,N/A,v4,0.0.0.0,255.255.255.255,68,67,N/A,N/A,N/A,N/A,,,0
1759293963,any,56,N/A,IPv4,N/A,N/A,v4,172.30.0.220,224.0.0.22,N/A,N/A,N/A,N/A,N/A,N/A,,,0
1759293963,any,112,N/A,IPv6,ICMP,N/A,v6,fe80::5ca9:83ff:fe87:27,ff02::179,N/A,N/A,N/A,N/A,N/A,N/A,,,0
1759293963,any,56,N/A,IPv4,N/A,N/A,v4,172.30.0.220,224.0.0.22,N/A,N/A,N/A,N/A,N/A,N/A,,,0
1759293963,any,44,ARP,N/A,N/A,N/A,N/A,N/A,N/A,N/A,N/A,1,2048,172.30.0.220,172.30.0.122,,,0
1759293963,any,58,ARP,N/A,N/A,N/A,N/A,N/A,N/A,N/A,N/A,2,2048,172.30.0.122,172.30.0.220,,,0
1759293963,any,58,ARP,N/A,N/A,N/A,N/A,N/A,N/A,N/A,N/A,2,2048,172.30.0.122,172.30.0.220,,,0
1759293963,eth1,110,Ethernet,IPv6,ICMP,N/A,v6,fe80::a824:52ff:fe4f:69,ff02::179,N/A,N/A,N/A,N/A,N/A,N/A,,,0
1759293963,eth0,54,Ethernet,IPv4,N/A,N/A,v4,172.30.0.220,224.0.0.22,N/A,N/A,N/A,N/A,N/A,N/A,,,0
1759293963,eth0,110,Ethernet,IPv6,ICMP,N/A,v6,fe80::5ca9:83ff:fe87:27,ff02::179,N/A,N/A,N/A,N/A,N/A,N/A,,,0
1759293963,eth0,54,Ethernet,IPv4,N/A,N/A,v4,172.30.0.220,224.0.0.22,N/A,N/A,N/A,N/A,N/A,N/A,,,0
1759293963,eth0,42,Ethernet,N/A,N/A,N/A,N/A,N/A,N/A,N/A,N/A,N/A,N/A,N/A,N/A,,,0
1759293963,eth0,56,Ethernet,N/A,N/A,N/A,N/A,N/A,N/A,N/A,N/A,N/A,N/A,N/A,N/A,,,0
1759293963,eth0,56,Ethernet,N/A,N/A,N/A,N/A,N/A,N/A,N/A,N/A,N/A,N/A,N/A,N/A,,,0
1759293964,any,112,N/A,IPv6,ICMP,N/A,v6,fe80::a824:52ff:fe4f:69,ff02::179,N/A,N/A,N/A,N/A,N/A,N/A,,,0
1759293964,eth1,110,Ethernet,IPv6,ICMP,N/A,v6,fe80::a824:52ff:fe4f:69,ff02::179,N/A,N/A,N/A,N/A,N/A,N/A,,,0
1759293964,eth1,70,Ethernet,IPv6,ICMP,N/A,v6,fe80::a824:52ff:fe4f:69,ff02::204,N/A,N/A,N/A,N/A,N/A,N/A,,,0
1759293964,any,72,N/A,IPv6,ICMP,N/A,v6,fe80::a824:52ff:fe4f:69,ff02::204,N/A,N/A,N/A,N/A,N/A,N/A,,,0
1759293964,any,72,N/A,IPv6,ICMP,N/A,v6,fe80::5ca9:83ff:fe87:27,ff02::204,N/A,N/A,N/A,N/A,N/A,N/A,,,0
1759293964,eth0,70,Ethernet,IPv6,ICMP,N/A,v6,fe80::5ca9:83ff:fe87:27,ff02::204,N/A,N/A,N/A,N/A,N/A,N/A,,,0
1759293964,any,112,N/A,IPv6,ICMP,N/A,v6,fe80::5ca9:83ff:fe87:27,ff02::179,N/A,N/A,N/A,N/A,N/A,N/A,,,0
1759293964,eth0,110,Ethernet,IPv6,ICMP,N/A,v6,fe80::5ca9:83ff:fe87:27,ff02::179,N/A,N/A,N/A,N/A,N/A,N/A,,,0
1759293965,eth0,107,Ethernet,N/A,N/A,N/A,N/A,N/A,N/A,N/A,N/A,N/A,N/A,N/A,N/A,,,0
1759293965,any,109,N/A,N/A,N/A,N/A,N/A,N/A,N/A,N/A,N/A,N/A,N/A,N/A,N/A,,,0
1759293966,eth0,107,Ethernet,N/A,N/A,N/A,N/A,N/A,N/A,N/A,N/A,N/A,N/A,N/A,N/A,,,0
1759293966,any,109,N/A,N/A,N/A,N/A,N/A,N/A,N/A,N/A,N/A,N/A,N/A,N/A,N/A,,,0
1759293967,eth0,107,Ethernet,N/A,N/A,N/A,N/A,N/A,N/A,N/A,N/A,N/A,N/A,N/A,N/A,,,0
1759293967,any,109,N/A,N/A,N/A,N/A,N/A,N/A,N/A,N/A,N/A,N/A,N/A,N/A,N/A,,,0
1759293968,eth0,70,Ethernet,IPv6,ICMP,N/A,v6,fe80::5ca9:83ff:fe87:27,ff02::204,N/A,N/A,N/A,N/A,N/A,N/A,,,0
1759293968,any,72,N/A,IPv6,ICMP,N/A,v6,fe80::5ca9:83ff:fe87:27,ff02::204,N/A,N/A,N/A,N/A,N/A,N/A,,,0
1759293968,any,72,N/A,IPv6,ICMP,N/A,v6,fe80::a824:52ff:fe4f:69,ff02::204,N/A,N/A,N/A,N/A,N/A,N/A,,,0
1759293968,eth1,70,Ethernet,IPv6,ICMP,N/A,v6,fe80::a824:52ff:fe4f:69,ff02::204,N/A,N/A,N/A,N/A,N/A,N/A,,,0
1759293968,eth0,107,Ethernet,N/A,N/A,N/A,N/A,N/A,N/A,N/A,N/A,N/A,N/A,N/A,N/A,,,0
1759293968,eth0,90,Ethernet,IPv6,ICMP,N/A,v6,fe80::5ca9:83ff:fe87:27,ff02::179,N/A,N/A,N/A,N/A,N/A,N/A,,,0
1759293968,eth0,54,Ethernet,IPv4,N/A,N/A,v4,172.30.0.220,224.0.0.22,N/A,N/A,N/A,N/A,N/A,N/A,,,0
1759293968,any,92,N/A,IPv6,ICMP,N/A,v6,fe80::5ca9:83ff:fe87:27,ff02::179,N/A,N/A,N/A,N/A,N/A,N/A,,,0
1759293968,eth0,67,Ethernet,IPv4,UDP,N/A,v4,172.30.0.220,224.0.0.252,5355,5355,N/A,N/A,N/A,N/A,,,0
1759293968,any,69,N/A,IPv4,UDP,N/A,v4,172.30.0.220,224.0.0.252,5355,5355,N/A,N/A,N/A,N/A,,,0
1759293968,eth0,356,Ethernet,IPv4,UDP,N/A,v4,0.0.0.0,255.255.255.255,68,67,N/A,N/A,N/A,N/A,,,0
1759293968,any,358,N/A,IPv4,UDP,N/A,v4,0.0.0.0,255.255.255.255,68,67,N/A,N/A,N/A,N/A,,,0
1759293968,eth0,368,Ethernet,IPv4,UDP,N/A,v4,0.0.0.0,255.255.255.255,68,67,N/A,N/A,N/A,N/A,,,0
1759293968,any,370,N/A,IPv4,UDP,N/A,v4,0.0.0.0,255.255.255.255,68,67,N/A,N/A,N/A,N/A,,,0
1759293968,any,112,N/A,IPv6,ICMP,N/A,v6,fe80::a824:52ff:fe4f:69,ff02::179,N/A,N/A,N/A,N/A,N/A,N/A,,,0
1759293968,eth1,110,Ethernet,IPv6,ICMP,N/A,v6,fe80::a824:52ff:fe4f:69,ff02::179,N/A,N/A,N/A,N/A,N/A,N/A,,,0
1759293968,eth0,54,Ethernet,IPv4,N/A,N/A,v4,172.30.0.220,224.0.0.22,N/A,N/A,N/A,N/A,N/A,N/A,,,0
1759293968,any,56,N/A,IPv4,N/A,N/A,v4,172.30.0.220,224.0.0.22,N/A,N/A,N/A,N/A,N/A,N/A,,,0
1759293968,eth0,110,Ethernet,IPv6,ICMP,N/A,v6,fe80::5ca9:83ff:fe87:27,ff02::179,N/A,N/A,N/A,N/A,N/A,N/A,,,0
1759293968,any,112,N/A,IPv6,ICMP,N/A,v6,fe80::5ca9:83ff:fe87:27,ff02::179,N/A,N/A,N/A,N/A,N/A,N/A,,,0
1759293968,eth0,42,Ethernet,N/A,N/A,N/A,N/A,N/A,N/A,N/A,N/A,N/A,N/A,N/A,N/A,,,0
1759293968,eth0,56,Ethernet,N/A,N/A,N/A,N/A,N/A,N/A,N/A,N/A,N/A,N/A,N/A,N/A,,,0
1759293968,eth0,56,Ethernet,N/A,N/A,N/A,N/A,N/A,N/A,N/A,N/A,N/A,N/A,N/A,N/A,,,0
1759293968,any,44,ARP,N/A,N/A,N/A,N/A,N/A,N/A,N/A,N/A,1,2048,172.30.0.220,172.30.0.122,,,0
1759293968,any,58,ARP,N/A,N/A,N/A,N/A,N/A,N/A,N/A,N/A,2,2048,172.30.0.122,172.30.0.220,,,0
1759293969,any,112,N/A,IPv6,ICMP,N/A,v6,fe80::a824:52ff:fe4f:69,ff02::179,N/A,N/A,N/A,N/A,N/A,N/A,,,0
1759293969,eth1,110,Ethernet,IPv6,ICMP,N/A,v6,fe80::a824:52ff:fe4f:69,ff02::179,N/A,N/A,N/A,N/A,N/A,N/A,,,0
1759293969,any,56,N/A,IPv4,N/A,N/A,v4,172.30.0.220,224.0.0.22,N/A,N/A,N/A,N/A,N/A,N/A,,,0
1759293969,eth0,54,Ethernet,IPv4,N/A,N/A,v4,172.30.0.220,224.0.0.22,N/A,N/A,N/A,N/A,N/A,N/A,,,0
1759293969,eth0,70,Ethernet,IPv6,ICMP,N/A,v6,fe80::5ca9:83ff:fe87:27,ff02::204,N/A,N/A,N/A,N/A,N/A,N/A,,,0
1759293969,eth1,70,Ethernet,IPv6,ICMP,N/A,v6,fe80::a824:52ff:fe4f:69,ff02::204,N/A,N/A,N/A,N/A,N/A,N/A,,,0
1759293969,any,72,N/A,IPv6,ICMP,N/A,v6,fe80::a824:52ff:fe4f:69,ff02::204,N/A,N/A,N/A,N/A,N/A,N/A,,,0
1759293969,eth0,110,Ethernet,IPv6,ICMP,N/A,v6,fe80::5ca9:83ff:fe87:27,ff02::179,N/A,N/A,N/A,N/A,N/A,N/A,,,0
1759293969,any,112,N/A,IPv6,ICMP,N/A,v6,fe80::5ca9:83ff:fe87:27,ff02::179,N/A,N/A,N/A,N/A,N/A,N/A,,,0
1759293969,eth0,107,Ethernet,N/A,N/A,N/A,N/A,N/A,N/A,N/A,N/A,N/A,N/A,N/A,N/A,,,0
1759293969,any,109,N/A,N/A,N/A,N/A,N/A,N/A,N/A,N/A,N/A,N/A,N/A,N/A,N/A,,,0
1759293971,any,109,N/A,N/A,N/A,N/A,N/A,N/A,N/A,N/A,N/A,N/A,N/A,N/A,N/A,,,0
1759293971,eth0,107,Ethernet,N/A,N/A,N/A,N/A,N/A,N/A,N/A,N/A,N/A,N/A,N/A,N/A,,,0
1759293972,eth0,107,Ethernet,N/A,N/A,N/A,N/A,N/A,N/A,N/A,N/A,N/A,N/A,N/A,N/A,,,0
1759293972,any,109,N/A,N/A,N/A,N/A,N/A,N/A,N/A,N/A,N/A,N/A,N/A,N/A,N/A,,,0
1759293972,eth0,90,Ethernet,IPv6,ICMP,N/A,v6,fe80::5ca9:83ff:fe87:27,ff02::179,N/A,N/A,N/A,N/A,N/A,N/A,,,0
1759293972,eth0,54,Ethernet,IPv4,N/A,N/A,v4,172.30.0.220,224.0.0.22,N/A,N/A,N/A,N/A,N/A,N/A,,,0
1759293972,any,92,N/A,IPv6,ICMP,N/A,v6,fe80::5ca9:83ff:fe87:27,ff02::179,N/A,N/A,N/A,N/A,N/A,N/A,,,0
1759293972,eth0,87,Ethernet,IPv6,UDP,N/A,v6,fe80::5ca9:83ff:fe87:27,ff02::1:52,5355,5355,N/A,N/A,N/A,N/A,,,0
1759293972,any,89,N/A,IPv6,UDP,N/A,v6,fe80::5ca9:83ff:fe87:27,ff02::1:52,5355,5355,N/A,N/A,N/A,N/A,,,0
1759293972,eth0,356,Ethernet,IPv4,UDP,N/A,v4,0.0.0.0,255.255.255.255,68,67,N/A,N/A,N/A,N/A,,,0
1759293972,any,358,N/A,IPv4,UDP,N/A,v4,0.0.0.0,255.255.255.255,68,67,N/A,N/A,N/A,N/A,,,0
1759293972,eth0,368,Ethernet,IPv4,UDP,N/A,v4,0.0.0.0,255.255.255.255,68,67,N/A,N/A,N/A,N/A,,,0
1759293972,any,370,N/A,IPv4,UDP,N/A,v4,0.0.0.0,255.255.255.255,68,67,N/A,N/A,N/A,N/A,,,0
1759293972,eth1,110,Ethernet,IPv6,ICMP,N/A,v6,fe80::a824:52ff:fe4f:69,ff02::179,N/A,N/A,N/A,N/A,N/A,N/A,,,0
1759293973,eth0,110,Ethernet,IPv6,ICMP,N/A,v6,fe80::5ca9:83ff:fe87:27,ff02::179,N/A,N/A,N/A,N/A,N/A,N/A,,,0
1759293973,eth0,54,Ethernet,IPv4,N/A,N/A,v4,172.30.0.220,224.0.0.22,N/A,N/A,N/A,N/A,N/A,N/A,,,0
1759293973,eth0,54,Ethernet,IPv4,N/A,N/A,v4,172.30.0.220,224.0.0.22,N/A,N/A,N/A,N/A,N/A,N/A,,,0
1759293973,eth0,110,Ethernet,IPv6,ICMP,N/A,v6,fe80::5ca9:83ff:fe87:27,ff02::179,N/A,N/A,N/A,N/A,N/A,N/A,,,0
1759293973,eth0,42,Ethernet,N/A,N/A,N/A,N/A,N/A,N/A,N/A,N/A,N/A,N/A,N/A,N/A,,,0
1759293973,eth0,56,Ethernet,N/A,N/A,N/A,N/A,N/A,N/A,N/A,N/A,N/A,N/A,N/A,N/A,,,0
1759293973,eth0,56,Ethernet,N/A,N/A,N/A,N/A,N/A,N/A,N/A,N/A,N/A,N/A,N/A,N/A,,,0
1759293973,any,112,N/A,IPv6,ICMP,N/A,v6,fe80::a824:52ff:fe4f:69,ff02::179,N/A,N/A,N/A,N/A,N/A,N/A,,,0
1759293973,any,112,N/A,IPv6,ICMP,N/A,v6,fe80::5ca9:83ff:fe87:27,ff02::179,N/A,N/A,N/A,N/A,N/A,N/A,,,0
1759293973,any,56,N/A,IPv4,N/A,N/A,v4,172.30.0.220,224.0.0.22,N/A,N/A,N/A,N/A,N/A,N/A,,,0
1759293973,any,112,N/A,IPv6,ICMP,N/A,v6,fe80::5ca9:83ff:fe87:27,ff02::179,N/A,N/A,N/A,N/A,N/A,N/A,,,0
1759293973,any,44,ARP,N/A,N/A,N/A,N/A,N/A,N/A,N/A,N/A,1,2048,172.30.0.220,172.30.0.122,,,0
1759293973,any,58,ARP,N/A,N/A,N/A,N/A,N/A,N/A,N/A,N/A,2,2048,172.30.0.122,172.30.0.220,,,0
1759293973,any,112,N/A,IPv6,ICMP,N/A,v6,fe80::a824:52ff:fe4f:69,ff02::179,N/A,N/A,N/A,N/A,N/A,N/A,,,0
1759293973,eth1,110,Ethernet,IPv6,ICMP,N/A,v6,fe80::a824:52ff:fe4f:69,ff02::179,N/A,N/A,N/A,N/A,N/A,N/A,,,0
1759293973,any,72,N/A,IPv6,ICMP,N/A,v6,fe80::a824:52ff:fe4f:69,ff02::204,N/A,N/A,N/A,N/A,N/A,N/A,,,0
1759293973,eth1,70,Ethernet,IPv6,ICMP,N/A,v6,fe80::a824:52ff:fe4f:69,ff02::204,N/A,N/A,N/A,N/A,N/A,N/A,,,0
1759293973,eth0,70,Ethernet,IPv6,ICMP,N/A,v6,fe80::5ca9:83ff:fe87:27,ff02::204,N/A,N/A,N/A,N/A,N/A,N/A,,,0
1759293974,eth0,107,Ethernet,N/A,N/A,N/A,N/A,N/A,N/A,N/A,N/A,N/A,N/A,N/A,N/A,,,0
1759293974,any,109,N/A,N/A,N/A,N/A,N/A,N/A,N/A,N/A,N/A,N/A,N/A,N/A,N/A,,,0
1759293975,eth0,107,Ethernet,N/A,N/A,N/A,N/A,N/A,N/A,N/A,N/A,N/A,N/A,N/A,N/A,,,0
1759293975,any,109,N/A,N/A,N/A,N/A,N/A,N/A,N/A,N/A,N/A,N/A,N/A,N/A,N/A,,,0
1759293976,eth0,107,Ethernet,N/A,N/A,N/A,N/A,N/A,N/A,N/A,N/A,N/A,N/A,N/A,N/A,,,0
1759293976,any,109,N/A,N/A,N/A,N/A,N/A,N/A,N/A,N/A,N/A,N/A,N/A,N/A,N/A,,,0
1759293977,eth1,70,Ethernet,IPv6,ICMP,N/A,v6,fe80::a824:52ff:fe4f:69,ff02::204,N/A,N/A,N/A,N/A,N/A,N/A,,,0
1759293977,any,109,N/A,N/A,N/A,N/A,N/A,N/A,N/A,N/A,N/A,N/A,N/A,N/A,N/A,,,0
1759293977,eth0,107,Ethernet,N/A,N/A,N/A,N/A,N/A,N/A,N/A,N/A,N/A,N/A,N/A,N/A,,,0
1759293977,any,72,N/A,IPv6,ICMP,N/A,v6,fe80::5ca9:83ff:fe87:27,ff02::204,N/A,N/A,N/A,N/A,N/A,N/A,,,0
1759293977,eth0,70,Ethernet,IPv6,ICMP,N/A,v6,fe80::5ca9:83ff:fe87:27,ff02::204,N/A,N/A,N/A,N/A,N/A,N/A,,,0
1759293978,eth0,90,Ethernet,IPv6,ICMP,N/A,v6,fe80::5ca9:83ff:fe87:27,ff02::179,N/A,N/A,N/A,N/A,N/A,N/A,,,0
1759293978,eth0,54,Ethernet,IPv4,N/A,N/A,v4,172.30.0.220,224.0.0.22,N/A,N/A,N/A,N/A,N/A,N/A,,,0
1759293978,any,92,N/A,IPv6,ICMP,N/A,v6,fe80::5ca9:83ff:fe87:27,ff02::179,N/A,N/A,N/A,N/A,N/A,N/A,,,0
1759293978,eth0,87,Ethernet,IPv6,UDP,N/A,v6,fe80::5ca9:83ff:fe87:27,ff02::1:52,5355,5355,N/A,N/A,N/A,N/A,,,0
1759293978,any,89,N/A,IPv6,UDP,N/A,v6,fe80::5ca9:83ff:fe87:27,ff02::1:52,5355,5355,N/A,N/A,N/A,N/A,,,0
1759293978,eth0,356,Ethernet,IPv4,UDP,N/A,v4,0.0.0.0,255.255.255.255,68,67,N/A,N/A,N/A,N/A,,,0
1759293978,any,358,N/A,IPv4,UDP,N/A,v4,0.0.0.0,255.255.255.255,68,67,N/A,N/A,N/A,N/A,,,0
1759293978,eth0,368,Ethernet,IPv4,UDP,N/A,v4,0.0.0.0,255.255.255.255,68,67,N/A,N/A,N/A,N/A,,,0
1759293978,any,370,N/A,IPv4,UDP,N/A,v4,0.0.0.0,255.255.255.255,68,67,N/A,N/A,N/A,N/A,,,0
1759293978,eth1,110,Ethernet,IPv6,ICMP,N/A,v6,fe80::a824:52ff:fe4f:69,ff02::179,N/A,N/A,N/A,N/A,N/A,N/A,,,0
1759293978,any,112,N/A,IPv6,ICMP,N/A,v6,fe80::a824:52ff:fe4f:69,ff02::179,N/A,N/A,N/A,N/A,N/A,N/A,,,0
1759293978,eth0,54,Ethernet,IPv4,N/A,N/A,v4,172.30.0.220,224.0.0.22,N/A,N/A,N/A,N/A,N/A,N/A,,,0
1759293978,any,56,N/A,IPv4,N/A,N/A,v4,172.30.0.220,224.0.0.22,N/A,N/A,N/A,N/A,N/A,N/A,,,0
1759293978,eth0,110,Ethernet,IPv6,ICMP,N/A,v6,fe80::5ca9:83ff:fe87:27,ff02::179,N/A,N/A,N/A,N/A,N/A,N/A,,,0
1759293978,any,112,N/A,IPv6,ICMP,N/A,v6,fe80::5ca9:83ff:fe87:27,ff02::179,N/A,N/A,N/A,N/A,N/A,N/A,,,0
1759293978,eth0,42,Ethernet,N/A,N/A,N/A,N/A,N/A,N/A,N/A,N/A,N/A,N/A,N/A,N/A,,,0
1759293978,eth0,56,Ethernet,N/A,N/A,N/A,N/A,N/A,N/A,N/A,N/A,N/A,N/A,N/A,N/A,,,0
1759293978,eth0,56,Ethernet,N/A,N/A,N/A,N/A,N/A,N/A,N/A,N/A,N/A,N/A,N/A,N/A,,,0
1759293978,any,44,ARP,N/A,N/A,N/A,N/A,N/A,N/A,N/A,N/A,1,2048,172.30.0.220,172.30.0.122,,,0
1759293978,any,58,ARP,N/A,N/A,N/A,N/A,N/A,N/A,N/A,N/A,2,2048,172.30.0.122,172.30.0.220,,,0
1759293978,any,112,N/A,IPv6,ICMP,N/A,v6,fe80::a824:52ff:fe4f:69,ff02::179,N/A,N/A,N/A,N/A,N/A,N/A,,,0
1759293978,eth1,110,Ethernet,IPv6,ICMP,N/A,v6,fe80::a824:52ff:fe4f:69,ff02::179,N/A,N/A,N/A,N/A,N/A,N/A,,,0
1759293978,eth0,70,Ethernet,IPv6,ICMP,N/A,v6,fe80::5ca9:83ff:fe87:27,ff02::204,N/A,N/A,N/A,N/A,N/A,N/A,,,0
1759293978,eth1,70,Ethernet,IPv6,ICMP,N/A,v6,fe80::a824:52ff:fe4f:69,ff02::204,N/A,N/A,N/A,N/A,N/A,N/A,,,0
1759293978,any,72,N/A,IPv6,ICMP,N/A,v6,fe80::a824:52ff:fe4f:69,ff02::204,N/A,N/A,N/A,N/A,N/A,N/A,,,0
1759293978,any,112,N/A,IPv6,ICMP,N/A,v6,fe80::5ca9:83ff:fe87:27,ff02::179,N/A,N/A,N/A,N/A,N/A,N/A,,,0
1759293978,eth0,110,Ethernet,IPv6,ICMP,N/A,v6,fe80::5ca9:83ff:fe87:27,ff02::179,N/A,N/A,N/A,N/A,N/A,N/A,,,0
1759293978,eth0,54,Ethernet,IPv4,N/A,N/A,v4,172.30.0.220,224.0.0.22,N/A,N/A,N/A,N/A,N/A,N/A,,,0
1759293978,any,56,N/A,IPv4,N/A,N/A,v4,172.30.0.220,224.0.0.22,N/A,N/A,N/A,N/A,N/A,N/A,,,0
1759293979,eth0,107,Ethernet,N/A,N/A,N/A,N/A,N/A,N/A,N/A,N/A,N/A,N/A,N/A,N/A,,,0
1759293979,any,109,N/A,N/A,N/A,N/A,N/A,N/A,N/A,N/A,N/A,N/A,N/A,N/A,N/A,,,0
1759293980,any,109,N/A,N/A,N/A,N/A,N/A,N/A,N/A,N/A,N/A,N/A,N/A,N/A,N/A,,,0
1759293980,eth0,107,Ethernet,N/A,N/A,N/A,N/A,N/A,N/A,N/A,N/A,N/A,N/A,N/A,N/A,,,0
1759293981,eth0,107,Ethernet,N/A,N/A,N/A,N/A,N/A,N/A,N/A,N/A,N/A,N/A,N/A,N/A,,,0
1759293981,any,109,N/A,N/A,N/A,N/A,N/A,N/A,N/A,N/A,N/A,N/A,N/A,N/A,N/A,,,0
1759293982,eth0,90,Ethernet,IPv6,ICMP,N/A,v6,fe80::5ca9:83ff:fe87:27,ff02::179,N/A,N/A,N/A,N/A,N/A,N/A,,,0
1759293982,eth0,54,Ethernet,IPv4,N/A,N/A,v4,172.30.0.220,224.0.0.22,N/A,N/A,N/A,N/A,N/A,N/A,,,0
1759293982,any,92,N/A,IPv6,ICMP,N/A,v6,fe80::5ca9:83ff:fe87:27,ff02::179,N/A,N/A,N/A,N/A,N/A,N/A,,,0
1759293982,eth0,90,Ethernet,IPv6,ICMP,N/A,v6,fe80::5ca9:83ff:fe87:27,ff02::179,N/A,N/A,N/A,N/A,N/A,N/A,,,0
1759293982,any,92,N/A,IPv6,ICMP,N/A,v6,fe80::5ca9:83ff:fe87:27,ff02::179,N/A,N/A,N/A,N/A,N/A,N/A,,,0
1759293982,eth0,356,Ethernet,IPv4,UDP,N/A,v4,0.0.0.0,255.255.255.255,68,67,N/A,N/A,N/A,N/A,,,0
1759293982,any,358,N/A,IPv4,UDP,N/A,v4,0.0.0.0,255.255.255.255,68,67,N/A,N/A,N/A,N/A,,,0
1759293982,eth0,368,Ethernet,IPv4,UDP,N/A,v4,0.0.0.0,255.255.255.255,68,67,N/A,N/A,N/A,N/A,,,0
1759293982,any,370,N/A,IPv4,UDP,N/A,v4,0.0.0.0,255.255.255.255,68,67,N/A,N/A,N/A,N/A,,,0
1759293982,any,56,N/A,IPv4,N/A,N/A,v4,172.30.0.220,224.0.0.22,N/A,N/A,N/A,N/A,N/A,N/A,,,0
1759293982,any,112,N/A,IPv6,ICMP,N/A,v6,fe80::5ca9:83ff:fe87:27,ff02::179,N/A,N/A,N/A,N/A,N/A,N/A,,,0
1759293982,any,44,ARP,N/A,N/A,N/A,N/A,N/A,N/A,N/A,N/A,1,2048,172.30.0.220,172.30.0.122,,,0
1759293982,any,58,ARP,N/A,N/A,N/A,N/A,N/A,N/A,N/A,N/A,2,2048,172.30.0.122,172.30.0.220,,,0
1759293982,any,58,ARP,N/A,N/A,N/A,N/A,N/A,N/A,N/A,N/A,2,2048,172.30.0.122,172.30.0.220,,,0
1759293982,eth1,110,Ethernet,IPv6,ICMP,N/A,v6,fe80::a824:52ff:fe4f:69,ff02::179,N/A,N/A,N/A,N/A,N/A,N/A,,,0
1759293982,eth0,54,Ethernet,IPv4,N/A,N/A,v4,172.30.0.220,224.0.0.22,N/A,N/A,N/A,N/A,N/A,N/A,,,0
1759293982,eth0,110,Ethernet,IPv6,ICMP,N/A,v6,fe80::5ca9:83ff:fe87:27,ff02::179,N/A,N/A,N/A,N/A,N/A,N/A,,,0
1759293982,eth0,42,Ethernet,N/A,N/A,N/A,N/A,N/A,N/A,N/A,N/A,N/A,N/A,N/A,N/A,,,0
1759293982,eth0,56,Ethernet,N/A,N/A,N/A,N/A,N/A,N/A,N/A,N/A,N/A,N/A,N/A,N/A,,,0
1759293982,eth0,56,Ethernet,N/A,N/A,N/A,N/A,N/A,N/A,N/A,N/A,N/A,N/A,N/A,N/A,,,0
1759293982,any,112,N/A,IPv6,ICMP,N/A,v6,fe80::5ca9:83ff:fe87:27,ff02::179,N/A,N/A,N/A,N/A,N/A,N/A,,,0
1759293982,eth0,110,Ethernet,IPv6,ICMP,N/A,v6,fe80::5ca9:83ff:fe87:27,ff02::179,N/A,N/A,N/A,N/A,N/A,N/A,,,0
1759293982,eth0,54,Ethernet,IPv4,N/A,N/A,v4,172.30.0.220,224.0.0.22,N/A,N/A,N/A,N/A,N/A,N/A,,,0
1759293982,any,56,N/A,IPv4,N/A,N/A,v4,172.30.0.220,224.0.0.22,N/A,N/A,N/A,N/A,N/A,N/A,,,0
1759293983,any,112,N/A,IPv6,ICMP,N/A,v6,fe80::a824:52ff:fe4f:69,ff02::179,N/A,N/A,N/A,N/A,N/A,N/A,,,0
1759293983,eth1,110,Ethernet,IPv6,ICMP,N/A,v6,fe80::a824:52ff:fe4f:69,ff02::179,N/A,N/A,N/A,N/A,N/A,N/A,,,0
1759293983,any,72,N/A,IPv6,ICMP,N/A,v6,fe80::a824:52ff:fe4f:69,ff02::204,N/A,N/A,N/A,N/A,N/A,N/A,,,0
1759293983,eth1,70,Ethernet,IPv6,ICMP,N/A,v6,fe80::a824:52ff:fe4f:69,ff02::204,N/A,N/A,N/A,N/A,N/A,N/A,,,0
1759293983,eth0,107,Ethernet,N/A,N/A,N/A,N/A,N/A,N/A,N/A,N/A,N/A,N/A,N/A,N/A,,,0
1759293983,eth0,70,Ethernet,IPv6,ICMP,N/A,v6,fe80::5ca9:83ff:fe87:27,ff02::204,N/A,N/A,N/A,N/A,N/A,N/A,,,0
1759293984,eth0,107,Ethernet,N/A,N/A,N/A,N/A,N/A,N/A,N/A,N/A,N/A,N/A,N/A,N/A,,,0
1759293984,any,109,N/A,N/A,N/A,N/A,N/A,N/A,N/A,N/A,N/A,N/A,N/A,N/A,N/A,,,0
1759293985,eth0,107,Ethernet,N/A,N/A,N/A,N/A,N/A,N/A,N/A,N/A,N/A,N/A,N/A,N/A,,,0
1759293985,any,109,N/A,N/A,N/A,N/A,N/A,N/A,N/A,N/A,N/A,N/A,N/A,N/A,N/A,,,0
1759293985,any,72,N/A,IPv6,ICMP,N/A,v6,fe80::fc61:ffff:feeb:91,ff02::204,N/A,N/A,N/A,N/A,N/A,N/A,,,0
1759293985,eth0,70,Ethernet,IPv6,ICMP,N/A,v6,fe80::fc61:ffff:feeb:91,ff02::204,N/A,N/A,N/A,N/A,N/A,N/A,,,0
1759293986,eth0,107,Ethernet,N/A,N/A,N/A,N/A,N/A,N/A,N/A,N/A,N/A,N/A,N/A,N/A,,,0
1759293986,any,109,N/A,N/A,N/A,N/A,N/A,N/A,N/A,N/A,N/A,N/A,N/A,N/A,N/A,,,0
1759293987,any,72,N/A,IPv6,ICMP,N/A,v6,fe80::a824:52ff:fe4f:69,ff02::204,N/A,N/A,N/A,N/A,N/A,N/A,,,0
1759293987,eth1,70,Ethernet,IPv6,ICMP,N/A,v6,fe80::a824:52ff:fe4f:69,ff02::204,N/A,N/A,N/A,N/A,N/A,N/A,,,0
1759293987,eth0,90,Ethernet,IPv6,ICMP,N/A,v6,fe80::5ca9:83ff:fe87:27,ff02::179,N/A,N/A,N/A,N/A,N/A,N/A,,,0
1759293987,eth0,54,Ethernet,IPv4,N/A,N/A,v4,172.30.0.220,224.0.0.22,N/A,N/A,N/A,N/A,N/A,N/A,,,0
1759293987,any,92,N/A,IPv6,ICMP,N/A,v6,fe80::5ca9:83ff:fe87:27,ff02::179,N/A,N/A,N/A,N/A,N/A,N/A,,,0
1759293987,eth0,67,Ethernet,IPv4,UDP,N/A,v4,172.30.0.220,224.0.0.252,5355,5355,N/A,N/A,N/A,N/A,,,0
1759293987,any,69,N/A,IPv4,UDP,N/A,v4,172.30.0.220,224.0.0.252,5355,5355,N/A,N/A,N/A,N/A,,,0
1759293987,eth0,356,Ethernet,IPv4,UDP,N/A,v4,0.0.0.0,255.255.255.255,68,67,N/A,N/A,N/A,N/A,,,0
1759293987,any,358,N/A,IPv4,UDP,N/A,v4,0.0.0.0,255.255.255.255,68,67,N/A,N/A,N/A,N/A,,,0
1759293987,eth0,368,Ethernet,IPv4,UDP,N/A,v4,0.0.0.0,255.255.255.255,68,67,N/A,N/A,N/A,N/A,,,0
1759293987,any,370,N/A,IPv4,UDP,N/A,v4,0.0.0.0,255.255.255.255,68,67,N/A,N/A,N/A,N/A,,,0
1759293987,eth1,110,Ethernet,IPv6,ICMP,N/A,v6,fe80::a824:52ff:fe4f:69,ff02::179,N/A,N/A,N/A,N/A,N/A,N/A,,,0
1759293987,any,112,N/A,IPv6,ICMP,N/A,v6,fe80::a824:52ff:fe4f:69,ff02::179,N/A,N/A,N/A,N/A,N/A,N/A,,,0
1759293987,eth0,110,Ethernet,IPv6,ICMP,N/A,v6,fe80::5ca9:83ff:fe87:27,ff02::179,N/A,N/A,N/A,N/A,N/A,N/A,,,0
1759293987,eth0,54,Ethernet,IPv4,N/A,N/A,v4,172.30.0.220,224.0.0.22,N/A,N/A,N/A,N/A,N/A,N/A,,,0
1759293987,any,112,N/A,IPv6,ICMP,N/A,v6,fe80::5ca9:83ff:fe87:27,ff02::179,N/A,N/A,N/A,N/A,N/A,N/A,,,0
1759293987,eth0,42,Ethernet,N/A,N/A,N/A,N/A,N/A,N/A,N/A,N/A,N/A,N/A,N/A,N/A,,,0
1759293987,eth0,56,Ethernet,N/A,N/A,N/A,N/A,N/A,N/A,N/A,N/A,N/A,N/A,N/A,N/A,,,0
1759293987,eth0,56,Ethernet,N/A,N/A,N/A,N/A,N/A,N/A,N/A,N/A,N/A,N/A,N/A,N/A,,,0
1759293987,any,44,ARP,N/A,N/A,N/A,N/A,N/A,N/A,N/A,N/A,1,2048,172.30.0.220,172.30.0.122,,,0
1759293987,any,58,ARP,N/A,N/A,N/A,N/A,N/A,N/A,N/A,N/A,2,2048,172.30.0.122,172.30.0.220,,,0
1759293987,any,56,N/A,IPv4,N/A,N/A,v4,172.30.0.220,224.0.0.22,N/A,N/A,N/A,N/A,N/A,N/A,,,0
1759293987,eth0,54,Ethernet,IPv4,N/A,N/A,v4,172.30.0.220,224.0.0.22,N/A,N/A,N/A,N/A,N/A,N/A,,,0
1759293987,any,112,N/A,IPv6,ICMP,N/A,v6,fe80::a824:52ff:fe4f:69,ff02::179,N/A,N/A,N/A,N/A,N/A,N/A,,,0
1759293987,eth1,110,Ethernet,IPv6,ICMP,N/A,v6,fe80::a824:52ff:fe4f:69,ff02::179,N/A,N/A,N/A,N/A,N/A,N/A,,,0
1759293988,eth0,110,Ethernet,IPv6,ICMP,N/A,v6,fe80::5ca9:83ff:fe87:27,ff02::179,N/A,N/A,N/A,N/A,N/A,N/A,,,0
1759293988,any,112,N/A,IPv6,ICMP,N/A,v6,fe80::5ca9:83ff:fe87:27,ff02::179,N/A,N/A,N/A,N/A,N/A,N/A,,,0
1759293988,any,72,N/A,IPv6,ICMP,N/A,v6,fe80::a824:52ff:fe4f:69,ff02::204,N/A,N/A,N/A,N/A,N/A,N/A,,,0
1759293988,eth1,70,Ethernet,IPv6,ICMP,N/A,v6,fe80::a824:52ff:fe4f:69,ff02::204,N/A,N/A,N/A,N/A,N/A,N/A,,,0
1759293988,eth0,107,Ethernet,N/A,N/A,N/A,N/A,N/A,N/A,N/A,N/A,N/A,N/A,N/A,N/A,,,0
1759293988,eth0,70,Ethernet,IPv6,ICMP,N/A,v6,fe80::5ca9:83ff:fe87:27,ff02::204,N/A,N/A,N/A,N/A,N/A,N/A,,,0
1759293989,any,109,N/A,N/A,N/A,N/A,N/A,N/A,N/A,N/A,N/A,N/A,N/A,N/A,N/A,,,0
1759293989,eth0,107,Ethernet,N/A,N/A,N/A,N/A,N/A,N/A,N/A,N/A,N/A,N/A,N/A,N/A,,,0
1759293990,eth0,107,Ethernet,N/A,N/A,N/A,N/A,N/A,N/A,N/A,N/A,N/A,N/A,N/A,N/A,,,0
1759293990,any,109,N/A,N/A,N/A,N/A,N/A,N/A,N/A,N/A,N/A,N/A,N/A,N/A,N/A,,,0
1759293991,eth0,90,Ethernet,IPv6,ICMP,N/A,v6,fe80::5ca9:83ff:fe87:27,ff02::179,N/A,N/A,N/A,N/A,N/A,N/A,,,0
1759293991,eth0,54,Ethernet,IPv4,N/A,N/A,v4,172.30.0.220,224.0.0.22,N/A,N/A,N/A,N/A,N/A,N/A,,,0
1759293991,any,92,N/A,IPv6,ICMP,N/A,v6,fe80::5ca9:83ff:fe87:27,ff02::179,N/A,N/A,N/A,N/A,N/A,N/A,,,0
1759293991,eth0,87,Ethernet,IPv6,UDP,N/A,v6,fe80::5ca9:83ff:fe87:27,ff02::1:52,5355,5355,N/A,N/A,N/A,N/A,,,0
1759293991,any,89,N/A,IPv6,UDP,N/A,v6,fe80::5ca9:83ff:fe87:27,ff02::1:52,5355,5355,N/A,N/A,N/A,N/A,,,0
1759293991,eth0,356,Ethernet,IPv4,UDP,N/A,v4,0.0.0.0,255.255.255.255,68,67,N/A,N/A,N/A,N/A,,,0
1759293991,any,358,N/A,IPv4,UDP,N/A,v4,0.0.0.0,255.255.255.255,68,67,N/A,N/A,N/A,N/A,,,0
1759293991,eth0,368,Ethernet,IPv4,UDP,N/A,v4,0.0.0.0,255.255.255.255,68,67,N/A,N/A,N/A,N/A,,,0
1759293991,any,370,N/A,IPv4,UDP,N/A,v4,0.0.0.0,255.255.255.255,68,67,N/A,N/A,N/A,N/A,,,0
1759293991,eth1,110,Ethernet,IPv6,ICMP,N/A,v6,fe80::a824:52ff:fe4f:69,ff02::179,N/A,N/A,N/A,N/A,N/A,N/A,,,0
1759293991,any,112,N/A,IPv6,ICMP,N/A,v6,fe80::a824:52ff:fe4f:69,ff02::179,N/A,N/A,N/A,N/A,N/A,N/A,,,0
1759293991,any,44,ARP,N/A,N/A,N/A,N/A,N/A,N/A,N/A,N/A,1,2048,172.30.0.220,172.30.0.122,,,0
1759293991,any,58,ARP,N/A,N/A,N/A,N/A,N/A,N/A,N/A,N/A,2,2048,172.30.0.122,172.30.0.220,,,0
1759293991,any,58,ARP,N/A,N/A,N/A,N/A,N/A,N/A,N/A,N/A,2,2048,172.30.0.122,172.30.0.220,,,0
1759293991,any,112,N/A,IPv6,ICMP,N/A,v6,fe80::5ca9:83ff:fe87:27,ff02::179,N/A,N/A,N/A,N/A,N/A,N/A,,,0
1759293991,eth0,42,Ethernet,N/A,N/A,N/A,N/A,N/A,N/A,N/A,N/A,N/A,N/A,N/A,N/A,,,0
1759293991,eth0,56,Ethernet,N/A,N/A,N/A,N/A,N/A,N/A,N/A,N/A,N/A,N/A,N/A,N/A,,,0
1759293991,eth0,56,Ethernet,N/A,N/A,N/A,N/A,N/A,N/A,N/A,N/A,N/A,N/A,N/A,N/A,,,0
1759293991,eth0,110,Ethernet,IPv6,ICMP,N/A,v6,fe80::5ca9:83ff:fe87:27,ff02::179,N/A,N/A,N/A,N/A,N/A,N/A,,,0
1759293991,eth0,54,Ethernet,IPv4,N/A,N/A,v4,172.30.0.220,224.0.0.22,N/A,N/A,N/A,N/A,N/A,N/A,,,0
1759293992,eth0,54,Ethernet,IPv4,N/A,N/A,v4,172.30.0.220,224.0.0.22,N/A,N/A,N/A,N/A,N/A,N/A,,,0
1759293992,any,56,N/A,IPv4,N/A,N/A,v4,172.30.0.220,224.0.0.22,N/A,N/A,N/A,N/A,N/A,N/A,,,0
1759293992,any,112,N/A,IPv6,ICMP,N/A,v6,fe80::a824:52ff:fe4f:69,ff02::179,N/A,N/A,N/A,N/A,N/A,N/A,,,0
1759293992,eth1,110,Ethernet,IPv6,ICMP,N/A,v6,fe80::a824:52ff:fe4f:69,ff02::179,N/A,N/A,N/A,N/A,N/A,N/A,,,0
1759293992,eth0,110,Ethernet,IPv6,ICMP,N/A,v6,fe80::5ca9:83ff:fe87:27,ff02::179,N/A,N/A,N/A,N/A,N/A,N/A,,,0
1759293992,any,112,N/A,IPv6,ICMP,N/A,v6,fe80::5ca9:83ff:fe87:27,ff02::179,N/A,N/A,N/A,N/A,N/A,N/A,,,0
1759293992,any,72,N/A,IPv6,ICMP,N/A,v6,fe80::a824:52ff:fe4f:69,ff02::204,N/A,N/A,N/A,N/A,N/A,N/A,,,0
1759293992,eth1,70,Ethernet,IPv6,ICMP,N/A,v6,fe80::a824:52ff:fe4f:69,ff02::204,N/A,N/A,N/A,N/A,N/A,N/A,,,0
1759293992,eth0,107,Ethernet,N/A,N/A,N/A,N/A,N/A,N/A,N/A,N/A,N/A,N/A,N/A,N/A,,,0
1759293992,eth0,70,Ethernet,IPv6,ICMP,N/A,v6,fe80::5ca9:83ff:fe87:27,ff02::204,N/A,N/A,N/A,N/A,N/A,N/A,,,0
1759293993,eth0,107,Ethernet,N/A,N/A,N/A,N/A,N/A,N/A,N/A,N/A,N/A,N/A,N/A,N/A,,,0
1759293993,any,109,N/A,N/A,N/A,N/A,N/A,N/A,N/A,N/A,N/A,N/A,N/A,N/A,N/A,,,0
1759293994,eth0,107,Ethernet,N/A,N/A,N/A,N/A,N/A,N/A,N/A,N/A,N/A,N/A,N/A,N/A,,,0
1759293994,any,109,N/A,N/A,N/A,N/A,N/A,N/A,N/A,N/A,N/A,N/A,N/A,N/A,N/A,,,0
1759293995,eth0,107,Ethernet,N/A,N/A,N/A,N/A,N/A,N/A,N/A,N/A,N/A,N/A,N/A,N/A,,,0
1759293995,any,109,N/A,N/A,N/A,N/A,N/A,N/A,N/A,N/A,N/A,N/A,N/A,N/A,N/A,,,0
1759293996,eth0,90,Ethernet,IPv6,ICMP,N/A,v6,fe80::5ca9:83ff:fe87:27,ff02::179,N/A,N/A,N/A,N/A,N/A,N/A,,,0
1759293996,eth0,54,Ethernet,IPv4,N/A,N/A,v4,172.30.0.220,224.0.0.22,N/A,N/A,N/A,N/A,N/A,N/A,,,0
1759293996,any,92,N/A,IPv6,ICMP,N/A,v6,fe80::5ca9:83ff:fe87:27,ff02::179,N/A,N/A,N/A,N/A,N/A,N/A,,,0
1759293996,eth0,67,Ethernet,IPv4,UDP,N/A,v4,172.30.0.220,224.0.0.252,5355,5355,N/A,N/A,N/A,N/A,,,0
1759293996,any,69,N/A,IPv4,UDP,N/A,v4,172.30.0.220,224.0.0.252,5355,5355,N/A,N/A,N/A,N/A,,,0
1759293996,eth0,356,Ethernet,IPv4,UDP,N/A,v4,0.0.0.0,255.255.255.255,68,67,N/A,N/A,N/A,N/A,,,0
1759293996,any,358,N/A,IPv4,UDP,N/A,v4,0.0.0.0,255.255.255.255,68,67,N/A,N/A,N/A,N/A,,,0
1759293996,eth0,368,Ethernet,IPv4,UDP,N/A,v4,0.0.0.0,255.255.255.255,68,67,N/A,N/A,N/A,N/A,,,0
1759293996,any,370,N/A,IPv4,UDP,N/A,v4,0.0.0.0,255.255.255.255,68,67,N/A,N/A,N/A,N/A,,,0
1759293996,eth1,110,Ethernet,IPv6,ICMP,N/A,v6,fe80::a824:52ff:fe4f:69,ff02::179,N/A,N/A,N/A,N/A,N/A,N/A,,,0
1759293996,any,112,N/A,IPv6,ICMP,N/A,v6,fe80::a824:52ff:fe4f:69,ff02::179,N/A,N/A,N/A,N/A,N/A,N/A,,,0
1759293996,eth0,110,Ethernet,IPv6,ICMP,N/A,v6,fe80::5ca9:83ff:fe87:27,ff02::179,N/A,N/A,N/A,N/A,N/A,N/A,,,0
1759293996,eth0,54,Ethernet,IPv4,N/A,N/A,v4,172.30.0.220,224.0.0.22,N/A,N/A,N/A,N/A,N/A,N/A,,,0
1759293996,any,112,N/A,IPv6,ICMP,N/A,v6,fe80::5ca9:83ff:fe87:27,ff02::179,N/A,N/A,N/A,N/A,N/A,N/A,,,0
1759293996,eth0,42,Ethernet,N/A,N/A,N/A,N/A,N/A,N/A,N/A,N/A,N/A,N/A,N/A,N/A,,,0
1759293996,eth0,56,Ethernet,N/A,N/A,N/A,N/A,N/A,N/A,N/A,N/A,N/A,N/A,N/A,N/A,,,0
1759293996,eth0,56,Ethernet,N/A,N/A,N/A,N/A,N/A,N/A,N/A,N/A,N/A,N/A,N/A,N/A,,,0
1759293996,any,44,ARP,N/A,N/A,N/A,N/A,N/A,N/A,N/A,N/A,1,2048,172.30.0.220,172.30.0.122,,,0
1759293996,any,58,ARP,N/A,N/A,N/A,N/A,N/A,N/A,N/A,N/A,2,2048,172.30.0.122,172.30.0.220,,,0
1759293996,any,112,N/A,IPv6,ICMP,N/A,v6,fe80::5ca9:83ff:fe87:27,ff02::179,N/A,N/A,N/A,N/A,N/A,N/A,,,0
1759293996,eth0,110,Ethernet,IPv6,ICMP,N/A,v6,fe80::5ca9:83ff:fe87:27,ff02::179,N/A,N/A,N/A,N/A,N/A,N/A,,,0
1759293996,any,56,N/A,IPv4,N/A,N/A,v4,172.30.0.220,224.0.0.22,N/A,N/A,N/A,N/A,N/A,N/A,,,0
1759293996,eth0,54,Ethernet,IPv4,N/A,N/A,v4,172.30.0.220,224.0.0.22,N/A,N/A,N/A,N/A,N/A,N/A,,,0
1759293997,any,112,N/A,IPv6,ICMP,N/A,v6,fe80::a824:52ff:fe4f:69,ff02::179,N/A,N/A,N/A,N/A,N/A,N/A,,,0
1759293997,eth1,110,Ethernet,IPv6,ICMP,N/A,v6,fe80::a824:52ff:fe4f:69,ff02::179,N/A,N/A,N/A,N/A,N/A,N/A,,,0
1759293997,eth0,107,Ethernet,N/A,N/A,N/A,N/A,N/A,N/A,N/A,N/A,N/A,N/A,N/A,N/A,,,0
1759293997,eth0,70,Ethernet,IPv6,ICMP,N/A,v6,fe80::5ca9:83ff:fe87:27,ff02::204,N/A,N/A,N/A,N/A,N/A,N/A,,,0
1759293997,any,72,N/A,IPv6,ICMP,N/A,v6,fe80::a824:52ff:fe4f:69,ff02::204,N/A,N/A,N/A,N/A,N/A,N/A,,,0
1759293997,eth1,70,Ethernet,IPv6,ICMP,N/A,v6,fe80::a824:52ff:fe4f:69,ff02::204,N/A,N/A,N/A,N/A,N/A,N/A,,,0
1759293998,eth0,107,Ethernet,N/A,N/A,N/A,N/A,N/A,N/A,N/A,N/A,N/A,N/A,N/A,N/A,,,0
1759293998,any,109,N/A,N/A,N/A,N/A,N/A,N/A,N/A,N/A,N/A,N/A,N/A,N/A,N/A,,,0
1759293999,eth0,107,Ethernet,N/A,N/A,N/A,N/A,N/A,N/A,N/A,N/A,N/A,N/A,N/A,N/A,,,0
1759293999,any,109,N/A,N/A,N/A,N/A,N/A,N/A,N/A,N/A,N/A,N/A,N/A,N/A,N/A,,,0
1759294000,eth0,90,Ethernet,IPv6,ICMP,N/A,v6,fe80::5ca9:83ff:fe87:27,ff02::179,N/A,N/A,N/A,N/A,N/A,N/A,,,0
1759294000,eth0,54,Ethernet,IPv4,N/A,N/A,v4,172.30.0.220,224.0.0.22,N/A,N/A,N/A,N/A,N/A,N/A,,,0
1759294000,any,92,N/A,IPv6,ICMP,N/A,v6,fe80::5ca9:83ff:fe87:27,ff02::179,N/A,N/A,N/A,N/A,N/A,N/A,,,0
1759294000,eth0,356,Ethernet,IPv4,UDP,N/A,v4,0.0.0.0,255.255.255.255,68,67,N/A,N/A,N/A,N/A,,,0
1759294000,any,358,N/A,IPv4,UDP,N/A,v4,0.0.0.0,255.255.255.255,68,67,N/A,N/A,N/A,N/A,,,0
1759294000,eth0,368,Ethernet,IPv4,UDP,N/A,v4,0.0.0.0,255.255.255.255,68,67,N/A,N/A,N/A,N/A,,,0
1759294000,any,370,N/A,IPv4,UDP,N/A,v4,0.0.0.0,255.255.255.255,68,67,N/A,N/A,N/A,N/A,,,0
1759294000,eth1,110,Ethernet,IPv6,ICMP,N/A,v6,fe80::a824:52ff:fe4f:69,ff02::179,N/A,N/A,N/A,N/A,N/A,N/A,,,0
1759294000,any,112,N/A,IPv6,ICMP,N/A,v6,fe80::a824:52ff:fe4f:69,ff02::179,N/A,N/A,N/A,N/A,N/A,N/A,,,0
1759294000,any,112,N/A,IPv6,ICMP,N/A,v6,fe80::5ca9:83ff:fe87:27,ff02::179,N/A,N/A,N/A,N/A,N/A,N/A,,,0
1759294000,eth0,110,Ethernet,IPv6,ICMP,N/A,v6,fe80::5ca9:83ff:fe87:27,ff02::179,N/A,N/A,N/A,N/A,N/A,N/A,,,0
1759294000,eth0,54,Ethernet,IPv4,N/A,N/A,v4,172.30.0.220,224.0.0.22,N/A,N/A,N/A,N/A,N/A,N/A,,,0
1759294000,any,112,N/A,IPv6,ICMP,N/A,v6,fe80::5ca9:83ff:fe87:27,ff02::179,N/A,N/A,N/A,N/A,N/A,N/A,,,0
1759294000,eth0,110,Ethernet,IPv6,ICMP,N/A,v6,fe80::5ca9:83ff:fe87:27,ff02::179,N/A,N/A,N/A,N/A,N/A,N/A,,,0
1759294000,eth0,42,Ethernet,N/A,N/A,N/A,N/A,N/A,N/A,N/A,N/A,N/A,N/A,N/A,N/A,,,0
1759294000,any,44,ARP,N/A,N/A,N/A,N/A,N/A,N/A,N/A,N/A,1,2048,172.30.0.220,172.30.0.122,,,0
1759294000,eth0,56,Ethernet,N/A,N/A,N/A,N/A,N/A,N/A,N/A,N/A,N/A,N/A,N/A,N/A,,,0
1759294000,eth0,56,Ethernet,N/A,N/A,N/A,N/A,N/A,N/A,N/A,N/A,N/A,N/A,N/A,N/A,,,0
1759294000,any,58,ARP,N/A,N/A,N/A,N/A,N/A,N/A,N/A,N/A,2,2048,172.30.0.122,172.30.0.220,,,0
1759294001,eth1,70,Ethernet,IPv6,ICMP,N/A,v6,fe80::a824:52ff:fe4f:69,ff02::204,N/A,N/A,N/A,N/A,N/A,N/A,,,0
1759294001,any,72,N/A,IPv6,ICMP,N/A,v6,fe80::a824:52ff:fe4f:69,ff02::204,N/A,N/A,N/A,N/A,N/A,N/A,,,0
1759294001,eth0,70,Ethernet,IPv6,ICMP,N/A,v6,fe80::5ca9:83ff:fe87:27,ff02::204,N/A,N/A,N/A,N/A,N/A,N/A,,,0
1759294001,any,72,N/A,IPv6,ICMP,N/A,v6,fe80::5ca9:83ff:fe87:27,ff02::204,N/A,N/A,N/A,N/A,N/A,N/A,,,0
1759294001,any,56,N/A,IPv4,N/A,N/A,v4,172.30.0.220,224.0.0.22,N/A,N/A,N/A,N/A,N/A,N/A,,,0
1759294001,eth0,54,Ethernet,IPv4,N/A,N/A,v4,172.30.0.220,224.0.0.22,N/A,N/A,N/A,N/A,N/A,N/A,,,0
1759294001,eth1,110,Ethernet,IPv6,ICMP,N/A,v6,fe80::a824:52ff:fe4f:69,ff02::179,N/A,N/A,N/A,N/A,N/A,N/A,,,0
1759294001,any,112,N/A,IPv6,ICMP,N/A,v6,fe80::a824:52ff:fe4f:69,ff02::179,N/A,N/A,N/A,N/A,N/A,N/A,,,0
1759294002,any,109,N/A,N/A,N/A,N/A,N/A,N/A,N/A,N/A,N/A,N/A,N/A,N/A,N/A,,,0
1759294002,eth0,107,Ethernet,N/A,N/A,N/A,N/A,N/A,N/A,N/A,N/A,N/A,N/A,N/A,N/A,,,0
1759294003,eth0,107,Ethernet,N/A,N/A,N/A,N/A,N/A,N/A,N/A,N/A,N/A,N/A,N/A,N/A,,,0
1759294003,any,109,N/A,N/A,N/A,N/A,N/A,N/A,N/A,N/A,N/A,N/A,N/A,N/A,N/A,,,0
1759294004,eth0,107,Ethernet,N/A,N/A,N/A,N/A,N/A,N/A,N/A,N/A,N/A,N/A,N/A,N/A,,,0
1759294004,any,109,N/A,N/A,N/A,N/A,N/A,N/A,N/A,N/A,N/A,N/A,N/A,N/A,N/A,,,0
1759294005,eth1,70,Ethernet,IPv6,ICMP,N/A,v6,fe80::a824:52ff:fe4f:69,ff02::204,N/A,N/A,N/A,N/A,N/A,N/A,,,0
1759294005,any,72,N/A,IPv6,ICMP,N/A,v6,fe80::a824:52ff:fe4f:69,ff02::204,N/A,N/A,N/A,N/A,N/A,N/A,,,0
1759294005,any,72,N/A,IPv6,ICMP,N/A,v6,fe80::5ca9:83ff:fe87:27,ff02::204,N/A,N/A,N/A,N/A,N/A,N/A,,,0
1759294005,eth0,70,Ethernet,IPv6,ICMP,N/A,v6,fe80::5ca9:83ff:fe87:27,ff02::204,N/A,N/A,N/A,N/A,N/A,N/A,,,0
1759294005,any,109,N/A,N/A,N/A,N/A,N/A,N/A,N/A,N/A,N/A,N/A,N/A,N/A,N/A,,,0
1759294005,eth0,107,Ethernet,N/A,N/A,N/A,N/A,N/A,N/A,N/A,N/A,N/A,N/A,N/A,N/A,,,0
1759294005,eth0,90,Ethernet,IPv6,ICMP,N/A,v6,fe80::5ca9:83ff:fe87:27,ff02::179,N/A,N/A,N/A,N/A,N/A,N/A,,,0
1759294005,eth0,54,Ethernet,IPv4,N/A,N/A,v4,172.30.0.220,224.0.0.22,N/A,N/A,N/A,N/A,N/A,N/A,,,0
1759294005,any,92,N/A,IPv6,ICMP,N/A,v6,fe80::5ca9:83ff:fe87:27,ff02::179,N/A,N/A,N/A,N/A,N/A,N/A,,,0
1759294005,eth0,356,Ethernet,IPv4,UDP,N/A,v4,0.0.0.0,255.255.255.255,68,67,N/A,N/A,N/A,N/A,,,0
1759294005,any,358,N/A,IPv4,UDP,N/A,v4,0.0.0.0,255.255.255.255,68,67,N/A,N/A,N/A,N/A,,,0
1759294005,eth0,368,Ethernet,IPv4,UDP,N/A,v4,0.0.0.0,255.255.255.255,68,67,N/A,N/A,N/A,N/A,,,0
1759294005,any,370,N/A,IPv4,UDP,N/A,v4,0.0.0.0,255.255.255.255,68,67,N/A,N/A,N/A,N/A,,,0
1759294005,eth1,110,Ethernet,IPv6,ICMP,N/A,v6,fe80::a824:52ff:fe4f:69,ff02::179,N/A,N/A,N/A,N/A,N/A,N/A,,,0
1759294005,any,112,N/A,IPv6,ICMP,N/A,v6,fe80::a824:52ff:fe4f:69,ff02::179,N/A,N/A,N/A,N/A,N/A,N/A,,,0
1759294005,eth0,54,Ethernet,IPv4,N/A,N/A,v4,172.30.0.220,224.0.0.22,N/A,N/A,N/A,N/A,N/A,N/A,,,0
1759294005,eth0,42,Ethernet,N/A,N/A,N/A,N/A,N/A,N/A,N/A,N/A,N/A,N/A,N/A,N/A,,,0
1759294005,any,56,N/A,IPv4,N/A,N/A,v4,172.30.0.220,224.0.0.22,N/A,N/A,N/A,N/A,N/A,N/A,,,0
1759294005,eth0,56,Ethernet,N/A,N/A,N/A,N/A,N/A,N/A,N/A,N/A,N/A,N/A,N/A,N/A,,,0
1759294005,eth0,56,Ethernet,N/A,N/A,N/A,N/A,N/A,N/A,N/A,N/A,N/A,N/A,N/A,N/A,,,0
1759294005,any,58,ARP,N/A,N/A,N/A,N/A,N/A,N/A,N/A,N/A,2,2048,172.30.0.122,172.30.0.220,,,0
1759294005,any,58,ARP,N/A,N/A,N/A,N/A,N/A,N/A,N/A,N/A,2,2048,172.30.0.122,172.30.0.220,,,0
1759294005,eth0,110,Ethernet,IPv6,ICMP,N/A,v6,fe80::5ca9:83ff:fe87:27,ff02::179,N/A,N/A,N/A,N/A,N/A,N/A,,,0
1759294005,any,112,N/A,IPv6,ICMP,N/A,v6,fe80::5ca9:83ff:fe87:27,ff02::179,N/A,N/A,N/A,N/A,N/A,N/A,,,0
1759294006,any,112,N/A,IPv6,ICMP,N/A,v6,fe80::a824:52ff:fe4f:69,ff02::179,N/A,N/A,N/A,N/A,N/A,N/A,,,0
1759294006,eth1,110,Ethernet,IPv6,ICMP,N/A,v6,fe80::a824:52ff:fe4f:69,ff02::179,N/A,N/A,N/A,N/A,N/A,N/A,,,0
1759294006,any,56,N/A,IPv4,N/A,N/A,v4,172.30.0.220,224.0.0.22,N/A,N/A,N/A,N/A,N/A,N/A,,,0
1759294006,eth0,54,Ethernet,IPv4,N/A,N/A,v4,172.30.0.220,224.0.0.22,N/A,N/A,N/A,N/A,N/A,N/A,,,0
1759294006,eth0,110,Ethernet,IPv6,ICMP,N/A,v6,fe80::5ca9:83ff:fe87:27,ff02::179,N/A,N/A,N/A,N/A,N/A,N/A,,,0
1759294006,any,112,N/A,IPv6,ICMP,N/A,v6,fe80::5ca9:83ff:fe87:27,ff02::179,N/A,N/A,N/A,N/A,N/A,N/A,,,0
1759294006,any,72,N/A,IPv6,ICMP,N/A,v6,fe80::a824:52ff:fe4f:69,ff02::204,N/A,N/A,N/A,N/A,N/A,N/A,,,0
1759294006,eth0,70,Ethernet,IPv6,ICMP,N/A,v6,fe80::5ca9:83ff:fe87:27,ff02::204,N/A,N/A,N/A,N/A,N/A,N/A,,,0
1759294006,eth1,70,Ethernet,IPv6,ICMP,N/A,v6,fe80::a824:52ff:fe4f:69,ff02::204,N/A,N/A,N/A,N/A,N/A,N/A,,,0
1759294006,eth0,107,Ethernet,N/A,N/A,N/A,N/A,N/A,N/A,N/A,N/A,N/A,N/A,N/A,N/A,,,0
1759294006,any,109,N/A,N/A,N/A,N/A,N/A,N/A,N/A,N/A,N/A,N/A,N/A,N/A,N/A,,,0
1759294008,any,109,N/A,N/A,N/A,N/A,N/A,N/A,N/A,N/A,N/A,N/A,N/A,N/A,N/A,,,0
1759294008,eth0,107,Ethernet,N/A,N/A,N/A,N/A,N/A,N/A,N/A,N/A,N/A,N/A,N/A,N/A,,,0
1759294009,any,109,N/A,N/A,N/A,N/A,N/A,N/A,N/A,N/A,N/A,N/A,N/A,N/A,N/A,,,0
1759294009,eth0,107,Ethernet,N/A,N/A,N/A,N/A,N/A,N/A,N/A,N/A,N/A,N/A,N/A,N/A,,,0
1759294009,eth0,90,Ethernet,IPv6,ICMP,N/A,v6,fe80::5ca9:83ff:fe87:27,ff02::179,N/A,N/A,N/A,N/A,N/A,N/A,,,0
1759294009,eth0,54,Ethernet,IPv4,N/A,N/A,v4,172.30.0.220,224.0.0.22,N/A,N/A,N/A,N/A,N/A,N/A,,,0
1759294009,any,92,N/A,IPv6,ICMP,N/A,v6,fe80::5ca9:83ff:fe87:27,ff02::179,N/A,N/A,N/A,N/A,N/A,N/A,,,0
1759294009,eth0,87,Ethernet,IPv6,UDP,N/A,v6,fe80::5ca9:83ff:fe87:27,ff02::1:52,5355,5355,N/A,N/A,N/A,N/A,,,0
1759294009,any,89,N/A,IPv6,UDP,N/A,v6,fe80::5ca9:83ff:fe87:27,ff02::1:52,5355,5355,N/A,N/A,N/A,N/A,,,0
1759294009,eth0,356,Ethernet,IPv4,UDP,N/A,v4,0.0.0.0,255.255.255.255,68,67,N/A,N/A,N/A,N/A,,,0
1759294009,any,358,N/A,IPv4,UDP,N/A,v4,0.0.0.0,255.255.255.255,68,67,N/A,N/A,N/A,N/A,,,0
1759294009,eth0,368,Ethernet,IPv4,UDP,N/A,v4,0.0.0.0,255.255.255.255,68,67,N/A,N/A,N/A,N/A,,,0
1759294009,any,370,N/A,IPv4,UDP,N/A,v4,0.0.0.0,255.255.255.255,68,67,N/A,N/A,N/A,N/A,,,0
1759294009,eth1,110,Ethernet,IPv6,ICMP,N/A,v6,fe80::a824:52ff:fe4f:69,ff02::179,N/A,N/A,N/A,N/A,N/A,N/A,,,0
1759294009,any,112,N/A,IPv6,ICMP,N/A,v6,fe80::a824:52ff:fe4f:69,ff02::179,N/A,N/A,N/A,N/A,N/A,N/A,,,0
1759294009,any,112,N/A,IPv6,ICMP,N/A,v6,fe80::5ca9:83ff:fe87:27,ff02::179,N/A,N/A,N/A,N/A,N/A,N/A,,,0
1759294009,eth0,110,Ethernet,IPv6,ICMP,N/A,v6,fe80::5ca9:83ff:fe87:27,ff02::179,N/A,N/A,N/A,N/A,N/A,N/A,,,0
1759294009,eth0,54,Ethernet,IPv4,N/A,N/A,v4,172.30.0.220,224.0.0.22,N/A,N/A,N/A,N/A,N/A,N/A,,,0
1759294010,any,112,N/A,IPv6,ICMP,N/A,v6,fe80::5ca9:83ff:fe87:27,ff02::179,N/A,N/A,N/A,N/A,N/A,N/A,,,0
1759294010,eth0,110,Ethernet,IPv6,ICMP,N/A,v6,fe80::5ca9:83ff:fe87:27,ff02::179,N/A,N/A,N/A,N/A,N/A,N/A,,,0
1759294010,any,112,N/A,IPv6,ICMP,N/A,v6,fe80::a824:52ff:fe4f:69,ff02::179,N/A,N/A,N/A,N/A,N/A,N/A,,,0
1759294010,eth1,110,Ethernet,IPv6,ICMP,N/A,v6,fe80::a824:52ff:fe4f:69,ff02::179,N/A,N/A,N/A,N/A,N/A,N/A,,,0
1759294010,eth0,54,Ethernet,IPv4,N/A,N/A,v4,172.30.0.220,224.0.0.22,N/A,N/A,N/A,N/A,N/A,N/A,,,0
1759294010,any,56,N/A,IPv4,N/A,N/A,v4,172.30.0.220,224.0.0.22,N/A,N/A,N/A,N/A,N/A,N/A,,,0
1759294010,any,44,ARP,N/A,N/A,N/A,N/A,N/A,N/A,N/A,N/A,1,2048,172.30.0.220,172.30.0.122,,,0
1759294010,any,58,ARP,N/A,N/A,N/A,N/A,N/A,N/A,N/A,N/A,2,2048,172.30.0.122,172.30.0.220,,,0
1759294010,eth0,42,Ethernet,N/A,N/A,N/A,N/A,N/A,N/A,N/A,N/A,N/A,N/A,N/A,N/A,,,0
1759294010,eth0,56,Ethernet,N/A,N/A,N/A,N/A,N/A,N/A,N/A,N/A,N/A,N/A,N/A,N/A,,,0
1759294010,eth0,56,Ethernet,N/A,N/A,N/A,N/A,N/A,N/A,N/A,N/A,N/A,N/A,N/A,N/A,,,0
1759294010,eth1,70,Ethernet,IPv6,ICMP,N/A,v6,fe80::a824:52ff:fe4f:69,ff02::204,N/A,N/A,N/A,N/A,N/A,N/A,,,0
1759294010,any,72,N/A,IPv6,ICMP,N/A,v6,fe80::a824:52ff:fe4f:69,ff02::204,N/A,N/A,N/A,N/A,N/A,N/A,,,0
1759294010,eth0,70,Ethernet,IPv6,ICMP,N/A,v6,fe80::5ca9:83ff:fe87:27,ff02::204,N/A,N/A,N/A,N/A,N/A,N/A,,,0
1759294010,any,72,N/A,IPv6,ICMP,N/A,v6,fe80::5ca9:83ff:fe87:27,ff02::204,N/A,N/A,N/A,N/A,N/A,N/A,,,0
1759294011,eth0,107,Ethernet,N/A,N/A,N/A,N/A,N/A,N/A,N/A,N/A,N/A,N/A,N/A,N/A,,,0
1759294011,any,109,N/A,N/A,N/A,N/A,N/A,N/A,N/A,N/A,N/A,N/A,N/A,N/A,N/A,,,0
1759294012,eth0,107,Ethernet,N/A,N/A,N/A,N/A,N/A,N/A,N/A,N/A,N/A,N/A,N/A,N/A,,,0
1759294012,any,109,N/A,N/A,N/A,N/A,N/A,N/A,N/A,N/A,N/A,N/A,N/A,N/A,N/A,,,0
1759294013,any,109,N/A,N/A,N/A,N/A,N/A,N/A,N/A,N/A,N/A,N/A,N/A,N/A,N/A,,,0
1759294013,eth0,107,Ethernet,N/A,N/A,N/A,N/A,N/A,N/A,N/A,N/A,N/A,N/A,N/A,N/A,,,0
1759294014,eth0,56,Ethernet,N/A,N/A,N/A,N/A,N/A,N/A,N/A,N/A,N/A,N/A,N/A,N/A,,,0
1759294014,eth0,56,Ethernet,N/A,N/A,N/A,N/A,N/A,N/A,N/A,N/A,N/A,N/A,N/A,N/A,,,0
1759294014,any,58,ARP,N/A,N/A,N/A,N/A,N/A,N/A,N/A,N/A,1,2048,172.30.0.122,172.30.0.163,,,0
1759294014,any,72,N/A,IPv6,ICMP,N/A,v6,fe80::5ca9:83ff:fe87:27,ff02::204,N/A,N/A,N/A,N/A,N/A,N/A,,,0
1759294014,eth0,70,Ethernet,IPv6,ICMP,N/A,v6,fe80::5ca9:83ff:fe87:27,ff02::204,N/A,N/A,N/A,N/A,N/A,N/A,,,0
1759294014,eth0,107,Ethernet,N/A,N/A,N/A,N/A,N/A,N/A,N/A,N/A,N/A,N/A,N/A,N/A,,,0
1759294014,any,109,N/A,N/A,N/A,N/A,N/A,N/A,N/A,N/A,N/A,N/A,N/A,N/A,N/A,,,0
1759294014,any,72,N/A,IPv6,ICMP,N/A,v6,fe80::a824:52ff:fe4f:69,ff02::204,N/A,N/A,N/A,N/A,N/A,N/A,,,0
1759294014,eth1,70,Ethernet,IPv6,ICMP,N/A,v6,fe80::a824:52ff:fe4f:69,ff02::204,N/A,N/A,N/A,N/A,N/A,N/A,,,0
1759294015,eth0,90,Ethernet,IPv6,ICMP,N/A,v6,fe80::5ca9:83ff:fe87:27,ff02::179,N/A,N/A,N/A,N/A,N/A,N/A,,,0
1759294015,eth0,54,Ethernet,IPv4,N/A,N/A,v4,172.30.0.220,224.0.0.22,N/A,N/A,N/A,N/A,N/A,N/A,,,0
1759294015,any,92,N/A,IPv6,ICMP,N/A,v6,fe80::5ca9:83ff:fe87:27,ff02::179,N/A,N/A,N/A,N/A,N/A,N/A,,,0
1759294015,eth0,356,Ethernet,IPv4,UDP,N/A,v4,0.0.0.0,255.255.255.255,68,67,N/A,N/A,N/A,N/A,,,0
1759294015,any,358,N/A,IPv4,UDP,N/A,v4,0.0.0.0,255.255.255.255,68,67,N/A,N/A,N/A,N/A,,,0
1759294015,eth0,368,Ethernet,IPv4,UDP,N/A,v4,0.0.0.0,255.255.255.255,68,67,N/A,N/A,N/A,N/A,,,0
1759294015,any,370,N/A,IPv4,UDP,N/A,v4,0.0.0.0,255.255.255.255,68,67,N/A,N/A,N/A,N/A,,,0
1759294015,eth0,42,Ethernet,N/A,N/A,N/A,N/A,N/A,N/A,N/A,N/A,N/A,N/A,N/A,N/A,,,0
1759294015,any,112,N/A,IPv6,ICMP,N/A,v6,fe80::a824:52ff:fe4f:69,ff02::179,N/A,N/A,N/A,N/A,N/A,N/A,,,0
1759294015,eth1,110,Ethernet,IPv6,ICMP,N/A,v6,fe80::a824:52ff:fe4f:69,ff02::179,N/A,N/A,N/A,N/A,N/A,N/A,,,0
1759294015,eth0,56,Ethernet,N/A,N/A,N/A,N/A,N/A,N/A,N/A,N/A,N/A,N/A,N/A,N/A,,,0
1759294015,eth0,56,Ethernet,N/A,N/A,N/A,N/A,N/A,N/A,N/A,N/A,N/A,N/A,N/A,N/A,,,0
1759294015,any,58,ARP,N/A,N/A,N/A,N/A,N/A,N/A,N/A,N/A,2,2048,172.30.0.122,172.30.0.220,,,0
1759294015,any,58,ARP,N/A,N/A,N/A,N/A,N/A,N/A,N/A,N/A,2,2048,172.30.0.122,172.30.0.220,,,0
1759294015,eth0,110,Ethernet,IPv6,ICMP,N/A,v6,fe80::5ca9:83ff:fe87:27,ff02::179,N/A,N/A,N/A,N/A,N/A,N/A,,,0
1759294015,eth0,54,Ethernet,IPv4,N/A,N/A,v4,172.30.0.220,224.0.0.22,N/A,N/A,N/A,N/A,N/A,N/A,,,0
1759294015,any,112,N/A,IPv6,ICMP,N/A,v6,fe80::5ca9:83ff:fe87:27,ff02::179,N/A,N/A,N/A,N/A,N/A,N/A,,,0
1759294015,any,112,N/A,IPv6,ICMP,N/A,v6,fe80::a824:52ff:fe4f:69,ff02::179,N/A,N/A,N/A,N/A,N/A,N/A,,,0
1759294015,eth1,110,Ethernet,IPv6,ICMP,N/A,v6,fe80::a824:52ff:fe4f:69,ff02::179,N/A,N/A,N/A,N/A,N/A,N/A,,,0
1759294015,any,112,N/A,IPv6,ICMP,N/A,v6,fe80::5ca9:83ff:fe87:27,ff02::179,N/A,N/A,N/A,N/A,N/A,N/A,,,0
1759294015,eth0,110,Ethernet,IPv6,ICMP,N/A,v6,fe80::5ca9:83ff:fe87:27,ff02::179,N/A,N/A,N/A,N/A,N/A,N/A,,,0
1759294015,eth1,70,Ethernet,IPv6,ICMP,N/A,v6,fe80::a824:52ff:fe4f:69,ff02::204,N/A,N/A,N/A,N/A,N/A,N/A,,,0
1759294015,any,72,N/A,IPv6,ICMP,N/A,v6,fe80::a824:52ff:fe4f:69,ff02::204,N/A,N/A,N/A,N/A,N/A,N/A,,,0
1759294015,eth0,70,Ethernet,IPv6,ICMP,N/A,v6,fe80::5ca9:83ff:fe87:27,ff02::204,N/A,N/A,N/A,N/A,N/A,N/A,,,0
1759294015,eth0,54,Ethernet,IPv4,N/A,N/A,v4,172.30.0.220,224.0.0.22,N/A,N/A,N/A,N/A,N/A,N/A,,,0
1759294015,any,56,N/A,IPv4,N/A,N/A,v4,172.30.0.220,224.0.0.22,N/A,N/A,N/A,N/A,N/A,N/A,,,0
1759294016,eth0,107,Ethernet,N/A,N/A,N/A,N/A,N/A,N/A,N/A,N/A,N/A,N/A,N/A,N/A,,,0
1759294016,any,109,N/A,N/A,N/A,N/A,N/A,N/A,N/A,N/A,N/A,N/A,N/A,N/A,N/A,,,0
1759294017,any,109,N/A,N/A,N/A,N/A,N/A,N/A,N/A,N/A,N/A,N/A,N/A,N/A,N/A,,,0
1759294017,eth0,107,Ethernet,N/A,N/A,N/A,N/A,N/A,N/A,N/A,N/A,N/A,N/A,N/A,N/A,,,0
1759294018,any,109,N/A,N/A,N/A,N/A,N/A,N/A,N/A,N/A,N/A,N/A,N/A,N/A,N/A,,,0
1759294018,eth0,107,Ethernet,N/A,N/A,N/A,N/A,N/A,N/A,N/A,N/A,N/A,N/A,N/A,N/A,,,0
1759294019,eth0,90,Ethernet,IPv6,ICMP,N/A,v6,fe80::5ca9:83ff:fe87:27,ff02::179,N/A,N/A,N/A,N/A,N/A,N/A,,,0
1759294019,eth0,54,Ethernet,IPv4,N/A,N/A,v4,172.30.0.220,224.0.0.22,N/A,N/A,N/A,N/A,N/A,N/A,,,0
1759294019,any,92,N/A,IPv6,ICMP,N/A,v6,fe80::5ca9:83ff:fe87:27,ff02::179,N/A,N/A,N/A,N/A,N/A,N/A,,,0
1759294019,eth0,356,Ethernet,IPv4,UDP,N/A,v4,0.0.0.0,255.255.255.255,68,67,N/A,N/A,N/A,N/A,,,0
1759294019,any,358,N/A,IPv4,UDP,N/A,v4,0.0.0.0,255.255.255.255,68,67,N/A,N/A,N/A,N/A,,,0
1759294019,eth0,368,Ethernet,IPv4,UDP,N/A,v4,0.0.0.0,255.255.255.255,68,67,N/A,N/A,N/A,N/A,,,0
1759294019,any,370,N/A,IPv4,UDP,N/A,v4,0.0.0.0,255.255.255.255,68,67,N/A,N/A,N/A,N/A,,,0
1759294019,eth1,110,Ethernet,IPv6,ICMP,N/A,v6,fe80::a824:52ff:fe4f:69,ff02::179,N/A,N/A,N/A,N/A,N/A,N/A,,,0
1759294019,any,56,N/A,IPv4,N/A,N/A,v4,172.30.0.220,224.0.0.22,N/A,N/A,N/A,N/A,N/A,N/A,,,0
1759294019,eth0,54,Ethernet,IPv4,N/A,N/A,v4,172.30.0.220,224.0.0.22,N/A,N/A,N/A,N/A,N/A,N/A,,,0
1759294019,any,112,N/A,IPv6,ICMP,N/A,v6,fe80::5ca9:83ff:fe87:27,ff02::179,N/A,N/A,N/A,N/A,N/A,N/A,,,0
1759294019,eth0,110,Ethernet,IPv6,ICMP,N/A,v6,fe80::5ca9:83ff:fe87:27,ff02::179,N/A,N/A,N/A,N/A,N/A,N/A,,,0
1759294019,any,112,N/A,IPv6,ICMP,N/A,v6,fe80::5ca9:83ff:fe87:27,ff02::179,N/A,N/A,N/A,N/A,N/A,N/A,,,0
1759294019,eth0,110,Ethernet,IPv6,ICMP,N/A,v6,fe80::5ca9:83ff:fe87:27,ff02::179,N/A,N/A,N/A,N/A,N/A,N/A,,,0
1759294019,eth0,54,Ethernet,IPv4,N/A,N/A,v4,172.30.0.220,224.0.0.22,N/A,N/A,N/A,N/A,N/A,N/A,,,0
1759294019,any,56,N/A,IPv4,N/A,N/A,v4,172.30.0.220,224.0.0.22,N/A,N/A,N/A,N/A,N/A,N/A,,,0
1759294019,any,112,N/A,IPv6,ICMP,N/A,v6,fe80::a824:52ff:fe4f:69,ff02::179,N/A,N/A,N/A,N/A,N/A,N/A,,,0
1759294019,eth1,110,Ethernet,IPv6,ICMP,N/A,v6,fe80::a824:52ff:fe4f:69,ff02::179,N/A,N/A,N/A,N/A,N/A,N/A,,,0
1759294020,eth0,107,Ethernet,N/A,N/A,N/A,N/A,N/A,N/A,N/A,N/A,N/A,N/A,N/A,N/A,,,0
1759294020,eth0,70,Ethernet,IPv6,ICMP,N/A,v6,fe80::5ca9:83ff:fe87:27,ff02::204,N/A,N/A,N/A,N/A,N/A,N/A,,,0
1759294020,eth0,42,Ethernet,N/A,N/A,N/A,N/A,N/A,N/A,N/A,N/A,N/A,N/A,N/A,N/A,,,0
1759294020,eth0,56,Ethernet,N/A,N/A,N/A,N/A,N/A,N/A,N/A,N/A,N/A,N/A,N/A,N/A,,,0
1759294020,eth0,56,Ethernet,N/A,N/A,N/A,N/A,N/A,N/A,N/A,N/A,N/A,N/A,N/A,N/A,,,0
1759294020,any,72,N/A,IPv6,ICMP,N/A,v6,fe80::a824:52ff:fe4f:69,ff02::204,N/A,N/A,N/A,N/A,N/A,N/A,,,0
1759294020,any,44,ARP,N/A,N/A,N/A,N/A,N/A,N/A,N/A,N/A,1,2048,172.30.0.220,172.30.0.122,,,0
1759294020,any,58,ARP,N/A,N/A,N/A,N/A,N/A,N/A,N/A,N/A,2,2048,172.30.0.122,172.30.0.220,,,0
1759294020,eth1,70,Ethernet,IPv6,ICMP,N/A,v6,fe80::a824:52ff:fe4f:69,ff02::204,N/A,N/A,N/A,N/A,N/A,N/A,,,0
1759294021,eth0,107,Ethernet,N/A,N/A,N/A,N/A,N/A,N/A,N/A,N/A,N/A,N/A,N/A,N/A,,,0
1759294021,any,109,N/A,N/A,N/A,N/A,N/A,N/A,N/A,N/A,N/A,N/A,N/A,N/A,N/A,,,0
1759294022,eth0,107,Ethernet,N/A,N/A,N/A,N/A,N/A,N/A,N/A,N/A,N/A,N/A,N/A,N/A,,,0
1759294022,any,109,N/A,N/A,N/A,N/A,N/A,N/A,N/A,N/A,N/A,N/A,N/A,N/A,N/A,,,0
1759294023,eth0,107,Ethernet,N/A,N/A,N/A,N/A,N/A,N/A,N/A,N/A,N/A,N/A,N/A,N/A,,,0
1759294023,any,109,N/A,N/A,N/A,N/A,N/A,N/A,N/A,N/A,N/A,N/A,N/A,N/A,N/A,,,0
1759294023,eth0,70,Ethernet,IPv6,ICMP,N/A,v6,fe80::5ca9:83ff:fe87:27,ff02::204,N/A,N/A,N/A,N/A,N/A,N/A,,,0
1759294023,any,72,N/A,IPv6,ICMP,N/A,v6,fe80::5ca9:83ff:fe87:27,ff02::204,N/A,N/A,N/A,N/A,N/A,N/A,,,0
1759294024,eth0,90,Ethernet,IPv6,ICMP,N/A,v6,fe80::5ca9:83ff:fe87:27,ff02::179,N/A,N/A,N/A,N/A,N/A,N/A,,,0
1759294024,eth0,54,Ethernet,IPv4,N/A,N/A,v4,172.30.0.220,224.0.0.22,N/A,N/A,N/A,N/A,N/A,N/A,,,0
1759294024,any,92,N/A,IPv6,ICMP,N/A,v6,fe80::5ca9:83ff:fe87:27,ff02::179,N/A,N/A,N/A,N/A,N/A,N/A,,,0
1759294024,eth0,67,Ethernet,IPv4,UDP,N/A,v4,172.30.0.220,224.0.0.252,5355,5355,N/A,N/A,N/A,N/A,,,0
1759294024,any,69,N/A,IPv4,UDP,N/A,v4,172.30.0.220,224.0.0.252,5355,5355,N/A,N/A,N/A,N/A,,,0
1759294024,eth0,356,Ethernet,IPv4,UDP,N/A,v4,0.0.0.0,255.255.255.255,68,67,N/A,N/A,N/A,N/A,,,0
1759294024,any,358,N/A,IPv4,UDP,N/A,v4,0.0.0.0,255.255.255.255,68,67,N/A,N/A,N/A,N/A,,,0
1759294024,eth0,368,Ethernet,IPv4,UDP,N/A,v4,0.0.0.0,255.255.255.255,68,67,N/A,N/A,N/A,N/A,,,0
1759294024,any,370,N/A,IPv4,UDP,N/A,v4,0.0.0.0,255.255.255.255,68,67,N/A,N/A,N/A,N/A,,,0
1759294024,any,112,N/A,IPv6,ICMP,N/A,v6,fe80::a824:52ff:fe4f:69,ff02::179,N/A,N/A,N/A,N/A,N/A,N/A,,,0
1759294024,any,112,N/A,IPv6,ICMP,N/A,v6,fe80::5ca9:83ff:fe87:27,ff02::179,N/A,N/A,N/A,N/A,N/A,N/A,,,0
1759294024,any,44,ARP,N/A,N/A,N/A,N/A,N/A,N/A,N/A,N/A,1,2048,172.30.0.220,172.30.0.122,,,0
1759294024,any,58,ARP,N/A,N/A,N/A,N/A,N/A,N/A,N/A,N/A,2,2048,172.30.0.122,172.30.0.220,,,0
1759294024,eth1,110,Ethernet,IPv6,ICMP,N/A,v6,fe80::a824:52ff:fe4f:69,ff02::179,N/A,N/A,N/A,N/A,N/A,N/A,,,0
1759294024,eth0,110,Ethernet,IPv6,ICMP,N/A,v6,fe80::5ca9:83ff:fe87:27,ff02::179,N/A,N/A,N/A,N/A,N/A,N/A,,,0
1759294024,eth0,54,Ethernet,IPv4,N/A,N/A,v4,172.30.0.220,224.0.0.22,N/A,N/A,N/A,N/A,N/A,N/A,,,0
1759294024,eth0,42,Ethernet,N/A,N/A,N/A,N/A,N/A,N/A,N/A,N/A,N/A,N/A,N/A,N/A,,,0
1759294024,eth0,56,Ethernet,N/A,N/A,N/A,N/A,N/A,N/A,N/A,N/A,N/A,N/A,N/A,N/A,,,0
1759294024,eth0,56,Ethernet,N/A,N/A,N/A,N/A,N/A,N/A,N/A,N/A,N/A,N/A,N/A,N/A,,,0
1759294024,any,112,N/A,IPv6,ICMP,N/A,v6,fe80::a824:52ff:fe4f:69,ff02::179,N/A,N/A,N/A,N/A,N/A,N/A,,,0
1759294024,eth1,110,Ethernet,IPv6,ICMP,N/A,v6,fe80::a824:52ff:fe4f:69,ff02::179,N/A,N/A,N/A,N/A,N/A,N/A,,,0
1759294024,any,56,N/A,IPv4,N/A,N/A,v4,172.30.0.220,224.0.0.22,N/A,N/A,N/A,N/A,N/A,N/A,,,0
1759294024,eth0,54,Ethernet,IPv4,N/A,N/A,v4,172.30.0.220,224.0.0.22,N/A,N/A,N/A,N/A,N/A,N/A,,,0
1759294025,any,112,N/A,IPv6,ICMP,N/A,v6,fe80::5ca9:83ff:fe87:27,ff02::179,N/A,N/A,N/A,N/A,N/A,N/A,,,0
1759294025,eth0,110,Ethernet,IPv6,ICMP,N/A,v6,fe80::5ca9:83ff:fe87:27,ff02::179,N/A,N/A,N/A,N/A,N/A,N/A,,,0
1759294025,eth0,107,Ethernet,N/A,N/A,N/A,N/A,N/A,N/A,N/A,N/A,N/A,N/A,N/A,N/A,,,0
1759294025,eth0,70,Ethernet,IPv6,ICMP,N/A,v6,fe80::5ca9:83ff:fe87:27,ff02::204,N/A,N/A,N/A,N/A,N/A,N/A,,,0
1759294025,any,72,N/A,IPv6,ICMP,N/A,v6,fe80::a824:52ff:fe4f:69,ff02::204,N/A,N/A,N/A,N/A,N/A,N/A,,,0
1759294025,eth1,70,Ethernet,IPv6,ICMP,N/A,v6,fe80::a824:52ff:fe4f:69,ff02::204,N/A,N/A,N/A,N/A,N/A,N/A,,,0
1759294026,any,109,N/A,N/A,N/A,N/A,N/A,N/A,N/A,N/A,N/A,N/A,N/A,N/A,N/A,,,0
1759294026,eth0,107,Ethernet,N/A,N/A,N/A,N/A,N/A,N/A,N/A,N/A,N/A,N/A,N/A,N/A,,,0
1759294027,any,109,N/A,N/A,N/A,N/A,N/A,N/A,N/A,N/A,N/A,N/A,N/A,N/A,N/A,,,0
1759294027,eth0,107,Ethernet,N/A,N/A,N/A,N/A,N/A,N/A,N/A,N/A,N/A,N/A,N/A,N/A,,,0
1759294028,eth0,90,Ethernet,IPv6,ICMP,N/A,v6,fe80::5ca9:83ff:fe87:27,ff02::179,N/A,N/A,N/A,N/A,N/A,N/A,,,0
