DevID,AvgCpuUsage,MaxCpuUsage,DataPoints,TotalDurationSeconds
pop31.infra.real.internetscanner.blankcanvas,18.539557957756607,100.0,638,3834.0
