timestamp,pid,ppid,real_uid,effective_uid,saved_uid,filesystem_uid,real_gid,effective_gid,saved_gid,filesystem_gid,vm_peak,vm_size,vm_hwm,vm_stk,vm_data,threads,name,state,device_id,cpu
1759301878,51593,1,N/A,N/A,N/A,N/A,N/A,N/A,N/A,N/A,1264619520,1264619520,17293312,135168,45826048,5,discern-proc-so,S (sleeping),router.bnsdq.ozxfs.rzona.kvugl,2.5051124108838905
1759301878,1,N/A,N/A,N/A,N/A,N/A,N/A,N/A,N/A,N/A,234930176,169488384,10833920,1056768,19828736,1,systemd,S (sleeping),router.bnsdq.ozxfs.rzona.kvugl,1.540774321868333
1759301878,68173,1,1001,1001,1001,1001,1001,1001,1001,1001,15548416,15548416,8720384,135168,765952,1,systemd,S (sleeping),router.bnsdq.ozxfs.rzona.kvugl,1.3824570828341216
1759301878,3366,1,N/A,N/A,N/A,N/A,N/A,N/A,N/A,N/A,1954459648,1931546624,36614144,135168,175190016,14,discern-network,S (sleeping),router.bnsdq.ozxfs.rzona.kvugl,1.26096450304093
1759301878,68137,1,101,101,101,101,102,102,102,102,16568320,16564224,7434240,135168,626688,1,systemd-network,S (sleeping),router.bnsdq.ozxfs.rzona.kvugl,0.38682448292464927
1759301883,51593,1,N/A,N/A,N/A,N/A,N/A,N/A,N/A,N/A,1264619520,1264619520,17293312,135168,45826048,5,discern-proc-so,S (sleeping),router.bnsdq.ozxfs.rzona.kvugl,2.5059524197508165
1759301883,1,N/A,N/A,N/A,N/A,N/A,N/A,N/A,N/A,N/A,234930176,169238528,10833920,1056768,19578880,1,systemd,S (sleeping),router.bnsdq.ozxfs.rzona.kvugl,1.5405769825911027
1759301883,3366,1,N/A,N/A,N/A,N/A,N/A,N/A,N/A,N/A,1954459648,1931546624,36614144,135168,175190016,14,discern-network,S (sleeping),router.bnsdq.ozxfs.rzona.kvugl,1.2599891116205157
1759301883,68229,1,101,101,101,101,102,102,102,102,16568320,16568320,7401472,135168,630784,1,systemd-network,S (sleeping),router.bnsdq.ozxfs.rzona.kvugl,0.5633075023608358
1759301883,68173,1,1001,1001,1001,1001,1001,1001,1001,1001,15548416,15548416,8720384,135168,765952,1,systemd,S (sleeping),router.bnsdq.ozxfs.rzona.kvugl,0.40951260482602814
1759301888,51593,1,N/A,N/A,N/A,N/A,N/A,N/A,N/A,N/A,1264619520,1264619520,17293312,135168,45826048,5,discern-proc-so,S (sleeping),router.bnsdq.ozxfs.rzona.kvugl,2.5075286636047354
1759301888,1,N/A,N/A,N/A,N/A,N/A,N/A,N/A,N/A,N/A,234930176,169246720,10833920,1056768,19587072,1,systemd,S (sleeping),router.bnsdq.ozxfs.rzona.kvugl,1.540793180010054
1759301888,3366,1,N/A,N/A,N/A,N/A,N/A,N/A,N/A,N/A,1954459648,1931546624,36614144,135168,175190016,14,discern-network,S (sleeping),router.bnsdq.ozxfs.rzona.kvugl,1.25922832263428
1759301888,68283,1,101,101,101,101,102,102,102,102,16568320,16564224,7376896,135168,626688,1,systemd-network,S (sleeping),router.bnsdq.ozxfs.rzona.kvugl,0.5458576528952267
1759301888,380,1,103,103,103,103,109,109,109,109,198963200,198963200,192905216,135168,191234048,1,dbus-daemon,S (sleeping),router.bnsdq.ozxfs.rzona.kvugl,0.2891190855081572
1759301893,51593,1,N/A,N/A,N/A,N/A,N/A,N/A,N/A,N/A,1264619520,1264619520,17293312,135168,45826048,5,discern-proc-so,S (sleeping),router.bnsdq.ozxfs.rzona.kvugl,2.5075859425072755
1759301893,1,N/A,N/A,N/A,N/A,N/A,N/A,N/A,N/A,N/A,234930176,169627648,10833920,1056768,19968000,1,systemd,S (sleeping),router.bnsdq.ozxfs.rzona.kvugl,1.5408052281202074
1759301893,3366,1,N/A,N/A,N/A,N/A,N/A,N/A,N/A,N/A,1954459648,1931546624,36614144,135168,175190016,14,discern-network,S (sleeping),router.bnsdq.ozxfs.rzona.kvugl,1.258689692216887
1759301893,68403,1,101,101,101,101,102,102,102,102,16568320,16564224,7397376,135168,626688,1,systemd-network,S (sleeping),router.bnsdq.ozxfs.rzona.kvugl,1.2115885199724485
1759301893,380,1,103,103,103,103,109,109,109,109,199368704,199368704,193445888,135168,191639552,1,dbus-daemon,S (sleeping),router.bnsdq.ozxfs.rzona.kvugl,0.2892255144630524
1759301898,51593,1,N/A,N/A,N/A,N/A,N/A,N/A,N/A,N/A,1264619520,1264619520,17293312,135168,45826048,5,discern-proc-so,S (sleeping),router.bnsdq.ozxfs.rzona.kvugl,2.5084151944966275
1759301898,1,N/A,N/A,N/A,N/A,N/A,N/A,N/A,N/A,N/A,234930176,169365504,10833920,1056768,19705856,1,systemd,S (sleeping),router.bnsdq.ozxfs.rzona.kvugl,1.5408184518893249
1759301898,3366,1,N/A,N/A,N/A,N/A,N/A,N/A,N/A,N/A,1954459648,1931546624,36614144,135168,175190016,14,discern-network,S (sleeping),router.bnsdq.ozxfs.rzona.kvugl,1.2579373118667958
1759301898,68468,1,101,101,101,101,102,102,102,102,16568320,16568320,7471104,135168,630784,1,systemd-network,S (sleeping),router.bnsdq.ozxfs.rzona.kvugl,1.1101336125621326
1759301898,380,1,103,103,103,103,109,109,109,109,199368704,199368704,193445888,135168,191639552,1,dbus-daemon,S (sleeping),router.bnsdq.ozxfs.rzona.kvugl,0.28912334870360784
1759301903,51593,1,N/A,N/A,N/A,N/A,N/A,N/A,N/A,N/A,1264619520,1264619520,17293312,135168,45826048,5,discern-proc-so,S (sleeping),router.bnsdq.ozxfs.rzona.kvugl,2.5099958502307818
1759301903,1,N/A,N/A,N/A,N/A,N/A,N/A,N/A,N/A,N/A,234930176,169500672,10833920,1056768,19841024,1,systemd,S (sleeping),router.bnsdq.ozxfs.rzona.kvugl,1.5408309371490483
1759301903,3366,1,N/A,N/A,N/A,N/A,N/A,N/A,N/A,N/A,1954459648,1931546624,36614144,135168,175190016,14,discern-network,S (sleeping),router.bnsdq.ozxfs.rzona.kvugl,1.2571860008663074
1759301903,68522,1,101,101,101,101,102,102,102,102,16568320,16564224,7491584,135168,626688,1,systemd-network,S (sleeping),router.bnsdq.ozxfs.rzona.kvugl,1.015340499371019
1759301903,380,1,103,103,103,103,109,109,109,109,199639040,199639040,193716224,135168,191909888,1,dbus-daemon,S (sleeping),router.bnsdq.ozxfs.rzona.kvugl,0.28922964801690076
1759301909,51593,1,N/A,N/A,N/A,N/A,N/A,N/A,N/A,N/A,1264619520,1264619520,17293312,135168,45826048,5,discern-proc-so,S (sleeping),router.bnsdq.ozxfs.rzona.kvugl,2.5100601775750513
1759301909,1,N/A,N/A,N/A,N/A,N/A,N/A,N/A,N/A,N/A,234930176,169373696,10833920,1056768,19714048,1,systemd,S (sleeping),router.bnsdq.ozxfs.rzona.kvugl,1.5412618801888893
1759301909,3366,1,N/A,N/A,N/A,N/A,N/A,N/A,N/A,N/A,1954459648,1931546624,36614144,135168,175190016,14,discern-network,S (sleeping),router.bnsdq.ozxfs.rzona.kvugl,1.2566539148139129
1759301909,68580,1,101,101,101,101,102,102,102,102,16568320,16568320,7307264,135168,630784,1,systemd-network,S (sleeping),router.bnsdq.ozxfs.rzona.kvugl,0.6451096753055594
1759301909,380,1,103,103,103,103,109,109,109,109,199774208,199774208,193986560,135168,192045056,1,dbus-daemon,S (sleeping),router.bnsdq.ozxfs.rzona.kvugl,0.2891280134382725
1759301914,51593,1,N/A,N/A,N/A,N/A,N/A,N/A,N/A,N/A,1264619520,1264619520,17293312,135168,45826048,5,discern-proc-so,S (sleeping),router.bnsdq.ozxfs.rzona.kvugl,2.5115741540852987
1759301914,1,N/A,N/A,N/A,N/A,N/A,N/A,N/A,N/A,N/A,234930176,169373696,10833920,1056768,19714048,1,systemd,S (sleeping),router.bnsdq.ozxfs.rzona.kvugl,1.5408501680038929
1759301914,3366,1,N/A,N/A,N/A,N/A,N/A,N/A,N/A,N/A,1954459648,1931546624,36614144,135168,175190016,14,discern-network,S (sleeping),router.bnsdq.ozxfs.rzona.kvugl,1.255683585080596
1759301914,68642,1,101,101,101,101,102,102,102,102,16568320,16564224,7376896,135168,626688,1,systemd-network,S (sleeping),router.bnsdq.ozxfs.rzona.kvugl,0.4674384265336176
1759301914,380,1,103,103,103,103,109,109,109,109,200044544,200044544,193986560,135168,192315392,1,dbus-daemon,S (sleeping),router.bnsdq.ozxfs.rzona.kvugl,0.2892325596916101
1759301919,51593,1,N/A,N/A,N/A,N/A,N/A,N/A,N/A,N/A,1264619520,1264619520,17293312,135168,45826048,5,discern-proc-so,S (sleeping),router.bnsdq.ozxfs.rzona.kvugl,2.5123845130471145
1759301919,1,N/A,N/A,N/A,N/A,N/A,N/A,N/A,N/A,N/A,234930176,169373696,10833920,1056768,19714048,1,systemd,S (sleeping),router.bnsdq.ozxfs.rzona.kvugl,1.5410724774340954
1759301919,3366,1,N/A,N/A,N/A,N/A,N/A,N/A,N/A,N/A,1954459648,1931546624,36614144,135168,175190016,14,discern-network,S (sleeping),router.bnsdq.ozxfs.rzona.kvugl,1.2549392216917363
1759301919,68708,1,101,101,101,101,102,102,102,102,16568320,16564224,7487488,135168,626688,1,systemd-network,S (sleeping),router.bnsdq.ozxfs.rzona.kvugl,0.4520262668549122
1759301919,380,1,103,103,103,103,109,109,109,109,200179712,200179712,194256896,135168,192450560,1,dbus-daemon,S (sleeping),router.bnsdq.ozxfs.rzona.kvugl,0.2891311235725659
1759301924,51593,1,N/A,N/A,N/A,N/A,N/A,N/A,N/A,N/A,1264619520,1264619520,17293312,135168,45826048,5,discern-proc-so,S (sleeping),router.bnsdq.ozxfs.rzona.kvugl,2.5153992597457093
1759301924,1,N/A,N/A,N/A,N/A,N/A,N/A,N/A,N/A,N/A,234930176,169627648,10833920,1056768,19968000,1,systemd,S (sleeping),router.bnsdq.ozxfs.rzona.kvugl,1.5408727101106723
1759301924,3366,1,N/A,N/A,N/A,N/A,N/A,N/A,N/A,N/A,1954459648,1931546624,36614144,135168,175190016,14,discern-network,S (sleeping),router.bnsdq.ozxfs.rzona.kvugl,1.2546202942689826
1759301924,68763,1,101,101,101,101,102,102,102,102,16568320,16564224,7229440,135168,626688,1,systemd-network,S (sleeping),router.bnsdq.ozxfs.rzona.kvugl,0.653318742365158
1759301924,380,1,103,103,103,103,109,109,109,109,200314880,200314880,194256896,135168,192585728,1,dbus-daemon,S (sleeping),router.bnsdq.ozxfs.rzona.kvugl,0.2890286126904723
1759301929,51593,1,N/A,N/A,N/A,N/A,N/A,N/A,N/A,N/A,1264619520,1264619520,17293312,135168,45826048,5,discern-proc-so,S (sleeping),router.bnsdq.ozxfs.rzona.kvugl,2.5161806057410456
1759301929,1,N/A,N/A,N/A,N/A,N/A,N/A,N/A,N/A,N/A,234930176,169492480,10833920,1056768,19832832,1,systemd,S (sleeping),router.bnsdq.ozxfs.rzona.kvugl,1.540471742444766
1759301929,3366,1,N/A,N/A,N/A,N/A,N/A,N/A,N/A,N/A,1954459648,1931546624,36614144,135168,175190016,14,discern-network,S (sleeping),router.bnsdq.ozxfs.rzona.kvugl,1.253877593030994
1759301929,68820,1,101,101,101,101,102,102,102,102,16568320,16564224,7348224,135168,626688,1,systemd-network,S (sleeping),router.bnsdq.ozxfs.rzona.kvugl,0.6326265360244256
1759301929,380,1,103,103,103,103,109,109,109,109,200450048,200450048,194527232,135168,192720896,1,dbus-daemon,S (sleeping),router.bnsdq.ozxfs.rzona.kvugl,0.28913461722871786
1759301936,69005,1,N/A,N/A,N/A,N/A,N/A,N/A,N/A,N/A,1264357376,1264357376,16355328,135168,45563904,4,discern-proc-so,S (sleeping),router.bnsdq.ozxfs.rzona.kvugl,4.950630191089003
1759301936,1,N/A,N/A,N/A,N/A,N/A,N/A,N/A,N/A,N/A,234930176,169627648,10833920,1056768,19968000,1,systemd,S (sleeping),router.bnsdq.ozxfs.rzona.kvugl,1.541926561020988
1759301936,68992,1,101,101,101,101,102,102,102,102,16568320,16568320,7467008,135168,630784,1,systemd-network,S (sleeping),router.bnsdq.ozxfs.rzona.kvugl,1.3561291905787107
1759301936,3366,1,N/A,N/A,N/A,N/A,N/A,N/A,N/A,N/A,1954459648,1931546624,36614144,135168,175190016,14,discern-network,S (sleeping),router.bnsdq.ozxfs.rzona.kvugl,1.2534248816402755
1759301936,68887,1,1001,1001,1001,1001,1001,1001,1001,1001,15548416,15544320,8785920,135168,761856,1,systemd,S (sleeping),router.bnsdq.ozxfs.rzona.kvugl,0.41595080591302624
1759301941,69005,1,N/A,N/A,N/A,N/A,N/A,N/A,N/A,N/A,1264619520,1264619520,17014784,135168,45826048,4,discern-proc-so,S (sleeping),router.bnsdq.ozxfs.rzona.kvugl,2.9840091630704375
1759301941,1,N/A,N/A,N/A,N/A,N/A,N/A,N/A,N/A,N/A,234930176,169627648,10833920,1056768,19968000,1,systemd,S (sleeping),router.bnsdq.ozxfs.rzona.kvugl,1.5419370698258075
1759301941,3366,1,N/A,N/A,N/A,N/A,N/A,N/A,N/A,N/A,1954459648,1931546624,36614144,135168,175190016,14,discern-network,S (sleeping),router.bnsdq.ozxfs.rzona.kvugl,1.2528980166032349
1759301941,69051,1,101,101,101,101,102,102,102,102,16568320,16568320,7540736,135168,630784,1,systemd-network,S (sleeping),router.bnsdq.ozxfs.rzona.kvugl,0.5589040313731015
1759301941,380,1,103,103,103,103,109,109,109,109,201125888,201125888,195067904,135168,193396736,1,dbus-daemon,S (sleeping),router.bnsdq.ozxfs.rzona.kvugl,0.28988697010379555
1759301946,69155,1,N/A,N/A,N/A,N/A,N/A,N/A,N/A,N/A,1331765248,1331765248,104013824,135168,159141888,4,discern-file-so,D (disk sleep),router.bnsdq.ozxfs.rzona.kvugl,63.8145843199826
1759301946,69005,1,N/A,N/A,N/A,N/A,N/A,N/A,N/A,N/A,1264619520,1264619520,17063936,135168,45826048,4,discern-proc-so,S (sleeping),router.bnsdq.ozxfs.rzona.kvugl,2.5957271681094625
1759301946,1,N/A,N/A,N/A,N/A,N/A,N/A,N/A,N/A,N/A,234930176,169627648,10833920,1056768,19968000,1,systemd,S (sleeping),router.bnsdq.ozxfs.rzona.kvugl,1.542349241034749
1759301946,3366,1,N/A,N/A,N/A,N/A,N/A,N/A,N/A,N/A,1954459648,1931546624,36614144,135168,175190016,14,discern-network,S (sleeping),router.bnsdq.ozxfs.rzona.kvugl,1.2530042179619703
1759301946,69180,1,101,101,101,101,102,102,102,102,16568320,16568320,7356416,135168,630784,1,systemd-network,S (sleeping),router.bnsdq.ozxfs.rzona.kvugl,0.7817729878060378
1759301951,69155,1,N/A,N/A,N/A,N/A,N/A,N/A,N/A,N/A,1332027392,1332027392,104013824,135168,159404032,4,discern-file-so,S (sleeping),router.bnsdq.ozxfs.rzona.kvugl,77.17873323176295
1759301951,69005,1,N/A,N/A,N/A,N/A,N/A,N/A,N/A,N/A,1264619520,1264619520,17063936,135168,45826048,4,discern-proc-so,R (running),router.bnsdq.ozxfs.rzona.kvugl,2.3794080413177268
1759301951,1,N/A,N/A,N/A,N/A,N/A,N/A,N/A,N/A,N/A,234930176,169627648,10833920,1056768,19968000,1,systemd,S (sleeping),router.bnsdq.ozxfs.rzona.kvugl,1.5423280130903179
1759301951,3366,1,N/A,N/A,N/A,N/A,N/A,N/A,N/A,N/A,1954459648,1931546624,36614144,135168,175190016,14,discern-network,S (sleeping),router.bnsdq.ozxfs.rzona.kvugl,1.2518120173176932
1759301951,69249,1,101,101,101,101,102,102,102,102,16568320,16568320,7364608,135168,630784,1,systemd-network,S (sleeping),router.bnsdq.ozxfs.rzona.kvugl,1.066843500955553
1759301957,69155,1,N/A,N/A,N/A,N/A,N/A,N/A,N/A,N/A,1466646528,1466646528,190754816,135168,247885824,4,discern-file-so,S (sleeping),router.bnsdq.ozxfs.rzona.kvugl,81.16216363593301
1759301957,69005,1,N/A,N/A,N/A,N/A,N/A,N/A,N/A,N/A,1264619520,1264619520,17063936,135168,45826048,4,discern-proc-so,S (sleeping),router.bnsdq.ozxfs.rzona.kvugl,2.357373347061637
1759301957,1,N/A,N/A,N/A,N/A,N/A,N/A,N/A,N/A,N/A,234930176,169627648,10833920,1056768,19968000,1,systemd,S (sleeping),router.bnsdq.ozxfs.rzona.kvugl,1.5416909328683306
1759301957,3366,1,N/A,N/A,N/A,N/A,N/A,N/A,N/A,N/A,1954459648,1931546624,36614144,135168,175190016,14,discern-network,S (sleeping),router.bnsdq.ozxfs.rzona.kvugl,1.2510507811194513
1759301957,69313,1,101,101,101,101,102,102,102,102,16568320,16564224,7475200,135168,626688,1,systemd-network,S (sleeping),router.bnsdq.ozxfs.rzona.kvugl,0.7389759750631514
1759301962,69155,1,N/A,N/A,N/A,N/A,N/A,N/A,N/A,N/A,1466646528,1466646528,190754816,135168,247885824,5,discern-file-so,D (disk sleep),router.bnsdq.ozxfs.rzona.kvugl,78.70018293962043
1759301962,69005,1,N/A,N/A,N/A,N/A,N/A,N/A,N/A,N/A,1264619520,1264619520,17063936,135168,45826048,4,discern-proc-so,R (running),router.bnsdq.ozxfs.rzona.kvugl,2.3420205923291335
1759301962,1,N/A,N/A,N/A,N/A,N/A,N/A,N/A,N/A,N/A,234930176,169627648,10833920,1056768,19968000,1,systemd,S (sleeping),router.bnsdq.ozxfs.rzona.kvugl,1.5410485099967104
1759301962,3366,1,N/A,N/A,N/A,N/A,N/A,N/A,N/A,N/A,1954459648,1931546624,36614144,135168,175190016,14,discern-network,S (sleeping),router.bnsdq.ozxfs.rzona.kvugl,1.2500725282322347
1759301962,69378,1,101,101,101,101,102,102,102,102,16568320,16564224,7147520,135168,626688,1,systemd-network,S (sleeping),router.bnsdq.ozxfs.rzona.kvugl,0.9242156078219922
1759301967,69155,1,N/A,N/A,N/A,N/A,N/A,N/A,N/A,N/A,1467105280,1467105280,190754816,135168,248344576,5,discern-file-so,S (sleeping),router.bnsdq.ozxfs.rzona.kvugl,77.85537962227188
1759301967,69005,1,N/A,N/A,N/A,N/A,N/A,N/A,N/A,N/A,1264619520,1264619520,17063936,135168,45826048,4,discern-proc-so,S (sleeping),router.bnsdq.ozxfs.rzona.kvugl,2.3899856183807344
1759301967,1,N/A,N/A,N/A,N/A,N/A,N/A,N/A,N/A,N/A,234930176,169484288,10833920,1056768,19824640,1,systemd,S (sleeping),router.bnsdq.ozxfs.rzona.kvugl,1.5403945687355776
1759301967,3366,1,N/A,N/A,N/A,N/A,N/A,N/A,N/A,N/A,1954459648,1931546624,36614144,135168,175190016,14,discern-network,S (sleeping),router.bnsdq.ozxfs.rzona.kvugl,1.2488728719745072
1759301967,69435,1,101,101,101,101,102,102,102,102,16568320,16564224,7421952,135168,626688,1,systemd-network,S (sleeping),router.bnsdq.ozxfs.rzona.kvugl,0.7095867552719984
1759301972,69155,1,N/A,N/A,N/A,N/A,N/A,N/A,N/A,N/A,1467105280,1467105280,226156544,135168,277704704,5,discern-file-so,S (sleeping),router.bnsdq.ozxfs.rzona.kvugl,77.72200546560919
1759301972,69005,1,N/A,N/A,N/A,N/A,N/A,N/A,N/A,N/A,1264619520,1264619520,17063936,135168,45826048,4,discern-proc-so,S (sleeping),router.bnsdq.ozxfs.rzona.kvugl,2.3497778909371783
1759301972,69555,1,101,101,101,101,102,102,102,102,16568320,16564224,7540736,135168,626688,1,systemd-network,S (sleeping),router.bnsdq.ozxfs.rzona.kvugl,1.5989533507198723
1759301972,1,N/A,N/A,N/A,N/A,N/A,N/A,N/A,N/A,N/A,234930176,169238528,10833920,1056768,19578880,1,systemd,S (sleeping),router.bnsdq.ozxfs.rzona.kvugl,1.5397639271983217
1759301972,3366,1,N/A,N/A,N/A,N/A,N/A,N/A,N/A,N/A,1954459648,1931546624,36614144,135168,175190016,14,discern-network,S (sleeping),router.bnsdq.ozxfs.rzona.kvugl,1.2479068434911402
1759301978,69155,1,N/A,N/A,N/A,N/A,N/A,N/A,N/A,N/A,1467105280,1467105280,226156544,135168,277704704,5,discern-file-so,D (disk sleep),router.bnsdq.ozxfs.rzona.kvugl,78.04549350254688
1759301978,69005,1,N/A,N/A,N/A,N/A,N/A,N/A,N/A,N/A,1264619520,1264619520,17063936,135168,45826048,4,discern-proc-so,R (running),router.bnsdq.ozxfs.rzona.kvugl,2.319063415219971
1759301978,69619,1,101,101,101,101,102,102,102,102,16568320,16564224,7401472,135168,626688,1,systemd-network,S (sleeping),router.bnsdq.ozxfs.rzona.kvugl,1.8857304699152266
1759301978,1,N/A,N/A,N/A,N/A,N/A,N/A,N/A,N/A,N/A,234930176,169238528,10833920,1056768,19578880,1,systemd,S (sleeping),router.bnsdq.ozxfs.rzona.kvugl,1.5393381730268971
1759301978,3366,1,N/A,N/A,N/A,N/A,N/A,N/A,N/A,N/A,1954459648,1931546624,36614144,135168,175190016,14,discern-network,S (sleeping),router.bnsdq.ozxfs.rzona.kvugl,1.2469416173743475
1759301983,69005,1,N/A,N/A,N/A,N/A,N/A,N/A,N/A,N/A,1264619520,1264619520,17063936,135168,45826048,4,discern-proc-so,S (sleeping),router.bnsdq.ozxfs.rzona.kvugl,2.359646602533228
1759301983,69675,1,101,101,101,101,102,102,102,102,16568320,16564224,7483392,135168,626688,1,systemd-network,S (sleeping),router.bnsdq.ozxfs.rzona.kvugl,1.7297888148275435
1759301983,1,N/A,N/A,N/A,N/A,N/A,N/A,N/A,N/A,N/A,234930176,169627648,10833920,1056768,19968000,1,systemd,S (sleeping),router.bnsdq.ozxfs.rzona.kvugl,1.5389303486736805
1759301983,3366,1,N/A,N/A,N/A,N/A,N/A,N/A,N/A,N/A,1954459648,1931546624,36614144,135168,175190016,14,discern-network,S (sleeping),router.bnsdq.ozxfs.rzona.kvugl,1.2459928849953128
1759301983,380,1,103,103,103,103,109,109,109,109,203022336,203022336,196509696,135168,195293184,1,dbus-daemon,S (sleeping),router.bnsdq.ozxfs.rzona.kvugl,0.28964932662011905
1759301988,69005,1,N/A,N/A,N/A,N/A,N/A,N/A,N/A,N/A,1264619520,1264619520,17063936,135168,45826048,4,discern-proc-so,R (running),router.bnsdq.ozxfs.rzona.kvugl,2.3569959118722066
1759301988,1,N/A,N/A,N/A,N/A,N/A,N/A,N/A,N/A,N/A,234930176,169238528,10833920,1056768,19578880,1,systemd,S (sleeping),router.bnsdq.ozxfs.rzona.kvugl,1.5391516552487885
1759301988,3366,1,N/A,N/A,N/A,N/A,N/A,N/A,N/A,N/A,1954459648,1931546624,36614144,135168,175190016,14,discern-network,S (sleeping),router.bnsdq.ozxfs.rzona.kvugl,1.2454819584726122
1759301988,69739,1,101,101,101,101,102,102,102,102,16568320,16564224,7331840,135168,626688,1,systemd-network,S (sleeping),router.bnsdq.ozxfs.rzona.kvugl,1.2203619103003176
1759301988,380,1,103,103,103,103,109,109,109,109,203292672,203292672,196780032,135168,195563520,1,dbus-daemon,S (sleeping),router.bnsdq.ozxfs.rzona.kvugl,0.2897536690903007
1759301993,69005,1,N/A,N/A,N/A,N/A,N/A,N/A,N/A,N/A,1264619520,1264619520,17063936,135168,45826048,4,discern-proc-so,R (running),router.bnsdq.ozxfs.rzona.kvugl,2.4048242161820683
1759301993,1,N/A,N/A,N/A,N/A,N/A,N/A,N/A,N/A,N/A,234930176,169238528,10833920,1056768,19578880,1,systemd,S (sleeping),router.bnsdq.ozxfs.rzona.kvugl,1.5389546125498839
1759301993,3366,1,N/A,N/A,N/A,N/A,N/A,N/A,N/A,N/A,1954459648,1931546624,36614144,135168,175190016,14,discern-network,S (sleeping),router.bnsdq.ozxfs.rzona.kvugl,1.244752942146005
1759301993,69794,1,101,101,101,101,102,102,102,102,16568320,16564224,7241728,135168,626688,1,systemd-network,S (sleeping),router.bnsdq.ozxfs.rzona.kvugl,1.1011905515040443
1759301993,380,1,103,103,103,103,109,109,109,109,203427840,203427840,197050368,135168,195698688,1,dbus-daemon,S (sleeping),router.bnsdq.ozxfs.rzona.kvugl,0.28965155175211194
1759301998,69005,1,N/A,N/A,N/A,N/A,N/A,N/A,N/A,N/A,1264619520,1264619520,17063936,135168,45826048,4,discern-proc-so,S (sleeping),router.bnsdq.ozxfs.rzona.kvugl,2.4299336664100304
1759301998,1,N/A,N/A,N/A,N/A,N/A,N/A,N/A,N/A,N/A,234930176,169238528,10833920,1056768,19578880,1,systemd,S (sleeping),router.bnsdq.ozxfs.rzona.kvugl,1.5389680411808344
1759301998,3366,1,N/A,N/A,N/A,N/A,N/A,N/A,N/A,N/A,1954459648,1931546624,36614144,135168,175190016,14,discern-network,S (sleeping),router.bnsdq.ozxfs.rzona.kvugl,1.2438189767864387
1759301998,69859,1,101,101,101,101,102,102,102,102,16568320,16564224,7311360,135168,626688,1,systemd-network,S (sleeping),router.bnsdq.ozxfs.rzona.kvugl,0.7919662165585633
1759301998,380,1,103,103,103,103,109,109,109,109,203563008,203563008,197050368,135168,195833856,1,dbus-daemon,S (sleeping),router.bnsdq.ozxfs.rzona.kvugl,0.28975508552001716
1759302003,69005,1,N/A,N/A,N/A,N/A,N/A,N/A,N/A,N/A,1264619520,1264619520,17063936,135168,45826048,4,discern-proc-so,S (sleeping),router.bnsdq.ozxfs.rzona.kvugl,2.4797169978758906
1759302003,1,N/A,N/A,N/A,N/A,N/A,N/A,N/A,N/A,N/A,234930176,169357312,10833920,1056768,19697664,1,systemd,S (sleeping),router.bnsdq.ozxfs.rzona.kvugl,1.538976370868245
1759302003,3366,1,N/A,N/A,N/A,N/A,N/A,N/A,N/A,N/A,1954459648,1931546624,36614144,135168,175190016,14,discern-network,S (sleeping),router.bnsdq.ozxfs.rzona.kvugl,1.2430939995030952
1759302003,69913,1,101,101,101,101,102,102,102,102,16568320,16564224,7327744,135168,626688,1,systemd-network,S (sleeping),router.bnsdq.ozxfs.rzona.kvugl,0.4032407974973497
1759302003,380,1,103,103,103,103,109,109,109,109,203698176,203698176,197320704,135168,195969024,1,dbus-daemon,S (sleeping),router.bnsdq.ozxfs.rzona.kvugl,0.28965331878122064
1759302009,69005,1,N/A,N/A,N/A,N/A,N/A,N/A,N/A,N/A,1264619520,1264619520,17063936,135168,45826048,4,discern-proc-so,R (running),router.bnsdq.ozxfs.rzona.kvugl,2.4825672702182153
1759302009,1,N/A,N/A,N/A,N/A,N/A,N/A,N/A,N/A,N/A,234930176,169357312,10833920,1056768,19697664,1,systemd,S (sleeping),router.bnsdq.ozxfs.rzona.kvugl,1.53858163627402
1759302009,3366,1,N/A,N/A,N/A,N/A,N/A,N/A,N/A,N/A,1954459648,1931546624,36614144,135168,175190016,14,discern-network,S (sleeping),router.bnsdq.ozxfs.rzona.kvugl,1.2425853515976444
1759302009,69978,1,101,101,101,101,102,102,102,102,16568320,16564224,7307264,135168,626688,1,systemd-network,S (sleeping),router.bnsdq.ozxfs.rzona.kvugl,0.3908382160636043
1759302009,380,1,103,103,103,103,109,109,109,109,203968512,203968512,197591040,135168,196239360,1,dbus-daemon,S (sleeping),router.bnsdq.ozxfs.rzona.kvugl,0.28955261646948616
1759302014,69005,1,N/A,N/A,N/A,N/A,N/A,N/A,N/A,N/A,1264619520,1264619520,17063936,135168,45826048,4,discern-proc-so,R (running),router.bnsdq.ozxfs.rzona.kvugl,2.4975406364480675
1759302014,1,N/A,N/A,N/A,N/A,N/A,N/A,N/A,N/A,N/A,234930176,169357312,10833920,1056768,19697664,1,systemd,S (sleeping),router.bnsdq.ozxfs.rzona.kvugl,1.5387972390666291
1759302014,3366,1,N/A,N/A,N/A,N/A,N/A,N/A,N/A,N/A,1954459648,1931546624,36614144,135168,175190016,14,discern-network,S (sleeping),router.bnsdq.ozxfs.rzona.kvugl,1.2416553302853348
1759302014,70032,1,101,101,101,101,102,102,102,102,16568320,16564224,7487488,135168,626688,1,systemd-network,S (sleeping),router.bnsdq.ozxfs.rzona.kvugl,0.47783266677369973
1759302014,380,1,103,103,103,103,109,109,109,109,204103680,204103680,197591040,135168,196374528,1,dbus-daemon,S (sleeping),router.bnsdq.ozxfs.rzona.kvugl,0.2894519038150686
1759302019,69005,1,N/A,N/A,N/A,N/A,N/A,N/A,N/A,N/A,1264619520,1264619520,17063936,135168,45826048,4,discern-proc-so,S (sleeping),router.bnsdq.ozxfs.rzona.kvugl,2.499040306668031
1759302019,70149,1,101,101,101,101,102,102,102,102,16568320,16564224,7258112,135168,626688,1,systemd-network,S (sleeping),router.bnsdq.ozxfs.rzona.kvugl,2.0942250034547905
1759302019,1,N/A,N/A,N/A,N/A,N/A,N/A,N/A,N/A,N/A,234930176,169492480,10833920,1056768,19832832,1,systemd,S (sleeping),router.bnsdq.ozxfs.rzona.kvugl,1.5394211960985178
1759302019,3366,1,N/A,N/A,N/A,N/A,N/A,N/A,N/A,N/A,1954459648,1931546624,36614144,135168,175190016,14,discern-network,S (sleeping),router.bnsdq.ozxfs.rzona.kvugl,1.2409395851373406
1759302019,380,1,103,103,103,103,109,109,109,109,204374016,204374016,197861376,135168,196644864,1,dbus-daemon,S (sleeping),router.bnsdq.ozxfs.rzona.kvugl,0.2897587688098246
1759302024,69005,1,N/A,N/A,N/A,N/A,N/A,N/A,N/A,N/A,1264619520,1264619520,17063936,135168,45826048,4,discern-proc-so,R (running),router.bnsdq.ozxfs.rzona.kvugl,2.5005113532321768
1759302024,1,N/A,N/A,N/A,N/A,N/A,N/A,N/A,N/A,N/A,234930176,169238528,10833920,1056768,19578880,1,systemd,S (sleeping),router.bnsdq.ozxfs.rzona.kvugl,1.539639223713099
1759302024,70211,1,101,101,101,101,102,102,102,102,16568320,16564224,7278592,135168,626688,1,systemd-network,S (sleeping),router.bnsdq.ozxfs.rzona.kvugl,1.2643056724163824
1759302024,3366,1,N/A,N/A,N/A,N/A,N/A,N/A,N/A,N/A,1954459648,1931546624,36614144,135168,175190016,14,discern-network,S (sleeping),router.bnsdq.ozxfs.rzona.kvugl,1.2400164674339622
1759302024,380,1,103,103,103,103,109,109,109,109,204509184,204509184,198131712,135168,196780032,1,dbus-daemon,S (sleeping),router.bnsdq.ozxfs.rzona.kvugl,0.28965874880071946
1759302029,69005,1,N/A,N/A,N/A,N/A,N/A,N/A,N/A,N/A,1264619520,1264619520,17063936,135168,45826048,4,discern-proc-so,S (sleeping),router.bnsdq.ozxfs.rzona.kvugl,2.501735726757568
1759302029,1,N/A,N/A,N/A,N/A,N/A,N/A,N/A,N/A,N/A,234930176,169627648,10833920,1056768,19968000,1,systemd,S (sleeping),router.bnsdq.ozxfs.rzona.kvugl,1.5394498525101685
1759302029,3366,1,N/A,N/A,N/A,N/A,N/A,N/A,N/A,N/A,1954459648,1931546624,36614144,135168,175190016,14,discern-network,S (sleeping),router.bnsdq.ozxfs.rzona.kvugl,1.2390945089581282
1759302029,70269,1,101,101,101,101,102,102,102,102,16568320,16564224,7520256,135168,626688,1,systemd-network,S (sleeping),router.bnsdq.ozxfs.rzona.kvugl,0.7313582315837532
1759302029,380,1,103,103,103,103,109,109,109,109,204779520,204779520,198402048,135168,197050368,1,dbus-daemon,S (sleeping),router.bnsdq.ozxfs.rzona.kvugl,0.2897617986633696
1759302034,69005,1,N/A,N/A,N/A,N/A,N/A,N/A,N/A,N/A,1264619520,1264619520,17063936,135168,45826048,4,discern-proc-so,R (running),router.bnsdq.ozxfs.rzona.kvugl,2.512759868644287
1759302034,1,N/A,N/A,N/A,N/A,N/A,N/A,N/A,N/A,N/A,234930176,169492480,10833920,1056768,19832832,1,systemd,S (sleeping),router.bnsdq.ozxfs.rzona.kvugl,1.5398680276378682
1759302034,3366,1,N/A,N/A,N/A,N/A,N/A,N/A,N/A,N/A,1954459648,1931546624,36614144,135168,175190016,14,discern-network,S (sleeping),router.bnsdq.ozxfs.rzona.kvugl,1.2385933275139505
1759302034,70324,1,101,101,101,101,102,102,102,102,16568320,16564224,7303168,135168,626688,1,systemd-network,S (sleeping),router.bnsdq.ozxfs.rzona.kvugl,1.037896375462706
1759302034,380,1,103,103,103,103,109,109,109,109,204914688,204914688,198402048,135168,197185536,1,dbus-daemon,S (sleeping),router.bnsdq.ozxfs.rzona.kvugl,0.2896616009477341
1759302040,69005,1,N/A,N/A,N/A,N/A,N/A,N/A,N/A,N/A,1264619520,1264619520,17063936,135168,45826048,4,discern-proc-so,S (sleeping),router.bnsdq.ozxfs.rzona.kvugl,2.5224202924494126
1759302040,1,N/A,N/A,N/A,N/A,N/A,N/A,N/A,N/A,N/A,234930176,169357312,10833920,1056768,19697664,1,systemd,S (sleeping),router.bnsdq.ozxfs.rzona.kvugl,1.5392691039796043
1759302040,3366,1,N/A,N/A,N/A,N/A,N/A,N/A,N/A,N/A,1954459648,1931546624,36614144,135168,175190016,14,discern-network,S (sleeping),router.bnsdq.ozxfs.rzona.kvugl,1.237670967633167
1759302040,70386,1,101,101,101,101,102,102,102,102,16568320,16564224,7356416,135168,626688,1,systemd-network,S (sleeping),router.bnsdq.ozxfs.rzona.kvugl,0.49283900806081915
1759302040,380,1,103,103,103,103,109,109,109,109,205049856,205049856,198672384,135168,197320704,1,dbus-daemon,S (sleeping),router.bnsdq.ozxfs.rzona.kvugl,0.28956092057398974
1759302045,69005,1,N/A,N/A,N/A,N/A,N/A,N/A,N/A,N/A,1264619520,1264619520,17063936,135168,45826048,4,discern-proc-so,S (sleeping),router.bnsdq.ozxfs.rzona.kvugl,2.5315397376602755
1759302045,1,N/A,N/A,N/A,N/A,N/A,N/A,N/A,N/A,N/A,234930176,169357312,10833920,1056768,19697664,1,systemd,S (sleeping),router.bnsdq.ozxfs.rzona.kvugl,1.5394855680837503
1759302045,3366,1,N/A,N/A,N/A,N/A,N/A,N/A,N/A,N/A,1954459648,1931546624,36614144,135168,175190016,14,discern-network,S (sleeping),router.bnsdq.ozxfs.rzona.kvugl,1.2371734591223333
1759302045,70451,1,101,101,101,101,102,102,102,102,16568320,16564224,7380992,135168,626688,1,systemd-network,S (sleeping),router.bnsdq.ozxfs.rzona.kvugl,0.7126065340176745
1759302045,380,1,103,103,103,103,109,109,109,109,205320192,205320192,198942720,135168,197591040,1,dbus-daemon,S (sleeping),router.bnsdq.ozxfs.rzona.kvugl,0.289663800166269
1759302050,69005,1,N/A,N/A,N/A,N/A,N/A,N/A,N/A,N/A,1264619520,1264619520,17063936,135168,45826048,4,discern-proc-so,R (running),router.bnsdq.ozxfs.rzona.kvugl,2.5480646547335417
1759302050,1,N/A,N/A,N/A,N/A,N/A,N/A,N/A,N/A,N/A,234930176,169357312,10833920,1056768,19697664,1,systemd,S (sleeping),router.bnsdq.ozxfs.rzona.kvugl,1.53929108741978
1759302050,3366,1,N/A,N/A,N/A,N/A,N/A,N/A,N/A,N/A,1954459648,1931546624,36614144,135168,175190016,14,discern-network,S (sleeping),router.bnsdq.ozxfs.rzona.kvugl,1.2366717595328418
1759302050,70504,1,101,101,101,101,102,102,102,102,16568320,16564224,7331840,135168,626688,1,systemd-network,S (sleeping),router.bnsdq.ozxfs.rzona.kvugl,0.45640832901777767
1759302050,380,1,103,103,103,103,109,109,109,109,205455360,205455360,198942720,135168,197726208,1,dbus-daemon,S (sleeping),router.bnsdq.ozxfs.rzona.kvugl,0.2895630622736594
1759302055,69005,1,N/A,N/A,N/A,N/A,N/A,N/A,N/A,N/A,1264619520,1264619520,17063936,135168,45826048,4,discern-proc-so,S (sleeping),router.bnsdq.ozxfs.rzona.kvugl,2.5552082799755844
1759302055,1,N/A,N/A,N/A,N/A,N/A,N/A,N/A,N/A,N/A,234930176,169357312,10833920,1056768,19697664,1,systemd,S (sleeping),router.bnsdq.ozxfs.rzona.kvugl,1.5391018566998815
1759302055,3366,1,N/A,N/A,N/A,N/A,N/A,N/A,N/A,N/A,1954459648,1931546624,36614144,135168,175190016,14,discern-network,S (sleeping),router.bnsdq.ozxfs.rzona.kvugl,1.2363841008898326
1759302055,70569,1,101,101,101,101,102,102,102,102,16568320,16568320,7442432,135168,630784,1,systemd-network,S (sleeping),router.bnsdq.ozxfs.rzona.kvugl,0.6610069087040763
1759302055,380,1,103,103,103,103,109,109,109,109,205590528,205590528,199213056,135168,197861376,1,dbus-daemon,S (sleeping),router.bnsdq.ozxfs.rzona.kvugl,0.2896654487196072
1759302060,69005,1,N/A,N/A,N/A,N/A,N/A,N/A,N/A,N/A,1264619520,1264619520,17063936,135168,45826048,4,discern-proc-so,S (sleeping),router.bnsdq.ozxfs.rzona.kvugl,2.5694277216170125
1759302060,1,N/A,N/A,N/A,N/A,N/A,N/A,N/A,N/A,N/A,234930176,169365504,10833920,1056768,19705856,1,systemd,S (sleeping),router.bnsdq.ozxfs.rzona.kvugl,1.5395136001752707
1759302060,3366,1,N/A,N/A,N/A,N/A,N/A,N/A,N/A,N/A,1954459648,1931546624,36614144,135168,175190016,14,discern-network,S (sleeping),router.bnsdq.ozxfs.rzona.kvugl,1.235676002850107
1759302060,70622,1,101,101,101,101,102,102,102,102,16568320,16564224,7397376,135168,626688,1,systemd-network,S (sleeping),router.bnsdq.ozxfs.rzona.kvugl,0.3503064931258132
1759302060,380,1,103,103,103,103,109,109,109,109,205725696,205725696,199483392,135168,197996544,1,dbus-daemon,S (sleeping),router.bnsdq.ozxfs.rzona.kvugl,0.2895650019301538
1759302065,69005,1,N/A,N/A,N/A,N/A,N/A,N/A,N/A,N/A,1264619520,1264619520,17063936,135168,45826048,4,discern-proc-so,S (sleeping),router.bnsdq.ozxfs.rzona.kvugl,2.567586729290538
1759302065,1,N/A,N/A,N/A,N/A,N/A,N/A,N/A,N/A,N/A,234930176,169500672,10833920,1056768,19841024,1,systemd,S (sleeping),router.bnsdq.ozxfs.rzona.kvugl,1.5395269993009097
1759302065,3366,1,N/A,N/A,N/A,N/A,N/A,N/A,N/A,N/A,1954459648,1931546624,36614144,135168,175190016,14,discern-network,S (sleeping),router.bnsdq.ozxfs.rzona.kvugl,1.2353908730933942
1759302065,70743,1,101,101,101,101,102,102,102,102,16568320,16564224,7565312,135168,626688,1,systemd-network,S (sleeping),router.bnsdq.ozxfs.rzona.kvugl,1.6107608990886553
1759302065,380,1,103,103,103,103,109,109,109,109,206131200,206131200,199753728,135168,198402048,1,dbus-daemon,S (sleeping),router.bnsdq.ozxfs.rzona.kvugl,0.2896673671200688
1759302070,69005,1,N/A,N/A,N/A,N/A,N/A,N/A,N/A,N/A,1264619520,1264619520,17063936,135168,45826048,4,discern-proc-so,R (running),router.bnsdq.ozxfs.rzona.kvugl,2.544581303244745
1759302070,1,N/A,N/A,N/A,N/A,N/A,N/A,N/A,N/A,N/A,234930176,169238528,10833920,1056768,19578880,1,systemd,S (sleeping),router.bnsdq.ozxfs.rzona.kvugl,1.5395528283099906
1759302070,70808,1,101,101,101,101,102,102,102,102,16568320,16568320,7458816,135168,630784,1,systemd-network,S (sleeping),router.bnsdq.ozxfs.rzona.kvugl,1.5186718463467357
1759302070,3366,1,N/A,N/A,N/A,N/A,N/A,N/A,N/A,N/A,1954459648,1931546624,36614144,135168,175190016,14,discern-network,S (sleeping),router.bnsdq.ozxfs.rzona.kvugl,1.2347001544359466
1759302070,380,1,103,103,103,103,109,109,109,109,206266368,206266368,199753728,135168,198537216,1,dbus-daemon,S (sleeping),router.bnsdq.ozxfs.rzona.kvugl,0.2897718560039017
1759302076,69005,1,N/A,N/A,N/A,N/A,N/A,N/A,N/A,N/A,1264619520,1264619520,17063936,135168,45826048,4,discern-proc-so,S (sleeping),router.bnsdq.ozxfs.rzona.kvugl,2.529918465732836
1759302076,1,N/A,N/A,N/A,N/A,N/A,N/A,N/A,N/A,N/A,234930176,169357312,10833920,1056768,19697664,1,systemd,S (sleeping),router.bnsdq.ozxfs.rzona.kvugl,1.5397725207199706
1759302076,3366,1,N/A,N/A,N/A,N/A,N/A,N/A,N/A,N/A,1954459648,1931546624,36614144,135168,175190016,14,discern-network,S (sleeping),router.bnsdq.ozxfs.rzona.kvugl,1.2337970349337914
1759302076,70863,1,101,101,101,101,102,102,102,102,16568320,16568320,7569408,135168,630784,1,systemd-network,S (sleeping),router.bnsdq.ozxfs.rzona.kvugl,0.9641038383347107
1759302076,380,1,103,103,103,103,109,109,109,109,206401536,206401536,200024064,135168,198672384,1,dbus-daemon,S (sleeping),router.bnsdq.ozxfs.rzona.kvugl,0.28967362902034993
1759302081,69005,1,N/A,N/A,N/A,N/A,N/A,N/A,N/A,N/A,1264619520,1264619520,17063936,135168,45826048,4,discern-proc-so,S (sleeping),router.bnsdq.ozxfs.rzona.kvugl,2.5296111544876516
1759302081,1,N/A,N/A,N/A,N/A,N/A,N/A,N/A,N/A,N/A,234930176,169357312,10833920,1056768,19697664,1,systemd,S (sleeping),router.bnsdq.ozxfs.rzona.kvugl,1.5397846682736325
1759302081,3366,1,N/A,N/A,N/A,N/A,N/A,N/A,N/A,N/A,1954459648,1931546624,36614144,135168,175190016,14,discern-network,S (sleeping),router.bnsdq.ozxfs.rzona.kvugl,1.2337218631515348
1759302081,70932,1,101,101,101,101,102,102,102,102,16568320,16568320,7446528,135168,630784,1,systemd-network,S (sleeping),router.bnsdq.ozxfs.rzona.kvugl,0.9180169795759571
1759302081,380,1,103,103,103,103,109,109,109,109,206692352,206692352,200294400,135168,198963200,1,dbus-daemon,S (sleeping),router.bnsdq.ozxfs.rzona.kvugl,0.2895744303813015
1759302086,69005,1,N/A,N/A,N/A,N/A,N/A,N/A,N/A,N/A,1264619520,1264619520,17063936,135168,45826048,4,discern-proc-so,R (running),router.bnsdq.ozxfs.rzona.kvugl,2.5488048114724373
1759302086,1,N/A,N/A,N/A,N/A,N/A,N/A,N/A,N/A,N/A,234930176,169238528,10833920,1056768,19578880,1,systemd,S (sleeping),router.bnsdq.ozxfs.rzona.kvugl,1.539188831162318
1759302086,3366,1,N/A,N/A,N/A,N/A,N/A,N/A,N/A,N/A,1954459648,1931546624,36614144,135168,175190016,14,discern-network,S (sleeping),router.bnsdq.ozxfs.rzona.kvugl,1.2328114849070126
1759302086,70983,1,101,101,101,101,102,102,102,102,16568320,16564224,7471104,135168,626688,1,systemd-network,S (sleeping),router.bnsdq.ozxfs.rzona.kvugl,0.5807279828231836
1759302086,380,1,103,103,103,103,109,109,109,109,206827520,206827520,200294400,135168,199098368,1,dbus-daemon,S (sleeping),router.bnsdq.ozxfs.rzona.kvugl,0.2896750374242829
1759302091,69005,1,N/A,N/A,N/A,N/A,N/A,N/A,N/A,N/A,1264619520,1264619520,17063936,135168,45826048,4,discern-proc-so,R (running),router.bnsdq.ozxfs.rzona.kvugl,2.5416972806946285
1759302091,71048,1,101,101,101,101,102,102,102,102,16568320,16568320,7385088,135168,630784,1,systemd-network,S (sleeping),router.bnsdq.ozxfs.rzona.kvugl,1.672063636628522
1759302091,1,N/A,N/A,N/A,N/A,N/A,N/A,N/A,N/A,N/A,234930176,169238528,10833920,1056768,19578880,1,systemd,S (sleeping),router.bnsdq.ozxfs.rzona.kvugl,1.539605926750156
1759302091,3366,1,N/A,N/A,N/A,N/A,N/A,N/A,N/A,N/A,1954459648,1931546624,36614144,135168,175190016,14,discern-network,S (sleeping),router.bnsdq.ozxfs.rzona.kvugl,1.2325330885742216
1759302091,380,1,103,103,103,103,109,109,109,109,206962688,206962688,200564736,135168,199233536,1,dbus-daemon,S (sleeping),router.bnsdq.ozxfs.rzona.kvugl,0.2897772584716607
1759302096,69005,1,N/A,N/A,N/A,N/A,N/A,N/A,N/A,N/A,1264619520,1264619520,17063936,135168,45826048,4,discern-proc-so,S (sleeping),router.bnsdq.ozxfs.rzona.kvugl,2.5470374637099136
1759302096,1,N/A,N/A,N/A,N/A,N/A,N/A,N/A,N/A,N/A,234930176,169627648,10833920,1056768,19968000,1,systemd,S (sleeping),router.bnsdq.ozxfs.rzona.kvugl,1.5394143335527977
1759302096,3366,1,N/A,N/A,N/A,N/A,N/A,N/A,N/A,N/A,1954459648,1931546624,36614144,135168,175190016,14,discern-network,S (sleeping),router.bnsdq.ozxfs.rzona.kvugl,1.2320421867699796
1759302096,71102,1,101,101,101,101,102,102,102,102,16568320,16564224,7421952,135168,626688,1,systemd-network,S (sleeping),router.bnsdq.ozxfs.rzona.kvugl,0.6306670938323451
1759302096,380,1,103,103,103,103,109,109,109,109,207233024,207233024,200835072,135168,199503872,1,dbus-daemon,S (sleeping),router.bnsdq.ozxfs.rzona.kvugl,0.28947723383938073
1759302101,69005,1,N/A,N/A,N/A,N/A,N/A,N/A,N/A,N/A,1264619520,1264619520,17063936,135168,45826048,4,discern-proc-so,R (running),router.bnsdq.ozxfs.rzona.kvugl,2.552213791631301
1759302101,1,N/A,N/A,N/A,N/A,N/A,N/A,N/A,N/A,N/A,234930176,169238528,10833920,1056768,19578880,1,systemd,S (sleeping),router.bnsdq.ozxfs.rzona.kvugl,1.5392264700603666
1759302101,3366,1,N/A,N/A,N/A,N/A,N/A,N/A,N/A,N/A,1954459648,1931546624,36614144,135168,175190016,14,discern-network,S (sleeping),router.bnsdq.ozxfs.rzona.kvugl,1.2356933854216
1759302101,71167,1,101,101,101,101,102,102,102,102,16568320,16568320,7536640,135168,630784,1,systemd-network,S (sleeping),router.bnsdq.ozxfs.rzona.kvugl,0.6104745938971401
1759302101,380,1,103,103,103,103,109,109,109,109,207368192,207368192,200835072,135168,199639040,1,dbus-daemon,S (sleeping),router.bnsdq.ozxfs.rzona.kvugl,0.2895787103335546
1759302107,69005,1,N/A,N/A,N/A,N/A,N/A,N/A,N/A,N/A,1264619520,1264619520,17063936,135168,45826048,4,discern-proc-so,R (running),router.bnsdq.ozxfs.rzona.kvugl,2.5568895527329025
1759302107,1,N/A,N/A,N/A,N/A,N/A,N/A,N/A,N/A,N/A,234930176,169357312,10833920,1056768,19697664,1,systemd,S (sleeping),router.bnsdq.ozxfs.rzona.kvugl,1.5392348456238631
1759302107,3366,1,N/A,N/A,N/A,N/A,N/A,N/A,N/A,N/A,1954459648,1931546624,36614144,135168,175190016,14,discern-network,S (sleeping),router.bnsdq.ozxfs.rzona.kvugl,1.2399535896082672
1759302107,71221,1,101,101,101,101,102,102,102,102,16568320,16564224,7331840,135168,626688,1,systemd-network,S (sleeping),router.bnsdq.ozxfs.rzona.kvugl,0.49306314498778486
1759302107,380,1,103,103,103,103,109,109,109,109,207503360,207503360,201105408,135168,199774208,1,dbus-daemon,S (sleeping),router.bnsdq.ozxfs.rzona.kvugl,0.289479314813898
1759302112,69005,1,N/A,N/A,N/A,N/A,N/A,N/A,N/A,N/A,1264619520,1264619520,17063936,135168,45826048,4,discern-proc-so,S (sleeping),router.bnsdq.ozxfs.rzona.kvugl,2.5504098042377734
1759302112,1,N/A,N/A,N/A,N/A,N/A,N/A,N/A,N/A,N/A,234930176,169357312,10833920,1056768,19697664,1,systemd,S (sleeping),router.bnsdq.ozxfs.rzona.kvugl,1.5394513515390067
1759302112,3366,1,N/A,N/A,N/A,N/A,N/A,N/A,N/A,N/A,1954459648,1931546624,36614144,135168,175190016,14,discern-network,S (sleeping),router.bnsdq.ozxfs.rzona.kvugl,1.2440053641403002
1759302112,71339,1,101,101,101,101,102,102,102,102,16568320,16564224,7454720,135168,626688,1,systemd-network,S (sleeping),router.bnsdq.ozxfs.rzona.kvugl,0.89814348913275
1759302112,380,1,103,103,103,103,109,109,109,109,207908864,207908864,201375744,135168,200179712,1,dbus-daemon,S (sleeping),router.bnsdq.ozxfs.rzona.kvugl,0.2895814423401854
1759302117,69005,1,N/A,N/A,N/A,N/A,N/A,N/A,N/A,N/A,1264619520,1264619520,17063936,135168,45826048,4,discern-proc-so,S (sleeping),router.bnsdq.ozxfs.rzona.kvugl,2.549668593401801
1759302117,1,N/A,N/A,N/A,N/A,N/A,N/A,N/A,N/A,N/A,234930176,169357312,10833920,1056768,19697664,1,systemd,S (sleeping),router.bnsdq.ozxfs.rzona.kvugl,1.5394655955938714
1759302117,71404,1,101,101,101,101,102,102,102,102,16568320,16568320,7389184,135168,630784,1,systemd-network,S (sleeping),router.bnsdq.ozxfs.rzona.kvugl,1.2621529738533883
1759302117,3366,1,N/A,N/A,N/A,N/A,N/A,N/A,N/A,N/A,1954459648,1931546624,36614144,135168,175190016,14,discern-network,S (sleeping),router.bnsdq.ozxfs.rzona.kvugl,1.2478402524574521
1759302117,380,1,103,103,103,103,109,109,109,109,207908864,207908864,201646080,135168,200179712,1,dbus-daemon,S (sleeping),router.bnsdq.ozxfs.rzona.kvugl,0.28968291140620894
1759302122,69005,1,N/A,N/A,N/A,N/A,N/A,N/A,N/A,N/A,1264619520,1264619520,17063936,135168,45826048,4,discern-proc-so,R (running),router.bnsdq.ozxfs.rzona.kvugl,2.543614843819023
1759302122,1,N/A,N/A,N/A,N/A,N/A,N/A,N/A,N/A,N/A,234930176,169492480,10833920,1056768,19832832,1,systemd,S (sleeping),router.bnsdq.ozxfs.rzona.kvugl,1.5390809932786749
1759302122,3366,1,N/A,N/A,N/A,N/A,N/A,N/A,N/A,N/A,1954459648,1931546624,36614144,135168,175190016,14,discern-network,S (sleeping),router.bnsdq.ozxfs.rzona.kvugl,1.2518727015536153
1759302122,71460,1,101,101,101,101,102,102,102,102,16568320,16568320,7364608,135168,630784,1,systemd-network,S (sleeping),router.bnsdq.ozxfs.rzona.kvugl,0.7909041952300975
1759302122,380,1,103,103,103,103,109,109,109,109,208179200,208179200,201916416,135168,200450048,1,dbus-daemon,S (sleeping),router.bnsdq.ozxfs.rzona.kvugl,0.2895847805737108
1759302127,69005,1,N/A,N/A,N/A,N/A,N/A,N/A,N/A,N/A,1264619520,1264619520,17063936,135168,45826048,4,discern-proc-so,S (sleeping),router.bnsdq.ozxfs.rzona.kvugl,2.548036790618003
1759302127,1,N/A,N/A,N/A,N/A,N/A,N/A,N/A,N/A,N/A,234930176,169238528,10833920,1056768,19578880,1,systemd,S (sleeping),router.bnsdq.ozxfs.rzona.kvugl,1.5396867794129017
1759302127,3366,1,N/A,N/A,N/A,N/A,N/A,N/A,N/A,N/A,1954459648,1931546624,36614144,135168,175190016,14,discern-network,S (sleeping),router.bnsdq.ozxfs.rzona.kvugl,1.2558921109243035
1759302127,71525,1,101,101,101,101,102,102,102,102,16568320,16568320,7450624,135168,630784,1,systemd-network,S (sleeping),router.bnsdq.ozxfs.rzona.kvugl,0.7412167718390694
1759302127,380,1,103,103,103,103,109,109,109,109,208314368,208314368,201916416,135168,200585216,1,dbus-daemon,S (sleeping),router.bnsdq.ozxfs.rzona.kvugl,0.2894858259865854
1759302132,69005,1,N/A,N/A,N/A,N/A,N/A,N/A,N/A,N/A,1264619520,1264619520,17063936,135168,45826048,4,discern-proc-so,S (sleeping),router.bnsdq.ozxfs.rzona.kvugl,2.5571632500446584
1759302132,1,N/A,N/A,N/A,N/A,N/A,N/A,N/A,N/A,N/A,234930176,169373696,10833920,1056768,19714048,1,systemd,S (sleeping),router.bnsdq.ozxfs.rzona.kvugl,1.5390958921654334
1759302132,3366,1,N/A,N/A,N/A,N/A,N/A,N/A,N/A,N/A,1954459648,1931546624,36614144,135168,175190016,14,discern-network,S (sleeping),router.bnsdq.ozxfs.rzona.kvugl,1.2605174017654173
1759302132,71578,1,101,101,101,101,102,102,102,102,16568320,16564224,7303168,135168,626688,1,systemd-network,S (sleeping),router.bnsdq.ozxfs.rzona.kvugl,0.7740268309976542
1759302132,380,1,103,103,103,103,109,109,109,109,208584704,208584704,202186752,135168,200855552,1,dbus-daemon,S (sleeping),router.bnsdq.ozxfs.rzona.kvugl,0.28958550662801974
1759302138,69005,1,N/A,N/A,N/A,N/A,N/A,N/A,N/A,N/A,1264619520,1264619520,17063936,135168,45826048,4,discern-proc-so,R (running),router.bnsdq.ozxfs.rzona.kvugl,2.5561697483200394
1759302138,1,N/A,N/A,N/A,N/A,N/A,N/A,N/A,N/A,N/A,234930176,169373696,10833920,1056768,19714048,1,systemd,S (sleeping),router.bnsdq.ozxfs.rzona.kvugl,1.5391066523092776
1759302138,3366,1,N/A,N/A,N/A,N/A,N/A,N/A,N/A,N/A,1954459648,1931546624,36614144,135168,175190016,14,discern-network,S (sleeping),router.bnsdq.ozxfs.rzona.kvugl,1.2645207282823976
1759302138,71647,1,101,101,101,101,102,102,102,102,16568320,16568320,7385088,135168,630784,1,systemd-network,S (sleeping),router.bnsdq.ozxfs.rzona.kvugl,0.742846016056732
1759302138,380,1,103,103,103,103,109,109,109,109,208719872,208719872,202457088,135168,200990720,1,dbus-daemon,S (sleeping),router.bnsdq.ozxfs.rzona.kvugl,0.28968583551651
1759302143,69005,1,N/A,N/A,N/A,N/A,N/A,N/A,N/A,N/A,1264619520,1264619520,17063936,135168,45826048,4,discern-proc-so,S (sleeping),router.bnsdq.ozxfs.rzona.kvugl,2.559912525179729
1759302143,1,N/A,N/A,N/A,N/A,N/A,N/A,N/A,N/A,N/A,234930176,169373696,10833920,1056768,19714048,1,systemd,S (sleeping),router.bnsdq.ozxfs.rzona.kvugl,1.5389160738389056
1759302143,3366,1,N/A,N/A,N/A,N/A,N/A,N/A,N/A,N/A,1954459648,1931546624,36614144,135168,175190016,14,discern-network,S (sleeping),router.bnsdq.ozxfs.rzona.kvugl,1.2683079044369907
1759302143,71698,1,101,101,101,101,102,102,102,102,16568320,16564224,7270400,135168,626688,1,systemd-network,S (sleeping),router.bnsdq.ozxfs.rzona.kvugl,0.5757218671263354
1759302143,380,1,103,103,103,103,109,109,109,109,208990208,208990208,202727424,135168,201261056,1,dbus-daemon,S (sleeping),router.bnsdq.ozxfs.rzona.kvugl,0.2897854033348906
1759302148,69005,1,N/A,N/A,N/A,N/A,N/A,N/A,N/A,N/A,1264619520,1264619520,17063936,135168,45826048,4,discern-proc-so,S (sleeping),router.bnsdq.ozxfs.rzona.kvugl,2.5544436816434244
1759302148,1,N/A,N/A,N/A,N/A,N/A,N/A,N/A,N/A,N/A,234930176,169373696,10833920,1056768,19714048,1,systemd,S (sleeping),router.bnsdq.ozxfs.rzona.kvugl,1.538734754122856
1759302148,3366,1,N/A,N/A,N/A,N/A,N/A,N/A,N/A,N/A,1954459648,1931546624,36614144,135168,175190016,14,discern-network,S (sleeping),router.bnsdq.ozxfs.rzona.kvugl,1.2725045356881393
1759302148,71763,1,101,101,101,101,102,102,102,102,16568320,16568320,7368704,135168,630784,1,systemd-network,S (sleeping),router.bnsdq.ozxfs.rzona.kvugl,0.3735450597589757
1759302148,380,1,103,103,103,103,109,109,109,109,209154048,209154048,202727424,135168,201424896,1,dbus-daemon,S (sleeping),router.bnsdq.ozxfs.rzona.kvugl,0.28968815933527986
1759302153,69005,1,N/A,N/A,N/A,N/A,N/A,N/A,N/A,N/A,1264619520,1264619520,17063936,135168,45826048,4,discern-proc-so,R (running),router.bnsdq.ozxfs.rzona.kvugl,2.5625516018510712
1759302153,1,N/A,N/A,N/A,N/A,N/A,N/A,N/A,N/A,N/A,234930176,169373696,10833920,1056768,19714048,1,systemd,S (sleeping),router.bnsdq.ozxfs.rzona.kvugl,1.5387410308335687
1759302153,3366,1,N/A,N/A,N/A,N/A,N/A,N/A,N/A,N/A,1954459648,1931546624,36614144,135168,175190016,14,discern-network,S (sleeping),router.bnsdq.ozxfs.rzona.kvugl,1.2760689259293112
1759302153,71817,1,101,101,101,101,102,102,102,102,16568320,16564224,7458816,135168,626688,1,systemd-network,S (sleeping),router.bnsdq.ozxfs.rzona.kvugl,0.4592422206199438
1759302153,380,1,103,103,103,103,109,109,109,109,209432576,209432576,202997760,135168,201703424,1,dbus-daemon,S (sleeping),router.bnsdq.ozxfs.rzona.kvugl,0.28958909695788815
1759302158,69005,1,N/A,N/A,N/A,N/A,N/A,N/A,N/A,N/A,1264619520,1264619520,17063936,135168,45826048,4,discern-proc-so,R (running),router.bnsdq.ozxfs.rzona.kvugl,2.5615819360809735
1759302158,71937,1,101,101,101,101,102,102,102,102,16568320,16564224,7389184,135168,626688,1,systemd-network,S (sleeping),router.bnsdq.ozxfs.rzona.kvugl,1.7751518668901474
1759302158,1,N/A,N/A,N/A,N/A,N/A,N/A,N/A,N/A,N/A,234930176,169373696,10833920,1056768,19714048,1,systemd,S (sleeping),router.bnsdq.ozxfs.rzona.kvugl,1.5385558254547798
1759302158,3366,1,N/A,N/A,N/A,N/A,N/A,N/A,N/A,N/A,1954459648,1931546624,36614144,135168,175190016,14,discern-network,S (sleeping),router.bnsdq.ozxfs.rzona.kvugl,1.2792221509928698
1759302158,380,1,103,103,103,103,109,109,109,109,209731584,209731584,203268096,135168,202002432,1,dbus-daemon,S (sleeping),router.bnsdq.ozxfs.rzona.kvugl,0.2898871749807044
1759302163,69005,1,N/A,N/A,N/A,N/A,N/A,N/A,N/A,N/A,1264619520,1264619520,17063936,135168,45826048,4,discern-proc-so,R (running),router.bnsdq.ozxfs.rzona.kvugl,2.5563550055416147
1759302163,72006,1,101,101,101,101,102,102,102,102,16568320,16568320,7380992,135168,630784,1,systemd-network,S (sleeping),router.bnsdq.ozxfs.rzona.kvugl,1.6290489347435608
1759302163,1,N/A,N/A,N/A,N/A,N/A,N/A,N/A,N/A,N/A,234930176,169373696,10833920,1056768,19714048,1,systemd,S (sleeping),router.bnsdq.ozxfs.rzona.kvugl,1.5387679856782845
1759302163,3366,1,N/A,N/A,N/A,N/A,N/A,N/A,N/A,N/A,1954459648,1931546624,36614144,135168,175190016,14,discern-network,S (sleeping),router.bnsdq.ozxfs.rzona.kvugl,1.2831875264468555
1759302163,380,1,103,103,103,103,109,109,109,109,209891328,209891328,203538432,135168,202162176,1,dbus-daemon,S (sleeping),router.bnsdq.ozxfs.rzona.kvugl,0.2895919689616649
1759302168,69005,1,N/A,N/A,N/A,N/A,N/A,N/A,N/A,N/A,1264619520,1264619520,17063936,135168,45826048,4,discern-proc-so,S (sleeping),router.bnsdq.ozxfs.rzona.kvugl,2.5470997535891784
1759302168,1,N/A,N/A,N/A,N/A,N/A,N/A,N/A,N/A,N/A,234930176,169373696,10833920,1056768,19714048,1,systemd,S (sleeping),router.bnsdq.ozxfs.rzona.kvugl,1.538585500788146
1759302168,3366,1,N/A,N/A,N/A,N/A,N/A,N/A,N/A,N/A,1954459648,1931546624,36614144,135168,175190016,14,discern-network,S (sleeping),router.bnsdq.ozxfs.rzona.kvugl,1.287145002170266
1759302169,72058,1,101,101,101,101,102,102,102,102,16568320,16564224,7405568,135168,626688,1,systemd-network,S (sleeping),router.bnsdq.ozxfs.rzona.kvugl,1.002692405917984
1759302169,380,1,103,103,103,103,109,109,109,109,210161664,210161664,203808768,135168,202432512,1,dbus-daemon,S (sleeping),router.bnsdq.ozxfs.rzona.kvugl,0.28969239821830145
1759302174,69005,1,N/A,N/A,N/A,N/A,N/A,N/A,N/A,N/A,1264619520,1264619520,17063936,135168,45826048,4,discern-proc-so,R (running),router.bnsdq.ozxfs.rzona.kvugl,2.538311056561714
1759302174,1,N/A,N/A,N/A,N/A,N/A,N/A,N/A,N/A,N/A,234930176,169373696,10833920,1056768,19714048,1,systemd,S (sleeping),router.bnsdq.ozxfs.rzona.kvugl,1.5389967431015705
1759302174,3366,1,N/A,N/A,N/A,N/A,N/A,N/A,N/A,N/A,1954459648,1931546624,36614144,135168,175190016,14,discern-network,S (sleeping),router.bnsdq.ozxfs.rzona.kvugl,1.2910958090793223
1759302174,72116,1,101,101,101,101,102,102,102,102,16568320,16564224,7237632,135168,626688,1,systemd-network,S (sleeping),router.bnsdq.ozxfs.rzona.kvugl,0.6378189974300366
1759302174,380,1,103,103,103,103,109,109,109,109,210296832,210296832,203808768,135168,202567680,1,dbus-daemon,S (sleeping),router.bnsdq.ozxfs.rzona.kvugl,0.28979298632225026
1759302179,69005,1,N/A,N/A,N/A,N/A,N/A,N/A,N/A,N/A,1264619520,1264619520,17063936,135168,45826048,4,discern-proc-so,S (sleeping),router.bnsdq.ozxfs.rzona.kvugl,2.5419443743266323
1759302179,1,N/A,N/A,N/A,N/A,N/A,N/A,N/A,N/A,N/A,234930176,169373696,10833920,1056768,19714048,1,systemd,S (sleeping),router.bnsdq.ozxfs.rzona.kvugl,1.5388096097315733
1759302179,3366,1,N/A,N/A,N/A,N/A,N/A,N/A,N/A,N/A,1954459648,1931546624,36614144,135168,175190016,14,discern-network,S (sleeping),router.bnsdq.ozxfs.rzona.kvugl,1.295032527296189
1759302179,72176,1,101,101,101,101,102,102,102,102,16568320,16564224,7524352,135168,626688,1,systemd-network,S (sleeping),router.bnsdq.ozxfs.rzona.kvugl,0.6974353483098779
1759302179,380,1,103,103,103,103,109,109,109,109,210567168,210567168,204079104,135168,202838016,1,dbus-daemon,S (sleeping),router.bnsdq.ozxfs.rzona.kvugl,0.2896950407221096
1759302184,69005,1,N/A,N/A,N/A,N/A,N/A,N/A,N/A,N/A,1264619520,1264619520,17063936,135168,45826048,4,discern-proc-so,R (running),router.bnsdq.ozxfs.rzona.kvugl,2.537550327324787
1759302184,1,N/A,N/A,N/A,N/A,N/A,N/A,N/A,N/A,N/A,234930176,169373696,10833920,1056768,19714048,1,systemd,S (sleeping),router.bnsdq.ozxfs.rzona.kvugl,1.5386270315961816
1759302184,3366,1,N/A,N/A,N/A,N/A,N/A,N/A,N/A,N/A,1954459648,1931546624,36614144,135168,175190016,14,discern-network,S (sleeping),router.bnsdq.ozxfs.rzona.kvugl,1.2989646154300816
1759302184,72241,1,101,101,101,101,102,102,102,102,16568320,16568320,7516160,135168,630784,1,systemd-network,S (sleeping),router.bnsdq.ozxfs.rzona.kvugl,0.673632327014673
1759302184,380,1,103,103,103,103,109,109,109,109,210702336,210702336,204349440,135168,202973184,1,dbus-daemon,S (sleeping),router.bnsdq.ozxfs.rzona.kvugl,0.2895980802220112
1759302189,69005,1,N/A,N/A,N/A,N/A,N/A,N/A,N/A,N/A,1264619520,1264619520,17063936,135168,45826048,4,discern-proc-so,R (running),router.bnsdq.ozxfs.rzona.kvugl,2.548829556121872
1759302189,1,N/A,N/A,N/A,N/A,N/A,N/A,N/A,N/A,N/A,234930176,169373696,10833920,1056768,19714048,1,systemd,S (sleeping),router.bnsdq.ozxfs.rzona.kvugl,1.5386348704039716
1759302189,3366,1,N/A,N/A,N/A,N/A,N/A,N/A,N/A,N/A,1954459648,1931546624,36614144,135168,175190016,14,discern-network,S (sleeping),router.bnsdq.ozxfs.rzona.kvugl,1.3028827666654434
1759302189,72294,1,101,101,101,101,102,102,102,102,16568320,16564224,7331840,135168,626688,1,systemd-network,S (sleeping),router.bnsdq.ozxfs.rzona.kvugl,0.4322378663278646
1759302189,380,1,103,103,103,103,109,109,109,109,210837504,210837504,204349440,135168,203108352,1,dbus-daemon,S (sleeping),router.bnsdq.ozxfs.rzona.kvugl,0.2895000821156151
1759302194,69005,1,N/A,N/A,N/A,N/A,N/A,N/A,N/A,N/A,1264619520,1264619520,17063936,135168,45826048,4,discern-proc-so,R (running),router.bnsdq.ozxfs.rzona.kvugl,2.540696626974545
1759302194,1,N/A,N/A,N/A,N/A,N/A,N/A,N/A,N/A,N/A,234930176,169373696,10833920,1056768,19714048,1,systemd,S (sleeping),router.bnsdq.ozxfs.rzona.kvugl,1.538258684724154
1759302194,3366,1,N/A,N/A,N/A,N/A,N/A,N/A,N/A,N/A,1954459648,1931546624,36614144,135168,175190016,14,discern-network,S (sleeping),router.bnsdq.ozxfs.rzona.kvugl,1.3070033401303502
1759302194,72363,1,101,101,101,101,102,102,102,102,16568320,16568320,7442432,135168,630784,1,systemd-network,S (sleeping),router.bnsdq.ozxfs.rzona.kvugl,0.6286928353610395
1759302194,380,1,103,103,103,103,109,109,109,109,211107840,211107840,204619776,135168,203378688,1,dbus-daemon,S (sleeping),router.bnsdq.ozxfs.rzona.kvugl,0.28960040171253526
1759302199,69005,1,N/A,N/A,N/A,N/A,N/A,N/A,N/A,N/A,1264619520,1264619520,17063936,135168,45826048,4,discern-proc-so,S (sleeping),router.bnsdq.ozxfs.rzona.kvugl,2.5440370504454264
1759302199,1,N/A,N/A,N/A,N/A,N/A,N/A,N/A,N/A,N/A,234930176,169373696,10833920,1056768,19714048,1,systemd,S (sleeping),router.bnsdq.ozxfs.rzona.kvugl,1.5414089280359429
1759302199,3366,1,N/A,N/A,N/A,N/A,N/A,N/A,N/A,N/A,1954459648,1931546624,36614144,135168,175190016,14,discern-network,S (sleeping),router.bnsdq.ozxfs.rzona.kvugl,1.31009676681085
1759302199,72413,1,101,101,101,101,102,102,102,102,16568320,16564224,7356416,135168,626688,1,systemd-network,S (sleeping),router.bnsdq.ozxfs.rzona.kvugl,0.33706116771667116
1759302199,380,1,103,103,103,103,109,109,109,109,211243008,211243008,204890112,135168,203513856,1,dbus-daemon,S (sleeping),router.bnsdq.ozxfs.rzona.kvugl,0.2895032732427663
1759302205,69005,1,N/A,N/A,N/A,N/A,N/A,N/A,N/A,N/A,1264619520,1264619520,17063936,135168,45826048,4,discern-proc-so,S (sleeping),router.bnsdq.ozxfs.rzona.kvugl,2.543692333559704
1759302205,1,N/A,N/A,N/A,N/A,N/A,N/A,N/A,N/A,N/A,234930176,169365504,10833920,1056768,19705856,1,systemd,S (sleeping),router.bnsdq.ozxfs.rzona.kvugl,1.541422059926653
1759302205,3366,1,N/A,N/A,N/A,N/A,N/A,N/A,N/A,N/A,1954459648,1931546624,36614144,135168,175190016,14,discern-network,S (sleeping),router.bnsdq.ozxfs.rzona.kvugl,1.3139981229861835
1759302205,72521,1,101,101,101,101,102,102,102,102,16568320,16564224,7475200,135168,626688,1,systemd-network,S (sleeping),router.bnsdq.ozxfs.rzona.kvugl,1.442153908087035
1759302205,380,1,103,103,103,103,109,109,109,109,211513344,211513344,205160448,135168,203784192,1,dbus-daemon,S (sleeping),router.bnsdq.ozxfs.rzona.kvugl,0.28979935685525676
1759302210,69005,1,N/A,N/A,N/A,N/A,N/A,N/A,N/A,N/A,1264619520,1264619520,17063936,135168,45826048,4,discern-proc-so,R (running),router.bnsdq.ozxfs.rzona.kvugl,2.536155735637093
1759302210,1,N/A,N/A,N/A,N/A,N/A,N/A,N/A,N/A,N/A,234930176,169365504,10833920,1056768,19705856,1,systemd,S (sleeping),router.bnsdq.ozxfs.rzona.kvugl,1.5418287196398193
1759302210,72590,1,101,101,101,101,102,102,102,102,16568320,16568320,7303168,135168,630784,1,systemd-network,S (sleeping),router.bnsdq.ozxfs.rzona.kvugl,1.3514092580205717
1759302210,3366,1,N/A,N/A,N/A,N/A,N/A,N/A,N/A,N/A,1954459648,1931546624,36614144,135168,175190016,14,discern-network,S (sleeping),router.bnsdq.ozxfs.rzona.kvugl,1.317893149910109
1759302210,380,1,103,103,103,103,109,109,109,109,211812352,211812352,205430784,135168,204083200,1,dbus-daemon,S (sleeping),router.bnsdq.ozxfs.rzona.kvugl,0.28970347389630907
1759302215,69005,1,N/A,N/A,N/A,N/A,N/A,N/A,N/A,N/A,1264619520,1264619520,17063936,135168,45826048,4,discern-proc-so,S (sleeping),router.bnsdq.ozxfs.rzona.kvugl,2.5464373233033104
1759302215,1,N/A,N/A,N/A,N/A,N/A,N/A,N/A,N/A,N/A,234930176,169349120,10833920,1056768,19689472,1,systemd,S (sleeping),router.bnsdq.ozxfs.rzona.kvugl,1.5414425809064705
1759302215,3366,1,N/A,N/A,N/A,N/A,N/A,N/A,N/A,N/A,1954459648,1931546624,36614144,135168,175190016,14,discern-network,S (sleeping),router.bnsdq.ozxfs.rzona.kvugl,1.321771504911845
1759302215,72641,1,101,101,101,101,102,102,102,102,16568320,16564224,7409664,135168,626688,1,systemd-network,S (sleeping),router.bnsdq.ozxfs.rzona.kvugl,0.8844073977112887
1759302215,380,1,103,103,103,103,109,109,109,109,211947520,211947520,205430784,135168,204218368,1,dbus-daemon,S (sleeping),router.bnsdq.ozxfs.rzona.kvugl,0.2896059523212524
1759302220,69005,1,N/A,N/A,N/A,N/A,N/A,N/A,N/A,N/A,1264619520,1264619520,17063936,135168,45826048,4,discern-proc-so,R (running),router.bnsdq.ozxfs.rzona.kvugl,2.5390451031654315
1759302220,1,N/A,N/A,N/A,N/A,N/A,N/A,N/A,N/A,N/A,234930176,169488384,10833920,1056768,19828736,1,systemd,S (sleeping),router.bnsdq.ozxfs.rzona.kvugl,1.5414549652966156
1759302220,3366,1,N/A,N/A,N/A,N/A,N/A,N/A,N/A,N/A,1954459648,1931546624,36614144,135168,175190016,14,discern-network,S (sleeping),router.bnsdq.ozxfs.rzona.kvugl,1.325243979806999
1759302220,72697,1,101,101,101,101,102,102,102,102,16568320,16568320,7569408,135168,630784,1,systemd-network,S (sleeping),router.bnsdq.ozxfs.rzona.kvugl,0.8471422906055585
1759302220,380,1,103,103,103,103,109,109,109,109,212111360,212111360,205701120,135168,204382208,1,dbus-daemon,S (sleeping),router.bnsdq.ozxfs.rzona.kvugl,0.28970539821056557
1759302225,69005,1,N/A,N/A,N/A,N/A,N/A,N/A,N/A,N/A,1264619520,1264619520,17063936,135168,45826048,4,discern-proc-so,R (running),router.bnsdq.ozxfs.rzona.kvugl,2.5386678207072095
1759302225,1,N/A,N/A,N/A,N/A,N/A,N/A,N/A,N/A,N/A,234930176,169488384,10833920,1056768,19828736,1,systemd,S (sleeping),router.bnsdq.ozxfs.rzona.kvugl,1.5412678481716655
1759302225,3366,1,N/A,N/A,N/A,N/A,N/A,N/A,N/A,N/A,1954459648,1931546624,36614144,135168,175190016,14,discern-network,S (sleeping),router.bnsdq.ozxfs.rzona.kvugl,1.3291090324389954
1759302225,72760,1,101,101,101,101,102,102,102,102,16568320,16564224,7467008,135168,626688,1,systemd-network,S (sleeping),router.bnsdq.ozxfs.rzona.kvugl,0.6377462203672104
1759302225,380,1,103,103,103,103,109,109,109,109,212385792,212385792,205971456,135168,204656640,1,dbus-daemon,S (sleeping),router.bnsdq.ozxfs.rzona.kvugl,0.2896086064539123
1759302230,69005,1,N/A,N/A,N/A,N/A,N/A,N/A,N/A,N/A,1264619520,1264619520,17063936,135168,45826048,4,discern-proc-so,S (sleeping),router.bnsdq.ozxfs.rzona.kvugl,2.535085737803717
1759302230,1,N/A,N/A,N/A,N/A,N/A,N/A,N/A,N/A,N/A,234930176,169238528,10833920,1056768,19578880,1,systemd,S (sleeping),router.bnsdq.ozxfs.rzona.kvugl,1.5412817580138851
1759302230,3366,1,N/A,N/A,N/A,N/A,N/A,N/A,N/A,N/A,1954459648,1931546624,36614144,135168,175190016,14,discern-network,S (sleeping),router.bnsdq.ozxfs.rzona.kvugl,1.3327695114113907
1759302230,72825,1,101,101,101,101,102,102,102,102,16568320,16564224,7303168,135168,626688,1,systemd-network,S (sleeping),router.bnsdq.ozxfs.rzona.kvugl,0.6187730390124688
1759302230,380,1,103,103,103,103,109,109,109,109,212520960,212520960,205971456,135168,204791808,1,dbus-daemon,S (sleeping),router.bnsdq.ozxfs.rzona.kvugl,0.2895130486240445
1759302236,69005,1,N/A,N/A,N/A,N/A,N/A,N/A,N/A,N/A,1264619520,1264619520,17063936,135168,45826048,4,discern-proc-so,R (running),router.bnsdq.ozxfs.rzona.kvugl,2.538186201794365
1759302236,1,N/A,N/A,N/A,N/A,N/A,N/A,N/A,N/A,N/A,234930176,169627648,10833920,1056768,19968000,1,systemd,S (sleeping),router.bnsdq.ozxfs.rzona.kvugl,1.5414873851627882
1759302236,3366,1,N/A,N/A,N/A,N/A,N/A,N/A,N/A,N/A,1954459648,1931546624,36614144,135168,175190016,14,discern-network,S (sleeping),router.bnsdq.ozxfs.rzona.kvugl,1.3366210203478013
1759302236,72880,1,101,101,101,101,102,102,102,102,16568320,16564224,7262208,135168,626688,1,systemd-network,S (sleeping),router.bnsdq.ozxfs.rzona.kvugl,0.4997723965704928
1759302236,380,1,103,103,103,103,109,109,109,109,212656128,212656128,206241792,135168,204926976,1,dbus-daemon,S (sleeping),router.bnsdq.ozxfs.rzona.kvugl,0.2894171063798873
1759302241,69005,1,N/A,N/A,N/A,N/A,N/A,N/A,N/A,N/A,1264619520,1264619520,17063936,135168,45826048,4,discern-proc-so,S (sleeping),router.bnsdq.ozxfs.rzona.kvugl,2.5314380416060387
1759302241,73002,1,101,101,101,101,102,102,102,102,16568320,16564224,7487488,135168,626688,1,systemd-network,S (sleeping),router.bnsdq.ozxfs.rzona.kvugl,1.7388366515261897
1759302241,1,N/A,N/A,N/A,N/A,N/A,N/A,N/A,N/A,N/A,234930176,169238528,10833920,1056768,19578880,1,systemd,S (sleeping),router.bnsdq.ozxfs.rzona.kvugl,1.5414999662819604
1759302241,3366,1,N/A,N/A,N/A,N/A,N/A,N/A,N/A,N/A,1954459648,1931546624,36614144,135168,175190016,14,discern-network,S (sleeping),router.bnsdq.ozxfs.rzona.kvugl,1.3406674137699424
1759302241,380,1,103,103,103,103,109,109,109,109,213061632,213061632,206512128,135168,205332480,1,dbus-daemon,S (sleeping),router.bnsdq.ozxfs.rzona.kvugl,0.28990583608251214
1759302246,69005,1,N/A,N/A,N/A,N/A,N/A,N/A,N/A,N/A,1264619520,1264619520,17063936,135168,45826048,4,discern-proc-so,R (running),router.bnsdq.ozxfs.rzona.kvugl,2.5282166713943703
1759302246,73066,1,101,101,101,101,102,102,102,102,16568320,16568320,7385088,135168,630784,1,systemd-network,S (sleeping),router.bnsdq.ozxfs.rzona.kvugl,1.55435072856662
1759302246,1,N/A,N/A,N/A,N/A,N/A,N/A,N/A,N/A,N/A,234930176,169238528,10833920,1056768,19578880,1,systemd,S (sleeping),router.bnsdq.ozxfs.rzona.kvugl,1.5417103071733238
1759302246,3366,1,N/A,N/A,N/A,N/A,N/A,N/A,N/A,N/A,1954459648,1931546624,36614144,135168,175190016,14,discern-network,S (sleeping),router.bnsdq.ozxfs.rzona.kvugl,1.3449094060158318
1759302246,380,1,103,103,103,103,109,109,109,109,213061632,213061632,206782464,135168,205332480,1,dbus-daemon,S (sleeping),router.bnsdq.ozxfs.rzona.kvugl,0.28961619434866176
1759302251,69005,1,N/A,N/A,N/A,N/A,N/A,N/A,N/A,N/A,1264619520,1264619520,17063936,135168,45826048,4,discern-proc-so,R (running),router.bnsdq.ozxfs.rzona.kvugl,2.524933108733406
1759302251,1,N/A,N/A,N/A,N/A,N/A,N/A,N/A,N/A,N/A,234930176,169373696,10833920,1056768,19714048,1,systemd,S (sleeping),router.bnsdq.ozxfs.rzona.kvugl,1.5415256109592221
1759302251,3366,1,N/A,N/A,N/A,N/A,N/A,N/A,N/A,N/A,1954459648,1931546624,36614144,135168,175190016,14,discern-network,S (sleeping),router.bnsdq.ozxfs.rzona.kvugl,1.348534916391425
1759302251,73121,1,101,101,101,101,102,102,102,102,16568320,16564224,7311360,135168,626688,1,systemd-network,S (sleeping),router.bnsdq.ozxfs.rzona.kvugl,1.227336226078632
1759302251,380,1,103,103,103,103,109,109,109,109,213331968,213331968,206782464,135168,205602816,1,dbus-daemon,S (sleeping),router.bnsdq.ozxfs.rzona.kvugl,0.2895202745976214
1759302256,69005,1,N/A,N/A,N/A,N/A,N/A,N/A,N/A,N/A,1264619520,1264619520,17063936,135168,45826048,4,discern-proc-so,S (sleeping),router.bnsdq.ozxfs.rzona.kvugl,2.524949091353345
1759302256,1,N/A,N/A,N/A,N/A,N/A,N/A,N/A,N/A,N/A,234930176,169373696,10833920,1056768,19714048,1,systemd,S (sleeping),router.bnsdq.ozxfs.rzona.kvugl,1.5419264882350452
1759302256,3366,1,N/A,N/A,N/A,N/A,N/A,N/A,N/A,N/A,1954459648,1931546624,36614144,135168,175190016,14,discern-network,S (sleeping),router.bnsdq.ozxfs.rzona.kvugl,1.352556816351874
1759302256,73176,1,101,101,101,101,102,102,102,102,16568320,16564224,7389184,135168,626688,1,systemd-network,S (sleeping),router.bnsdq.ozxfs.rzona.kvugl,1.1578774288090448
1759302256,380,1,103,103,103,103,109,109,109,109,213467136,213467136,207052800,135168,205737984,1,dbus-daemon,S (sleeping),router.bnsdq.ozxfs.rzona.kvugl,0.28981337000108404
1759302261,69005,1,N/A,N/A,N/A,N/A,N/A,N/A,N/A,N/A,1264619520,1264619520,17063936,135168,45826048,4,discern-proc-so,R (running),router.bnsdq.ozxfs.rzona.kvugl,2.527871859780009
1759302261,1,N/A,N/A,N/A,N/A,N/A,N/A,N/A,N/A,N/A,234930176,169373696,10833920,1056768,19714048,1,systemd,S (sleeping),router.bnsdq.ozxfs.rzona.kvugl,1.5415454146898355
1759302261,3366,1,N/A,N/A,N/A,N/A,N/A,N/A,N/A,N/A,1954459648,1931546624,36614144,135168,175190016,14,discern-network,S (sleeping),router.bnsdq.ozxfs.rzona.kvugl,1.3565650491987387
1759302261,73238,1,101,101,101,101,102,102,102,102,16568320,16568320,7385088,135168,630784,1,systemd-network,S (sleeping),router.bnsdq.ozxfs.rzona.kvugl,0.5322887981845119
1759302261,380,1,103,103,103,103,109,109,109,109,213741568,213741568,207323136,135168,206012416,1,dbus-daemon,S (sleeping),router.bnsdq.ozxfs.rzona.kvugl,0.28971694183982716
1759302266,69005,1,N/A,N/A,N/A,N/A,N/A,N/A,N/A,N/A,1264619520,1264619520,17063936,135168,45826048,4,discern-proc-so,S (sleeping),router.bnsdq.ozxfs.rzona.kvugl,2.527821389189871
1759302266,1,N/A,N/A,N/A,N/A,N/A,N/A,N/A,N/A,N/A,234930176,169373696,10833920,1056768,19714048,1,systemd,S (sleeping),router.bnsdq.ozxfs.rzona.kvugl,1.5417510588466905
1759302266,3366,1,N/A,N/A,N/A,N/A,N/A,N/A,N/A,N/A,1954459648,1931546624,36614144,135168,175190016,14,discern-network,S (sleeping),router.bnsdq.ozxfs.rzona.kvugl,1.3615700752465159
1759302266,73307,1,101,101,101,101,102,102,102,102,16568320,16568320,7340032,135168,630784,1,systemd-network,S (sleeping),router.bnsdq.ozxfs.rzona.kvugl,0.7679215278069309
1759302266,380,1,103,103,103,103,109,109,109,109,213876736,213876736,207593472,135168,206147584,1,dbus-daemon,S (sleeping),router.bnsdq.ozxfs.rzona.kvugl,0.2907840212210036
1759302272,69005,1,N/A,N/A,N/A,N/A,N/A,N/A,N/A,N/A,1264619520,1264619520,17063936,135168,45826048,4,discern-proc-so,R (running),router.bnsdq.ozxfs.rzona.kvugl,2.522050969576562
1759302272,1,N/A,N/A,N/A,N/A,N/A,N/A,N/A,N/A,N/A,234930176,169357312,10833920,1056768,19697664,1,systemd,S (sleeping),router.bnsdq.ozxfs.rzona.kvugl,1.5415779076384502
1759302272,3366,1,N/A,N/A,N/A,N/A,N/A,N/A,N/A,N/A,1954459648,1931546624,36614144,135168,175190016,14,discern-network,S (sleeping),router.bnsdq.ozxfs.rzona.kvugl,1.3649735134029461
1759302272,73359,1,101,101,101,101,102,102,102,102,16568320,16564224,7421952,135168,626688,1,systemd-network,S (sleeping),router.bnsdq.ozxfs.rzona.kvugl,0.3978057290580823
1759302272,380,1,103,103,103,103,109,109,109,109,214011904,214011904,207593472,135168,206282752,1,dbus-daemon,S (sleeping),router.bnsdq.ozxfs.rzona.kvugl,0.29068936619518343
1759302277,69005,1,N/A,N/A,N/A,N/A,N/A,N/A,N/A,N/A,1264619520,1264619520,17063936,135168,45826048,4,discern-proc-so,S (sleeping),router.bnsdq.ozxfs.rzona.kvugl,2.5163045628618343
1759302277,1,N/A,N/A,N/A,N/A,N/A,N/A,N/A,N/A,N/A,234930176,169357312,10833920,1056768,19697664,1,systemd,S (sleeping),router.bnsdq.ozxfs.rzona.kvugl,1.54120584622097
1759302277,3366,1,N/A,N/A,N/A,N/A,N/A,N/A,N/A,N/A,1954459648,1931546624,36614144,135168,175190016,14,discern-network,S (sleeping),router.bnsdq.ozxfs.rzona.kvugl,1.3685641412222431
1759302277,73424,1,101,101,101,101,102,102,102,102,16568320,16568320,7385088,135168,630784,1,systemd-network,S (sleeping),router.bnsdq.ozxfs.rzona.kvugl,0.5804136054322195
1759302277,380,1,103,103,103,103,109,109,109,109,214282240,214282240,207863808,135168,206553088,1,dbus-daemon,S (sleeping),router.bnsdq.ozxfs.rzona.kvugl,0.29059376270870907
1759302282,69005,1,N/A,N/A,N/A,N/A,N/A,N/A,N/A,N/A,1264619520,1264619520,17063936,135168,45826048,4,discern-proc-so,S (sleeping),router.bnsdq.ozxfs.rzona.kvugl,2.519124237455934
1759302282,1,N/A,N/A,N/A,N/A,N/A,N/A,N/A,N/A,N/A,234930176,169492480,10833920,1056768,19832832,1,systemd,S (sleeping),router.bnsdq.ozxfs.rzona.kvugl,1.5415967377039326
1759302282,3366,1,N/A,N/A,N/A,N/A,N/A,N/A,N/A,N/A,1954459648,1931546624,36614144,135168,175190016,14,discern-network,S (sleeping),router.bnsdq.ozxfs.rzona.kvugl,1.3723377296044652
1759302282,73481,1,101,101,101,101,102,102,102,102,16568320,16564224,7483392,135168,626688,1,systemd-network,S (sleeping),router.bnsdq.ozxfs.rzona.kvugl,0.5614430606297401
1759302282,380,1,103,103,103,103,109,109,109,109,214417408,214417408,207863808,135168,206688256,1,dbus-daemon,S (sleeping),router.bnsdq.ozxfs.rzona.kvugl,0.29068961784500985
1759302287,73599,1,101,101,101,101,102,102,102,102,16568320,16568320,7475200,135168,630784,1,systemd-network,S (sleeping),router.bnsdq.ozxfs.rzona.kvugl,2.758056942816061
1759302287,69005,1,N/A,N/A,N/A,N/A,N/A,N/A,N/A,N/A,1264619520,1264619520,17063936,135168,45826048,4,discern-proc-so,S (sleeping),router.bnsdq.ozxfs.rzona.kvugl,2.5081543536677637
1759302287,1,N/A,N/A,N/A,N/A,N/A,N/A,N/A,N/A,N/A,234930176,169492480,10833920,1056768,19832832,1,systemd,S (sleeping),router.bnsdq.ozxfs.rzona.kvugl,1.5414282711108802
1759302287,3366,1,N/A,N/A,N/A,N/A,N/A,N/A,N/A,N/A,1954459648,1931546624,36614144,135168,175190016,14,discern-network,S (sleeping),router.bnsdq.ozxfs.rzona.kvugl,1.3759226797675208
1759302287,380,1,103,103,103,103,109,109,109,109,227414016,227414016,208424960,135168,219684864,1,dbus-daemon,S (sleeping),router.bnsdq.ozxfs.rzona.kvugl,0.29098202473041984
1759302292,69005,1,N/A,N/A,N/A,N/A,N/A,N/A,N/A,N/A,1264619520,1264619520,17063936,135168,45826048,4,discern-proc-so,R (running),router.bnsdq.ozxfs.rzona.kvugl,2.5029402049424205
1759302292,73664,1,101,101,101,101,102,102,102,102,16568320,16568320,7413760,135168,630784,1,systemd-network,S (sleeping),router.bnsdq.ozxfs.rzona.kvugl,1.8992513193082816
1759302292,1,N/A,N/A,N/A,N/A,N/A,N/A,N/A,N/A,N/A,234930176,169238528,10833920,1056768,19578880,1,systemd,S (sleeping),router.bnsdq.ozxfs.rzona.kvugl,1.5416389826723296
1759302292,3366,1,N/A,N/A,N/A,N/A,N/A,N/A,N/A,N/A,1954459648,1931546624,36614144,135168,175190016,14,discern-network,S (sleeping),router.bnsdq.ozxfs.rzona.kvugl,1.3757121951331275
1759302292,380,1,103,103,103,103,109,109,109,109,227414016,227414016,208424960,135168,219684864,1,dbus-daemon,S (sleeping),router.bnsdq.ozxfs.rzona.kvugl,0.29088708120105206
1759302297,69005,1,N/A,N/A,N/A,N/A,N/A,N/A,N/A,N/A,1264619520,1264619520,17063936,135168,45826048,4,discern-proc-so,S (sleeping),router.bnsdq.ozxfs.rzona.kvugl,2.5032842830781257
1759302297,1,N/A,N/A,N/A,N/A,N/A,N/A,N/A,N/A,N/A,234930176,169627648,10833920,1056768,19968000,1,systemd,S (sleeping),router.bnsdq.ozxfs.rzona.kvugl,1.5414599829767646
1759302297,3366,1,N/A,N/A,N/A,N/A,N/A,N/A,N/A,N/A,1954459648,1931546624,36614144,135168,175190016,14,discern-network,S (sleeping),router.bnsdq.ozxfs.rzona.kvugl,1.375100407863291
1759302297,73718,1,101,101,101,101,102,102,102,102,16568320,16564224,7397376,135168,626688,1,systemd-network,S (sleeping),router.bnsdq.ozxfs.rzona.kvugl,1.1014055603947197
1759302297,380,1,103,103,103,103,109,109,109,109,227684352,227684352,208695296,135168,219955200,1,dbus-daemon,S (sleeping),router.bnsdq.ozxfs.rzona.kvugl,0.29079150517314517
1759302302,69005,1,N/A,N/A,N/A,N/A,N/A,N/A,N/A,N/A,1264619520,1264619520,17063936,135168,45826048,4,discern-proc-so,S (sleeping),router.bnsdq.ozxfs.rzona.kvugl,2.492940237945757
1759302302,1,N/A,N/A,N/A,N/A,N/A,N/A,N/A,N/A,N/A,234930176,169349120,10833920,1056768,19689472,1,systemd,S (sleeping),router.bnsdq.ozxfs.rzona.kvugl,1.541482104453101
1759302302,3366,1,N/A,N/A,N/A,N/A,N/A,N/A,N/A,N/A,1954459648,1931546624,36614144,135168,175190016,14,discern-network,S (sleeping),router.bnsdq.ozxfs.rzona.kvugl,1.3744976886836342
1759302302,73778,1,101,101,101,101,102,102,102,102,16568320,16564224,7364608,135168,626688,1,systemd-network,S (sleeping),router.bnsdq.ozxfs.rzona.kvugl,0.7044495727066192
1759302302,380,1,103,103,103,103,109,109,109,109,227819520,227819520,208965632,135168,220090368,1,dbus-daemon,S (sleeping),router.bnsdq.ozxfs.rzona.kvugl,0.2906977194891557
1759302307,69005,1,N/A,N/A,N/A,N/A,N/A,N/A,N/A,N/A,1264619520,1264619520,17063936,135168,45826048,4,discern-proc-so,R (running),router.bnsdq.ozxfs.rzona.kvugl,2.496031999952563
1759302307,1,N/A,N/A,N/A,N/A,N/A,N/A,N/A,N/A,N/A,234930176,169349120,10833920,1056768,19689472,1,systemd,S (sleeping),router.bnsdq.ozxfs.rzona.kvugl,1.5411087505303536
1759302307,3366,1,N/A,N/A,N/A,N/A,N/A,N/A,N/A,N/A,1954459648,1931546624,36614144,135168,175190016,14,discern-network,S (sleeping),router.bnsdq.ozxfs.rzona.kvugl,1.3736873775871792
1759302308,73835,1,101,101,101,101,102,102,102,102,16568320,16564224,7368704,135168,626688,1,systemd-network,S (sleeping),router.bnsdq.ozxfs.rzona.kvugl,1.002568652404023
1759302308,380,1,103,103,103,103,109,109,109,109,228089856,228089856,208965632,135168,220360704,1,dbus-daemon,S (sleeping),router.bnsdq.ozxfs.rzona.kvugl,0.29079419694259945
1759302313,69005,1,N/A,N/A,N/A,N/A,N/A,N/A,N/A,N/A,1264619520,1264619520,17063936,135168,45826048,4,discern-proc-so,R (running),router.bnsdq.ozxfs.rzona.kvugl,2.4964332836477183
1759302313,1,N/A,N/A,N/A,N/A,N/A,N/A,N/A,N/A,N/A,234930176,169349120,10833920,1056768,19689472,1,systemd,S (sleeping),router.bnsdq.ozxfs.rzona.kvugl,1.5415054340235446
1759302313,3366,1,N/A,N/A,N/A,N/A,N/A,N/A,N/A,N/A,1954459648,1931546624,36614144,135168,175190016,14,discern-network,S (sleeping),router.bnsdq.ozxfs.rzona.kvugl,1.373078545351588
1759302313,73900,1,101,101,101,101,102,102,102,102,16568320,16568320,7360512,135168,630784,1,systemd-network,S (sleeping),router.bnsdq.ozxfs.rzona.kvugl,0.6369834216092615
1759302313,380,1,103,103,103,103,109,109,109,109,228225024,228225024,209235968,135168,220495872,1,dbus-daemon,S (sleeping),router.bnsdq.ozxfs.rzona.kvugl,0.29089080275613294
1759302318,69005,1,N/A,N/A,N/A,N/A,N/A,N/A,N/A,N/A,1264619520,1264619520,17063936,135168,45826048,4,discern-proc-so,R (running),router.bnsdq.ozxfs.rzona.kvugl,2.5019157561646588
1759302318,1,N/A,N/A,N/A,N/A,N/A,N/A,N/A,N/A,N/A,234930176,169238528,10833920,1056768,19578880,1,systemd,S (sleeping),router.bnsdq.ozxfs.rzona.kvugl,1.5411288042404223
1759302318,3366,1,N/A,N/A,N/A,N/A,N/A,N/A,N/A,N/A,1954459648,1931546624,36614144,135168,175190016,14,discern-network,S (sleeping),router.bnsdq.ozxfs.rzona.kvugl,1.3726637585202723
1759302318,73954,1,101,101,101,101,102,102,102,102,16568320,16564224,7426048,135168,626688,1,systemd-network,S (sleeping),router.bnsdq.ozxfs.rzona.kvugl,0.6966098070088412
1759302318,380,1,103,103,103,103,109,109,109,109,228360192,228360192,209506304,135168,220631040,1,dbus-daemon,S (sleeping),router.bnsdq.ozxfs.rzona.kvugl,0.2907943243173875
1759302323,69005,1,N/A,N/A,N/A,N/A,N/A,N/A,N/A,N/A,1264619520,1264619520,17063936,135168,45826048,4,discern-proc-so,S (sleeping),router.bnsdq.ozxfs.rzona.kvugl,2.4996859487443377
1759302323,1,N/A,N/A,N/A,N/A,N/A,N/A,N/A,N/A,N/A,234930176,169238528,10833920,1056768,19578880,1,systemd,S (sleeping),router.bnsdq.ozxfs.rzona.kvugl,1.5409515914654437
1759302323,3366,1,N/A,N/A,N/A,N/A,N/A,N/A,N/A,N/A,1954459648,1931546624,36614144,135168,175190016,14,discern-network,S (sleeping),router.bnsdq.ozxfs.rzona.kvugl,1.3722564015777687
1759302323,74019,1,101,101,101,101,102,102,102,102,16568320,16568320,7315456,135168,630784,1,systemd-network,S (sleeping),router.bnsdq.ozxfs.rzona.kvugl,0.6742938595449011
1759302323,380,1,103,103,103,103,109,109,109,109,228495360,228495360,209506304,135168,220766208,1,dbus-daemon,S (sleeping),router.bnsdq.ozxfs.rzona.kvugl,0.2906993903553594
1759302328,69005,1,N/A,N/A,N/A,N/A,N/A,N/A,N/A,N/A,1264619520,1264619520,17063936,135168,45826048,4,discern-proc-so,R (running),router.bnsdq.ozxfs.rzona.kvugl,2.5050138384673453
1759302328,1,N/A,N/A,N/A,N/A,N/A,N/A,N/A,N/A,N/A,234930176,169357312,10833920,1056768,19697664,1,systemd,S (sleeping),router.bnsdq.ozxfs.rzona.kvugl,1.5411516836177652
1759302328,3366,1,N/A,N/A,N/A,N/A,N/A,N/A,N/A,N/A,1954459648,1931546624,36614144,135168,175190016,14,discern-network,S (sleeping),router.bnsdq.ozxfs.rzona.kvugl,1.3714493381754413
1759302328,74073,1,101,101,101,101,102,102,102,102,16568320,16564224,7282688,135168,626688,1,systemd-network,S (sleeping),router.bnsdq.ozxfs.rzona.kvugl,0.3564437683718459
1759302328,380,1,103,103,103,103,109,109,109,109,228765696,228765696,209776640,135168,221036544,1,dbus-daemon,S (sleeping),router.bnsdq.ozxfs.rzona.kvugl,0.2906035620987988
1759302333,69005,1,N/A,N/A,N/A,N/A,N/A,N/A,N/A,N/A,1264619520,1264619520,17063936,135168,45826048,4,discern-proc-so,S (sleeping),router.bnsdq.ozxfs.rzona.kvugl,2.500377146023226
1759302333,74194,1,101,101,101,101,102,102,102,102,16568320,16568320,7278592,135168,630784,1,systemd-network,S (sleeping),router.bnsdq.ozxfs.rzona.kvugl,1.724087957255101
1759302333,1,N/A,N/A,N/A,N/A,N/A,N/A,N/A,N/A,N/A,234930176,169492480,10833920,1056768,19832832,1,systemd,S (sleeping),router.bnsdq.ozxfs.rzona.kvugl,1.540978650493102
1759302333,3366,1,N/A,N/A,N/A,N/A,N/A,N/A,N/A,N/A,1954459648,1931546624,36614144,135168,175190016,14,discern-network,S (sleeping),router.bnsdq.ozxfs.rzona.kvugl,1.3706526753647763
1759302333,380,1,103,103,103,103,109,109,109,109,229036032,229036032,210046976,135168,221306880,1,dbus-daemon,S (sleeping),router.bnsdq.ozxfs.rzona.kvugl,0.2907009753021046
1759302338,69005,1,N/A,N/A,N/A,N/A,N/A,N/A,N/A,N/A,1264619520,1264619520,17063936,135168,45826048,4,discern-proc-so,R (running),router.bnsdq.ozxfs.rzona.kvugl,2.498254169662141
1759302338,1,N/A,N/A,N/A,N/A,N/A,N/A,N/A,N/A,N/A,234930176,169238528,10833920,1056768,19578880,1,systemd,S (sleeping),router.bnsdq.ozxfs.rzona.kvugl,1.54118419266045
1759302338,3366,1,N/A,N/A,N/A,N/A,N/A,N/A,N/A,N/A,1954459648,1931546624,36614144,135168,175190016,14,discern-network,S (sleeping),router.bnsdq.ozxfs.rzona.kvugl,1.3702487850110892
1759302338,74258,1,101,101,101,101,102,102,102,102,16568320,16568320,7311360,135168,630784,1,systemd-network,S (sleeping),router.bnsdq.ozxfs.rzona.kvugl,1.0625003020821173
1759302338,380,1,103,103,103,103,109,109,109,109,229171200,229171200,210317312,135168,221442048,1,dbus-daemon,S (sleeping),router.bnsdq.ozxfs.rzona.kvugl,0.2906064503533
1759302344,69005,1,N/A,N/A,N/A,N/A,N/A,N/A,N/A,N/A,1264619520,1264619520,17063936,135168,45826048,4,discern-proc-so,S (sleeping),router.bnsdq.ozxfs.rzona.kvugl,2.496178134071344
1759302344,1,N/A,N/A,N/A,N/A,N/A,N/A,N/A,N/A,N/A,234930176,169627648,10833920,1056768,19968000,1,systemd,S (sleeping),router.bnsdq.ozxfs.rzona.kvugl,1.540816648271674
1759302344,3366,1,N/A,N/A,N/A,N/A,N/A,N/A,N/A,N/A,1954459648,1931546624,36614144,135168,175190016,14,discern-network,S (sleeping),router.bnsdq.ozxfs.rzona.kvugl,1.369648292504443
1759302344,74312,1,101,101,101,101,102,102,102,102,16568320,16564224,7368704,135168,626688,1,systemd-network,S (sleeping),router.bnsdq.ozxfs.rzona.kvugl,0.9873681007722458
1759302344,380,1,103,103,103,103,109,109,109,109,229449728,229449728,210587648,135168,221720576,1,dbus-daemon,S (sleeping),router.bnsdq.ozxfs.rzona.kvugl,0.2907029077565968
1759302349,69005,1,N/A,N/A,N/A,N/A,N/A,N/A,N/A,N/A,1264619520,1264619520,17063936,135168,45826048,4,discern-proc-so,R (running),router.bnsdq.ozxfs.rzona.kvugl,2.501328703072753
1759302349,1,N/A,N/A,N/A,N/A,N/A,N/A,N/A,N/A,N/A,234930176,169357312,10833920,1056768,19697664,1,systemd,S (sleeping),router.bnsdq.ozxfs.rzona.kvugl,1.5427333763583513
1759302349,3366,1,N/A,N/A,N/A,N/A,N/A,N/A,N/A,N/A,1954459648,1931546624,36614144,135168,175190016,14,discern-network,S (sleeping),router.bnsdq.ozxfs.rzona.kvugl,1.3692427445485005
1759302349,74371,1,101,101,101,101,102,102,102,102,16568320,16568320,7282688,135168,630784,1,systemd-network,S (sleeping),router.bnsdq.ozxfs.rzona.kvugl,0.9172677288190346
1759302349,380,1,103,103,103,103,109,109,109,109,229613568,229613568,210857984,135168,221884416,1,dbus-daemon,S (sleeping),router.bnsdq.ozxfs.rzona.kvugl,0.2907985346096764
1759302354,69005,1,N/A,N/A,N/A,N/A,N/A,N/A,N/A,N/A,1264619520,1264619520,17063936,135168,45826048,4,discern-proc-so,S (sleeping),router.bnsdq.ozxfs.rzona.kvugl,2.501609382613893
1759302354,1,N/A,N/A,N/A,N/A,N/A,N/A,N/A,N/A,N/A,234930176,169357312,10833920,1056768,19697664,1,systemd,S (sleeping),router.bnsdq.ozxfs.rzona.kvugl,1.5423630588597412
1759302354,3366,1,N/A,N/A,N/A,N/A,N/A,N/A,N/A,N/A,1954459648,1931546624,36614144,135168,175190016,14,discern-network,S (sleeping),router.bnsdq.ozxfs.rzona.kvugl,1.3682493882923323
1759302354,74431,1,101,101,101,101,102,102,102,102,16568320,16564224,7446528,135168,626688,1,systemd-network,S (sleeping),router.bnsdq.ozxfs.rzona.kvugl,0.9008079459067831
1759302354,380,1,103,103,103,103,109,109,109,109,229748736,229748736,210857984,135168,222019584,1,dbus-daemon,S (sleeping),router.bnsdq.ozxfs.rzona.kvugl,0.2905132412669052
1759302359,69005,1,N/A,N/A,N/A,N/A,N/A,N/A,N/A,N/A,1264619520,1264619520,17063936,135168,45826048,4,discern-proc-so,R (running),router.bnsdq.ozxfs.rzona.kvugl,2.5018902379953123
1759302359,1,N/A,N/A,N/A,N/A,N/A,N/A,N/A,N/A,N/A,234930176,169492480,10833920,1056768,19832832,1,systemd,S (sleeping),router.bnsdq.ozxfs.rzona.kvugl,1.5425643629521522
1759302359,3366,1,N/A,N/A,N/A,N/A,N/A,N/A,N/A,N/A,1954459648,1931546624,36614144,135168,175190016,14,discern-network,S (sleeping),router.bnsdq.ozxfs.rzona.kvugl,1.368044073958664
1759302359,74486,1,101,101,101,101,102,102,102,102,16568320,16564224,7454720,135168,626688,1,systemd-network,S (sleeping),router.bnsdq.ozxfs.rzona.kvugl,0.8622239522547832
1759302359,380,1,103,103,103,103,109,109,109,109,229912576,229912576,211128320,135168,222183424,1,dbus-daemon,S (sleeping),router.bnsdq.ozxfs.rzona.kvugl,0.29079949917878634
1759302364,69005,1,N/A,N/A,N/A,N/A,N/A,N/A,N/A,N/A,1264619520,1264619520,17063936,135168,45826048,4,discern-proc-so,S (sleeping),router.bnsdq.ozxfs.rzona.kvugl,2.5043905215498943
1759302364,1,N/A,N/A,N/A,N/A,N/A,N/A,N/A,N/A,N/A,234930176,169492480,10833920,1056768,19832832,1,systemd,S (sleeping),router.bnsdq.ozxfs.rzona.kvugl,1.5421901217540621
1759302364,3366,1,N/A,N/A,N/A,N/A,N/A,N/A,N/A,N/A,1954459648,1931546624,36614144,135168,175190016,14,discern-network,S (sleeping),router.bnsdq.ozxfs.rzona.kvugl,1.3672457639443492
1759302364,74551,1,101,101,101,101,102,102,102,102,16568320,16564224,7503872,135168,626688,1,systemd-network,S (sleeping),router.bnsdq.ozxfs.rzona.kvugl,0.8228633146893608
1759302364,380,1,103,103,103,103,109,109,109,109,230191104,230191104,211398656,135168,222461952,1,dbus-daemon,S (sleeping),router.bnsdq.ozxfs.rzona.kvugl,0.2907039799728397
1759302369,69005,1,N/A,N/A,N/A,N/A,N/A,N/A,N/A,N/A,1264619520,1264619520,17063936,135168,45826048,4,discern-proc-so,S (sleeping),router.bnsdq.ozxfs.rzona.kvugl,2.5046131544088146
1759302369,1,N/A,N/A,N/A,N/A,N/A,N/A,N/A,N/A,N/A,234930176,169238528,10833920,1056768,19578880,1,systemd,S (sleeping),router.bnsdq.ozxfs.rzona.kvugl,1.5420105842784873
1759302369,3366,1,N/A,N/A,N/A,N/A,N/A,N/A,N/A,N/A,1954459648,1931546624,36614144,135168,175190016,14,discern-network,S (sleeping),router.bnsdq.ozxfs.rzona.kvugl,1.3668449450314508
1759302369,74616,1,101,101,101,101,102,102,102,102,16568320,16564224,7237632,135168,626688,1,systemd-network,S (sleeping),router.bnsdq.ozxfs.rzona.kvugl,0.789857168803838
1759302369,380,1,103,103,103,103,109,109,109,109,230326272,230326272,212119552,135168,222597120,1,dbus-daemon,S (sleeping),router.bnsdq.ozxfs.rzona.kvugl,0.2906094257243884
1759302374,69005,1,N/A,N/A,N/A,N/A,N/A,N/A,N/A,N/A,1264619520,1264619520,17063936,135168,45826048,4,discern-proc-so,R (running),router.bnsdq.ozxfs.rzona.kvugl,2.5069485115418355
1759302374,1,N/A,N/A,N/A,N/A,N/A,N/A,N/A,N/A,N/A,234930176,169238528,10833920,1056768,19578880,1,systemd,S (sleeping),router.bnsdq.ozxfs.rzona.kvugl,1.542202741735396
1759302374,3366,1,N/A,N/A,N/A,N/A,N/A,N/A,N/A,N/A,1954459648,1931546624,36614144,135168,175190016,14,discern-network,S (sleeping),router.bnsdq.ozxfs.rzona.kvugl,1.366045999892999
1759302374,74668,1,101,101,101,101,102,102,102,102,16568320,16564224,7397376,135168,626688,1,systemd-network,S (sleeping),router.bnsdq.ozxfs.rzona.kvugl,0.40180271738386214
1759302374,380,1,103,103,103,103,109,109,109,109,230461440,230461440,212389888,135168,222732288,1,dbus-daemon,S (sleeping),router.bnsdq.ozxfs.rzona.kvugl,0.2907033174786483
1759302380,69005,1,N/A,N/A,N/A,N/A,N/A,N/A,N/A,N/A,1264619520,1264619520,17063936,135168,45826048,4,discern-proc-so,S (sleeping),router.bnsdq.ozxfs.rzona.kvugl,2.5002448975724842
1759302380,1,N/A,N/A,N/A,N/A,N/A,N/A,N/A,N/A,N/A,234930176,169238528,10833920,1056768,19578880,1,systemd,R (running),router.bnsdq.ozxfs.rzona.kvugl,1.5420156061848485
1759302380,3366,1,N/A,N/A,N/A,N/A,N/A,N/A,N/A,N/A,1954459648,1931546624,36614144,135168,175190016,14,discern-network,S (sleeping),router.bnsdq.ozxfs.rzona.kvugl,1.3656399146179181
1759302386,74883,1,N/A,N/A,N/A,N/A,N/A,N/A,N/A,N/A,1264357376,1264357376,16482304,135168,45563904,4,discern-proc-so,S (sleeping),router.bnsdq.ozxfs.rzona.kvugl,3.6735560806797847
1759302386,1,N/A,N/A,N/A,N/A,N/A,N/A,N/A,N/A,N/A,234930176,169238528,10833920,1056768,19578880,1,systemd,S (sleeping),router.bnsdq.ozxfs.rzona.kvugl,1.5428544204612322
1759302386,3366,1,N/A,N/A,N/A,N/A,N/A,N/A,N/A,N/A,1954459648,1931546624,36614144,135168,175190016,14,discern-network,S (sleeping),router.bnsdq.ozxfs.rzona.kvugl,1.3645704550576572
1759302386,74863,1,101,101,101,101,102,102,102,102,16568320,16568320,7569408,135168,630784,1,systemd-network,S (sleeping),router.bnsdq.ozxfs.rzona.kvugl,1.2704495234301394
1759302386,380,1,103,103,103,103,109,109,109,109,231010304,231010304,212905984,135168,223281152,1,dbus-daemon,S (sleeping),router.bnsdq.ozxfs.rzona.kvugl,0.29064475329054823
1759302391,74883,1,N/A,N/A,N/A,N/A,N/A,N/A,N/A,N/A,1264619520,1264619520,16912384,135168,45826048,4,discern-proc-so,R (running),router.bnsdq.ozxfs.rzona.kvugl,2.4580275741560924
1759302391,1,N/A,N/A,N/A,N/A,N/A,N/A,N/A,N/A,N/A,234930176,169357312,10833920,1056768,19697664,1,systemd,S (sleeping),router.bnsdq.ozxfs.rzona.kvugl,1.5424871022000628
1759302391,3366,1,N/A,N/A,N/A,N/A,N/A,N/A,N/A,N/A,1954459648,1931546624,36614144,135168,175190016,14,discern-network,S (sleeping),router.bnsdq.ozxfs.rzona.kvugl,1.363589472867371
1759302391,74922,1,101,101,101,101,102,102,102,102,16568320,16568320,7495680,135168,630784,1,systemd-network,S (sleeping),router.bnsdq.ozxfs.rzona.kvugl,0.8548040655945923
1759302391,380,1,103,103,103,103,109,109,109,109,231145472,231145472,213176320,135168,223416320,1,dbus-daemon,S (sleeping),router.bnsdq.ozxfs.rzona.kvugl,0.29055087298647353
1759302396,74883,1,N/A,N/A,N/A,N/A,N/A,N/A,N/A,N/A,1264619520,1264619520,17076224,135168,45826048,4,discern-proc-so,S (sleeping),router.bnsdq.ozxfs.rzona.kvugl,2.3181964435309754
1759302396,1,N/A,N/A,N/A,N/A,N/A,N/A,N/A,N/A,N/A,234930176,169357312,10833920,1056768,19697664,1,systemd,S (sleeping),router.bnsdq.ozxfs.rzona.kvugl,1.5425012850339512
1759302396,3366,1,N/A,N/A,N/A,N/A,N/A,N/A,N/A,N/A,1954459648,1931546624,36614144,135168,175190016,14,discern-network,S (sleeping),router.bnsdq.ozxfs.rzona.kvugl,1.3626132402464775
1759302396,74978,1,101,101,101,101,102,102,102,102,16568320,16568320,7319552,135168,630784,1,systemd-network,S (sleeping),router.bnsdq.ozxfs.rzona.kvugl,0.8225213428317842
1759302396,380,1,103,103,103,103,109,109,109,109,231305216,231305216,213446656,135168,223576064,1,dbus-daemon,S (sleeping),router.bnsdq.ozxfs.rzona.kvugl,0.29064672665656877
1759302401,74883,1,N/A,N/A,N/A,N/A,N/A,N/A,N/A,N/A,1264619520,1264619520,17145856,135168,45826048,4,discern-proc-so,R (running),router.bnsdq.ozxfs.rzona.kvugl,2.4401293213000566
1759302401,1,N/A,N/A,N/A,N/A,N/A,N/A,N/A,N/A,N/A,234930176,169357312,10833920,1056768,19697664,1,systemd,S (sleeping),router.bnsdq.ozxfs.rzona.kvugl,1.5425103100210409
1759302401,3366,1,N/A,N/A,N/A,N/A,N/A,N/A,N/A,N/A,1954459648,1931546624,36614144,135168,175190016,14,discern-network,S (sleeping),router.bnsdq.ozxfs.rzona.kvugl,1.3618291035411605
1759302401,75039,1,101,101,101,101,102,102,102,102,16568320,16564224,7442432,135168,626688,1,systemd-network,S (sleeping),router.bnsdq.ozxfs.rzona.kvugl,0.7889045582894596
1759302401,380,1,103,103,103,103,109,109,109,109,231579648,231579648,213446656,135168,223850496,1,dbus-daemon,S (sleeping),router.bnsdq.ozxfs.rzona.kvugl,0.2905526292091846
1759302406,74883,1,N/A,N/A,N/A,N/A,N/A,N/A,N/A,N/A,1264619520,1264619520,17145856,135168,45826048,4,discern-proc-so,S (sleeping),router.bnsdq.ozxfs.rzona.kvugl,2.4156099041199104
1759302406,1,N/A,N/A,N/A,N/A,N/A,N/A,N/A,N/A,N/A,234930176,169357312,10833920,1056768,19697664,1,systemd,S (sleeping),router.bnsdq.ozxfs.rzona.kvugl,1.5423357987526363
1759302406,3366,1,N/A,N/A,N/A,N/A,N/A,N/A,N/A,N/A,1954459648,1931546624,36614144,135168,175190016,14,discern-network,S (sleeping),router.bnsdq.ozxfs.rzona.kvugl,1.361051094290917
1759302406,75106,1,101,101,101,101,102,102,102,102,16568320,16568320,7434240,135168,630784,1,systemd-network,S (sleeping),router.bnsdq.ozxfs.rzona.kvugl,0.507491744105276
1759302406,380,1,103,103,103,103,109,109,109,109,231714816,231714816,213716992,135168,223985664,1,dbus-daemon,S (sleeping),router.bnsdq.ozxfs.rzona.kvugl,0.2906482708692348
1759302412,74883,1,N/A,N/A,N/A,N/A,N/A,N/A,N/A,N/A,1264619520,1264619520,17162240,135168,45826048,4,discern-proc-so,S (sleeping),router.bnsdq.ozxfs.rzona.kvugl,2.4360056544975155
1759302412,1,N/A,N/A,N/A,N/A,N/A,N/A,N/A,N/A,N/A,234930176,169238528,10833920,1056768,19578880,1,systemd,S (sleeping),router.bnsdq.ozxfs.rzona.kvugl,1.5425340051315755
1759302412,3366,1,N/A,N/A,N/A,N/A,N/A,N/A,N/A,N/A,1954459648,1931546624,36614144,135168,175190016,14,discern-network,S (sleeping),router.bnsdq.ozxfs.rzona.kvugl,1.36007632104726
1759302412,75162,1,101,101,101,101,102,102,102,102,16568320,16564224,7323648,135168,626688,1,systemd-network,S (sleeping),router.bnsdq.ozxfs.rzona.kvugl,0.7852633607935637
1759302412,380,1,103,103,103,103,109,109,109,109,231849984,231849984,213987328,135168,224120832,1,dbus-daemon,S (sleeping),router.bnsdq.ozxfs.rzona.kvugl,0.29055449495860647
1759302417,74883,1,N/A,N/A,N/A,N/A,N/A,N/A,N/A,N/A,1264619520,1264619520,17162240,135168,45826048,4,discern-proc-so,S (sleeping),router.bnsdq.ozxfs.rzona.kvugl,2.294944186024222
1759302417,1,N/A,N/A,N/A,N/A,N/A,N/A,N/A,N/A,N/A,234930176,169627648,10833920,1056768,19968000,1,systemd,S (sleeping),router.bnsdq.ozxfs.rzona.kvugl,1.542544126314177
1759302417,3366,1,N/A,N/A,N/A,N/A,N/A,N/A,N/A,N/A,1954459648,1931546624,36614144,135168,175190016,14,discern-network,S (sleeping),router.bnsdq.ozxfs.rzona.kvugl,1.3592980542226716
1759302417,380,1,103,103,103,103,109,109,109,109,232120320,232120320,214257664,135168,224391168,1,dbus-daemon,S (sleeping),router.bnsdq.ozxfs.rzona.kvugl,0.29083744164331365
1759302417,285,1,102,102,102,102,103,103,103,103,24743936,24678400,12312576,135168,3698688,1,systemd-resolve,S (sleeping),router.bnsdq.ozxfs.rzona.kvugl,0.24622352686164914
1759302422,74883,1,N/A,N/A,N/A,N/A,N/A,N/A,N/A,N/A,1264619520,1264619520,17162240,135168,45826048,4,discern-proc-so,R (running),router.bnsdq.ozxfs.rzona.kvugl,2.242981163191028
1759302422,75346,1,101,101,101,101,102,102,102,102,16568320,16568320,7573504,135168,630784,1,systemd-network,S (sleeping),router.bnsdq.ozxfs.rzona.kvugl,2.068561549996172
1759302422,1,N/A,N/A,N/A,N/A,N/A,N/A,N/A,N/A,N/A,234930176,169238528,10833920,1056768,19578880,1,systemd,S (sleeping),router.bnsdq.ozxfs.rzona.kvugl,1.542538553553464
1759302422,3366,1,N/A,N/A,N/A,N/A,N/A,N/A,N/A,N/A,1954459648,1931546624,36614144,135168,175190016,14,discern-network,S (sleeping),router.bnsdq.ozxfs.rzona.kvugl,1.3583132018957584
1759302422,380,1,103,103,103,103,109,109,109,109,232259584,232259584,214257664,135168,224530432,1,dbus-daemon,S (sleeping),router.bnsdq.ozxfs.rzona.kvugl,0.29074082252252825
1759302427,74883,1,N/A,N/A,N/A,N/A,N/A,N/A,N/A,N/A,1264619520,1264619520,17162240,135168,45826048,4,discern-proc-so,S (sleeping),router.bnsdq.ozxfs.rzona.kvugl,2.2305712384190675
1759302427,75403,1,101,101,101,101,102,102,102,102,16568320,16564224,7335936,135168,626688,1,systemd-network,S (sleeping),router.bnsdq.ozxfs.rzona.kvugl,1.544341004445358
1759302427,1,N/A,N/A,N/A,N/A,N/A,N/A,N/A,N/A,N/A,234930176,169357312,10833920,1056768,19697664,1,systemd,S (sleeping),router.bnsdq.ozxfs.rzona.kvugl,1.5425520324157724
1759302427,3366,1,N/A,N/A,N/A,N/A,N/A,N/A,N/A,N/A,1954459648,1931546624,36614144,135168,175190016,14,discern-network,S (sleeping),router.bnsdq.ozxfs.rzona.kvugl,1.3573475636925585
1759302427,380,1,103,103,103,103,109,109,109,109,232529920,232529920,214528000,135168,224800768,1,dbus-daemon,S (sleeping),router.bnsdq.ozxfs.rzona.kvugl,0.2906479507947372
1759302432,74883,1,N/A,N/A,N/A,N/A,N/A,N/A,N/A,N/A,1264619520,1264619520,17166336,135168,45826048,4,discern-proc-so,R (running),router.bnsdq.ozxfs.rzona.kvugl,2.2414369233026226
1759302432,1,N/A,N/A,N/A,N/A,N/A,N/A,N/A,N/A,N/A,234930176,169357312,10833920,1056768,19697664,1,systemd,S (sleeping),router.bnsdq.ozxfs.rzona.kvugl,1.5427509342033179
1759302432,3366,1,N/A,N/A,N/A,N/A,N/A,N/A,N/A,N/A,1954459648,1931546624,36614144,135168,175190016,14,discern-network,S (sleeping),router.bnsdq.ozxfs.rzona.kvugl,1.356575561205207
1759302432,75467,1,101,101,101,101,102,102,102,102,16568320,16564224,7356416,135168,626688,1,systemd-network,S (sleeping),router.bnsdq.ozxfs.rzona.kvugl,1.0958794329491544
1759302432,380,1,103,103,103,103,109,109,109,109,232665088,232665088,214798336,135168,224935936,1,dbus-daemon,S (sleeping),router.bnsdq.ozxfs.rzona.kvugl,0.2905548488510859
1759302437,74883,1,N/A,N/A,N/A,N/A,N/A,N/A,N/A,N/A,1264619520,1264619520,17166336,135168,45826048,4,discern-proc-so,R (running),router.bnsdq.ozxfs.rzona.kvugl,2.306495160339614
1759302437,1,N/A,N/A,N/A,N/A,N/A,N/A,N/A,N/A,N/A,234930176,169357312,10833920,1056768,19697664,1,systemd,S (sleeping),router.bnsdq.ozxfs.rzona.kvugl,1.5423844035740384
1759302437,3366,1,N/A,N/A,N/A,N/A,N/A,N/A,N/A,N/A,1954459648,1931546624,36614144,135168,175190016,14,discern-network,S (sleeping),router.bnsdq.ozxfs.rzona.kvugl,1.3558025356616912
1759302437,75525,1,101,101,101,101,102,102,102,102,16568320,16564224,7389184,135168,626688,1,systemd-network,S (sleeping),router.bnsdq.ozxfs.rzona.kvugl,1.0364852756938012
1759302437,380,1,103,103,103,103,109,109,109,109,232943616,232943616,215068672,135168,225214464,1,dbus-daemon,S (sleeping),router.bnsdq.ozxfs.rzona.kvugl,0.2906489153236985
1759302443,74883,1,N/A,N/A,N/A,N/A,N/A,N/A,N/A,N/A,1264619520,1264619520,17166336,135168,45826048,4,discern-proc-so,S (sleeping),router.bnsdq.ozxfs.rzona.kvugl,2.3087263585023594
1759302443,1,N/A,N/A,N/A,N/A,N/A,N/A,N/A,N/A,N/A,234930176,169357312,10833920,1056768,19697664,1,systemd,S (sleeping),router.bnsdq.ozxfs.rzona.kvugl,1.5425832470616023
1759302443,3366,1,N/A,N/A,N/A,N/A,N/A,N/A,N/A,N/A,1954459648,1931546624,36614144,135168,175190016,14,discern-network,S (sleeping),router.bnsdq.ozxfs.rzona.kvugl,1.3548404785503527
1759302443,75589,1,101,101,101,101,102,102,102,102,16568320,16564224,7434240,135168,626688,1,systemd-network,S (sleeping),router.bnsdq.ozxfs.rzona.kvugl,0.6576839342134952
1759302443,380,1,103,103,103,103,109,109,109,109,233078784,233078784,215068672,135168,225349632,1,dbus-daemon,S (sleeping),router.bnsdq.ozxfs.rzona.kvugl,0.2905560256348542
1759302448,74883,1,N/A,N/A,N/A,N/A,N/A,N/A,N/A,N/A,1264619520,1264619520,17166336,135168,45826048,4,discern-proc-so,R (running),router.bnsdq.ozxfs.rzona.kvugl,2.373098178817641
1759302448,1,N/A,N/A,N/A,N/A,N/A,N/A,N/A,N/A,N/A,234930176,169357312,10833920,1056768,19697664,1,systemd,S (sleeping),router.bnsdq.ozxfs.rzona.kvugl,1.5424014672135165
1759302448,3366,1,N/A,N/A,N/A,N/A,N/A,N/A,N/A,N/A,1954459648,1931546624,36614144,135168,175190016,14,discern-network,S (sleeping),router.bnsdq.ozxfs.rzona.kvugl,1.3540678512589044
1759302448,75644,1,101,101,101,101,102,102,102,102,16568320,16564224,7286784,135168,626688,1,systemd-network,S (sleeping),router.bnsdq.ozxfs.rzona.kvugl,0.7127923499914581
1759302448,380,1,103,103,103,103,109,109,109,109,233213952,233213952,215339008,135168,225484800,1,dbus-daemon,S (sleeping),router.bnsdq.ozxfs.rzona.kvugl,0.2904621606187163
1759302453,74883,1,N/A,N/A,N/A,N/A,N/A,N/A,N/A,N/A,1264619520,1264619520,17166336,135168,45826048,4,discern-proc-so,S (sleeping),router.bnsdq.ozxfs.rzona.kvugl,2.369855439788936
1759302453,1,N/A,N/A,N/A,N/A,N/A,N/A,N/A,N/A,N/A,234930176,169357312,10833920,1056768,19697664,1,systemd,S (sleeping),router.bnsdq.ozxfs.rzona.kvugl,1.5424120201581977
1759302453,3366,1,N/A,N/A,N/A,N/A,N/A,N/A,N/A,N/A,1954459648,1931546624,36614144,135168,175190016,14,discern-network,S (sleeping),router.bnsdq.ozxfs.rzona.kvugl,1.3533013701718182
1759302453,75708,1,101,101,101,101,102,102,102,102,16568320,16568320,7364608,135168,630784,1,systemd-network,S (sleeping),router.bnsdq.ozxfs.rzona.kvugl,0.6882182107603854
1759302453,380,1,103,103,103,103,109,109,109,109,233349120,233349120,215609344,135168,225619968,1,dbus-daemon,S (sleeping),router.bnsdq.ozxfs.rzona.kvugl,0.2905564013186462
1759302458,74883,1,N/A,N/A,N/A,N/A,N/A,N/A,N/A,N/A,1264619520,1264619520,17166336,135168,45826048,4,discern-proc-so,R (running),router.bnsdq.ozxfs.rzona.kvugl,2.3940344795376287
1759302458,1,N/A,N/A,N/A,N/A,N/A,N/A,N/A,N/A,N/A,234930176,169238528,10833920,1056768,19578880,1,systemd,S (sleeping),router.bnsdq.ozxfs.rzona.kvugl,1.5426071215890655
1759302458,3366,1,N/A,N/A,N/A,N/A,N/A,N/A,N/A,N/A,1954459648,1931546624,36614144,135168,175190016,14,discern-network,S (sleeping),router.bnsdq.ozxfs.rzona.kvugl,1.3525345361041643
1759302458,75762,1,101,101,101,101,102,102,102,102,16568320,16564224,7458816,135168,626688,1,systemd-network,S (sleeping),router.bnsdq.ozxfs.rzona.kvugl,0.36255574514381006
1759302458,380,1,103,103,103,103,109,109,109,109,233484288,233484288,215609344,135168,225755136,1,dbus-daemon,S (sleeping),router.bnsdq.ozxfs.rzona.kvugl,0.290463287145921
1759302463,75881,1,101,101,101,101,102,102,102,102,16568320,16564224,7262208,135168,626688,1,systemd-network,S (sleeping),router.bnsdq.ozxfs.rzona.kvugl,2.414712473165044
1759302463,74883,1,N/A,N/A,N/A,N/A,N/A,N/A,N/A,N/A,1264619520,1264619520,17166336,135168,45826048,4,discern-proc-so,R (running),router.bnsdq.ozxfs.rzona.kvugl,2.3901360733750825
1759302463,1,N/A,N/A,N/A,N/A,N/A,N/A,N/A,N/A,N/A,234930176,169627648,10833920,1056768,19968000,1,systemd,S (sleeping),router.bnsdq.ozxfs.rzona.kvugl,1.5424337018962928
1759302463,3366,1,N/A,N/A,N/A,N/A,N/A,N/A,N/A,N/A,1954459648,1931546624,36614144,135168,175190016,14,discern-network,S (sleeping),router.bnsdq.ozxfs.rzona.kvugl,1.3515811094592862
1759302463,380,1,103,103,103,103,109,109,109,109,233889792,233889792,216150016,135168,226160640,1,dbus-daemon,S (sleeping),router.bnsdq.ozxfs.rzona.kvugl,0.29055788237118296
1759302468,74883,1,N/A,N/A,N/A,N/A,N/A,N/A,N/A,N/A,1264619520,1264619520,17166336,135168,45826048,4,discern-proc-so,S (sleeping),router.bnsdq.ozxfs.rzona.kvugl,2.3869036647954656
1759302468,1,N/A,N/A,N/A,N/A,N/A,N/A,N/A,N/A,N/A,234930176,169361408,10833920,1056768,19701760,1,systemd,S (sleeping),router.bnsdq.ozxfs.rzona.kvugl,1.5424488256024511
1759302468,3366,1,N/A,N/A,N/A,N/A,N/A,N/A,N/A,N/A,1954459648,1931546624,36614144,135168,175190016,14,discern-network,S (sleeping),router.bnsdq.ozxfs.rzona.kvugl,1.3508235742410821
1759302468,75946,1,101,101,101,101,102,102,102,102,16568320,16564224,7512064,135168,626688,1,systemd-network,S (sleeping),router.bnsdq.ozxfs.rzona.kvugl,1.1167296696697444
1759302468,380,1,103,103,103,103,109,109,109,109,234024960,234024960,216150016,135168,226295808,1,dbus-daemon,S (sleeping),router.bnsdq.ozxfs.rzona.kvugl,0.29065263073326536
1759302473,74883,1,N/A,N/A,N/A,N/A,N/A,N/A,N/A,N/A,1264619520,1264619520,17166336,135168,45826048,4,discern-proc-so,S (sleeping),router.bnsdq.ozxfs.rzona.kvugl,2.383626289529341
1759302473,1,N/A,N/A,N/A,N/A,N/A,N/A,N/A,N/A,N/A,234930176,169496576,10833920,1056768,19836928,1,systemd,S (sleeping),router.bnsdq.ozxfs.rzona.kvugl,1.5424594597839585
1759302473,3366,1,N/A,N/A,N/A,N/A,N/A,N/A,N/A,N/A,1954459648,1931546624,36614144,135168,175190016,14,discern-network,S (sleeping),router.bnsdq.ozxfs.rzona.kvugl,1.3498713880147697
1759302473,76000,1,101,101,101,101,102,102,102,102,16568320,16564224,7319552,135168,626688,1,systemd-network,S (sleeping),router.bnsdq.ozxfs.rzona.kvugl,1.030712297171358
1759302473,380,1,103,103,103,103,109,109,109,109,234299392,234299392,216420352,135168,226570240,1,dbus-daemon,S (sleeping),router.bnsdq.ozxfs.rzona.kvugl,0.29074637717458934
1759302479,74883,1,N/A,N/A,N/A,N/A,N/A,N/A,N/A,N/A,1264619520,1264619520,17166336,135168,45826048,4,discern-proc-so,S (sleeping),router.bnsdq.ozxfs.rzona.kvugl,2.391327435588797
1759302479,1,N/A,N/A,N/A,N/A,N/A,N/A,N/A,N/A,N/A,234930176,169238528,10833920,1056768,19578880,1,systemd,S (sleeping),router.bnsdq.ozxfs.rzona.kvugl,1.5420980180034234
1759302479,76065,1,101,101,101,101,102,102,102,102,16568320,16568320,7389184,135168,630784,1,systemd-network,S (sleeping),router.bnsdq.ozxfs.rzona.kvugl,1.435261066950515
1759302479,3366,1,N/A,N/A,N/A,N/A,N/A,N/A,N/A,N/A,1954459648,1931546624,36614144,135168,175190016,14,discern-network,S (sleeping),router.bnsdq.ozxfs.rzona.kvugl,1.3489209487711125
1759302479,380,1,103,103,103,103,109,109,109,109,234434560,234434560,216690688,135168,226705408,1,dbus-daemon,S (sleeping),router.bnsdq.ozxfs.rzona.kvugl,0.29065383547829454
1759302484,74883,1,N/A,N/A,N/A,N/A,N/A,N/A,N/A,N/A,1264619520,1264619520,17166336,135168,45826048,4,discern-proc-so,S (sleeping),router.bnsdq.ozxfs.rzona.kvugl,2.398085866820089
1759302484,1,N/A,N/A,N/A,N/A,N/A,N/A,N/A,N/A,N/A,234930176,169238528,10833920,1056768,19578880,1,systemd,S (sleeping),router.bnsdq.ozxfs.rzona.kvugl,1.541735572520134
1759302484,3366,1,N/A,N/A,N/A,N/A,N/A,N/A,N/A,N/A,1954459648,1931546624,36614144,135168,175190016,14,discern-network,S (sleeping),router.bnsdq.ozxfs.rzona.kvugl,1.3481626654527685
1759302484,76119,1,101,101,101,101,102,102,102,102,16568320,16564224,7323648,135168,626688,1,systemd-network,S (sleeping),router.bnsdq.ozxfs.rzona.kvugl,0.9241721432753611
1759302484,380,1,103,103,103,103,109,109,109,109,234569728,234569728,216690688,135168,226840576,1,dbus-daemon,S (sleeping),router.bnsdq.ozxfs.rzona.kvugl,0.2905611544120042
1759302489,74883,1,N/A,N/A,N/A,N/A,N/A,N/A,N/A,N/A,1264619520,1264619520,17166336,135168,45826048,4,discern-proc-so,S (sleeping),router.bnsdq.ozxfs.rzona.kvugl,2.4045471693415186
1759302489,1,N/A,N/A,N/A,N/A,N/A,N/A,N/A,N/A,N/A,234930176,169238528,10833920,1056768,19578880,1,systemd,S (sleeping),router.bnsdq.ozxfs.rzona.kvugl,1.5415640397771029
1759302489,3366,1,N/A,N/A,N/A,N/A,N/A,N/A,N/A,N/A,1954459648,1931546624,36614144,135168,175190016,14,discern-network,S (sleeping),router.bnsdq.ozxfs.rzona.kvugl,1.3472184486270022
1759302489,76184,1,101,101,101,101,102,102,102,102,16568320,16568320,7426048,135168,630784,1,systemd-network,S (sleeping),router.bnsdq.ozxfs.rzona.kvugl,0.8860367737932253
1759302489,380,1,103,103,103,103,109,109,109,109,234704896,234704896,216961024,135168,226975744,1,dbus-daemon,S (sleeping),router.bnsdq.ozxfs.rzona.kvugl,0.29065524033085927
1759302494,74883,1,N/A,N/A,N/A,N/A,N/A,N/A,N/A,N/A,1264619520,1264619520,17166336,135168,45826048,4,discern-proc-so,R (running),router.bnsdq.ozxfs.rzona.kvugl,2.4191222498304343
1759302494,1,N/A,N/A,N/A,N/A,N/A,N/A,N/A,N/A,N/A,234930176,169373696,10833920,1056768,19714048,1,systemd,S (sleeping),router.bnsdq.ozxfs.rzona.kvugl,1.5415729649854075
1759302494,3366,1,N/A,N/A,N/A,N/A,N/A,N/A,N/A,N/A,1954459648,1931546624,36614144,135168,175190016,14,discern-network,S (sleeping),router.bnsdq.ozxfs.rzona.kvugl,1.3464626662027774
1759302494,76239,1,101,101,101,101,102,102,102,102,16568320,16564224,7270400,135168,626688,1,systemd-network,S (sleeping),router.bnsdq.ozxfs.rzona.kvugl,0.44012481712709317
1759302494,380,1,103,103,103,103,109,109,109,109,234979328,234979328,217231360,135168,227250176,1,dbus-daemon,S (sleeping),router.bnsdq.ozxfs.rzona.kvugl,0.290562601229678
1759302499,74883,1,N/A,N/A,N/A,N/A,N/A,N/A,N/A,N/A,1264619520,1264619520,17166336,135168,45826048,4,discern-proc-so,S (sleeping),router.bnsdq.ozxfs.rzona.kvugl,2.423825584177031
1759302499,1,N/A,N/A,N/A,N/A,N/A,N/A,N/A,N/A,N/A,234930176,169373696,10833920,1056768,19714048,1,systemd,S (sleeping),router.bnsdq.ozxfs.rzona.kvugl,1.5412134753965736
1759302499,3366,1,N/A,N/A,N/A,N/A,N/A,N/A,N/A,N/A,1954459648,1931546624,36614144,135168,175190016,14,discern-network,S (sleeping),router.bnsdq.ozxfs.rzona.kvugl,1.3455191138550953
1759302499,76304,1,101,101,101,101,102,102,102,102,16568320,16568320,7335936,135168,630784,1,systemd-network,S (sleeping),router.bnsdq.ozxfs.rzona.kvugl,0.42597709675993395
1759302499,380,1,103,103,103,103,109,109,109,109,235114496,235114496,217231360,135168,227385344,1,dbus-daemon,S (sleeping),router.bnsdq.ozxfs.rzona.kvugl,0.29047053540566714
1759302504,74883,1,N/A,N/A,N/A,N/A,N/A,N/A,N/A,N/A,1264619520,1264619520,17166336,135168,45826048,4,discern-proc-so,R (running),router.bnsdq.ozxfs.rzona.kvugl,2.452933349217103
1759302504,1,N/A,N/A,N/A,N/A,N/A,N/A,N/A,N/A,N/A,234930176,169373696,10833920,1056768,19714048,1,systemd,S (sleeping),router.bnsdq.ozxfs.rzona.kvugl,1.5415919047279816
1759302504,3366,1,N/A,N/A,N/A,N/A,N/A,N/A,N/A,N/A,1954459648,1931546624,36614144,135168,175190016,14,discern-network,S (sleeping),router.bnsdq.ozxfs.rzona.kvugl,1.3447656047631158
1759302504,76360,1,101,101,101,101,102,102,102,102,16568320,16564224,7254016,135168,626688,1,systemd-network,S (sleeping),router.bnsdq.ozxfs.rzona.kvugl,0.34148345632318455
1759302504,380,1,103,103,103,103,109,109,109,109,235249664,235249664,217501696,135168,227520512,1,dbus-daemon,S (sleeping),router.bnsdq.ozxfs.rzona.kvugl,0.29037806554381435
1759302510,74883,1,N/A,N/A,N/A,N/A,N/A,N/A,N/A,N/A,1264619520,1264619520,17166336,135168,45826048,4,discern-proc-so,S (sleeping),router.bnsdq.ozxfs.rzona.kvugl,2.439868403979964
1759302510,76476,1,101,101,101,101,102,102,102,102,16568320,16564224,7294976,135168,626688,1,systemd-network,S (sleeping),router.bnsdq.ozxfs.rzona.kvugl,1.9863879290979687
1759302510,1,N/A,N/A,N/A,N/A,N/A,N/A,N/A,N/A,N/A,234930176,169373696,10833920,1056768,19714048,1,systemd,S (sleeping),router.bnsdq.ozxfs.rzona.kvugl,1.541787952527198
1759302510,3366,1,N/A,N/A,N/A,N/A,N/A,N/A,N/A,N/A,1954459648,1931546624,36614144,135168,175190016,14,discern-network,S (sleeping),router.bnsdq.ozxfs.rzona.kvugl,1.3438256855049324
1759302510,380,1,103,103,103,103,109,109,109,109,235655168,235655168,217772032,135168,227926016,1,dbus-daemon,S (sleeping),router.bnsdq.ozxfs.rzona.kvugl,0.2906564098701065
1759302515,74883,1,N/A,N/A,N/A,N/A,N/A,N/A,N/A,N/A,1264619520,1264619520,17166336,135168,45826048,4,discern-proc-so,R (running),router.bnsdq.ozxfs.rzona.kvugl,2.4508993723557
1759302515,76547,1,101,101,101,101,102,102,102,102,16568320,16568320,7475200,135168,630784,1,systemd-network,S (sleeping),router.bnsdq.ozxfs.rzona.kvugl,1.7295018647739886
1759302515,1,N/A,N/A,N/A,N/A,N/A,N/A,N/A,N/A,N/A,234930176,169373696,10833920,1056768,19714048,1,systemd,S (sleeping),router.bnsdq.ozxfs.rzona.kvugl,1.541983867733201
1759302515,3366,1,N/A,N/A,N/A,N/A,N/A,N/A,N/A,N/A,1954459648,1931546624,36614144,135168,175190016,14,discern-network,S (sleeping),router.bnsdq.ozxfs.rzona.kvugl,1.3432690891396564
1759302515,380,1,103,103,103,103,109,109,109,109,235819008,235819008,218042368,135168,228089856,1,dbus-daemon,S (sleeping),router.bnsdq.ozxfs.rzona.kvugl,0.29056459663647494
1759302520,74883,1,N/A,N/A,N/A,N/A,N/A,N/A,N/A,N/A,1264619520,1264619520,17166336,135168,45826048,4,discern-proc-so,S (sleeping),router.bnsdq.ozxfs.rzona.kvugl,2.4389884717852506
1759302520,1,N/A,N/A,N/A,N/A,N/A,N/A,N/A,N/A,N/A,234930176,169627648,10833920,1056768,19968000,1,systemd,S (sleeping),router.bnsdq.ozxfs.rzona.kvugl,1.541995968841715
1759302520,3366,1,N/A,N/A,N/A,N/A,N/A,N/A,N/A,N/A,1954459648,1931546624,36614144,135168,175190016,14,discern-network,S (sleeping),router.bnsdq.ozxfs.rzona.kvugl,1.342333713594106
1759302520,76597,1,101,101,101,101,102,102,102,102,16568320,16564224,7266304,135168,626688,1,systemd-network,S (sleeping),router.bnsdq.ozxfs.rzona.kvugl,1.3030225614968665
1759302520,380,1,103,103,103,103,109,109,109,109,235954176,235954176,218312704,135168,228225024,1,dbus-daemon,S (sleeping),router.bnsdq.ozxfs.rzona.kvugl,0.29065781922814443
1759302525,74883,1,N/A,N/A,N/A,N/A,N/A,N/A,N/A,N/A,1264619520,1264619520,17166336,135168,45826048,4,discern-proc-so,S (sleeping),router.bnsdq.ozxfs.rzona.kvugl,2.435281994033701
1759302525,1,N/A,N/A,N/A,N/A,N/A,N/A,N/A,N/A,N/A,234930176,169238528,10833920,1056768,19578880,1,systemd,S (sleeping),router.bnsdq.ozxfs.rzona.kvugl,1.542380263885944
1759302525,3366,1,N/A,N/A,N/A,N/A,N/A,N/A,N/A,N/A,1954459648,1931546624,36614144,135168,175190016,14,discern-network,S (sleeping),router.bnsdq.ozxfs.rzona.kvugl,1.341593512676089
1759302525,76663,1,101,101,101,101,102,102,102,102,16568320,16564224,7249920,135168,626688,1,systemd-network,S (sleeping),router.bnsdq.ozxfs.rzona.kvugl,0.8210948283595543
1759302525,380,1,103,103,103,103,109,109,109,109,236118016,236118016,218583040,135168,228388864,1,dbus-daemon,S (sleeping),router.bnsdq.ozxfs.rzona.kvugl,0.2905670389630288
1759302530,74883,1,N/A,N/A,N/A,N/A,N/A,N/A,N/A,N/A,1264619520,1264619520,17166336,135168,45826048,4,discern-proc-so,R (running),router.bnsdq.ozxfs.rzona.kvugl,2.4383179276543245
1759302530,1,N/A,N/A,N/A,N/A,N/A,N/A,N/A,N/A,N/A,234930176,169373696,10833920,1056768,19714048,1,systemd,S (sleeping),router.bnsdq.ozxfs.rzona.kvugl,1.541836176094611
1759302530,3366,1,N/A,N/A,N/A,N/A,N/A,N/A,N/A,N/A,1954459648,1931546624,36614144,135168,175190016,14,discern-network,S (sleeping),router.bnsdq.ozxfs.rzona.kvugl,1.3406587710458109
1759302530,76717,1,101,101,101,101,102,102,102,102,16568320,16564224,7323648,135168,626688,1,systemd-network,S (sleeping),router.bnsdq.ozxfs.rzona.kvugl,0.8350741851151668
1759302530,380,1,103,103,103,103,109,109,109,109,236396544,236396544,218583040,135168,228667392,1,dbus-daemon,S (sleeping),router.bnsdq.ozxfs.rzona.kvugl,0.2906594945772145
1759302535,74883,1,N/A,N/A,N/A,N/A,N/A,N/A,N/A,N/A,1264619520,1264619520,17166336,135168,45826048,4,discern-proc-so,S (sleeping),router.bnsdq.ozxfs.rzona.kvugl,2.441204861239443
1759302535,1,N/A,N/A,N/A,N/A,N/A,N/A,N/A,N/A,N/A,234930176,169373696,10833920,1056768,19714048,1,systemd,S (sleeping),router.bnsdq.ozxfs.rzona.kvugl,1.5418462747279822
1759302535,3366,1,N/A,N/A,N/A,N/A,N/A,N/A,N/A,N/A,1954459648,1931546624,36614144,135168,175190016,14,discern-network,S (sleeping),router.bnsdq.ozxfs.rzona.kvugl,1.3397267995628404
1759302535,76775,1,101,101,101,101,102,102,102,102,16568320,16568320,7602176,135168,630784,1,systemd-network,S (sleeping),router.bnsdq.ozxfs.rzona.kvugl,0.800954713669671
1759302535,380,1,103,103,103,103,109,109,109,109,236531712,236531712,218853376,135168,228802560,1,dbus-daemon,S (sleeping),router.bnsdq.ozxfs.rzona.kvugl,0.2905678351527881
1759302540,74883,1,N/A,N/A,N/A,N/A,N/A,N/A,N/A,N/A,1264619520,1264619520,17166336,135168,45826048,4,discern-proc-so,R (running),router.bnsdq.ozxfs.rzona.kvugl,2.4438096664856985
1759302540,1,N/A,N/A,N/A,N/A,N/A,N/A,N/A,N/A,N/A,234930176,169373696,10833920,1056768,19714048,1,systemd,S (sleeping),router.bnsdq.ozxfs.rzona.kvugl,1.5420385458531856
1759302540,3366,1,N/A,N/A,N/A,N/A,N/A,N/A,N/A,N/A,1954459648,1931546624,36614144,135168,175190016,14,discern-network,S (sleeping),router.bnsdq.ozxfs.rzona.kvugl,1.3387951518476606
1759302540,76839,1,101,101,101,101,102,102,102,102,16568320,16568320,7393280,135168,630784,1,systemd-network,S (sleeping),router.bnsdq.ozxfs.rzona.kvugl,0.61168473118856
1759302540,380,1,103,103,103,103,109,109,109,109,236666880,236666880,219123712,135168,228937728,1,dbus-daemon,S (sleeping),router.bnsdq.ozxfs.rzona.kvugl,0.29065999358533356
1759302546,74883,1,N/A,N/A,N/A,N/A,N/A,N/A,N/A,N/A,1264619520,1264619520,17166336,135168,45826048,4,discern-proc-so,R (running),router.bnsdq.ozxfs.rzona.kvugl,2.452587550818851
1759302546,1,N/A,N/A,N/A,N/A,N/A,N/A,N/A,N/A,N/A,234930176,169373696,10833920,1056768,19714048,1,systemd,S (sleeping),router.bnsdq.ozxfs.rzona.kvugl,1.5418655345557601
1759302546,3366,1,N/A,N/A,N/A,N/A,N/A,N/A,N/A,N/A,1954459648,1931546624,36614144,135168,175190016,14,discern-network,S (sleeping),router.bnsdq.ozxfs.rzona.kvugl,1.3380570274968304
1759302546,76903,1,101,101,101,101,102,102,102,102,16568320,16564224,7290880,135168,626688,1,systemd-network,S (sleeping),router.bnsdq.ozxfs.rzona.kvugl,0.39567020547306103
1759302546,380,1,103,103,103,103,109,109,109,109,236937216,236937216,219123712,135168,229208064,1,dbus-daemon,S (sleeping),router.bnsdq.ozxfs.rzona.kvugl,0.29056865884852295
1759302551,74883,1,N/A,N/A,N/A,N/A,N/A,N/A,N/A,N/A,1264619520,1264619520,17166336,135168,45826048,4,discern-proc-so,R (running),router.bnsdq.ozxfs.rzona.kvugl,2.460657209101749
1759302551,1,N/A,N/A,N/A,N/A,N/A,N/A,N/A,N/A,N/A,234930176,169373696,10833920,1056768,19714048,1,systemd,S (sleeping),router.bnsdq.ozxfs.rzona.kvugl,1.5422402439497014
1759302551,3366,1,N/A,N/A,N/A,N/A,N/A,N/A,N/A,N/A,1954459648,1931546624,36614144,135168,175190016,14,discern-network,S (sleeping),router.bnsdq.ozxfs.rzona.kvugl,1.3373175279692704
1759302551,76956,1,101,101,101,101,102,102,102,102,16568320,16564224,7483392,135168,626688,1,systemd-network,S (sleeping),router.bnsdq.ozxfs.rzona.kvugl,0.5751463349756751
1759302551,380,1,103,103,103,103,109,109,109,109,237072384,237072384,219394048,135168,229343232,1,dbus-daemon,S (sleeping),router.bnsdq.ozxfs.rzona.kvugl,0.2904769025400532
1759302556,74883,1,N/A,N/A,N/A,N/A,N/A,N/A,N/A,N/A,1264619520,1264619520,17166336,135168,45826048,4,discern-proc-so,S (sleeping),router.bnsdq.ozxfs.rzona.kvugl,2.468473424804346
1759302556,1,N/A,N/A,N/A,N/A,N/A,N/A,N/A,N/A,N/A,234930176,169627648,10833920,1056768,19968000,1,systemd,S (sleeping),router.bnsdq.ozxfs.rzona.kvugl,1.5422521345060163
1759302556,77078,1,101,101,101,101,102,102,102,102,16568320,16564224,7352320,135168,626688,1,systemd-network,S (sleeping),router.bnsdq.ozxfs.rzona.kvugl,1.4693118861932606
1759302556,3366,1,N/A,N/A,N/A,N/A,N/A,N/A,N/A,N/A,1954459648,1931546624,36614144,135168,175190016,14,discern-network,S (sleeping),router.bnsdq.ozxfs.rzona.kvugl,1.3365835295036552
1759302556,380,1,103,103,103,103,109,109,109,109,237342720,237342720,219664384,135168,229613568,1,dbus-daemon,S (sleeping),router.bnsdq.ozxfs.rzona.kvugl,0.2907530598067504
1759302561,74883,1,N/A,N/A,N/A,N/A,N/A,N/A,N/A,N/A,1264619520,1264619520,17166336,135168,45826048,4,discern-proc-so,R (running),router.bnsdq.ozxfs.rzona.kvugl,2.464499062262466
1759302561,1,N/A,N/A,N/A,N/A,N/A,N/A,N/A,N/A,N/A,234930176,169353216,10833920,1056768,19693568,1,systemd,S (sleeping),router.bnsdq.ozxfs.rzona.kvugl,1.5422638989939932
1759302561,77142,1,101,101,101,101,102,102,102,102,16568320,16568320,7450624,135168,630784,1,systemd-network,S (sleeping),router.bnsdq.ozxfs.rzona.kvugl,1.3273047725728475
1759302561,3366,1,N/A,N/A,N/A,N/A,N/A,N/A,N/A,N/A,1954459648,1931546624,36614144,135168,175190016,14,discern-network,S (sleeping),router.bnsdq.ozxfs.rzona.kvugl,1.3360398240778666
1759302561,380,1,103,103,103,103,109,109,109,109,237477888,237477888,219934720,135168,229748736,1,dbus-daemon,S (sleeping),router.bnsdq.ozxfs.rzona.kvugl,0.2906621363620333
1759302566,74883,1,N/A,N/A,N/A,N/A,N/A,N/A,N/A,N/A,1264619520,1264619520,17166336,135168,45826048,4,discern-proc-so,S (sleeping),router.bnsdq.ozxfs.rzona.kvugl,2.460679749791794
1759302566,77197,1,101,101,101,101,102,102,102,102,16568320,16564224,7299072,135168,626688,1,systemd-network,S (sleeping),router.bnsdq.ozxfs.rzona.kvugl,1.881665789062133
1759302566,1,N/A,N/A,N/A,N/A,N/A,N/A,N/A,N/A,N/A,234930176,169365504,10833920,1056768,19705856,1,systemd,S (sleeping),router.bnsdq.ozxfs.rzona.kvugl,1.5422741878961832
1759302566,3366,1,N/A,N/A,N/A,N/A,N/A,N/A,N/A,N/A,1954459648,1931546624,36614144,135168,175190016,14,discern-network,S (sleeping),router.bnsdq.ozxfs.rzona.kvugl,1.3351183950682513
1759302566,380,1,103,103,103,103,109,109,109,109,237748224,237748224,220205056,135168,230019072,1,dbus-daemon,S (sleeping),router.bnsdq.ozxfs.rzona.kvugl,0.2907542198782435
1759302571,74883,1,N/A,N/A,N/A,N/A,N/A,N/A,N/A,N/A,1264619520,1264619520,17166336,135168,45826048,4,discern-proc-so,R (running),router.bnsdq.ozxfs.rzona.kvugl,2.4677701706148536
1759302571,1,N/A,N/A,N/A,N/A,N/A,N/A,N/A,N/A,N/A,234930176,169365504,10833920,1056768,19705856,1,systemd,S (sleeping),router.bnsdq.ozxfs.rzona.kvugl,1.5431984682972935
1759302571,77262,1,101,101,101,101,102,102,102,102,16568320,16568320,7442432,135168,630784,1,systemd-network,S (sleeping),router.bnsdq.ozxfs.rzona.kvugl,1.4242305026886326
1759302571,3366,1,N/A,N/A,N/A,N/A,N/A,N/A,N/A,N/A,1954459648,1931546624,36614144,135168,175190016,14,discern-network,S (sleeping),router.bnsdq.ozxfs.rzona.kvugl,1.3345757859736767
1759302571,77272,202,N/A,N/A,N/A,N/A,N/A,N/A,N/A,N/A,23179264,22114304,3866624,135168,864256,1,systemd-udevd,S (sleeping),router.bnsdq.ozxfs.rzona.kvugl,0.35603267224961266
1759302576,74883,1,N/A,N/A,N/A,N/A,N/A,N/A,N/A,N/A,1264619520,1264619520,17166336,135168,45826048,4,discern-proc-so,S (sleeping),router.bnsdq.ozxfs.rzona.kvugl,2.4743066067954183
1759302576,1,N/A,N/A,N/A,N/A,N/A,N/A,N/A,N/A,N/A,234930176,169345024,10833920,1056768,19685376,1,systemd,S (sleeping),router.bnsdq.ozxfs.rzona.kvugl,1.5426559299096554
1759302576,3366,1,N/A,N/A,N/A,N/A,N/A,N/A,N/A,N/A,1954459648,1931546624,36614144,135168,175190016,14,discern-network,S (sleeping),router.bnsdq.ozxfs.rzona.kvugl,1.3336539875278386
1759302576,77317,1,101,101,101,101,102,102,102,102,16568320,16564224,7421952,135168,626688,1,systemd-network,S (sleeping),router.bnsdq.ozxfs.rzona.kvugl,0.7549673184185611
1759302576,380,1,103,103,103,103,109,109,109,109,238153728,238153728,220475392,135168,230424576,1,dbus-daemon,S (sleeping),router.bnsdq.ozxfs.rzona.kvugl,0.2905715556557692
1759302582,74883,1,N/A,N/A,N/A,N/A,N/A,N/A,N/A,N/A,1264619520,1264619520,17166336,135168,45826048,4,discern-proc-so,S (sleeping),router.bnsdq.ozxfs.rzona.kvugl,2.4756478532541486
1759302582,77427,1,101,101,101,101,102,102,102,102,16568320,16564224,7299072,135168,626688,1,systemd-network,S (sleeping),router.bnsdq.ozxfs.rzona.kvugl,1.8865999048420703
1759302582,1,N/A,N/A,N/A,N/A,N/A,N/A,N/A,N/A,N/A,234930176,169345024,10833920,1056768,19685376,1,systemd,S (sleeping),router.bnsdq.ozxfs.rzona.kvugl,1.5432142939796805
1759302582,3366,1,N/A,N/A,N/A,N/A,N/A,N/A,N/A,N/A,1954459648,1931546624,36614144,135168,175190016,14,discern-network,S (sleeping),router.bnsdq.ozxfs.rzona.kvugl,1.3329266687409063
1759302582,380,1,103,103,103,103,109,109,109,109,238424064,238424064,220745728,135168,230694912,1,dbus-daemon,S (sleeping),router.bnsdq.ozxfs.rzona.kvugl,0.2908462519048781
1759302587,74883,1,N/A,N/A,N/A,N/A,N/A,N/A,N/A,N/A,1264619520,1264619520,17166336,135168,45826048,4,discern-proc-so,R (running),router.bnsdq.ozxfs.rzona.kvugl,2.4815969083690534
1759302587,1,N/A,N/A,N/A,N/A,N/A,N/A,N/A,N/A,N/A,234930176,169345024,10833920,1056768,19685376,1,systemd,S (sleeping),router.bnsdq.ozxfs.rzona.kvugl,1.5437654606617026
1759302587,3366,1,N/A,N/A,N/A,N/A,N/A,N/A,N/A,N/A,1954459648,1931546624,36614144,135168,175190016,14,discern-network,S (sleeping),router.bnsdq.ozxfs.rzona.kvugl,1.3320072701963483
1759302587,77486,1,101,101,101,101,102,102,102,102,16568320,16564224,7413760,135168,626688,1,systemd-network,S (sleeping),router.bnsdq.ozxfs.rzona.kvugl,1.3103421526206014
1759302587,380,1,103,103,103,103,109,109,109,109,238694400,238694400,221016064,135168,230965248,1,dbus-daemon,S (sleeping),router.bnsdq.ozxfs.rzona.kvugl,0.2909368382203362
1759302592,77522,1,N/A,N/A,N/A,N/A,N/A,N/A,N/A,N/A,1332355072,1332355072,129126400,135168,163926016,4,discern-file-so,S (sleeping),router.bnsdq.ozxfs.rzona.kvugl,58.82534305126029
1759302592,74883,1,N/A,N/A,N/A,N/A,N/A,N/A,N/A,N/A,1264619520,1264619520,17166336,135168,45826048,4,discern-proc-so,S (sleeping),router.bnsdq.ozxfs.rzona.kvugl,2.4771787431231522
1759302592,1,N/A,N/A,N/A,N/A,N/A,N/A,N/A,N/A,N/A,234930176,169345024,10833920,1056768,19685376,1,systemd,S (sleeping),router.bnsdq.ozxfs.rzona.kvugl,1.5428483052059057
1759302592,3366,1,N/A,N/A,N/A,N/A,N/A,N/A,N/A,N/A,1954459648,1931546624,36614144,135168,175190016,14,discern-network,S (sleeping),router.bnsdq.ozxfs.rzona.kvugl,1.3310804733480992
1759302592,77549,1,101,101,101,101,102,102,102,102,16568320,16564224,7352320,135168,626688,1,systemd-network,S (sleeping),router.bnsdq.ozxfs.rzona.kvugl,1.1443706027328928
1759302597,77522,1,N/A,N/A,N/A,N/A,N/A,N/A,N/A,N/A,1467039744,1467039744,222744576,135168,281833472,4,discern-file-so,R (running),router.bnsdq.ozxfs.rzona.kvugl,63.769452991202684
1759302597,74883,1,N/A,N/A,N/A,N/A,N/A,N/A,N/A,N/A,1264619520,1264619520,17166336,135168,45826048,4,discern-proc-so,R (running),router.bnsdq.ozxfs.rzona.kvugl,2.472615594320061
1759302597,1,N/A,N/A,N/A,N/A,N/A,N/A,N/A,N/A,N/A,234930176,169345024,10833920,1056768,19685376,1,systemd,S (sleeping),router.bnsdq.ozxfs.rzona.kvugl,1.5422881279385836
1759302597,3366,1,N/A,N/A,N/A,N/A,N/A,N/A,N/A,N/A,1954459648,1931546624,36614144,135168,175190016,14,discern-network,S (sleeping),router.bnsdq.ozxfs.rzona.kvugl,1.3301477394884165
1759302597,77614,1,101,101,101,101,102,102,102,102,16568320,16564224,7204864,135168,626688,1,systemd-network,S (sleeping),router.bnsdq.ozxfs.rzona.kvugl,0.8038784532948966
1759302602,74883,1,N/A,N/A,N/A,N/A,N/A,N/A,N/A,N/A,1264619520,1264619520,17166336,135168,45826048,4,discern-proc-so,R (running),router.bnsdq.ozxfs.rzona.kvugl,2.472928384041108
1759302602,1,N/A,N/A,N/A,N/A,N/A,N/A,N/A,N/A,N/A,234930176,169357312,10833920,1056768,19697664,1,systemd,S (sleeping),router.bnsdq.ozxfs.rzona.kvugl,1.541730810606002
1759302602,3366,1,N/A,N/A,N/A,N/A,N/A,N/A,N/A,N/A,1954459648,1931546624,36614144,135168,175190016,14,discern-network,S (sleeping),router.bnsdq.ozxfs.rzona.kvugl,1.3292187148795016
1759302602,77669,1,101,101,101,101,102,102,102,102,16568320,16564224,7348224,135168,626688,1,systemd-network,S (sleeping),router.bnsdq.ozxfs.rzona.kvugl,0.8063693422582096
1759302602,380,1,103,103,103,103,109,109,109,109,239259648,239259648,221827072,135168,231530496,1,dbus-daemon,S (sleeping),router.bnsdq.ozxfs.rzona.kvugl,0.29065322865160903
1759302608,74883,1,N/A,N/A,N/A,N/A,N/A,N/A,N/A,N/A,1264619520,1264619520,17166336,135168,45826048,4,discern-proc-so,S (sleeping),router.bnsdq.ozxfs.rzona.kvugl,2.4697478929425802
1759302608,1,N/A,N/A,N/A,N/A,N/A,N/A,N/A,N/A,N/A,234930176,169357312,10833920,1056768,19697664,1,systemd,S (sleeping),router.bnsdq.ozxfs.rzona.kvugl,1.5415630494133539
1759302608,3366,1,N/A,N/A,N/A,N/A,N/A,N/A,N/A,N/A,1954459648,1931546624,36614144,135168,175190016,14,discern-network,S (sleeping),router.bnsdq.ozxfs.rzona.kvugl,1.328313786065783
1759302608,77734,1,101,101,101,101,102,102,102,102,16568320,16568320,7417856,135168,630784,1,systemd-network,S (sleeping),router.bnsdq.ozxfs.rzona.kvugl,0.5882344208778822
1759302608,380,1,103,103,103,103,109,109,109,109,239394816,239394816,221827072,135168,231665664,1,dbus-daemon,S (sleeping),router.bnsdq.ozxfs.rzona.kvugl,0.2905634950071826
1759302613,74883,1,N/A,N/A,N/A,N/A,N/A,N/A,N/A,N/A,1264619520,1264619520,17166336,135168,45826048,4,discern-proc-so,S (sleeping),router.bnsdq.ozxfs.rzona.kvugl,2.4752690756752003
1759302613,1,N/A,N/A,N/A,N/A,N/A,N/A,N/A,N/A,N/A,234930176,169357312,10833920,1056768,19697664,1,systemd,S (sleeping),router.bnsdq.ozxfs.rzona.kvugl,1.5415717841352514
1759302613,3366,1,N/A,N/A,N/A,N/A,N/A,N/A,N/A,N/A,1954459648,1931546624,36614144,135168,175190016,14,discern-network,S (sleeping),router.bnsdq.ozxfs.rzona.kvugl,1.3274059234144926
1759302613,77789,1,101,101,101,101,102,102,102,102,16568320,16564224,7393280,135168,626688,1,systemd-network,S (sleeping),router.bnsdq.ozxfs.rzona.kvugl,0.4793629924666615
1759302613,380,1,103,103,103,103,109,109,109,109,239529984,239529984,222097408,135168,231800832,1,dbus-daemon,S (sleeping),router.bnsdq.ozxfs.rzona.kvugl,0.2904729378048655
1759302618,74883,1,N/A,N/A,N/A,N/A,N/A,N/A,N/A,N/A,1264619520,1264619520,17166336,135168,45826048,4,discern-proc-so,R (running),router.bnsdq.ozxfs.rzona.kvugl,2.4763703996128443
1759302618,77911,1,101,101,101,101,102,102,102,102,16568320,16564224,7299072,135168,626688,1,systemd-network,S (sleeping),router.bnsdq.ozxfs.rzona.kvugl,2.1333749859154585
1759302618,1,N/A,N/A,N/A,N/A,N/A,N/A,N/A,N/A,N/A,234930176,169492480,10833920,1056768,19832832,1,systemd,S (sleeping),router.bnsdq.ozxfs.rzona.kvugl,1.5415833244819022
1759302618,3366,1,N/A,N/A,N/A,N/A,N/A,N/A,N/A,N/A,1954459648,1931546624,36614144,135168,175190016,14,discern-network,S (sleeping),router.bnsdq.ozxfs.rzona.kvugl,1.3270631242621223
1759302618,380,1,103,103,103,103,109,109,109,109,239947776,239947776,222367744,135168,232218624,1,dbus-daemon,S (sleeping),router.bnsdq.ozxfs.rzona.kvugl,0.2907458378155178
1759302623,74883,1,N/A,N/A,N/A,N/A,N/A,N/A,N/A,N/A,1264619520,1264619520,17166336,135168,45826048,4,discern-proc-so,S (sleeping),router.bnsdq.ozxfs.rzona.kvugl,2.481570998846684
1759302623,1,N/A,N/A,N/A,N/A,N/A,N/A,N/A,N/A,N/A,234930176,169238528,10833920,1056768,19578880,1,systemd,S (sleeping),router.bnsdq.ozxfs.rzona.kvugl,1.5417747971172058
1759302623,3366,1,N/A,N/A,N/A,N/A,N/A,N/A,N/A,N/A,1954459648,1931546624,36614144,135168,175190016,14,discern-network,S (sleeping),router.bnsdq.ozxfs.rzona.kvugl,1.3261596909687732
1759302623,77975,1,101,101,101,101,102,102,102,102,16568320,16564224,7331840,135168,626688,1,systemd-network,S (sleeping),router.bnsdq.ozxfs.rzona.kvugl,1.2829848723112578
1759302623,380,1,103,103,103,103,109,109,109,109,239947776,239947776,222638080,135168,232218624,1,dbus-daemon,S (sleeping),router.bnsdq.ozxfs.rzona.kvugl,0.2906555875750175
1759302628,74883,1,N/A,N/A,N/A,N/A,N/A,N/A,N/A,N/A,1264619520,1264619520,17166336,135168,45826048,4,discern-proc-so,R (running),router.bnsdq.ozxfs.rzona.kvugl,2.482504625781836
1759302628,1,N/A,N/A,N/A,N/A,N/A,N/A,N/A,N/A,N/A,234930176,169627648,10833920,1056768,19968000,1,systemd,S (sleeping),router.bnsdq.ozxfs.rzona.kvugl,1.541605549251959
1759302628,3366,1,N/A,N/A,N/A,N/A,N/A,N/A,N/A,N/A,1954459648,1931546624,36614144,135168,175190016,14,discern-network,S (sleeping),router.bnsdq.ozxfs.rzona.kvugl,1.3256324919593154
1759302628,78030,1,101,101,101,101,102,102,102,102,16568320,16564224,7237632,135168,626688,1,systemd-network,S (sleeping),router.bnsdq.ozxfs.rzona.kvugl,1.1087382896207547
1759302628,380,1,103,103,103,103,109,109,109,109,240222208,240222208,222908416,135168,232493056,1,dbus-daemon,S (sleeping),router.bnsdq.ozxfs.rzona.kvugl,0.29074683495030873
1759302633,74883,1,N/A,N/A,N/A,N/A,N/A,N/A,N/A,N/A,1264619520,1264619520,17166336,135168,45826048,4,discern-proc-so,R (running),router.bnsdq.ozxfs.rzona.kvugl,2.4834645540810922
1759302633,1,N/A,N/A,N/A,N/A,N/A,N/A,N/A,N/A,N/A,234930176,169238528,10833920,1056768,19578880,1,systemd,S (sleeping),router.bnsdq.ozxfs.rzona.kvugl,1.5419807343242355
1759302633,3366,1,N/A,N/A,N/A,N/A,N/A,N/A,N/A,N/A,1954459648,1931546624,36614144,135168,175190016,14,discern-network,S (sleeping),router.bnsdq.ozxfs.rzona.kvugl,1.3247351045273066
1759302633,78086,1,101,101,101,101,102,102,102,102,16568320,16568320,7430144,135168,630784,1,systemd-network,S (sleeping),router.bnsdq.ozxfs.rzona.kvugl,1.0540241860282589
1759302633,380,1,103,103,103,103,109,109,109,109,240357376,240357376,222908416,135168,232628224,1,dbus-daemon,S (sleeping),router.bnsdq.ozxfs.rzona.kvugl,0.2904765120655654
1759302639,74883,1,N/A,N/A,N/A,N/A,N/A,N/A,N/A,N/A,1264619520,1264619520,17166336,135168,45826048,4,discern-proc-so,S (sleeping),router.bnsdq.ozxfs.rzona.kvugl,2.495859659509853
1759302639,1,N/A,N/A,N/A,N/A,N/A,N/A,N/A,N/A,N/A,234930176,169238528,10833920,1056768,19578880,1,systemd,S (sleeping),router.bnsdq.ozxfs.rzona.kvugl,1.5418038541200254
1759302639,3366,1,N/A,N/A,N/A,N/A,N/A,N/A,N/A,N/A,1954459648,1931546624,36614144,135168,175190016,14,discern-network,S (sleeping),router.bnsdq.ozxfs.rzona.kvugl,1.323830976599787
1759302639,78147,1,101,101,101,101,102,102,102,102,16568320,16564224,7368704,135168,626688,1,systemd-network,S (sleeping),router.bnsdq.ozxfs.rzona.kvugl,0.4973888133061408
1759302639,380,1,103,103,103,103,109,109,109,109,240492544,240492544,223178752,135168,232763392,1,dbus-daemon,S (sleeping),router.bnsdq.ozxfs.rzona.kvugl,0.2905662938570199
1759302644,74883,1,N/A,N/A,N/A,N/A,N/A,N/A,N/A,N/A,1264619520,1264619520,17166336,135168,45826048,4,discern-proc-so,R (running),router.bnsdq.ozxfs.rzona.kvugl,2.492617040590303
1759302644,1,N/A,N/A,N/A,N/A,N/A,N/A,N/A,N/A,N/A,234930176,169238528,10833920,1056768,19578880,1,systemd,S (sleeping),router.bnsdq.ozxfs.rzona.kvugl,1.5438008954621703
1759302644,3366,1,N/A,N/A,N/A,N/A,N/A,N/A,N/A,N/A,1954459648,1931546624,36614144,135168,175190016,14,discern-network,S (sleeping),router.bnsdq.ozxfs.rzona.kvugl,1.3231220370826364
1759302644,78204,1,101,101,101,101,102,102,102,102,16568320,16568320,7524352,135168,630784,1,systemd-network,S (sleeping),router.bnsdq.ozxfs.rzona.kvugl,0.7201752427768418
1759302644,380,1,103,103,103,103,109,109,109,109,240762880,240762880,223449088,135168,233033728,1,dbus-daemon,S (sleeping),router.bnsdq.ozxfs.rzona.kvugl,0.29047695499828063
1759302649,74883,1,N/A,N/A,N/A,N/A,N/A,N/A,N/A,N/A,1264619520,1264619520,17166336,135168,45826048,4,discern-proc-so,R (running),router.bnsdq.ozxfs.rzona.kvugl,2.5007123298744425
1759302649,1,N/A,N/A,N/A,N/A,N/A,N/A,N/A,N/A,N/A,234930176,169484288,10833920,1056768,19824640,1,systemd,S (sleeping),router.bnsdq.ozxfs.rzona.kvugl,1.5439874696837608
1759302649,3366,1,N/A,N/A,N/A,N/A,N/A,N/A,N/A,N/A,1954459648,1931546624,36614144,135168,175190016,14,discern-network,S (sleeping),router.bnsdq.ozxfs.rzona.kvugl,1.322410839490096
1759302649,78253,1,101,101,101,101,102,102,102,102,16568320,16564224,7389184,135168,626688,1,systemd-network,S (sleeping),router.bnsdq.ozxfs.rzona.kvugl,0.5633741530257397
1759302649,380,1,103,103,103,103,109,109,109,109,240898048,240898048,223449088,135168,233168896,1,dbus-daemon,S (sleeping),router.bnsdq.ozxfs.rzona.kvugl,0.29038700844388643
1759302654,74883,1,N/A,N/A,N/A,N/A,N/A,N/A,N/A,N/A,1264619520,1264619520,17166336,135168,45826048,4,discern-proc-so,S (sleeping),router.bnsdq.ozxfs.rzona.kvugl,2.4973927833207212
1759302654,1,N/A,N/A,N/A,N/A,N/A,N/A,N/A,N/A,N/A,234930176,169238528,10833920,1056768,19578880,1,systemd,S (sleeping),router.bnsdq.ozxfs.rzona.kvugl,1.544174537963924
1759302654,3366,1,N/A,N/A,N/A,N/A,N/A,N/A,N/A,N/A,1954459648,1931546624,36614144,135168,175190016,14,discern-network,S (sleeping),router.bnsdq.ozxfs.rzona.kvugl,1.321701754538831
1759302654,78362,1,101,101,101,101,102,102,102,102,16568320,16564224,7217152,135168,626688,1,systemd-network,S (sleeping),router.bnsdq.ozxfs.rzona.kvugl,0.8060174987035722
1759302654,380,1,103,103,103,103,109,109,109,109,241168384,241168384,223719424,135168,233439232,1,dbus-daemon,S (sleeping),router.bnsdq.ozxfs.rzona.kvugl,0.2906577885485725
1759302659,74883,1,N/A,N/A,N/A,N/A,N/A,N/A,N/A,N/A,1264619520,1264619520,17166336,135168,45826048,4,discern-proc-so,S (sleeping),router.bnsdq.ozxfs.rzona.kvugl,2.4979848415996107
1759302659,78430,1,101,101,101,101,102,102,102,102,16568320,16564224,7229440,135168,626688,1,systemd-network,S (sleeping),router.bnsdq.ozxfs.rzona.kvugl,1.8501666812079487
1759302659,1,N/A,N/A,N/A,N/A,N/A,N/A,N/A,N/A,N/A,234930176,169238528,10833920,1056768,19578880,1,systemd,S (sleeping),router.bnsdq.ozxfs.rzona.kvugl,1.5443656680392144
1759302659,3366,1,N/A,N/A,N/A,N/A,N/A,N/A,N/A,N/A,1954459648,1931546624,36614144,135168,175190016,14,discern-network,S (sleeping),router.bnsdq.ozxfs.rzona.kvugl,1.3208123988950426
1759302659,380,1,103,103,103,103,109,109,109,109,241438720,241438720,223989760,135168,233709568,1,dbus-daemon,S (sleeping),router.bnsdq.ozxfs.rzona.kvugl,0.29056883556147267
1759302664,74883,1,N/A,N/A,N/A,N/A,N/A,N/A,N/A,N/A,1264619520,1264619520,17166336,135168,45826048,4,discern-proc-so,R (running),router.bnsdq.ozxfs.rzona.kvugl,2.5020014886813
1759302664,1,N/A,N/A,N/A,N/A,N/A,N/A,N/A,N/A,N/A,234930176,169484288,10833920,1056768,19824640,1,systemd,S (sleeping),router.bnsdq.ozxfs.rzona.kvugl,1.544193008971622
1759302664,3366,1,N/A,N/A,N/A,N/A,N/A,N/A,N/A,N/A,1954459648,1931546624,36614144,135168,175190016,14,discern-network,S (sleeping),router.bnsdq.ozxfs.rzona.kvugl,1.320106634447266
1759302664,78482,1,101,101,101,101,102,102,102,102,16568320,16564224,7356416,135168,626688,1,systemd-network,S (sleeping),router.bnsdq.ozxfs.rzona.kvugl,0.7944127434951256
1759302664,380,1,103,103,103,103,109,109,109,109,241573888,241573888,224260096,135168,233844736,1,dbus-daemon,S (sleeping),router.bnsdq.ozxfs.rzona.kvugl,0.2906591668564594
1759302669,74883,1,N/A,N/A,N/A,N/A,N/A,N/A,N/A,N/A,1264619520,1264619520,17166336,135168,45826048,4,discern-proc-so,R (running),router.bnsdq.ozxfs.rzona.kvugl,2.488642638165824
1759302669,1,N/A,N/A,N/A,N/A,N/A,N/A,N/A,N/A,N/A,234930176,169238528,10833920,1056768,19578880,1,systemd,S (sleeping),router.bnsdq.ozxfs.rzona.kvugl,1.5440307319542683
1759302669,3366,1,N/A,N/A,N/A,N/A,N/A,N/A,N/A,N/A,1954459648,1931546624,36614144,135168,175190016,14,discern-network,S (sleeping),router.bnsdq.ozxfs.rzona.kvugl,1.3192259286316634
1759302669,78548,1,101,101,101,101,102,102,102,102,16568320,16568320,7348224,135168,630784,1,systemd-network,S (sleeping),router.bnsdq.ozxfs.rzona.kvugl,0.7703072441748164
1759302669,380,1,103,103,103,103,109,109,109,109,241709056,241709056,224530432,135168,233979904,1,dbus-daemon,S (sleeping),router.bnsdq.ozxfs.rzona.kvugl,0.2905715387312177
1759302675,74883,1,N/A,N/A,N/A,N/A,N/A,N/A,N/A,N/A,1264619520,1264619520,17166336,135168,45826048,4,discern-proc-so,R (running),router.bnsdq.ozxfs.rzona.kvugl,2.492674844930047
1759302675,1,N/A,N/A,N/A,N/A,N/A,N/A,N/A,N/A,N/A,234930176,169238528,10833920,1056768,19578880,1,systemd,S (sleeping),router.bnsdq.ozxfs.rzona.kvugl,1.543858397649333
1759302675,3366,1,N/A,N/A,N/A,N/A,N/A,N/A,N/A,N/A,1954459648,1931546624,36614144,135168,175190016,14,discern-network,S (sleeping),router.bnsdq.ozxfs.rzona.kvugl,1.3185227490902285
1759302675,78591,1,101,101,101,101,102,102,102,102,16568320,16564224,7405568,135168,626688,1,systemd-network,S (sleeping),router.bnsdq.ozxfs.rzona.kvugl,0.5940397404020276
1759302675,380,1,103,103,103,103,109,109,109,109,241844224,241844224,224530432,135168,234115072,1,dbus-daemon,S (sleeping),router.bnsdq.ozxfs.rzona.kvugl,0.2904821183614584
1759302680,78712,1,101,101,101,101,102,102,102,102,16568320,16564224,7344128,135168,626688,1,systemd-network,S (sleeping),router.bnsdq.ozxfs.rzona.kvugl,2.5033370149966445
1759302680,74883,1,N/A,N/A,N/A,N/A,N/A,N/A,N/A,N/A,1264619520,1264619520,17166336,135168,45826048,4,discern-proc-so,R (running),router.bnsdq.ozxfs.rzona.kvugl,2.4932374947203577
1759302680,1,N/A,N/A,N/A,N/A,N/A,N/A,N/A,N/A,N/A,234930176,169484288,10833920,1056768,19824640,1,systemd,S (sleeping),router.bnsdq.ozxfs.rzona.kvugl,1.5442261172475276
1759302680,3366,1,N/A,N/A,N/A,N/A,N/A,N/A,N/A,N/A,1954459648,1931546624,36614144,135168,175190016,14,discern-network,S (sleeping),router.bnsdq.ozxfs.rzona.kvugl,1.3180074054996498
1759302680,380,1,103,103,103,103,109,109,109,109,242249728,242249728,224800768,135168,234520576,1,dbus-daemon,S (sleeping),router.bnsdq.ozxfs.rzona.kvugl,0.2907519618167722
1759302685,74883,1,N/A,N/A,N/A,N/A,N/A,N/A,N/A,N/A,1264619520,1264619520,17166336,135168,45826048,4,discern-proc-so,S (sleeping),router.bnsdq.ozxfs.rzona.kvugl,2.4937580294704196
1759302685,1,N/A,N/A,N/A,N/A,N/A,N/A,N/A,N/A,N/A,234930176,169238528,10833920,1056768,19578880,1,systemd,S (sleeping),router.bnsdq.ozxfs.rzona.kvugl,1.544413293806312
1759302685,78778,1,101,101,101,101,102,102,102,102,16568320,16568320,7356416,135168,630784,1,systemd-network,S (sleeping),router.bnsdq.ozxfs.rzona.kvugl,1.4813491158055625
1759302685,3366,1,N/A,N/A,N/A,N/A,N/A,N/A,N/A,N/A,1954459648,1931546624,36614144,135168,175190016,14,discern-network,S (sleeping),router.bnsdq.ozxfs.rzona.kvugl,1.3171231021327965
1759302685,380,1,103,103,103,103,109,109,109,109,242384896,242384896,225071104,135168,234655744,1,dbus-daemon,S (sleeping),router.bnsdq.ozxfs.rzona.kvugl,0.29066275577892187
1759302690,74883,1,N/A,N/A,N/A,N/A,N/A,N/A,N/A,N/A,1264619520,1264619520,17166336,135168,45826048,4,discern-proc-so,S (sleeping),router.bnsdq.ozxfs.rzona.kvugl,2.494196301123056
1759302690,1,N/A,N/A,N/A,N/A,N/A,N/A,N/A,N/A,N/A,234930176,169238528,10833920,1056768,19578880,1,systemd,S (sleeping),router.bnsdq.ozxfs.rzona.kvugl,1.544418982852717
1759302690,3366,1,N/A,N/A,N/A,N/A,N/A,N/A,N/A,N/A,1954459648,1931546624,36614144,135168,175190016,14,discern-network,S (sleeping),router.bnsdq.ozxfs.rzona.kvugl,1.3164230278484297
1759302690,78821,1,101,101,101,101,102,102,102,102,16568320,16568320,7524352,135168,630784,1,systemd-network,S (sleeping),router.bnsdq.ozxfs.rzona.kvugl,0.8547852215151612
1759302690,380,1,103,103,103,103,109,109,109,109,242520064,242520064,225341440,135168,234790912,1,dbus-daemon,S (sleeping),router.bnsdq.ozxfs.rzona.kvugl,0.2907523336742052
1759302695,74883,1,N/A,N/A,N/A,N/A,N/A,N/A,N/A,N/A,1264619520,1264619520,17166336,135168,45826048,4,discern-proc-so,R (running),router.bnsdq.ozxfs.rzona.kvugl,2.497887123637871
1759302695,1,N/A,N/A,N/A,N/A,N/A,N/A,N/A,N/A,N/A,234930176,169238528,10833920,1056768,19578880,1,systemd,S (sleeping),router.bnsdq.ozxfs.rzona.kvugl,1.544605123646192
1759302695,3366,1,N/A,N/A,N/A,N/A,N/A,N/A,N/A,N/A,1954459648,1931546624,36614144,135168,175190016,14,discern-network,S (sleeping),router.bnsdq.ozxfs.rzona.kvugl,1.3157257643914593
1759302695,78889,1,101,101,101,101,102,102,102,102,16568320,16568320,7434240,135168,630784,1,systemd-network,S (sleeping),router.bnsdq.ozxfs.rzona.kvugl,1.1266094876926054
1759302695,380,1,103,103,103,103,109,109,109,109,242790400,242790400,225611776,135168,235061248,1,dbus-daemon,S (sleeping),router.bnsdq.ozxfs.rzona.kvugl,0.2908420717128209
1759302700,74883,1,N/A,N/A,N/A,N/A,N/A,N/A,N/A,N/A,1264619520,1264619520,17166336,135168,45826048,4,discern-proc-so,S (sleeping),router.bnsdq.ozxfs.rzona.kvugl,2.504515597238702
1759302700,1,N/A,N/A,N/A,N/A,N/A,N/A,N/A,N/A,N/A,234930176,169484288,10833920,1056768,19824640,1,systemd,S (sleeping),router.bnsdq.ozxfs.rzona.kvugl,1.5446085251715638
1759302700,3366,1,N/A,N/A,N/A,N/A,N/A,N/A,N/A,N/A,1954459648,1931546624,36614144,135168,175190016,14,discern-network,S (sleeping),router.bnsdq.ozxfs.rzona.kvugl,1.3148423895002037
1759302700,78940,1,101,101,101,101,102,102,102,102,16568320,16568320,7471104,135168,630784,1,systemd-network,S (sleeping),router.bnsdq.ozxfs.rzona.kvugl,0.6211375657814912
1759302700,380,1,103,103,103,103,109,109,109,109,242925568,242925568,225611776,135168,235196416,1,dbus-daemon,S (sleeping),router.bnsdq.ozxfs.rzona.kvugl,0.29075222297715136
1759302705,74883,1,N/A,N/A,N/A,N/A,N/A,N/A,N/A,N/A,1264619520,1264619520,17166336,135168,45826048,4,discern-proc-so,R (running),router.bnsdq.ozxfs.rzona.kvugl,2.5047393524101604
1759302705,1,N/A,N/A,N/A,N/A,N/A,N/A,N/A,N/A,N/A,234930176,169238528,10833920,1056768,19578880,1,systemd,S (sleeping),router.bnsdq.ozxfs.rzona.kvugl,1.544434868068487
1759302705,3366,1,N/A,N/A,N/A,N/A,N/A,N/A,N/A,N/A,1954459648,1931546624,36614144,135168,175190016,14,discern-network,S (sleeping),router.bnsdq.ozxfs.rzona.kvugl,1.3141458355063997
1759302706,79006,1,101,101,101,101,102,102,102,102,16568320,16564224,7344128,135168,626688,1,systemd-network,S (sleeping),router.bnsdq.ozxfs.rzona.kvugl,0.6009853201200223
1759302706,380,1,103,103,103,103,109,109,109,109,243060736,243060736,225882112,135168,235331584,1,dbus-daemon,S (sleeping),router.bnsdq.ozxfs.rzona.kvugl,0.29066280207361733
1759302711,74883,1,N/A,N/A,N/A,N/A,N/A,N/A,N/A,N/A,1264619520,1264619520,17166336,135168,45826048,4,discern-proc-so,S (sleeping),router.bnsdq.ozxfs.rzona.kvugl,2.5080613563040233
1759302711,1,N/A,N/A,N/A,N/A,N/A,N/A,N/A,N/A,N/A,234930176,169238528,10833920,1056768,19578880,1,systemd,S (sleeping),router.bnsdq.ozxfs.rzona.kvugl,1.5446194811195555
1759302711,3366,1,N/A,N/A,N/A,N/A,N/A,N/A,N/A,N/A,1954459648,1931546624,36614144,135168,175190016,14,discern-network,S (sleeping),router.bnsdq.ozxfs.rzona.kvugl,1.3134518190315516
1759302711,79049,1,101,101,101,101,102,102,102,102,16568320,16564224,7299072,135168,626688,1,systemd-network,S (sleeping),router.bnsdq.ozxfs.rzona.kvugl,0.4879032529900076
1759302711,380,1,103,103,103,103,109,109,109,109,243195904,243195904,226152448,135168,235466752,1,dbus-daemon,S (sleeping),router.bnsdq.ozxfs.rzona.kvugl,0.2905738020910931
1759302716,74883,1,N/A,N/A,N/A,N/A,N/A,N/A,N/A,N/A,1264619520,1264619520,17166336,135168,45826048,4,discern-proc-so,S (sleeping),router.bnsdq.ozxfs.rzona.kvugl,2.507992234275155
1759302716,1,N/A,N/A,N/A,N/A,N/A,N/A,N/A,N/A,N/A,234930176,169484288,10833920,1056768,19824640,1,systemd,S (sleeping),router.bnsdq.ozxfs.rzona.kvugl,1.5449721046525886
1759302716,3366,1,N/A,N/A,N/A,N/A,N/A,N/A,N/A,N/A,1954459648,1931546624,36614144,135168,175190016,14,discern-network,S (sleeping),router.bnsdq.ozxfs.rzona.kvugl,1.3125669885693567
1759302716,79169,1,101,101,101,101,102,102,102,102,16568320,16564224,7417856,135168,626688,1,systemd-network,S (sleeping),router.bnsdq.ozxfs.rzona.kvugl,0.8542868676498715
1759302716,380,1,103,103,103,103,109,109,109,109,243601408,243601408,226422784,135168,235872256,1,dbus-daemon,S (sleeping),router.bnsdq.ozxfs.rzona.kvugl,0.2908395566822645
1759302721,74883,1,N/A,N/A,N/A,N/A,N/A,N/A,N/A,N/A,1264619520,1264619520,17166336,135168,45826048,4,discern-proc-so,S (sleeping),router.bnsdq.ozxfs.rzona.kvugl,2.5111716364155034
1759302721,1,N/A,N/A,N/A,N/A,N/A,N/A,N/A,N/A,N/A,234930176,169238528,10833920,1056768,19578880,1,systemd,S (sleeping),router.bnsdq.ozxfs.rzona.kvugl,1.5453341965790581
1759302721,3366,1,N/A,N/A,N/A,N/A,N/A,N/A,N/A,N/A,1954459648,1931546624,36614144,135168,175190016,14,discern-network,S (sleeping),router.bnsdq.ozxfs.rzona.kvugl,1.3118761155312302
1759302721,79235,1,101,101,101,101,102,102,102,102,16568320,16568320,7426048,135168,630784,1,systemd-network,S (sleeping),router.bnsdq.ozxfs.rzona.kvugl,0.8010678057615884
1759302721,380,1,103,103,103,103,109,109,109,109,243740672,243740672,226693120,135168,236011520,1,dbus-daemon,S (sleeping),router.bnsdq.ozxfs.rzona.kvugl,0.2907506334242217
1759302726,74883,1,N/A,N/A,N/A,N/A,N/A,N/A,N/A,N/A,1264619520,1264619520,17166336,135168,45826048,4,discern-proc-so,R (running),router.bnsdq.ozxfs.rzona.kvugl,2.5141618736169775
1759302726,1,N/A,N/A,N/A,N/A,N/A,N/A,N/A,N/A,N/A,234930176,169238528,10833920,1056768,19578880,1,systemd,S (sleeping),router.bnsdq.ozxfs.rzona.kvugl,1.5451587837792666
1759302726,3366,1,N/A,N/A,N/A,N/A,N/A,N/A,N/A,N/A,1954459648,1931546624,36614144,135168,175190016,14,discern-network,S (sleeping),router.bnsdq.ozxfs.rzona.kvugl,1.3111835043432782
1759302726,79278,1,101,101,101,101,102,102,102,102,16568320,16568320,7524352,135168,630784,1,systemd-network,S (sleeping),router.bnsdq.ozxfs.rzona.kvugl,0.8574756844923449
1759302726,380,1,103,103,103,103,109,109,109,109,243875840,243875840,226693120,135168,236146688,1,dbus-daemon,S (sleeping),router.bnsdq.ozxfs.rzona.kvugl,0.2908391034399185
1759302731,74883,1,N/A,N/A,N/A,N/A,N/A,N/A,N/A,N/A,1264619520,1264619520,17166336,135168,45826048,4,discern-proc-so,R (running),router.bnsdq.ozxfs.rzona.kvugl,2.5059308369114954
1759302731,1,N/A,N/A,N/A,N/A,N/A,N/A,N/A,N/A,N/A,234930176,169238528,10833920,1056768,19578880,1,systemd,S (sleeping),router.bnsdq.ozxfs.rzona.kvugl,1.5455317841899416
1759302731,3366,1,N/A,N/A,N/A,N/A,N/A,N/A,N/A,N/A,1954459648,1931546624,36614144,135168,175190016,14,discern-network,S (sleeping),router.bnsdq.ozxfs.rzona.kvugl,1.3105054870291395
1759302731,79350,1,101,101,101,101,102,102,102,102,16568320,16568320,7430144,135168,630784,1,systemd-network,S (sleeping),router.bnsdq.ozxfs.rzona.kvugl,0.7941334807958029
1759302731,380,1,103,103,103,103,109,109,109,109,244146176,244146176,226963456,135168,236417024,1,dbus-daemon,S (sleeping),router.bnsdq.ozxfs.rzona.kvugl,0.2909302711665395
1759302736,74883,1,N/A,N/A,N/A,N/A,N/A,N/A,N/A,N/A,1264619520,1264619520,17166336,135168,45826048,4,discern-proc-so,S (sleeping),router.bnsdq.ozxfs.rzona.kvugl,2.5089534538526754
1759302736,1,N/A,N/A,N/A,N/A,N/A,N/A,N/A,N/A,N/A,234930176,169238528,10833920,1056768,19578880,1,systemd,S (sleeping),router.bnsdq.ozxfs.rzona.kvugl,1.5455356214618323
1759302736,3366,1,N/A,N/A,N/A,N/A,N/A,N/A,N/A,N/A,1954459648,1931546624,36614144,135168,175190016,14,discern-network,S (sleeping),router.bnsdq.ozxfs.rzona.kvugl,1.309816910192775
1759302736,79400,1,101,101,101,101,102,102,102,102,16568320,16564224,7467008,135168,626688,1,systemd-network,S (sleeping),router.bnsdq.ozxfs.rzona.kvugl,0.5050590726039281
1759302736,380,1,103,103,103,103,109,109,109,109,244281344,244281344,227233792,135168,236552192,1,dbus-daemon,S (sleeping),router.bnsdq.ozxfs.rzona.kvugl,0.2908411652483258
1759302742,74883,1,N/A,N/A,N/A,N/A,N/A,N/A,N/A,N/A,1264619520,1264619520,17166336,135168,45826048,4,discern-proc-so,R (running),router.bnsdq.ozxfs.rzona.kvugl,2.506366711007904
1759302742,1,N/A,N/A,N/A,N/A,N/A,N/A,N/A,N/A,N/A,234930176,169238528,10833920,1056768,19578880,1,systemd,S (sleeping),router.bnsdq.ozxfs.rzona.kvugl,1.5458971213670176
1759302742,79507,1,101,101,101,101,102,102,102,102,16568320,16564224,7397376,135168,626688,1,systemd-network,S (sleeping),router.bnsdq.ozxfs.rzona.kvugl,1.4348391723016594
1759302742,3366,1,N/A,N/A,N/A,N/A,N/A,N/A,N/A,N/A,1954459648,1931546624,36614144,135168,175190016,14,discern-network,S (sleeping),router.bnsdq.ozxfs.rzona.kvugl,1.3091322747177905
1759302742,380,1,103,103,103,103,109,109,109,109,244686848,244686848,227504128,135168,236957696,1,dbus-daemon,S (sleeping),router.bnsdq.ozxfs.rzona.kvugl,0.2909301900917763
1759302747,74883,1,N/A,N/A,N/A,N/A,N/A,N/A,N/A,N/A,1264619520,1264619520,17166336,135168,45826048,4,discern-proc-so,R (running),router.bnsdq.ozxfs.rzona.kvugl,2.503962998433408
1759302747,1,N/A,N/A,N/A,N/A,N/A,N/A,N/A,N/A,N/A,234930176,169238528,10833920,1056768,19578880,1,systemd,S (sleeping),router.bnsdq.ozxfs.rzona.kvugl,1.5462622962357664
1759302747,79576,1,101,101,101,101,102,102,102,102,16568320,16568320,7499776,135168,630784,1,systemd-network,S (sleeping),router.bnsdq.ozxfs.rzona.kvugl,1.3476821149941631
1759302747,3366,1,N/A,N/A,N/A,N/A,N/A,N/A,N/A,N/A,1954459648,1931546624,36614144,135168,175190016,14,discern-network,S (sleeping),router.bnsdq.ozxfs.rzona.kvugl,1.3082701965790855
1759302747,380,1,103,103,103,103,109,109,109,109,244822016,244822016,227774464,135168,237092864,1,dbus-daemon,S (sleeping),router.bnsdq.ozxfs.rzona.kvugl,0.29101987887107383
1759302752,74883,1,N/A,N/A,N/A,N/A,N/A,N/A,N/A,N/A,1264619520,1264619520,17166336,135168,45826048,4,discern-proc-so,S (sleeping),router.bnsdq.ozxfs.rzona.kvugl,2.5041407697185605
1759302752,1,N/A,N/A,N/A,N/A,N/A,N/A,N/A,N/A,N/A,234930176,169484288,10833920,1056768,19824640,1,systemd,S (sleeping),router.bnsdq.ozxfs.rzona.kvugl,1.545910548564996
1759302752,3366,1,N/A,N/A,N/A,N/A,N/A,N/A,N/A,N/A,1954459648,1931546624,36614144,135168,175190016,14,discern-network,S (sleeping),router.bnsdq.ozxfs.rzona.kvugl,1.3075848595285335
1759302752,79628,1,101,101,101,101,102,102,102,102,16568320,16564224,7348224,135168,626688,1,systemd-network,S (sleeping),router.bnsdq.ozxfs.rzona.kvugl,0.5896483205894946
1759302752,380,1,103,103,103,103,109,109,109,109,244957184,244957184,227774464,135168,237228032,1,dbus-daemon,S (sleeping),router.bnsdq.ozxfs.rzona.kvugl,0.29093075239312016
1759302757,74883,1,N/A,N/A,N/A,N/A,N/A,N/A,N/A,N/A,1264619520,1264619520,17166336,135168,45826048,4,discern-proc-so,R (running),router.bnsdq.ozxfs.rzona.kvugl,2.5044449415951378
1759302757,1,N/A,N/A,N/A,N/A,N/A,N/A,N/A,N/A,N/A,234930176,169238528,10833920,1056768,19578880,1,systemd,S (sleeping),router.bnsdq.ozxfs.rzona.kvugl,1.5462720625074675
1759302757,3366,1,N/A,N/A,N/A,N/A,N/A,N/A,N/A,N/A,1954459648,1931546624,36614144,135168,175190016,14,discern-network,S (sleeping),router.bnsdq.ozxfs.rzona.kvugl,1.306905448881708
1759302757,79698,1,101,101,101,101,102,102,102,102,16568320,16568320,7438336,135168,630784,1,systemd-network,S (sleeping),router.bnsdq.ozxfs.rzona.kvugl,0.8479513767495424
1759302757,380,1,103,103,103,103,109,109,109,109,245256192,245256192,228044800,135168,237527040,1,dbus-daemon,S (sleeping),router.bnsdq.ozxfs.rzona.kvugl,0.29101971355654316
1759302762,74883,1,N/A,N/A,N/A,N/A,N/A,N/A,N/A,N/A,1264619520,1264619520,17166336,135168,45826048,4,discern-proc-so,R (running),router.bnsdq.ozxfs.rzona.kvugl,2.509883258508721
1759302762,1,N/A,N/A,N/A,N/A,N/A,N/A,N/A,N/A,N/A,234930176,169238528,10833920,1056768,19578880,1,systemd,S (sleeping),router.bnsdq.ozxfs.rzona.kvugl,1.5462733029441385
1759302762,3366,1,N/A,N/A,N/A,N/A,N/A,N/A,N/A,N/A,1954459648,1931546624,36614144,135168,175190016,14,discern-network,S (sleeping),router.bnsdq.ozxfs.rzona.kvugl,1.3062218066262128
1759302762,79738,1,101,101,101,101,102,102,102,102,16568320,16568320,7495680,135168,630784,1,systemd-network,S (sleeping),router.bnsdq.ozxfs.rzona.kvugl,0.7008705811533721
1759302762,380,1,103,103,103,103,109,109,109,109,245391360,245391360,228315136,135168,237662208,1,dbus-daemon,S (sleeping),router.bnsdq.ozxfs.rzona.kvugl,0.2909305683689474
1759302767,74883,1,N/A,N/A,N/A,N/A,N/A,N/A,N/A,N/A,1264619520,1264619520,17166336,135168,45826048,4,discern-proc-so,S (sleeping),router.bnsdq.ozxfs.rzona.kvugl,2.5100095551339408
1759302767,79858,1,101,101,101,101,102,102,102,102,16568320,16568320,7458816,135168,630784,1,systemd-network,S (sleeping),router.bnsdq.ozxfs.rzona.kvugl,1.6067078639416643
1759302767,1,N/A,N/A,N/A,N/A,N/A,N/A,N/A,N/A,N/A,234930176,169484288,10833920,1056768,19824640,1,systemd,S (sleeping),router.bnsdq.ozxfs.rzona.kvugl,1.5464534523359144
1759302767,3366,1,N/A,N/A,N/A,N/A,N/A,N/A,N/A,N/A,1954459648,1931546624,36614144,135168,175190016,14,discern-network,S (sleeping),router.bnsdq.ozxfs.rzona.kvugl,1.3057234367181898
1759302767,380,1,103,103,103,103,109,109,109,109,245821440,245821440,228855808,135168,238092288,1,dbus-daemon,S (sleeping),router.bnsdq.ozxfs.rzona.kvugl,0.2913718199608906
1759302773,74883,1,N/A,N/A,N/A,N/A,N/A,N/A,N/A,N/A,1264619520,1264619520,17166336,135168,45826048,4,discern-proc-so,R (running),router.bnsdq.ozxfs.rzona.kvugl,2.5102085973707946
1759302773,1,N/A,N/A,N/A,N/A,N/A,N/A,N/A,N/A,N/A,234930176,169238528,10833920,1056768,19578880,1,systemd,S (sleeping),router.bnsdq.ozxfs.rzona.kvugl,1.5468128645231323
1759302773,79924,1,101,101,101,101,102,102,102,102,16568320,16568320,7520256,135168,630784,1,systemd-network,S (sleeping),router.bnsdq.ozxfs.rzona.kvugl,1.4882418077668476
1759302773,3366,1,N/A,N/A,N/A,N/A,N/A,N/A,N/A,N/A,1954459648,1931546624,36614144,135168,175190016,14,discern-network,S (sleeping),router.bnsdq.ozxfs.rzona.kvugl,1.3050470939326049
1759302773,380,1,103,103,103,103,109,109,109,109,245956608,245956608,228855808,135168,238227456,1,dbus-daemon,S (sleeping),router.bnsdq.ozxfs.rzona.kvugl,0.2911071503373623
1759302778,74883,1,N/A,N/A,N/A,N/A,N/A,N/A,N/A,N/A,1264619520,1264619520,17166336,135168,45826048,4,discern-proc-so,R (running),router.bnsdq.ozxfs.rzona.kvugl,2.510370576660423
1759302778,1,N/A,N/A,N/A,N/A,N/A,N/A,N/A,N/A,N/A,234930176,169238528,10833920,1056768,19578880,1,systemd,S (sleeping),router.bnsdq.ozxfs.rzona.kvugl,1.5468178826295351
1759302778,3366,1,N/A,N/A,N/A,N/A,N/A,N/A,N/A,N/A,1954459648,1931546624,36614144,135168,175190016,14,discern-network,S (sleeping),router.bnsdq.ozxfs.rzona.kvugl,1.3041893573728989
1759302778,79967,1,101,101,101,101,102,102,102,102,16568320,16564224,7405568,135168,626688,1,systemd-network,S (sleeping),router.bnsdq.ozxfs.rzona.kvugl,0.9465319343158884
1759302778,380,1,103,103,103,103,109,109,109,109,246091776,246091776,229126144,135168,238362624,1,dbus-daemon,S (sleeping),router.bnsdq.ozxfs.rzona.kvugl,0.2911952427854403
1759302783,74883,1,N/A,N/A,N/A,N/A,N/A,N/A,N/A,N/A,1264619520,1264619520,17166336,135168,45826048,4,discern-proc-so,R (running),router.bnsdq.ozxfs.rzona.kvugl,2.5080914692007417
1759302783,1,N/A,N/A,N/A,N/A,N/A,N/A,N/A,N/A,N/A,234930176,169238528,10833920,1056768,19578880,1,systemd,S (sleeping),router.bnsdq.ozxfs.rzona.kvugl,1.5470021068569328
1759302783,3366,1,N/A,N/A,N/A,N/A,N/A,N/A,N/A,N/A,1954459648,1931546624,36614144,135168,175190016,14,discern-network,S (sleeping),router.bnsdq.ozxfs.rzona.kvugl,1.3036986392598227
1759302783,80035,1,101,101,101,101,102,102,102,102,16568320,16568320,7405568,135168,630784,1,systemd-network,S (sleeping),router.bnsdq.ozxfs.rzona.kvugl,0.9059863338738313
1759302783,380,1,103,103,103,103,109,109,109,109,246362112,246362112,229396480,135168,238632960,1,dbus-daemon,S (sleeping),router.bnsdq.ozxfs.rzona.kvugl,0.2912837776298615
1759302788,74883,1,N/A,N/A,N/A,N/A,N/A,N/A,N/A,N/A,1264619520,1264619520,17166336,135168,45826048,4,discern-proc-so,S (sleeping),router.bnsdq.ozxfs.rzona.kvugl,2.513135523488591
1759302788,1,N/A,N/A,N/A,N/A,N/A,N/A,N/A,N/A,N/A,234930176,169238528,10833920,1056768,19578880,1,systemd,S (sleeping),router.bnsdq.ozxfs.rzona.kvugl,1.5470026802919796
1759302788,3366,1,N/A,N/A,N/A,N/A,N/A,N/A,N/A,N/A,1954459648,1931546624,36614144,135168,175190016,14,discern-network,S (sleeping),router.bnsdq.ozxfs.rzona.kvugl,1.3028400658462391
1759302788,80086,1,101,101,101,101,102,102,102,102,16568320,16568320,7344128,135168,630784,1,systemd-network,S (sleeping),router.bnsdq.ozxfs.rzona.kvugl,0.6695777188886356
1759302788,380,1,103,103,103,103,109,109,109,109,246497280,246497280,229396480,135168,238768128,1,dbus-daemon,S (sleeping),router.bnsdq.ozxfs.rzona.kvugl,0.29119480333528075
1759302793,74883,1,N/A,N/A,N/A,N/A,N/A,N/A,N/A,N/A,1264619520,1264619520,17166336,135168,45826048,4,discern-proc-so,R (running),router.bnsdq.ozxfs.rzona.kvugl,2.5153345656818193
1759302793,1,N/A,N/A,N/A,N/A,N/A,N/A,N/A,N/A,N/A,234930176,169238528,10833920,1056768,19578880,1,systemd,S (sleeping),router.bnsdq.ozxfs.rzona.kvugl,1.5471669118294051
1759302793,3366,1,N/A,N/A,N/A,N/A,N/A,N/A,N/A,N/A,1954459648,1931546624,36614144,135168,175190016,14,discern-network,S (sleeping),router.bnsdq.ozxfs.rzona.kvugl,1.302153578497538
1759302793,380,1,103,103,103,103,109,109,109,109,246767616,246767616,229666816,135168,239038464,1,dbus-daemon,S (sleeping),router.bnsdq.ozxfs.rzona.kvugl,0.2912794891424022
1759302793,285,1,102,102,102,102,103,103,103,103,24743936,24678400,12312576,135168,3698688,1,systemd-resolve,S (sleeping),router.bnsdq.ozxfs.rzona.kvugl,0.24698108011972816
1759302798,74883,1,N/A,N/A,N/A,N/A,N/A,N/A,N/A,N/A,1264619520,1264619520,17166336,135168,45826048,4,discern-proc-so,S (sleeping),router.bnsdq.ozxfs.rzona.kvugl,2.507742741667903
1759302799,1,N/A,N/A,N/A,N/A,N/A,N/A,N/A,N/A,N/A,234930176,169238528,10833920,1056768,19578880,1,systemd,S (sleeping),router.bnsdq.ozxfs.rzona.kvugl,1.5473277037633613
1759302799,3366,1,N/A,N/A,N/A,N/A,N/A,N/A,N/A,N/A,1954459648,1931546624,36614144,135168,175190016,14,discern-network,S (sleeping),router.bnsdq.ozxfs.rzona.kvugl,1.301465555031533
1759302799,380,1,103,103,103,103,109,109,109,109,246919168,246919168,229937152,135168,239190016,1,dbus-daemon,S (sleeping),router.bnsdq.ozxfs.rzona.kvugl,0.29136339054888877
1759302799,285,1,102,102,102,102,103,103,103,103,24743936,24678400,12312576,135168,3698688,1,systemd-resolve,S (sleeping),router.bnsdq.ozxfs.rzona.kvugl,0.2469299970473783
1759302804,74883,1,N/A,N/A,N/A,N/A,N/A,N/A,N/A,N/A,1264619520,1264619520,17166336,135168,45826048,4,discern-proc-so,R (running),router.bnsdq.ozxfs.rzona.kvugl,2.504205534357629
1759302804,1,N/A,N/A,N/A,N/A,N/A,N/A,N/A,N/A,N/A,234930176,169238528,10833920,1056768,19578880,1,systemd,S (sleeping),router.bnsdq.ozxfs.rzona.kvugl,1.547447191465162
1759302804,80317,1,101,101,101,101,102,102,102,102,16568320,16564224,7376896,135168,626688,1,systemd-network,S (sleeping),router.bnsdq.ozxfs.rzona.kvugl,1.3072748662350713
1759302804,3366,1,N/A,N/A,N/A,N/A,N/A,N/A,N/A,N/A,1954459648,1931546624,36614144,135168,175190016,14,discern-network,S (sleeping),router.bnsdq.ozxfs.rzona.kvugl,1.3005630335265295
1759302804,380,1,103,103,103,103,109,109,109,109,247324672,247324672,230207488,135168,239595520,1,dbus-daemon,S (sleeping),router.bnsdq.ozxfs.rzona.kvugl,0.2914395493634575
1759302809,74883,1,N/A,N/A,N/A,N/A,N/A,N/A,N/A,N/A,1264619520,1264619520,17166336,135168,45826048,4,discern-proc-so,S (sleeping),router.bnsdq.ozxfs.rzona.kvugl,2.5067988141564324
1759302809,80385,1,101,101,101,101,102,102,102,102,16568320,16568320,7446528,135168,630784,1,systemd-network,S (sleeping),router.bnsdq.ozxfs.rzona.kvugl,1.6354424424831777
1759302809,1,N/A,N/A,N/A,N/A,N/A,N/A,N/A,N/A,N/A,234930176,169238528,10833920,1056768,19578880,1,systemd,S (sleeping),router.bnsdq.ozxfs.rzona.kvugl,1.5476274441239317
1759302809,3366,1,N/A,N/A,N/A,N/A,N/A,N/A,N/A,N/A,1954459648,1931546624,36614144,135168,175190016,14,discern-network,S (sleeping),router.bnsdq.ozxfs.rzona.kvugl,1.3000758226392346
1759302809,380,1,103,103,103,103,109,109,109,109,247459840,247459840,230477824,135168,239730688,1,dbus-daemon,S (sleeping),router.bnsdq.ozxfs.rzona.kvugl,0.29152698499860963
1759302814,74883,1,N/A,N/A,N/A,N/A,N/A,N/A,N/A,N/A,1264619520,1264619520,17166336,135168,45826048,4,discern-proc-so,R (running),router.bnsdq.ozxfs.rzona.kvugl,2.506945486563957
1759302814,1,N/A,N/A,N/A,N/A,N/A,N/A,N/A,N/A,N/A,234930176,169238528,10833920,1056768,19578880,1,systemd,S (sleeping),router.bnsdq.ozxfs.rzona.kvugl,1.5474547164248058
1759302814,3366,1,N/A,N/A,N/A,N/A,N/A,N/A,N/A,N/A,1954459648,1931546624,36614144,135168,175190016,14,discern-network,S (sleeping),router.bnsdq.ozxfs.rzona.kvugl,1.2992266523197504
1759302814,80433,1,101,101,101,101,102,102,102,102,16568320,16564224,7360512,135168,626688,1,systemd-network,S (sleeping),router.bnsdq.ozxfs.rzona.kvugl,0.4341416079549891
1759302814,380,1,103,103,103,103,109,109,109,109,247595008,247595008,230748160,135168,239865856,1,dbus-daemon,S (sleeping),router.bnsdq.ozxfs.rzona.kvugl,0.2914386284234832
1759302819,74883,1,N/A,N/A,N/A,N/A,N/A,N/A,N/A,N/A,1264619520,1264619520,17166336,135168,45826048,4,discern-proc-so,R (running),router.bnsdq.ozxfs.rzona.kvugl,2.5072199167533595
1759302819,1,N/A,N/A,N/A,N/A,N/A,N/A,N/A,N/A,N/A,234930176,169238528,10833920,1056768,19578880,1,systemd,S (sleeping),router.bnsdq.ozxfs.rzona.kvugl,1.5474633196338627
1759302819,3366,1,N/A,N/A,N/A,N/A,N/A,N/A,N/A,N/A,1954459648,1931546624,36614144,135168,175190016,14,discern-network,S (sleeping),router.bnsdq.ozxfs.rzona.kvugl,1.2983843468342706
1759302819,80500,1,101,101,101,101,102,102,102,102,16568320,16564224,7344128,135168,626688,1,systemd-network,S (sleeping),router.bnsdq.ozxfs.rzona.kvugl,0.42151614537454096
1759302819,380,1,103,103,103,103,109,109,109,109,247730176,247730176,230748160,135168,240001024,1,dbus-daemon,S (sleeping),router.bnsdq.ozxfs.rzona.kvugl,0.2913515890455846
1759302824,74883,1,N/A,N/A,N/A,N/A,N/A,N/A,N/A,N/A,1264619520,1264619520,17166336,135168,45826048,4,discern-proc-so,S (sleeping),router.bnsdq.ozxfs.rzona.kvugl,2.5096173119081038
1759302824,1,N/A,N/A,N/A,N/A,N/A,N/A,N/A,N/A,N/A,234930176,169238528,10833920,1056768,19578880,1,systemd,S (sleeping),router.bnsdq.ozxfs.rzona.kvugl,1.5478145554537834
1759302824,3366,1,N/A,N/A,N/A,N/A,N/A,N/A,N/A,N/A,1954459648,1931546624,36614144,135168,175190016,14,discern-network,S (sleeping),router.bnsdq.ozxfs.rzona.kvugl,1.2975377070501857
1759302824,80545,1,101,101,101,101,102,102,102,102,16568320,16564224,7323648,135168,626688,1,systemd-network,S (sleeping),router.bnsdq.ozxfs.rzona.kvugl,0.5077852509078553
1759302824,380,1,103,103,103,103,109,109,109,109,248000512,248000512,231018496,135168,240271360,1,dbus-daemon,S (sleeping),router.bnsdq.ozxfs.rzona.kvugl,0.2914382486064881
1759302830,74883,1,N/A,N/A,N/A,N/A,N/A,N/A,N/A,N/A,1264619520,1264619520,17166336,135168,45826048,4,discern-proc-so,R (running),router.bnsdq.ozxfs.rzona.kvugl,2.5075116680022917
1759302830,1,N/A,N/A,N/A,N/A,N/A,N/A,N/A,N/A,N/A,234930176,169238528,10833920,1056768,19578880,1,systemd,S (sleeping),router.bnsdq.ozxfs.rzona.kvugl,1.5479927940986762
1759302830,3366,1,N/A,N/A,N/A,N/A,N/A,N/A,N/A,N/A,1954459648,1931546624,36614144,135168,175190016,14,discern-network,S (sleeping),router.bnsdq.ozxfs.rzona.kvugl,1.2970541893705783
1759302830,80663,1,101,101,101,101,102,102,102,102,16568320,16564224,7475200,135168,626688,1,systemd-network,S (sleeping),router.bnsdq.ozxfs.rzona.kvugl,0.969403824330562
1759302830,380,1,103,103,103,103,109,109,109,109,248270848,248270848,231288832,135168,240541696,1,dbus-daemon,S (sleeping),router.bnsdq.ozxfs.rzona.kvugl,0.2916998354747443
1759302835,74883,1,N/A,N/A,N/A,N/A,N/A,N/A,N/A,N/A,1264619520,1264619520,17166336,135168,45826048,4,discern-proc-so,S (sleeping),router.bnsdq.ozxfs.rzona.kvugl,2.5032863664955856
1759302835,1,N/A,N/A,N/A,N/A,N/A,N/A,N/A,N/A,N/A,234930176,169238528,10833920,1056768,19578880,1,systemd,S (sleeping),router.bnsdq.ozxfs.rzona.kvugl,1.5485221483815979
1759302835,80734,1,101,101,101,101,102,102,102,102,16568320,16568320,7491584,135168,630784,1,systemd-network,S (sleeping),router.bnsdq.ozxfs.rzona.kvugl,1.358463937478896
1759302835,3366,1,N/A,N/A,N/A,N/A,N/A,N/A,N/A,N/A,1954459648,1931546624,36614144,135168,175190016,14,discern-network,S (sleeping),router.bnsdq.ozxfs.rzona.kvugl,1.2962144756071927
1759302835,380,1,103,103,103,103,109,109,109,109,248553472,248553472,233656320,135168,240824320,1,dbus-daemon,S (sleeping),router.bnsdq.ozxfs.rzona.kvugl,0.29178693553585583
1759302840,74883,1,N/A,N/A,N/A,N/A,N/A,N/A,N/A,N/A,1264619520,1264619520,17166336,135168,45826048,4,discern-proc-so,S (sleeping),router.bnsdq.ozxfs.rzona.kvugl,2.5035774592129463
1759302840,1,N/A,N/A,N/A,N/A,N/A,N/A,N/A,N/A,N/A,234930176,169238528,10833920,1056768,19578880,1,systemd,S (sleeping),router.bnsdq.ozxfs.rzona.kvugl,1.5483548953119235
1759302840,3366,1,N/A,N/A,N/A,N/A,N/A,N/A,N/A,N/A,1954459648,1931546624,36614144,135168,175190016,14,discern-network,S (sleeping),router.bnsdq.ozxfs.rzona.kvugl,1.2957365460078982
1759302840,80778,1,101,101,101,101,102,102,102,102,16568320,16564224,7352320,135168,626688,1,systemd-network,S (sleeping),router.bnsdq.ozxfs.rzona.kvugl,0.8958672761020015
1759302840,380,1,103,103,103,103,109,109,109,109,248688640,248688640,233922560,135168,240959488,1,dbus-daemon,S (sleeping),router.bnsdq.ozxfs.rzona.kvugl,0.2916997822297953
1759302845,74883,1,N/A,N/A,N/A,N/A,N/A,N/A,N/A,N/A,1264619520,1264619520,17166336,135168,45826048,4,discern-proc-so,R (running),router.bnsdq.ozxfs.rzona.kvugl,2.4973938519208443
1759302845,1,N/A,N/A,N/A,N/A,N/A,N/A,N/A,N/A,N/A,234930176,169238528,10833920,1056768,19578880,1,systemd,S (sleeping),router.bnsdq.ozxfs.rzona.kvugl,1.5481902567735544
1759302845,3366,1,N/A,N/A,N/A,N/A,N/A,N/A,N/A,N/A,1954459648,1931546624,36614144,135168,175190016,14,discern-network,S (sleeping),router.bnsdq.ozxfs.rzona.kvugl,1.294723494625676
1759302845,80848,1,101,101,101,101,102,102,102,102,16568320,16568320,7471104,135168,630784,1,systemd-network,S (sleeping),router.bnsdq.ozxfs.rzona.kvugl,0.5746534418237503
1759302845,380,1,103,103,103,103,109,109,109,109,248848384,248848384,234192896,135168,241119232,1,dbus-daemon,S (sleeping),router.bnsdq.ozxfs.rzona.kvugl,0.2916132212709657
1759302850,74883,1,N/A,N/A,N/A,N/A,N/A,N/A,N/A,N/A,1264619520,1264619520,17166336,135168,45826048,4,discern-proc-so,R (running),router.bnsdq.ozxfs.rzona.kvugl,2.501907733160767
1759302850,1,N/A,N/A,N/A,N/A,N/A,N/A,N/A,N/A,N/A,234930176,169238528,10833920,1056768,19578880,1,systemd,S (sleeping),router.bnsdq.ozxfs.rzona.kvugl,1.548538888664294
1759302850,3366,1,N/A,N/A,N/A,N/A,N/A,N/A,N/A,N/A,1954459648,1931546624,36614144,135168,175190016,14,discern-network,S (sleeping),router.bnsdq.ozxfs.rzona.kvugl,1.2940629767447611
1759302850,80894,1,101,101,101,101,102,102,102,102,16568320,16564224,7426048,135168,626688,1,systemd-network,S (sleeping),router.bnsdq.ozxfs.rzona.kvugl,0.5314424823333691
1759302850,380,1,103,103,103,103,109,109,109,109,248983552,248983552,234192896,135168,241254400,1,dbus-daemon,S (sleeping),router.bnsdq.ozxfs.rzona.kvugl,0.2916991850856349
1759302855,74883,1,N/A,N/A,N/A,N/A,N/A,N/A,N/A,N/A,1264619520,1264619520,17166336,135168,45826048,4,discern-proc-so,R (running),router.bnsdq.ozxfs.rzona.kvugl,2.5021715288320534
1759302855,1,N/A,N/A,N/A,N/A,N/A,N/A,N/A,N/A,N/A,234930176,169238528,10833920,1056768,19578880,1,systemd,S (sleeping),router.bnsdq.ozxfs.rzona.kvugl,1.5488918041885948
1759302855,3366,1,N/A,N/A,N/A,N/A,N/A,N/A,N/A,N/A,1954459648,1931546624,36614144,135168,175190016,14,discern-network,S (sleeping),router.bnsdq.ozxfs.rzona.kvugl,1.2934079023314262
1759302855,81010,1,101,101,101,101,102,102,102,102,16568320,16564224,7372800,135168,626688,1,systemd-network,S (sleeping),router.bnsdq.ozxfs.rzona.kvugl,1.1164438385994968
1759302855,380,1,103,103,103,103,109,109,109,109,249389056,249389056,234463232,135168,241659904,1,dbus-daemon,S (sleeping),router.bnsdq.ozxfs.rzona.kvugl,0.2919598105536767
1759302860,74883,1,N/A,N/A,N/A,N/A,N/A,N/A,N/A,N/A,1264619520,1264619520,17166336,135168,45826048,4,discern-proc-so,S (sleeping),router.bnsdq.ozxfs.rzona.kvugl,2.5045243329805698
1759302860,81079,1,101,101,101,101,102,102,102,102,16568320,16568320,7364608,135168,630784,1,systemd-network,S (sleeping),router.bnsdq.ozxfs.rzona.kvugl,1.5473680708425168
1759302860,1,N/A,N/A,N/A,N/A,N/A,N/A,N/A,N/A,N/A,234930176,169238528,10833920,1056768,19578880,1,systemd,S (sleeping),router.bnsdq.ozxfs.rzona.kvugl,1.5487228116181733
1759302860,3366,1,N/A,N/A,N/A,N/A,N/A,N/A,N/A,N/A,1954459648,1931546624,36614144,135168,175190016,14,discern-network,S (sleeping),router.bnsdq.ozxfs.rzona.kvugl,1.2927537350390323
1759302860,380,1,103,103,103,103,109,109,109,109,249528320,249528320,234733568,135168,241799168,1,dbus-daemon,S (sleeping),router.bnsdq.ozxfs.rzona.kvugl,0.2918724402296674
1759302866,74883,1,N/A,N/A,N/A,N/A,N/A,N/A,N/A,N/A,1264619520,1264619520,17166336,135168,45826048,4,discern-proc-so,R (running),router.bnsdq.ozxfs.rzona.kvugl,2.502702742629587
1759302866,1,N/A,N/A,N/A,N/A,N/A,N/A,N/A,N/A,N/A,234930176,169365504,10833920,1056768,19705856,1,systemd,S (sleeping),router.bnsdq.ozxfs.rzona.kvugl,1.5485558830908628
1759302866,81135,1,101,101,101,101,102,102,102,102,16568320,16564224,7356416,135168,626688,1,systemd-network,S (sleeping),router.bnsdq.ozxfs.rzona.kvugl,1.442238600064758
1759302866,3366,1,N/A,N/A,N/A,N/A,N/A,N/A,N/A,N/A,1954459648,1931546624,36614144,135168,175190016,14,discern-network,S (sleeping),router.bnsdq.ozxfs.rzona.kvugl,1.2919236006885524
1759302866,380,1,103,103,103,103,109,109,109,109,249806848,249806848,235003904,135168,242077696,1,dbus-daemon,S (sleeping),router.bnsdq.ozxfs.rzona.kvugl,0.2917855532484351
1759302871,74883,1,N/A,N/A,N/A,N/A,N/A,N/A,N/A,N/A,1264619520,1264619520,17166336,135168,45826048,4,discern-proc-so,S (sleeping),router.bnsdq.ozxfs.rzona.kvugl,2.504958010962821
1759302871,1,N/A,N/A,N/A,N/A,N/A,N/A,N/A,N/A,N/A,234930176,169365504,10833920,1056768,19705856,1,systemd,S (sleeping),router.bnsdq.ozxfs.rzona.kvugl,1.5489053184702757
1759302871,81200,1,101,101,101,101,102,102,102,102,16568320,16564224,7364608,135168,626688,1,systemd-network,S (sleeping),router.bnsdq.ozxfs.rzona.kvugl,1.341735123632573
1759302871,3366,1,N/A,N/A,N/A,N/A,N/A,N/A,N/A,N/A,1954459648,1931546624,36614144,135168,175190016,14,discern-network,S (sleeping),router.bnsdq.ozxfs.rzona.kvugl,1.291448626849177
1759302871,380,1,103,103,103,103,109,109,109,109,249942016,249942016,235003904,135168,242212864,1,dbus-daemon,S (sleeping),router.bnsdq.ozxfs.rzona.kvugl,0.2918715032970121
1759302876,74883,1,N/A,N/A,N/A,N/A,N/A,N/A,N/A,N/A,1264619520,1264619520,17166336,135168,45826048,4,discern-proc-so,S (sleeping),router.bnsdq.ozxfs.rzona.kvugl,2.5091980021393927
1759302876,1,N/A,N/A,N/A,N/A,N/A,N/A,N/A,N/A,N/A,234930176,169500672,10833920,1056768,19841024,1,systemd,S (sleeping),router.bnsdq.ozxfs.rzona.kvugl,1.5485612582443613
1759302876,3366,1,N/A,N/A,N/A,N/A,N/A,N/A,N/A,N/A,1954459648,1931546624,36614144,135168,175190016,14,discern-network,S (sleeping),router.bnsdq.ozxfs.rzona.kvugl,1.2907960885857759
1759302876,81254,1,101,101,101,101,102,102,102,102,16568320,16564224,7327744,135168,626688,1,systemd-network,S (sleeping),router.bnsdq.ozxfs.rzona.kvugl,0.5895601780257138
1759302876,380,1,103,103,103,103,109,109,109,109,250077184,250077184,235274240,135168,242348032,1,dbus-daemon,S (sleeping),router.bnsdq.ozxfs.rzona.kvugl,0.2917840041341499
1759302881,74883,1,N/A,N/A,N/A,N/A,N/A,N/A,N/A,N/A,1264619520,1264619520,17166336,135168,45826048,4,discern-proc-so,R (running),router.bnsdq.ozxfs.rzona.kvugl,2.507356689695572
1759302881,1,N/A,N/A,N/A,N/A,N/A,N/A,N/A,N/A,N/A,234930176,169238528,10833920,1056768,19578880,1,systemd,S (sleeping),router.bnsdq.ozxfs.rzona.kvugl,1.5487394529042493
1759302881,3366,1,N/A,N/A,N/A,N/A,N/A,N/A,N/A,N/A,1954459648,1931546624,36614144,135168,175190016,14,discern-network,S (sleeping),router.bnsdq.ozxfs.rzona.kvugl,1.289790568693971
1759302881,81319,1,101,101,101,101,102,102,102,102,16568320,16568320,7446528,135168,630784,1,systemd-network,S (sleeping),router.bnsdq.ozxfs.rzona.kvugl,0.5650991019225531
1759302881,380,1,103,103,103,103,109,109,109,109,250212352,250212352,235544576,135168,242483200,1,dbus-daemon,S (sleeping),router.bnsdq.ozxfs.rzona.kvugl,0.29187025542650075
1759302886,74883,1,N/A,N/A,N/A,N/A,N/A,N/A,N/A,N/A,1264619520,1264619520,17166336,135168,45826048,4,discern-proc-so,R (running),router.bnsdq.ozxfs.rzona.kvugl,2.509491496311521
1759302886,1,N/A,N/A,N/A,N/A,N/A,N/A,N/A,N/A,N/A,234930176,169373696,10833920,1056768,19714048,1,systemd,S (sleeping),router.bnsdq.ozxfs.rzona.kvugl,1.548741884784364
1759302886,3366,1,N/A,N/A,N/A,N/A,N/A,N/A,N/A,N/A,1954459648,1931546624,36614144,135168,175190016,14,discern-network,S (sleeping),router.bnsdq.ozxfs.rzona.kvugl,1.2891407254075034
1759302886,81373,1,101,101,101,101,102,102,102,102,16568320,16564224,7282688,135168,626688,1,systemd-network,S (sleeping),router.bnsdq.ozxfs.rzona.kvugl,0.4259344752629942
1759302886,380,1,103,103,103,103,109,109,109,109,250482688,250482688,235544576,135168,242753536,1,dbus-daemon,S (sleeping),router.bnsdq.ozxfs.rzona.kvugl,0.29178291301679526
1759302891,74883,1,N/A,N/A,N/A,N/A,N/A,N/A,N/A,N/A,1264619520,1264619520,17166336,135168,45826048,4,discern-proc-so,R (running),router.bnsdq.ozxfs.rzona.kvugl,2.509630721601425
1759302891,1,N/A,N/A,N/A,N/A,N/A,N/A,N/A,N/A,N/A,234930176,169373696,10833920,1056768,19714048,1,systemd,S (sleeping),router.bnsdq.ozxfs.rzona.kvugl,1.548400000687428
1759302891,3366,1,N/A,N/A,N/A,N/A,N/A,N/A,N/A,N/A,1954459648,1931546624,36614144,135168,175190016,14,discern-network,S (sleeping),router.bnsdq.ozxfs.rzona.kvugl,1.2884930222274844
1759302891,81438,1,101,101,101,101,102,102,102,102,16568320,16564224,7372800,135168,626688,1,systemd-network,S (sleeping),router.bnsdq.ozxfs.rzona.kvugl,0.4125603149565976
1759302891,380,1,103,103,103,103,109,109,109,109,250617856,250617856,235814912,135168,242888704,1,dbus-daemon,S (sleeping),router.bnsdq.ozxfs.rzona.kvugl,0.2916959348363693
1759302897,74883,1,N/A,N/A,N/A,N/A,N/A,N/A,N/A,N/A,1264619520,1264619520,17166336,135168,45826048,4,discern-proc-so,R (running),router.bnsdq.ozxfs.rzona.kvugl,2.515532864393359
1759302897,1,N/A,N/A,N/A,N/A,N/A,N/A,N/A,N/A,N/A,234930176,169373696,10833920,1056768,19714048,1,systemd,S (sleeping),router.bnsdq.ozxfs.rzona.kvugl,1.548571321199394
1759302897,3366,1,N/A,N/A,N/A,N/A,N/A,N/A,N/A,N/A,1954459648,1931546624,36614144,135168,175190016,14,discern-network,S (sleeping),router.bnsdq.ozxfs.rzona.kvugl,1.288197507583919
1759302897,81491,1,101,101,101,101,102,102,102,102,16568320,16564224,7282688,135168,626688,1,systemd-network,S (sleeping),router.bnsdq.ozxfs.rzona.kvugl,0.33227389822218073
1759302897,380,1,103,103,103,103,109,109,109,109,250753024,250753024,235814912,135168,243023872,1,dbus-daemon,S (sleeping),router.bnsdq.ozxfs.rzona.kvugl,0.29160814800861273
1759302902,74883,1,N/A,N/A,N/A,N/A,N/A,N/A,N/A,N/A,1264619520,1264619520,17166336,135168,45826048,4,discern-proc-so,S (sleeping),router.bnsdq.ozxfs.rzona.kvugl,2.515609058610109
1759302902,81610,1,101,101,101,101,102,102,102,102,16568320,16564224,7450624,135168,626688,1,systemd-network,S (sleeping),router.bnsdq.ozxfs.rzona.kvugl,1.7077111002253826
1759302902,1,N/A,N/A,N/A,N/A,N/A,N/A,N/A,N/A,N/A,234930176,169627648,10833920,1056768,19968000,1,systemd,S (sleeping),router.bnsdq.ozxfs.rzona.kvugl,1.5485749620323568
1759302902,3366,1,N/A,N/A,N/A,N/A,N/A,N/A,N/A,N/A,1954459648,1931546624,36614144,135168,175190016,14,discern-network,S (sleeping),router.bnsdq.ozxfs.rzona.kvugl,1.2875518032330766
1759302902,380,1,103,103,103,103,109,109,109,109,251158528,251158528,236355584,135168,243429376,1,dbus-daemon,S (sleeping),router.bnsdq.ozxfs.rzona.kvugl,0.29186647277345595
1759302907,74883,1,N/A,N/A,N/A,N/A,N/A,N/A,N/A,N/A,1264619520,1264619520,17166336,135168,45826048,4,discern-proc-so,R (running),router.bnsdq.ozxfs.rzona.kvugl,2.5175978275523336
1759302907,81675,1,101,101,101,101,102,102,102,102,16568320,16568320,7401472,135168,630784,1,systemd-network,S (sleeping),router.bnsdq.ozxfs.rzona.kvugl,2.2668146062416765
1759302907,1,N/A,N/A,N/A,N/A,N/A,N/A,N/A,N/A,N/A,234930176,169238528,10833920,1056768,19578880,1,systemd,S (sleeping),router.bnsdq.ozxfs.rzona.kvugl,1.54875088706237
1759302907,3366,1,N/A,N/A,N/A,N/A,N/A,N/A,N/A,N/A,1954459648,1931546624,36614144,135168,175190016,14,discern-network,S (sleeping),router.bnsdq.ozxfs.rzona.kvugl,1.2870846791881458
1759302907,380,1,103,103,103,103,109,109,109,109,251158528,251158528,236355584,135168,243429376,1,dbus-daemon,S (sleeping),router.bnsdq.ozxfs.rzona.kvugl,0.29177964794387856
1759302912,74883,1,N/A,N/A,N/A,N/A,N/A,N/A,N/A,N/A,1264619520,1264619520,17166336,135168,45826048,4,discern-proc-so,R (running),router.bnsdq.ozxfs.rzona.kvugl,2.5083788350817526
1759302912,1,N/A,N/A,N/A,N/A,N/A,N/A,N/A,N/A,N/A,234930176,169365504,10833920,1056768,19705856,1,systemd,S (sleeping),router.bnsdq.ozxfs.rzona.kvugl,1.5484217683019983
1759302912,3366,1,N/A,N/A,N/A,N/A,N/A,N/A,N/A,N/A,1954459648,1931546624,36614144,135168,175190016,14,discern-network,S (sleeping),router.bnsdq.ozxfs.rzona.kvugl,1.2866283087127686
1759302912,81731,1,101,101,101,101,102,102,102,102,16568320,16564224,7254016,135168,626688,1,systemd-network,S (sleeping),router.bnsdq.ozxfs.rzona.kvugl,1.2332548776044356
1759302912,380,1,103,103,103,103,109,109,109,109,251293696,251293696,236625920,135168,243564544,1,dbus-daemon,S (sleeping),router.bnsdq.ozxfs.rzona.kvugl,0.2918673521461423
1759302917,74883,1,N/A,N/A,N/A,N/A,N/A,N/A,N/A,N/A,1264619520,1264619520,17166336,135168,45826048,4,discern-proc-so,S (sleeping),router.bnsdq.ozxfs.rzona.kvugl,2.4993951589013834
1759302917,1,N/A,N/A,N/A,N/A,N/A,N/A,N/A,N/A,N/A,234930176,169365504,10833920,1056768,19705856,1,systemd,S (sleeping),router.bnsdq.ozxfs.rzona.kvugl,1.5487842954645417
1759302917,3366,1,N/A,N/A,N/A,N/A,N/A,N/A,N/A,N/A,1954459648,1931546624,36614144,135168,175190016,14,discern-network,S (sleeping),router.bnsdq.ozxfs.rzona.kvugl,1.2859985040993913
1759302917,81799,1,101,101,101,101,102,102,102,102,16568320,16564224,7413760,135168,626688,1,systemd-network,S (sleeping),router.bnsdq.ozxfs.rzona.kvugl,1.1861318709459725
1759302917,380,1,103,103,103,103,109,109,109,109,251293696,251293696,236625920,135168,243564544,1,dbus-daemon,S (sleeping),router.bnsdq.ozxfs.rzona.kvugl,0.2919555143177388
1759302922,74883,1,N/A,N/A,N/A,N/A,N/A,N/A,N/A,N/A,1264619520,1264619520,17166336,135168,45826048,4,discern-proc-so,S (sleeping),router.bnsdq.ozxfs.rzona.kvugl,2.4996381815904245
1759302922,1,N/A,N/A,N/A,N/A,N/A,N/A,N/A,N/A,N/A,234930176,169500672,10833920,1056768,19841024,1,systemd,S (sleeping),router.bnsdq.ozxfs.rzona.kvugl,1.5482732362866245
1759302922,3366,1,N/A,N/A,N/A,N/A,N/A,N/A,N/A,N/A,1954459648,1931546624,36614144,135168,175190016,14,discern-network,S (sleeping),router.bnsdq.ozxfs.rzona.kvugl,1.2857116741054169
1759302922,81853,1,101,101,101,101,102,102,102,102,16568320,16564224,7389184,135168,626688,1,systemd-network,S (sleeping),router.bnsdq.ozxfs.rzona.kvugl,0.8156043002432238
1759302922,380,1,103,103,103,103,109,109,109,109,251293696,251293696,236625920,135168,243564544,1,dbus-daemon,S (sleeping),router.bnsdq.ozxfs.rzona.kvugl,0.2918690063159007
1759302927,74883,1,N/A,N/A,N/A,N/A,N/A,N/A,N/A,N/A,1264619520,1264619520,17166336,135168,45826048,4,discern-proc-so,R (running),router.bnsdq.ozxfs.rzona.kvugl,2.4998704770267817
1759302927,1,N/A,N/A,N/A,N/A,N/A,N/A,N/A,N/A,N/A,234930176,169238528,10833920,1056768,19578880,1,systemd,S (sleeping),router.bnsdq.ozxfs.rzona.kvugl,1.5481060596980114
1759302927,3366,1,N/A,N/A,N/A,N/A,N/A,N/A,N/A,N/A,1954459648,1931546624,36614144,135168,175190016,14,discern-network,S (sleeping),router.bnsdq.ozxfs.rzona.kvugl,1.2850716683387293
1759302927,81918,1,101,101,101,101,102,102,102,102,16568320,16568320,7516160,135168,630784,1,systemd-network,S (sleeping),router.bnsdq.ozxfs.rzona.kvugl,0.7836043167225945
1759302927,380,1,103,103,103,103,109,109,109,109,251293696,251293696,236625920,135168,243564544,1,dbus-daemon,S (sleeping),router.bnsdq.ozxfs.rzona.kvugl,0.29178259009266005
1759302932,74883,1,N/A,N/A,N/A,N/A,N/A,N/A,N/A,N/A,1264619520,1264619520,17166336,135168,45826048,4,discern-proc-so,S (sleeping),router.bnsdq.ozxfs.rzona.kvugl,2.5037339310017726
1759302932,1,N/A,N/A,N/A,N/A,N/A,N/A,N/A,N/A,N/A,234930176,169238528,10833920,1056768,19578880,1,systemd,S (sleeping),router.bnsdq.ozxfs.rzona.kvugl,1.5477668317889637
1759302932,3366,1,N/A,N/A,N/A,N/A,N/A,N/A,N/A,N/A,1954459648,1931546624,36614144,135168,175190016,14,discern-network,S (sleeping),router.bnsdq.ozxfs.rzona.kvugl,1.2847852074775057
1759302932,81973,1,101,101,101,101,102,102,102,102,16568320,16564224,7340032,135168,626688,1,systemd-network,S (sleeping),router.bnsdq.ozxfs.rzona.kvugl,0.40145435060291007
1759302932,380,1,103,103,103,103,109,109,109,109,251293696,251293696,236625920,135168,243564544,1,dbus-daemon,S (sleeping),router.bnsdq.ozxfs.rzona.kvugl,0.29169616574701124
1759302938,74883,1,N/A,N/A,N/A,N/A,N/A,N/A,N/A,N/A,1264619520,1264619520,17166336,135168,45826048,4,discern-proc-so,R (running),router.bnsdq.ozxfs.rzona.kvugl,2.502109537142727
1759302938,1,N/A,N/A,N/A,N/A,N/A,N/A,N/A,N/A,N/A,234930176,169238528,10833920,1056768,19578880,1,systemd,S (sleeping),router.bnsdq.ozxfs.rzona.kvugl,1.5475999999878804
1759302938,3366,1,N/A,N/A,N/A,N/A,N/A,N/A,N/A,N/A,1954459648,1931546624,36614144,135168,175190016,14,discern-network,S (sleeping),router.bnsdq.ozxfs.rzona.kvugl,1.2841468682831207
1759302938,82038,1,101,101,101,101,102,102,102,102,16568320,16568320,7426048,135168,630784,1,systemd-network,S (sleeping),router.bnsdq.ozxfs.rzona.kvugl,0.3895883552266584
1759302938,380,1,103,103,103,103,109,109,109,109,251293696,251293696,236625920,135168,243564544,1,dbus-daemon,S (sleeping),router.bnsdq.ozxfs.rzona.kvugl,0.29178141264708357
1759302943,74883,1,N/A,N/A,N/A,N/A,N/A,N/A,N/A,N/A,1264619520,1264619520,17166336,135168,45826048,4,discern-proc-so,R (running),router.bnsdq.ozxfs.rzona.kvugl,2.5058259511799488
1759302943,1,N/A,N/A,N/A,N/A,N/A,N/A,N/A,N/A,N/A,234930176,169373696,10833920,1056768,19714048,1,systemd,S (sleeping),router.bnsdq.ozxfs.rzona.kvugl,1.5479433359160901
1759302943,3366,1,N/A,N/A,N/A,N/A,N/A,N/A,N/A,N/A,1954459648,1931546624,36614144,135168,175190016,14,discern-network,S (sleeping),router.bnsdq.ozxfs.rzona.kvugl,1.2838589848762243
1759302943,82093,1,101,101,101,101,102,102,102,102,16568320,16564224,7385088,135168,626688,1,systemd-network,S (sleeping),router.bnsdq.ozxfs.rzona.kvugl,0.5661139002791304
1759302943,380,1,103,103,103,103,109,109,109,109,251293696,251293696,236625920,135168,243564544,1,dbus-daemon,S (sleeping),router.bnsdq.ozxfs.rzona.kvugl,0.2916945309323386
1759302948,74883,1,N/A,N/A,N/A,N/A,N/A,N/A,N/A,N/A,1264619520,1264619520,17166336,135168,45826048,4,discern-proc-so,S (sleeping),router.bnsdq.ozxfs.rzona.kvugl,2.5025301937881825
1759302948,82211,1,101,101,101,101,102,102,102,102,16568320,16564224,7454720,135168,626688,1,systemd-network,S (sleeping),router.bnsdq.ozxfs.rzona.kvugl,2.0980662385737348
1759302948,1,N/A,N/A,N/A,N/A,N/A,N/A,N/A,N/A,N/A,234930176,169373696,10833920,1056768,19714048,1,systemd,S (sleeping),router.bnsdq.ozxfs.rzona.kvugl,1.5476110983455065
1759302948,3366,1,N/A,N/A,N/A,N/A,N/A,N/A,N/A,N/A,1954459648,1931546624,36614144,135168,175190016,14,discern-network,S (sleeping),router.bnsdq.ozxfs.rzona.kvugl,1.2832273358820292
1759302948,380,1,103,103,103,103,109,109,109,109,251293696,251293696,236625920,135168,243564544,1,dbus-daemon,S (sleeping),router.bnsdq.ozxfs.rzona.kvugl,0.29195180417197814
1759302953,74883,1,N/A,N/A,N/A,N/A,N/A,N/A,N/A,N/A,1264619520,1264619520,17166336,135168,45826048,4,discern-proc-so,S (sleeping),router.bnsdq.ozxfs.rzona.kvugl,2.497615464915126
1759302953,82276,1,101,101,101,101,102,102,102,102,16568320,16568320,7450624,135168,630784,1,systemd-network,S (sleeping),router.bnsdq.ozxfs.rzona.kvugl,1.9450353750067102
1759302953,1,N/A,N/A,N/A,N/A,N/A,N/A,N/A,N/A,N/A,234930176,169373696,10833920,1056768,19714048,1,systemd,S (sleeping),router.bnsdq.ozxfs.rzona.kvugl,1.5477970138932209
1759302953,3366,1,N/A,N/A,N/A,N/A,N/A,N/A,N/A,N/A,1954459648,1931546624,36614144,135168,175190016,14,discern-network,S (sleeping),router.bnsdq.ozxfs.rzona.kvugl,1.2829528287254737
1759302953,380,1,103,103,103,103,109,109,109,109,251293696,251293696,236625920,135168,243564544,1,dbus-daemon,S (sleeping),router.bnsdq.ozxfs.rzona.kvugl,0.2916965966854434
1759302958,74883,1,N/A,N/A,N/A,N/A,N/A,N/A,N/A,N/A,1264619520,1264619520,17166336,135168,45826048,4,discern-proc-so,R (running),router.bnsdq.ozxfs.rzona.kvugl,2.494443847795905
1759302958,1,N/A,N/A,N/A,N/A,N/A,N/A,N/A,N/A,N/A,234930176,169373696,10833920,1056768,19714048,1,systemd,S (sleeping),router.bnsdq.ozxfs.rzona.kvugl,1.5476357851415146
1759302958,3366,1,N/A,N/A,N/A,N/A,N/A,N/A,N/A,N/A,1954459648,1931546624,36614144,135168,175190016,14,discern-network,S (sleeping),router.bnsdq.ozxfs.rzona.kvugl,1.2824985107680495
1759302958,82331,1,101,101,101,101,102,102,102,102,16568320,16564224,7409664,135168,626688,1,systemd-network,S (sleeping),router.bnsdq.ozxfs.rzona.kvugl,0.7475734639088006
1759302958,380,1,103,103,103,103,109,109,109,109,251293696,251293696,236625920,135168,243564544,1,dbus-daemon,S (sleeping),router.bnsdq.ozxfs.rzona.kvugl,0.29178249183958466
1759302963,74883,1,N/A,N/A,N/A,N/A,N/A,N/A,N/A,N/A,1264619520,1264619520,17166336,135168,45826048,4,discern-proc-so,R (running),router.bnsdq.ozxfs.rzona.kvugl,2.4998987515004623
1759302963,1,N/A,N/A,N/A,N/A,N/A,N/A,N/A,N/A,N/A,234930176,169373696,10833920,1056768,19714048,1,systemd,S (sleeping),router.bnsdq.ozxfs.rzona.kvugl,1.547641263803132
1759302963,3366,1,N/A,N/A,N/A,N/A,N/A,N/A,N/A,N/A,1954459648,1931546624,36614144,135168,175190016,14,discern-network,S (sleeping),router.bnsdq.ozxfs.rzona.kvugl,1.2823926531941423
1759302963,82392,1,101,101,101,101,102,102,102,102,16568320,16564224,7299072,135168,626688,1,systemd-network,S (sleeping),router.bnsdq.ozxfs.rzona.kvugl,0.708280427898852
1759302963,380,1,103,103,103,103,109,109,109,109,251293696,251293696,236625920,135168,243564544,1,dbus-daemon,S (sleeping),router.bnsdq.ozxfs.rzona.kvugl,0.2918674545446204
1759302968,74883,1,N/A,N/A,N/A,N/A,N/A,N/A,N/A,N/A,1264619520,1264619520,17166336,135168,45826048,4,discern-proc-so,S (sleeping),router.bnsdq.ozxfs.rzona.kvugl,2.5017648368056538
1759302968,1,N/A,N/A,N/A,N/A,N/A,N/A,N/A,N/A,N/A,234930176,169373696,10833920,1056768,19714048,1,systemd,S (sleeping),router.bnsdq.ozxfs.rzona.kvugl,1.5474721010108963
1759302968,3366,1,N/A,N/A,N/A,N/A,N/A,N/A,N/A,N/A,1954459648,1931546624,36614144,135168,175190016,14,discern-network,S (sleeping),router.bnsdq.ozxfs.rzona.kvugl,1.2819325359748865
1759302968,82449,1,101,101,101,101,102,102,102,102,16568320,16564224,7319552,135168,626688,1,systemd-network,S (sleeping),router.bnsdq.ozxfs.rzona.kvugl,0.7522492872413555
1759302969,380,1,103,103,103,103,109,109,109,109,251293696,251293696,236625920,135168,243564544,1,dbus-daemon,S (sleeping),router.bnsdq.ozxfs.rzona.kvugl,0.29161041272798605
1759302974,74883,1,N/A,N/A,N/A,N/A,N/A,N/A,N/A,N/A,1264619520,1264619520,17166336,135168,45826048,4,discern-proc-so,S (sleeping),router.bnsdq.ozxfs.rzona.kvugl,2.500305178652655
1759302974,1,N/A,N/A,N/A,N/A,N/A,N/A,N/A,N/A,N/A,234930176,169373696,10833920,1056768,19714048,1,systemd,S (sleeping),router.bnsdq.ozxfs.rzona.kvugl,1.547479843195283
1759302974,3366,1,N/A,N/A,N/A,N/A,N/A,N/A,N/A,N/A,1954459648,1931546624,36614144,135168,175190016,14,discern-network,S (sleeping),router.bnsdq.ozxfs.rzona.kvugl,1.281303353347529
1759302974,82515,1,101,101,101,101,102,102,102,102,16568320,16564224,7471104,135168,626688,1,systemd-network,S (sleeping),router.bnsdq.ozxfs.rzona.kvugl,0.4844515083707641
1759302974,380,1,103,103,103,103,109,109,109,109,251293696,251293696,236625920,135168,243564544,1,dbus-daemon,S (sleeping),router.bnsdq.ozxfs.rzona.kvugl,0.2916957785667378
1759302979,74883,1,N/A,N/A,N/A,N/A,N/A,N/A,N/A,N/A,1264619520,1264619520,17166336,135168,45826048,4,discern-proc-so,R (running),router.bnsdq.ozxfs.rzona.kvugl,2.5038304658893225
1759302979,1,N/A,N/A,N/A,N/A,N/A,N/A,N/A,N/A,N/A,234930176,169373696,10833920,1056768,19714048,1,systemd,S (sleeping),router.bnsdq.ozxfs.rzona.kvugl,1.547311888005795
1759302979,3366,1,N/A,N/A,N/A,N/A,N/A,N/A,N/A,N/A,1954459648,1931546624,36614144,135168,175190016,14,discern-network,S (sleeping),router.bnsdq.ozxfs.rzona.kvugl,1.2810208295369958
1759302979,82569,1,101,101,101,101,102,102,102,102,16568320,16564224,7471104,135168,626688,1,systemd-network,S (sleeping),router.bnsdq.ozxfs.rzona.kvugl,0.46622590246413737
1759302979,380,1,103,103,103,103,109,109,109,109,251293696,251293696,236625920,135168,243564544,1,dbus-daemon,S (sleeping),router.bnsdq.ozxfs.rzona.kvugl,0.29160971541604847
1759302984,74883,1,N/A,N/A,N/A,N/A,N/A,N/A,N/A,N/A,1264619520,1264619520,17166336,135168,45826048,4,discern-proc-so,S (sleeping),router.bnsdq.ozxfs.rzona.kvugl,2.5023557776897314
1759302984,1,N/A,N/A,N/A,N/A,N/A,N/A,N/A,N/A,N/A,234930176,169373696,10833920,1056768,19714048,1,systemd,S (sleeping),router.bnsdq.ozxfs.rzona.kvugl,1.546978350301469
1759302984,3366,1,N/A,N/A,N/A,N/A,N/A,N/A,N/A,N/A,1954459648,1931546624,36614144,135168,175190016,14,discern-network,S (sleeping),router.bnsdq.ozxfs.rzona.kvugl,1.2803923975448996
1759302984,82625,1,101,101,101,101,102,102,102,102,16568320,16568320,7413760,135168,630784,1,systemd-network,S (sleeping),router.bnsdq.ozxfs.rzona.kvugl,0.6763640271889069
1759302984,380,1,103,103,103,103,109,109,109,109,251293696,251293696,236625920,135168,243564544,1,dbus-daemon,S (sleeping),router.bnsdq.ozxfs.rzona.kvugl,0.2916946641371572
1759302989,74883,1,N/A,N/A,N/A,N/A,N/A,N/A,N/A,N/A,1264619520,1264619520,17166336,135168,45826048,4,discern-proc-so,R (running),router.bnsdq.ozxfs.rzona.kvugl,2.5074455874213117
1759302989,1,N/A,N/A,N/A,N/A,N/A,N/A,N/A,N/A,N/A,234930176,169373696,10833920,1056768,19714048,1,systemd,S (sleeping),router.bnsdq.ozxfs.rzona.kvugl,1.5471500839740961
1759302989,3366,1,N/A,N/A,N/A,N/A,N/A,N/A,N/A,N/A,1954459648,1931546624,36614144,135168,175190016,14,discern-network,S (sleeping),router.bnsdq.ozxfs.rzona.kvugl,1.2799357693095623
1759302989,82686,1,101,101,101,101,102,102,102,102,16568320,16568320,7442432,135168,630784,1,systemd-network,S (sleeping),router.bnsdq.ozxfs.rzona.kvugl,0.5357466605023037
1759302989,380,1,103,103,103,103,109,109,109,109,251293696,251293696,236625920,135168,243564544,1,dbus-daemon,S (sleeping),router.bnsdq.ozxfs.rzona.kvugl,0.29160861741980654
1759302994,74883,1,N/A,N/A,N/A,N/A,N/A,N/A,N/A,N/A,1264619520,1264619520,17166336,135168,45826048,4,discern-proc-so,S (sleeping),router.bnsdq.ozxfs.rzona.kvugl,2.50404489984011
1759302994,1,N/A,N/A,N/A,N/A,N/A,N/A,N/A,N/A,N/A,234930176,169627648,10833920,1056768,19968000,1,systemd,S (sleeping),router.bnsdq.ozxfs.rzona.kvugl,1.5467993413339731
1759302994,3366,1,N/A,N/A,N/A,N/A,N/A,N/A,N/A,N/A,1954459648,1931546624,36614144,135168,175190016,14,discern-network,S (sleeping),router.bnsdq.ozxfs.rzona.kvugl,1.2812153040915553
1759302994,380,1,103,103,103,103,109,109,109,109,251293696,251293696,236625920,135168,243564544,1,dbus-daemon,S (sleeping),router.bnsdq.ozxfs.rzona.kvugl,0.29185982487109957
1759302994,285,1,102,102,102,102,103,103,103,103,24743936,24678400,12312576,135168,3698688,1,systemd-resolve,S (sleeping),router.bnsdq.ozxfs.rzona.kvugl,0.24703667083635014
1759302999,82869,1,101,101,101,101,102,102,102,102,16568320,16568320,7372800,135168,630784,1,systemd-network,S (sleeping),router.bnsdq.ozxfs.rzona.kvugl,3.067027926297299
1759302999,74883,1,N/A,N/A,N/A,N/A,N/A,N/A,N/A,N/A,1264619520,1264619520,17166336,135168,45826048,4,discern-proc-so,S (sleeping),router.bnsdq.ozxfs.rzona.kvugl,2.4992753457480226
1759302999,1,N/A,N/A,N/A,N/A,N/A,N/A,N/A,N/A,N/A,234930176,169357312,10833920,1056768,19697664,1,systemd,S (sleeping),router.bnsdq.ozxfs.rzona.kvugl,1.5471402966064858
1759302999,3366,1,N/A,N/A,N/A,N/A,N/A,N/A,N/A,N/A,1954459648,1931546624,36614144,135168,175190016,14,discern-network,S (sleeping),router.bnsdq.ozxfs.rzona.kvugl,1.28459739119628
1759302999,380,1,103,103,103,103,109,109,109,109,251293696,251293696,236625920,135168,243564544,1,dbus-daemon,S (sleeping),router.bnsdq.ozxfs.rzona.kvugl,0.2916041098982548
1759303005,74883,1,N/A,N/A,N/A,N/A,N/A,N/A,N/A,N/A,1264619520,1264619520,17166336,135168,45826048,4,discern-proc-so,R (running),router.bnsdq.ozxfs.rzona.kvugl,2.4947200078065905
1759303005,1,N/A,N/A,N/A,N/A,N/A,N/A,N/A,N/A,N/A,234930176,169492480,10833920,1056768,19832832,1,systemd,S (sleeping),router.bnsdq.ozxfs.rzona.kvugl,1.5468118233436556
1759303005,82923,1,101,101,101,101,102,102,102,102,16568320,16564224,7290880,135168,626688,1,systemd-network,S (sleeping),router.bnsdq.ozxfs.rzona.kvugl,1.4218673241381174
1759303005,3366,1,N/A,N/A,N/A,N/A,N/A,N/A,N/A,N/A,1954459648,1931546624,36614144,135168,175190016,14,discern-network,S (sleeping),router.bnsdq.ozxfs.rzona.kvugl,1.2879808763530638
1759303005,380,1,103,103,103,103,109,109,109,109,251293696,251293696,236625920,135168,243564544,1,dbus-daemon,S (sleeping),router.bnsdq.ozxfs.rzona.kvugl,0.2916894710440874
1759303010,74883,1,N/A,N/A,N/A,N/A,N/A,N/A,N/A,N/A,1264619520,1264619520,17166336,135168,45826048,4,discern-proc-so,R (running),router.bnsdq.ozxfs.rzona.kvugl,2.4950081048412973
1759303010,1,N/A,N/A,N/A,N/A,N/A,N/A,N/A,N/A,N/A,234930176,169238528,10833920,1056768,19578880,1,systemd,S (sleeping),router.bnsdq.ozxfs.rzona.kvugl,1.5471590092557428
1759303010,3366,1,N/A,N/A,N/A,N/A,N/A,N/A,N/A,N/A,1954459648,1931546624,36614144,135168,175190016,14,discern-network,S (sleeping),router.bnsdq.ozxfs.rzona.kvugl,1.2917050691200818
1759303010,82980,1,101,101,101,101,102,102,102,102,16568320,16568320,7548928,135168,630784,1,systemd-network,S (sleeping),router.bnsdq.ozxfs.rzona.kvugl,0.8893796647943962
1759303010,380,1,103,103,103,103,109,109,109,109,251293696,251293696,236625920,135168,243564544,1,dbus-daemon,S (sleeping),router.bnsdq.ozxfs.rzona.kvugl,0.2917743248781444
1759303015,74883,1,N/A,N/A,N/A,N/A,N/A,N/A,N/A,N/A,1264619520,1264619520,17166336,135168,45826048,4,discern-proc-so,S (sleeping),router.bnsdq.ozxfs.rzona.kvugl,2.495221035407117
1759303015,1,N/A,N/A,N/A,N/A,N/A,N/A,N/A,N/A,N/A,234930176,169238528,10833920,1056768,19578880,1,systemd,S (sleeping),router.bnsdq.ozxfs.rzona.kvugl,1.5468244891975698
1759303015,3366,1,N/A,N/A,N/A,N/A,N/A,N/A,N/A,N/A,1954459648,1931546624,36614144,135168,175190016,14,discern-network,S (sleeping),router.bnsdq.ozxfs.rzona.kvugl,1.295070490724089
1759303015,83041,1,101,101,101,101,102,102,102,102,16568320,16564224,7299072,135168,626688,1,systemd-network,S (sleeping),router.bnsdq.ozxfs.rzona.kvugl,0.8809186095461918
1759303015,380,1,103,103,103,103,109,109,109,109,251293696,251293696,236625920,135168,243564544,1,dbus-daemon,S (sleeping),router.bnsdq.ozxfs.rzona.kvugl,0.29185813349921125
1759303020,74883,1,N/A,N/A,N/A,N/A,N/A,N/A,N/A,N/A,1264619520,1264619520,17166336,135168,45826048,4,discern-proc-so,R (running),router.bnsdq.ozxfs.rzona.kvugl,2.4954540475364246
1759303020,1,N/A,N/A,N/A,N/A,N/A,N/A,N/A,N/A,N/A,234930176,169238528,10833920,1056768,19578880,1,systemd,S (sleeping),router.bnsdq.ozxfs.rzona.kvugl,1.5468300580855672
1759303020,3366,1,N/A,N/A,N/A,N/A,N/A,N/A,N/A,N/A,1954459648,1931546624,36614144,135168,175190016,14,discern-network,S (sleeping),router.bnsdq.ozxfs.rzona.kvugl,1.2982573861982787
1759303020,83106,1,101,101,101,101,102,102,102,102,16568320,16564224,7290880,135168,626688,1,systemd-network,S (sleeping),router.bnsdq.ozxfs.rzona.kvugl,0.8436291251880309
1759303020,380,1,103,103,103,103,109,109,109,109,251293696,251293696,236625920,135168,243564544,1,dbus-daemon,S (sleeping),router.bnsdq.ozxfs.rzona.kvugl,0.29177306852626317
1759303025,74883,1,N/A,N/A,N/A,N/A,N/A,N/A,N/A,N/A,1264619520,1264619520,17166336,135168,45826048,4,discern-proc-so,S (sleeping),router.bnsdq.ozxfs.rzona.kvugl,2.495607819012879
1759303025,1,N/A,N/A,N/A,N/A,N/A,N/A,N/A,N/A,N/A,234930176,169373696,10833920,1056768,19714048,1,systemd,S (sleeping),router.bnsdq.ozxfs.rzona.kvugl,1.5468305497234618
1759303025,3366,1,N/A,N/A,N/A,N/A,N/A,N/A,N/A,N/A,1954459648,1931546624,36614144,135168,175190016,14,discern-network,S (sleeping),router.bnsdq.ozxfs.rzona.kvugl,1.3016079169533779
1759303025,83163,1,101,101,101,101,102,102,102,102,16568320,16564224,7233536,135168,626688,1,systemd-network,S (sleeping),router.bnsdq.ozxfs.rzona.kvugl,0.42319100378262
1759303025,380,1,103,103,103,103,109,109,109,109,251293696,251293696,236625920,135168,243564544,1,dbus-daemon,S (sleeping),router.bnsdq.ozxfs.rzona.kvugl,0.29168719660289044
1759303030,74883,1,N/A,N/A,N/A,N/A,N/A,N/A,N/A,N/A,1264619520,1264619520,17166336,135168,45826048,4,discern-proc-so,R (running),router.bnsdq.ozxfs.rzona.kvugl,2.497388933777195
1759303030,1,N/A,N/A,N/A,N/A,N/A,N/A,N/A,N/A,N/A,234930176,169373696,10833920,1056768,19714048,1,systemd,S (sleeping),router.bnsdq.ozxfs.rzona.kvugl,1.546499211102033
1759303030,3366,1,N/A,N/A,N/A,N/A,N/A,N/A,N/A,N/A,1954459648,1931546624,36614144,135168,175190016,14,discern-network,S (sleeping),router.bnsdq.ozxfs.rzona.kvugl,1.3049572063270207
1759303030,83225,1,101,101,101,101,102,102,102,102,16568320,16564224,7356416,135168,626688,1,systemd-network,S (sleeping),router.bnsdq.ozxfs.rzona.kvugl,0.6153997620453843
1759303030,380,1,103,103,103,103,109,109,109,109,251293696,251293696,236625920,135168,243564544,1,dbus-daemon,S (sleeping),router.bnsdq.ozxfs.rzona.kvugl,0.29160250692332235
1759303036,74883,1,N/A,N/A,N/A,N/A,N/A,N/A,N/A,N/A,1264619520,1264619520,17166336,135168,45826048,4,discern-proc-so,S (sleeping),router.bnsdq.ozxfs.rzona.kvugl,2.499069895571067
1759303036,1,N/A,N/A,N/A,N/A,N/A,N/A,N/A,N/A,N/A,234930176,169373696,10833920,1056768,19714048,1,systemd,S (sleeping),router.bnsdq.ozxfs.rzona.kvugl,1.546669119053367
1759303036,3366,1,N/A,N/A,N/A,N/A,N/A,N/A,N/A,N/A,1954459648,1931546624,36614144,135168,175190016,14,discern-network,S (sleeping),router.bnsdq.ozxfs.rzona.kvugl,1.3084696557274922
1759303036,83283,1,101,101,101,101,102,102,102,102,16568320,16564224,7368704,135168,626688,1,systemd-network,S (sleeping),router.bnsdq.ozxfs.rzona.kvugl,0.5949316163339828
1759303036,380,1,103,103,103,103,109,109,109,109,251293696,251293696,236625920,135168,243564544,1,dbus-daemon,S (sleeping),router.bnsdq.ozxfs.rzona.kvugl,0.29168564175215966
1759303041,74883,1,N/A,N/A,N/A,N/A,N/A,N/A,N/A,N/A,1264619520,1264619520,17166336,135168,45826048,4,discern-proc-so,R (running),router.bnsdq.ozxfs.rzona.kvugl,2.4963076467117817
1759303041,83404,1,101,101,101,101,102,102,102,102,16568320,16564224,7430144,135168,626688,1,systemd-network,S (sleeping),router.bnsdq.ozxfs.rzona.kvugl,1.7105130311800438
1759303041,1,N/A,N/A,N/A,N/A,N/A,N/A,N/A,N/A,N/A,234930176,169627648,10833920,1056768,19968000,1,systemd,S (sleeping),router.bnsdq.ozxfs.rzona.kvugl,1.5468493073497833
1759303041,3366,1,N/A,N/A,N/A,N/A,N/A,N/A,N/A,N/A,1954459648,1931546624,36614144,135168,175190016,14,discern-network,S (sleeping),router.bnsdq.ozxfs.rzona.kvugl,1.3116385450035164
1759303041,380,1,103,103,103,103,109,109,109,109,251293696,251293696,236625920,135168,243564544,1,dbus-daemon,S (sleeping),router.bnsdq.ozxfs.rzona.kvugl,0.2919390978688807
1759303046,74883,1,N/A,N/A,N/A,N/A,N/A,N/A,N/A,N/A,1264619520,1264619520,17166336,135168,45826048,4,discern-proc-so,R (running),router.bnsdq.ozxfs.rzona.kvugl,2.4920835040534195
1759303046,83469,1,101,101,101,101,102,102,102,102,16568320,16568320,7467008,135168,630784,1,systemd-network,S (sleeping),router.bnsdq.ozxfs.rzona.kvugl,1.5453559693748062
1759303046,1,N/A,N/A,N/A,N/A,N/A,N/A,N/A,N/A,N/A,234930176,169361408,10833920,1056768,19701760,1,systemd,S (sleeping),router.bnsdq.ozxfs.rzona.kvugl,1.5468614988916878
1759303046,3366,1,N/A,N/A,N/A,N/A,N/A,N/A,N/A,N/A,1954459648,1931546624,36614144,135168,175190016,14,discern-network,S (sleeping),router.bnsdq.ozxfs.rzona.kvugl,1.3153215792776585
1759303046,380,1,103,103,103,103,109,109,109,109,251293696,251293696,236625920,135168,243564544,1,dbus-daemon,S (sleeping),router.bnsdq.ozxfs.rzona.kvugl,0.2918555876196078
1759303051,74883,1,N/A,N/A,N/A,N/A,N/A,N/A,N/A,N/A,1264619520,1264619520,17166336,135168,45826048,4,discern-proc-so,S (sleeping),router.bnsdq.ozxfs.rzona.kvugl,2.4923495330526046
1759303051,1,N/A,N/A,N/A,N/A,N/A,N/A,N/A,N/A,N/A,234930176,169496576,10833920,1056768,19836928,1,systemd,S (sleeping),router.bnsdq.ozxfs.rzona.kvugl,1.5467003153720815
1759303051,3366,1,N/A,N/A,N/A,N/A,N/A,N/A,N/A,N/A,1954459648,1931546624,36614144,135168,175190016,14,discern-network,S (sleeping),router.bnsdq.ozxfs.rzona.kvugl,1.3184746376747938
1759303051,83524,1,101,101,101,101,102,102,102,102,16568320,16564224,7360512,135168,626688,1,systemd-network,S (sleeping),router.bnsdq.ozxfs.rzona.kvugl,1.2296413986337211
1759303051,380,1,103,103,103,103,109,109,109,109,251293696,251293696,236625920,135168,243564544,1,dbus-daemon,S (sleeping),router.bnsdq.ozxfs.rzona.kvugl,0.29177121855446153
1759303056,74883,1,N/A,N/A,N/A,N/A,N/A,N/A,N/A,N/A,1264619520,1264619520,17166336,135168,45826048,4,discern-proc-so,S (sleeping),router.bnsdq.ozxfs.rzona.kvugl,2.491128028323757
1759303056,1,N/A,N/A,N/A,N/A,N/A,N/A,N/A,N/A,N/A,234930176,169238528,10833920,1056768,19578880,1,systemd,S (sleeping),router.bnsdq.ozxfs.rzona.kvugl,1.547043575283748
1759303056,3366,1,N/A,N/A,N/A,N/A,N/A,N/A,N/A,N/A,1954459648,1931546624,36614144,135168,175190016,14,discern-network,S (sleeping),router.bnsdq.ozxfs.rzona.kvugl,1.32214075190048
1759303056,83589,1,101,101,101,101,102,102,102,102,16568320,16568320,7483392,135168,630784,1,systemd-network,S (sleeping),router.bnsdq.ozxfs.rzona.kvugl,1.1611718458948648
1759303056,380,1,103,103,103,103,109,109,109,109,251293696,251293696,236625920,135168,243564544,1,dbus-daemon,S (sleeping),router.bnsdq.ozxfs.rzona.kvugl,0.29185509100656926
1759303061,74883,1,N/A,N/A,N/A,N/A,N/A,N/A,N/A,N/A,1264619520,1264619520,17166336,135168,45826048,4,discern-proc-so,S (sleeping),router.bnsdq.ozxfs.rzona.kvugl,2.4913001504967958
1759303061,1,N/A,N/A,N/A,N/A,N/A,N/A,N/A,N/A,N/A,234930176,169373696,10833920,1056768,19714048,1,systemd,S (sleeping),router.bnsdq.ozxfs.rzona.kvugl,1.5467078284424094
1759303061,3366,1,N/A,N/A,N/A,N/A,N/A,N/A,N/A,N/A,1954459648,1931546624,36614144,135168,175190016,14,discern-network,S (sleeping),router.bnsdq.ozxfs.rzona.kvugl,1.3256213336877491
1759303061,83646,1,101,101,101,101,102,102,102,102,16568320,16564224,7376896,135168,626688,1,systemd-network,S (sleeping),router.bnsdq.ozxfs.rzona.kvugl,0.7988484356949533
1759303061,380,1,103,103,103,103,109,109,109,109,251293696,251293696,236625920,135168,243564544,1,dbus-daemon,S (sleeping),router.bnsdq.ozxfs.rzona.kvugl,0.29176957083108757
1759303066,74883,1,N/A,N/A,N/A,N/A,N/A,N/A,N/A,N/A,1264619520,1264619520,17166336,135168,45826048,4,discern-proc-so,S (sleeping),router.bnsdq.ozxfs.rzona.kvugl,2.4930063688119604
1759303066,1,N/A,N/A,N/A,N/A,N/A,N/A,N/A,N/A,N/A,234930176,169373696,10833920,1056768,19714048,1,systemd,S (sleeping),router.bnsdq.ozxfs.rzona.kvugl,1.5467129483372055
1759303066,3366,1,N/A,N/A,N/A,N/A,N/A,N/A,N/A,N/A,1954459648,1931546624,36614144,135168,175190016,14,discern-network,S (sleeping),router.bnsdq.ozxfs.rzona.kvugl,1.3291001197930483
1759303066,83710,1,101,101,101,101,102,102,102,102,16568320,16568320,7307264,135168,630784,1,systemd-network,S (sleeping),router.bnsdq.ozxfs.rzona.kvugl,0.5117776137115417
1759303066,380,1,103,103,103,103,109,109,109,109,251293696,251293696,236625920,135168,243564544,1,dbus-daemon,S (sleeping),router.bnsdq.ozxfs.rzona.kvugl,0.2916851405962674
1759303072,74883,1,N/A,N/A,N/A,N/A,N/A,N/A,N/A,N/A,1264619520,1264619520,17166336,135168,45826048,4,discern-proc-so,R (running),router.bnsdq.ozxfs.rzona.kvugl,2.4946485146389294
1759303072,1,N/A,N/A,N/A,N/A,N/A,N/A,N/A,N/A,N/A,234930176,169357312,10833920,1056768,19697664,1,systemd,S (sleeping),router.bnsdq.ozxfs.rzona.kvugl,1.546547809021377
1759303072,3366,1,N/A,N/A,N/A,N/A,N/A,N/A,N/A,N/A,1954459648,1931546624,36614144,135168,175190016,14,discern-network,S (sleeping),router.bnsdq.ozxfs.rzona.kvugl,1.3322256547851707
1759303072,83762,1,101,101,101,101,102,102,102,102,16568320,16564224,7458816,135168,626688,1,systemd-network,S (sleeping),router.bnsdq.ozxfs.rzona.kvugl,0.7368964503938459
1759303072,380,1,103,103,103,103,109,109,109,109,251293696,251293696,236625920,135168,243564544,1,dbus-daemon,S (sleeping),router.bnsdq.ozxfs.rzona.kvugl,0.29176792532652807
1759303077,74883,1,N/A,N/A,N/A,N/A,N/A,N/A,N/A,N/A,1264619520,1264619520,17166336,135168,45826048,4,discern-proc-so,R (running),router.bnsdq.ozxfs.rzona.kvugl,2.493453678557306
1759303077,1,N/A,N/A,N/A,N/A,N/A,N/A,N/A,N/A,N/A,234930176,169357312,10833920,1056768,19697664,1,systemd,S (sleeping),router.bnsdq.ozxfs.rzona.kvugl,1.5463884680054596
1759303077,3366,1,N/A,N/A,N/A,N/A,N/A,N/A,N/A,N/A,1954459648,1931546624,36614144,135168,175190016,14,discern-network,S (sleeping),router.bnsdq.ozxfs.rzona.kvugl,1.3358670064905833
1759303077,83827,1,101,101,101,101,102,102,102,102,16568320,16568320,7442432,135168,630784,1,systemd-network,S (sleeping),router.bnsdq.ozxfs.rzona.kvugl,0.7120658851701486
1759303077,380,1,103,103,103,103,109,109,109,109,251293696,251293696,236625920,135168,243564544,1,dbus-daemon,S (sleeping),router.bnsdq.ozxfs.rzona.kvugl,0.2916841610152523
1759303082,74883,1,N/A,N/A,N/A,N/A,N/A,N/A,N/A,N/A,1264619520,1264619520,17166336,135168,45826048,4,discern-proc-so,S (sleeping),router.bnsdq.ozxfs.rzona.kvugl,2.4936424147988805
1759303082,1,N/A,N/A,N/A,N/A,N/A,N/A,N/A,N/A,N/A,234930176,169365504,10833920,1056768,19705856,1,systemd,S (sleeping),router.bnsdq.ozxfs.rzona.kvugl,1.54722775861678
1759303082,3366,1,N/A,N/A,N/A,N/A,N/A,N/A,N/A,N/A,1954459648,1931546624,36614144,135168,175190016,14,discern-network,S (sleeping),router.bnsdq.ozxfs.rzona.kvugl,1.3389815281228032
1759303082,83882,1,101,101,101,101,102,102,102,102,16568320,16564224,7393280,135168,626688,1,systemd-network,S (sleeping),router.bnsdq.ozxfs.rzona.kvugl,0.5582617748939687
1759303082,380,1,103,103,103,103,109,109,109,109,251293696,251293696,236625920,135168,243564544,1,dbus-daemon,S (sleeping),router.bnsdq.ozxfs.rzona.kvugl,0.29159962454938887
1759303087,74883,1,N/A,N/A,N/A,N/A,N/A,N/A,N/A,N/A,1264619520,1264619520,17166336,135168,45826048,4,discern-proc-so,R (running),router.bnsdq.ozxfs.rzona.kvugl,2.490968242730101
1759303087,83999,1,101,101,101,101,102,102,102,102,16568320,16564224,7344128,135168,626688,1,systemd-network,S (sleeping),router.bnsdq.ozxfs.rzona.kvugl,1.9503793471251933
1759303087,1,N/A,N/A,N/A,N/A,N/A,N/A,N/A,N/A,N/A,234930176,169500672,10833920,1056768,19841024,1,systemd,S (sleeping),router.bnsdq.ozxfs.rzona.kvugl,1.5478975478524346
1759303087,3366,1,N/A,N/A,N/A,N/A,N/A,N/A,N/A,N/A,1954459648,1931546624,36614144,135168,175190016,14,discern-network,S (sleeping),router.bnsdq.ozxfs.rzona.kvugl,1.3424333546138814
1759303087,380,1,103,103,103,103,109,109,109,109,251293696,251293696,236625920,135168,243564544,1,dbus-daemon,S (sleeping),router.bnsdq.ozxfs.rzona.kvugl,0.29184935167887543
1759303092,74883,1,N/A,N/A,N/A,N/A,N/A,N/A,N/A,N/A,1264619520,1264619520,17166336,135168,45826048,4,discern-proc-so,S (sleeping),router.bnsdq.ozxfs.rzona.kvugl,2.4883879805023477
1759303092,1,N/A,N/A,N/A,N/A,N/A,N/A,N/A,N/A,N/A,234930176,169500672,10833920,1056768,19841024,1,systemd,S (sleeping),router.bnsdq.ozxfs.rzona.kvugl,1.5480694840088833
1759303092,3366,1,N/A,N/A,N/A,N/A,N/A,N/A,N/A,N/A,1954459648,1931546624,36614144,135168,175190016,14,discern-network,S (sleeping),router.bnsdq.ozxfs.rzona.kvugl,1.3457109965108427
1759303092,84064,1,101,101,101,101,102,102,102,102,16568320,16564224,7299072,135168,626688,1,systemd-network,S (sleeping),router.bnsdq.ozxfs.rzona.kvugl,1.185275476837065
1759303092,380,1,103,103,103,103,109,109,109,109,251293696,251293696,236625920,135168,243564544,1,dbus-daemon,S (sleeping),router.bnsdq.ozxfs.rzona.kvugl,0.2915983856836254
1759303097,74883,1,N/A,N/A,N/A,N/A,N/A,N/A,N/A,N/A,1264619520,1264619520,17166336,135168,45826048,4,discern-proc-so,R (running),router.bnsdq.ozxfs.rzona.kvugl,2.4844935405520316
1759303097,84119,1,101,101,101,101,102,102,102,102,16568320,16568320,7446528,135168,630784,1,systemd-network,S (sleeping),router.bnsdq.ozxfs.rzona.kvugl,1.6470554555270716
1759303097,1,N/A,N/A,N/A,N/A,N/A,N/A,N/A,N/A,N/A,234930176,169373696,10833920,1056768,19714048,1,systemd,S (sleeping),router.bnsdq.ozxfs.rzona.kvugl,1.5479113159225353
1759303097,3366,1,N/A,N/A,N/A,N/A,N/A,N/A,N/A,N/A,1954459648,1931546624,36614144,135168,175190016,14,discern-network,S (sleeping),router.bnsdq.ozxfs.rzona.kvugl,1.348814648091773
1759303097,380,1,103,103,103,103,109,109,109,109,251293696,251293696,236625920,135168,243564544,1,dbus-daemon,S (sleeping),router.bnsdq.ozxfs.rzona.kvugl,0.2916822952536019
1759303102,74883,1,N/A,N/A,N/A,N/A,N/A,N/A,N/A,N/A,1264619520,1264619520,17166336,135168,45826048,4,discern-proc-so,S (sleeping),router.bnsdq.ozxfs.rzona.kvugl,2.4779521347051507
1759303102,84184,1,101,101,101,101,102,102,102,102,16568320,16568320,7319552,135168,630784,1,systemd-network,S (sleeping),router.bnsdq.ozxfs.rzona.kvugl,1.5530735923290142
1759303102,1,N/A,N/A,N/A,N/A,N/A,N/A,N/A,N/A,N/A,234930176,169373696,10833920,1056768,19714048,1,systemd,S (sleeping),router.bnsdq.ozxfs.rzona.kvugl,1.5482595524228422
1759303102,3366,1,N/A,N/A,N/A,N/A,N/A,N/A,N/A,N/A,1954459648,1931546624,36614144,135168,175190016,14,discern-network,S (sleeping),router.bnsdq.ozxfs.rzona.kvugl,1.3520898258515381
1759303102,380,1,103,103,103,103,109,109,109,109,251293696,251293696,236625920,135168,243564544,1,dbus-daemon,S (sleeping),router.bnsdq.ozxfs.rzona.kvugl,0.2917672235312137
1759303108,74883,1,N/A,N/A,N/A,N/A,N/A,N/A,N/A,N/A,1264619520,1264619520,17166336,135168,45826048,4,discern-proc-so,R (running),router.bnsdq.ozxfs.rzona.kvugl,2.4755703514774585
1759303108,1,N/A,N/A,N/A,N/A,N/A,N/A,N/A,N/A,N/A,234930176,169373696,10833920,1056768,19714048,1,systemd,S (sleeping),router.bnsdq.ozxfs.rzona.kvugl,1.5479350887277932
1759303108,3366,1,N/A,N/A,N/A,N/A,N/A,N/A,N/A,N/A,1954459648,1931546624,36614144,135168,175190016,14,discern-network,S (sleeping),router.bnsdq.ozxfs.rzona.kvugl,1.355011252374523
1759303108,84239,1,101,101,101,101,102,102,102,102,16568320,16564224,7376896,135168,626688,1,systemd-network,S (sleeping),router.bnsdq.ozxfs.rzona.kvugl,0.6523155371988556
1759303108,380,1,103,103,103,103,109,109,109,109,251293696,251293696,236625920,135168,243564544,1,dbus-daemon,S (sleeping),router.bnsdq.ozxfs.rzona.kvugl,0.2916842779519804
1759303113,74883,1,N/A,N/A,N/A,N/A,N/A,N/A,N/A,N/A,1264619520,1264619520,17166336,135168,45826048,4,discern-proc-so,R (running),router.bnsdq.ozxfs.rzona.kvugl,2.4731765255765628
1759303113,1,N/A,N/A,N/A,N/A,N/A,N/A,N/A,N/A,N/A,234930176,169373696,10833920,1056768,19714048,1,systemd,S (sleeping),router.bnsdq.ozxfs.rzona.kvugl,1.5477740348241622
1759303113,3366,1,N/A,N/A,N/A,N/A,N/A,N/A,N/A,N/A,1954459648,1931546624,36614144,135168,175190016,14,discern-network,S (sleeping),router.bnsdq.ozxfs.rzona.kvugl,1.3577532746607732
1759303113,84304,1,101,101,101,101,102,102,102,102,16568320,16564224,7372800,135168,626688,1,systemd-network,S (sleeping),router.bnsdq.ozxfs.rzona.kvugl,0.9335360789064027
1759303113,380,1,103,103,103,103,109,109,109,109,251293696,251293696,236625920,135168,243564544,1,dbus-daemon,S (sleeping),router.bnsdq.ozxfs.rzona.kvugl,0.2916008136635767
1759303118,74883,1,N/A,N/A,N/A,N/A,N/A,N/A,N/A,N/A,1264619520,1264619520,17166336,135168,45826048,4,discern-proc-so,S (sleeping),router.bnsdq.ozxfs.rzona.kvugl,2.4735832053236098
1759303118,1,N/A,N/A,N/A,N/A,N/A,N/A,N/A,N/A,N/A,234930176,169373696,10833920,1056768,19714048,1,systemd,S (sleeping),router.bnsdq.ozxfs.rzona.kvugl,1.5477824977780892
1759303118,3366,1,N/A,N/A,N/A,N/A,N/A,N/A,N/A,N/A,1954459648,1931546624,36614144,135168,175190016,14,discern-network,S (sleeping),router.bnsdq.ozxfs.rzona.kvugl,1.3608351241649512
1759303118,84358,1,101,101,101,101,102,102,102,102,16568320,16564224,7303168,135168,626688,1,systemd-network,S (sleeping),router.bnsdq.ozxfs.rzona.kvugl,0.6897408570970174
1759303118,380,1,103,103,103,103,109,109,109,109,251293696,251293696,236625920,135168,243564544,1,dbus-daemon,S (sleeping),router.bnsdq.ozxfs.rzona.kvugl,0.2916843566806616
1759303123,74883,1,N/A,N/A,N/A,N/A,N/A,N/A,N/A,N/A,1264619520,1264619520,17166336,135168,45826048,4,discern-proc-so,R (running),router.bnsdq.ozxfs.rzona.kvugl,2.4712789908200414
1759303123,1,N/A,N/A,N/A,N/A,N/A,N/A,N/A,N/A,N/A,234930176,169373696,10833920,1056768,19714048,1,systemd,S (sleeping),router.bnsdq.ozxfs.rzona.kvugl,1.5476251113313186
1759303123,3366,1,N/A,N/A,N/A,N/A,N/A,N/A,N/A,N/A,1954459648,1931546624,36614144,135168,175190016,14,discern-network,S (sleeping),router.bnsdq.ozxfs.rzona.kvugl,1.3640825965051235
1759303123,84421,1,101,101,101,101,102,102,102,102,16568320,16568320,7471104,135168,630784,1,systemd-network,S (sleeping),router.bnsdq.ozxfs.rzona.kvugl,0.44600158683172175
1759303123,380,1,103,103,103,103,109,109,109,109,251293696,251293696,236625920,135168,243564544,1,dbus-daemon,S (sleeping),router.bnsdq.ozxfs.rzona.kvugl,0.29160165375243763
1759303128,74883,1,N/A,N/A,N/A,N/A,N/A,N/A,N/A,N/A,1264619520,1264619520,17166336,135168,45826048,4,discern-proc-so,S (sleeping),router.bnsdq.ozxfs.rzona.kvugl,2.471609183987395
1759303128,1,N/A,N/A,N/A,N/A,N/A,N/A,N/A,N/A,N/A,234930176,169373696,10833920,1056768,19714048,1,systemd,S (sleeping),router.bnsdq.ozxfs.rzona.kvugl,1.5477931301595207
1759303128,3366,1,N/A,N/A,N/A,N/A,N/A,N/A,N/A,N/A,1954459648,1931546624,36614144,135168,175190016,14,discern-network,S (sleeping),router.bnsdq.ozxfs.rzona.kvugl,1.3673182568817879
1759303128,84476,1,101,101,101,101,102,102,102,102,16568320,16568320,7450624,135168,630784,1,systemd-network,S (sleeping),router.bnsdq.ozxfs.rzona.kvugl,0.5314054717489369
1759303128,380,1,103,103,103,103,109,109,109,109,251293696,251293696,236625920,135168,243564544,1,dbus-daemon,S (sleeping),router.bnsdq.ozxfs.rzona.kvugl,0.2915178189646044
1759303133,74883,1,N/A,N/A,N/A,N/A,N/A,N/A,N/A,N/A,1264619520,1264619520,17166336,135168,45826048,4,discern-proc-so,R (running),router.bnsdq.ozxfs.rzona.kvugl,2.4704670061124796
1759303134,1,N/A,N/A,N/A,N/A,N/A,N/A,N/A,N/A,N/A,234930176,169238528,10833920,1056768,19578880,1,systemd,S (sleeping),router.bnsdq.ozxfs.rzona.kvugl,1.5476189145122552
1759303134,3366,1,N/A,N/A,N/A,N/A,N/A,N/A,N/A,N/A,1954459648,1931546624,36614144,135168,175190016,14,discern-network,S (sleeping),router.bnsdq.ozxfs.rzona.kvugl,1.3705387096786938
1759303134,380,1,103,103,103,103,109,109,109,109,251293696,251293696,236625920,135168,243564544,1,dbus-daemon,S (sleeping),router.bnsdq.ozxfs.rzona.kvugl,0.29176388761421307
1759303134,285,1,102,102,102,102,103,103,103,103,24743936,24678400,12312576,135168,3698688,1,systemd-resolve,S (sleeping),router.bnsdq.ozxfs.rzona.kvugl,0.24697918885655903
1759303139,84665,1,101,101,101,101,102,102,102,102,16568320,16568320,7356416,135168,630784,1,systemd-network,S (sleeping),router.bnsdq.ozxfs.rzona.kvugl,2.4694293109104675
1759303139,74883,1,N/A,N/A,N/A,N/A,N/A,N/A,N/A,N/A,1264619520,1264619520,17166336,135168,45826048,4,discern-proc-so,S (sleeping),router.bnsdq.ozxfs.rzona.kvugl,2.4714436206180355
1759303139,1,N/A,N/A,N/A,N/A,N/A,N/A,N/A,N/A,N/A,234930176,169238528,10833920,1056768,19578880,1,systemd,S (sleeping),router.bnsdq.ozxfs.rzona.kvugl,1.5478991110644242
1759303139,3366,1,N/A,N/A,N/A,N/A,N/A,N/A,N/A,N/A,1954459648,1931546624,36614144,135168,175190016,14,discern-network,S (sleeping),router.bnsdq.ozxfs.rzona.kvugl,1.3738848770501684
1759303139,380,1,103,103,103,103,109,109,109,109,251293696,251293696,236625920,135168,243564544,1,dbus-daemon,S (sleeping),router.bnsdq.ozxfs.rzona.kvugl,0.2918357617395457
1759303144,74883,1,N/A,N/A,N/A,N/A,N/A,N/A,N/A,N/A,1264619520,1264619520,17166336,135168,45826048,4,discern-proc-so,S (sleeping),router.bnsdq.ozxfs.rzona.kvugl,2.4705058393954746
1759303144,1,N/A,N/A,N/A,N/A,N/A,N/A,N/A,N/A,N/A,234930176,169373696,10833920,1056768,19714048,1,systemd,S (sleeping),router.bnsdq.ozxfs.rzona.kvugl,1.5475744354542684
1759303144,3366,1,N/A,N/A,N/A,N/A,N/A,N/A,N/A,N/A,1954459648,1931546624,36614144,135168,175190016,14,discern-network,S (sleeping),router.bnsdq.ozxfs.rzona.kvugl,1.37727755994301
1759303144,84716,1,101,101,101,101,102,102,102,102,16568320,16564224,7319552,135168,626688,1,systemd-network,S (sleeping),router.bnsdq.ozxfs.rzona.kvugl,1.2716649428704376
1759303144,380,1,103,103,103,103,109,109,109,109,251293696,251293696,236625920,135168,243564544,1,dbus-daemon,S (sleeping),router.bnsdq.ozxfs.rzona.kvugl,0.2919183857753128
1759303149,74883,1,N/A,N/A,N/A,N/A,N/A,N/A,N/A,N/A,1264619520,1264619520,17166336,135168,45826048,4,discern-proc-so,R (running),router.bnsdq.ozxfs.rzona.kvugl,2.4657616271663927
1759303149,1,N/A,N/A,N/A,N/A,N/A,N/A,N/A,N/A,N/A,234930176,169373696,10833920,1056768,19714048,1,systemd,S (sleeping),router.bnsdq.ozxfs.rzona.kvugl,1.5477547345601714
1759303149,3366,1,N/A,N/A,N/A,N/A,N/A,N/A,N/A,N/A,1954459648,1931546624,36614144,135168,175190016,14,discern-network,S (sleeping),router.bnsdq.ozxfs.rzona.kvugl,1.3799917603094556
1759303149,84781,1,101,101,101,101,102,102,102,102,16568320,16568320,7520256,135168,630784,1,systemd-network,S (sleeping),router.bnsdq.ozxfs.rzona.kvugl,1.2145720895342722
1759303149,380,1,103,103,103,103,109,109,109,109,251293696,251293696,236625920,135168,243564544,1,dbus-daemon,S (sleeping),router.bnsdq.ozxfs.rzona.kvugl,0.29183699611708197
1759303154,74883,1,N/A,N/A,N/A,N/A,N/A,N/A,N/A,N/A,1264619520,1264619520,17166336,135168,45826048,4,discern-proc-so,S (sleeping),router.bnsdq.ozxfs.rzona.kvugl,2.467435525524859
1759303154,1,N/A,N/A,N/A,N/A,N/A,N/A,N/A,N/A,N/A,234930176,169373696,10833920,1056768,19714048,1,systemd,S (sleeping),router.bnsdq.ozxfs.rzona.kvugl,1.547262525622485
1759303154,3366,1,N/A,N/A,N/A,N/A,N/A,N/A,N/A,N/A,1954459648,1931546624,36614144,135168,175190016,14,discern-network,S (sleeping),router.bnsdq.ozxfs.rzona.kvugl,1.3828607016439785
1759303154,84837,1,101,101,101,101,102,102,102,102,16568320,16564224,7323648,135168,626688,1,systemd-network,S (sleeping),router.bnsdq.ozxfs.rzona.kvugl,0.8274731395971464
1759303154,380,1,103,103,103,103,109,109,109,109,251293696,251293696,236625920,135168,243564544,1,dbus-daemon,S (sleeping),router.bnsdq.ozxfs.rzona.kvugl,0.2917535918592022
1759303159,74883,1,N/A,N/A,N/A,N/A,N/A,N/A,N/A,N/A,1264619520,1264619520,17166336,135168,45826048,4,discern-proc-so,R (running),router.bnsdq.ozxfs.rzona.kvugl,2.466525122856541
1759303159,1,N/A,N/A,N/A,N/A,N/A,N/A,N/A,N/A,N/A,234930176,169373696,10833920,1056768,19714048,1,systemd,S (sleeping),router.bnsdq.ozxfs.rzona.kvugl,1.5472679501112783
1759303159,3366,1,N/A,N/A,N/A,N/A,N/A,N/A,N/A,N/A,1954459648,1931546624,36614144,135168,175190016,14,discern-network,S (sleeping),router.bnsdq.ozxfs.rzona.kvugl,1.3858958894264106
1759303159,84903,1,101,101,101,101,102,102,102,102,16568320,16568320,7434240,135168,630784,1,systemd-network,S (sleeping),router.bnsdq.ozxfs.rzona.kvugl,0.794811862178433
1759303159,380,1,103,103,103,103,109,109,109,109,251293696,251293696,236625920,135168,243564544,1,dbus-daemon,S (sleeping),router.bnsdq.ozxfs.rzona.kvugl,0.29183580310005824
1759303164,74883,1,N/A,N/A,N/A,N/A,N/A,N/A,N/A,N/A,1264619520,1264619520,17166336,135168,45826048,4,discern-proc-so,S (sleeping),router.bnsdq.ozxfs.rzona.kvugl,2.469410894494546
1759303164,1,N/A,N/A,N/A,N/A,N/A,N/A,N/A,N/A,N/A,234930176,169373696,10833920,1056768,19714048,1,systemd,S (sleeping),router.bnsdq.ozxfs.rzona.kvugl,1.5469384531342774
1759303164,3366,1,N/A,N/A,N/A,N/A,N/A,N/A,N/A,N/A,1954459648,1931546624,36614144,135168,175190016,14,discern-network,S (sleeping),router.bnsdq.ozxfs.rzona.kvugl,1.3860377467994223
1759303164,84957,1,101,101,101,101,102,102,102,102,16568320,16564224,7315456,135168,626688,1,systemd-network,S (sleeping),router.bnsdq.ozxfs.rzona.kvugl,0.6068654944630925
1759303164,380,1,103,103,103,103,109,109,109,109,251293696,251293696,236625920,135168,243564544,1,dbus-daemon,S (sleeping),router.bnsdq.ozxfs.rzona.kvugl,0.2917518901312032
1759303170,74883,1,N/A,N/A,N/A,N/A,N/A,N/A,N/A,N/A,1264619520,1264619520,17166336,135168,45826048,4,discern-proc-so,S (sleeping),router.bnsdq.ozxfs.rzona.kvugl,2.4697681460990237
1759303170,1,N/A,N/A,N/A,N/A,N/A,N/A,N/A,N/A,N/A,234930176,169373696,10833920,1056768,19714048,1,systemd,S (sleeping),router.bnsdq.ozxfs.rzona.kvugl,1.5467789300948882
1759303170,3366,1,N/A,N/A,N/A,N/A,N/A,N/A,N/A,N/A,1954459648,1931546624,36614144,135168,175190016,14,discern-network,S (sleeping),router.bnsdq.ozxfs.rzona.kvugl,1.385336315099149
1759303170,85024,1,101,101,101,101,102,102,102,102,16568320,16568320,7417856,135168,630784,1,systemd-network,S (sleeping),router.bnsdq.ozxfs.rzona.kvugl,0.5889018318017027
1759303170,380,1,103,103,103,103,109,109,109,109,251293696,251293696,236625920,135168,243564544,1,dbus-daemon,S (sleeping),router.bnsdq.ozxfs.rzona.kvugl,0.2916690006086802
1759303175,74883,1,N/A,N/A,N/A,N/A,N/A,N/A,N/A,N/A,1264619520,1264619520,17166336,135168,45826048,4,discern-proc-so,S (sleeping),router.bnsdq.ozxfs.rzona.kvugl,2.4725886601249965
1759303175,1,N/A,N/A,N/A,N/A,N/A,N/A,N/A,N/A,N/A,234930176,169373696,10833920,1056768,19714048,1,systemd,S (sleeping),router.bnsdq.ozxfs.rzona.kvugl,1.546943847283392
1759303175,3366,1,N/A,N/A,N/A,N/A,N/A,N/A,N/A,N/A,1954459648,1931546624,36614144,135168,175190016,14,discern-network,S (sleeping),router.bnsdq.ozxfs.rzona.kvugl,1.3848006772489816
1759303175,85078,1,101,101,101,101,102,102,102,102,16568320,16564224,7352320,135168,626688,1,systemd-network,S (sleeping),router.bnsdq.ozxfs.rzona.kvugl,0.379846982965571
1759303175,380,1,103,103,103,103,109,109,109,109,251293696,251293696,236625920,135168,243564544,1,dbus-daemon,S (sleeping),router.bnsdq.ozxfs.rzona.kvugl,0.2915852732262886
1759303180,74883,1,N/A,N/A,N/A,N/A,N/A,N/A,N/A,N/A,1264619520,1264619520,17166336,135168,45826048,4,discern-proc-so,R (running),router.bnsdq.ozxfs.rzona.kvugl,2.4716763292620465
1759303180,1,N/A,N/A,N/A,N/A,N/A,N/A,N/A,N/A,N/A,234930176,169373696,10833920,1056768,19714048,1,systemd,S (sleeping),router.bnsdq.ozxfs.rzona.kvugl,1.546785653941105
1759303180,85198,1,101,101,101,101,102,102,102,102,16568320,16564224,7421952,135168,626688,1,systemd-network,S (sleeping),router.bnsdq.ozxfs.rzona.kvugl,1.416599775238455
1759303180,3366,1,N/A,N/A,N/A,N/A,N/A,N/A,N/A,N/A,1954459648,1931546624,36614144,135168,175190016,14,discern-network,S (sleeping),router.bnsdq.ozxfs.rzona.kvugl,1.3842716589254385
1759303180,380,1,103,103,103,103,109,109,109,109,251293696,251293696,236625920,135168,243564544,1,dbus-daemon,S (sleeping),router.bnsdq.ozxfs.rzona.kvugl,0.2918320585285341
1759303185,74883,1,N/A,N/A,N/A,N/A,N/A,N/A,N/A,N/A,1264619520,1264619520,17166336,135168,45826048,4,discern-proc-so,S (sleeping),router.bnsdq.ozxfs.rzona.kvugl,2.47327731110033
1759303185,1,N/A,N/A,N/A,N/A,N/A,N/A,N/A,N/A,N/A,234930176,169373696,10833920,1056768,19714048,1,systemd,S (sleeping),router.bnsdq.ozxfs.rzona.kvugl,1.5467923580869465
1759303185,3366,1,N/A,N/A,N/A,N/A,N/A,N/A,N/A,N/A,1954459648,1931546624,36614144,135168,175190016,14,discern-network,S (sleeping),router.bnsdq.ozxfs.rzona.kvugl,1.383912873384249
1759303185,85263,1,101,101,101,101,102,102,102,102,16568320,16568320,7360512,135168,630784,1,systemd-network,S (sleeping),router.bnsdq.ozxfs.rzona.kvugl,1.2840825500126412
1759303185,380,1,103,103,103,103,109,109,109,109,251293696,251293696,236625920,135168,243564544,1,dbus-daemon,S (sleeping),router.bnsdq.ozxfs.rzona.kvugl,0.29174955342798403
1759303190,74883,1,N/A,N/A,N/A,N/A,N/A,N/A,N/A,N/A,1264619520,1264619520,17166336,135168,45826048,4,discern-proc-so,S (sleeping),router.bnsdq.ozxfs.rzona.kvugl,2.4736041260987203
1759303190,1,N/A,N/A,N/A,N/A,N/A,N/A,N/A,N/A,N/A,234930176,169373696,10833920,1056768,19714048,1,systemd,S (sleeping),router.bnsdq.ozxfs.rzona.kvugl,1.5467980062860964
1759303190,3366,1,N/A,N/A,N/A,N/A,N/A,N/A,N/A,N/A,1954459648,1931546624,36614144,135168,175190016,14,discern-network,S (sleeping),router.bnsdq.ozxfs.rzona.kvugl,1.3833848360223313
1759303190,85317,1,101,101,101,101,102,102,102,102,16568320,16564224,7389184,135168,626688,1,systemd-network,S (sleeping),router.bnsdq.ozxfs.rzona.kvugl,1.1080966106174706
1759303190,380,1,103,103,103,103,109,109,109,109,251293696,251293696,236625920,135168,243564544,1,dbus-daemon,S (sleeping),router.bnsdq.ozxfs.rzona.kvugl,0.2919956333710303
1759303195,74883,1,N/A,N/A,N/A,N/A,N/A,N/A,N/A,N/A,1264619520,1264619520,17166336,135168,45826048,4,discern-proc-so,S (sleeping),router.bnsdq.ozxfs.rzona.kvugl,2.475146462984606
1759303195,1,N/A,N/A,N/A,N/A,N/A,N/A,N/A,N/A,N/A,234930176,169373696,10833920,1056768,19714048,1,systemd,S (sleeping),router.bnsdq.ozxfs.rzona.kvugl,1.5474589270954975
1759303195,3366,1,N/A,N/A,N/A,N/A,N/A,N/A,N/A,N/A,1954459648,1931546624,36614144,135168,175190016,14,discern-network,S (sleeping),router.bnsdq.ozxfs.rzona.kvugl,1.382856707861107
1759303195,85382,1,101,101,101,101,102,102,102,102,16568320,16568320,7507968,135168,630784,1,systemd-network,S (sleeping),router.bnsdq.ozxfs.rzona.kvugl,1.04837931272689
1759303195,380,1,103,103,103,103,109,109,109,109,251293696,251293696,236625920,135168,243564544,1,dbus-daemon,S (sleeping),router.bnsdq.ozxfs.rzona.kvugl,0.29191272051081546
1759303201,74883,1,N/A,N/A,N/A,N/A,N/A,N/A,N/A,N/A,1264619520,1264619520,17166336,135168,45826048,4,discern-proc-so,S (sleeping),router.bnsdq.ozxfs.rzona.kvugl,2.4778588266149653
1759303201,1,N/A,N/A,N/A,N/A,N/A,N/A,N/A,N/A,N/A,234930176,169373696,10833920,1056768,19714048,1,systemd,S (sleeping),router.bnsdq.ozxfs.rzona.kvugl,1.5482796942299266
1759303201,3366,1,N/A,N/A,N/A,N/A,N/A,N/A,N/A,N/A,1954459648,1931546624,36614144,135168,175190016,14,discern-network,S (sleeping),router.bnsdq.ozxfs.rzona.kvugl,1.382158166236007
1759303201,85437,1,101,101,101,101,102,102,102,102,16568320,16564224,7311360,135168,626688,1,systemd-network,S (sleeping),router.bnsdq.ozxfs.rzona.kvugl,0.9931928604836759
1759303201,380,1,103,103,103,103,109,109,109,109,251293696,251293696,236625920,135168,243564544,1,dbus-daemon,S (sleeping),router.bnsdq.ozxfs.rzona.kvugl,0.29182939165447386
1759303206,85517,1,N/A,N/A,N/A,N/A,N/A,N/A,N/A,N/A,1332682752,1332682752,128843776,135168,164253696,4,discern-file-so,S (sleeping),router.bnsdq.ozxfs.rzona.kvugl,42.91325794259925
1759303206,74883,1,N/A,N/A,N/A,N/A,N/A,N/A,N/A,N/A,1264619520,1264619520,17166336,135168,45826048,4,discern-proc-so,R (running),router.bnsdq.ozxfs.rzona.kvugl,2.4720129536814213
1759303206,1,N/A,N/A,N/A,N/A,N/A,N/A,N/A,N/A,N/A,234930176,169373696,10833920,1056768,19714048,1,systemd,S (sleeping),router.bnsdq.ozxfs.rzona.kvugl,1.5482797838304532
1759303206,3366,1,N/A,N/A,N/A,N/A,N/A,N/A,N/A,N/A,1954459648,1931546624,36614144,135168,175190016,14,discern-network,S (sleeping),router.bnsdq.ozxfs.rzona.kvugl,1.3816290260723298
1759303206,85504,1,101,101,101,101,102,102,102,102,16568320,16564224,7483392,135168,626688,1,systemd-network,S (sleeping),router.bnsdq.ozxfs.rzona.kvugl,0.7152077478535428
1759303211,85517,1,N/A,N/A,N/A,N/A,N/A,N/A,N/A,N/A,1467105280,1467105280,224899072,135168,281899008,4,discern-file-so,S (sleeping),router.bnsdq.ozxfs.rzona.kvugl,56.20497246598161
1759303211,74883,1,N/A,N/A,N/A,N/A,N/A,N/A,N/A,N/A,1264619520,1264619520,17166336,135168,45826048,4,discern-proc-so,S (sleeping),router.bnsdq.ozxfs.rzona.kvugl,2.4719610260299754
1759303211,1,N/A,N/A,N/A,N/A,N/A,N/A,N/A,N/A,N/A,234930176,169373696,10833920,1056768,19714048,1,systemd,S (sleeping),router.bnsdq.ozxfs.rzona.kvugl,1.5477612129810936
1759303211,3366,1,N/A,N/A,N/A,N/A,N/A,N/A,N/A,N/A,1954459648,1931546624,36614144,135168,175190016,14,discern-network,S (sleeping),router.bnsdq.ozxfs.rzona.kvugl,1.3807390196631155
1759303211,85564,1,101,101,101,101,102,102,102,102,16568320,16564224,7307264,135168,626688,1,systemd-network,S (sleeping),router.bnsdq.ozxfs.rzona.kvugl,0.671125121313332
1759303216,85517,1,N/A,N/A,N/A,N/A,N/A,N/A,N/A,N/A,1467367424,1467367424,224899072,135168,282161152,4,discern-file-so,D (disk sleep),router.bnsdq.ozxfs.rzona.kvugl,61.51567437026702
1759303216,74883,1,N/A,N/A,N/A,N/A,N/A,N/A,N/A,N/A,1264619520,1264619520,17166336,135168,45826048,4,discern-proc-so,S (sleeping),router.bnsdq.ozxfs.rzona.kvugl,2.469675685832333
1759303216,1,N/A,N/A,N/A,N/A,N/A,N/A,N/A,N/A,N/A,234930176,169373696,10833920,1056768,19714048,1,systemd,S (sleeping),router.bnsdq.ozxfs.rzona.kvugl,1.5472579139726537
1759303216,3366,1,N/A,N/A,N/A,N/A,N/A,N/A,N/A,N/A,1954459648,1931546624,36614144,135168,175190016,14,discern-network,S (sleeping),router.bnsdq.ozxfs.rzona.kvugl,1.3798637399395783
1759303216,85629,1,101,101,101,101,102,102,102,102,16568320,16568320,7258112,135168,630784,1,systemd-network,S (sleeping),router.bnsdq.ozxfs.rzona.kvugl,0.8529980102164463
1759303221,74883,1,N/A,N/A,N/A,N/A,N/A,N/A,N/A,N/A,1264619520,1264619520,17166336,135168,45826048,4,discern-proc-so,S (sleeping),router.bnsdq.ozxfs.rzona.kvugl,2.468514404399891
1759303221,1,N/A,N/A,N/A,N/A,N/A,N/A,N/A,N/A,N/A,234930176,169365504,10833920,1056768,19705856,1,systemd,S (sleeping),router.bnsdq.ozxfs.rzona.kvugl,1.5467469971112615
1759303221,3366,1,N/A,N/A,N/A,N/A,N/A,N/A,N/A,N/A,1954459648,1931546624,36614144,135168,175190016,14,discern-network,S (sleeping),router.bnsdq.ozxfs.rzona.kvugl,1.378814298047172
1759303221,85682,1,101,101,101,101,102,102,102,102,16568320,16568320,7139328,135168,630784,1,systemd-network,S (sleeping),router.bnsdq.ozxfs.rzona.kvugl,0.6732864798198239
1759303221,380,1,103,103,103,103,109,109,109,109,251293696,251293696,236625920,135168,243564544,1,dbus-daemon,S (sleeping),router.bnsdq.ozxfs.rzona.kvugl,0.29148555880084304
1759303227,74883,1,N/A,N/A,N/A,N/A,N/A,N/A,N/A,N/A,1264619520,1264619520,17166336,135168,45826048,4,discern-proc-so,S (sleeping),router.bnsdq.ozxfs.rzona.kvugl,2.467667804071958
1759303227,1,N/A,N/A,N/A,N/A,N/A,N/A,N/A,N/A,N/A,234930176,169500672,10833920,1056768,19841024,1,systemd,S (sleeping),router.bnsdq.ozxfs.rzona.kvugl,1.5462628007527188
1759303227,3366,1,N/A,N/A,N/A,N/A,N/A,N/A,N/A,N/A,1954459648,1931546624,36614144,135168,175190016,14,discern-network,S (sleeping),router.bnsdq.ozxfs.rzona.kvugl,1.3781260116502752
1759303227,85804,1,101,101,101,101,102,102,102,102,16568320,16564224,7204864,135168,626688,1,systemd-network,S (sleeping),router.bnsdq.ozxfs.rzona.kvugl,0.9564980351129548
1759303227,380,1,103,103,103,103,109,109,109,109,251293696,251293696,236625920,135168,243564544,1,dbus-daemon,S (sleeping),router.bnsdq.ozxfs.rzona.kvugl,0.29156704188062865
1759303232,74883,1,N/A,N/A,N/A,N/A,N/A,N/A,N/A,N/A,1264619520,1264619520,17166336,135168,45826048,4,discern-proc-so,S (sleeping),router.bnsdq.ozxfs.rzona.kvugl,2.4678721556561185
1759303232,1,N/A,N/A,N/A,N/A,N/A,N/A,N/A,N/A,N/A,234930176,169353216,10833920,1056768,19693568,1,systemd,R (running),router.bnsdq.ozxfs.rzona.kvugl,1.5465829425533064
1759303232,3366,1,N/A,N/A,N/A,N/A,N/A,N/A,N/A,N/A,1954459648,1931546624,36614144,135168,175190016,14,discern-network,S (sleeping),router.bnsdq.ozxfs.rzona.kvugl,1.3775955118827612
1759303232,85869,1,101,101,101,101,102,102,102,102,16568320,16568320,7274496,135168,630784,1,systemd-network,S (sleeping),router.bnsdq.ozxfs.rzona.kvugl,0.8737374420786453
1759303232,380,1,103,103,103,103,109,109,109,109,251293696,251293696,236625920,135168,243564544,1,dbus-daemon,S (sleeping),router.bnsdq.ozxfs.rzona.kvugl,0.291482682757366
1759303237,74883,1,N/A,N/A,N/A,N/A,N/A,N/A,N/A,N/A,1264619520,1264619520,17166336,135168,45826048,4,discern-proc-so,S (sleeping),router.bnsdq.ozxfs.rzona.kvugl,2.4693086890463896
1759303237,1,N/A,N/A,N/A,N/A,N/A,N/A,N/A,N/A,N/A,234930176,169488384,10833920,1056768,19828736,1,systemd,S (sleeping),router.bnsdq.ozxfs.rzona.kvugl,1.5459299714035448
1759303237,3366,1,N/A,N/A,N/A,N/A,N/A,N/A,N/A,N/A,1954459648,1931546624,36614144,135168,175190016,14,discern-network,S (sleeping),router.bnsdq.ozxfs.rzona.kvugl,1.376903298704333
1759303237,85923,1,101,101,101,101,102,102,102,102,16568320,16568320,7434240,135168,630784,1,systemd-network,S (sleeping),router.bnsdq.ozxfs.rzona.kvugl,0.8656176656287327
1759303237,380,1,103,103,103,103,109,109,109,109,251293696,251293696,236625920,135168,243564544,1,dbus-daemon,S (sleeping),router.bnsdq.ozxfs.rzona.kvugl,0.2917260433632404
1759303242,74883,1,N/A,N/A,N/A,N/A,N/A,N/A,N/A,N/A,1264619520,1264619520,17166336,135168,45826048,4,discern-proc-so,S (sleeping),router.bnsdq.ozxfs.rzona.kvugl,2.4696472097949074
1759303242,1,N/A,N/A,N/A,N/A,N/A,N/A,N/A,N/A,N/A,234930176,169238528,10833920,1056768,19578880,1,systemd,S (sleeping),router.bnsdq.ozxfs.rzona.kvugl,1.5460998471297924
1759303242,3366,1,N/A,N/A,N/A,N/A,N/A,N/A,N/A,N/A,1954459648,1931546624,36614144,135168,175190016,14,discern-network,S (sleeping),router.bnsdq.ozxfs.rzona.kvugl,1.376051744812764
1759303242,85978,1,101,101,101,101,102,102,102,102,16568320,16568320,7417856,135168,630784,1,systemd-network,S (sleeping),router.bnsdq.ozxfs.rzona.kvugl,0.553607360659832
1759303242,380,1,103,103,103,103,109,109,109,109,251293696,251293696,236625920,135168,243564544,1,dbus-daemon,S (sleeping),router.bnsdq.ozxfs.rzona.kvugl,0.29164433611186175
1759303247,74883,1,N/A,N/A,N/A,N/A,N/A,N/A,N/A,N/A,1264619520,1264619520,17166336,135168,45826048,4,discern-proc-so,R (running),router.bnsdq.ozxfs.rzona.kvugl,2.469884244120656
1759303247,1,N/A,N/A,N/A,N/A,N/A,N/A,N/A,N/A,N/A,234930176,169238528,10833920,1056768,19578880,1,systemd,S (sleeping),router.bnsdq.ozxfs.rzona.kvugl,1.5459354194637478
1759303247,3366,1,N/A,N/A,N/A,N/A,N/A,N/A,N/A,N/A,1954459648,1931546624,36614144,135168,175190016,14,discern-network,S (sleeping),router.bnsdq.ozxfs.rzona.kvugl,1.3753610514482673
1759303247,86040,1,101,101,101,101,102,102,102,102,16568320,16564224,7303168,135168,626688,1,systemd-network,S (sleeping),router.bnsdq.ozxfs.rzona.kvugl,0.790755562237358
1759303247,380,1,103,103,103,103,109,109,109,109,251293696,251293696,236625920,135168,243564544,1,dbus-daemon,S (sleeping),router.bnsdq.ozxfs.rzona.kvugl,0.29156113880759793
1759303252,74883,1,N/A,N/A,N/A,N/A,N/A,N/A,N/A,N/A,1264619520,1264619520,17166336,135168,45826048,4,discern-proc-so,S (sleeping),router.bnsdq.ozxfs.rzona.kvugl,2.471373629633657
1759303252,1,N/A,N/A,N/A,N/A,N/A,N/A,N/A,N/A,N/A,234930176,169238528,10833920,1056768,19578880,1,systemd,S (sleeping),router.bnsdq.ozxfs.rzona.kvugl,1.5457803765159592
1759303252,3366,1,N/A,N/A,N/A,N/A,N/A,N/A,N/A,N/A,1954459648,1931546624,36614144,135168,175190016,14,discern-network,S (sleeping),router.bnsdq.ozxfs.rzona.kvugl,1.3746798833706242
1759303252,86105,1,101,101,101,101,102,102,102,102,16568320,16568320,7450624,135168,630784,1,systemd-network,S (sleeping),router.bnsdq.ozxfs.rzona.kvugl,0.7616728417612401
1759303252,380,1,103,103,103,103,109,109,109,109,251293696,251293696,236625920,135168,243564544,1,dbus-daemon,S (sleeping),router.bnsdq.ozxfs.rzona.kvugl,0.2914798020841093
1759303258,74883,1,N/A,N/A,N/A,N/A,N/A,N/A,N/A,N/A,1264619520,1264619520,17166336,135168,45826048,4,discern-proc-so,S (sleeping),router.bnsdq.ozxfs.rzona.kvugl,2.4728223357439685
1759303258,1,N/A,N/A,N/A,N/A,N/A,N/A,N/A,N/A,N/A,234930176,169373696,10833920,1056768,19714048,1,systemd,S (sleeping),router.bnsdq.ozxfs.rzona.kvugl,1.5459484204629346
1759303258,3366,1,N/A,N/A,N/A,N/A,N/A,N/A,N/A,N/A,1954459648,1931546624,36614144,135168,175190016,14,discern-network,S (sleeping),router.bnsdq.ozxfs.rzona.kvugl,1.3738310384591579
1759303258,86158,1,101,101,101,101,102,102,102,102,16568320,16564224,7188480,135168,626688,1,systemd-network,S (sleeping),router.bnsdq.ozxfs.rzona.kvugl,0.5891882179129427
1759303258,380,1,103,103,103,103,109,109,109,109,251293696,251293696,236625920,135168,243564544,1,dbus-daemon,S (sleeping),router.bnsdq.ozxfs.rzona.kvugl,0.2915607372310283
1759303263,74883,1,N/A,N/A,N/A,N/A,N/A,N/A,N/A,N/A,1264619520,1264619520,17166336,135168,45826048,4,discern-proc-so,S (sleeping),router.bnsdq.ozxfs.rzona.kvugl,2.4707393829183926
1759303263,1,N/A,N/A,N/A,N/A,N/A,N/A,N/A,N/A,N/A,234930176,169373696,10833920,1056768,19714048,1,systemd,S (sleeping),router.bnsdq.ozxfs.rzona.kvugl,1.5459450135902504
1759303263,3366,1,N/A,N/A,N/A,N/A,N/A,N/A,N/A,N/A,1954459648,1931546624,36614144,135168,175190016,14,discern-network,S (sleeping),router.bnsdq.ozxfs.rzona.kvugl,1.3731423265595244
1759303263,380,1,103,103,103,103,109,109,109,109,251293696,251293696,236625920,135168,243564544,1,dbus-daemon,S (sleeping),router.bnsdq.ozxfs.rzona.kvugl,0.2918022194915006
1759303263,285,1,102,102,102,102,103,103,103,103,24743936,24678400,12312576,135168,3698688,1,systemd-resolve,S (sleeping),router.bnsdq.ozxfs.rzona.kvugl,0.24682212305893925
1759303268,74883,1,N/A,N/A,N/A,N/A,N/A,N/A,N/A,N/A,1264619520,1264619520,17166336,135168,45826048,4,discern-proc-so,S (sleeping),router.bnsdq.ozxfs.rzona.kvugl,2.4708302853865747
1759303268,1,N/A,N/A,N/A,N/A,N/A,N/A,N/A,N/A,N/A,234930176,169373696,10833920,1056768,19714048,1,systemd,S (sleeping),router.bnsdq.ozxfs.rzona.kvugl,1.5460936346064398
1759303268,3366,1,N/A,N/A,N/A,N/A,N/A,N/A,N/A,N/A,1954459648,1931546624,36614144,135168,175190016,14,discern-network,S (sleeping),router.bnsdq.ozxfs.rzona.kvugl,1.372445658685186
1759303268,380,1,103,103,103,103,109,109,109,109,251293696,251293696,236625920,135168,243564544,1,dbus-daemon,S (sleeping),router.bnsdq.ozxfs.rzona.kvugl,0.29155466147292325
1759303268,285,1,102,102,102,102,103,103,103,103,24743936,24678400,12312576,135168,3698688,1,systemd-resolve,S (sleeping),router.bnsdq.ozxfs.rzona.kvugl,0.24709946472818328
1759303273,74883,1,N/A,N/A,N/A,N/A,N/A,N/A,N/A,N/A,1264619520,1264619520,17166336,135168,45826048,4,discern-proc-so,R (running),router.bnsdq.ozxfs.rzona.kvugl,2.4700151942705046
1759303273,1,N/A,N/A,N/A,N/A,N/A,N/A,N/A,N/A,N/A,234930176,169373696,10833920,1056768,19714048,1,systemd,S (sleeping),router.bnsdq.ozxfs.rzona.kvugl,1.5457757146140971
1759303273,3366,1,N/A,N/A,N/A,N/A,N/A,N/A,N/A,N/A,1954459648,1931546624,36614144,135168,175190016,14,discern-network,S (sleeping),router.bnsdq.ozxfs.rzona.kvugl,1.3716016823937915
1759303273,86397,1,101,101,101,101,102,102,102,102,16568320,16564224,7335936,135168,626688,1,systemd-network,S (sleeping),router.bnsdq.ozxfs.rzona.kvugl,0.7522115317096082
1759303273,380,1,103,103,103,103,109,109,109,109,251293696,251293696,236625920,135168,243564544,1,dbus-daemon,S (sleeping),router.bnsdq.ozxfs.rzona.kvugl,0.2917976200796952
1759303278,74883,1,N/A,N/A,N/A,N/A,N/A,N/A,N/A,N/A,1264619520,1264619520,17166336,135168,45826048,4,discern-proc-so,R (running),router.bnsdq.ozxfs.rzona.kvugl,2.471450892874563
1759303278,1,N/A,N/A,N/A,N/A,N/A,N/A,N/A,N/A,N/A,234930176,169373696,10833920,1056768,19714048,1,systemd,S (sleeping),router.bnsdq.ozxfs.rzona.kvugl,1.5461062315970964
1759303278,3366,1,N/A,N/A,N/A,N/A,N/A,N/A,N/A,N/A,1954459648,1931546624,36614144,135168,175190016,14,discern-network,S (sleeping),router.bnsdq.ozxfs.rzona.kvugl,1.3710922277260673
1759303278,86462,1,101,101,101,101,102,102,102,102,16568320,16564224,7307264,135168,626688,1,systemd-network,S (sleeping),router.bnsdq.ozxfs.rzona.kvugl,1.0686008981233637
1759303278,380,1,103,103,103,103,109,109,109,109,251293696,251293696,236625920,135168,243564544,1,dbus-daemon,S (sleeping),router.bnsdq.ozxfs.rzona.kvugl,0.2917162535757805
1759303283,74883,1,N/A,N/A,N/A,N/A,N/A,N/A,N/A,N/A,1264619520,1264619520,17166336,135168,45826048,4,discern-proc-so,S (sleeping),router.bnsdq.ozxfs.rzona.kvugl,2.473925520917878
1759303283,1,N/A,N/A,N/A,N/A,N/A,N/A,N/A,N/A,N/A,234930176,169373696,10833920,1056768,19714048,1,systemd,S (sleeping),router.bnsdq.ozxfs.rzona.kvugl,1.5456222465401792
1759303283,3366,1,N/A,N/A,N/A,N/A,N/A,N/A,N/A,N/A,1954459648,1931546624,36614144,135168,175190016,14,discern-network,S (sleeping),router.bnsdq.ozxfs.rzona.kvugl,1.370246454485127
1759303283,86518,1,101,101,101,101,102,102,102,102,16568320,16564224,7364608,135168,626688,1,systemd-network,S (sleeping),router.bnsdq.ozxfs.rzona.kvugl,1.0079164841530097
1759303283,380,1,103,103,103,103,109,109,109,109,251293696,251293696,236625920,135168,243564544,1,dbus-daemon,S (sleeping),router.bnsdq.ozxfs.rzona.kvugl,0.2917958967319461
1759303289,74883,1,N/A,N/A,N/A,N/A,N/A,N/A,N/A,N/A,1264619520,1264619520,17166336,135168,45826048,4,discern-proc-so,R (running),router.bnsdq.ozxfs.rzona.kvugl,2.474222741342535
1759303289,1,N/A,N/A,N/A,N/A,N/A,N/A,N/A,N/A,N/A,234930176,169373696,10833920,1056768,19714048,1,systemd,S (sleeping),router.bnsdq.ozxfs.rzona.kvugl,1.5457912959474
1759303289,3366,1,N/A,N/A,N/A,N/A,N/A,N/A,N/A,N/A,1954459648,1931546624,36614144,135168,175190016,14,discern-network,S (sleeping),router.bnsdq.ozxfs.rzona.kvugl,1.3695734464961073
1759303289,86583,1,101,101,101,101,102,102,102,102,16568320,16568320,7426048,135168,630784,1,systemd-network,S (sleeping),router.bnsdq.ozxfs.rzona.kvugl,0.9607172001379781
1759303289,380,1,103,103,103,103,109,109,109,109,251293696,251293696,236625920,135168,243564544,1,dbus-daemon,S (sleeping),router.bnsdq.ozxfs.rzona.kvugl,0.2917147767578633
1759303294,74883,1,N/A,N/A,N/A,N/A,N/A,N/A,N/A,N/A,1264619520,1264619520,17166336,135168,45826048,4,discern-proc-so,R (running),router.bnsdq.ozxfs.rzona.kvugl,2.476661327487028
1759303294,1,N/A,N/A,N/A,N/A,N/A,N/A,N/A,N/A,N/A,234930176,169373696,10833920,1056768,19714048,1,systemd,S (sleeping),router.bnsdq.ozxfs.rzona.kvugl,1.5456320605282483
1759303294,3366,1,N/A,N/A,N/A,N/A,N/A,N/A,N/A,N/A,1954459648,1931546624,36614144,135168,175190016,14,discern-network,S (sleeping),router.bnsdq.ozxfs.rzona.kvugl,1.3687310626423002
1759303294,86635,1,101,101,101,101,102,102,102,102,16568320,16564224,7204864,135168,626688,1,systemd-network,S (sleeping),router.bnsdq.ozxfs.rzona.kvugl,0.6994716682746436
1759303294,380,1,103,103,103,103,109,109,109,109,251293696,251293696,236625920,135168,243564544,1,dbus-daemon,S (sleeping),router.bnsdq.ozxfs.rzona.kvugl,0.2916328489525706
1759303299,74883,1,N/A,N/A,N/A,N/A,N/A,N/A,N/A,N/A,1264619520,1264619520,17166336,135168,45826048,4,discern-proc-so,R (running),router.bnsdq.ozxfs.rzona.kvugl,2.4769379226231236
1759303299,1,N/A,N/A,N/A,N/A,N/A,N/A,N/A,N/A,N/A,234930176,169373696,10833920,1056768,19714048,1,systemd,S (sleeping),router.bnsdq.ozxfs.rzona.kvugl,1.545477935577846
1759303299,3366,1,N/A,N/A,N/A,N/A,N/A,N/A,N/A,N/A,1954459648,1931546624,36614144,135168,175190016,14,discern-network,S (sleeping),router.bnsdq.ozxfs.rzona.kvugl,1.3680603516786791
1759303299,86700,1,101,101,101,101,102,102,102,102,16568320,16564224,7184384,135168,626688,1,systemd-network,S (sleeping),router.bnsdq.ozxfs.rzona.kvugl,0.6763136892942411
1759303299,380,1,103,103,103,103,109,109,109,109,251293696,251293696,236625920,135168,243564544,1,dbus-daemon,S (sleeping),router.bnsdq.ozxfs.rzona.kvugl,0.29155196957978835
1759303304,74883,1,N/A,N/A,N/A,N/A,N/A,N/A,N/A,N/A,1264619520,1264619520,17166336,135168,45826048,4,discern-proc-so,S (sleeping),router.bnsdq.ozxfs.rzona.kvugl,2.479334434364853
1759303304,1,N/A,N/A,N/A,N/A,N/A,N/A,N/A,N/A,N/A,234930176,169373696,10833920,1056768,19714048,1,systemd,S (sleeping),router.bnsdq.ozxfs.rzona.kvugl,1.5456417105769127
1759303304,3366,1,N/A,N/A,N/A,N/A,N/A,N/A,N/A,N/A,1954459648,1931546624,36614144,135168,175190016,14,discern-network,S (sleeping),router.bnsdq.ozxfs.rzona.kvugl,1.3673864134681155
1759303304,86755,1,101,101,101,101,102,102,102,102,16568320,16564224,7278592,135168,626688,1,systemd-network,S (sleeping),router.bnsdq.ozxfs.rzona.kvugl,0.35701441693494235
1759303304,380,1,103,103,103,103,109,109,109,109,251293696,251293696,236625920,135168,243564544,1,dbus-daemon,S (sleeping),router.bnsdq.ozxfs.rzona.kvugl,0.2916316174313095
1759303309,74883,1,N/A,N/A,N/A,N/A,N/A,N/A,N/A,N/A,1264619520,1264619520,17166336,135168,45826048,4,discern-proc-so,R (running),router.bnsdq.ozxfs.rzona.kvugl,2.480667840107398
1759303309,86876,1,101,101,101,101,102,102,102,102,16568320,16564224,7442432,135168,626688,1,systemd-network,S (sleeping),router.bnsdq.ozxfs.rzona.kvugl,1.7131589882191745
1759303309,1,N/A,N/A,N/A,N/A,N/A,N/A,N/A,N/A,N/A,234930176,169373696,10833920,1056768,19714048,1,systemd,S (sleeping),router.bnsdq.ozxfs.rzona.kvugl,1.545326094503351
1759303309,3366,1,N/A,N/A,N/A,N/A,N/A,N/A,N/A,N/A,1954459648,1931546624,36614144,135168,175190016,14,discern-network,S (sleeping),router.bnsdq.ozxfs.rzona.kvugl,1.3667174032576739
1759303309,380,1,103,103,103,103,109,109,109,109,251293696,251293696,236625920,135168,243564544,1,dbus-daemon,S (sleeping),router.bnsdq.ozxfs.rzona.kvugl,0.2918730933311605
1759303314,74883,1,N/A,N/A,N/A,N/A,N/A,N/A,N/A,N/A,1264619520,1264619520,17166336,135168,45826048,4,discern-proc-so,S (sleeping),router.bnsdq.ozxfs.rzona.kvugl,2.4819771937173285
1759303314,86941,1,101,101,101,101,102,102,102,102,16568320,16564224,7254016,135168,626688,1,systemd-network,S (sleeping),router.bnsdq.ozxfs.rzona.kvugl,1.5757185784098933
1759303314,1,N/A,N/A,N/A,N/A,N/A,N/A,N/A,N/A,N/A,234930176,169373696,10833920,1056768,19714048,1,systemd,S (sleeping),router.bnsdq.ozxfs.rzona.kvugl,1.5453321009133096
1759303314,3366,1,N/A,N/A,N/A,N/A,N/A,N/A,N/A,N/A,1954459648,1931546624,36614144,135168,175190016,14,discern-network,S (sleeping),router.bnsdq.ozxfs.rzona.kvugl,1.3662141917724528
1759303314,380,1,103,103,103,103,109,109,109,109,251293696,251293696,236625920,135168,243564544,1,dbus-daemon,S (sleeping),router.bnsdq.ozxfs.rzona.kvugl,0.2916309074104656
1759303320,74883,1,N/A,N/A,N/A,N/A,N/A,N/A,N/A,N/A,1264619520,1264619520,17166336,135168,45826048,4,discern-proc-so,S (sleeping),router.bnsdq.ozxfs.rzona.kvugl,2.483261183387985
1759303320,1,N/A,N/A,N/A,N/A,N/A,N/A,N/A,N/A,N/A,234930176,169373696,10833920,1056768,19714048,1,systemd,S (sleeping),router.bnsdq.ozxfs.rzona.kvugl,1.5450154421968068
1759303320,3366,1,N/A,N/A,N/A,N/A,N/A,N/A,N/A,N/A,1954459648,1931546624,36614144,135168,175190016,14,discern-network,S (sleeping),router.bnsdq.ozxfs.rzona.kvugl,1.3653804009593073
1759303320,86995,1,101,101,101,101,102,102,102,102,16568320,16564224,7344128,135168,626688,1,systemd-network,S (sleeping),router.bnsdq.ozxfs.rzona.kvugl,0.9703820867385277
1759303320,380,1,103,103,103,103,109,109,109,109,251293696,251293696,236625920,135168,243564544,1,dbus-daemon,S (sleeping),router.bnsdq.ozxfs.rzona.kvugl,0.29171072605924847
1759303325,74883,1,N/A,N/A,N/A,N/A,N/A,N/A,N/A,N/A,1264619520,1264619520,17166336,135168,45826048,4,discern-proc-so,R (running),router.bnsdq.ozxfs.rzona.kvugl,2.480397029309407
1759303325,1,N/A,N/A,N/A,N/A,N/A,N/A,N/A,N/A,N/A,234930176,169373696,10833920,1056768,19714048,1,systemd,S (sleeping),router.bnsdq.ozxfs.rzona.kvugl,1.545514045633912
1759303325,87059,1,101,101,101,101,102,102,102,102,16568320,16568320,7434240,135168,630784,1,systemd-network,S (sleeping),router.bnsdq.ozxfs.rzona.kvugl,1.3810417794476213
1759303325,3366,1,N/A,N/A,N/A,N/A,N/A,N/A,N/A,N/A,1954459648,1931546624,36614144,135168,175190016,14,discern-network,S (sleeping),router.bnsdq.ozxfs.rzona.kvugl,1.365053617128225
1759303325,380,1,103,103,103,103,109,109,109,109,251293696,251293696,236625920,135168,243564544,1,dbus-daemon,S (sleeping),router.bnsdq.ozxfs.rzona.kvugl,0.2917925520161773
1759303330,74883,1,N/A,N/A,N/A,N/A,N/A,N/A,N/A,N/A,1264619520,1264619520,17166336,135168,45826048,4,discern-proc-so,S (sleeping),router.bnsdq.ozxfs.rzona.kvugl,2.4806346067550393
1759303330,1,N/A,N/A,N/A,N/A,N/A,N/A,N/A,N/A,N/A,234930176,169373696,10833920,1056768,19714048,1,systemd,S (sleeping),router.bnsdq.ozxfs.rzona.kvugl,1.5450386614575682
1759303330,3366,1,N/A,N/A,N/A,N/A,N/A,N/A,N/A,N/A,1954459648,1931546624,36614144,135168,175190016,14,discern-network,S (sleeping),router.bnsdq.ozxfs.rzona.kvugl,1.3642235683764898
1759303330,87113,1,101,101,101,101,102,102,102,102,16568320,16564224,7307264,135168,626688,1,systemd-network,S (sleeping),router.bnsdq.ozxfs.rzona.kvugl,0.9027028565541728
1759303330,380,1,103,103,103,103,109,109,109,109,251293696,251293696,236625920,135168,243564544,1,dbus-daemon,S (sleeping),router.bnsdq.ozxfs.rzona.kvugl,0.2917117490799549
1759303335,74883,1,N/A,N/A,N/A,N/A,N/A,N/A,N/A,N/A,1264619520,1264619520,17166336,135168,45826048,4,discern-proc-so,S (sleeping),router.bnsdq.ozxfs.rzona.kvugl,2.4819133271506297
1759303335,1,N/A,N/A,N/A,N/A,N/A,N/A,N/A,N/A,N/A,234930176,169373696,10833920,1056768,19714048,1,systemd,S (sleeping),router.bnsdq.ozxfs.rzona.kvugl,1.5456864182934882
1759303335,3366,1,N/A,N/A,N/A,N/A,N/A,N/A,N/A,N/A,1954459648,1931546624,36614144,135168,175190016,14,discern-network,S (sleeping),router.bnsdq.ozxfs.rzona.kvugl,1.3635591892736352
1759303335,87178,1,101,101,101,101,102,102,102,102,16568320,16564224,7389184,135168,626688,1,systemd-network,S (sleeping),router.bnsdq.ozxfs.rzona.kvugl,0.8628594320347209
1759303335,380,1,103,103,103,103,109,109,109,109,251293696,251293696,236625920,135168,243564544,1,dbus-daemon,S (sleeping),router.bnsdq.ozxfs.rzona.kvugl,0.2917914655451788
1759303340,74883,1,N/A,N/A,N/A,N/A,N/A,N/A,N/A,N/A,1264619520,1264619520,17166336,135168,45826048,4,discern-proc-so,S (sleeping),router.bnsdq.ozxfs.rzona.kvugl,2.4831443383491845
1759303340,1,N/A,N/A,N/A,N/A,N/A,N/A,N/A,N/A,N/A,234930176,169373696,10833920,1056768,19714048,1,systemd,S (sleeping),router.bnsdq.ozxfs.rzona.kvugl,1.545688625238224
1759303340,3366,1,N/A,N/A,N/A,N/A,N/A,N/A,N/A,N/A,1954459648,1931546624,36614144,135168,175190016,14,discern-network,S (sleeping),router.bnsdq.ozxfs.rzona.kvugl,1.3625635484228513
1759303340,87222,1,101,101,101,101,102,102,102,102,16568320,16568320,7335936,135168,630784,1,systemd-network,S (sleeping),router.bnsdq.ozxfs.rzona.kvugl,0.43070385276040096
1759303340,380,1,103,103,103,103,109,109,109,109,251293696,251293696,236625920,135168,243564544,1,dbus-daemon,S (sleeping),router.bnsdq.ozxfs.rzona.kvugl,0.2917100617092294
1759303345,74883,1,N/A,N/A,N/A,N/A,N/A,N/A,N/A,N/A,1264619520,1264619520,17166336,135168,45826048,4,discern-proc-so,R (running),router.bnsdq.ozxfs.rzona.kvugl,2.482302429638976
1759303345,1,N/A,N/A,N/A,N/A,N/A,N/A,N/A,N/A,N/A,234930176,169373696,10833920,1056768,19714048,1,systemd,S (sleeping),router.bnsdq.ozxfs.rzona.kvugl,1.5455327633807856
1759303345,3366,1,N/A,N/A,N/A,N/A,N/A,N/A,N/A,N/A,1954459648,1931546624,36614144,135168,175190016,14,discern-network,S (sleeping),router.bnsdq.ozxfs.rzona.kvugl,1.3619006111823189
1759303345,87295,1,101,101,101,101,102,102,102,102,16568320,16568320,7401472,135168,630784,1,systemd-network,S (sleeping),router.bnsdq.ozxfs.rzona.kvugl,0.6247489448968053
1759303345,380,1,103,103,103,103,109,109,109,109,251293696,251293696,236625920,135168,243564544,1,dbus-daemon,S (sleeping),router.bnsdq.ozxfs.rzona.kvugl,0.2916291821489969
1759303350,74883,1,N/A,N/A,N/A,N/A,N/A,N/A,N/A,N/A,1264619520,1264619520,17166336,135168,45826048,4,discern-proc-so,S (sleeping),router.bnsdq.ozxfs.rzona.kvugl,2.483533254962682
1759303350,1,N/A,N/A,N/A,N/A,N/A,N/A,N/A,N/A,N/A,234930176,169373696,10833920,1056768,19714048,1,systemd,S (sleeping),router.bnsdq.ozxfs.rzona.kvugl,1.5455365227498392
1759303350,3366,1,N/A,N/A,N/A,N/A,N/A,N/A,N/A,N/A,1954459648,1931546624,36614144,135168,175190016,14,discern-network,S (sleeping),router.bnsdq.ozxfs.rzona.kvugl,1.3610737728496693
1759303350,87348,1,101,101,101,101,102,102,102,102,16568320,16564224,7286784,135168,626688,1,systemd-network,S (sleeping),router.bnsdq.ozxfs.rzona.kvugl,0.5031135660995961
1759303350,380,1,103,103,103,103,109,109,109,109,251293696,251293696,236625920,135168,243564544,1,dbus-daemon,S (sleeping),router.bnsdq.ozxfs.rzona.kvugl,0.29170841412097825
1759303356,87468,1,101,101,101,101,102,102,102,102,16568320,16564224,7286784,135168,626688,1,systemd-network,S (sleeping),router.bnsdq.ozxfs.rzona.kvugl,2.69145139807389
1759303356,74883,1,N/A,N/A,N/A,N/A,N/A,N/A,N/A,N/A,1264619520,1264619520,17166336,135168,45826048,4,discern-proc-so,S (sleeping),router.bnsdq.ozxfs.rzona.kvugl,2.4827137157614936
1759303356,1,N/A,N/A,N/A,N/A,N/A,N/A,N/A,N/A,N/A,234930176,169373696,10833920,1056768,19714048,1,systemd,S (sleeping),router.bnsdq.ozxfs.rzona.kvugl,1.545382546501297
1759303356,3366,1,N/A,N/A,N/A,N/A,N/A,N/A,N/A,N/A,1954459648,1931546624,36614144,135168,175190016,14,discern-network,S (sleeping),router.bnsdq.ozxfs.rzona.kvugl,1.3604145446801303
1759303356,380,1,103,103,103,103,109,109,109,109,251293696,251293696,236625920,135168,243564544,1,dbus-daemon,S (sleeping),router.bnsdq.ozxfs.rzona.kvugl,0.2917879324206613
1759303361,74883,1,N/A,N/A,N/A,N/A,N/A,N/A,N/A,N/A,1264619520,1264619520,17166336,135168,45826048,4,discern-proc-so,R (running),router.bnsdq.ozxfs.rzona.kvugl,2.481894872217325
1759303361,87524,1,101,101,101,101,102,102,102,102,16568320,16564224,7143424,135168,626688,1,systemd-network,S (sleeping),router.bnsdq.ozxfs.rzona.kvugl,1.574432103068598
1759303361,1,N/A,N/A,N/A,N/A,N/A,N/A,N/A,N/A,N/A,234930176,169373696,10833920,1056768,19714048,1,systemd,S (sleeping),router.bnsdq.ozxfs.rzona.kvugl,1.545547545864563
1759303361,3366,1,N/A,N/A,N/A,N/A,N/A,N/A,N/A,N/A,1954459648,1931546624,36614144,135168,175190016,14,discern-network,S (sleeping),router.bnsdq.ozxfs.rzona.kvugl,1.3595916347438672
1759303361,380,1,103,103,103,103,109,109,109,109,251293696,251293696,236625920,135168,243564544,1,dbus-daemon,S (sleeping),router.bnsdq.ozxfs.rzona.kvugl,0.2917073313494271
1759303366,74883,1,N/A,N/A,N/A,N/A,N/A,N/A,N/A,N/A,1264619520,1264619520,17166336,135168,45826048,4,discern-proc-so,R (running),router.bnsdq.ozxfs.rzona.kvugl,2.4821145416039143
1759303366,1,N/A,N/A,N/A,N/A,N/A,N/A,N/A,N/A,N/A,234930176,169373696,10833920,1056768,19714048,1,systemd,S (sleeping),router.bnsdq.ozxfs.rzona.kvugl,1.5452344974331738
1759303366,3366,1,N/A,N/A,N/A,N/A,N/A,N/A,N/A,N/A,1954459648,1931546624,36614144,135168,175190016,14,discern-network,S (sleeping),router.bnsdq.ozxfs.rzona.kvugl,1.3589350930521846
1759303366,87588,1,101,101,101,101,102,102,102,102,16568320,16564224,7290880,135168,626688,1,systemd-network,S (sleeping),router.bnsdq.ozxfs.rzona.kvugl,1.2388728584912423
1759303366,380,1,103,103,103,103,109,109,109,109,251293696,251293696,236625920,135168,243564544,1,dbus-daemon,S (sleeping),router.bnsdq.ozxfs.rzona.kvugl,0.29178677009057225
1759303371,74883,1,N/A,N/A,N/A,N/A,N/A,N/A,N/A,N/A,1264619520,1264619520,17166336,135168,45826048,4,discern-proc-so,R (running),router.bnsdq.ozxfs.rzona.kvugl,2.4812867011504967
1759303371,1,N/A,N/A,N/A,N/A,N/A,N/A,N/A,N/A,N/A,234930176,169373696,10833920,1056768,19714048,1,systemd,S (sleeping),router.bnsdq.ozxfs.rzona.kvugl,1.5455568406887754
1759303371,3366,1,N/A,N/A,N/A,N/A,N/A,N/A,N/A,N/A,1954459648,1931546624,36614144,135168,175190016,14,discern-network,S (sleeping),router.bnsdq.ozxfs.rzona.kvugl,1.3582768342157188
1759303371,87653,1,101,101,101,101,102,102,102,102,16568320,16564224,7352320,135168,626688,1,systemd-network,S (sleeping),router.bnsdq.ozxfs.rzona.kvugl,1.160438610053091
1759303371,380,1,103,103,103,103,109,109,109,109,251293696,251293696,236625920,135168,243564544,1,dbus-daemon,S (sleeping),router.bnsdq.ozxfs.rzona.kvugl,0.2917059133656042
1759303376,74883,1,N/A,N/A,N/A,N/A,N/A,N/A,N/A,N/A,1264619520,1264619520,17166336,135168,45826048,4,discern-proc-so,R (running),router.bnsdq.ozxfs.rzona.kvugl,2.4825148871352014
1759303376,1,N/A,N/A,N/A,N/A,N/A,N/A,N/A,N/A,N/A,234930176,169373696,10833920,1056768,19714048,1,systemd,S (sleeping),router.bnsdq.ozxfs.rzona.kvugl,1.5452442090080833
1759303376,3366,1,N/A,N/A,N/A,N/A,N/A,N/A,N/A,N/A,1954459648,1931546624,36614144,135168,175190016,14,discern-network,S (sleeping),router.bnsdq.ozxfs.rzona.kvugl,1.3574587052466724
1759303376,87707,1,101,101,101,101,102,102,102,102,16568320,16564224,7278592,135168,626688,1,systemd-network,S (sleeping),router.bnsdq.ozxfs.rzona.kvugl,0.8028824342219557
1759303376,380,1,103,103,103,103,109,109,109,109,251293696,251293696,236625920,135168,243564544,1,dbus-daemon,S (sleeping),router.bnsdq.ozxfs.rzona.kvugl,0.2917852115298847
1759303381,74883,1,N/A,N/A,N/A,N/A,N/A,N/A,N/A,N/A,1264619520,1264619520,17166336,135168,45826048,4,discern-proc-so,S (sleeping),router.bnsdq.ozxfs.rzona.kvugl,2.48074639966245
1759303381,1,N/A,N/A,N/A,N/A,N/A,N/A,N/A,N/A,N/A,234930176,169373696,10833920,1056768,19714048,1,systemd,S (sleeping),router.bnsdq.ozxfs.rzona.kvugl,1.5450938357969124
1759303381,3366,1,N/A,N/A,N/A,N/A,N/A,N/A,N/A,N/A,1954459648,1931546624,36614144,135168,175190016,14,discern-network,S (sleeping),router.bnsdq.ozxfs.rzona.kvugl,1.3566442119676332
1759303381,87772,1,101,101,101,101,102,102,102,102,16568320,16564224,7290880,135168,626688,1,systemd-network,S (sleeping),router.bnsdq.ozxfs.rzona.kvugl,0.5157712295772506
1759303381,380,1,103,103,103,103,109,109,109,109,251293696,251293696,236625920,135168,243564544,1,dbus-daemon,S (sleeping),router.bnsdq.ozxfs.rzona.kvugl,0.2917055362414457
1759303387,74883,1,N/A,N/A,N/A,N/A,N/A,N/A,N/A,N/A,1264619520,1264619520,17166336,135168,45826048,4,discern-proc-so,S (sleeping),router.bnsdq.ozxfs.rzona.kvugl,2.4819713055076478
1759303387,1,N/A,N/A,N/A,N/A,N/A,N/A,N/A,N/A,N/A,234930176,169373696,10833920,1056768,19714048,1,systemd,S (sleeping),router.bnsdq.ozxfs.rzona.kvugl,1.5449418501786276
1759303387,3366,1,N/A,N/A,N/A,N/A,N/A,N/A,N/A,N/A,1954459648,1931546624,36614144,135168,175190016,14,discern-network,S (sleeping),router.bnsdq.ozxfs.rzona.kvugl,1.35599286507893
1759303387,87826,1,101,101,101,101,102,102,102,102,16568320,16564224,7282688,135168,626688,1,systemd-network,S (sleeping),router.bnsdq.ozxfs.rzona.kvugl,0.993446090106989
1759303387,380,1,103,103,103,103,109,109,109,109,251293696,251293696,236625920,135168,243564544,1,dbus-daemon,S (sleeping),router.bnsdq.ozxfs.rzona.kvugl,0.2916256410212745
1759303392,74883,1,N/A,N/A,N/A,N/A,N/A,N/A,N/A,N/A,1264619520,1264619520,17166336,135168,45826048,4,discern-proc-so,S (sleeping),router.bnsdq.ozxfs.rzona.kvugl,2.4812163864207957
1759303392,1,N/A,N/A,N/A,N/A,N/A,N/A,N/A,N/A,N/A,234930176,169373696,10833920,1056768,19714048,1,systemd,S (sleeping),router.bnsdq.ozxfs.rzona.kvugl,1.5447919571911115
1759303392,3366,1,N/A,N/A,N/A,N/A,N/A,N/A,N/A,N/A,1954459648,1931546624,36614144,135168,175190016,14,discern-network,S (sleeping),router.bnsdq.ozxfs.rzona.kvugl,1.355180960439671
1759303392,87891,1,101,101,101,101,102,102,102,102,16568320,16568320,7389184,135168,630784,1,systemd-network,S (sleeping),router.bnsdq.ozxfs.rzona.kvugl,0.7198410258736253
1759303392,380,1,103,103,103,103,109,109,109,109,251293696,251293696,236625920,135168,243564544,1,dbus-daemon,S (sleeping),router.bnsdq.ozxfs.rzona.kvugl,0.2917052785392099
1759303397,74883,1,N/A,N/A,N/A,N/A,N/A,N/A,N/A,N/A,1264619520,1264619520,17166336,135168,45826048,4,discern-proc-so,S (sleeping),router.bnsdq.ozxfs.rzona.kvugl,2.4824123661570865
1759303397,1,N/A,N/A,N/A,N/A,N/A,N/A,N/A,N/A,N/A,234930176,169357312,10833920,1056768,19697664,1,systemd,S (sleeping),router.bnsdq.ozxfs.rzona.kvugl,1.5449567054691398
1759303397,3366,1,N/A,N/A,N/A,N/A,N/A,N/A,N/A,N/A,1954459648,1931546624,36614144,135168,175190016,14,discern-network,S (sleeping),router.bnsdq.ozxfs.rzona.kvugl,1.354693733681342
1759303397,87946,1,101,101,101,101,102,102,102,102,16568320,16564224,7335936,135168,626688,1,systemd-network,S (sleeping),router.bnsdq.ozxfs.rzona.kvugl,0.3757572749559065
1759303397,380,1,103,103,103,103,109,109,109,109,251293696,251293696,236625920,135168,243564544,1,dbus-daemon,S (sleeping),router.bnsdq.ozxfs.rzona.kvugl,0.29178414343601644
1759303402,74883,1,N/A,N/A,N/A,N/A,N/A,N/A,N/A,N/A,1264619520,1264619520,17166336,135168,45826048,4,discern-proc-so,S (sleeping),router.bnsdq.ozxfs.rzona.kvugl,2.479733042029149
1759303402,88066,1,101,101,101,101,102,102,102,102,16568320,16564224,7225344,135168,626688,1,systemd-network,S (sleeping),router.bnsdq.ozxfs.rzona.kvugl,2.071327936749842
1759303402,1,N/A,N/A,N/A,N/A,N/A,N/A,N/A,N/A,N/A,234930176,169627648,10833920,1056768,19968000,1,systemd,S (sleeping),router.bnsdq.ozxfs.rzona.kvugl,1.5449693845162495
1759303402,3366,1,N/A,N/A,N/A,N/A,N/A,N/A,N/A,N/A,1954459648,1931546624,36614144,135168,175190016,14,discern-network,S (sleeping),router.bnsdq.ozxfs.rzona.kvugl,1.3538875869785045
1759303402,380,1,103,103,103,103,109,109,109,109,251293696,251293696,236625920,135168,243564544,1,dbus-daemon,S (sleeping),router.bnsdq.ozxfs.rzona.kvugl,0.2918642189520555
1759303407,74883,1,N/A,N/A,N/A,N/A,N/A,N/A,N/A,N/A,1264619520,1264619520,17166336,135168,45826048,4,discern-proc-so,S (sleeping),router.bnsdq.ozxfs.rzona.kvugl,2.4790447355087624
1759303407,88131,1,101,101,101,101,102,102,102,102,16568320,16564224,7204864,135168,626688,1,systemd-network,S (sleeping),router.bnsdq.ozxfs.rzona.kvugl,1.9091073482407297
1759303407,1,N/A,N/A,N/A,N/A,N/A,N/A,N/A,N/A,N/A,234930176,169357312,10833920,1056768,19697664,1,systemd,S (sleeping),router.bnsdq.ozxfs.rzona.kvugl,1.5454586281412976
1759303407,3366,1,N/A,N/A,N/A,N/A,N/A,N/A,N/A,N/A,1954459648,1931546624,36614144,135168,175190016,14,discern-network,S (sleeping),router.bnsdq.ozxfs.rzona.kvugl,1.3532463927003897
1759303407,380,1,103,103,103,103,109,109,109,109,251293696,251293696,236625920,135168,243564544,1,dbus-daemon,S (sleeping),router.bnsdq.ozxfs.rzona.kvugl,0.2917856482769203
1759303412,74883,1,N/A,N/A,N/A,N/A,N/A,N/A,N/A,N/A,1264619520,1264619520,17166336,135168,45826048,4,discern-proc-so,S (sleeping),router.bnsdq.ozxfs.rzona.kvugl,2.4782609929897728
1759303412,1,N/A,N/A,N/A,N/A,N/A,N/A,N/A,N/A,N/A,234930176,169357312,10833920,1056768,19697664,1,systemd,S (sleeping),router.bnsdq.ozxfs.rzona.kvugl,1.545302894968328
1759303412,3366,1,N/A,N/A,N/A,N/A,N/A,N/A,N/A,N/A,1954459648,1931546624,36614144,135168,175190016,14,discern-network,S (sleeping),router.bnsdq.ozxfs.rzona.kvugl,1.352596942926348
1759303412,88183,1,101,101,101,101,102,102,102,102,16568320,16564224,7323648,135168,626688,1,systemd-network,S (sleeping),router.bnsdq.ozxfs.rzona.kvugl,1.1512736114856084
1759303412,380,1,103,103,103,103,109,109,109,109,251293696,251293696,236625920,135168,243564544,1,dbus-daemon,S (sleeping),router.bnsdq.ozxfs.rzona.kvugl,0.291863771074767
1759303417,74883,1,N/A,N/A,N/A,N/A,N/A,N/A,N/A,N/A,1264619520,1264619520,17166336,135168,45826048,4,discern-proc-so,S (sleeping),router.bnsdq.ozxfs.rzona.kvugl,2.4773931657800516
1759303417,88238,1,101,101,101,101,102,102,102,102,16568320,16568320,7274496,135168,630784,1,systemd-network,S (sleeping),router.bnsdq.ozxfs.rzona.kvugl,1.5457734862095205
1759303417,1,N/A,N/A,N/A,N/A,N/A,N/A,N/A,N/A,N/A,234930176,169357312,10833920,1056768,19697664,1,systemd,S (sleeping),router.bnsdq.ozxfs.rzona.kvugl,1.5454546162516558
1759303417,3366,1,N/A,N/A,N/A,N/A,N/A,N/A,N/A,N/A,1954459648,1931546624,36614144,135168,175190016,14,discern-network,S (sleeping),router.bnsdq.ozxfs.rzona.kvugl,1.3521027446710812
1759303417,380,1,103,103,103,103,109,109,109,109,251293696,251293696,236625920,135168,243564544,1,dbus-daemon,S (sleeping),router.bnsdq.ozxfs.rzona.kvugl,0.29193999330534653
1759303423,74883,1,N/A,N/A,N/A,N/A,N/A,N/A,N/A,N/A,1264619520,1264619520,17166336,135168,45826048,4,discern-proc-so,S (sleeping),router.bnsdq.ozxfs.rzona.kvugl,2.478575627806087
1759303423,1,N/A,N/A,N/A,N/A,N/A,N/A,N/A,N/A,N/A,234930176,169492480,10833920,1056768,19832832,1,systemd,S (sleeping),router.bnsdq.ozxfs.rzona.kvugl,1.5448269560847239
1759303423,3366,1,N/A,N/A,N/A,N/A,N/A,N/A,N/A,N/A,1954459648,1931546624,36614144,135168,175190016,14,discern-network,S (sleeping),router.bnsdq.ozxfs.rzona.kvugl,1.3514575371015622
1759303423,88302,1,101,101,101,101,102,102,102,102,16568320,16564224,7323648,135168,626688,1,systemd-network,S (sleeping),router.bnsdq.ozxfs.rzona.kvugl,0.9688267761412075
1759303423,380,1,103,103,103,103,109,109,109,109,251293696,251293696,236625920,135168,243564544,1,dbus-daemon,S (sleeping),router.bnsdq.ozxfs.rzona.kvugl,0.29186005020566624
1759303428,74883,1,N/A,N/A,N/A,N/A,N/A,N/A,N/A,N/A,1264619520,1264619520,17166336,135168,45826048,4,discern-proc-so,S (sleeping),router.bnsdq.ozxfs.rzona.kvugl,2.478804216595963
1759303428,1,N/A,N/A,N/A,N/A,N/A,N/A,N/A,N/A,N/A,234930176,169492480,10833920,1056768,19832832,1,systemd,S (sleeping),router.bnsdq.ozxfs.rzona.kvugl,1.5449923131405197
1759303428,3366,1,N/A,N/A,N/A,N/A,N/A,N/A,N/A,N/A,1954459648,1931546624,36614144,135168,175190016,14,discern-network,S (sleeping),router.bnsdq.ozxfs.rzona.kvugl,1.3508148746514634
1759303428,88367,1,101,101,101,101,102,102,102,102,16568320,16564224,7307264,135168,626688,1,systemd-network,S (sleeping),router.bnsdq.ozxfs.rzona.kvugl,0.9244157213716553
1759303428,380,1,103,103,103,103,109,109,109,109,251293696,251293696,236625920,135168,243564544,1,dbus-daemon,S (sleeping),router.bnsdq.ozxfs.rzona.kvugl,0.29178054515516255
1759303433,74883,1,N/A,N/A,N/A,N/A,N/A,N/A,N/A,N/A,1264619520,1264619520,17166336,135168,45826048,4,discern-proc-so,S (sleeping),router.bnsdq.ozxfs.rzona.kvugl,2.4808954768987954
1759303433,1,N/A,N/A,N/A,N/A,N/A,N/A,N/A,N/A,N/A,234930176,169238528,10833920,1056768,19578880,1,systemd,S (sleeping),router.bnsdq.ozxfs.rzona.kvugl,1.5448370316829259
1759303433,3366,1,N/A,N/A,N/A,N/A,N/A,N/A,N/A,N/A,1954459648,1931546624,36614144,135168,175190016,14,discern-network,S (sleeping),router.bnsdq.ozxfs.rzona.kvugl,1.3500070295799456
1759303433,88424,1,101,101,101,101,102,102,102,102,16568320,16564224,7184384,135168,626688,1,systemd-network,S (sleeping),router.bnsdq.ozxfs.rzona.kvugl,0.6798925425666466
1759303433,380,1,103,103,103,103,109,109,109,109,251293696,251293696,236625920,135168,243564544,1,dbus-daemon,S (sleeping),router.bnsdq.ozxfs.rzona.kvugl,0.29170032347769026
1759303438,74883,1,N/A,N/A,N/A,N/A,N/A,N/A,N/A,N/A,1264619520,1264619520,17166336,135168,45826048,4,discern-proc-so,S (sleeping),router.bnsdq.ozxfs.rzona.kvugl,2.480173519464452
1759303438,1,N/A,N/A,N/A,N/A,N/A,N/A,N/A,N/A,N/A,234930176,169238528,10833920,1056768,19578880,1,systemd,S (sleeping),router.bnsdq.ozxfs.rzona.kvugl,1.5443721676572648
1759303438,3366,1,N/A,N/A,N/A,N/A,N/A,N/A,N/A,N/A,1954459648,1931546624,36614144,135168,175190016,14,discern-network,S (sleeping),router.bnsdq.ozxfs.rzona.kvugl,1.3492057394612276
1759303438,88485,1,101,101,101,101,102,102,102,102,16568320,16564224,7180288,135168,626688,1,systemd-network,S (sleeping),router.bnsdq.ozxfs.rzona.kvugl,0.658472803618315
1759303438,380,1,103,103,103,103,109,109,109,109,251293696,251293696,236625920,135168,243564544,1,dbus-daemon,S (sleeping),router.bnsdq.ozxfs.rzona.kvugl,0.29162131511987416
1759303443,74883,1,N/A,N/A,N/A,N/A,N/A,N/A,N/A,N/A,1264619520,1264619520,17166336,135168,45826048,4,discern-proc-so,S (sleeping),router.bnsdq.ozxfs.rzona.kvugl,2.483188751266684
1759303443,1,N/A,N/A,N/A,N/A,N/A,N/A,N/A,N/A,N/A,234930176,169357312,10833920,1056768,19697664,1,systemd,S (sleeping),router.bnsdq.ozxfs.rzona.kvugl,1.5443761030311454
1759303443,3366,1,N/A,N/A,N/A,N/A,N/A,N/A,N/A,N/A,1954459648,1931546624,36614144,135168,175190016,14,discern-network,S (sleeping),router.bnsdq.ozxfs.rzona.kvugl,1.3487252164933383
1759303443,88542,1,101,101,101,101,102,102,102,102,16568320,16564224,7229440,135168,626688,1,systemd-network,S (sleeping),router.bnsdq.ozxfs.rzona.kvugl,0.42375178135476105
1759303443,380,1,103,103,103,103,109,109,109,109,251293696,251293696,236625920,135168,243564544,1,dbus-daemon,S (sleeping),router.bnsdq.ozxfs.rzona.kvugl,0.29169927726505895
1759303448,74883,1,N/A,N/A,N/A,N/A,N/A,N/A,N/A,N/A,1264619520,1264619520,17166336,135168,45826048,4,discern-proc-so,S (sleeping),router.bnsdq.ozxfs.rzona.kvugl,2.4821658273993643
1759303448,1,N/A,N/A,N/A,N/A,N/A,N/A,N/A,N/A,N/A,234930176,169357312,10833920,1056768,19697664,1,systemd,S (sleeping),router.bnsdq.ozxfs.rzona.kvugl,1.544196391423663
1759303448,3366,1,N/A,N/A,N/A,N/A,N/A,N/A,N/A,N/A,1954459648,1931546624,36614144,135168,175190016,14,discern-network,S (sleeping),router.bnsdq.ozxfs.rzona.kvugl,1.347898410758453
1759303449,380,1,103,103,103,103,109,109,109,109,251293696,251293696,236625920,135168,243564544,1,dbus-daemon,S (sleeping),router.bnsdq.ozxfs.rzona.kvugl,0.2919297742325874
1759303449,285,1,102,102,102,102,103,103,103,103,24743936,24678400,12312576,135168,3698688,1,systemd-resolve,S (sleeping),router.bnsdq.ozxfs.rzona.kvugl,0.24637484457464665
1759303454,74883,1,N/A,N/A,N/A,N/A,N/A,N/A,N/A,N/A,1264619520,1264619520,17166336,135168,45826048,4,discern-proc-so,S (sleeping),router.bnsdq.ozxfs.rzona.kvugl,2.479423255828891
1759303454,88726,1,101,101,101,101,102,102,102,102,16568320,16568320,7426048,135168,630784,1,systemd-network,S (sleeping),router.bnsdq.ozxfs.rzona.kvugl,1.6661513912989339
1759303454,1,N/A,N/A,N/A,N/A,N/A,N/A,N/A,N/A,N/A,234930176,169357312,10833920,1056768,19697664,1,systemd,S (sleeping),router.bnsdq.ozxfs.rzona.kvugl,1.5437170213651867
1759303454,3366,1,N/A,N/A,N/A,N/A,N/A,N/A,N/A,N/A,1954459648,1931546624,36614144,135168,175190016,14,discern-network,S (sleeping),router.bnsdq.ozxfs.rzona.kvugl,1.347086463770387
1759303454,380,1,103,103,103,103,109,109,109,109,251293696,251293696,236625920,135168,243564544,1,dbus-daemon,S (sleeping),router.bnsdq.ozxfs.rzona.kvugl,0.29169025873621124
1759303459,74883,1,N/A,N/A,N/A,N/A,N/A,N/A,N/A,N/A,1264619520,1264619520,17166336,135168,45826048,4,discern-proc-so,S (sleeping),router.bnsdq.ozxfs.rzona.kvugl,2.4787379712691733
1759303459,1,N/A,N/A,N/A,N/A,N/A,N/A,N/A,N/A,N/A,234930176,169357312,10833920,1056768,19697664,1,systemd,S (sleeping),router.bnsdq.ozxfs.rzona.kvugl,1.5437281035686665
1759303459,3366,1,N/A,N/A,N/A,N/A,N/A,N/A,N/A,N/A,1954459648,1931546624,36614144,135168,175190016,14,discern-network,S (sleeping),router.bnsdq.ozxfs.rzona.kvugl,1.3462917552016513
1759303459,88780,1,101,101,101,101,102,102,102,102,16568320,16564224,7315456,135168,626688,1,systemd-network,S (sleeping),router.bnsdq.ozxfs.rzona.kvugl,1.2835050495306972
1759303459,380,1,103,103,103,103,109,109,109,109,251293696,251293696,236625920,135168,243564544,1,dbus-daemon,S (sleeping),router.bnsdq.ozxfs.rzona.kvugl,0.2917692072457663
1759303464,74883,1,N/A,N/A,N/A,N/A,N/A,N/A,N/A,N/A,1264619520,1264619520,17166336,135168,45826048,4,discern-proc-so,S (sleeping),router.bnsdq.ozxfs.rzona.kvugl,2.4771672609896775
1759303464,1,N/A,N/A,N/A,N/A,N/A,N/A,N/A,N/A,N/A,234930176,169492480,10833920,1056768,19832832,1,systemd,S (sleeping),router.bnsdq.ozxfs.rzona.kvugl,1.5438999541882958
1759303464,3366,1,N/A,N/A,N/A,N/A,N/A,N/A,N/A,N/A,1954459648,1931546624,36614144,135168,175190016,14,discern-network,S (sleeping),router.bnsdq.ozxfs.rzona.kvugl,1.3459858129267266
1759303464,88835,1,101,101,101,101,102,102,102,102,16568320,16568320,7380992,135168,630784,1,systemd-network,S (sleeping),router.bnsdq.ozxfs.rzona.kvugl,1.2199284580194039
1759303464,380,1,103,103,103,103,109,109,109,109,251293696,251293696,236625920,135168,243564544,1,dbus-daemon,S (sleeping),router.bnsdq.ozxfs.rzona.kvugl,0.29184871268117285
1759303469,74883,1,N/A,N/A,N/A,N/A,N/A,N/A,N/A,N/A,1264619520,1264619520,17166336,135168,45826048,4,discern-proc-so,S (sleeping),router.bnsdq.ozxfs.rzona.kvugl,2.4792108794675345
1759303469,1,N/A,N/A,N/A,N/A,N/A,N/A,N/A,N/A,N/A,234930176,169492480,10833920,1056768,19832832,1,systemd,S (sleeping),router.bnsdq.ozxfs.rzona.kvugl,1.5434339493129887
1759303469,3366,1,N/A,N/A,N/A,N/A,N/A,N/A,N/A,N/A,1954459648,1931546624,36614144,135168,175190016,14,discern-network,S (sleeping),router.bnsdq.ozxfs.rzona.kvugl,1.3451881622878017
1759303469,88898,1,101,101,101,101,102,102,102,102,16568320,16564224,7389184,135168,626688,1,systemd-network,S (sleeping),router.bnsdq.ozxfs.rzona.kvugl,1.1451567585370979
1759303469,380,1,103,103,103,103,109,109,109,109,251293696,251293696,236625920,135168,243564544,1,dbus-daemon,S (sleeping),router.bnsdq.ozxfs.rzona.kvugl,0.2917691939553627
1759303474,74883,1,N/A,N/A,N/A,N/A,N/A,N/A,N/A,N/A,1264619520,1264619520,17166336,135168,45826048,4,discern-proc-so,S (sleeping),router.bnsdq.ozxfs.rzona.kvugl,2.48032374013699
1759303474,1,N/A,N/A,N/A,N/A,N/A,N/A,N/A,N/A,N/A,234930176,169238528,10833920,1056768,19578880,1,systemd,S (sleeping),router.bnsdq.ozxfs.rzona.kvugl,1.543597030162825
1759303474,3366,1,N/A,N/A,N/A,N/A,N/A,N/A,N/A,N/A,1954459648,1931546624,36614144,135168,175190016,14,discern-network,S (sleeping),router.bnsdq.ozxfs.rzona.kvugl,1.3445535536208406
1759303474,88963,1,101,101,101,101,102,102,102,102,16568320,16564224,7278592,135168,626688,1,systemd-network,S (sleeping),router.bnsdq.ozxfs.rzona.kvugl,1.0801183079937633
1759303474,380,1,103,103,103,103,109,109,109,109,251293696,251293696,236625920,135168,243564544,1,dbus-daemon,S (sleeping),router.bnsdq.ozxfs.rzona.kvugl,0.29168993281884364
1759303479,74883,1,N/A,N/A,N/A,N/A,N/A,N/A,N/A,N/A,1264619520,1264619520,17166336,135168,45826048,4,discern-proc-so,S (sleeping),router.bnsdq.ozxfs.rzona.kvugl,2.4832479415717517
1759303479,1,N/A,N/A,N/A,N/A,N/A,N/A,N/A,N/A,N/A,234930176,169484288,10833920,1056768,19824640,1,systemd,S (sleeping),router.bnsdq.ozxfs.rzona.kvugl,1.5432889792149074
1759303479,3366,1,N/A,N/A,N/A,N/A,N/A,N/A,N/A,N/A,1954459648,1931546624,36614144,135168,175190016,14,discern-network,S (sleeping),router.bnsdq.ozxfs.rzona.kvugl,1.3439195681428717
1759303479,89014,1,101,101,101,101,102,102,102,102,16568320,16564224,7307264,135168,626688,1,systemd-network,S (sleeping),router.bnsdq.ozxfs.rzona.kvugl,0.5079665026650757
1759303479,380,1,103,103,103,103,109,109,109,109,251293696,251293696,236625920,135168,243564544,1,dbus-daemon,S (sleeping),router.bnsdq.ozxfs.rzona.kvugl,0.29161070744017886
1759303485,74883,1,N/A,N/A,N/A,N/A,N/A,N/A,N/A,N/A,1264619520,1264619520,17166336,135168,45826048,4,discern-proc-so,S (sleeping),router.bnsdq.ozxfs.rzona.kvugl,2.4824872866889773
1759303485,1,N/A,N/A,N/A,N/A,N/A,N/A,N/A,N/A,N/A,234930176,169484288,10833920,1056768,19824640,1,systemd,S (sleeping),router.bnsdq.ozxfs.rzona.kvugl,1.5432924530930692
1759303485,3366,1,N/A,N/A,N/A,N/A,N/A,N/A,N/A,N/A,1954459648,1931546624,36614144,135168,175190016,14,discern-network,S (sleeping),router.bnsdq.ozxfs.rzona.kvugl,1.3431236945796359
1759303485,89081,1,101,101,101,101,102,102,102,102,16568320,16568320,7438336,135168,630784,1,systemd-network,S (sleeping),router.bnsdq.ozxfs.rzona.kvugl,0.4870145183415919
1759303485,380,1,103,103,103,103,109,109,109,109,251293696,251293696,236625920,135168,243564544,1,dbus-daemon,S (sleeping),router.bnsdq.ozxfs.rzona.kvugl,0.29168790923962995
1759303490,74883,1,N/A,N/A,N/A,N/A,N/A,N/A,N/A,N/A,1264619520,1264619520,17166336,135168,45826048,4,discern-proc-so,S (sleeping),router.bnsdq.ozxfs.rzona.kvugl,2.48442963935957
1759303490,1,N/A,N/A,N/A,N/A,N/A,N/A,N/A,N/A,N/A,234930176,169484288,10833920,1056768,19824640,1,systemd,S (sleeping),router.bnsdq.ozxfs.rzona.kvugl,1.54345048644035
1759303490,3366,1,N/A,N/A,N/A,N/A,N/A,N/A,N/A,N/A,1954459648,1931546624,36614144,135168,175190016,14,discern-network,S (sleeping),router.bnsdq.ozxfs.rzona.kvugl,1.3424881279488843
1759303490,89133,1,101,101,101,101,102,102,102,102,16568320,16564224,7360512,135168,626688,1,systemd-network,S (sleeping),router.bnsdq.ozxfs.rzona.kvugl,0.3784893069246426
1759303490,380,1,103,103,103,103,109,109,109,109,251293696,251293696,236625920,135168,243564544,1,dbus-daemon,S (sleeping),router.bnsdq.ozxfs.rzona.kvugl,0.29160800412487986
1759303495,74883,1,N/A,N/A,N/A,N/A,N/A,N/A,N/A,N/A,1264619520,1264619520,17166336,135168,45826048,4,discern-proc-so,S (sleeping),router.bnsdq.ozxfs.rzona.kvugl,2.483477034286057
1759303495,1,N/A,N/A,N/A,N/A,N/A,N/A,N/A,N/A,N/A,234930176,169484288,10833920,1056768,19824640,1,systemd,S (sleeping),router.bnsdq.ozxfs.rzona.kvugl,1.543432847630912
1759303495,3366,1,N/A,N/A,N/A,N/A,N/A,N/A,N/A,N/A,1954459648,1931546624,36614144,135168,175190016,14,discern-network,S (sleeping),router.bnsdq.ozxfs.rzona.kvugl,1.3418365907144034
1759303495,380,1,103,103,103,103,109,109,109,109,251293696,251293696,236625920,135168,243564544,1,dbus-daemon,S (sleeping),router.bnsdq.ozxfs.rzona.kvugl,0.29183757661576026
1759303495,285,1,102,102,102,102,103,103,103,103,24743936,24678400,12312576,135168,3698688,1,systemd-resolve,S (sleeping),router.bnsdq.ozxfs.rzona.kvugl,0.2463015121941685
1759303500,74883,1,N/A,N/A,N/A,N/A,N/A,N/A,N/A,N/A,1264619520,1264619520,17166336,135168,45826048,4,discern-proc-so,S (sleeping),router.bnsdq.ozxfs.rzona.kvugl,2.482413887581489
1759303500,1,N/A,N/A,N/A,N/A,N/A,N/A,N/A,N/A,N/A,234930176,169238528,10833920,1056768,19578880,1,systemd,S (sleeping),router.bnsdq.ozxfs.rzona.kvugl,1.5435587334540317
1759303500,3366,1,N/A,N/A,N/A,N/A,N/A,N/A,N/A,N/A,1954459648,1931546624,36614144,135168,175190016,14,discern-network,S (sleeping),router.bnsdq.ozxfs.rzona.kvugl,1.3411748616963515
1759303500,89319,1,101,101,101,101,102,102,102,102,16568320,16568320,7331840,135168,630784,1,systemd-network,S (sleeping),router.bnsdq.ozxfs.rzona.kvugl,1.0812687963577643
1759303500,380,1,103,103,103,103,109,109,109,109,251293696,251293696,236625920,135168,243564544,1,dbus-daemon,S (sleeping),router.bnsdq.ozxfs.rzona.kvugl,0.2919080444141328
1759303505,74883,1,N/A,N/A,N/A,N/A,N/A,N/A,N/A,N/A,1264619520,1264619520,17166336,135168,45826048,4,discern-proc-so,S (sleeping),router.bnsdq.ozxfs.rzona.kvugl,2.4834996699502563
1759303506,1,N/A,N/A,N/A,N/A,N/A,N/A,N/A,N/A,N/A,234930176,169627648,10833920,1056768,19968000,1,systemd,S (sleeping),router.bnsdq.ozxfs.rzona.kvugl,1.5434106486043622
1759303506,89372,1,101,101,101,101,102,102,102,102,16568320,16564224,7159808,135168,626688,1,systemd-network,S (sleeping),router.bnsdq.ozxfs.rzona.kvugl,1.5007984397779464
1759303506,3366,1,N/A,N/A,N/A,N/A,N/A,N/A,N/A,N/A,1954459648,1931546624,36614144,135168,175190016,14,discern-network,S (sleeping),router.bnsdq.ozxfs.rzona.kvugl,1.340548533756913
1759303506,380,1,103,103,103,103,109,109,109,109,251293696,251293696,236625920,135168,243564544,1,dbus-daemon,S (sleeping),router.bnsdq.ozxfs.rzona.kvugl,0.2919856638667025
1759303511,74883,1,N/A,N/A,N/A,N/A,N/A,N/A,N/A,N/A,1264619520,1264619520,17166336,135168,45826048,4,discern-proc-so,S (sleeping),router.bnsdq.ozxfs.rzona.kvugl,2.4836726642878775
1759303511,1,N/A,N/A,N/A,N/A,N/A,N/A,N/A,N/A,N/A,234930176,169365504,10833920,1056768,19705856,1,systemd,S (sleeping),router.bnsdq.ozxfs.rzona.kvugl,1.543573230912146
1759303511,89427,1,101,101,101,101,102,102,102,102,16568320,16564224,7311360,135168,626688,1,systemd-network,S (sleeping),router.bnsdq.ozxfs.rzona.kvugl,1.3920444990967302
1759303511,3366,1,N/A,N/A,N/A,N/A,N/A,N/A,N/A,N/A,1954459648,1931546624,36614144,135168,175190016,14,discern-network,S (sleeping),router.bnsdq.ozxfs.rzona.kvugl,1.3400820280184793
1759303511,380,1,103,103,103,103,109,109,109,109,251293696,251293696,236625920,135168,243564544,1,dbus-daemon,S (sleeping),router.bnsdq.ozxfs.rzona.kvugl,0.29190675428340834
1759303516,74883,1,N/A,N/A,N/A,N/A,N/A,N/A,N/A,N/A,1264619520,1264619520,17166336,135168,45826048,4,discern-proc-so,S (sleeping),router.bnsdq.ozxfs.rzona.kvugl,2.4864612881640826
1759303516,1,N/A,N/A,N/A,N/A,N/A,N/A,N/A,N/A,N/A,234930176,169365504,10833920,1056768,19705856,1,systemd,S (sleeping),router.bnsdq.ozxfs.rzona.kvugl,1.5432640619565035
1759303516,3366,1,N/A,N/A,N/A,N/A,N/A,N/A,N/A,N/A,1954459648,1931546624,36614144,135168,175190016,14,discern-network,S (sleeping),router.bnsdq.ozxfs.rzona.kvugl,1.3391327469170893
1759303516,89482,1,101,101,101,101,102,102,102,102,16568320,16564224,7151616,135168,626688,1,systemd-network,S (sleeping),router.bnsdq.ozxfs.rzona.kvugl,0.9017207673563297
1759303516,380,1,103,103,103,103,109,109,109,109,251293696,251293696,236625920,135168,243564544,1,dbus-daemon,S (sleeping),router.bnsdq.ozxfs.rzona.kvugl,0.29182725570827406
1759303521,74883,1,N/A,N/A,N/A,N/A,N/A,N/A,N/A,N/A,1264619520,1264619520,17166336,135168,45826048,4,discern-proc-so,S (sleeping),router.bnsdq.ozxfs.rzona.kvugl,2.4866469677959815
1759303521,1,N/A,N/A,N/A,N/A,N/A,N/A,N/A,N/A,N/A,234930176,169365504,10833920,1056768,19705856,1,systemd,S (sleeping),router.bnsdq.ozxfs.rzona.kvugl,1.5434295401025708
1759303521,3366,1,N/A,N/A,N/A,N/A,N/A,N/A,N/A,N/A,1954459648,1931546624,36614144,135168,175190016,14,discern-network,S (sleeping),router.bnsdq.ozxfs.rzona.kvugl,1.338670878966667
1759303521,89559,1,101,101,101,101,102,102,102,102,16568320,16568320,7331840,135168,630784,1,systemd-network,S (sleeping),router.bnsdq.ozxfs.rzona.kvugl,0.8644344262372597
1759303521,380,1,103,103,103,103,109,109,109,109,251293696,251293696,236625920,135168,243564544,1,dbus-daemon,S (sleeping),router.bnsdq.ozxfs.rzona.kvugl,0.2919050239242143
1759303526,74883,1,N/A,N/A,N/A,N/A,N/A,N/A,N/A,N/A,1264619520,1264619520,17166336,135168,45826048,4,discern-proc-so,S (sleeping),router.bnsdq.ozxfs.rzona.kvugl,2.488553060462843
1759303526,1,N/A,N/A,N/A,N/A,N/A,N/A,N/A,N/A,N/A,234930176,169238528,10833920,1056768,19578880,1,systemd,S (sleeping),router.bnsdq.ozxfs.rzona.kvugl,1.5432801600039945
1759303526,3366,1,N/A,N/A,N/A,N/A,N/A,N/A,N/A,N/A,1954459648,1931546624,36614144,135168,175190016,14,discern-network,S (sleeping),router.bnsdq.ozxfs.rzona.kvugl,1.3380470422769808
1759303526,89662,1,101,101,101,101,102,102,102,102,16568320,16564224,7188480,135168,626688,1,systemd-network,S (sleeping),router.bnsdq.ozxfs.rzona.kvugl,0.648279005846589
1759303526,380,1,103,103,103,103,109,109,109,109,251293696,251293696,236625920,135168,243564544,1,dbus-daemon,S (sleeping),router.bnsdq.ozxfs.rzona.kvugl,0.29182632031822814
1759303531,74883,1,N/A,N/A,N/A,N/A,N/A,N/A,N/A,N/A,1264619520,1264619520,17166336,135168,45826048,4,discern-proc-so,S (sleeping),router.bnsdq.ozxfs.rzona.kvugl,2.4895895262870247
1759303531,1,N/A,N/A,N/A,N/A,N/A,N/A,N/A,N/A,N/A,234930176,169238528,10833920,1056768,19578880,1,systemd,S (sleeping),router.bnsdq.ozxfs.rzona.kvugl,1.5431331924983902
1759303531,3366,1,N/A,N/A,N/A,N/A,N/A,N/A,N/A,N/A,1954459648,1931546624,36614144,135168,175190016,14,discern-network,S (sleeping),router.bnsdq.ozxfs.rzona.kvugl,1.3375858459503551
1759303531,89727,1,101,101,101,101,102,102,102,102,16568320,16568320,7311360,135168,630784,1,systemd-network,S (sleeping),router.bnsdq.ozxfs.rzona.kvugl,0.6281805491834404
1759303531,380,1,103,103,103,103,109,109,109,109,251293696,251293696,236625920,135168,243564544,1,dbus-daemon,S (sleeping),router.bnsdq.ozxfs.rzona.kvugl,0.29174815806724286
1759303536,74883,1,N/A,N/A,N/A,N/A,N/A,N/A,N/A,N/A,1264619520,1264619520,17166336,135168,45826048,4,discern-proc-so,S (sleeping),router.bnsdq.ozxfs.rzona.kvugl,2.492301167869984
1759303536,1,N/A,N/A,N/A,N/A,N/A,N/A,N/A,N/A,N/A,234930176,169373696,10833920,1056768,19714048,1,systemd,S (sleeping),router.bnsdq.ozxfs.rzona.kvugl,1.5432914966131923
1759303536,3366,1,N/A,N/A,N/A,N/A,N/A,N/A,N/A,N/A,1954459648,1931546624,36614144,135168,175190016,14,discern-network,S (sleeping),router.bnsdq.ozxfs.rzona.kvugl,1.33680118436422
1759303536,89781,1,101,101,101,101,102,102,102,102,16568320,16564224,7213056,135168,626688,1,systemd-network,S (sleeping),router.bnsdq.ozxfs.rzona.kvugl,0.5043817224831355
1759303536,380,1,103,103,103,103,109,109,109,109,251293696,251293696,236625920,135168,243564544,1,dbus-daemon,S (sleeping),router.bnsdq.ozxfs.rzona.kvugl,0.29182449932994975
1759303542,74883,1,N/A,N/A,N/A,N/A,N/A,N/A,N/A,N/A,1264619520,1264619520,17166336,135168,45826048,4,discern-proc-so,S (sleeping),router.bnsdq.ozxfs.rzona.kvugl,2.492458281775892
1759303542,89901,1,101,101,101,101,102,102,102,102,16568320,16564224,7299072,135168,626688,1,systemd-network,S (sleeping),router.bnsdq.ozxfs.rzona.kvugl,1.8336957359429145
1759303542,1,N/A,N/A,N/A,N/A,N/A,N/A,N/A,N/A,N/A,234930176,169373696,10833920,1056768,19714048,1,systemd,S (sleeping),router.bnsdq.ozxfs.rzona.kvugl,1.5431459438096229
1759303542,3366,1,N/A,N/A,N/A,N/A,N/A,N/A,N/A,N/A,1954459648,1931546624,36614144,135168,175190016,14,discern-network,S (sleeping),router.bnsdq.ozxfs.rzona.kvugl,1.3361834092183937
1759303542,380,1,103,103,103,103,109,109,109,109,251293696,251293696,236625920,135168,243564544,1,dbus-daemon,S (sleeping),router.bnsdq.ozxfs.rzona.kvugl,0.2919020367958828
1759303547,89966,1,101,101,101,101,102,102,102,102,16568320,16568320,7348224,135168,630784,1,systemd-network,S (sleeping),router.bnsdq.ozxfs.rzona.kvugl,2.4187826717674086
1759303547,74883,1,N/A,N/A,N/A,N/A,N/A,N/A,N/A,N/A,1264619520,1264619520,17166336,135168,45826048,4,discern-proc-so,S (sleeping),router.bnsdq.ozxfs.rzona.kvugl,2.492599603707129
1759303547,1,N/A,N/A,N/A,N/A,N/A,N/A,N/A,N/A,N/A,234930176,169373696,10833920,1056768,19714048,1,systemd,S (sleeping),router.bnsdq.ozxfs.rzona.kvugl,1.543309355473957
1759303547,3366,1,N/A,N/A,N/A,N/A,N/A,N/A,N/A,N/A,1954459648,1931546624,36614144,135168,175190016,14,discern-network,S (sleeping),router.bnsdq.ozxfs.rzona.kvugl,1.3355652348781821
1759303547,380,1,103,103,103,103,109,109,109,109,251293696,251293696,236625920,135168,243564544,1,dbus-daemon,S (sleeping),router.bnsdq.ozxfs.rzona.kvugl,0.2918239257251682
1759303552,74883,1,N/A,N/A,N/A,N/A,N/A,N/A,N/A,N/A,1264619520,1264619520,17166336,135168,45826048,4,discern-proc-so,S (sleeping),router.bnsdq.ozxfs.rzona.kvugl,2.493594822528013
1759303552,1,N/A,N/A,N/A,N/A,N/A,N/A,N/A,N/A,N/A,234930176,169373696,10833920,1056768,19714048,1,systemd,S (sleeping),router.bnsdq.ozxfs.rzona.kvugl,1.5431622409232306
1759303552,3366,1,N/A,N/A,N/A,N/A,N/A,N/A,N/A,N/A,1954459648,1931546624,36614144,135168,175190016,14,discern-network,S (sleeping),router.bnsdq.ozxfs.rzona.kvugl,1.3349479154003259
1759303552,90021,1,101,101,101,101,102,102,102,102,16568320,16564224,7188480,135168,626688,1,systemd-network,S (sleeping),router.bnsdq.ozxfs.rzona.kvugl,0.8363603364050864
1759303552,380,1,103,103,103,103,109,109,109,109,251293696,251293696,236625920,135168,243564544,1,dbus-daemon,S (sleeping),router.bnsdq.ozxfs.rzona.kvugl,0.2919009993424531
1759303557,74883,1,N/A,N/A,N/A,N/A,N/A,N/A,N/A,N/A,1264619520,1264619520,17166336,135168,45826048,4,discern-proc-so,S (sleeping),router.bnsdq.ozxfs.rzona.kvugl,2.4937254044890453
1759303557,1,N/A,N/A,N/A,N/A,N/A,N/A,N/A,N/A,N/A,234930176,169373696,10833920,1056768,19714048,1,systemd,S (sleeping),router.bnsdq.ozxfs.rzona.kvugl,1.5434797517112975
1759303557,3366,1,N/A,N/A,N/A,N/A,N/A,N/A,N/A,N/A,1954459648,1931546624,36614144,135168,175190016,14,discern-network,S (sleeping),router.bnsdq.ozxfs.rzona.kvugl,1.334331304207061
1759303557,90082,1,101,101,101,101,102,102,102,102,16568320,16564224,7331840,135168,626688,1,systemd-network,S (sleeping),router.bnsdq.ozxfs.rzona.kvugl,1.1795886272345275
1759303557,380,1,103,103,103,103,109,109,109,109,251293696,251293696,236625920,135168,243564544,1,dbus-daemon,S (sleeping),router.bnsdq.ozxfs.rzona.kvugl,0.2919778907771471
1759303562,74883,1,N/A,N/A,N/A,N/A,N/A,N/A,N/A,N/A,1264619520,1264619520,17166336,135168,45826048,4,discern-proc-so,S (sleeping),router.bnsdq.ozxfs.rzona.kvugl,2.495539275063553
1759303562,1,N/A,N/A,N/A,N/A,N/A,N/A,N/A,N/A,N/A,234930176,169373696,10833920,1056768,19714048,1,systemd,S (sleeping),router.bnsdq.ozxfs.rzona.kvugl,1.5431760851553087
1759303562,3366,1,N/A,N/A,N/A,N/A,N/A,N/A,N/A,N/A,1954459648,1931546624,36614144,135168,175190016,14,discern-network,S (sleeping),router.bnsdq.ozxfs.rzona.kvugl,1.3335554463467183
1759303562,90138,1,101,101,101,101,102,102,102,102,16568320,16564224,7315456,135168,626688,1,systemd-network,S (sleeping),router.bnsdq.ozxfs.rzona.kvugl,0.8104458701020558
1759303562,380,1,103,103,103,103,109,109,109,109,251293696,251293696,236625920,135168,243564544,1,dbus-daemon,S (sleeping),router.bnsdq.ozxfs.rzona.kvugl,0.2918995131475775
1759303567,74883,1,N/A,N/A,N/A,N/A,N/A,N/A,N/A,N/A,1264619520,1264619520,17166336,135168,45826048,4,discern-proc-so,S (sleeping),router.bnsdq.ozxfs.rzona.kvugl,2.4956942382908593
1759303567,1,N/A,N/A,N/A,N/A,N/A,N/A,N/A,N/A,N/A,234930176,169373696,10833920,1056768,19714048,1,systemd,S (sleeping),router.bnsdq.ozxfs.rzona.kvugl,1.5431876076261801
1759303567,3366,1,N/A,N/A,N/A,N/A,N/A,N/A,N/A,N/A,1954459648,1931546624,36614144,135168,175190016,14,discern-network,S (sleeping),router.bnsdq.ozxfs.rzona.kvugl,1.3329443914669634
1759303567,90206,1,101,101,101,101,102,102,102,102,16568320,16568320,7311360,135168,630784,1,systemd-network,S (sleeping),router.bnsdq.ozxfs.rzona.kvugl,0.5211568444303079
1759303567,380,1,103,103,103,103,109,109,109,109,251293696,251293696,236625920,135168,243564544,1,dbus-daemon,S (sleeping),router.bnsdq.ozxfs.rzona.kvugl,0.2919770043581762
1759303573,74883,1,N/A,N/A,N/A,N/A,N/A,N/A,N/A,N/A,1264619520,1264619520,17166336,135168,45826048,4,discern-proc-so,S (sleeping),router.bnsdq.ozxfs.rzona.kvugl,2.496626333771976
1759303573,1,N/A,N/A,N/A,N/A,N/A,N/A,N/A,N/A,N/A,234930176,169373696,10833920,1056768,19714048,1,systemd,S (sleeping),router.bnsdq.ozxfs.rzona.kvugl,1.542882850937653
1759303573,3366,1,N/A,N/A,N/A,N/A,N/A,N/A,N/A,N/A,1954459648,1931546624,36614144,135168,175190016,14,discern-network,S (sleeping),router.bnsdq.ozxfs.rzona.kvugl,1.332169316953577
1759303573,90260,1,101,101,101,101,102,102,102,102,16568320,16564224,7340032,135168,626688,1,systemd-network,S (sleeping),router.bnsdq.ozxfs.rzona.kvugl,0.3997130686118033
1759303573,380,1,103,103,103,103,109,109,109,109,251293696,251293696,236625920,135168,243564544,1,dbus-daemon,S (sleeping),router.bnsdq.ozxfs.rzona.kvugl,0.29174380329166555
1759303578,74883,1,N/A,N/A,N/A,N/A,N/A,N/A,N/A,N/A,1264619520,1264619520,17166336,135168,45826048,4,discern-proc-so,S (sleeping),router.bnsdq.ozxfs.rzona.kvugl,2.4967713833218466
1759303578,1,N/A,N/A,N/A,N/A,N/A,N/A,N/A,N/A,N/A,234930176,169373696,10833920,1056768,19714048,1,systemd,S (sleeping),router.bnsdq.ozxfs.rzona.kvugl,1.5427397308830295
1759303578,3366,1,N/A,N/A,N/A,N/A,N/A,N/A,N/A,N/A,1954459648,1931546624,36614144,135168,175190016,14,discern-network,S (sleeping),router.bnsdq.ozxfs.rzona.kvugl,1.3317185144161146
1759303578,90325,1,101,101,101,101,102,102,102,102,16568320,16568320,7462912,135168,630784,1,systemd-network,S (sleeping),router.bnsdq.ozxfs.rzona.kvugl,0.389014763044125
1759303578,380,1,103,103,103,103,109,109,109,109,251293696,251293696,236625920,135168,243564544,1,dbus-daemon,S (sleeping),router.bnsdq.ozxfs.rzona.kvugl,0.29182122154286466
1759303583,74883,1,N/A,N/A,N/A,N/A,N/A,N/A,N/A,N/A,1264619520,1264619520,17166336,135168,45826048,4,discern-proc-so,S (sleeping),router.bnsdq.ozxfs.rzona.kvugl,2.4993730033306965
1759303583,1,N/A,N/A,N/A,N/A,N/A,N/A,N/A,N/A,N/A,234930176,169373696,10833920,1056768,19714048,1,systemd,S (sleeping),router.bnsdq.ozxfs.rzona.kvugl,1.5427459042187057
1759303583,3366,1,N/A,N/A,N/A,N/A,N/A,N/A,N/A,N/A,1954459648,1931546624,36614144,135168,175190016,14,discern-network,S (sleeping),router.bnsdq.ozxfs.rzona.kvugl,1.3311054328917902
1759303583,90381,1,101,101,101,101,102,102,102,102,16568320,16564224,7380992,135168,626688,1,systemd-network,S (sleeping),router.bnsdq.ozxfs.rzona.kvugl,0.377299992551419
1759303583,380,1,103,103,103,103,109,109,109,109,251293696,251293696,236625920,135168,243564544,1,dbus-daemon,S (sleeping),router.bnsdq.ozxfs.rzona.kvugl,0.29189752433188965
1759303588,74883,1,N/A,N/A,N/A,N/A,N/A,N/A,N/A,N/A,1264619520,1264619520,17166336,135168,45826048,4,discern-proc-so,S (sleeping),router.bnsdq.ozxfs.rzona.kvugl,2.499481888901393
1759303588,90498,1,101,101,101,101,102,102,102,102,16568320,16564224,7307264,135168,626688,1,systemd-network,S (sleeping),router.bnsdq.ozxfs.rzona.kvugl,2.069658724452495
1759303588,1,N/A,N/A,N/A,N/A,N/A,N/A,N/A,N/A,N/A,234930176,169627648,10833920,1056768,19968000,1,systemd,S (sleeping),router.bnsdq.ozxfs.rzona.kvugl,1.5427546039502935
1759303588,3366,1,N/A,N/A,N/A,N/A,N/A,N/A,N/A,N/A,1954459648,1931546624,36614144,135168,175190016,14,discern-network,S (sleeping),router.bnsdq.ozxfs.rzona.kvugl,1.3304955956062627
1759303588,380,1,103,103,103,103,109,109,109,109,251293696,251293696,236625920,135168,243564544,1,dbus-daemon,S (sleeping),router.bnsdq.ozxfs.rzona.kvugl,0.2919741893715484
1759303593,74883,1,N/A,N/A,N/A,N/A,N/A,N/A,N/A,N/A,1264619520,1264619520,17166336,135168,45826048,4,discern-proc-so,S (sleeping),router.bnsdq.ozxfs.rzona.kvugl,2.5003977963608306
1759303593,1,N/A,N/A,N/A,N/A,N/A,N/A,N/A,N/A,N/A,234930176,169361408,10833920,1056768,19701760,1,systemd,S (sleeping),router.bnsdq.ozxfs.rzona.kvugl,1.542761099152439
1759303593,3366,1,N/A,N/A,N/A,N/A,N/A,N/A,N/A,N/A,1954459648,1931546624,36614144,135168,175190016,14,discern-network,S (sleeping),router.bnsdq.ozxfs.rzona.kvugl,1.3300428796326318
1759303593,90563,1,101,101,101,101,102,102,102,102,16568320,16564224,7225344,135168,626688,1,systemd-network,S (sleeping),router.bnsdq.ozxfs.rzona.kvugl,1.2435919540903855
1759303593,380,1,103,103,103,103,109,109,109,109,251293696,251293696,236625920,135168,243564544,1,dbus-daemon,S (sleeping),router.bnsdq.ozxfs.rzona.kvugl,0.2918961814077995
1759303598,74883,1,N/A,N/A,N/A,N/A,N/A,N/A,N/A,N/A,1264619520,1264619520,17166336,135168,45826048,4,discern-proc-so,S (sleeping),router.bnsdq.ozxfs.rzona.kvugl,2.5005144668412562
1759303598,1,N/A,N/A,N/A,N/A,N/A,N/A,N/A,N/A,N/A,234930176,169496576,10833920,1056768,19836928,1,systemd,S (sleeping),router.bnsdq.ozxfs.rzona.kvugl,1.5426173824745995
1759303598,3366,1,N/A,N/A,N/A,N/A,N/A,N/A,N/A,N/A,1954459648,1931546624,36614144,135168,175190016,14,discern-network,S (sleeping),router.bnsdq.ozxfs.rzona.kvugl,1.3292783117985654
1759303598,90615,1,101,101,101,101,102,102,102,102,16568320,16564224,7254016,135168,626688,1,systemd-network,S (sleeping),router.bnsdq.ozxfs.rzona.kvugl,0.7271059823052237
1759303598,380,1,103,103,103,103,109,109,109,109,251293696,251293696,236625920,135168,243564544,1,dbus-daemon,S (sleeping),router.bnsdq.ozxfs.rzona.kvugl,0.29197301782397284
1759303603,74883,1,N/A,N/A,N/A,N/A,N/A,N/A,N/A,N/A,1264619520,1264619520,17166336,135168,45826048,4,discern-proc-so,S (sleeping),router.bnsdq.ozxfs.rzona.kvugl,2.5006319313131917
1759303603,1,N/A,N/A,N/A,N/A,N/A,N/A,N/A,N/A,N/A,234930176,169345024,10833920,1056768,19685376,1,systemd,S (sleeping),router.bnsdq.ozxfs.rzona.kvugl,1.5427817012041003
1759303603,3366,1,N/A,N/A,N/A,N/A,N/A,N/A,N/A,N/A,1954459648,1931546624,36614144,135168,175190016,14,discern-network,S (sleeping),router.bnsdq.ozxfs.rzona.kvugl,1.3288308416507855
1759303603,90670,1,101,101,101,101,102,102,102,102,16568320,16568320,7294976,135168,630784,1,systemd-network,S (sleeping),router.bnsdq.ozxfs.rzona.kvugl,0.6915157355605407
1759303603,380,1,103,103,103,103,109,109,109,109,251293696,251293696,236625920,135168,243564544,1,dbus-daemon,S (sleeping),router.bnsdq.ozxfs.rzona.kvugl,0.29204976990762443
1759303609,74883,1,N/A,N/A,N/A,N/A,N/A,N/A,N/A,N/A,1264619520,1264619520,17166336,135168,45826048,4,discern-proc-so,S (sleeping),router.bnsdq.ozxfs.rzona.kvugl,2.5015158275009965
1759303609,1,N/A,N/A,N/A,N/A,N/A,N/A,N/A,N/A,N/A,234930176,169238528,10833920,1056768,19578880,1,systemd,S (sleeping),router.bnsdq.ozxfs.rzona.kvugl,1.5424789713566542
1759303609,3366,1,N/A,N/A,N/A,N/A,N/A,N/A,N/A,N/A,1954459648,1931546624,36614144,135168,175190016,14,discern-network,S (sleeping),router.bnsdq.ozxfs.rzona.kvugl,1.3280635573078334
1759303609,90734,1,101,101,101,101,102,102,102,102,16568320,16564224,7380992,135168,626688,1,systemd-network,S (sleeping),router.bnsdq.ozxfs.rzona.kvugl,0.9809971997091586
1759303609,380,1,103,103,103,103,109,109,109,109,251293696,251293696,236625920,135168,243564544,1,dbus-daemon,S (sleeping),router.bnsdq.ozxfs.rzona.kvugl,0.291971556709974
1759303614,74883,1,N/A,N/A,N/A,N/A,N/A,N/A,N/A,N/A,1264619520,1264619520,17166336,135168,45826048,4,discern-proc-so,S (sleeping),router.bnsdq.ozxfs.rzona.kvugl,2.502425431108892
1759303614,1,N/A,N/A,N/A,N/A,N/A,N/A,N/A,N/A,N/A,234930176,169238528,10833920,1056768,19578880,1,systemd,S (sleeping),router.bnsdq.ozxfs.rzona.kvugl,1.5426412495800266
1759303614,3366,1,N/A,N/A,N/A,N/A,N/A,N/A,N/A,N/A,1954459648,1931546624,36614144,135168,175190016,14,discern-network,S (sleeping),router.bnsdq.ozxfs.rzona.kvugl,1.3274585268059573
1759303614,90803,1,101,101,101,101,102,102,102,102,16568320,16568320,7352320,135168,630784,1,systemd-network,S (sleeping),router.bnsdq.ozxfs.rzona.kvugl,0.9352360789920257
1759303614,380,1,103,103,103,103,109,109,109,109,251293696,251293696,236625920,135168,243564544,1,dbus-daemon,S (sleeping),router.bnsdq.ozxfs.rzona.kvugl,0.2920478261625662
1759303619,74883,1,N/A,N/A,N/A,N/A,N/A,N/A,N/A,N/A,1264619520,1264619520,17166336,135168,45826048,4,discern-proc-so,S (sleeping),router.bnsdq.ozxfs.rzona.kvugl,2.5040930323608372
1759303619,1,N/A,N/A,N/A,N/A,N/A,N/A,N/A,N/A,N/A,234930176,169373696,10833920,1056768,19714048,1,systemd,S (sleeping),router.bnsdq.ozxfs.rzona.kvugl,1.5426446329171435
1759303619,3366,1,N/A,N/A,N/A,N/A,N/A,N/A,N/A,N/A,1954459648,1931546624,36614144,135168,175190016,14,discern-network,S (sleeping),router.bnsdq.ozxfs.rzona.kvugl,1.3268498662525305
1759303619,90855,1,101,101,101,101,102,102,102,102,16568320,16564224,7344128,135168,626688,1,systemd-network,S (sleeping),router.bnsdq.ozxfs.rzona.kvugl,0.6850135811728788
1759303619,380,1,103,103,103,103,109,109,109,109,251293696,251293696,236625920,135168,243564544,1,dbus-daemon,S (sleeping),router.bnsdq.ozxfs.rzona.kvugl,0.2919694770234469
1759303624,74883,1,N/A,N/A,N/A,N/A,N/A,N/A,N/A,N/A,1264619520,1264619520,17166336,135168,45826048,4,discern-proc-so,S (sleeping),router.bnsdq.ozxfs.rzona.kvugl,2.5049867105372665
1759303624,1,N/A,N/A,N/A,N/A,N/A,N/A,N/A,N/A,N/A,234930176,169373696,10833920,1056768,19714048,1,systemd,S (sleeping),router.bnsdq.ozxfs.rzona.kvugl,1.5423468568227314
1759303624,3366,1,N/A,N/A,N/A,N/A,N/A,N/A,N/A,N/A,1954459648,1931546624,36614144,135168,175190016,14,discern-network,S (sleeping),router.bnsdq.ozxfs.rzona.kvugl,1.32624706400259
1759303624,90920,1,101,101,101,101,102,102,102,102,16568320,16568320,7430144,135168,630784,1,systemd-network,S (sleeping),router.bnsdq.ozxfs.rzona.kvugl,0.6625684351559563
1759303624,380,1,103,103,103,103,109,109,109,109,251293696,251293696,236625920,135168,243564544,1,dbus-daemon,S (sleeping),router.bnsdq.ozxfs.rzona.kvugl,0.291892299374094
1759303629,74883,1,N/A,N/A,N/A,N/A,N/A,N/A,N/A,N/A,1264619520,1264619520,17166336,135168,45826048,4,discern-proc-so,S (sleeping),router.bnsdq.ozxfs.rzona.kvugl,2.5074175739209625
1759303629,1,N/A,N/A,N/A,N/A,N/A,N/A,N/A,N/A,N/A,234930176,169373696,10833920,1056768,19714048,1,systemd,S (sleeping),router.bnsdq.ozxfs.rzona.kvugl,1.5425018090075062
1759303629,3366,1,N/A,N/A,N/A,N/A,N/A,N/A,N/A,N/A,1954459648,1931546624,36614144,135168,175190016,14,discern-network,S (sleeping),router.bnsdq.ozxfs.rzona.kvugl,1.3254815459570224
1759303629,90973,1,101,101,101,101,102,102,102,102,16568320,16564224,7299072,135168,626688,1,systemd-network,S (sleeping),router.bnsdq.ozxfs.rzona.kvugl,0.5256436925032849
1759303629,380,1,103,103,103,103,109,109,109,109,251293696,251293696,236625920,135168,243564544,1,dbus-daemon,S (sleeping),router.bnsdq.ozxfs.rzona.kvugl,0.29196711641564266
1759303634,74883,1,N/A,N/A,N/A,N/A,N/A,N/A,N/A,N/A,1264619520,1264619520,17166336,135168,45826048,4,discern-proc-so,S (sleeping),router.bnsdq.ozxfs.rzona.kvugl,2.507490174235283
1759303634,91092,1,101,101,101,101,102,102,102,102,16568320,16564224,7290880,135168,626688,1,systemd-network,S (sleeping),router.bnsdq.ozxfs.rzona.kvugl,2.3375767793164006
1759303634,1,N/A,N/A,N/A,N/A,N/A,N/A,N/A,N/A,N/A,234930176,169373696,10833920,1056768,19714048,1,systemd,S (sleeping),router.bnsdq.ozxfs.rzona.kvugl,1.5423576491605049
1759303634,3366,1,N/A,N/A,N/A,N/A,N/A,N/A,N/A,N/A,1954459648,1931546624,36614144,135168,175190016,14,discern-network,S (sleeping),router.bnsdq.ozxfs.rzona.kvugl,1.3250378551338622
1759303634,380,1,103,103,103,103,109,109,109,109,251293696,251293696,236625920,135168,243564544,1,dbus-daemon,S (sleeping),router.bnsdq.ozxfs.rzona.kvugl,0.292196336253546
1759303639,74883,1,N/A,N/A,N/A,N/A,N/A,N/A,N/A,N/A,1264619520,1264619520,17166336,135168,45826048,4,discern-proc-so,S (sleeping),router.bnsdq.ozxfs.rzona.kvugl,2.506787442036998
1759303639,91157,1,101,101,101,101,102,102,102,102,16568320,16568320,7254016,135168,630784,1,systemd-network,S (sleeping),router.bnsdq.ozxfs.rzona.kvugl,2.0144517087900873
1759303639,1,N/A,N/A,N/A,N/A,N/A,N/A,N/A,N/A,N/A,234930176,169373696,10833920,1056768,19714048,1,systemd,S (sleeping),router.bnsdq.ozxfs.rzona.kvugl,1.542369364251746
1759303640,3366,1,N/A,N/A,N/A,N/A,N/A,N/A,N/A,N/A,1954459648,1931546624,36614144,135168,175190016,14,discern-network,S (sleeping),router.bnsdq.ozxfs.rzona.kvugl,1.3245972735431593
1759303640,380,1,103,103,103,103,109,109,109,109,251293696,251293696,236625920,135168,243564544,1,dbus-daemon,S (sleeping),router.bnsdq.ozxfs.rzona.kvugl,0.29211966419342444
1759303645,74883,1,N/A,N/A,N/A,N/A,N/A,N/A,N/A,N/A,1264619520,1264619520,17166336,135168,45826048,4,discern-proc-so,S (sleeping),router.bnsdq.ozxfs.rzona.kvugl,2.507653564785438
1759303645,1,N/A,N/A,N/A,N/A,N/A,N/A,N/A,N/A,N/A,234930176,169373696,10833920,1056768,19714048,1,systemd,S (sleeping),router.bnsdq.ozxfs.rzona.kvugl,1.542225367267632
1759303645,91211,1,101,101,101,101,102,102,102,102,16568320,16564224,7270400,135168,626688,1,systemd-network,S (sleeping),router.bnsdq.ozxfs.rzona.kvugl,1.4000905139849416
1759303645,3366,1,N/A,N/A,N/A,N/A,N/A,N/A,N/A,N/A,1954459648,1931546624,36614144,135168,175190016,14,discern-network,S (sleeping),router.bnsdq.ozxfs.rzona.kvugl,1.3239979352480407
1759303645,380,1,103,103,103,103,109,109,109,109,251293696,251293696,236625920,135168,243564544,1,dbus-daemon,S (sleeping),router.bnsdq.ozxfs.rzona.kvugl,0.29219544254616064
1759303650,74883,1,N/A,N/A,N/A,N/A,N/A,N/A,N/A,N/A,1264619520,1264619520,17166336,135168,45826048,4,discern-proc-so,S (sleeping),router.bnsdq.ozxfs.rzona.kvugl,2.5053813275789936
1759303650,1,N/A,N/A,N/A,N/A,N/A,N/A,N/A,N/A,N/A,234930176,169373696,10833920,1056768,19714048,1,systemd,S (sleeping),router.bnsdq.ozxfs.rzona.kvugl,1.5425432750002166
1759303650,91271,1,101,101,101,101,102,102,102,102,16568320,16564224,7241728,135168,626688,1,systemd-network,S (sleeping),router.bnsdq.ozxfs.rzona.kvugl,1.3176918820920203
1759303650,3366,1,N/A,N/A,N/A,N/A,N/A,N/A,N/A,N/A,1954459648,1931546624,36614144,135168,175190016,14,discern-network,S (sleeping),router.bnsdq.ozxfs.rzona.kvugl,1.3234028599514223
1759303650,380,1,103,103,103,103,109,109,109,109,251293696,251293696,236625920,135168,243564544,1,dbus-daemon,S (sleeping),router.bnsdq.ozxfs.rzona.kvugl,0.2921190378466884
1759303655,74883,1,N/A,N/A,N/A,N/A,N/A,N/A,N/A,N/A,1264619520,1264619520,17166336,135168,45826048,4,discern-proc-so,S (sleeping),router.bnsdq.ozxfs.rzona.kvugl,2.5069578513451836
1759303655,1,N/A,N/A,N/A,N/A,N/A,N/A,N/A,N/A,N/A,234930176,169357312,10833920,1056768,19697664,1,systemd,S (sleeping),router.bnsdq.ozxfs.rzona.kvugl,1.542085172698597
1759303655,3366,1,N/A,N/A,N/A,N/A,N/A,N/A,N/A,N/A,1954459648,1931546624,36614144,135168,175190016,14,discern-network,S (sleeping),router.bnsdq.ozxfs.rzona.kvugl,1.3224844893021488
1759303655,91329,1,101,101,101,101,102,102,102,102,16568320,16564224,7344128,135168,626688,1,systemd-network,S (sleeping),router.bnsdq.ozxfs.rzona.kvugl,0.8659467617108587
1759303655,380,1,103,103,103,103,109,109,109,109,251293696,251293696,236625920,135168,243564544,1,dbus-daemon,S (sleeping),router.bnsdq.ozxfs.rzona.kvugl,0.2921930147103076
