timestamp,pid,ppid,real_uid,effective_uid,saved_uid,filesystem_uid,real_gid,effective_gid,saved_gid,filesystem_gid,vm_peak,vm_size,vm_hwm,rss_shmem,vm_stk,vm_data,threads,name,state,device_id,cpu,malicious
1759318675,22346,1,N/A,N/A,N/A,N/A,N/A,N/A,N/A,N/A,1634725888,1567879168,127635456,N/A,135168,196059136,11,dockerd,S (sleeping),learner-victim1.bnsdq.ozxfs.fkiya-owcwb.kvugl,2.5024216417092506,0
1759318675,450,1,103,103,103,103,109,109,109,109,96538624,96538624,92487680,N/A,135168,88809472,1,dbus-daemon,S (sleeping),learner-victim1.bnsdq.ozxfs.fkiya-owcwb.kvugl,0.3919092848036715,0
1759318675,3426,1,N/A,N/A,N/A,N/A,N/A,N/A,N/A,N/A,2476675072,2409566208,117846016,N/A,135168,256344064,15,discern-network,S (sleeping),learner-victim1.bnsdq.ozxfs.fkiya-owcwb.kvugl,2.6489998308476257,0
1759318675,22128,1,N/A,N/A,N/A,N/A,N/A,N/A,N/A,N/A,1444818944,1444818944,47476736,N/A,135168,185815040,10,containerd,S (sleeping),learner-victim1.bnsdq.ozxfs.fkiya-owcwb.kvugl,0.48816734757068087,0
1759318675,220,1,N/A,N/A,N/A,N/A,N/A,N/A,N/A,N/A,99811328,99811328,45973504,4096,135168,28024832,1,systemd-journal,S (sleeping),learner-victim1.bnsdq.ozxfs.fkiya-owcwb.kvugl,0.2710878623041388,0
1759318684,22346,1,N/A,N/A,N/A,N/A,N/A,N/A,N/A,N/A,1634725888,1567879168,127635456,N/A,135168,196059136,11,dockerd,S (sleeping),learner-victim1.bnsdq.ozxfs.fkiya-owcwb.kvugl,2.4839348590222072,0
1759318684,450,1,103,103,103,103,109,109,109,109,97091584,97091584,93028352,N/A,135168,89362432,1,dbus-daemon,S (sleeping),learner-victim1.bnsdq.ozxfs.fkiya-owcwb.kvugl,0.3940915829244739,0
1759318684,3426,1,N/A,N/A,N/A,N/A,N/A,N/A,N/A,N/A,2476675072,2409566208,117846016,N/A,135168,256344064,15,discern-network,S (sleeping),learner-victim1.bnsdq.ozxfs.fkiya-owcwb.kvugl,2.64475915791529,0
1759318684,22128,1,N/A,N/A,N/A,N/A,N/A,N/A,N/A,N/A,1444818944,1444818944,47476736,N/A,135168,185815040,10,containerd,S (sleeping),learner-victim1.bnsdq.ozxfs.fkiya-owcwb.kvugl,0.4871992088013889,0
1759318684,220,1,N/A,N/A,N/A,N/A,N/A,N/A,N/A,N/A,99811328,99811328,46190592,4096,135168,28024832,1,systemd-journal,S (sleeping),learner-victim1.bnsdq.ozxfs.fkiya-owcwb.kvugl,0.2718850934833558,0
1759318689,22346,1,N/A,N/A,N/A,N/A,N/A,N/A,N/A,N/A,1634725888,1567879168,127635456,N/A,135168,196059136,11,dockerd,S (sleeping),learner-victim1.bnsdq.ozxfs.fkiya-owcwb.kvugl,2.472447812820389,0
1759318689,450,1,103,103,103,103,109,109,109,109,97370112,97370112,93298688,N/A,135168,89640960,1,dbus-daemon,S (sleeping),learner-victim1.bnsdq.ozxfs.fkiya-owcwb.kvugl,0.39405173111879227,0
1759318689,3426,1,N/A,N/A,N/A,N/A,N/A,N/A,N/A,N/A,2476675072,2409566208,117846016,N/A,135168,256344064,15,discern-network,S (sleeping),learner-victim1.bnsdq.ozxfs.fkiya-owcwb.kvugl,2.641700495503765,0
1759318689,22128,1,N/A,N/A,N/A,N/A,N/A,N/A,N/A,N/A,1444818944,1444818944,47476736,N/A,135168,185815040,10,containerd,S (sleeping),learner-victim1.bnsdq.ozxfs.fkiya-owcwb.kvugl,0.48582689649038274,0
1759318689,220,1,N/A,N/A,N/A,N/A,N/A,N/A,N/A,N/A,99811328,99811328,46227456,4096,135168,28024832,1,systemd-journal,S (sleeping),learner-victim1.bnsdq.ozxfs.fkiya-owcwb.kvugl,0.2716817731954254,0
1759318694,22346,1,N/A,N/A,N/A,N/A,N/A,N/A,N/A,N/A,1634725888,1567879168,127635456,N/A,135168,196059136,11,dockerd,S (sleeping),learner-victim1.bnsdq.ozxfs.fkiya-owcwb.kvugl,2.4611510071510505,0
1759318694,450,1,103,103,103,103,109,109,109,109,97792000,97792000,93839360,N/A,135168,90062848,1,dbus-daemon,S (sleeping),learner-victim1.bnsdq.ozxfs.fkiya-owcwb.kvugl,0.3949431311682764,0
1759318694,42114,1,N/A,N/A,N/A,N/A,N/A,N/A,N/A,N/A,1399795712,1399795712,165474304,N/A,135168,193617920,7,discern-file-so,S (sleeping),learner-victim1.bnsdq.ozxfs.fkiya-owcwb.kvugl,97.96358538082053,0
1759318694,3426,1,N/A,N/A,N/A,N/A,N/A,N/A,N/A,N/A,2476675072,2409566208,117846016,N/A,135168,256344064,15,discern-network,S (sleeping),learner-victim1.bnsdq.ozxfs.fkiya-owcwb.kvugl,2.638711674254668,0
1759318694,22128,1,N/A,N/A,N/A,N/A,N/A,N/A,N/A,N/A,1444818944,1444818944,47476736,N/A,135168,185815040,10,containerd,S (sleeping),learner-victim1.bnsdq.ozxfs.fkiya-owcwb.kvugl,0.4853490832506204,0
1759318700,22346,1,N/A,N/A,N/A,N/A,N/A,N/A,N/A,N/A,1634725888,1567879168,127635456,N/A,135168,196059136,11,dockerd,S (sleeping),learner-victim1.bnsdq.ozxfs.fkiya-owcwb.kvugl,2.4500717438521384,0
1759318700,450,1,103,103,103,103,109,109,109,109,97927168,97927168,94109696,N/A,135168,90198016,1,dbus-daemon,S (sleeping),learner-victim1.bnsdq.ozxfs.fkiya-owcwb.kvugl,0.39537924738327285,0
1759318700,3426,1,N/A,N/A,N/A,N/A,N/A,N/A,N/A,N/A,2476675072,2409566208,117846016,N/A,135168,256344064,15,discern-network,S (sleeping),learner-victim1.bnsdq.ozxfs.fkiya-owcwb.kvugl,2.6342897995576813,0
1759318700,22128,1,N/A,N/A,N/A,N/A,N/A,N/A,N/A,N/A,1444818944,1444818944,47476736,N/A,135168,185815040,10,containerd,S (sleeping),learner-victim1.bnsdq.ozxfs.fkiya-owcwb.kvugl,0.48403683237156564,0
1759318700,220,1,N/A,N/A,N/A,N/A,N/A,N/A,N/A,N/A,99811328,99811328,46399488,4096,135168,28024832,1,systemd-journal,S (sleeping),learner-victim1.bnsdq.ozxfs.fkiya-owcwb.kvugl,0.27267675563716604,0
1759318705,22346,1,N/A,N/A,N/A,N/A,N/A,N/A,N/A,N/A,1634725888,1567879168,127635456,N/A,135168,196059136,11,dockerd,S (sleeping),learner-victim1.bnsdq.ozxfs.fkiya-owcwb.kvugl,2.4390363793426753,0
1759318705,450,1,103,103,103,103,109,109,109,109,98197504,98197504,94109696,N/A,135168,90468352,1,dbus-daemon,S (sleeping),learner-victim1.bnsdq.ozxfs.fkiya-owcwb.kvugl,0.3953487731961887,0
1759318705,3426,1,N/A,N/A,N/A,N/A,N/A,N/A,N/A,N/A,2476675072,2409566208,117846016,N/A,135168,256344064,15,discern-network,S (sleeping),learner-victim1.bnsdq.ozxfs.fkiya-owcwb.kvugl,2.6318788845853267,0
1759318705,22128,1,N/A,N/A,N/A,N/A,N/A,N/A,N/A,N/A,1444818944,1444818944,47476736,N/A,135168,185815040,10,containerd,S (sleeping),learner-victim1.bnsdq.ozxfs.fkiya-owcwb.kvugl,0.48272529076534276,0
1759318705,220,1,N/A,N/A,N/A,N/A,N/A,N/A,N/A,N/A,99811328,99811328,46444544,4096,135168,28024832,1,systemd-journal,S (sleeping),learner-victim1.bnsdq.ozxfs.fkiya-owcwb.kvugl,0.27248144476678593,0
1759318710,42114,1,N/A,N/A,N/A,N/A,N/A,N/A,N/A,N/A,1535070208,1535070208,214142976,N/A,135168,282755072,7,discern-file-so,S (sleeping),learner-victim1.bnsdq.ozxfs.fkiya-owcwb.kvugl,130.471898954018,0
1759318710,22346,1,N/A,N/A,N/A,N/A,N/A,N/A,N/A,N/A,1634725888,1567879168,127635456,N/A,135168,196059136,11,dockerd,S (sleeping),learner-victim1.bnsdq.ozxfs.fkiya-owcwb.kvugl,2.428145340187655,0
1759318710,450,1,103,103,103,103,109,109,109,109,98332672,98332672,94380032,N/A,135168,90603520,1,dbus-daemon,S (sleeping),learner-victim1.bnsdq.ozxfs.fkiya-owcwb.kvugl,0.39578101010412875,0
1759318710,3426,1,N/A,N/A,N/A,N/A,N/A,N/A,N/A,N/A,2476675072,2409566208,117846016,N/A,135168,256344064,15,discern-network,S (sleeping),learner-victim1.bnsdq.ozxfs.fkiya-owcwb.kvugl,2.626483168884305,0
1759318710,22128,1,N/A,N/A,N/A,N/A,N/A,N/A,N/A,N/A,1444818944,1444818944,47476736,N/A,135168,185815040,10,containerd,S (sleeping),learner-victim1.bnsdq.ozxfs.fkiya-owcwb.kvugl,0.4822880542833361,0
1759318713,376,1,103,103,103,103,109,109,109,109,148627456,148627456,140402688,N/A,135168,140898304,1,dbus-daemon,S (sleeping),learner-victim1.bnsdq.ozxfs.fkiya-owcwb.kvugl,0.2932942779486155,1
1759318713,3358,1,N/A,N/A,N/A,N/A,N/A,N/A,N/A,N/A,1953800192,1922494464,46579712,N/A,135168,174923776,13,discern-network,S (sleeping),learner-victim1.bnsdq.ozxfs.fkiya-owcwb.kvugl,0.5100714777075055,1
1759318713,179,1,N/A,N/A,N/A,N/A,N/A,N/A,N/A,N/A,125046784,125046784,39284736,4096,135168,28057600,1,systemd-journal,S (sleeping),learner-victim1.bnsdq.ozxfs.fkiya-owcwb.kvugl,0.19060173245757392,1
1759318713,46873,1,N/A,N/A,N/A,N/A,N/A,N/A,N/A,N/A,1647706112,1580597248,21671936,N/A,135168,82202624,5,discern-interfa,S (sleeping),learner-victim1.bnsdq.ozxfs.fkiya-owcwb.kvugl,0.003321400691028668,1
1759318713,46590,1,N/A,N/A,N/A,N/A,N/A,N/A,N/A,N/A,1264619520,1264619520,17088512,N/A,135168,45826048,4,discern-proc-so,R (running),learner-victim1.bnsdq.ozxfs.fkiya-owcwb.kvugl,2.6784165336626007,1
1759318715,22346,1,N/A,N/A,N/A,N/A,N/A,N/A,N/A,N/A,1634725888,1567879168,127635456,N/A,135168,196059136,11,dockerd,S (sleeping),learner-victim1.bnsdq.ozxfs.fkiya-owcwb.kvugl,2.418046492280693,0
1759318715,450,1,103,103,103,103,109,109,109,109,98603008,98603008,94650368,N/A,135168,90873856,1,dbus-daemon,S (sleeping),learner-victim1.bnsdq.ozxfs.fkiya-owcwb.kvugl,0.3957397408923231,0
1759318715,42114,1,N/A,N/A,N/A,N/A,N/A,N/A,N/A,N/A,1535397888,1535397888,250929152,N/A,135168,312442880,7,discern-file-so,R (running),learner-victim1.bnsdq.ozxfs.fkiya-owcwb.kvugl,133.1308073185585,0
1759318715,3426,1,N/A,N/A,N/A,N/A,N/A,N/A,N/A,N/A,2476675072,2409566208,117846016,N/A,135168,256344064,15,discern-network,S (sleeping),learner-victim1.bnsdq.ozxfs.fkiya-owcwb.kvugl,2.622523235081068,0
1759318715,22128,1,N/A,N/A,N/A,N/A,N/A,N/A,N/A,N/A,1444818944,1444818944,47476736,N/A,135168,185815040,10,containerd,S (sleeping),learner-victim1.bnsdq.ozxfs.fkiya-owcwb.kvugl,0.4809733256448104,0
1759318718,376,1,103,103,103,103,109,109,109,109,148897792,148897792,140673024,N/A,135168,141168640,1,dbus-daemon,S (sleeping),learner-victim1.bnsdq.ozxfs.fkiya-owcwb.kvugl,0.2931519348116605,1
1759318718,3358,1,N/A,N/A,N/A,N/A,N/A,N/A,N/A,N/A,1953800192,1922494464,46579712,N/A,135168,174923776,13,discern-network,S (sleeping),learner-victim1.bnsdq.ozxfs.fkiya-owcwb.kvugl,0.5098874694207717,1
1759318718,179,1,N/A,N/A,N/A,N/A,N/A,N/A,N/A,N/A,125046784,125046784,39284736,4096,135168,28057600,1,systemd-journal,S (sleeping),learner-victim1.bnsdq.ozxfs.fkiya-owcwb.kvugl,0.19060754365547183,1
1759318718,46873,1,N/A,N/A,N/A,N/A,N/A,N/A,N/A,N/A,1647706112,1580597248,21671936,N/A,135168,82202624,5,discern-interfa,S (sleeping),learner-victim1.bnsdq.ozxfs.fkiya-owcwb.kvugl,0.003293300393898874,1
1759318718,46590,1,N/A,N/A,N/A,N/A,N/A,N/A,N/A,N/A,1264619520,1264619520,17088512,N/A,135168,45826048,4,discern-proc-so,R (running),learner-victim1.bnsdq.ozxfs.fkiya-owcwb.kvugl,2.675585845230903,1
1759318721,22346,1,N/A,N/A,N/A,N/A,N/A,N/A,N/A,N/A,1634725888,1567879168,127635456,N/A,135168,196059136,11,dockerd,S (sleeping),learner-victim1.bnsdq.ozxfs.fkiya-owcwb.kvugl,2.407096862401547,0
1759318721,450,1,103,103,103,103,109,109,109,109,99008512,99008512,94920704,N/A,135168,91279360,1,dbus-daemon,S (sleeping),learner-victim1.bnsdq.ozxfs.fkiya-owcwb.kvugl,0.39660341237099356,0
1759318721,3426,1,N/A,N/A,N/A,N/A,N/A,N/A,N/A,N/A,2476675072,2409566208,117846016,N/A,135168,256344064,15,discern-network,S (sleeping),learner-victim1.bnsdq.ozxfs.fkiya-owcwb.kvugl,2.619027967098398,0
1759318721,22128,1,N/A,N/A,N/A,N/A,N/A,N/A,N/A,N/A,1444818944,1444818944,47476736,N/A,135168,185815040,10,containerd,S (sleeping),learner-victim1.bnsdq.ozxfs.fkiya-owcwb.kvugl,0.4804983554676308,0
1759318721,220,1,N/A,N/A,N/A,N/A,N/A,N/A,N/A,N/A,99811328,99811328,46673920,4096,135168,28024832,1,systemd-journal,S (sleeping),learner-victim1.bnsdq.ozxfs.fkiya-owcwb.kvugl,0.27325318893159,0
1759318723,376,1,103,103,103,103,109,109,109,109,149032960,149032960,140673024,N/A,135168,141303808,1,dbus-daemon,S (sleeping),learner-victim1.bnsdq.ozxfs.fkiya-owcwb.kvugl,0.2935684493677231,1
1759318723,3358,1,N/A,N/A,N/A,N/A,N/A,N/A,N/A,N/A,1953800192,1922494464,46579712,N/A,135168,174923776,13,discern-network,S (sleeping),learner-victim1.bnsdq.ozxfs.fkiya-owcwb.kvugl,0.5099957305140208,1
1759318723,179,1,N/A,N/A,N/A,N/A,N/A,N/A,N/A,N/A,125046784,125046784,39284736,4096,135168,28057600,1,systemd-journal,S (sleeping),learner-victim1.bnsdq.ozxfs.fkiya-owcwb.kvugl,0.1908921324074497,1
1759318723,46873,1,N/A,N/A,N/A,N/A,N/A,N/A,N/A,N/A,1647706112,1580597248,21671936,N/A,135168,82202624,5,discern-interfa,S (sleeping),learner-victim1.bnsdq.ozxfs.fkiya-owcwb.kvugl,0.003265520151016105,1
1759318723,46590,1,N/A,N/A,N/A,N/A,N/A,N/A,N/A,N/A,1264619520,1264619520,17088512,N/A,135168,45826048,4,discern-proc-so,S (sleeping),learner-victim1.bnsdq.ozxfs.fkiya-owcwb.kvugl,2.6774617061407793,1
1759318726,22346,1,N/A,N/A,N/A,N/A,N/A,N/A,N/A,N/A,1634725888,1567879168,127635456,N/A,135168,196059136,11,dockerd,S (sleeping),learner-victim1.bnsdq.ozxfs.fkiya-owcwb.kvugl,2.396362860307047,0
1759318726,450,1,103,103,103,103,109,109,109,109,99143680,99143680,95191040,N/A,135168,91414528,1,dbus-daemon,S (sleeping),learner-victim1.bnsdq.ozxfs.fkiya-owcwb.kvugl,0.3961073929907536,0
1759318726,3426,1,N/A,N/A,N/A,N/A,N/A,N/A,N/A,N/A,2476675072,2409566208,117846016,N/A,135168,256344064,15,discern-network,S (sleeping),learner-victim1.bnsdq.ozxfs.fkiya-owcwb.kvugl,2.6156260012837325,0
1759318726,22128,1,N/A,N/A,N/A,N/A,N/A,N/A,N/A,N/A,1444818944,1444818944,47476736,N/A,135168,185815040,10,containerd,S (sleeping),learner-victim1.bnsdq.ozxfs.fkiya-owcwb.kvugl,0.48005065959289495,0
1759318726,220,1,N/A,N/A,N/A,N/A,N/A,N/A,N/A,N/A,99811328,99811328,46706688,4096,135168,28024832,1,systemd-journal,S (sleeping),learner-victim1.bnsdq.ozxfs.fkiya-owcwb.kvugl,0.2730530778950254,0
1759318728,376,1,103,103,103,103,109,109,109,109,149303296,149303296,140943360,N/A,135168,141574144,1,dbus-daemon,S (sleeping),learner-victim1.bnsdq.ozxfs.fkiya-owcwb.kvugl,0.2931448041093478,1
1759318728,3358,1,N/A,N/A,N/A,N/A,N/A,N/A,N/A,N/A,1953800192,1922494464,46579712,N/A,135168,174923776,13,discern-network,S (sleeping),learner-victim1.bnsdq.ozxfs.fkiya-owcwb.kvugl,0.509809953724606,1
1759318728,179,1,N/A,N/A,N/A,N/A,N/A,N/A,N/A,N/A,125046784,125046784,39284736,4096,135168,28057600,1,systemd-journal,S (sleeping),learner-victim1.bnsdq.ozxfs.fkiya-owcwb.kvugl,0.19061673534211376,1
1759318728,46873,1,N/A,N/A,N/A,N/A,N/A,N/A,N/A,N/A,1647706112,1580597248,21671936,N/A,135168,82202624,5,discern-interfa,S (sleeping),learner-victim1.bnsdq.ozxfs.fkiya-owcwb.kvugl,0.0032382681998881996,1
1759318728,46590,1,N/A,N/A,N/A,N/A,N/A,N/A,N/A,N/A,1264619520,1264619520,17088512,N/A,135168,45826048,4,discern-proc-so,R (running),learner-victim1.bnsdq.ozxfs.fkiya-owcwb.kvugl,2.6746160363003626,1
1759318731,22346,1,N/A,N/A,N/A,N/A,N/A,N/A,N/A,N/A,1634725888,1567879168,127635456,N/A,135168,196059136,11,dockerd,S (sleeping),learner-victim1.bnsdq.ozxfs.fkiya-owcwb.kvugl,2.385601557357325,0
1759318731,450,1,103,103,103,103,109,109,109,109,99414016,99414016,95461376,N/A,135168,91684864,1,dbus-daemon,S (sleeping),learner-victim1.bnsdq.ozxfs.fkiya-owcwb.kvugl,0.3960570446541605,0
1759318731,3426,1,N/A,N/A,N/A,N/A,N/A,N/A,N/A,N/A,2476675072,2409566208,117846016,N/A,135168,256344064,15,discern-network,S (sleeping),learner-victim1.bnsdq.ozxfs.fkiya-owcwb.kvugl,2.61116501527567,0
1759318731,22128,1,N/A,N/A,N/A,N/A,N/A,N/A,N/A,N/A,1444818944,1444818944,47476736,N/A,135168,185815040,10,containerd,S (sleeping),learner-victim1.bnsdq.ozxfs.fkiya-owcwb.kvugl,0.4787442731969856,0
1759318731,220,1,N/A,N/A,N/A,N/A,N/A,N/A,N/A,N/A,99811328,99811328,46751744,4096,135168,28024832,1,systemd-journal,S (sleeping),learner-victim1.bnsdq.ozxfs.fkiya-owcwb.kvugl,0.2728464887231739,0
1759318733,376,1,103,103,103,103,109,109,109,109,149438464,149438464,141213696,N/A,135168,141709312,1,dbus-daemon,S (sleeping),learner-victim1.bnsdq.ozxfs.fkiya-owcwb.kvugl,0.2932795917047819,1
1759318733,3358,1,N/A,N/A,N/A,N/A,N/A,N/A,N/A,N/A,1953800192,1922494464,46579712,N/A,135168,174923776,13,discern-network,S (sleeping),learner-victim1.bnsdq.ozxfs.fkiya-owcwb.kvugl,0.5099162525143127,1
1759318733,179,1,N/A,N/A,N/A,N/A,N/A,N/A,N/A,N/A,125046784,125046784,39284736,4096,135168,28057600,1,systemd-journal,S (sleeping),learner-victim1.bnsdq.ozxfs.fkiya-owcwb.kvugl,0.19062036737124227,1
1759318733,46873,1,N/A,N/A,N/A,N/A,N/A,N/A,N/A,N/A,1647706112,1580597248,21671936,N/A,135168,82202624,5,discern-interfa,S (sleeping),learner-victim1.bnsdq.ozxfs.fkiya-owcwb.kvugl,0.0032113452340587407,1
1759318733,46590,1,N/A,N/A,N/A,N/A,N/A,N/A,N/A,N/A,1264619520,1264619520,17088512,N/A,135168,45826048,4,discern-proc-so,R (running),learner-victim1.bnsdq.ozxfs.fkiya-owcwb.kvugl,2.6779887827520015,1
1759318736,22346,1,N/A,N/A,N/A,N/A,N/A,N/A,N/A,N/A,1634725888,1567879168,127635456,N/A,135168,196059136,11,dockerd,S (sleeping),learner-victim1.bnsdq.ozxfs.fkiya-owcwb.kvugl,2.375097968782238,0
1759318736,450,1,103,103,103,103,109,109,109,109,99553280,99553280,95461376,N/A,135168,91824128,1,dbus-daemon,S (sleeping),learner-victim1.bnsdq.ozxfs.fkiya-owcwb.kvugl,0.39602146886960476,0
1759318736,3426,1,N/A,N/A,N/A,N/A,N/A,N/A,N/A,N/A,2476675072,2409566208,117846016,N/A,135168,256344064,15,discern-network,S (sleeping),learner-victim1.bnsdq.ozxfs.fkiya-owcwb.kvugl,2.6078282748278077,0
1759318736,22128,1,N/A,N/A,N/A,N/A,N/A,N/A,N/A,N/A,1444818944,1444818944,47476736,N/A,135168,185815040,10,containerd,S (sleeping),learner-victim1.bnsdq.ozxfs.fkiya-owcwb.kvugl,0.47831651597829367,0
1759318736,220,1,N/A,N/A,N/A,N/A,N/A,N/A,N/A,N/A,99811328,99811328,46792704,4096,135168,28024832,1,systemd-journal,S (sleeping),learner-victim1.bnsdq.ozxfs.fkiya-owcwb.kvugl,0.27265088618057853,0
1759318738,376,1,103,103,103,103,109,109,109,109,149573632,149573632,141213696,N/A,135168,141844480,1,dbus-daemon,S (sleeping),learner-victim1.bnsdq.ozxfs.fkiya-owcwb.kvugl,0.29313628922589713,1
1759318738,3358,1,N/A,N/A,N/A,N/A,N/A,N/A,N/A,N/A,1953800192,1922494464,46579712,N/A,135168,174923776,13,discern-network,S (sleeping),learner-victim1.bnsdq.ozxfs.fkiya-owcwb.kvugl,0.5100249325381196,1
1759318738,179,1,N/A,N/A,N/A,N/A,N/A,N/A,N/A,N/A,125046784,125046784,39284736,4096,135168,28057600,1,systemd-journal,S (sleeping),learner-victim1.bnsdq.ozxfs.fkiya-owcwb.kvugl,0.190624945806501,1
1759318738,46873,1,N/A,N/A,N/A,N/A,N/A,N/A,N/A,N/A,1647706112,1580597248,21671936,N/A,135168,82202624,5,discern-interfa,S (sleeping),learner-victim1.bnsdq.ozxfs.fkiya-owcwb.kvugl,0.0031849569740149495,1
1759318738,46590,1,N/A,N/A,N/A,N/A,N/A,N/A,N/A,N/A,1264619520,1264619520,17088512,N/A,135168,45826048,4,discern-proc-so,S (sleeping),learner-victim1.bnsdq.ozxfs.fkiya-owcwb.kvugl,2.6798264668460856,1
1759318742,22346,1,N/A,N/A,N/A,N/A,N/A,N/A,N/A,N/A,1634725888,1567879168,127635456,N/A,135168,196059136,11,dockerd,S (sleeping),learner-victim1.bnsdq.ozxfs.fkiya-owcwb.kvugl,2.3644762327613953,0
1759318742,450,1,103,103,103,103,109,109,109,109,99827712,99827712,95731712,N/A,135168,92098560,1,dbus-daemon,S (sleeping),learner-victim1.bnsdq.ozxfs.fkiya-owcwb.kvugl,0.39551500327452777,0
1759318742,3426,1,N/A,N/A,N/A,N/A,N/A,N/A,N/A,N/A,2476675072,2409566208,117846016,N/A,135168,256344064,15,discern-network,S (sleeping),learner-victim1.bnsdq.ozxfs.fkiya-owcwb.kvugl,2.603875028260102,0
1759318742,22128,1,N/A,N/A,N/A,N/A,N/A,N/A,N/A,N/A,1444818944,1444818944,47476736,N/A,135168,185815040,10,containerd,S (sleeping),learner-victim1.bnsdq.ozxfs.fkiya-owcwb.kvugl,0.4778503071635685,0
1759318742,220,1,N/A,N/A,N/A,N/A,N/A,N/A,N/A,N/A,99811328,99811328,46809088,4096,135168,28024832,1,systemd-journal,S (sleeping),learner-victim1.bnsdq.ozxfs.fkiya-owcwb.kvugl,0.2724431455755911,0
1759318744,376,1,103,103,103,103,109,109,109,109,149868544,149868544,141484032,N/A,135168,142139392,1,dbus-daemon,S (sleeping),learner-victim1.bnsdq.ozxfs.fkiya-owcwb.kvugl,0.2935496801897089,1
1759318744,3358,1,N/A,N/A,N/A,N/A,N/A,N/A,N/A,N/A,1953800192,1922494464,46579712,N/A,135168,174923776,13,discern-network,S (sleeping),learner-victim1.bnsdq.ozxfs.fkiya-owcwb.kvugl,0.5101309598269018,1
1759318744,179,1,N/A,N/A,N/A,N/A,N/A,N/A,N/A,N/A,125046784,125046784,39284736,4096,135168,28057600,1,systemd-journal,S (sleeping),learner-victim1.bnsdq.ozxfs.fkiya-owcwb.kvugl,0.19062869028631085,1
1759318744,46873,1,N/A,N/A,N/A,N/A,N/A,N/A,N/A,N/A,1647706112,1580597248,21671936,N/A,135168,82202624,5,discern-interfa,S (sleeping),learner-victim1.bnsdq.ozxfs.fkiya-owcwb.kvugl,0.0031589221048151793,1
1759318744,46590,1,N/A,N/A,N/A,N/A,N/A,N/A,N/A,N/A,1264619520,1264619520,17088512,N/A,135168,45826048,4,discern-proc-so,R (running),learner-victim1.bnsdq.ozxfs.fkiya-owcwb.kvugl,2.6831142268966923,1
1759318747,22346,1,N/A,N/A,N/A,N/A,N/A,N/A,N/A,N/A,1634725888,1567879168,127635456,N/A,135168,196059136,11,dockerd,S (sleeping),learner-victim1.bnsdq.ozxfs.fkiya-owcwb.kvugl,2.354139522906602,0
1759318747,450,1,103,103,103,103,109,109,109,109,99962880,99962880,96002048,N/A,135168,92233728,1,dbus-daemon,S (sleeping),learner-victim1.bnsdq.ozxfs.fkiya-owcwb.kvugl,0.39593018450262013,0
1759318747,3426,1,N/A,N/A,N/A,N/A,N/A,N/A,N/A,N/A,2476675072,2409566208,117846016,N/A,135168,256344064,15,discern-network,S (sleeping),learner-victim1.bnsdq.ozxfs.fkiya-owcwb.kvugl,2.601057990987664,0
1759318747,22128,1,N/A,N/A,N/A,N/A,N/A,N/A,N/A,N/A,1444818944,1444818944,47476736,N/A,135168,185815040,10,containerd,S (sleeping),learner-victim1.bnsdq.ozxfs.fkiya-owcwb.kvugl,0.4774265170355587,0
1759318747,220,1,N/A,N/A,N/A,N/A,N/A,N/A,N/A,N/A,99811328,99811328,46866432,4096,135168,28024832,1,systemd-journal,S (sleeping),learner-victim1.bnsdq.ozxfs.fkiya-owcwb.kvugl,0.2722482876906855,0
1759318749,376,1,103,103,103,103,109,109,109,109,150138880,150138880,141754368,N/A,135168,142409728,1,dbus-daemon,S (sleeping),learner-victim1.bnsdq.ozxfs.fkiya-owcwb.kvugl,0.29339890926013173,1
1759318749,55143,1,N/A,N/A,N/A,N/A,N/A,N/A,N/A,N/A,1399861248,1399861248,144707584,N/A,135168,176906240,4,discern-file-so,D (disk sleep),learner-victim1.bnsdq.ozxfs.fkiya-owcwb.kvugl,44.13428627815256,1
1759318749,3358,1,N/A,N/A,N/A,N/A,N/A,N/A,N/A,N/A,1953800192,1922494464,46579712,N/A,135168,174923776,13,discern-network,S (sleeping),learner-victim1.bnsdq.ozxfs.fkiya-owcwb.kvugl,0.5099314073747973,1
1759318749,179,1,N/A,N/A,N/A,N/A,N/A,N/A,N/A,N/A,125046784,125046784,39284736,4096,135168,28057600,1,systemd-journal,S (sleeping),learner-victim1.bnsdq.ozxfs.fkiya-owcwb.kvugl,0.19090661739900827,1
1759318749,46873,1,N/A,N/A,N/A,N/A,N/A,N/A,N/A,N/A,1647706112,1580597248,21671936,N/A,135168,82202624,5,discern-interfa,S (sleeping),learner-victim1.bnsdq.ozxfs.fkiya-owcwb.kvugl,0.003132929059101829,1
1759318752,22346,1,N/A,N/A,N/A,N/A,N/A,N/A,N/A,N/A,1634725888,1567879168,127635456,N/A,135168,196059136,11,dockerd,S (sleeping),learner-victim1.bnsdq.ozxfs.fkiya-owcwb.kvugl,2.343904308502378,0
1759318752,450,1,103,103,103,103,109,109,109,109,100233216,100233216,96272384,N/A,135168,92504064,1,dbus-daemon,S (sleeping),learner-victim1.bnsdq.ozxfs.fkiya-owcwb.kvugl,0.39634436903185727,0
1759318752,3426,1,N/A,N/A,N/A,N/A,N/A,N/A,N/A,N/A,2476675072,2409566208,117846016,N/A,135168,256344064,15,discern-network,S (sleeping),learner-victim1.bnsdq.ozxfs.fkiya-owcwb.kvugl,2.598756146121447,0
1759318752,22128,1,N/A,N/A,N/A,N/A,N/A,N/A,N/A,N/A,1444818944,1444818944,47476736,N/A,135168,185815040,10,containerd,S (sleeping),learner-victim1.bnsdq.ozxfs.fkiya-owcwb.kvugl,0.47700838291630293,0
1759318752,220,1,N/A,N/A,N/A,N/A,N/A,N/A,N/A,N/A,99811328,99811328,46927872,4096,135168,28024832,1,systemd-journal,S (sleeping),learner-victim1.bnsdq.ozxfs.fkiya-owcwb.kvugl,0.27295430327496656,0
1759318754,55143,1,N/A,N/A,N/A,N/A,N/A,N/A,N/A,N/A,1534283776,1534283776,156917760,N/A,135168,269385728,4,discern-file-so,R (running),learner-victim1.bnsdq.ozxfs.fkiya-owcwb.kvugl,68.3069350124698,1
1759318754,376,1,103,103,103,103,109,109,109,109,150274048,150274048,142012416,N/A,135168,142544896,1,dbus-daemon,S (sleeping),learner-victim1.bnsdq.ozxfs.fkiya-owcwb.kvugl,0.2932499981034326,1
1759318754,3358,1,N/A,N/A,N/A,N/A,N/A,N/A,N/A,N/A,1953800192,1922494464,46579712,N/A,135168,174923776,13,discern-network,S (sleeping),learner-victim1.bnsdq.ozxfs.fkiya-owcwb.kvugl,0.509735229924182,1
1759318754,179,1,N/A,N/A,N/A,N/A,N/A,N/A,N/A,N/A,125046784,125046784,39284736,4096,135168,28057600,1,systemd-journal,S (sleeping),learner-victim1.bnsdq.ozxfs.fkiya-owcwb.kvugl,0.19118474638102423,1
1759318754,46873,1,N/A,N/A,N/A,N/A,N/A,N/A,N/A,N/A,1647706112,1580597248,21671936,N/A,135168,82202624,5,discern-interfa,S (sleeping),learner-victim1.bnsdq.ozxfs.fkiya-owcwb.kvugl,0.0031074538282398626,1
1759318758,22346,1,N/A,N/A,N/A,N/A,N/A,N/A,N/A,N/A,1634725888,1567879168,127635456,N/A,135168,196059136,11,dockerd,S (sleeping),learner-victim1.bnsdq.ozxfs.fkiya-owcwb.kvugl,2.333635998804967,0
1759318758,450,1,103,103,103,103,109,109,109,109,100646912,100646912,96542720,N/A,135168,92917760,1,dbus-daemon,S (sleeping),learner-victim1.bnsdq.ozxfs.fkiya-owcwb.kvugl,0.3967454939529403,0
1759318758,3426,1,N/A,N/A,N/A,N/A,N/A,N/A,N/A,N/A,2476675072,2409566208,117846016,N/A,135168,256344064,15,discern-network,S (sleeping),learner-victim1.bnsdq.ozxfs.fkiya-owcwb.kvugl,2.5958942235290743,0
1759318758,22128,1,N/A,N/A,N/A,N/A,N/A,N/A,N/A,N/A,1444818944,1444818944,47476736,N/A,135168,185815040,10,containerd,S (sleeping),learner-victim1.bnsdq.ozxfs.fkiya-owcwb.kvugl,0.4765696596362062,0
1759318758,220,1,N/A,N/A,N/A,N/A,N/A,N/A,N/A,N/A,99811328,99811328,46977024,4096,135168,28024832,1,systemd-journal,S (sleeping),learner-victim1.bnsdq.ozxfs.fkiya-owcwb.kvugl,0.2727522086954719,0
1759318759,376,1,103,103,103,103,109,109,109,109,150560768,150560768,142163968,N/A,135168,142831616,1,dbus-daemon,S (sleeping),learner-victim1.bnsdq.ozxfs.fkiya-owcwb.kvugl,0.29337172111826026,1
1759318759,55143,1,N/A,N/A,N/A,N/A,N/A,N/A,N/A,N/A,1534873600,1534873600,234377216,N/A,135168,299335680,4,discern-file-so,D (disk sleep),learner-victim1.bnsdq.ozxfs.fkiya-owcwb.kvugl,74.50935129196013,1
1759318759,3358,1,N/A,N/A,N/A,N/A,N/A,N/A,N/A,N/A,1953800192,1922494464,46579712,N/A,135168,174923776,13,discern-network,S (sleeping),learner-victim1.bnsdq.ozxfs.fkiya-owcwb.kvugl,0.5095260092278285,1
1759318759,179,1,N/A,N/A,N/A,N/A,N/A,N/A,N/A,N/A,125046784,125046784,39284736,4096,135168,28057600,1,systemd-journal,S (sleeping),learner-victim1.bnsdq.ozxfs.fkiya-owcwb.kvugl,0.19117971311292511,1
1759318759,46873,1,N/A,N/A,N/A,N/A,N/A,N/A,N/A,N/A,1647706112,1580597248,21671936,N/A,135168,82202624,5,discern-interfa,S (sleeping),learner-victim1.bnsdq.ozxfs.fkiya-owcwb.kvugl,0.0030819527878329384,1
1759318763,22346,1,N/A,N/A,N/A,N/A,N/A,N/A,N/A,N/A,1634725888,1567879168,127635456,N/A,135168,196059136,11,dockerd,S (sleeping),learner-victim1.bnsdq.ozxfs.fkiya-owcwb.kvugl,2.323546179732971,0
1759318763,450,1,103,103,103,103,109,109,109,109,100782080,100782080,96813056,N/A,135168,93052928,1,dbus-daemon,S (sleeping),learner-victim1.bnsdq.ozxfs.fkiya-owcwb.kvugl,0.39715292647968137,0
1759318763,3426,1,N/A,N/A,N/A,N/A,N/A,N/A,N/A,N/A,2476675072,2409566208,117846016,N/A,135168,256344064,15,discern-network,S (sleeping),learner-victim1.bnsdq.ozxfs.fkiya-owcwb.kvugl,2.592614727691491,0
1759318763,22128,1,N/A,N/A,N/A,N/A,N/A,N/A,N/A,N/A,1444818944,1444818944,47476736,N/A,135168,185815040,10,containerd,S (sleeping),learner-victim1.bnsdq.ozxfs.fkiya-owcwb.kvugl,0.47615267286943685,0
1759318763,220,1,N/A,N/A,N/A,N/A,N/A,N/A,N/A,N/A,99811328,99811328,47083520,4096,135168,28024832,1,systemd-journal,S (sleeping),learner-victim1.bnsdq.ozxfs.fkiya-owcwb.kvugl,0.27300424389106487,0
1759318765,376,1,103,103,103,103,109,109,109,109,150831104,150831104,142495744,N/A,135168,143101952,1,dbus-daemon,S (sleeping),learner-victim1.bnsdq.ozxfs.fkiya-owcwb.kvugl,0.2937273739909135,1
1759318765,3358,1,N/A,N/A,N/A,N/A,N/A,N/A,N/A,N/A,1953800192,1922494464,46579712,N/A,135168,174923776,13,discern-network,S (sleeping),learner-victim1.bnsdq.ozxfs.fkiya-owcwb.kvugl,0.5092392872108895,1
1759318765,179,1,N/A,N/A,N/A,N/A,N/A,N/A,N/A,N/A,125046784,125046784,39284736,4096,135168,28057600,1,systemd-journal,S (sleeping),learner-victim1.bnsdq.ozxfs.fkiya-owcwb.kvugl,0.19170096613678142,1
1759318765,55415,1,N/A,N/A,N/A,N/A,N/A,N/A,N/A,N/A,1264357376,1264357376,16797696,N/A,135168,45563904,4,discern-proc-so,S (sleeping),learner-victim1.bnsdq.ozxfs.fkiya-owcwb.kvugl,10.140822277853252,1
1759318765,46873,1,N/A,N/A,N/A,N/A,N/A,N/A,N/A,N/A,1647706112,1580597248,21671936,N/A,135168,82202624,5,discern-interfa,S (sleeping),learner-victim1.bnsdq.ozxfs.fkiya-owcwb.kvugl,0.0030544190886556805,1
1759318768,22346,1,N/A,N/A,N/A,N/A,N/A,N/A,N/A,N/A,1634725888,1567879168,127635456,N/A,135168,196059136,11,dockerd,S (sleeping),learner-victim1.bnsdq.ozxfs.fkiya-owcwb.kvugl,2.3133672635481397,0
1759318768,450,1,103,103,103,103,109,109,109,109,101064704,101064704,97083392,N/A,135168,93335552,1,dbus-daemon,S (sleeping),learner-victim1.bnsdq.ozxfs.fkiya-owcwb.kvugl,0.39709527613670886,0
1759318768,3426,1,N/A,N/A,N/A,N/A,N/A,N/A,N/A,N/A,2476675072,2409566208,117846016,N/A,135168,256344064,15,discern-network,S (sleeping),learner-victim1.bnsdq.ozxfs.fkiya-owcwb.kvugl,2.5887445182536326,0
1759318768,22128,1,N/A,N/A,N/A,N/A,N/A,N/A,N/A,N/A,1444818944,1444818944,47476736,N/A,135168,185815040,10,containerd,S (sleeping),learner-victim1.bnsdq.ozxfs.fkiya-owcwb.kvugl,0.47570345724614793,0
1759318768,220,1,N/A,N/A,N/A,N/A,N/A,N/A,N/A,N/A,99811328,99811328,47116288,4096,135168,28024832,1,systemd-journal,S (sleeping),learner-victim1.bnsdq.ozxfs.fkiya-owcwb.kvugl,0.2727973457981673,0
1759318770,376,1,103,103,103,103,109,109,109,109,151113728,151113728,142766080,N/A,135168,143384576,1,dbus-daemon,S (sleeping),learner-victim1.bnsdq.ozxfs.fkiya-owcwb.kvugl,0.2938625059765941,1
1759318770,3358,1,N/A,N/A,N/A,N/A,N/A,N/A,N/A,N/A,1953800192,1922494464,46579712,N/A,135168,174923776,13,discern-network,S (sleeping),learner-victim1.bnsdq.ozxfs.fkiya-owcwb.kvugl,0.5096418766975042,1
1759318770,179,1,N/A,N/A,N/A,N/A,N/A,N/A,N/A,N/A,125046784,125046784,39284736,4096,135168,28057600,1,systemd-journal,S (sleeping),learner-victim1.bnsdq.ozxfs.fkiya-owcwb.kvugl,0.19198131096784274,1
1759318770,55415,1,N/A,N/A,N/A,N/A,N/A,N/A,N/A,N/A,1264619520,1264619520,16920576,N/A,135168,45826048,4,discern-proc-so,S (sleeping),learner-victim1.bnsdq.ozxfs.fkiya-owcwb.kvugl,3.538152666209793,1
1759318770,46873,1,N/A,N/A,N/A,N/A,N/A,N/A,N/A,N/A,1647706112,1580597248,21671936,N/A,135168,82202624,5,discern-interfa,S (sleeping),learner-victim1.bnsdq.ozxfs.fkiya-owcwb.kvugl,0.0030305996919829147,1
1759318774,22346,1,N/A,N/A,N/A,N/A,N/A,N/A,N/A,N/A,1634725888,1567879168,127635456,N/A,135168,196059136,11,dockerd,S (sleeping),learner-victim1.bnsdq.ozxfs.fkiya-owcwb.kvugl,2.3034830300516287,0
1759318774,450,1,103,103,103,103,109,109,109,109,101199872,101199872,97083392,N/A,135168,93470720,1,dbus-daemon,S (sleeping),learner-victim1.bnsdq.ozxfs.fkiya-owcwb.kvugl,0.39705728465251194,0
1759318774,3426,1,N/A,N/A,N/A,N/A,N/A,N/A,N/A,N/A,2476675072,2409566208,117846016,N/A,135168,256344064,15,discern-network,S (sleeping),learner-victim1.bnsdq.ozxfs.fkiya-owcwb.kvugl,2.586498866877595,0
1759318774,22128,1,N/A,N/A,N/A,N/A,N/A,N/A,N/A,N/A,1444818944,1444818944,47476736,N/A,135168,185815040,10,containerd,S (sleeping),learner-victim1.bnsdq.ozxfs.fkiya-owcwb.kvugl,0.4761097793333811,0
1759318774,220,1,N/A,N/A,N/A,N/A,N/A,N/A,N/A,N/A,99811328,99811328,47153152,4096,135168,28024832,1,systemd-journal,S (sleeping),learner-victim1.bnsdq.ozxfs.fkiya-owcwb.kvugl,0.27305005897204015,0
1759318776,376,1,103,103,103,103,109,109,109,109,151523328,151523328,143036416,N/A,135168,143794176,1,dbus-daemon,S (sleeping),learner-victim1.bnsdq.ozxfs.fkiya-owcwb.kvugl,0.29426121730828586,1
1759318776,55550,1,N/A,N/A,N/A,N/A,N/A,N/A,N/A,N/A,1399926784,1399926784,143048704,N/A,135168,176971776,4,discern-file-so,S (sleeping),learner-victim1.bnsdq.ozxfs.fkiya-owcwb.kvugl,54.09081905965038,1
1759318776,3358,1,N/A,N/A,N/A,N/A,N/A,N/A,N/A,N/A,1953800192,1922494464,46579712,N/A,135168,174923776,13,discern-network,S (sleeping),learner-victim1.bnsdq.ozxfs.fkiya-owcwb.kvugl,0.5094377222012246,1
1759318776,55415,1,N/A,N/A,N/A,N/A,N/A,N/A,N/A,N/A,1264619520,1264619520,16920576,N/A,135168,45826048,4,discern-proc-so,S (sleeping),learner-victim1.bnsdq.ozxfs.fkiya-owcwb.kvugl,3.204469660650803,1
1759318776,179,1,N/A,N/A,N/A,N/A,N/A,N/A,N/A,N/A,125046784,125046784,39284736,4096,135168,28057600,1,systemd-journal,S (sleeping),learner-victim1.bnsdq.ozxfs.fkiya-owcwb.kvugl,0.1919765161785405,1
1759318779,22346,1,N/A,N/A,N/A,N/A,N/A,N/A,N/A,N/A,1634725888,1567879168,127635456,N/A,135168,196059136,11,dockerd,S (sleeping),learner-victim1.bnsdq.ozxfs.fkiya-owcwb.kvugl,2.293481507803929,0
1759318779,450,1,103,103,103,103,109,109,109,109,101335040,101335040,97353728,N/A,135168,93605888,1,dbus-daemon,S (sleeping),learner-victim1.bnsdq.ozxfs.fkiya-owcwb.kvugl,0.39655579454870543,0
1759318779,3426,1,N/A,N/A,N/A,N/A,N/A,N/A,N/A,N/A,2476675072,2409566208,117846016,N/A,135168,256344064,15,discern-network,S (sleeping),learner-victim1.bnsdq.ozxfs.fkiya-owcwb.kvugl,2.5826661295914897,0
1759318779,22128,1,N/A,N/A,N/A,N/A,N/A,N/A,N/A,N/A,1444818944,1444818944,47476736,N/A,135168,185815040,10,containerd,S (sleeping),learner-victim1.bnsdq.ozxfs.fkiya-owcwb.kvugl,0.4756649754968143,0
1759318779,220,1,N/A,N/A,N/A,N/A,N/A,N/A,N/A,N/A,99811328,99811328,47247360,4096,135168,28024832,1,systemd-journal,S (sleeping),learner-victim1.bnsdq.ozxfs.fkiya-owcwb.kvugl,0.27284413062058177,0
1759318781,376,1,103,103,103,103,109,109,109,109,151658496,151658496,143286272,N/A,135168,143929344,1,dbus-daemon,S (sleeping),learner-victim1.bnsdq.ozxfs.fkiya-owcwb.kvugl,0.2943862153066166,1
1759318781,55550,1,N/A,N/A,N/A,N/A,N/A,N/A,N/A,N/A,1534545920,1534545920,233922560,N/A,135168,294813696,4,discern-file-so,S (sleeping),learner-victim1.bnsdq.ozxfs.fkiya-owcwb.kvugl,61.639598884535474,1
1759318781,3358,1,N/A,N/A,N/A,N/A,N/A,N/A,N/A,N/A,1953800192,1922494464,46579712,N/A,135168,174923776,13,discern-network,S (sleeping),learner-victim1.bnsdq.ozxfs.fkiya-owcwb.kvugl,0.5092403926183842,1
1759318781,55670,1,N/A,N/A,N/A,N/A,N/A,N/A,N/A,N/A,1647706112,1580597248,21024768,N/A,135168,82202624,5,discern-interfa,S (sleeping),learner-victim1.bnsdq.ozxfs.fkiya-owcwb.kvugl,1.3411797273986352,1
1759318781,179,1,N/A,N/A,N/A,N/A,N/A,N/A,N/A,N/A,125046784,125046784,39284736,4096,135168,28057600,1,systemd-journal,S (sleeping),learner-victim1.bnsdq.ozxfs.fkiya-owcwb.kvugl,0.19252562377211918,1
1759318784,22346,1,N/A,N/A,N/A,N/A,N/A,N/A,N/A,N/A,1634725888,1567879168,127635456,N/A,135168,196059136,11,dockerd,S (sleeping),learner-victim1.bnsdq.ozxfs.fkiya-owcwb.kvugl,2.2837330115022563,0
1759318784,450,1,103,103,103,103,109,109,109,109,101605376,101605376,97624064,N/A,135168,93876224,1,dbus-daemon,S (sleeping),learner-victim1.bnsdq.ozxfs.fkiya-owcwb.kvugl,0.39695963230357545,0
1759318784,3426,1,N/A,N/A,N/A,N/A,N/A,N/A,N/A,N/A,2476675072,2409566208,117846016,N/A,135168,256344064,15,discern-network,S (sleeping),learner-victim1.bnsdq.ozxfs.fkiya-owcwb.kvugl,2.578966725822542,0
1759318784,22128,1,N/A,N/A,N/A,N/A,N/A,N/A,N/A,N/A,1444818944,1444818944,47476736,N/A,135168,185815040,10,containerd,S (sleeping),learner-victim1.bnsdq.ozxfs.fkiya-owcwb.kvugl,0.47445569514173247,0
1759318784,220,1,N/A,N/A,N/A,N/A,N/A,N/A,N/A,N/A,99811328,99811328,47247360,4096,135168,28024832,1,systemd-journal,S (sleeping),learner-victim1.bnsdq.ozxfs.fkiya-owcwb.kvugl,0.2726501048406289,0
1759318786,376,1,103,103,103,103,109,109,109,109,151928832,151928832,143556608,N/A,135168,144199680,1,dbus-daemon,S (sleeping),learner-victim1.bnsdq.ozxfs.fkiya-owcwb.kvugl,0.294234051056797,1
1759318786,55550,1,N/A,N/A,N/A,N/A,N/A,N/A,N/A,N/A,1534545920,1534545920,233922560,N/A,135168,294813696,4,discern-file-so,S (sleeping),learner-victim1.bnsdq.ozxfs.fkiya-owcwb.kvugl,63.80504552845092,1
1759318786,3358,1,N/A,N/A,N/A,N/A,N/A,N/A,N/A,N/A,1953800192,1922494464,46579712,N/A,135168,174923776,13,discern-network,S (sleeping),learner-victim1.bnsdq.ozxfs.fkiya-owcwb.kvugl,0.508750723221133,1
1759318786,55670,1,N/A,N/A,N/A,N/A,N/A,N/A,N/A,N/A,1647706112,1580597248,21024768,N/A,135168,82202624,5,discern-interfa,S (sleeping),learner-victim1.bnsdq.ozxfs.fkiya-owcwb.kvugl,0.29565710840447346,1
1759318786,179,1,N/A,N/A,N/A,N/A,N/A,N/A,N/A,N/A,125046784,125046784,39284736,4096,135168,28057600,1,systemd-journal,S (sleeping),learner-victim1.bnsdq.ozxfs.fkiya-owcwb.kvugl,0.19279683685670782,1
1759318790,22346,1,N/A,N/A,N/A,N/A,N/A,N/A,N/A,N/A,1634725888,1567879168,127635456,N/A,135168,196059136,11,dockerd,S (sleeping),learner-victim1.bnsdq.ozxfs.fkiya-owcwb.kvugl,2.2738805874109906,0
1759318790,450,1,103,103,103,103,109,109,109,109,101740544,101740544,97624064,N/A,135168,94011392,1,dbus-daemon,S (sleeping),learner-victim1.bnsdq.ozxfs.fkiya-owcwb.kvugl,0.3969011598255877,0
1759318790,3426,1,N/A,N/A,N/A,N/A,N/A,N/A,N/A,N/A,2476675072,2409566208,117846016,N/A,135168,256344064,15,discern-network,S (sleeping),learner-victim1.bnsdq.ozxfs.fkiya-owcwb.kvugl,2.57661367118359,0
1759318790,22128,1,N/A,N/A,N/A,N/A,N/A,N/A,N/A,N/A,1444818944,1444818944,47476736,N/A,135168,185815040,10,containerd,S (sleeping),learner-victim1.bnsdq.ozxfs.fkiya-owcwb.kvugl,0.4748166969487158,0
1759318790,220,1,N/A,N/A,N/A,N/A,N/A,N/A,N/A,N/A,99811328,99811328,47296512,4096,135168,28024832,1,systemd-journal,S (sleeping),learner-victim1.bnsdq.ozxfs.fkiya-owcwb.kvugl,0.2728869702477831,0
1759318791,376,1,103,103,103,103,109,109,109,109,152064000,152064000,143826944,N/A,135168,144334848,1,dbus-daemon,S (sleeping),learner-victim1.bnsdq.ozxfs.fkiya-owcwb.kvugl,0.29436521905554514,1
1759318791,3358,1,N/A,N/A,N/A,N/A,N/A,N/A,N/A,N/A,1953800192,1922494464,46579712,N/A,135168,174923776,13,discern-network,S (sleeping),learner-victim1.bnsdq.ozxfs.fkiya-owcwb.kvugl,0.5088570704560862,1
1759318791,55670,1,N/A,N/A,N/A,N/A,N/A,N/A,N/A,N/A,1647706112,1580597248,21024768,N/A,135168,82202624,5,discern-interfa,S (sleeping),learner-victim1.bnsdq.ozxfs.fkiya-owcwb.kvugl,0.16749704163940418,1
1759318791,179,1,N/A,N/A,N/A,N/A,N/A,N/A,N/A,N/A,125046784,125046784,39284736,4096,135168,28057600,1,systemd-journal,S (sleeping),learner-victim1.bnsdq.ozxfs.fkiya-owcwb.kvugl,0.1930724606817229,1
1759318791,55415,1,N/A,N/A,N/A,N/A,N/A,N/A,N/A,N/A,1264619520,1264619520,16920576,N/A,135168,45826048,4,discern-proc-so,S (sleeping),learner-victim1.bnsdq.ozxfs.fkiya-owcwb.kvugl,2.8210103657372234,1
1759318795,22346,1,N/A,N/A,N/A,N/A,N/A,N/A,N/A,N/A,1634725888,1567879168,127635456,N/A,135168,196059136,11,dockerd,S (sleeping),learner-victim1.bnsdq.ozxfs.fkiya-owcwb.kvugl,2.2641388215190257,0
1759318795,450,1,103,103,103,103,109,109,109,109,102146048,102146048,98164736,N/A,135168,94416896,1,dbus-daemon,S (sleeping),learner-victim1.bnsdq.ozxfs.fkiya-owcwb.kvugl,0.3977283426641438,0
1759318795,3426,1,N/A,N/A,N/A,N/A,N/A,N/A,N/A,N/A,2476675072,2409566208,117846016,N/A,135168,256344064,15,discern-network,S (sleeping),learner-victim1.bnsdq.ozxfs.fkiya-owcwb.kvugl,2.5733231875378504,0
1759318795,22128,1,N/A,N/A,N/A,N/A,N/A,N/A,N/A,N/A,1444818944,1444818944,47476736,N/A,135168,185815040,10,containerd,S (sleeping),learner-victim1.bnsdq.ozxfs.fkiya-owcwb.kvugl,0.47438407427347556,0
1759318795,220,1,N/A,N/A,N/A,N/A,N/A,N/A,N/A,N/A,99811328,99811328,47403008,4096,135168,28024832,1,systemd-journal,S (sleeping),learner-victim1.bnsdq.ozxfs.fkiya-owcwb.kvugl,0.27268319645510863,0
1759318797,376,1,103,103,103,103,109,109,109,109,152199168,152199168,143826944,N/A,135168,144470016,1,dbus-daemon,S (sleeping),learner-victim1.bnsdq.ozxfs.fkiya-owcwb.kvugl,0.2942228121469836,1
1759318797,3358,1,N/A,N/A,N/A,N/A,N/A,N/A,N/A,N/A,1953800192,1922494464,46579712,N/A,135168,174923776,13,discern-network,S (sleeping),learner-victim1.bnsdq.ozxfs.fkiya-owcwb.kvugl,0.509255449563173,1
1759318797,55670,1,N/A,N/A,N/A,N/A,N/A,N/A,N/A,N/A,1647706112,1580597248,21024768,N/A,135168,82202624,5,discern-interfa,S (sleeping),learner-victim1.bnsdq.ozxfs.fkiya-owcwb.kvugl,0.1169682286787584,1
1759318797,179,1,N/A,N/A,N/A,N/A,N/A,N/A,N/A,N/A,125046784,125046784,39284736,4096,135168,28057600,1,systemd-journal,S (sleeping),learner-victim1.bnsdq.ozxfs.fkiya-owcwb.kvugl,0.1930735871206885,1
1759318797,55415,1,N/A,N/A,N/A,N/A,N/A,N/A,N/A,N/A,1264619520,1264619520,16920576,N/A,135168,45826048,4,discern-proc-so,R (running),learner-victim1.bnsdq.ozxfs.fkiya-owcwb.kvugl,2.834988535880991,1
1759318800,22346,1,N/A,N/A,N/A,N/A,N/A,N/A,N/A,N/A,1634725888,1567879168,127635456,N/A,135168,196059136,11,dockerd,S (sleeping),learner-victim1.bnsdq.ozxfs.fkiya-owcwb.kvugl,2.254707448585147,0
1759318800,450,1,103,103,103,103,109,109,109,109,102309888,102309888,98164736,N/A,135168,94580736,1,dbus-daemon,S (sleeping),learner-victim1.bnsdq.ozxfs.fkiya-owcwb.kvugl,0.397252568257337,0
1759318800,3426,1,N/A,N/A,N/A,N/A,N/A,N/A,N/A,N/A,2476675072,2409566208,117846016,N/A,135168,256344064,15,discern-network,S (sleeping),learner-victim1.bnsdq.ozxfs.fkiya-owcwb.kvugl,2.5702065585242506,0
1759318800,22128,1,N/A,N/A,N/A,N/A,N/A,N/A,N/A,N/A,1444818944,1444818944,47476736,N/A,135168,185815040,10,containerd,S (sleeping),learner-victim1.bnsdq.ozxfs.fkiya-owcwb.kvugl,0.47320999193690505,0
1759318800,220,1,N/A,N/A,N/A,N/A,N/A,N/A,N/A,N/A,99811328,99811328,47443968,4096,135168,28024832,1,systemd-journal,S (sleeping),learner-victim1.bnsdq.ozxfs.fkiya-owcwb.kvugl,0.27293577869243163,0
1759318802,376,1,103,103,103,103,109,109,109,109,152334336,152334336,144097280,N/A,135168,144605184,1,dbus-daemon,S (sleeping),learner-victim1.bnsdq.ozxfs.fkiya-owcwb.kvugl,0.29407910479170657,1
1759318802,3358,1,N/A,N/A,N/A,N/A,N/A,N/A,N/A,N/A,1953800192,1922494464,46579712,N/A,135168,174923776,13,discern-network,S (sleeping),learner-victim1.bnsdq.ozxfs.fkiya-owcwb.kvugl,0.5090710402001111,1
1759318802,55670,1,N/A,N/A,N/A,N/A,N/A,N/A,N/A,N/A,1647706112,1580597248,21024768,N/A,135168,82202624,5,discern-interfa,S (sleeping),learner-victim1.bnsdq.ozxfs.fkiya-owcwb.kvugl,0.08977413471386538,1
1759318802,179,1,N/A,N/A,N/A,N/A,N/A,N/A,N/A,N/A,125046784,125046784,39284736,4096,135168,28057600,1,systemd-journal,S (sleeping),learner-victim1.bnsdq.ozxfs.fkiya-owcwb.kvugl,0.19307358203994715,1
1759318802,55415,1,N/A,N/A,N/A,N/A,N/A,N/A,N/A,N/A,1264619520,1264619520,16920576,N/A,135168,45826048,4,discern-proc-so,S (sleeping),learner-victim1.bnsdq.ozxfs.fkiya-owcwb.kvugl,2.843474916946095,1
1759318805,22346,1,N/A,N/A,N/A,N/A,N/A,N/A,N/A,N/A,1634725888,1567879168,127635456,N/A,135168,196059136,11,dockerd,S (sleeping),learner-victim1.bnsdq.ozxfs.fkiya-owcwb.kvugl,2.2458832408063234,0
1759318805,450,1,103,103,103,103,109,109,109,109,102445056,102445056,98435072,N/A,135168,94715904,1,dbus-daemon,S (sleeping),learner-victim1.bnsdq.ozxfs.fkiya-owcwb.kvugl,0.397192563118507,0
1759318805,3426,1,N/A,N/A,N/A,N/A,N/A,N/A,N/A,N/A,2476675072,2409566208,117846016,N/A,135168,256344064,15,discern-network,S (sleeping),learner-victim1.bnsdq.ozxfs.fkiya-owcwb.kvugl,2.567404107039634,0
1759318805,22128,1,N/A,N/A,N/A,N/A,N/A,N/A,N/A,N/A,1444818944,1444818944,47476736,N/A,135168,185815040,10,containerd,S (sleeping),learner-victim1.bnsdq.ozxfs.fkiya-owcwb.kvugl,0.47277977412157474,0
1759318805,220,1,N/A,N/A,N/A,N/A,N/A,N/A,N/A,N/A,99811328,99811328,47464448,4096,135168,28024832,1,systemd-journal,S (sleeping),learner-victim1.bnsdq.ozxfs.fkiya-owcwb.kvugl,0.27273027550425494,0
1759318807,376,1,103,103,103,103,109,109,109,109,152604672,152604672,146194432,N/A,135168,144875520,1,dbus-daemon,S (sleeping),learner-victim1.bnsdq.ozxfs.fkiya-owcwb.kvugl,0.29393773660304473,1
1759318807,3358,1,N/A,N/A,N/A,N/A,N/A,N/A,N/A,N/A,1953800192,1922494464,46579712,N/A,135168,174923776,13,discern-network,S (sleeping),learner-victim1.bnsdq.ozxfs.fkiya-owcwb.kvugl,0.5088907059746913,1
1759318807,55670,1,N/A,N/A,N/A,N/A,N/A,N/A,N/A,N/A,1647706112,1580597248,21024768,N/A,135168,82202624,5,discern-interfa,S (sleeping),learner-victim1.bnsdq.ozxfs.fkiya-owcwb.kvugl,0.07290450577324481,1
1759318807,179,1,N/A,N/A,N/A,N/A,N/A,N/A,N/A,N/A,125046784,125046784,39284736,4096,135168,28057600,1,systemd-journal,S (sleeping),learner-victim1.bnsdq.ozxfs.fkiya-owcwb.kvugl,0.19334873551384119,1
1759318807,55415,1,N/A,N/A,N/A,N/A,N/A,N/A,N/A,N/A,1264619520,1264619520,16920576,N/A,135168,45826048,4,discern-proc-so,S (sleeping),learner-victim1.bnsdq.ozxfs.fkiya-owcwb.kvugl,2.8043990070727527,1
1759318811,22346,1,N/A,N/A,N/A,N/A,N/A,N/A,N/A,N/A,1634725888,1567879168,127635456,N/A,135168,196059136,11,dockerd,S (sleeping),learner-victim1.bnsdq.ozxfs.fkiya-owcwb.kvugl,2.2365702332424613,0
1759318811,450,1,103,103,103,103,109,109,109,109,102580224,102580224,98705408,N/A,135168,94851072,1,dbus-daemon,S (sleeping),learner-victim1.bnsdq.ozxfs.fkiya-owcwb.kvugl,0.3971550834108679,0
1759318811,3426,1,N/A,N/A,N/A,N/A,N/A,N/A,N/A,N/A,2476675072,2409566208,117846016,N/A,135168,256344064,15,discern-network,S (sleeping),learner-victim1.bnsdq.ozxfs.fkiya-owcwb.kvugl,2.563333319568437,0
1759318811,220,1,N/A,N/A,N/A,N/A,N/A,N/A,N/A,N/A,99811328,99811328,47497216,4096,135168,28024832,1,systemd-journal,S (sleeping),learner-victim1.bnsdq.ozxfs.fkiya-owcwb.kvugl,0.27254102538752595,0
1759318811,22128,1,N/A,N/A,N/A,N/A,N/A,N/A,N/A,N/A,1444818944,1444818944,47476736,N/A,135168,185815040,10,containerd,S (sleeping),learner-victim1.bnsdq.ozxfs.fkiya-owcwb.kvugl,0.47240054256872904,0
1759318812,376,1,103,103,103,103,109,109,109,109,152875008,152875008,146731008,N/A,135168,145145856,1,dbus-daemon,S (sleeping),learner-victim1.bnsdq.ozxfs.fkiya-owcwb.kvugl,0.2943438189898136,1
1759318812,3358,1,N/A,N/A,N/A,N/A,N/A,N/A,N/A,N/A,1953800192,1922494464,46579712,N/A,135168,174923776,13,discern-network,S (sleeping),learner-victim1.bnsdq.ozxfs.fkiya-owcwb.kvugl,0.5087108066683246,1
1759318812,179,1,N/A,N/A,N/A,N/A,N/A,N/A,N/A,N/A,125046784,125046784,39284736,4096,135168,28057600,1,systemd-journal,S (sleeping),learner-victim1.bnsdq.ozxfs.fkiya-owcwb.kvugl,0.1933495890722707,1
1759318812,55670,1,N/A,N/A,N/A,N/A,N/A,N/A,N/A,N/A,1647706112,1580597248,21024768,N/A,135168,82202624,5,discern-interfa,S (sleeping),learner-victim1.bnsdq.ozxfs.fkiya-owcwb.kvugl,0.061370033852269745,1
1759318812,55415,1,N/A,N/A,N/A,N/A,N/A,N/A,N/A,N/A,1264619520,1264619520,16920576,N/A,135168,45826048,4,discern-proc-so,S (sleeping),learner-victim1.bnsdq.ozxfs.fkiya-owcwb.kvugl,2.773733552557088,1
1759318816,22346,1,N/A,N/A,N/A,N/A,N/A,N/A,N/A,N/A,1634725888,1567879168,127635456,N/A,135168,196059136,11,dockerd,S (sleeping),learner-victim1.bnsdq.ozxfs.fkiya-owcwb.kvugl,2.2271228130336334,0
1759318816,450,1,103,103,103,103,109,109,109,109,102850560,102850560,98705408,N/A,135168,95121408,1,dbus-daemon,S (sleeping),learner-victim1.bnsdq.ozxfs.fkiya-owcwb.kvugl,0.3966594739824319,0
1759318816,3426,1,N/A,N/A,N/A,N/A,N/A,N/A,N/A,N/A,2476675072,2409566208,117846016,N/A,135168,256344064,15,discern-network,S (sleeping),learner-victim1.bnsdq.ozxfs.fkiya-owcwb.kvugl,2.560092524640714,0
1759318816,220,1,N/A,N/A,N/A,N/A,N/A,N/A,N/A,N/A,99811328,99811328,47534080,4096,135168,28024832,1,systemd-journal,S (sleeping),learner-victim1.bnsdq.ozxfs.fkiya-owcwb.kvugl,0.2723382149865103,0
1759318816,22128,1,N/A,N/A,N/A,N/A,N/A,N/A,N/A,N/A,1444818944,1444818944,47476736,N/A,135168,185815040,10,containerd,S (sleeping),learner-victim1.bnsdq.ozxfs.fkiya-owcwb.kvugl,0.4719798277175175,0
1759318817,376,1,103,103,103,103,109,109,109,109,153034752,153034752,146731008,N/A,135168,145305600,1,dbus-daemon,S (sleeping),learner-victim1.bnsdq.ozxfs.fkiya-owcwb.kvugl,0.2939288310554544,1
1759318817,3358,1,N/A,N/A,N/A,N/A,N/A,N/A,N/A,N/A,1953800192,1922494464,46579712,N/A,135168,174923776,13,discern-network,S (sleeping),learner-victim1.bnsdq.ozxfs.fkiya-owcwb.kvugl,0.5091065856436787,1
1759318817,179,1,N/A,N/A,N/A,N/A,N/A,N/A,N/A,N/A,125046784,125046784,39284736,4096,135168,28057600,1,systemd-journal,S (sleeping),learner-victim1.bnsdq.ozxfs.fkiya-owcwb.kvugl,0.19335015824852325,1
1759318817,55670,1,N/A,N/A,N/A,N/A,N/A,N/A,N/A,N/A,1647706112,1580597248,21024768,N/A,135168,82202624,5,discern-interfa,S (sleeping),learner-victim1.bnsdq.ozxfs.fkiya-owcwb.kvugl,0.05297957799904845,1
1759318817,55415,1,N/A,N/A,N/A,N/A,N/A,N/A,N/A,N/A,1264619520,1264619520,16920576,N/A,135168,45826048,4,discern-proc-so,R (running),learner-victim1.bnsdq.ozxfs.fkiya-owcwb.kvugl,2.7867033015675973,1
1759318821,22346,1,N/A,N/A,N/A,N/A,N/A,N/A,N/A,N/A,1634725888,1567879168,127635456,N/A,135168,196059136,11,dockerd,S (sleeping),learner-victim1.bnsdq.ozxfs.fkiya-owcwb.kvugl,2.2179793094007505,0
1759318821,450,1,103,103,103,103,109,109,109,109,102985728,102985728,98975744,N/A,135168,95256576,1,dbus-daemon,S (sleeping),learner-victim1.bnsdq.ozxfs.fkiya-owcwb.kvugl,0.39706118895759307,0
1759318821,3426,1,N/A,N/A,N/A,N/A,N/A,N/A,N/A,N/A,2476675072,2409566208,117846016,N/A,135168,256344064,15,discern-network,S (sleeping),learner-victim1.bnsdq.ozxfs.fkiya-owcwb.kvugl,2.5570262434628144,0
1759318821,220,1,N/A,N/A,N/A,N/A,N/A,N/A,N/A,N/A,99811328,99811328,47583232,4096,135168,28024832,1,systemd-journal,S (sleeping),learner-victim1.bnsdq.ozxfs.fkiya-owcwb.kvugl,0.2721517112350802,0
1759318821,22128,1,N/A,N/A,N/A,N/A,N/A,N/A,N/A,N/A,1444818944,1444818944,47476736,N/A,135168,185815040,10,containerd,S (sleeping),learner-victim1.bnsdq.ozxfs.fkiya-owcwb.kvugl,0.47161020542229176,0
1759318822,376,1,103,103,103,103,109,109,109,109,153309184,153309184,147001344,N/A,135168,145580032,1,dbus-daemon,S (sleeping),learner-victim1.bnsdq.ozxfs.fkiya-owcwb.kvugl,0.294333534286581,1
1759318822,3358,1,N/A,N/A,N/A,N/A,N/A,N/A,N/A,N/A,1953800192,1922494464,46579712,N/A,135168,174923776,13,discern-network,S (sleeping),learner-victim1.bnsdq.ozxfs.fkiya-owcwb.kvugl,0.508926445684135,1
1759318822,179,1,N/A,N/A,N/A,N/A,N/A,N/A,N/A,N/A,125046784,125046784,39284736,4096,135168,28057600,1,systemd-journal,S (sleeping),learner-victim1.bnsdq.ozxfs.fkiya-owcwb.kvugl,0.19335083856477417,1
1759318822,55670,1,N/A,N/A,N/A,N/A,N/A,N/A,N/A,N/A,1647706112,1580597248,21024768,N/A,135168,82202624,5,discern-interfa,S (sleeping),learner-victim1.bnsdq.ozxfs.fkiya-owcwb.kvugl,0.046609771319950206,1
1759318822,55415,1,N/A,N/A,N/A,N/A,N/A,N/A,N/A,N/A,1264619520,1264619520,16920576,N/A,135168,45826048,4,discern-proc-so,S (sleeping),learner-victim1.bnsdq.ozxfs.fkiya-owcwb.kvugl,2.7801975224996154,1
1759318827,22346,1,N/A,N/A,N/A,N/A,N/A,N/A,N/A,N/A,1634725888,1567879168,127635456,N/A,135168,196059136,11,dockerd,S (sleeping),learner-victim1.bnsdq.ozxfs.fkiya-owcwb.kvugl,2.2086680924858024,0
1759318827,450,1,103,103,103,103,109,109,109,109,103280640,103280640,99246080,N/A,135168,95551488,1,dbus-daemon,S (sleeping),learner-victim1.bnsdq.ozxfs.fkiya-owcwb.kvugl,0.39700144064006976,0
1759318827,3426,1,N/A,N/A,N/A,N/A,N/A,N/A,N/A,N/A,2476675072,2409566208,117846016,N/A,135168,256344064,15,discern-network,S (sleeping),learner-victim1.bnsdq.ozxfs.fkiya-owcwb.kvugl,2.55380443101569,0
1759318827,220,1,N/A,N/A,N/A,N/A,N/A,N/A,N/A,N/A,99811328,99811328,47661056,4096,135168,28024832,1,systemd-journal,S (sleeping),learner-victim1.bnsdq.ozxfs.fkiya-owcwb.kvugl,0.2723845735630442,0
1759318827,22128,1,N/A,N/A,N/A,N/A,N/A,N/A,N/A,N/A,1444818944,1444818944,47476736,N/A,135168,185815040,10,containerd,S (sleeping),learner-victim1.bnsdq.ozxfs.fkiya-owcwb.kvugl,0.4704160507494562,0
1759318828,376,1,103,103,103,103,109,109,109,109,153444352,153444352,147001344,N/A,135168,145715200,1,dbus-daemon,S (sleeping),learner-victim1.bnsdq.ozxfs.fkiya-owcwb.kvugl,0.29446341513730334,1
1759318828,3358,1,N/A,N/A,N/A,N/A,N/A,N/A,N/A,N/A,1953800192,1922494464,46579712,N/A,135168,174923776,13,discern-network,S (sleeping),learner-victim1.bnsdq.ozxfs.fkiya-owcwb.kvugl,0.5090316008905184,1
1759318828,179,1,N/A,N/A,N/A,N/A,N/A,N/A,N/A,N/A,125046784,125046784,39284736,4096,135168,28057600,1,systemd-journal,S (sleeping),learner-victim1.bnsdq.ozxfs.fkiya-owcwb.kvugl,0.19335066700334033,1
1759318828,55670,1,N/A,N/A,N/A,N/A,N/A,N/A,N/A,N/A,1647706112,1580597248,21024768,N/A,135168,82202624,5,discern-interfa,S (sleeping),learner-victim1.bnsdq.ozxfs.fkiya-owcwb.kvugl,0.04159326439441713,1
1759318828,55415,1,N/A,N/A,N/A,N/A,N/A,N/A,N/A,N/A,1264619520,1264619520,16920576,N/A,135168,45826048,4,discern-proc-so,S (sleeping),learner-victim1.bnsdq.ozxfs.fkiya-owcwb.kvugl,2.8057447632142867,1
1759318832,22346,1,N/A,N/A,N/A,N/A,N/A,N/A,N/A,N/A,1634725888,1567879168,127635456,N/A,135168,196059136,11,dockerd,S (sleeping),learner-victim1.bnsdq.ozxfs.fkiya-owcwb.kvugl,2.1992016111744275,0
1759318832,450,1,103,103,103,103,109,109,109,109,103550976,103550976,99516416,N/A,135168,95821824,1,dbus-daemon,S (sleeping),learner-victim1.bnsdq.ozxfs.fkiya-owcwb.kvugl,0.39735265758928784,0
1759318832,3426,1,N/A,N/A,N/A,N/A,N/A,N/A,N/A,N/A,2476675072,2409566208,117846016,N/A,135168,256344064,15,discern-network,S (sleeping),learner-victim1.bnsdq.ozxfs.fkiya-owcwb.kvugl,2.5499576346252133,0
1759318832,220,1,N/A,N/A,N/A,N/A,N/A,N/A,N/A,N/A,99811328,99811328,47693824,4096,135168,28024832,1,systemd-journal,S (sleeping),learner-victim1.bnsdq.ozxfs.fkiya-owcwb.kvugl,0.27260004859429976,0
1759318832,22128,1,N/A,N/A,N/A,N/A,N/A,N/A,N/A,N/A,1444818944,1444818944,47476736,N/A,135168,185815040,10,containerd,S (sleeping),learner-victim1.bnsdq.ozxfs.fkiya-owcwb.kvugl,0.46995472789555737,0
1759318833,376,1,103,103,103,103,109,109,109,109,153579520,153579520,147271680,N/A,135168,145850368,1,dbus-daemon,S (sleeping),learner-victim1.bnsdq.ozxfs.fkiya-owcwb.kvugl,0.29432231816107307,1
1759318833,3358,1,N/A,N/A,N/A,N/A,N/A,N/A,N/A,N/A,1953800192,1922494464,46579712,N/A,135168,174923776,13,discern-network,S (sleeping),learner-victim1.bnsdq.ozxfs.fkiya-owcwb.kvugl,0.5088523279273279,1
1759318833,179,1,N/A,N/A,N/A,N/A,N/A,N/A,N/A,N/A,125046784,125046784,39284736,4096,135168,28057600,1,systemd-journal,S (sleeping),learner-victim1.bnsdq.ozxfs.fkiya-owcwb.kvugl,0.19335142913724762,1
1759318833,55670,1,N/A,N/A,N/A,N/A,N/A,N/A,N/A,N/A,1647706112,1580597248,21024768,N/A,135168,82202624,5,discern-interfa,S (sleeping),learner-victim1.bnsdq.ozxfs.fkiya-owcwb.kvugl,0.03756424415418453,1
1759318833,55415,1,N/A,N/A,N/A,N/A,N/A,N/A,N/A,N/A,1264619520,1264619520,16920576,N/A,135168,45826048,4,discern-proc-so,R (running),learner-victim1.bnsdq.ozxfs.fkiya-owcwb.kvugl,2.7988540883644557,1
1759318837,22346,1,N/A,N/A,N/A,N/A,N/A,N/A,N/A,N/A,1634725888,1567879168,127635456,N/A,135168,196059136,11,dockerd,S (sleeping),learner-victim1.bnsdq.ozxfs.fkiya-owcwb.kvugl,2.1918320323203666,0
1759318837,450,1,103,103,103,103,109,109,109,109,103821312,103821312,99786752,N/A,135168,96092160,1,dbus-daemon,S (sleeping),learner-victim1.bnsdq.ozxfs.fkiya-owcwb.kvugl,0.396883407592169,0
1759318837,3426,1,N/A,N/A,N/A,N/A,N/A,N/A,N/A,N/A,2476675072,2409566208,117846016,N/A,135168,256344064,15,discern-network,S (sleeping),learner-victim1.bnsdq.ozxfs.fkiya-owcwb.kvugl,2.546940078190593,0
1759318837,220,1,N/A,N/A,N/A,N/A,N/A,N/A,N/A,N/A,99811328,99811328,47747072,4096,135168,28024832,1,systemd-journal,S (sleeping),learner-victim1.bnsdq.ozxfs.fkiya-owcwb.kvugl,0.27241428442980237,0
1759318837,22128,1,N/A,N/A,N/A,N/A,N/A,N/A,N/A,N/A,1444818944,1444818944,47476736,N/A,135168,185815040,10,containerd,S (sleeping),learner-victim1.bnsdq.ozxfs.fkiya-owcwb.kvugl,0.46959797068555836,0
1759318838,376,1,103,103,103,103,109,109,109,109,153714688,153714688,147542016,N/A,135168,145985536,1,dbus-daemon,S (sleeping),learner-victim1.bnsdq.ozxfs.fkiya-owcwb.kvugl,0.29417974570461664,1
1759318838,3358,1,N/A,N/A,N/A,N/A,N/A,N/A,N/A,N/A,1953800192,1922494464,46579712,N/A,135168,174923776,13,discern-network,S (sleeping),learner-victim1.bnsdq.ozxfs.fkiya-owcwb.kvugl,0.5092426689496393,1
1759318838,179,1,N/A,N/A,N/A,N/A,N/A,N/A,N/A,N/A,125046784,125046784,39284736,4096,135168,28057600,1,systemd-journal,S (sleeping),learner-victim1.bnsdq.ozxfs.fkiya-owcwb.kvugl,0.19335095360353796,1
1759318838,55670,1,N/A,N/A,N/A,N/A,N/A,N/A,N/A,N/A,1647706112,1580597248,21024768,N/A,135168,82202624,5,discern-interfa,S (sleeping),learner-victim1.bnsdq.ozxfs.fkiya-owcwb.kvugl,0.03423302584635575,1
1759318838,55415,1,N/A,N/A,N/A,N/A,N/A,N/A,N/A,N/A,1264619520,1264619520,16920576,N/A,135168,45826048,4,discern-proc-so,S (sleeping),learner-victim1.bnsdq.ozxfs.fkiya-owcwb.kvugl,2.819269488856557,1
1759318843,22346,1,N/A,N/A,N/A,N/A,N/A,N/A,N/A,N/A,1634725888,1567879168,127635456,N/A,135168,196059136,11,dockerd,S (sleeping),learner-victim1.bnsdq.ozxfs.fkiya-owcwb.kvugl,2.1827915386231185,0
1759318843,450,1,103,103,103,103,109,109,109,109,103956480,103956480,100057088,N/A,135168,96227328,1,dbus-daemon,S (sleeping),learner-victim1.bnsdq.ozxfs.fkiya-owcwb.kvugl,0.39682923858617875,0
1759318843,3426,1,N/A,N/A,N/A,N/A,N/A,N/A,N/A,N/A,2476675072,2409566208,117846016,N/A,135168,256344064,15,discern-network,S (sleeping),learner-victim1.bnsdq.ozxfs.fkiya-owcwb.kvugl,2.542856342494348,0
1759318843,220,1,N/A,N/A,N/A,N/A,N/A,N/A,N/A,N/A,99811328,99811328,47779840,4096,135168,28024832,1,systemd-journal,S (sleeping),learner-victim1.bnsdq.ozxfs.fkiya-owcwb.kvugl,0.272216085795393,0
1759318843,22128,1,N/A,N/A,N/A,N/A,N/A,N/A,N/A,N/A,1444818944,1444818944,47476736,N/A,135168,185815040,10,containerd,S (sleeping),learner-victim1.bnsdq.ozxfs.fkiya-owcwb.kvugl,0.4692035189941112,0
1759318843,376,1,103,103,103,103,109,109,109,109,153849856,153849856,147542016,N/A,135168,146120704,1,dbus-daemon,S (sleeping),learner-victim1.bnsdq.ozxfs.fkiya-owcwb.kvugl,0.2940393569447094,1
1759318843,3358,1,N/A,N/A,N/A,N/A,N/A,N/A,N/A,N/A,1953800192,1922494464,46579712,N/A,135168,174923776,13,discern-network,S (sleeping),learner-victim1.bnsdq.ozxfs.fkiya-owcwb.kvugl,0.5087776408713117,1
1759318843,179,1,N/A,N/A,N/A,N/A,N/A,N/A,N/A,N/A,125046784,125046784,39284736,4096,135168,28057600,1,systemd-journal,S (sleeping),learner-victim1.bnsdq.ozxfs.fkiya-owcwb.kvugl,0.1933516580476144,1
1759318843,55670,1,N/A,N/A,N/A,N/A,N/A,N/A,N/A,N/A,1647706112,1580597248,21024768,N/A,135168,82202624,5,discern-interfa,S (sleeping),learner-victim1.bnsdq.ozxfs.fkiya-owcwb.kvugl,0.03145563728846326,1
1759318843,55415,1,N/A,N/A,N/A,N/A,N/A,N/A,N/A,N/A,1264619520,1264619520,16920576,N/A,135168,45826048,4,discern-proc-so,R (running),learner-victim1.bnsdq.ozxfs.fkiya-owcwb.kvugl,2.799633967054117,1
1759318848,22346,1,N/A,N/A,N/A,N/A,N/A,N/A,N/A,N/A,1634725888,1567879168,127635456,N/A,135168,196059136,11,dockerd,S (sleeping),learner-victim1.bnsdq.ozxfs.fkiya-owcwb.kvugl,2.1747822960773537,0
1759318848,450,1,103,103,103,103,109,109,109,109,104091648,104091648,100057088,N/A,135168,96362496,1,dbus-daemon,S (sleeping),learner-victim1.bnsdq.ozxfs.fkiya-owcwb.kvugl,0.39679475340701353,0
1759318848,3426,1,N/A,N/A,N/A,N/A,N/A,N/A,N/A,N/A,2476675072,2409566208,117846016,N/A,135168,256344064,15,discern-network,S (sleeping),learner-victim1.bnsdq.ozxfs.fkiya-owcwb.kvugl,2.5398719693919602,0
1759318848,220,1,N/A,N/A,N/A,N/A,N/A,N/A,N/A,N/A,99811328,99811328,47841280,4096,135168,28024832,1,systemd-journal,S (sleeping),learner-victim1.bnsdq.ozxfs.fkiya-owcwb.kvugl,0.27246316127029174,0
1759318848,22128,1,N/A,N/A,N/A,N/A,N/A,N/A,N/A,N/A,1444818944,1444818944,47476736,N/A,135168,185815040,10,containerd,S (sleeping),learner-victim1.bnsdq.ozxfs.fkiya-owcwb.kvugl,0.4688526345202749,0
1759318848,376,1,103,103,103,103,109,109,109,109,154120192,154120192,147812352,N/A,135168,146391040,1,dbus-daemon,S (sleeping),learner-victim1.bnsdq.ozxfs.fkiya-owcwb.kvugl,0.29416872277332884,1
1759318848,3358,1,N/A,N/A,N/A,N/A,N/A,N/A,N/A,N/A,1953800192,1922494464,46579712,N/A,135168,174923776,13,discern-network,S (sleeping),learner-victim1.bnsdq.ozxfs.fkiya-owcwb.kvugl,0.5088820253505292,1
1759318848,179,1,N/A,N/A,N/A,N/A,N/A,N/A,N/A,N/A,125046784,125046784,39284736,4096,135168,28057600,1,systemd-journal,S (sleeping),learner-victim1.bnsdq.ozxfs.fkiya-owcwb.kvugl,0.19308055843785743,1
1759318848,55670,1,N/A,N/A,N/A,N/A,N/A,N/A,N/A,N/A,1647706112,1580597248,21024768,N/A,135168,82202624,5,discern-interfa,S (sleeping),learner-victim1.bnsdq.ozxfs.fkiya-owcwb.kvugl,0.02908699002960513,1
1759318848,55415,1,N/A,N/A,N/A,N/A,N/A,N/A,N/A,N/A,1264619520,1264619520,16920576,N/A,135168,45826048,4,discern-proc-so,R (running),learner-victim1.bnsdq.ozxfs.fkiya-owcwb.kvugl,2.8056536841142914,1
1759318853,22346,1,N/A,N/A,N/A,N/A,N/A,N/A,N/A,N/A,1634725888,1567879168,127635456,N/A,135168,196059136,11,dockerd,S (sleeping),learner-victim1.bnsdq.ozxfs.fkiya-owcwb.kvugl,2.1658729439587896,0
1759318853,450,1,103,103,103,103,109,109,109,109,104361984,104361984,100327424,N/A,135168,96632832,1,dbus-daemon,S (sleeping),learner-victim1.bnsdq.ozxfs.fkiya-owcwb.kvugl,0.39673979798101483,0
1759318853,3426,1,N/A,N/A,N/A,N/A,N/A,N/A,N/A,N/A,2476675072,2409566208,117846016,N/A,135168,256344064,15,discern-network,S (sleeping),learner-victim1.bnsdq.ozxfs.fkiya-owcwb.kvugl,2.537228728401029,0
1759318853,220,1,N/A,N/A,N/A,N/A,N/A,N/A,N/A,N/A,99811328,99811328,47874048,4096,135168,28024832,1,systemd-journal,S (sleeping),learner-victim1.bnsdq.ozxfs.fkiya-owcwb.kvugl,0.2722648794072377,0
1759318853,22128,1,N/A,N/A,N/A,N/A,N/A,N/A,N/A,N/A,1444818944,1444818944,47476736,N/A,135168,185815040,10,containerd,S (sleeping),learner-victim1.bnsdq.ozxfs.fkiya-owcwb.kvugl,0.46770121151353633,0
1759318853,376,1,103,103,103,103,109,109,109,109,154255360,154255360,148082688,N/A,135168,146526208,1,dbus-daemon,S (sleeping),learner-victim1.bnsdq.ozxfs.fkiya-owcwb.kvugl,0.2940264356833217,1
1759318853,3358,1,N/A,N/A,N/A,N/A,N/A,N/A,N/A,N/A,1953800192,1922494464,46579712,N/A,135168,174923776,13,discern-network,S (sleeping),learner-victim1.bnsdq.ozxfs.fkiya-owcwb.kvugl,0.5086996631919711,1
1759318853,179,1,N/A,N/A,N/A,N/A,N/A,N/A,N/A,N/A,125046784,125046784,39284736,4096,135168,28057600,1,systemd-journal,S (sleeping),learner-victim1.bnsdq.ozxfs.fkiya-owcwb.kvugl,0.19308011620328963,1
1759318853,55670,1,N/A,N/A,N/A,N/A,N/A,N/A,N/A,N/A,1647706112,1580597248,21024768,N/A,135168,82202624,5,discern-interfa,S (sleeping),learner-victim1.bnsdq.ozxfs.fkiya-owcwb.kvugl,0.02704642495070333,1
1759318853,55415,1,N/A,N/A,N/A,N/A,N/A,N/A,N/A,N/A,1264619520,1264619520,16920576,N/A,135168,45826048,4,discern-proc-so,R (running),learner-victim1.bnsdq.ozxfs.fkiya-owcwb.kvugl,2.799418466530667,1
1759318859,22346,1,N/A,N/A,N/A,N/A,N/A,N/A,N/A,N/A,1634725888,1567879168,127635456,N/A,135168,196059136,11,dockerd,S (sleeping),learner-victim1.bnsdq.ozxfs.fkiya-owcwb.kvugl,2.1570395616136366,0
1759318859,450,1,103,103,103,103,109,109,109,109,104652800,104652800,100597760,N/A,135168,96923648,1,dbus-daemon,S (sleeping),learner-victim1.bnsdq.ozxfs.fkiya-owcwb.kvugl,0.3971147347499296,0
1759318859,3426,1,N/A,N/A,N/A,N/A,N/A,N/A,N/A,N/A,2476675072,2409566208,117846016,N/A,135168,256344064,15,discern-network,S (sleeping),learner-victim1.bnsdq.ozxfs.fkiya-owcwb.kvugl,2.534601038371404,0
1759318859,220,1,N/A,N/A,N/A,N/A,N/A,N/A,N/A,N/A,99811328,99811328,47943680,4096,135168,28024832,1,systemd-journal,S (sleeping),learner-victim1.bnsdq.ozxfs.fkiya-owcwb.kvugl,0.2729259772417529,0
1759318859,22128,1,N/A,N/A,N/A,N/A,N/A,N/A,N/A,N/A,1444818944,1444818944,47476736,N/A,135168,185815040,10,containerd,S (sleeping),learner-victim1.bnsdq.ozxfs.fkiya-owcwb.kvugl,0.4673171711855459,0
1759318859,376,1,103,103,103,103,109,109,109,109,154525696,154525696,148353024,N/A,135168,146796544,1,dbus-daemon,S (sleeping),learner-victim1.bnsdq.ozxfs.fkiya-owcwb.kvugl,0.2941551585825787,1
1759318859,3358,1,N/A,N/A,N/A,N/A,N/A,N/A,N/A,N/A,1953800192,1922494464,46579712,N/A,135168,174923776,13,discern-network,S (sleeping),learner-victim1.bnsdq.ozxfs.fkiya-owcwb.kvugl,0.5088033294371913,1
1759318859,179,1,N/A,N/A,N/A,N/A,N/A,N/A,N/A,N/A,125046784,125046784,39284736,4096,135168,28057600,1,systemd-journal,S (sleeping),learner-victim1.bnsdq.ozxfs.fkiya-owcwb.kvugl,0.1933500506023752,1
1759318859,55670,1,N/A,N/A,N/A,N/A,N/A,N/A,N/A,N/A,1647706112,1580597248,21024768,N/A,135168,82202624,5,discern-interfa,S (sleeping),learner-victim1.bnsdq.ozxfs.fkiya-owcwb.kvugl,0.02527543187507374,1
1759318859,55415,1,N/A,N/A,N/A,N/A,N/A,N/A,N/A,N/A,1264619520,1264619520,16920576,N/A,135168,45826048,4,discern-proc-so,S (sleeping),learner-victim1.bnsdq.ozxfs.fkiya-owcwb.kvugl,2.783434029659158,1
1759318864,22346,1,N/A,N/A,N/A,N/A,N/A,N/A,N/A,N/A,1634725888,1567879168,127635456,N/A,135168,196059136,11,dockerd,S (sleeping),learner-victim1.bnsdq.ozxfs.fkiya-owcwb.kvugl,2.148457396511941,0
1759318864,450,1,103,103,103,103,109,109,109,109,104923136,104923136,100868096,N/A,135168,97193984,1,dbus-daemon,S (sleeping),learner-victim1.bnsdq.ozxfs.fkiya-owcwb.kvugl,0.3975067236563865,0
1759318864,3426,1,N/A,N/A,N/A,N/A,N/A,N/A,N/A,N/A,2476675072,2409566208,117846016,N/A,135168,256344064,15,discern-network,S (sleeping),learner-victim1.bnsdq.ozxfs.fkiya-owcwb.kvugl,2.5321172048895484,0
1759318864,220,1,N/A,N/A,N/A,N/A,N/A,N/A,N/A,N/A,99811328,99811328,48005120,4096,135168,28024832,1,systemd-journal,S (sleeping),learner-victim1.bnsdq.ozxfs.fkiya-owcwb.kvugl,0.2727406374206693,0
1759318864,22128,1,N/A,N/A,N/A,N/A,N/A,N/A,N/A,N/A,1444818944,1444818944,47476736,N/A,135168,185815040,10,containerd,S (sleeping),learner-victim1.bnsdq.ozxfs.fkiya-owcwb.kvugl,0.4677295080595443,0
1759318864,376,1,103,103,103,103,109,109,109,109,154796032,154796032,148353024,N/A,135168,147066880,1,dbus-daemon,S (sleeping),learner-victim1.bnsdq.ozxfs.fkiya-owcwb.kvugl,0.29401024179754326,1
1759318864,3358,1,N/A,N/A,N/A,N/A,N/A,N/A,N/A,N/A,1953800192,1922494464,46579712,N/A,135168,174923776,13,discern-network,S (sleeping),learner-victim1.bnsdq.ozxfs.fkiya-owcwb.kvugl,0.5089002214466879,1
1759318864,179,1,N/A,N/A,N/A,N/A,N/A,N/A,N/A,N/A,125046784,125046784,39284736,4096,135168,28057600,1,systemd-journal,S (sleeping),learner-victim1.bnsdq.ozxfs.fkiya-owcwb.kvugl,0.19307757129498165,1
1759318864,55670,1,N/A,N/A,N/A,N/A,N/A,N/A,N/A,N/A,1647706112,1580597248,21024768,N/A,135168,82202624,5,discern-interfa,S (sleeping),learner-victim1.bnsdq.ozxfs.fkiya-owcwb.kvugl,0.02370955454455017,1
1759318864,55415,1,N/A,N/A,N/A,N/A,N/A,N/A,N/A,N/A,1264619520,1264619520,16920576,N/A,135168,45826048,4,discern-proc-so,S (sleeping),learner-victim1.bnsdq.ozxfs.fkiya-owcwb.kvugl,2.7880029477083315,1
1759318869,22346,1,N/A,N/A,N/A,N/A,N/A,N/A,N/A,N/A,1634725888,1567879168,127635456,N/A,135168,196059136,11,dockerd,S (sleeping),learner-victim1.bnsdq.ozxfs.fkiya-owcwb.kvugl,2.139792609215591,0
1759318869,450,1,103,103,103,103,109,109,109,109,105213952,105213952,101138432,N/A,135168,97484800,1,dbus-daemon,S (sleeping),learner-victim1.bnsdq.ozxfs.fkiya-owcwb.kvugl,0.3978811183165402,0
1759318869,3426,1,N/A,N/A,N/A,N/A,N/A,N/A,N/A,N/A,2476675072,2409566208,117846016,N/A,135168,256344064,15,discern-network,S (sleeping),learner-victim1.bnsdq.ozxfs.fkiya-owcwb.kvugl,2.5295357089076584,0
1759318869,220,1,N/A,N/A,N/A,N/A,N/A,N/A,N/A,N/A,99811328,99811328,48046080,4096,135168,28024832,1,systemd-journal,S (sleeping),learner-victim1.bnsdq.ozxfs.fkiya-owcwb.kvugl,0.27254530849636965,0
1759318869,22128,1,N/A,N/A,N/A,N/A,N/A,N/A,N/A,N/A,1444818944,1444818944,47476736,N/A,135168,185815040,10,containerd,S (sleeping),learner-victim1.bnsdq.ozxfs.fkiya-owcwb.kvugl,0.4688573078968461,0
1759318869,376,1,103,103,103,103,109,109,109,109,154931200,154931200,148623360,N/A,135168,147202048,1,dbus-daemon,S (sleeping),learner-victim1.bnsdq.ozxfs.fkiya-owcwb.kvugl,0.2938708718129832,1
1759318869,3358,1,N/A,N/A,N/A,N/A,N/A,N/A,N/A,N/A,1953800192,1922494464,46579712,N/A,135168,174923776,13,discern-network,S (sleeping),learner-victim1.bnsdq.ozxfs.fkiya-owcwb.kvugl,0.5084387453286793,1
1759318869,179,1,N/A,N/A,N/A,N/A,N/A,N/A,N/A,N/A,125046784,125046784,39284736,4096,135168,28057600,1,systemd-journal,S (sleeping),learner-victim1.bnsdq.ozxfs.fkiya-owcwb.kvugl,0.19280923158497776,1
1759318869,55670,1,N/A,N/A,N/A,N/A,N/A,N/A,N/A,N/A,1647706112,1580597248,21024768,N/A,135168,82202624,5,discern-interfa,S (sleeping),learner-victim1.bnsdq.ozxfs.fkiya-owcwb.kvugl,0.02234256528352785,1
1759318869,55415,1,N/A,N/A,N/A,N/A,N/A,N/A,N/A,N/A,1264619520,1264619520,16920576,N/A,135168,45826048,4,discern-proc-so,R (running),learner-victim1.bnsdq.ozxfs.fkiya-owcwb.kvugl,2.7555764324898013,1
1759318874,376,1,103,103,103,103,109,109,109,109,155066368,155066368,148893696,N/A,135168,147337216,1,dbus-daemon,S (sleeping),learner-victim1.bnsdq.ozxfs.fkiya-owcwb.kvugl,0.2937311733487085,1
1759318874,3358,1,N/A,N/A,N/A,N/A,N/A,N/A,N/A,N/A,1953800192,1922494464,46579712,N/A,135168,174923776,13,discern-network,S (sleeping),learner-victim1.bnsdq.ozxfs.fkiya-owcwb.kvugl,0.5085439384705621,1
1759318874,179,1,N/A,N/A,N/A,N/A,N/A,N/A,N/A,N/A,125046784,125046784,39284736,4096,135168,28057600,1,systemd-journal,S (sleeping),learner-victim1.bnsdq.ozxfs.fkiya-owcwb.kvugl,0.19307899116328975,1
1759318874,55670,1,N/A,N/A,N/A,N/A,N/A,N/A,N/A,N/A,1647706112,1580597248,21024768,N/A,135168,82202624,5,discern-interfa,S (sleeping),learner-victim1.bnsdq.ozxfs.fkiya-owcwb.kvugl,0.02112258946964702,1
1759318874,55415,1,N/A,N/A,N/A,N/A,N/A,N/A,N/A,N/A,1264619520,1264619520,16920576,N/A,135168,45826048,4,discern-proc-so,S (sleeping),learner-victim1.bnsdq.ozxfs.fkiya-owcwb.kvugl,2.771559626841732,1
1759318875,22346,1,N/A,N/A,N/A,N/A,N/A,N/A,N/A,N/A,1634725888,1567879168,127635456,N/A,135168,196059136,11,dockerd,S (sleeping),learner-victim1.bnsdq.ozxfs.fkiya-owcwb.kvugl,2.1312173210817695,0
1759318875,450,1,103,103,103,103,109,109,109,109,105349120,105349120,101408768,N/A,135168,97619968,1,dbus-daemon,S (sleeping),learner-victim1.bnsdq.ozxfs.fkiya-owcwb.kvugl,0.3982558729622265,0
1759318875,3426,1,N/A,N/A,N/A,N/A,N/A,N/A,N/A,N/A,2476675072,2409566208,117846016,N/A,135168,256344064,15,discern-network,S (sleeping),learner-victim1.bnsdq.ozxfs.fkiya-owcwb.kvugl,2.5269810827179477,0
1759318875,220,1,N/A,N/A,N/A,N/A,N/A,N/A,N/A,N/A,99811328,99811328,48136192,4096,135168,28024832,1,systemd-journal,S (sleeping),learner-victim1.bnsdq.ozxfs.fkiya-owcwb.kvugl,0.27277835055749544,0
1759318875,22128,1,N/A,N/A,N/A,N/A,N/A,N/A,N/A,N/A,1444818944,1444818944,47476736,N/A,135168,185815040,10,containerd,S (sleeping),learner-victim1.bnsdq.ozxfs.fkiya-owcwb.kvugl,0.46848305307551613,0
1759318879,376,1,103,103,103,103,109,109,109,109,155201536,155201536,148893696,N/A,135168,147472384,1,dbus-daemon,S (sleeping),learner-victim1.bnsdq.ozxfs.fkiya-owcwb.kvugl,0.29386268428146584,1
1759318879,3358,1,N/A,N/A,N/A,N/A,N/A,N/A,N/A,N/A,1953800192,1922494464,46579712,N/A,135168,174923776,13,discern-network,S (sleeping),learner-victim1.bnsdq.ozxfs.fkiya-owcwb.kvugl,0.5083699470154116,1
1759318879,179,1,N/A,N/A,N/A,N/A,N/A,N/A,N/A,N/A,125046784,125046784,39284736,4096,135168,28057600,1,systemd-journal,S (sleeping),learner-victim1.bnsdq.ozxfs.fkiya-owcwb.kvugl,0.19281236986936928,1
1759318879,55670,1,N/A,N/A,N/A,N/A,N/A,N/A,N/A,N/A,1647706112,1580597248,21024768,N/A,135168,82202624,5,discern-interfa,S (sleeping),learner-victim1.bnsdq.ozxfs.fkiya-owcwb.kvugl,0.020034534749253218,1
1759318879,55415,1,N/A,N/A,N/A,N/A,N/A,N/A,N/A,N/A,1264619520,1264619520,16920576,N/A,135168,45826048,4,discern-proc-so,R (running),learner-victim1.bnsdq.ozxfs.fkiya-owcwb.kvugl,2.751948472913073,1
1759318880,22346,1,N/A,N/A,N/A,N/A,N/A,N/A,N/A,N/A,1634725888,1567879168,127635456,N/A,135168,196059136,11,dockerd,S (sleeping),learner-victim1.bnsdq.ozxfs.fkiya-owcwb.kvugl,2.1227033615277047,0
1759318880,450,1,103,103,103,103,109,109,109,109,105631744,105631744,101408768,N/A,135168,97902592,1,dbus-daemon,S (sleeping),learner-victim1.bnsdq.ozxfs.fkiya-owcwb.kvugl,0.3982027720581769,0
1759318880,3426,1,N/A,N/A,N/A,N/A,N/A,N/A,N/A,N/A,2476675072,2409566208,117846016,N/A,135168,256344064,15,discern-network,S (sleeping),learner-victim1.bnsdq.ozxfs.fkiya-owcwb.kvugl,2.5230407032066116,0
1759318880,220,1,N/A,N/A,N/A,N/A,N/A,N/A,N/A,N/A,99811328,99811328,48181248,4096,135168,28024832,1,systemd-journal,S (sleeping),learner-victim1.bnsdq.ozxfs.fkiya-owcwb.kvugl,0.27258482910628923,0
1759318880,22128,1,N/A,N/A,N/A,N/A,N/A,N/A,N/A,N/A,1444818944,1444818944,47476736,N/A,135168,185815040,10,containerd,S (sleeping),learner-victim1.bnsdq.ozxfs.fkiya-owcwb.kvugl,0.4681111595828784,0
1759318885,22346,1,N/A,N/A,N/A,N/A,N/A,N/A,N/A,N/A,1634725888,1567879168,127635456,N/A,135168,196059136,11,dockerd,S (sleeping),learner-victim1.bnsdq.ozxfs.fkiya-owcwb.kvugl,2.115004070519025,0
1759318885,450,1,103,103,103,103,109,109,109,109,105766912,105766912,101679104,N/A,135168,98037760,1,dbus-daemon,S (sleeping),learner-victim1.bnsdq.ozxfs.fkiya-owcwb.kvugl,0.39815000144365875,0
1759318885,3426,1,N/A,N/A,N/A,N/A,N/A,N/A,N/A,N/A,2476675072,2409566208,117846016,N/A,135168,256344064,15,discern-network,S (sleeping),learner-victim1.bnsdq.ozxfs.fkiya-owcwb.kvugl,2.5200470056740167,0
1759318885,220,1,N/A,N/A,N/A,N/A,N/A,N/A,N/A,N/A,99811328,99811328,48214016,4096,135168,28024832,1,systemd-journal,S (sleeping),learner-victim1.bnsdq.ozxfs.fkiya-owcwb.kvugl,0.2723921064117705,0
1759318885,22128,1,N/A,N/A,N/A,N/A,N/A,N/A,N/A,N/A,1444818944,1444818944,47476736,N/A,135168,185815040,10,containerd,S (sleeping),learner-victim1.bnsdq.ozxfs.fkiya-owcwb.kvugl,0.4677418684652868,0
1759318885,376,1,103,103,103,103,109,109,109,109,155336704,155336704,149164032,N/A,135168,147607552,1,dbus-daemon,S (sleeping),learner-victim1.bnsdq.ozxfs.fkiya-owcwb.kvugl,0.2939911681746313,1
1759318885,3358,1,N/A,N/A,N/A,N/A,N/A,N/A,N/A,N/A,1953800192,1922494464,46579712,N/A,135168,174923776,13,discern-network,S (sleeping),learner-victim1.bnsdq.ozxfs.fkiya-owcwb.kvugl,0.5084741100110567,1
1759318885,179,1,N/A,N/A,N/A,N/A,N/A,N/A,N/A,N/A,125046784,125046784,39284736,4096,135168,28057600,1,systemd-journal,S (sleeping),learner-victim1.bnsdq.ozxfs.fkiya-owcwb.kvugl,0.1930810817907265,1
1759318885,55670,1,N/A,N/A,N/A,N/A,N/A,N/A,N/A,N/A,1647706112,1580597248,21024768,N/A,135168,82202624,5,discern-interfa,S (sleeping),learner-victim1.bnsdq.ozxfs.fkiya-owcwb.kvugl,0.019046993811362996,1
1759318885,55415,1,N/A,N/A,N/A,N/A,N/A,N/A,N/A,N/A,1264619520,1264619520,16920576,N/A,135168,45826048,4,discern-proc-so,S (sleeping),learner-victim1.bnsdq.ozxfs.fkiya-owcwb.kvugl,2.7665849399492606,1
1759318890,376,1,103,103,103,103,109,109,109,109,155607040,155607040,149164032,N/A,135168,147877888,1,dbus-daemon,S (sleeping),learner-victim1.bnsdq.ozxfs.fkiya-owcwb.kvugl,0.29385356963208836,1
1759318890,3358,1,N/A,N/A,N/A,N/A,N/A,N/A,N/A,N/A,1953800192,1922494464,46579712,N/A,135168,174923776,13,discern-network,S (sleeping),learner-victim1.bnsdq.ozxfs.fkiya-owcwb.kvugl,0.5085818659773209,1
1759318890,179,1,N/A,N/A,N/A,N/A,N/A,N/A,N/A,N/A,125046784,125046784,39284736,4096,135168,28057600,1,systemd-journal,S (sleeping),learner-victim1.bnsdq.ozxfs.fkiya-owcwb.kvugl,0.19281485803488752,1
1759318890,55670,1,N/A,N/A,N/A,N/A,N/A,N/A,N/A,N/A,1647706112,1580597248,21024768,N/A,135168,82202624,5,discern-interfa,S (sleeping),learner-victim1.bnsdq.ozxfs.fkiya-owcwb.kvugl,0.018156702027952363,1
1759318890,55415,1,N/A,N/A,N/A,N/A,N/A,N/A,N/A,N/A,1264619520,1264619520,16920576,N/A,135168,45826048,4,discern-proc-so,R (running),learner-victim1.bnsdq.ozxfs.fkiya-owcwb.kvugl,2.756642162894563,1
1759318891,22346,1,N/A,N/A,N/A,N/A,N/A,N/A,N/A,N/A,1634725888,1567879168,127635456,N/A,135168,196059136,11,dockerd,S (sleeping),learner-victim1.bnsdq.ozxfs.fkiya-owcwb.kvugl,2.106584745908012,0
1759318891,450,1,103,103,103,103,109,109,109,109,105902080,105902080,101949440,N/A,135168,98172928,1,dbus-daemon,S (sleeping),learner-victim1.bnsdq.ozxfs.fkiya-owcwb.kvugl,0.39766985397764704,0
1759318891,3426,1,N/A,N/A,N/A,N/A,N/A,N/A,N/A,N/A,2476675072,2409566208,117846016,N/A,135168,256344064,15,discern-network,S (sleeping),learner-victim1.bnsdq.ozxfs.fkiya-owcwb.kvugl,2.517039761019972,0
1759318891,220,1,N/A,N/A,N/A,N/A,N/A,N/A,N/A,N/A,99811328,99811328,48246784,4096,135168,28024832,1,systemd-journal,S (sleeping),learner-victim1.bnsdq.ozxfs.fkiya-owcwb.kvugl,0.2726207755957102,0
1759318891,22128,1,N/A,N/A,N/A,N/A,N/A,N/A,N/A,N/A,1444818944,1444818944,47476736,N/A,135168,185815040,10,containerd,S (sleeping),learner-victim1.bnsdq.ozxfs.fkiya-owcwb.kvugl,0.46736710926490366,0
1759318895,376,1,103,103,103,103,109,109,109,109,155877376,155877376,149704704,N/A,135168,148148224,1,dbus-daemon,S (sleeping),learner-victim1.bnsdq.ozxfs.fkiya-owcwb.kvugl,0.29398792274653457,1
1759318895,3358,1,N/A,N/A,N/A,N/A,N/A,N/A,N/A,N/A,1953800192,1922494464,46579712,N/A,135168,174923776,13,discern-network,S (sleeping),learner-victim1.bnsdq.ozxfs.fkiya-owcwb.kvugl,0.5084150570204219,1
1759318895,179,1,N/A,N/A,N/A,N/A,N/A,N/A,N/A,N/A,125046784,125046784,39284736,4096,135168,28057600,1,systemd-journal,S (sleeping),learner-victim1.bnsdq.ozxfs.fkiya-owcwb.kvugl,0.19308689996413309,1
1759318895,55670,1,N/A,N/A,N/A,N/A,N/A,N/A,N/A,N/A,1647706112,1580597248,21024768,N/A,135168,82202624,5,discern-interfa,S (sleeping),learner-victim1.bnsdq.ozxfs.fkiya-owcwb.kvugl,0.01735371197790328,1
1759318895,55415,1,N/A,N/A,N/A,N/A,N/A,N/A,N/A,N/A,1264619520,1264619520,16920576,N/A,135168,45826048,4,discern-proc-so,S (sleeping),learner-victim1.bnsdq.ozxfs.fkiya-owcwb.kvugl,2.710189000029563,1
1759318896,22346,1,N/A,N/A,N/A,N/A,N/A,N/A,N/A,N/A,1634725888,1567879168,127635456,N/A,135168,196059136,11,dockerd,S (sleeping),learner-victim1.bnsdq.ozxfs.fkiya-owcwb.kvugl,2.0982427851871193,0
1759318896,450,1,103,103,103,103,109,109,109,109,106307584,106307584,102219776,N/A,135168,98578432,1,dbus-daemon,S (sleeping),learner-victim1.bnsdq.ozxfs.fkiya-owcwb.kvugl,0.3988832185963629,0
1759318896,3426,1,N/A,N/A,N/A,N/A,N/A,N/A,N/A,N/A,2476675072,2409566208,117846016,N/A,135168,256344064,15,discern-network,S (sleeping),learner-victim1.bnsdq.ozxfs.fkiya-owcwb.kvugl,2.5149776414699785,0
1759318896,220,1,N/A,N/A,N/A,N/A,N/A,N/A,N/A,N/A,99811328,99811328,48349184,4096,135168,28024832,1,systemd-journal,S (sleeping),learner-victim1.bnsdq.ozxfs.fkiya-owcwb.kvugl,0.27327158576994837,0
1759318896,22128,1,N/A,N/A,N/A,N/A,N/A,N/A,N/A,N/A,1444818944,1444818944,47476736,N/A,135168,185815040,10,containerd,S (sleeping),learner-victim1.bnsdq.ozxfs.fkiya-owcwb.kvugl,0.4669977352221102,0
1759318900,376,1,103,103,103,103,109,109,109,109,156012544,156012544,149704704,N/A,135168,148283392,1,dbus-daemon,S (sleeping),learner-victim1.bnsdq.ozxfs.fkiya-owcwb.kvugl,0.2938522934718718,1
1759318900,3358,1,N/A,N/A,N/A,N/A,N/A,N/A,N/A,N/A,1953800192,1922494464,46579712,N/A,135168,174923776,13,discern-network,S (sleeping),learner-victim1.bnsdq.ozxfs.fkiya-owcwb.kvugl,0.5085254830059683,1
1759318900,179,1,N/A,N/A,N/A,N/A,N/A,N/A,N/A,N/A,125046784,125046784,39284736,4096,135168,28057600,1,systemd-journal,S (sleeping),learner-victim1.bnsdq.ozxfs.fkiya-owcwb.kvugl,0.19308950674096922,1
1759318900,55670,1,N/A,N/A,N/A,N/A,N/A,N/A,N/A,N/A,1647706112,1580597248,21024768,N/A,135168,82202624,5,discern-interfa,S (sleeping),learner-victim1.bnsdq.ozxfs.fkiya-owcwb.kvugl,0.01661439067489087,1
1759318900,55415,1,N/A,N/A,N/A,N/A,N/A,N/A,N/A,N/A,1264619520,1264619520,16920576,N/A,135168,45826048,4,discern-proc-so,S (sleeping),learner-victim1.bnsdq.ozxfs.fkiya-owcwb.kvugl,2.6740009364088015,1
1759318901,22346,1,N/A,N/A,N/A,N/A,N/A,N/A,N/A,N/A,1634725888,1567879168,127635456,N/A,135168,196059136,11,dockerd,S (sleeping),learner-victim1.bnsdq.ozxfs.fkiya-owcwb.kvugl,2.0899748572140022,0
1759318901,450,1,103,103,103,103,109,109,109,109,106442752,106442752,102490112,N/A,135168,98713600,1,dbus-daemon,S (sleeping),learner-victim1.bnsdq.ozxfs.fkiya-owcwb.kvugl,0.398405630103844,0
1759318901,3426,1,N/A,N/A,N/A,N/A,N/A,N/A,N/A,N/A,2476675072,2409566208,117846016,N/A,135168,256344064,15,discern-network,S (sleeping),learner-victim1.bnsdq.ozxfs.fkiya-owcwb.kvugl,2.513391788442741,0
1759318901,220,1,N/A,N/A,N/A,N/A,N/A,N/A,N/A,N/A,99811328,99811328,48381952,4096,135168,28024832,1,systemd-journal,S (sleeping),learner-victim1.bnsdq.ozxfs.fkiya-owcwb.kvugl,0.27265582125678517,0
1759318901,22128,1,N/A,N/A,N/A,N/A,N/A,N/A,N/A,N/A,1444818944,1444818944,47476736,N/A,135168,185815040,10,containerd,S (sleeping),learner-victim1.bnsdq.ozxfs.fkiya-owcwb.kvugl,0.4666330562785155,0
1759318905,376,1,103,103,103,103,109,109,109,109,156282880,156282880,149975040,N/A,135168,148553728,1,dbus-daemon,S (sleeping),learner-victim1.bnsdq.ozxfs.fkiya-owcwb.kvugl,0.2942498645828901,1
1759318905,3358,1,N/A,N/A,N/A,N/A,N/A,N/A,N/A,N/A,1953800192,1922494464,46579712,N/A,135168,174923776,13,discern-network,S (sleeping),learner-victim1.bnsdq.ozxfs.fkiya-owcwb.kvugl,0.5083534139271203,1
1759318905,179,1,N/A,N/A,N/A,N/A,N/A,N/A,N/A,N/A,125046784,125046784,39284736,4096,135168,28057600,1,systemd-journal,S (sleeping),learner-victim1.bnsdq.ozxfs.fkiya-owcwb.kvugl,0.19309162951525088,1
1759318905,55670,1,N/A,N/A,N/A,N/A,N/A,N/A,N/A,N/A,1647706112,1580597248,21024768,N/A,135168,82202624,5,discern-interfa,S (sleeping),learner-victim1.bnsdq.ozxfs.fkiya-owcwb.kvugl,0.01593431134655475,1
1759318905,55415,1,N/A,N/A,N/A,N/A,N/A,N/A,N/A,N/A,1264619520,1264619520,16920576,N/A,135168,45826048,4,discern-proc-so,R (running),learner-victim1.bnsdq.ozxfs.fkiya-owcwb.kvugl,2.654513055926999,1
1759318907,22346,1,N/A,N/A,N/A,N/A,N/A,N/A,N/A,N/A,1634725888,1567879168,127635456,N/A,135168,196059136,11,dockerd,S (sleeping),learner-victim1.bnsdq.ozxfs.fkiya-owcwb.kvugl,2.081791949120701,0
1759318907,450,1,103,103,103,103,109,109,109,109,106713088,106713088,102760448,N/A,135168,98983936,1,dbus-daemon,S (sleeping),learner-victim1.bnsdq.ozxfs.fkiya-owcwb.kvugl,0.3987736939981333,0
1759318907,3426,1,N/A,N/A,N/A,N/A,N/A,N/A,N/A,N/A,2476675072,2409566208,117846016,N/A,135168,256344064,15,discern-network,S (sleeping),learner-victim1.bnsdq.ozxfs.fkiya-owcwb.kvugl,2.5104523826643663,0
1759318907,220,1,N/A,N/A,N/A,N/A,N/A,N/A,N/A,N/A,99811328,99811328,48463872,4096,135168,28024832,1,systemd-journal,S (sleeping),learner-victim1.bnsdq.ozxfs.fkiya-owcwb.kvugl,0.2733057488953491,0
1759318907,22128,1,N/A,N/A,N/A,N/A,N/A,N/A,N/A,N/A,1444818944,1444818944,47476736,N/A,135168,185815040,10,containerd,S (sleeping),learner-victim1.bnsdq.ozxfs.fkiya-owcwb.kvugl,0.46554490060237275,0
1759318910,376,1,103,103,103,103,109,109,109,109,156418048,156418048,150245376,N/A,135168,148688896,1,dbus-daemon,S (sleeping),learner-victim1.bnsdq.ozxfs.fkiya-owcwb.kvugl,0.294114017813686,1
1759318910,3358,1,N/A,N/A,N/A,N/A,N/A,N/A,N/A,N/A,1953800192,1922494464,46579712,N/A,135168,174923776,13,discern-network,S (sleeping),learner-victim1.bnsdq.ozxfs.fkiya-owcwb.kvugl,0.508463203561173,1
1759318910,179,1,N/A,N/A,N/A,N/A,N/A,N/A,N/A,N/A,125046784,125046784,39284736,4096,135168,28057600,1,systemd-journal,S (sleeping),learner-victim1.bnsdq.ozxfs.fkiya-owcwb.kvugl,0.1930940760340974,1
1759318910,55670,1,N/A,N/A,N/A,N/A,N/A,N/A,N/A,N/A,1647706112,1580597248,21024768,N/A,135168,82202624,5,discern-interfa,S (sleeping),learner-victim1.bnsdq.ozxfs.fkiya-owcwb.kvugl,0.015308471110428244,1
1759318910,55415,1,N/A,N/A,N/A,N/A,N/A,N/A,N/A,N/A,1264619520,1264619520,16920576,N/A,135168,45826048,4,discern-proc-so,R (running),learner-victim1.bnsdq.ozxfs.fkiya-owcwb.kvugl,2.636516549124729,1
1759318912,22346,1,N/A,N/A,N/A,N/A,N/A,N/A,N/A,N/A,1634725888,1567879168,127635456,N/A,135168,196059136,11,dockerd,S (sleeping),learner-victim1.bnsdq.ozxfs.fkiya-owcwb.kvugl,2.0736995988079703,0
1759318912,450,1,103,103,103,103,109,109,109,109,106983424,106983424,103030784,N/A,135168,99254272,1,dbus-daemon,S (sleeping),learner-victim1.bnsdq.ozxfs.fkiya-owcwb.kvugl,0.39914306197098126,0
1759318912,3426,1,N/A,N/A,N/A,N/A,N/A,N/A,N/A,N/A,2476675072,2409566208,117846016,N/A,135168,256344064,15,discern-network,S (sleeping),learner-victim1.bnsdq.ozxfs.fkiya-owcwb.kvugl,2.5075475078255174,0
1759318912,220,1,N/A,N/A,N/A,N/A,N/A,N/A,N/A,N/A,99811328,99811328,48521216,4096,135168,28024832,1,systemd-journal,S (sleeping),learner-victim1.bnsdq.ozxfs.fkiya-owcwb.kvugl,0.27311572652913685,0
1759318912,22128,1,N/A,N/A,N/A,N/A,N/A,N/A,N/A,N/A,1444818944,1444818944,47476736,N/A,135168,185815040,10,containerd,S (sleeping),learner-victim1.bnsdq.ozxfs.fkiya-owcwb.kvugl,0.46519915172673637,0
1759318915,376,1,103,103,103,103,109,109,109,109,156553216,156553216,150245376,N/A,135168,148824064,1,dbus-daemon,S (sleeping),learner-victim1.bnsdq.ozxfs.fkiya-owcwb.kvugl,0.29397761130724975,1
1759318915,3358,1,N/A,N/A,N/A,N/A,N/A,N/A,N/A,N/A,1953800192,1922494464,46579712,N/A,135168,174923776,13,discern-network,S (sleeping),learner-victim1.bnsdq.ozxfs.fkiya-owcwb.kvugl,0.5085709667729095,1
1759318915,179,1,N/A,N/A,N/A,N/A,N/A,N/A,N/A,N/A,125046784,125046784,39284736,4096,135168,28057600,1,systemd-journal,S (sleeping),learner-victim1.bnsdq.ozxfs.fkiya-owcwb.kvugl,0.19282992293004422,1
1759318915,55670,1,N/A,N/A,N/A,N/A,N/A,N/A,N/A,N/A,1647706112,1580597248,21024768,N/A,135168,82202624,5,discern-interfa,S (sleeping),learner-victim1.bnsdq.ozxfs.fkiya-owcwb.kvugl,0.014728615391074664,1
1759318915,55415,1,N/A,N/A,N/A,N/A,N/A,N/A,N/A,N/A,1264619520,1264619520,16920576,N/A,135168,45826048,4,discern-proc-so,R (running),learner-victim1.bnsdq.ozxfs.fkiya-owcwb.kvugl,2.6261655132168387,1
1759318917,22346,1,N/A,N/A,N/A,N/A,N/A,N/A,N/A,N/A,1634725888,1567879168,127635456,N/A,135168,196059136,11,dockerd,S (sleeping),learner-victim1.bnsdq.ozxfs.fkiya-owcwb.kvugl,2.0664289544510344,0
1759318917,450,1,103,103,103,103,109,109,109,109,107118592,107118592,103030784,N/A,135168,99389440,1,dbus-daemon,S (sleeping),learner-victim1.bnsdq.ozxfs.fkiya-owcwb.kvugl,0.3986766602116611,0
1759318917,3426,1,N/A,N/A,N/A,N/A,N/A,N/A,N/A,N/A,2476675072,2409566208,117846016,N/A,135168,256344064,15,discern-network,S (sleeping),learner-victim1.bnsdq.ozxfs.fkiya-owcwb.kvugl,2.505137029918022,0
1759318917,220,1,N/A,N/A,N/A,N/A,N/A,N/A,N/A,N/A,99811328,99811328,48541696,4096,135168,28024832,1,systemd-journal,S (sleeping),learner-victim1.bnsdq.ozxfs.fkiya-owcwb.kvugl,0.27292892671298385,0
1759318917,22128,1,N/A,N/A,N/A,N/A,N/A,N/A,N/A,N/A,1444818944,1444818944,47476736,N/A,135168,185815040,10,containerd,S (sleeping),learner-victim1.bnsdq.ozxfs.fkiya-owcwb.kvugl,0.4648631457592186,0
1759318920,376,1,103,103,103,103,109,109,109,109,156717056,156717056,150515712,N/A,135168,148987904,1,dbus-daemon,S (sleeping),learner-victim1.bnsdq.ozxfs.fkiya-owcwb.kvugl,0.29383917973266405,1
1759318920,3358,1,N/A,N/A,N/A,N/A,N/A,N/A,N/A,N/A,1953800192,1922494464,46579712,N/A,135168,174923776,13,discern-network,S (sleeping),learner-victim1.bnsdq.ozxfs.fkiya-owcwb.kvugl,0.5081147652688337,1
1759318920,179,1,N/A,N/A,N/A,N/A,N/A,N/A,N/A,N/A,125046784,125046784,39284736,4096,135168,28057600,1,systemd-journal,S (sleeping),learner-victim1.bnsdq.ozxfs.fkiya-owcwb.kvugl,0.19283053500387384,1
1759318920,55670,1,N/A,N/A,N/A,N/A,N/A,N/A,N/A,N/A,1647706112,1580597248,21024768,N/A,135168,82202624,5,discern-interfa,S (sleeping),learner-victim1.bnsdq.ozxfs.fkiya-owcwb.kvugl,0.014188021757215903,1
1759318920,55415,1,N/A,N/A,N/A,N/A,N/A,N/A,N/A,N/A,1264619520,1264619520,16920576,N/A,135168,45826048,4,discern-proc-so,S (sleeping),learner-victim1.bnsdq.ozxfs.fkiya-owcwb.kvugl,2.641634025140634,1
1759318923,22346,1,N/A,N/A,N/A,N/A,N/A,N/A,N/A,N/A,1634725888,1567879168,127635456,N/A,135168,196059136,11,dockerd,S (sleeping),learner-victim1.bnsdq.ozxfs.fkiya-owcwb.kvugl,2.0584893913873885,0
1759318923,450,1,103,103,103,103,109,109,109,109,107388928,107388928,103301120,N/A,135168,99659776,1,dbus-daemon,S (sleeping),learner-victim1.bnsdq.ozxfs.fkiya-owcwb.kvugl,0.39863021858048764,0
1759318923,3426,1,N/A,N/A,N/A,N/A,N/A,N/A,N/A,N/A,2476675072,2409566208,117846016,N/A,135168,256344064,15,discern-network,S (sleeping),learner-victim1.bnsdq.ozxfs.fkiya-owcwb.kvugl,2.5018270751805614,0
1759318923,220,1,N/A,N/A,N/A,N/A,N/A,N/A,N/A,N/A,99811328,99811328,48607232,4096,135168,28024832,1,systemd-journal,S (sleeping),learner-victim1.bnsdq.ozxfs.fkiya-owcwb.kvugl,0.2727429215556536,0
1759318923,22128,1,N/A,N/A,N/A,N/A,N/A,N/A,N/A,N/A,1444818944,1444818944,47476736,N/A,135168,185815040,10,containerd,S (sleeping),learner-victim1.bnsdq.ozxfs.fkiya-owcwb.kvugl,0.4638070647225346,0
1759318926,376,1,103,103,103,103,109,109,109,109,156991488,156991488,150515712,N/A,135168,149262336,1,dbus-daemon,S (sleeping),learner-victim1.bnsdq.ozxfs.fkiya-owcwb.kvugl,0.2937027539545161,1
1759318926,3358,1,N/A,N/A,N/A,N/A,N/A,N/A,N/A,N/A,1953800192,1922494464,46579712,N/A,135168,174923776,13,discern-network,S (sleeping),learner-victim1.bnsdq.ozxfs.fkiya-owcwb.kvugl,0.508221324496256,1
1759318926,179,1,N/A,N/A,N/A,N/A,N/A,N/A,N/A,N/A,125046784,125046784,39284736,4096,135168,28057600,1,systemd-journal,S (sleeping),learner-victim1.bnsdq.ozxfs.fkiya-owcwb.kvugl,0.1928322095233763,1
1759318926,55670,1,N/A,N/A,N/A,N/A,N/A,N/A,N/A,N/A,1647706112,1580597248,21024768,N/A,135168,82202624,5,discern-interfa,S (sleeping),learner-victim1.bnsdq.ozxfs.fkiya-owcwb.kvugl,0.013687648197927185,1
1759318926,55415,1,N/A,N/A,N/A,N/A,N/A,N/A,N/A,N/A,1264619520,1264619520,16920576,N/A,135168,45826048,4,discern-proc-so,R (running),learner-victim1.bnsdq.ozxfs.fkiya-owcwb.kvugl,2.6378308096554437,1
1759318928,22346,1,N/A,N/A,N/A,N/A,N/A,N/A,N/A,N/A,1634725888,1567879168,127635456,N/A,135168,196059136,11,dockerd,S (sleeping),learner-victim1.bnsdq.ozxfs.fkiya-owcwb.kvugl,2.050599779776966,0
1759318928,450,1,103,103,103,103,109,109,109,109,107524096,107524096,103571456,N/A,135168,99794944,1,dbus-daemon,S (sleeping),learner-victim1.bnsdq.ozxfs.fkiya-owcwb.kvugl,0.3985828126404438,0
1759318928,3426,1,N/A,N/A,N/A,N/A,N/A,N/A,N/A,N/A,2476675072,2409566208,117846016,N/A,135168,256344064,15,discern-network,S (sleeping),learner-victim1.bnsdq.ozxfs.fkiya-owcwb.kvugl,2.4980709636202727,0
1759318928,220,1,N/A,N/A,N/A,N/A,N/A,N/A,N/A,N/A,99811328,99811328,48631808,4096,135168,28024832,1,systemd-journal,S (sleeping),learner-victim1.bnsdq.ozxfs.fkiya-owcwb.kvugl,0.2725569951992398,0
1759318928,22128,1,N/A,N/A,N/A,N/A,N/A,N/A,N/A,N/A,1444818944,1444818944,47476736,N/A,135168,185815040,10,containerd,S (sleeping),learner-victim1.bnsdq.ozxfs.fkiya-owcwb.kvugl,0.46347665053855774,0
1759318931,376,1,103,103,103,103,109,109,109,109,157126656,157126656,150786048,N/A,135168,149397504,1,dbus-daemon,S (sleeping),learner-victim1.bnsdq.ozxfs.fkiya-owcwb.kvugl,0.29382991770720684,1
1759318931,3358,1,N/A,N/A,N/A,N/A,N/A,N/A,N/A,N/A,1953800192,1922494464,46579712,N/A,135168,174923776,13,discern-network,S (sleeping),learner-victim1.bnsdq.ozxfs.fkiya-owcwb.kvugl,0.5080455647452945,1
1759318931,179,1,N/A,N/A,N/A,N/A,N/A,N/A,N/A,N/A,125046784,125046784,39284736,4096,135168,28057600,1,systemd-journal,S (sleeping),learner-victim1.bnsdq.ozxfs.fkiya-owcwb.kvugl,0.19283273504936183,1
1759318931,55670,1,N/A,N/A,N/A,N/A,N/A,N/A,N/A,N/A,1647706112,1580597248,21024768,N/A,135168,82202624,5,discern-interfa,S (sleeping),learner-victim1.bnsdq.ozxfs.fkiya-owcwb.kvugl,0.01321940611240418,1
1759318931,55415,1,N/A,N/A,N/A,N/A,N/A,N/A,N/A,N/A,1264619520,1264619520,16920576,N/A,135168,45826048,4,discern-proc-so,S (sleeping),learner-victim1.bnsdq.ozxfs.fkiya-owcwb.kvugl,2.6459348357631836,1
1759318933,22346,1,N/A,N/A,N/A,N/A,N/A,N/A,N/A,N/A,1634725888,1567879168,127635456,N/A,135168,196059136,11,dockerd,S (sleeping),learner-victim1.bnsdq.ozxfs.fkiya-owcwb.kvugl,2.042750761319269,0
1759318933,450,1,103,103,103,103,109,109,109,109,107929600,107929600,103841792,N/A,135168,100200448,1,dbus-daemon,S (sleeping),learner-victim1.bnsdq.ozxfs.fkiya-owcwb.kvugl,0.398949349561132,0
1759318933,3426,1,N/A,N/A,N/A,N/A,N/A,N/A,N/A,N/A,2476675072,2409566208,117846016,N/A,135168,256344064,15,discern-network,S (sleeping),learner-victim1.bnsdq.ozxfs.fkiya-owcwb.kvugl,2.495677117222204,0
1759318933,220,1,N/A,N/A,N/A,N/A,N/A,N/A,N/A,N/A,99811328,99811328,48689152,4096,135168,28024832,1,systemd-journal,S (sleeping),learner-victim1.bnsdq.ozxfs.fkiya-owcwb.kvugl,0.2727861214067876,0
1759318933,22128,1,N/A,N/A,N/A,N/A,N/A,N/A,N/A,N/A,1444818944,1444818944,47476736,N/A,135168,185815040,10,containerd,S (sleeping),learner-victim1.bnsdq.ozxfs.fkiya-owcwb.kvugl,0.46386090561934246,0
1759318936,376,1,103,103,103,103,109,109,109,109,157261824,157261824,151056384,N/A,135168,149532672,1,dbus-daemon,S (sleeping),learner-victim1.bnsdq.ozxfs.fkiya-owcwb.kvugl,0.2936938017826428,1
1759318936,3358,1,N/A,N/A,N/A,N/A,N/A,N/A,N/A,N/A,1953800192,1922494464,46579712,N/A,135168,174923776,13,discern-network,S (sleeping),learner-victim1.bnsdq.ozxfs.fkiya-owcwb.kvugl,0.5084302283549458,1
1759318936,179,1,N/A,N/A,N/A,N/A,N/A,N/A,N/A,N/A,125046784,125046784,39284736,4096,135168,28057600,1,systemd-journal,S (sleeping),learner-victim1.bnsdq.ozxfs.fkiya-owcwb.kvugl,0.1925698364386511,1
1759318936,55670,1,N/A,N/A,N/A,N/A,N/A,N/A,N/A,N/A,1647706112,1580597248,21024768,N/A,135168,82202624,5,discern-interfa,S (sleeping),learner-victim1.bnsdq.ozxfs.fkiya-owcwb.kvugl,0.0127838936478283,1
1759318936,55415,1,N/A,N/A,N/A,N/A,N/A,N/A,N/A,N/A,1264619520,1264619520,16920576,N/A,135168,45826048,4,discern-proc-so,R (running),learner-victim1.bnsdq.ozxfs.fkiya-owcwb.kvugl,2.653882012429817,1
1759318939,22346,1,N/A,N/A,N/A,N/A,N/A,N/A,N/A,N/A,1634725888,1567879168,127635456,N/A,135168,196059136,11,dockerd,S (sleeping),learner-victim1.bnsdq.ozxfs.fkiya-owcwb.kvugl,2.0386182298937103,0
1759318939,450,1,103,103,103,103,109,109,109,109,108199936,108199936,104112128,N/A,135168,100470784,1,dbus-daemon,S (sleeping),learner-victim1.bnsdq.ozxfs.fkiya-owcwb.kvugl,0.39973736539551186,0
1759318939,3426,1,N/A,N/A,N/A,N/A,N/A,N/A,N/A,N/A,2476675072,2409566208,117846016,N/A,135168,256344064,15,discern-network,S (sleeping),learner-victim1.bnsdq.ozxfs.fkiya-owcwb.kvugl,2.494253940828942,0
1759318939,220,1,N/A,N/A,N/A,N/A,N/A,N/A,N/A,N/A,99811328,99811328,48787456,4096,135168,28024832,1,systemd-journal,S (sleeping),learner-victim1.bnsdq.ozxfs.fkiya-owcwb.kvugl,0.27343465565539665,0
1759318939,22128,1,N/A,N/A,N/A,N/A,N/A,N/A,N/A,N/A,1444818944,1444818944,47476736,N/A,135168,185815040,10,containerd,S (sleeping),learner-victim1.bnsdq.ozxfs.fkiya-owcwb.kvugl,0.46354416373313073,0
1759318941,376,1,103,103,103,103,109,109,109,109,157532160,157532160,151326720,N/A,135168,149803008,1,dbus-daemon,S (sleeping),learner-victim1.bnsdq.ozxfs.fkiya-owcwb.kvugl,0.29408758159529175,1
1759318941,3358,1,N/A,N/A,N/A,N/A,N/A,N/A,N/A,N/A,1953800192,1922494464,46579712,N/A,135168,174923776,13,discern-network,S (sleeping),learner-victim1.bnsdq.ozxfs.fkiya-owcwb.kvugl,0.5085376818060968,1
1759318941,179,1,N/A,N/A,N/A,N/A,N/A,N/A,N/A,N/A,125046784,125046784,39284736,4096,135168,28057600,1,systemd-journal,S (sleeping),learner-victim1.bnsdq.ozxfs.fkiya-owcwb.kvugl,0.19283666892879858,1
1759318941,55670,1,N/A,N/A,N/A,N/A,N/A,N/A,N/A,N/A,1647706112,1580597248,21024768,N/A,135168,82202624,5,discern-interfa,S (sleeping),learner-victim1.bnsdq.ozxfs.fkiya-owcwb.kvugl,0.012377220775590024,1
1759318941,55415,1,N/A,N/A,N/A,N/A,N/A,N/A,N/A,N/A,1264619520,1264619520,16920576,N/A,135168,45826048,4,discern-proc-so,R (running),learner-victim1.bnsdq.ozxfs.fkiya-owcwb.kvugl,2.6445848946939807,1
1759318944,22346,1,N/A,N/A,N/A,N/A,N/A,N/A,N/A,N/A,1634725888,1567879168,127635456,N/A,135168,196059136,11,dockerd,S (sleeping),learner-victim1.bnsdq.ozxfs.fkiya-owcwb.kvugl,2.0308671095917745,0
1759318944,450,1,103,103,103,103,109,109,109,109,108335104,108335104,104382464,N/A,135168,100605952,1,dbus-daemon,S (sleeping),learner-victim1.bnsdq.ozxfs.fkiya-owcwb.kvugl,0.3996848040246178,0
1759318944,3426,1,N/A,N/A,N/A,N/A,N/A,N/A,N/A,N/A,2476675072,2409566208,117846016,N/A,135168,256344064,15,discern-network,S (sleeping),learner-victim1.bnsdq.ozxfs.fkiya-owcwb.kvugl,2.4905220196682114,0
1759318944,220,1,N/A,N/A,N/A,N/A,N/A,N/A,N/A,N/A,99811328,99811328,48816128,4096,135168,28024832,1,systemd-journal,S (sleeping),learner-victim1.bnsdq.ozxfs.fkiya-owcwb.kvugl,0.2728323102831927,0
1759318944,22128,1,N/A,N/A,N/A,N/A,N/A,N/A,N/A,N/A,1444818944,1444818944,47476736,N/A,135168,185815040,10,containerd,S (sleeping),learner-victim1.bnsdq.ozxfs.fkiya-owcwb.kvugl,0.4632122228401025,0
1759318946,376,1,103,103,103,103,109,109,109,109,157667328,157667328,151326720,N/A,135168,149938176,1,dbus-daemon,S (sleeping),learner-victim1.bnsdq.ozxfs.fkiya-owcwb.kvugl,0.29395244572557566,1
1759318946,3358,1,N/A,N/A,N/A,N/A,N/A,N/A,N/A,N/A,1953800192,1922494464,46579712,N/A,135168,174923776,13,discern-network,S (sleeping),learner-victim1.bnsdq.ozxfs.fkiya-owcwb.kvugl,0.5086446328109789,1
1759318946,179,1,N/A,N/A,N/A,N/A,N/A,N/A,N/A,N/A,125046784,125046784,39284736,4096,135168,28057600,1,systemd-journal,S (sleeping),learner-victim1.bnsdq.ozxfs.fkiya-owcwb.kvugl,0.19283890408847287,1
1759318946,55670,1,N/A,N/A,N/A,N/A,N/A,N/A,N/A,N/A,1647706112,1580597248,21024768,N/A,135168,82202624,5,discern-interfa,S (sleeping),learner-victim1.bnsdq.ozxfs.fkiya-owcwb.kvugl,0.011995515647771043,1
1759318946,55415,1,N/A,N/A,N/A,N/A,N/A,N/A,N/A,N/A,1264619520,1264619520,16920576,N/A,135168,45826048,4,discern-proc-so,R (running),learner-victim1.bnsdq.ozxfs.fkiya-owcwb.kvugl,2.6357917356598937,1
1759318949,22346,1,N/A,N/A,N/A,N/A,N/A,N/A,N/A,N/A,1634725888,1567879168,127635456,N/A,135168,196059136,11,dockerd,S (sleeping),learner-victim1.bnsdq.ozxfs.fkiya-owcwb.kvugl,2.023213182181809,0
1759318949,450,1,103,103,103,103,109,109,109,109,108605440,108605440,104652800,N/A,135168,100876288,1,dbus-daemon,S (sleeping),learner-victim1.bnsdq.ozxfs.fkiya-owcwb.kvugl,0.4000501714076734,0
1759318949,3426,1,N/A,N/A,N/A,N/A,N/A,N/A,N/A,N/A,2476675072,2409566208,117846016,N/A,135168,256344064,15,discern-network,S (sleeping),learner-victim1.bnsdq.ozxfs.fkiya-owcwb.kvugl,2.488188366975875,0
1759318949,220,1,N/A,N/A,N/A,N/A,N/A,N/A,N/A,N/A,99811328,99811328,48865280,4096,135168,28024832,1,systemd-journal,S (sleeping),learner-victim1.bnsdq.ozxfs.fkiya-owcwb.kvugl,0.2730618512720794,0
1759318949,22128,1,N/A,N/A,N/A,N/A,N/A,N/A,N/A,N/A,1444818944,1444818944,47476736,N/A,135168,185815040,10,containerd,S (sleeping),learner-victim1.bnsdq.ozxfs.fkiya-owcwb.kvugl,0.4628916787851846,0
1759318951,376,1,103,103,103,103,109,109,109,109,157937664,157937664,151597056,N/A,135168,150208512,1,dbus-daemon,S (sleeping),learner-victim1.bnsdq.ozxfs.fkiya-owcwb.kvugl,0.2940803467704113,1
1759318951,3358,1,N/A,N/A,N/A,N/A,N/A,N/A,N/A,N/A,1953800192,1922494464,46579712,N/A,135168,174923776,13,discern-network,S (sleeping),learner-victim1.bnsdq.ozxfs.fkiya-owcwb.kvugl,0.5084725006881867,1
1759318951,179,1,N/A,N/A,N/A,N/A,N/A,N/A,N/A,N/A,125046784,125046784,39284736,4096,135168,28057600,1,systemd-journal,S (sleeping),learner-victim1.bnsdq.ozxfs.fkiya-owcwb.kvugl,0.19284058296746645,1
1759318951,55670,1,N/A,N/A,N/A,N/A,N/A,N/A,N/A,N/A,1647706112,1580597248,21024768,N/A,135168,82202624,5,discern-interfa,S (sleeping),learner-victim1.bnsdq.ozxfs.fkiya-owcwb.kvugl,0.011635917419934472,1
1759318951,55415,1,N/A,N/A,N/A,N/A,N/A,N/A,N/A,N/A,1264619520,1264619520,16920576,N/A,135168,45826048,4,discern-proc-so,R (running),learner-victim1.bnsdq.ozxfs.fkiya-owcwb.kvugl,2.638032532825237,1
1759318955,22346,1,N/A,N/A,N/A,N/A,N/A,N/A,N/A,N/A,1634725888,1567879168,127635456,N/A,135168,196059136,11,dockerd,S (sleeping),learner-victim1.bnsdq.ozxfs.fkiya-owcwb.kvugl,2.015575730859504,0
1759318955,450,1,103,103,103,103,109,109,109,109,108740608,108740608,104652800,N/A,135168,101011456,1,dbus-daemon,S (sleeping),learner-victim1.bnsdq.ozxfs.fkiya-owcwb.kvugl,0.39999684899768817,0
1759318955,3426,1,N/A,N/A,N/A,N/A,N/A,N/A,N/A,N/A,2476675072,2409566208,117846016,N/A,135168,256344064,15,discern-network,S (sleeping),learner-victim1.bnsdq.ozxfs.fkiya-owcwb.kvugl,2.484486836169827,0
1759318955,220,1,N/A,N/A,N/A,N/A,N/A,N/A,N/A,N/A,99811328,99811328,48934912,4096,135168,28024832,1,systemd-journal,S (sleeping),learner-victim1.bnsdq.ozxfs.fkiya-owcwb.kvugl,0.2728749843645405,0
1759318955,22128,1,N/A,N/A,N/A,N/A,N/A,N/A,N/A,N/A,1444818944,1444818944,47476736,N/A,135168,185815040,10,containerd,S (sleeping),learner-victim1.bnsdq.ozxfs.fkiya-owcwb.kvugl,0.4625642495487148,0
1759318957,376,1,103,103,103,103,109,109,109,109,158072832,158072832,151867392,N/A,135168,150343680,1,dbus-daemon,S (sleeping),learner-victim1.bnsdq.ozxfs.fkiya-owcwb.kvugl,0.29394291827007557,1
1759318957,3358,1,N/A,N/A,N/A,N/A,N/A,N/A,N/A,N/A,1953800192,1922494464,46579712,N/A,135168,174923776,13,discern-network,S (sleeping),learner-victim1.bnsdq.ozxfs.fkiya-owcwb.kvugl,0.5085743886629897,1
1759318957,179,1,N/A,N/A,N/A,N/A,N/A,N/A,N/A,N/A,125046784,125046784,39284736,4096,135168,28057600,1,systemd-journal,S (sleeping),learner-victim1.bnsdq.ozxfs.fkiya-owcwb.kvugl,0.19257797473334748,1
1759318957,55670,1,N/A,N/A,N/A,N/A,N/A,N/A,N/A,N/A,1647706112,1580597248,21024768,N/A,135168,82202624,5,discern-interfa,S (sleeping),learner-victim1.bnsdq.ozxfs.fkiya-owcwb.kvugl,0.011295744588577915,1
1759318957,55415,1,N/A,N/A,N/A,N/A,N/A,N/A,N/A,N/A,1264619520,1264619520,16920576,N/A,135168,45826048,4,discern-proc-so,R (running),learner-victim1.bnsdq.ozxfs.fkiya-owcwb.kvugl,2.650242165489968,1
1759318960,22346,1,N/A,N/A,N/A,N/A,N/A,N/A,N/A,N/A,1634725888,1567879168,127635456,N/A,135168,196059136,11,dockerd,S (sleeping),learner-victim1.bnsdq.ozxfs.fkiya-owcwb.kvugl,2.008033535302072,0
1759318960,450,1,103,103,103,103,109,109,109,109,109010944,109010944,104923136,N/A,135168,101281792,1,dbus-daemon,S (sleeping),learner-victim1.bnsdq.ozxfs.fkiya-owcwb.kvugl,0.3995366504844426,0
1759318960,3426,1,N/A,N/A,N/A,N/A,N/A,N/A,N/A,N/A,2476675072,2409566208,117846016,N/A,135168,256344064,15,discern-network,S (sleeping),learner-victim1.bnsdq.ozxfs.fkiya-owcwb.kvugl,2.481728143092002,0
1759318960,220,1,N/A,N/A,N/A,N/A,N/A,N/A,N/A,N/A,99811328,99811328,48979968,4096,135168,28024832,1,systemd-journal,S (sleeping),learner-victim1.bnsdq.ozxfs.fkiya-owcwb.kvugl,0.27269182444071666,0
1759318960,22128,1,N/A,N/A,N/A,N/A,N/A,N/A,N/A,N/A,1444818944,1444818944,47476736,N/A,135168,185815040,10,containerd,S (sleeping),learner-victim1.bnsdq.ozxfs.fkiya-owcwb.kvugl,0.46224743447857697,0
1759318962,376,1,103,103,103,103,109,109,109,109,158208000,158208000,151867392,N/A,135168,150478848,1,dbus-daemon,S (sleeping),learner-victim1.bnsdq.ozxfs.fkiya-owcwb.kvugl,0.293807922276548,1
1759318962,3358,1,N/A,N/A,N/A,N/A,N/A,N/A,N/A,N/A,1953800192,1922494464,46579712,N/A,135168,174923776,13,discern-network,S (sleeping),learner-victim1.bnsdq.ozxfs.fkiya-owcwb.kvugl,0.508126816410451,1
1759318962,179,1,N/A,N/A,N/A,N/A,N/A,N/A,N/A,N/A,125046784,125046784,39284736,4096,135168,28057600,1,systemd-journal,S (sleeping),learner-victim1.bnsdq.ozxfs.fkiya-owcwb.kvugl,0.19284288209460465,1
1759318962,55670,1,N/A,N/A,N/A,N/A,N/A,N/A,N/A,N/A,1647706112,1580597248,21024768,N/A,135168,82202624,5,discern-interfa,S (sleeping),learner-victim1.bnsdq.ozxfs.fkiya-owcwb.kvugl,0.010976496473752,1
1759318962,55415,1,N/A,N/A,N/A,N/A,N/A,N/A,N/A,N/A,1264619520,1264619520,16920576,N/A,135168,45826048,4,discern-proc-so,R (running),learner-victim1.bnsdq.ozxfs.fkiya-owcwb.kvugl,2.6469566147493673,1
1759318965,22346,1,N/A,N/A,N/A,N/A,N/A,N/A,N/A,N/A,1634725888,1567879168,127635456,N/A,135168,196059136,11,dockerd,S (sleeping),learner-victim1.bnsdq.ozxfs.fkiya-owcwb.kvugl,2.000611292493638,0
1759318965,450,1,103,103,103,103,109,109,109,109,109146112,109146112,105193472,N/A,135168,101416960,1,dbus-daemon,S (sleeping),learner-victim1.bnsdq.ozxfs.fkiya-owcwb.kvugl,0.39949644115939437,0
1759318965,3426,1,N/A,N/A,N/A,N/A,N/A,N/A,N/A,N/A,2476675072,2409566208,117846016,N/A,135168,256344064,15,discern-network,S (sleeping),learner-victim1.bnsdq.ozxfs.fkiya-owcwb.kvugl,2.479479490270325,0
1759318965,220,1,N/A,N/A,N/A,N/A,N/A,N/A,N/A,N/A,99811328,99811328,49037312,4096,135168,28024832,1,systemd-journal,S (sleeping),learner-victim1.bnsdq.ozxfs.fkiya-owcwb.kvugl,0.2725146019084339,0
1759318965,22128,1,N/A,N/A,N/A,N/A,N/A,N/A,N/A,N/A,1444818944,1444818944,47476736,N/A,135168,185815040,10,containerd,S (sleeping),learner-victim1.bnsdq.ozxfs.fkiya-owcwb.kvugl,0.461247190759038,0
1759318967,376,1,103,103,103,103,109,109,109,109,158478336,158478336,152137728,N/A,135168,150749184,1,dbus-daemon,S (sleeping),learner-victim1.bnsdq.ozxfs.fkiya-owcwb.kvugl,0.2936710020740106,1
1759318967,3358,1,N/A,N/A,N/A,N/A,N/A,N/A,N/A,N/A,1953800192,1922494464,46579712,N/A,135168,174923776,13,discern-network,S (sleeping),learner-victim1.bnsdq.ozxfs.fkiya-owcwb.kvugl,0.5085045402264567,1
1759318967,179,1,N/A,N/A,N/A,N/A,N/A,N/A,N/A,N/A,125046784,125046784,39284736,4096,135168,28057600,1,systemd-journal,S (sleeping),learner-victim1.bnsdq.ozxfs.fkiya-owcwb.kvugl,0.1925808285980601,1
1759318967,55670,1,N/A,N/A,N/A,N/A,N/A,N/A,N/A,N/A,1647706112,1580597248,21024768,N/A,135168,82202624,5,discern-interfa,S (sleeping),learner-victim1.bnsdq.ozxfs.fkiya-owcwb.kvugl,0.010673112519128938,1
1759318967,55415,1,N/A,N/A,N/A,N/A,N/A,N/A,N/A,N/A,1264619520,1264619520,16920576,N/A,135168,45826048,4,discern-proc-so,R (running),learner-victim1.bnsdq.ozxfs.fkiya-owcwb.kvugl,2.653334199962022,1
1759318970,22346,1,N/A,N/A,N/A,N/A,N/A,N/A,N/A,N/A,1634725888,1567879168,127635456,N/A,135168,196059136,11,dockerd,S (sleeping),learner-victim1.bnsdq.ozxfs.fkiya-owcwb.kvugl,1.9953432706942846,0
1759318970,450,1,103,103,103,103,109,109,109,109,109551616,109551616,105463808,N/A,135168,101822464,1,dbus-daemon,S (sleeping),learner-victim1.bnsdq.ozxfs.fkiya-owcwb.kvugl,0.39986560117541103,0
1759318970,3426,1,N/A,N/A,N/A,N/A,N/A,N/A,N/A,N/A,2476675072,2409566208,117846016,N/A,135168,256344064,15,discern-network,S (sleeping),learner-victim1.bnsdq.ozxfs.fkiya-owcwb.kvugl,2.477238056800334,0
1759318970,220,1,N/A,N/A,N/A,N/A,N/A,N/A,N/A,N/A,99811328,99811328,49106944,4096,135168,28024832,1,systemd-journal,S (sleeping),learner-victim1.bnsdq.ozxfs.fkiya-owcwb.kvugl,0.273156833243953,0
1759318970,22128,1,N/A,N/A,N/A,N/A,N/A,N/A,N/A,N/A,1444818944,1444818944,47476736,N/A,135168,185815040,10,containerd,S (sleeping),learner-victim1.bnsdq.ozxfs.fkiya-owcwb.kvugl,0.46095149495362003,0
1759318972,376,1,103,103,103,103,109,109,109,109,158613504,158613504,152408064,N/A,135168,150884352,1,dbus-daemon,S (sleeping),learner-victim1.bnsdq.ozxfs.fkiya-owcwb.kvugl,0.29353639357886796,1
1759318972,3358,1,N/A,N/A,N/A,N/A,N/A,N/A,N/A,N/A,1953800192,1922494464,46579712,N/A,135168,174923776,13,discern-network,S (sleeping),learner-victim1.bnsdq.ozxfs.fkiya-owcwb.kvugl,0.5083333864382708,1
1759318972,179,1,N/A,N/A,N/A,N/A,N/A,N/A,N/A,N/A,125046784,125046784,39284736,4096,135168,28057600,1,systemd-journal,S (sleeping),learner-victim1.bnsdq.ozxfs.fkiya-owcwb.kvugl,0.1925827748261842,1
1759318972,55670,1,N/A,N/A,N/A,N/A,N/A,N/A,N/A,N/A,1647706112,1580597248,21024768,N/A,135168,82202624,5,discern-interfa,S (sleeping),learner-victim1.bnsdq.ozxfs.fkiya-owcwb.kvugl,0.01038740847140323,1
1759318972,55415,1,N/A,N/A,N/A,N/A,N/A,N/A,N/A,N/A,1264619520,1264619520,16920576,N/A,135168,45826048,4,discern-proc-so,R (running),learner-victim1.bnsdq.ozxfs.fkiya-owcwb.kvugl,2.6500800710021055,1
1759318976,22346,1,N/A,N/A,N/A,N/A,N/A,N/A,N/A,N/A,1634725888,1567879168,127635456,N/A,135168,196059136,11,dockerd,S (sleeping),learner-victim1.bnsdq.ozxfs.fkiya-owcwb.kvugl,1.9880342654480414,0
1759318976,450,1,103,103,103,103,109,109,109,109,109686784,109686784,105734144,N/A,135168,101957632,1,dbus-daemon,S (sleeping),learner-victim1.bnsdq.ozxfs.fkiya-owcwb.kvugl,0.39982633488967184,0
1759318976,3426,1,N/A,N/A,N/A,N/A,N/A,N/A,N/A,N/A,2476675072,2409566208,117846016,N/A,135168,256344064,15,discern-network,S (sleeping),learner-victim1.bnsdq.ozxfs.fkiya-owcwb.kvugl,2.475020554346268,0
1759318976,220,1,N/A,N/A,N/A,N/A,N/A,N/A,N/A,N/A,99811328,99811328,49143808,4096,135168,28024832,1,systemd-journal,S (sleeping),learner-victim1.bnsdq.ozxfs.fkiya-owcwb.kvugl,0.27298038420285653,0
1759318976,22128,1,N/A,N/A,N/A,N/A,N/A,N/A,N/A,N/A,1444818944,1444818944,47476736,N/A,135168,185815040,10,containerd,S (sleeping),learner-victim1.bnsdq.ozxfs.fkiya-owcwb.kvugl,0.4599661067573679,0
1759318977,376,1,103,103,103,103,109,109,109,109,158748672,158748672,152408064,N/A,135168,151019520,1,dbus-daemon,S (sleeping),learner-victim1.bnsdq.ozxfs.fkiya-owcwb.kvugl,0.2936622505707788,1
1759318977,3358,1,N/A,N/A,N/A,N/A,N/A,N/A,N/A,N/A,1953800192,1922494464,46579712,N/A,135168,174923776,13,discern-network,S (sleeping),learner-victim1.bnsdq.ozxfs.fkiya-owcwb.kvugl,0.5081597496310469,1
1759318977,179,1,N/A,N/A,N/A,N/A,N/A,N/A,N/A,N/A,125046784,125046784,39284736,4096,135168,28057600,1,systemd-journal,S (sleeping),learner-victim1.bnsdq.ozxfs.fkiya-owcwb.kvugl,0.19258364588225296,1
1759318977,55670,1,N/A,N/A,N/A,N/A,N/A,N/A,N/A,N/A,1647706112,1580597248,21024768,N/A,135168,82202624,5,discern-interfa,S (sleeping),learner-victim1.bnsdq.ozxfs.fkiya-owcwb.kvugl,0.010115514378794509,1
1759318977,55415,1,N/A,N/A,N/A,N/A,N/A,N/A,N/A,N/A,1264619520,1264619520,16920576,N/A,135168,45826048,4,discern-proc-so,S (sleeping),learner-victim1.bnsdq.ozxfs.fkiya-owcwb.kvugl,2.6608223250269694,1
1759318981,22346,1,N/A,N/A,N/A,N/A,N/A,N/A,N/A,N/A,1634725888,1567879168,127635456,N/A,135168,196059136,11,dockerd,S (sleeping),learner-victim1.bnsdq.ozxfs.fkiya-owcwb.kvugl,1.9807884090682817,0
1759318981,450,1,103,103,103,103,109,109,109,109,109969408,109969408,106004480,N/A,135168,102240256,1,dbus-daemon,S (sleeping),learner-victim1.bnsdq.ozxfs.fkiya-owcwb.kvugl,0.3997883462444083,0
1759318981,3426,1,N/A,N/A,N/A,N/A,N/A,N/A,N/A,N/A,2476675072,2409566208,117846016,N/A,135168,256344064,15,discern-network,S (sleeping),learner-victim1.bnsdq.ozxfs.fkiya-owcwb.kvugl,2.471489139633664,0
1759318981,220,1,N/A,N/A,N/A,N/A,N/A,N/A,N/A,N/A,99811328,99811328,49143808,4096,135168,28024832,1,systemd-journal,S (sleeping),learner-victim1.bnsdq.ozxfs.fkiya-owcwb.kvugl,0.27239759389520735,0
1759318981,22128,1,N/A,N/A,N/A,N/A,N/A,N/A,N/A,N/A,1444818944,1444818944,47476736,N/A,135168,185815040,10,containerd,S (sleeping),learner-victim1.bnsdq.ozxfs.fkiya-owcwb.kvugl,0.4603764122831696,0
1759318982,376,1,103,103,103,103,109,109,109,109,158883840,158883840,152678400,N/A,135168,151154688,1,dbus-daemon,S (sleeping),learner-victim1.bnsdq.ozxfs.fkiya-owcwb.kvugl,0.2935281181112757,1
1759318982,3358,1,N/A,N/A,N/A,N/A,N/A,N/A,N/A,N/A,1953800192,1922494464,46579712,N/A,135168,174923776,13,discern-network,S (sleeping),learner-victim1.bnsdq.ozxfs.fkiya-owcwb.kvugl,0.508264636727891,1
1759318982,179,1,N/A,N/A,N/A,N/A,N/A,N/A,N/A,N/A,125046784,125046784,39284736,4096,135168,28057600,1,systemd-journal,S (sleeping),learner-victim1.bnsdq.ozxfs.fkiya-owcwb.kvugl,0.19258564741657547,1
1759318982,55670,1,N/A,N/A,N/A,N/A,N/A,N/A,N/A,N/A,1647706112,1580597248,21024768,N/A,135168,82202624,5,discern-interfa,S (sleeping),learner-victim1.bnsdq.ozxfs.fkiya-owcwb.kvugl,0.009858585009374117,1
1759318982,55415,1,N/A,N/A,N/A,N/A,N/A,N/A,N/A,N/A,1264619520,1264619520,16920576,N/A,135168,45826048,4,discern-proc-so,R (running),learner-victim1.bnsdq.ozxfs.fkiya-owcwb.kvugl,2.6621503977328227,1
1759318986,22346,1,N/A,N/A,N/A,N/A,N/A,N/A,N/A,N/A,1634725888,1567879168,127635456,N/A,135168,196059136,11,dockerd,S (sleeping),learner-victim1.bnsdq.ozxfs.fkiya-owcwb.kvugl,1.97347407484847,0
1759318986,450,1,103,103,103,103,109,109,109,109,110104576,110104576,106004480,N/A,135168,102375424,1,dbus-daemon,S (sleeping),learner-victim1.bnsdq.ozxfs.fkiya-owcwb.kvugl,0.3997361580506618,0
1759318986,3426,1,N/A,N/A,N/A,N/A,N/A,N/A,N/A,N/A,2476675072,2409566208,117846016,N/A,135168,256344064,15,discern-network,S (sleeping),learner-victim1.bnsdq.ozxfs.fkiya-owcwb.kvugl,2.4692061221680732,0
1759318986,220,1,N/A,N/A,N/A,N/A,N/A,N/A,N/A,N/A,99811328,99811328,49250304,4096,135168,28024832,1,systemd-journal,S (sleeping),learner-victim1.bnsdq.ozxfs.fkiya-owcwb.kvugl,0.2726213780517281,0
1759318986,22128,1,N/A,N/A,N/A,N/A,N/A,N/A,N/A,N/A,1444818944,1444818944,47476736,N/A,135168,185815040,10,containerd,S (sleeping),learner-victim1.bnsdq.ozxfs.fkiya-owcwb.kvugl,0.4600651221713046,0
1759318988,376,1,103,103,103,103,109,109,109,109,159289344,159289344,152948736,N/A,135168,151560192,1,dbus-daemon,S (sleeping),learner-victim1.bnsdq.ozxfs.fkiya-owcwb.kvugl,0.29391621874495205,1
1759318988,3358,1,N/A,N/A,N/A,N/A,N/A,N/A,N/A,N/A,1953800192,1922494464,46579712,N/A,135168,174923776,13,discern-network,S (sleeping),learner-victim1.bnsdq.ozxfs.fkiya-owcwb.kvugl,0.5080944027621831,1
1759318988,179,1,N/A,N/A,N/A,N/A,N/A,N/A,N/A,N/A,125046784,125046784,39284736,4096,135168,28057600,1,systemd-journal,S (sleeping),learner-victim1.bnsdq.ozxfs.fkiya-owcwb.kvugl,0.1925875258227201,1
1759318988,55670,1,N/A,N/A,N/A,N/A,N/A,N/A,N/A,N/A,1647706112,1580597248,21024768,N/A,135168,82202624,5,discern-interfa,S (sleeping),learner-victim1.bnsdq.ozxfs.fkiya-owcwb.kvugl,0.009614275995854215,1
1759318988,55415,1,N/A,N/A,N/A,N/A,N/A,N/A,N/A,N/A,1264619520,1264619520,16920576,N/A,135168,45826048,4,discern-proc-so,S (sleeping),learner-victim1.bnsdq.ozxfs.fkiya-owcwb.kvugl,2.6544219374432205,1
1759318991,22346,1,N/A,N/A,N/A,N/A,N/A,N/A,N/A,N/A,1634725888,1567879168,127635456,N/A,135168,196059136,11,dockerd,S (sleeping),learner-victim1.bnsdq.ozxfs.fkiya-owcwb.kvugl,1.9662013194915375,0
1759318991,450,1,103,103,103,103,109,109,109,109,110239744,110239744,106274816,N/A,135168,102510592,1,dbus-daemon,S (sleeping),learner-victim1.bnsdq.ozxfs.fkiya-owcwb.kvugl,0.39927656071777895,0
1759318991,3426,1,N/A,N/A,N/A,N/A,N/A,N/A,N/A,N/A,2476675072,2409566208,117846016,N/A,135168,256344064,15,discern-network,S (sleeping),learner-victim1.bnsdq.ozxfs.fkiya-owcwb.kvugl,2.4669242040417094,0
1759318991,220,1,N/A,N/A,N/A,N/A,N/A,N/A,N/A,N/A,99811328,99811328,49270784,4096,135168,28024832,1,systemd-journal,S (sleeping),learner-victim1.bnsdq.ozxfs.fkiya-owcwb.kvugl,0.27284321476946427,0
1759318991,22128,1,N/A,N/A,N/A,N/A,N/A,N/A,N/A,N/A,1444818944,1444818944,47476736,N/A,135168,185815040,10,containerd,S (sleeping),learner-victim1.bnsdq.ozxfs.fkiya-owcwb.kvugl,0.4597533210539778,0
1759318993,376,1,103,103,103,103,109,109,109,109,159289344,159289344,152948736,N/A,135168,151560192,1,dbus-daemon,S (sleeping),learner-victim1.bnsdq.ozxfs.fkiya-owcwb.kvugl,0.29378163799915474,1
1759318993,3358,1,N/A,N/A,N/A,N/A,N/A,N/A,N/A,N/A,1953800192,1922494464,46579712,N/A,135168,174923776,13,discern-network,S (sleeping),learner-victim1.bnsdq.ozxfs.fkiya-owcwb.kvugl,0.5081982337478798,1
1759318993,179,1,N/A,N/A,N/A,N/A,N/A,N/A,N/A,N/A,125046784,125046784,39284736,4096,135168,28057600,1,systemd-journal,S (sleeping),learner-victim1.bnsdq.ozxfs.fkiya-owcwb.kvugl,0.19232860113705788,1
1759318993,55670,1,N/A,N/A,N/A,N/A,N/A,N/A,N/A,N/A,1647706112,1580597248,21024768,N/A,135168,82202624,5,discern-interfa,S (sleeping),learner-victim1.bnsdq.ozxfs.fkiya-owcwb.kvugl,0.009381615182718494,1
1759318993,55415,1,N/A,N/A,N/A,N/A,N/A,N/A,N/A,N/A,1264619520,1264619520,16920576,N/A,135168,45826048,4,discern-proc-so,R (running),learner-victim1.bnsdq.ozxfs.fkiya-owcwb.kvugl,2.6513801210515924,1
1759318997,22346,1,N/A,N/A,N/A,N/A,N/A,N/A,N/A,N/A,1634725888,1567879168,127635456,N/A,135168,196059136,11,dockerd,S (sleeping),learner-victim1.bnsdq.ozxfs.fkiya-owcwb.kvugl,1.9590104978796432,0
1759318997,450,1,103,103,103,103,109,109,109,109,110510080,110510080,106545152,N/A,135168,102780928,1,dbus-daemon,S (sleeping),learner-victim1.bnsdq.ozxfs.fkiya-owcwb.kvugl,0.3996329434468899,0
1759318997,3426,1,N/A,N/A,N/A,N/A,N/A,N/A,N/A,N/A,2476675072,2409566208,117846016,N/A,135168,256344064,15,discern-network,S (sleeping),learner-victim1.bnsdq.ozxfs.fkiya-owcwb.kvugl,2.464234738120671,0
1759318997,220,1,N/A,N/A,N/A,N/A,N/A,N/A,N/A,N/A,99811328,99811328,49295360,4096,135168,28024832,1,systemd-journal,S (sleeping),learner-victim1.bnsdq.ozxfs.fkiya-owcwb.kvugl,0.27266120496522045,0
1759318997,22128,1,N/A,N/A,N/A,N/A,N/A,N/A,N/A,N/A,1444818944,1444818944,47476736,N/A,135168,185815040,10,containerd,S (sleeping),learner-victim1.bnsdq.ozxfs.fkiya-owcwb.kvugl,0.4594501343742031,0
1759318998,376,1,103,103,103,103,109,109,109,109,159559680,159559680,153219072,N/A,135168,151830528,1,dbus-daemon,S (sleeping),learner-victim1.bnsdq.ozxfs.fkiya-owcwb.kvugl,0.2939080854649283,1
1759318998,3358,1,N/A,N/A,N/A,N/A,N/A,N/A,N/A,N/A,1953800192,1922494464,46579712,N/A,135168,174923776,13,discern-network,S (sleeping),learner-victim1.bnsdq.ozxfs.fkiya-owcwb.kvugl,0.5080286698112414,1
1759318998,179,1,N/A,N/A,N/A,N/A,N/A,N/A,N/A,N/A,125046784,125046784,39284736,4096,135168,28057600,1,systemd-journal,S (sleeping),learner-victim1.bnsdq.ozxfs.fkiya-owcwb.kvugl,0.19259110709813274,1
1759318998,55670,1,N/A,N/A,N/A,N/A,N/A,N/A,N/A,N/A,1647706112,1580597248,21024768,N/A,135168,82202624,5,discern-interfa,S (sleeping),learner-victim1.bnsdq.ozxfs.fkiya-owcwb.kvugl,0.00916013253054887,1
1759318998,55415,1,N/A,N/A,N/A,N/A,N/A,N/A,N/A,N/A,1264619520,1264619520,16920576,N/A,135168,45826048,4,discern-proc-so,S (sleeping),learner-victim1.bnsdq.ozxfs.fkiya-owcwb.kvugl,2.6485231285031925,1
1759319002,22346,1,N/A,N/A,N/A,N/A,N/A,N/A,N/A,N/A,1634725888,1567879168,127635456,N/A,135168,196059136,11,dockerd,S (sleeping),learner-victim1.bnsdq.ozxfs.fkiya-owcwb.kvugl,1.951893458510641,0
1759319002,450,1,103,103,103,103,109,109,109,109,110645248,110645248,106545152,N/A,135168,102916096,1,dbus-daemon,S (sleeping),learner-victim1.bnsdq.ozxfs.fkiya-owcwb.kvugl,0.39918152218368463,0
1759319002,3426,1,N/A,N/A,N/A,N/A,N/A,N/A,N/A,N/A,2476675072,2409566208,117846016,N/A,135168,256344064,15,discern-network,S (sleeping),learner-victim1.bnsdq.ozxfs.fkiya-owcwb.kvugl,2.461135765024035,0
1759319002,220,1,N/A,N/A,N/A,N/A,N/A,N/A,N/A,N/A,99811328,99811328,49348608,4096,135168,28024832,1,systemd-journal,S (sleeping),learner-victim1.bnsdq.ozxfs.fkiya-owcwb.kvugl,0.2724817796144359,0
1759319002,22128,1,N/A,N/A,N/A,N/A,N/A,N/A,N/A,N/A,1444818944,1444818944,47476736,N/A,135168,185815040,10,containerd,S (sleeping),learner-victim1.bnsdq.ozxfs.fkiya-owcwb.kvugl,0.4591543443484278,0
1759319003,376,1,103,103,103,103,109,109,109,109,159694848,159694848,153489408,N/A,135168,151965696,1,dbus-daemon,S (sleeping),learner-victim1.bnsdq.ozxfs.fkiya-owcwb.kvugl,0.29377259634331077,1
1759319003,3358,1,N/A,N/A,N/A,N/A,N/A,N/A,N/A,N/A,1953800192,1922494464,46579712,N/A,135168,174923776,13,discern-network,S (sleeping),learner-victim1.bnsdq.ozxfs.fkiya-owcwb.kvugl,0.5075833111767822,1
1759319003,179,1,N/A,N/A,N/A,N/A,N/A,N/A,N/A,N/A,125046784,125046784,39284736,4096,135168,28057600,1,systemd-journal,S (sleeping),learner-victim1.bnsdq.ozxfs.fkiya-owcwb.kvugl,0.19259195118796243,1
1759319003,55670,1,N/A,N/A,N/A,N/A,N/A,N/A,N/A,N/A,1647706112,1580597248,21024768,N/A,135168,82202624,5,discern-interfa,S (sleeping),learner-victim1.bnsdq.ozxfs.fkiya-owcwb.kvugl,0.008948029107091648,1
1759319003,55415,1,N/A,N/A,N/A,N/A,N/A,N/A,N/A,N/A,1264619520,1264619520,16920576,N/A,135168,45826048,4,discern-proc-so,R (running),learner-victim1.bnsdq.ozxfs.fkiya-owcwb.kvugl,2.6497507505160254,1
1759319007,22346,1,N/A,N/A,N/A,N/A,N/A,N/A,N/A,N/A,1634725888,1567879168,127635456,N/A,135168,196059136,11,dockerd,S (sleeping),learner-victim1.bnsdq.ozxfs.fkiya-owcwb.kvugl,1.9448213621893562,0
1759319007,450,1,103,103,103,103,109,109,109,109,111050752,111050752,107085824,N/A,135168,103321600,1,dbus-daemon,S (sleeping),learner-victim1.bnsdq.ozxfs.fkiya-owcwb.kvugl,0.3999419555077225,0
1759319007,3426,1,N/A,N/A,N/A,N/A,N/A,N/A,N/A,N/A,2476675072,2409566208,117846016,N/A,135168,256344064,15,discern-network,S (sleeping),learner-victim1.bnsdq.ozxfs.fkiya-owcwb.kvugl,2.4584844573584776,0
1759319007,220,1,N/A,N/A,N/A,N/A,N/A,N/A,N/A,N/A,99811328,99811328,49422336,4096,135168,28024832,1,systemd-journal,S (sleeping),learner-victim1.bnsdq.ozxfs.fkiya-owcwb.kvugl,0.27270599050228245,0
1759319007,22128,1,N/A,N/A,N/A,N/A,N/A,N/A,N/A,N/A,1444818944,1444818944,47476736,N/A,135168,185815040,10,containerd,S (sleeping),learner-victim1.bnsdq.ozxfs.fkiya-owcwb.kvugl,0.45953993645804686,0
1759319008,376,1,103,103,103,103,109,109,109,109,159965184,159965184,153759744,N/A,135168,152236032,1,dbus-daemon,S (sleeping),learner-victim1.bnsdq.ozxfs.fkiya-owcwb.kvugl,0.2936404321180626,1
1759319008,3358,1,N/A,N/A,N/A,N/A,N/A,N/A,N/A,N/A,1953800192,1922494464,46579712,N/A,135168,174923776,13,discern-network,S (sleeping),learner-victim1.bnsdq.ozxfs.fkiya-owcwb.kvugl,0.5079634368325086,1
1759319008,179,1,N/A,N/A,N/A,N/A,N/A,N/A,N/A,N/A,125046784,125046784,39284736,4096,135168,28057600,1,systemd-journal,S (sleeping),learner-victim1.bnsdq.ozxfs.fkiya-owcwb.kvugl,0.19259472653024193,1
1759319008,55670,1,N/A,N/A,N/A,N/A,N/A,N/A,N/A,N/A,1647706112,1580597248,24514560,N/A,135168,82202624,5,discern-interfa,S (sleeping),learner-victim1.bnsdq.ozxfs.fkiya-owcwb.kvugl,0.008747004175359277,1
1759319008,55415,1,N/A,N/A,N/A,N/A,N/A,N/A,N/A,N/A,1264619520,1264619520,16920576,N/A,135168,45826048,4,discern-proc-so,S (sleeping),learner-victim1.bnsdq.ozxfs.fkiya-owcwb.kvugl,2.6513462251453483,1
1759319013,22346,1,N/A,N/A,N/A,N/A,N/A,N/A,N/A,N/A,1634725888,1567879168,127635456,N/A,135168,196059136,11,dockerd,S (sleeping),learner-victim1.bnsdq.ozxfs.fkiya-owcwb.kvugl,1.9377901824506227,0
1759319013,450,1,103,103,103,103,109,109,109,109,111210496,111210496,107085824,N/A,135168,103481344,1,dbus-daemon,S (sleeping),learner-victim1.bnsdq.ozxfs.fkiya-owcwb.kvugl,0.3998925022872119,0
1759319013,3426,1,N/A,N/A,N/A,N/A,N/A,N/A,N/A,N/A,2476675072,2409566208,117846016,N/A,135168,256344064,15,discern-network,S (sleeping),learner-victim1.bnsdq.ozxfs.fkiya-owcwb.kvugl,2.455837517917976,0
1759319013,220,1,N/A,N/A,N/A,N/A,N/A,N/A,N/A,N/A,99811328,99811328,49541120,4096,135168,28024832,1,systemd-journal,S (sleeping),learner-victim1.bnsdq.ozxfs.fkiya-owcwb.kvugl,0.2725258959800692,0
1759319013,22128,1,N/A,N/A,N/A,N/A,N/A,N/A,N/A,N/A,1444818944,1444818944,47476736,N/A,135168,185815040,10,containerd,S (sleeping),learner-victim1.bnsdq.ozxfs.fkiya-owcwb.kvugl,0.45924217866989764,0
1759319013,376,1,103,103,103,103,109,109,109,109,160100352,160100352,153759744,N/A,135168,152371200,1,dbus-daemon,S (sleeping),learner-victim1.bnsdq.ozxfs.fkiya-owcwb.kvugl,0.2935059907478304,1
1759319013,3358,1,N/A,N/A,N/A,N/A,N/A,N/A,N/A,N/A,1953800192,1922494464,46579712,N/A,135168,174923776,13,discern-network,S (sleeping),learner-victim1.bnsdq.ozxfs.fkiya-owcwb.kvugl,0.5077925636835803,1
1759319013,179,1,N/A,N/A,N/A,N/A,N/A,N/A,N/A,N/A,125046784,125046784,39284736,4096,135168,28057600,1,systemd-journal,S (sleeping),learner-victim1.bnsdq.ozxfs.fkiya-owcwb.kvugl,0.1923365513034636,1
1759319013,55670,1,N/A,N/A,N/A,N/A,N/A,N/A,N/A,N/A,1647706112,1580597248,24514560,N/A,135168,82202624,5,discern-interfa,S (sleeping),learner-victim1.bnsdq.ozxfs.fkiya-owcwb.kvugl,0.00855354506405226,1
1759319013,55415,1,N/A,N/A,N/A,N/A,N/A,N/A,N/A,N/A,1264619520,1264619520,16920576,N/A,135168,45826048,4,discern-proc-so,R (running),learner-victim1.bnsdq.ozxfs.fkiya-owcwb.kvugl,2.6484870932719455,1
1759319018,22346,1,N/A,N/A,N/A,N/A,N/A,N/A,N/A,N/A,1634725888,1567879168,127635456,N/A,135168,196059136,11,dockerd,S (sleeping),learner-victim1.bnsdq.ozxfs.fkiya-owcwb.kvugl,1.9308300242366492,0
1759319018,450,1,103,103,103,103,109,109,109,109,111345664,111345664,107356160,N/A,135168,103616512,1,dbus-daemon,S (sleeping),learner-victim1.bnsdq.ozxfs.fkiya-owcwb.kvugl,0.3994438754664106,0
1759319018,3426,1,N/A,N/A,N/A,N/A,N/A,N/A,N/A,N/A,2476675072,2409566208,117846016,N/A,135168,256344064,15,discern-network,S (sleeping),learner-victim1.bnsdq.ozxfs.fkiya-owcwb.kvugl,2.453219139741821,0
1759319018,220,1,N/A,N/A,N/A,N/A,N/A,N/A,N/A,N/A,99811328,99811328,49565696,4096,135168,28024832,1,systemd-journal,S (sleeping),learner-victim1.bnsdq.ozxfs.fkiya-owcwb.kvugl,0.2723482179771645,0
1759319018,22128,1,N/A,N/A,N/A,N/A,N/A,N/A,N/A,N/A,1444818944,1444818944,47476736,N/A,135168,185815040,10,containerd,S (sleeping),learner-victim1.bnsdq.ozxfs.fkiya-owcwb.kvugl,0.458951186899336,0
1759319018,376,1,103,103,103,103,109,109,109,109,160235520,160235520,154030080,N/A,135168,152506368,1,dbus-daemon,S (sleeping),learner-victim1.bnsdq.ozxfs.fkiya-owcwb.kvugl,0.29363226775599316,1
1759319018,3358,1,N/A,N/A,N/A,N/A,N/A,N/A,N/A,N/A,1953800192,1922494464,46579712,N/A,135168,174923776,13,discern-network,S (sleeping),learner-victim1.bnsdq.ozxfs.fkiya-owcwb.kvugl,0.507624784168773,1
1759319018,179,1,N/A,N/A,N/A,N/A,N/A,N/A,N/A,N/A,125046784,125046784,39284736,4096,135168,28057600,1,systemd-journal,S (sleeping),learner-victim1.bnsdq.ozxfs.fkiya-owcwb.kvugl,0.19233887380680909,1
1759319018,55670,1,N/A,N/A,N/A,N/A,N/A,N/A,N/A,N/A,1647706112,1580597248,24514560,N/A,135168,82202624,5,discern-interfa,S (sleeping),learner-victim1.bnsdq.ozxfs.fkiya-owcwb.kvugl,0.008369120039264821,1
1759319018,55415,1,N/A,N/A,N/A,N/A,N/A,N/A,N/A,N/A,1264619520,1264619520,16920576,N/A,135168,45826048,4,discern-proc-so,R (running),learner-victim1.bnsdq.ozxfs.fkiya-owcwb.kvugl,2.6538154502817592,1
1759319023,22346,1,N/A,N/A,N/A,N/A,N/A,N/A,N/A,N/A,1634725888,1567879168,127635456,N/A,135168,196059136,11,dockerd,S (sleeping),learner-victim1.bnsdq.ozxfs.fkiya-owcwb.kvugl,1.9239168936406024,0
1759319023,450,1,103,103,103,103,109,109,109,109,111480832,111480832,107626496,N/A,135168,103751680,1,dbus-daemon,S (sleeping),learner-victim1.bnsdq.ozxfs.fkiya-owcwb.kvugl,0.39939780561416827,0
1759319023,3426,1,N/A,N/A,N/A,N/A,N/A,N/A,N/A,N/A,2476675072,2409566208,117846016,N/A,135168,256344064,15,discern-network,S (sleeping),learner-victim1.bnsdq.ozxfs.fkiya-owcwb.kvugl,2.4510456961352927,0
1759319023,220,1,N/A,N/A,N/A,N/A,N/A,N/A,N/A,N/A,99811328,99811328,49590272,4096,135168,28024832,1,systemd-journal,S (sleeping),learner-victim1.bnsdq.ozxfs.fkiya-owcwb.kvugl,0.27257184026933257,0
1759319023,22128,1,N/A,N/A,N/A,N/A,N/A,N/A,N/A,N/A,1444818944,1444818944,47476736,N/A,135168,185815040,10,containerd,S (sleeping),learner-victim1.bnsdq.ozxfs.fkiya-owcwb.kvugl,0.4593349131098259,0
1759319024,376,1,103,103,103,103,109,109,109,109,160391168,160391168,154030080,N/A,135168,152662016,1,dbus-daemon,S (sleeping),learner-victim1.bnsdq.ozxfs.fkiya-owcwb.kvugl,0.29375656168660735,1
1759319024,3358,1,N/A,N/A,N/A,N/A,N/A,N/A,N/A,N/A,1953800192,1922494464,46579712,N/A,135168,174923776,13,discern-network,S (sleeping),learner-victim1.bnsdq.ozxfs.fkiya-owcwb.kvugl,0.5077262785505599,1
1759319024,179,1,N/A,N/A,N/A,N/A,N/A,N/A,N/A,N/A,125046784,125046784,39284736,4096,135168,28057600,1,systemd-journal,S (sleeping),learner-victim1.bnsdq.ozxfs.fkiya-owcwb.kvugl,0.19234011315438151,1
1759319024,55670,1,N/A,N/A,N/A,N/A,N/A,N/A,N/A,N/A,1647706112,1580597248,24514560,N/A,135168,82202624,5,discern-interfa,S (sleeping),learner-victim1.bnsdq.ozxfs.fkiya-owcwb.kvugl,0.00819175346257319,1
1759319024,55415,1,N/A,N/A,N/A,N/A,N/A,N/A,N/A,N/A,1264619520,1264619520,16920576,N/A,135168,45826048,4,discern-proc-so,R (running),learner-victim1.bnsdq.ozxfs.fkiya-owcwb.kvugl,2.658711700118249,1
1759319028,22346,1,N/A,N/A,N/A,N/A,N/A,N/A,N/A,N/A,1634725888,1567879168,127647744,N/A,135168,196059136,11,dockerd,S (sleeping),learner-victim1.bnsdq.ozxfs.fkiya-owcwb.kvugl,1.9205101544947785,0
1759319028,47032,46988,N/A,N/A,N/A,N/A,N/A,N/A,N/A,N/A,751443968,751443968,124592128,N/A,135168,477749248,1,python3,R (running),learner-victim1.bnsdq.ozxfs.fkiya-owcwb.kvugl,88.69962414574195,0
1759319028,450,1,103,103,103,103,109,109,109,109,118181888,118181888,107896832,N/A,135168,110452736,1,dbus-daemon,S (sleeping),learner-victim1.bnsdq.ozxfs.fkiya-owcwb.kvugl,0.4001631113562547,0
1759319028,46940,46939,N/A,N/A,N/A,N/A,N/A,N/A,N/A,N/A,1449005056,1382223872,61513728,N/A,135168,177422336,9,docker,S (sleeping),learner-victim1.bnsdq.ozxfs.fkiya-owcwb.kvugl,3.028613240019404,0
1759319028,3426,1,N/A,N/A,N/A,N/A,N/A,N/A,N/A,N/A,2476675072,2409566208,117846016,N/A,135168,256344064,15,discern-network,S (sleeping),learner-victim1.bnsdq.ozxfs.fkiya-owcwb.kvugl,2.449389817335965,0
1759319029,376,1,103,103,103,103,109,109,109,109,160665600,160665600,154300416,N/A,135168,152936448,1,dbus-daemon,S (sleeping),learner-victim1.bnsdq.ozxfs.fkiya-owcwb.kvugl,0.29362375157065307,1
1759319029,3358,1,N/A,N/A,N/A,N/A,N/A,N/A,N/A,N/A,1953800192,1922494464,46579712,N/A,135168,174923776,13,discern-network,S (sleeping),learner-victim1.bnsdq.ozxfs.fkiya-owcwb.kvugl,0.5075587376082681,1
1759319029,179,1,N/A,N/A,N/A,N/A,N/A,N/A,N/A,N/A,125046784,125046784,39284736,4096,135168,28057600,1,systemd-journal,S (sleeping),learner-victim1.bnsdq.ozxfs.fkiya-owcwb.kvugl,0.19234231066913518,1
1759319029,55670,1,N/A,N/A,N/A,N/A,N/A,N/A,N/A,N/A,1647706112,1580597248,24514560,N/A,135168,82202624,5,discern-interfa,S (sleeping),learner-victim1.bnsdq.ozxfs.fkiya-owcwb.kvugl,0.008022371368703608,1
1759319029,55415,1,N/A,N/A,N/A,N/A,N/A,N/A,N/A,N/A,1264619520,1264619520,16920576,N/A,135168,45826048,4,discern-proc-so,R (running),learner-victim1.bnsdq.ozxfs.fkiya-owcwb.kvugl,2.6560429103064522,1
1759319034,47032,46988,N/A,N/A,N/A,N/A,N/A,N/A,N/A,N/A,3262738432,3253653504,849502208,N/A,151552,1312600064,17,python3,R (running),learner-victim1.bnsdq.ozxfs.fkiya-owcwb.kvugl,99.52848385535654,0
1759319034,22346,1,N/A,N/A,N/A,N/A,N/A,N/A,N/A,N/A,1634725888,1567879168,127647744,N/A,135168,196059136,11,dockerd,S (sleeping),learner-victim1.bnsdq.ozxfs.fkiya-owcwb.kvugl,1.91365052854857,0
1759319034,450,1,103,103,103,103,109,109,109,109,118317056,118317056,108167168,N/A,135168,110587904,1,dbus-daemon,S (sleeping),learner-victim1.bnsdq.ozxfs.fkiya-owcwb.kvugl,0.4001117409909959,0
1759319034,46940,46939,N/A,N/A,N/A,N/A,N/A,N/A,N/A,N/A,1449005056,1382223872,61513728,N/A,135168,177422336,9,docker,S (sleeping),learner-victim1.bnsdq.ozxfs.fkiya-owcwb.kvugl,0.8218443804767137,0
1759319034,3426,1,N/A,N/A,N/A,N/A,N/A,N/A,N/A,N/A,2476675072,2409566208,117846016,N/A,135168,256344064,15,discern-network,S (sleeping),learner-victim1.bnsdq.ozxfs.fkiya-owcwb.kvugl,2.4472088640284393,0
1759319034,376,1,103,103,103,103,109,109,109,109,160935936,160935936,154570752,N/A,135168,153206784,1,dbus-daemon,S (sleeping),learner-victim1.bnsdq.ozxfs.fkiya-owcwb.kvugl,0.2940070273753542,1
1759319034,3358,1,N/A,N/A,N/A,N/A,N/A,N/A,N/A,N/A,1953800192,1922494464,46579712,N/A,135168,174923776,13,discern-network,S (sleeping),learner-victim1.bnsdq.ozxfs.fkiya-owcwb.kvugl,0.5076625814140207,1
1759319034,179,1,N/A,N/A,N/A,N/A,N/A,N/A,N/A,N/A,125046784,125046784,39284736,4096,135168,28057600,1,systemd-journal,S (sleeping),learner-victim1.bnsdq.ozxfs.fkiya-owcwb.kvugl,0.1928601231048272,1
1759319034,55670,1,N/A,N/A,N/A,N/A,N/A,N/A,N/A,N/A,1647706112,1580597248,24514560,N/A,135168,82202624,5,discern-interfa,S (sleeping),learner-victim1.bnsdq.ozxfs.fkiya-owcwb.kvugl,0.007859821881330142,1
1759319034,55415,1,N/A,N/A,N/A,N/A,N/A,N/A,N/A,N/A,1264619520,1264619520,16920576,N/A,135168,45826048,4,discern-proc-so,R (running),learner-victim1.bnsdq.ozxfs.fkiya-owcwb.kvugl,2.657178040040662,1
1759319039,47032,46988,N/A,N/A,N/A,N/A,N/A,N/A,N/A,N/A,3266371584,3260469248,900820992,N/A,151552,1353904128,17,python3,S (sleeping),learner-victim1.bnsdq.ozxfs.fkiya-owcwb.kvugl,114.57705907736452,0
1759319039,22346,1,N/A,N/A,N/A,N/A,N/A,N/A,N/A,N/A,1634725888,1567879168,127647744,N/A,135168,196059136,11,dockerd,S (sleeping),learner-victim1.bnsdq.ozxfs.fkiya-owcwb.kvugl,1.9069099928863935,0
1759319039,450,1,103,103,103,103,109,109,109,109,118587392,118587392,108167168,N/A,135168,110858240,1,dbus-daemon,S (sleeping),learner-victim1.bnsdq.ozxfs.fkiya-owcwb.kvugl,0.4000693723704234,0
1759319039,46940,46939,N/A,N/A,N/A,N/A,N/A,N/A,N/A,N/A,1449005056,1382223872,61513728,N/A,135168,177422336,9,docker,S (sleeping),learner-victim1.bnsdq.ozxfs.fkiya-owcwb.kvugl,0.47751732200392777,0
1759319039,3426,1,N/A,N/A,N/A,N/A,N/A,N/A,N/A,N/A,2476675072,2409566208,117846016,N/A,135168,256344064,15,discern-network,S (sleeping),learner-victim1.bnsdq.ozxfs.fkiya-owcwb.kvugl,2.4450964901273786,0
1759319039,376,1,103,103,103,103,109,109,109,109,161071104,161071104,154841088,N/A,135168,153341952,1,dbus-daemon,S (sleeping),learner-victim1.bnsdq.ozxfs.fkiya-owcwb.kvugl,0.2936166767390901,1
1759319039,3358,1,N/A,N/A,N/A,N/A,N/A,N/A,N/A,N/A,1953800192,1922494464,46579712,N/A,135168,174923776,13,discern-network,S (sleeping),learner-victim1.bnsdq.ozxfs.fkiya-owcwb.kvugl,0.5077662579027296,1
1759319039,179,1,N/A,N/A,N/A,N/A,N/A,N/A,N/A,N/A,125046784,125046784,39284736,4096,135168,28057600,1,systemd-journal,S (sleeping),learner-victim1.bnsdq.ozxfs.fkiya-owcwb.kvugl,0.1928616243609942,1
1759319039,55670,1,N/A,N/A,N/A,N/A,N/A,N/A,N/A,N/A,1647706112,1580597248,24514560,N/A,135168,82202624,5,discern-interfa,S (sleeping),learner-victim1.bnsdq.ozxfs.fkiya-owcwb.kvugl,0.007703757637060381,1
1759319039,55415,1,N/A,N/A,N/A,N/A,N/A,N/A,N/A,N/A,1264619520,1264619520,16920576,N/A,135168,45826048,4,discern-proc-so,S (sleeping),learner-victim1.bnsdq.ozxfs.fkiya-owcwb.kvugl,2.6546383079803424,1
1759319044,47032,46988,N/A,N/A,N/A,N/A,N/A,N/A,N/A,N/A,3278610432,3266588672,947855360,N/A,151552,1397334016,17,python3,S (sleeping),learner-victim1.bnsdq.ozxfs.fkiya-owcwb.kvugl,124.22820024540647,0
1759319044,22346,1,N/A,N/A,N/A,N/A,N/A,N/A,N/A,N/A,1634725888,1567879168,127647744,N/A,135168,196059136,11,dockerd,S (sleeping),learner-victim1.bnsdq.ozxfs.fkiya-owcwb.kvugl,1.900233135099793,0
1759319044,450,1,103,103,103,103,109,109,109,109,119017472,119017472,108707840,N/A,135168,111288320,1,dbus-daemon,S (sleeping),learner-victim1.bnsdq.ozxfs.fkiya-owcwb.kvugl,0.4008245383754697,0
1759319044,46940,46939,N/A,N/A,N/A,N/A,N/A,N/A,N/A,N/A,1449005056,1382223872,61513728,N/A,135168,177422336,9,docker,S (sleeping),learner-victim1.bnsdq.ozxfs.fkiya-owcwb.kvugl,0.33677200337013136,0
1759319044,3426,1,N/A,N/A,N/A,N/A,N/A,N/A,N/A,N/A,2476675072,2409566208,117846016,N/A,135168,256344064,15,discern-network,S (sleeping),learner-victim1.bnsdq.ozxfs.fkiya-owcwb.kvugl,2.4443025123258275,0
1759319044,376,1,103,103,103,103,109,109,109,109,161206272,161206272,154841088,N/A,135168,153477120,1,dbus-daemon,S (sleeping),learner-victim1.bnsdq.ozxfs.fkiya-owcwb.kvugl,0.2937415271371355,1
1759319044,3358,1,N/A,N/A,N/A,N/A,N/A,N/A,N/A,N/A,1953800192,1922494464,46579712,N/A,135168,174923776,13,discern-network,S (sleeping),learner-victim1.bnsdq.ozxfs.fkiya-owcwb.kvugl,0.5075988702840398,1
1759319044,179,1,N/A,N/A,N/A,N/A,N/A,N/A,N/A,N/A,125046784,125046784,39284736,4096,135168,28057600,1,systemd-journal,S (sleeping),learner-victim1.bnsdq.ozxfs.fkiya-owcwb.kvugl,0.19286294284670702,1
1759319044,55670,1,N/A,N/A,N/A,N/A,N/A,N/A,N/A,N/A,1647706112,1580597248,24514560,N/A,135168,82202624,5,discern-interfa,S (sleeping),learner-victim1.bnsdq.ozxfs.fkiya-owcwb.kvugl,0.007553665850647324,1
1759319044,55415,1,N/A,N/A,N/A,N/A,N/A,N/A,N/A,N/A,1264619520,1264619520,16920576,N/A,135168,45826048,4,discern-proc-so,S (sleeping),learner-victim1.bnsdq.ozxfs.fkiya-owcwb.kvugl,2.6557319484977704,1
1759319049,376,1,103,103,103,103,109,109,109,109,161476608,161476608,155111424,N/A,135168,153747456,1,dbus-daemon,S (sleeping),learner-victim1.bnsdq.ozxfs.fkiya-owcwb.kvugl,0.2936079815367972,1
1759319049,3358,1,N/A,N/A,N/A,N/A,N/A,N/A,N/A,N/A,1953800192,1922494464,46579712,N/A,135168,174923776,13,discern-network,S (sleeping),learner-victim1.bnsdq.ozxfs.fkiya-owcwb.kvugl,0.50796960412731,1
1759319049,179,1,N/A,N/A,N/A,N/A,N/A,N/A,N/A,N/A,125046784,125046784,39284736,4096,135168,28057600,1,systemd-journal,S (sleeping),learner-victim1.bnsdq.ozxfs.fkiya-owcwb.kvugl,0.19286347658209457,1
1759319049,55670,1,N/A,N/A,N/A,N/A,N/A,N/A,N/A,N/A,1647706112,1580597248,24514560,N/A,135168,82202624,5,discern-interfa,S (sleeping),learner-victim1.bnsdq.ozxfs.fkiya-owcwb.kvugl,0.007408881270756839,1
1759319049,55415,1,N/A,N/A,N/A,N/A,N/A,N/A,N/A,N/A,1264619520,1264619520,16920576,N/A,135168,45826048,4,discern-proc-so,S (sleeping),learner-victim1.bnsdq.ozxfs.fkiya-owcwb.kvugl,2.663658944414816,1
1759319050,47032,46988,N/A,N/A,N/A,N/A,N/A,N/A,N/A,N/A,3290406912,3272486912,1004851200,N/A,151552,1448194048,17,python3,S (sleeping),learner-victim1.bnsdq.ozxfs.fkiya-owcwb.kvugl,131.19000981768687,0
1759319050,22346,1,N/A,N/A,N/A,N/A,N/A,N/A,N/A,N/A,1634725888,1567879168,127647744,N/A,135168,196059136,11,dockerd,S (sleeping),learner-victim1.bnsdq.ozxfs.fkiya-owcwb.kvugl,1.8936125455252608,0
1759319050,450,1,103,103,103,103,109,109,109,109,119152640,119152640,108978176,N/A,135168,111423488,1,dbus-daemon,S (sleeping),learner-victim1.bnsdq.ozxfs.fkiya-owcwb.kvugl,0.4003873131497925,0
1759319050,46940,46939,N/A,N/A,N/A,N/A,N/A,N/A,N/A,N/A,1449005056,1382223872,61513728,N/A,135168,177422336,9,docker,S (sleeping),learner-victim1.bnsdq.ozxfs.fkiya-owcwb.kvugl,0.2601905651423286,0
1759319050,3426,1,N/A,N/A,N/A,N/A,N/A,N/A,N/A,N/A,2476675072,2409566208,117846016,N/A,135168,256344064,15,discern-network,S (sleeping),learner-victim1.bnsdq.ozxfs.fkiya-owcwb.kvugl,2.4426585138158923,0
1759319055,47032,46988,N/A,N/A,N/A,N/A,N/A,N/A,N/A,N/A,3301908480,3278237696,1057087488,N/A,151552,1492627456,17,python3,S (sleeping),learner-victim1.bnsdq.ozxfs.fkiya-owcwb.kvugl,137.59574903991657,0
1759319055,22346,1,N/A,N/A,N/A,N/A,N/A,N/A,N/A,N/A,1634725888,1567879168,127647744,N/A,135168,196059136,11,dockerd,S (sleeping),learner-victim1.bnsdq.ozxfs.fkiya-owcwb.kvugl,1.8870362811393142,0
1759319055,450,1,103,103,103,103,109,109,109,109,119287808,119287808,108978176,N/A,135168,111558656,1,dbus-daemon,S (sleeping),learner-victim1.bnsdq.ozxfs.fkiya-owcwb.kvugl,0.4003476726289042,0
1759319055,46940,46939,N/A,N/A,N/A,N/A,N/A,N/A,N/A,N/A,1449005056,1382223872,61513728,N/A,135168,177422336,9,docker,S (sleeping),learner-victim1.bnsdq.ozxfs.fkiya-owcwb.kvugl,0.21197400954307627,0
1759319055,3426,1,N/A,N/A,N/A,N/A,N/A,N/A,N/A,N/A,2476675072,2409566208,117846016,N/A,135168,256344064,15,discern-network,S (sleeping),learner-victim1.bnsdq.ozxfs.fkiya-owcwb.kvugl,2.439731260028769,0
1759319055,376,1,103,103,103,103,109,109,109,109,161611776,161611776,155381760,N/A,135168,153882624,1,dbus-daemon,S (sleeping),learner-victim1.bnsdq.ozxfs.fkiya-owcwb.kvugl,0.29347626864935084,1
1759319055,3358,1,N/A,N/A,N/A,N/A,N/A,N/A,N/A,N/A,1953800192,1922494464,46579712,N/A,135168,174923776,13,discern-network,S (sleeping),learner-victim1.bnsdq.ozxfs.fkiya-owcwb.kvugl,0.5078029364564477,1
1759319055,179,1,N/A,N/A,N/A,N/A,N/A,N/A,N/A,N/A,125046784,125046784,39284736,4096,135168,28057600,1,systemd-journal,S (sleeping),learner-victim1.bnsdq.ozxfs.fkiya-owcwb.kvugl,0.1926085142044905,1
1759319055,55670,1,N/A,N/A,N/A,N/A,N/A,N/A,N/A,N/A,1647706112,1580597248,24514560,N/A,135168,82202624,5,discern-interfa,S (sleeping),learner-victim1.bnsdq.ozxfs.fkiya-owcwb.kvugl,0.0072700614375594795,1
1759319055,55415,1,N/A,N/A,N/A,N/A,N/A,N/A,N/A,N/A,1264619520,1264619520,16920576,N/A,135168,45826048,4,discern-proc-so,S (sleeping),learner-victim1.bnsdq.ozxfs.fkiya-owcwb.kvugl,2.6611427361048827,1
1759319060,47032,46988,N/A,N/A,N/A,N/A,N/A,N/A,N/A,N/A,3312820224,3283693568,1081155584,N/A,151552,1525989376,17,python3,S (sleeping),learner-victim1.bnsdq.ozxfs.fkiya-owcwb.kvugl,142.94432444069872,0
1759319060,22346,1,N/A,N/A,N/A,N/A,N/A,N/A,N/A,N/A,1634725888,1567879168,127647744,N/A,135168,196059136,11,dockerd,S (sleeping),learner-victim1.bnsdq.ozxfs.fkiya-owcwb.kvugl,1.8805472517786976,0
1759319060,450,1,103,103,103,103,109,109,109,109,119558144,119558144,109248512,N/A,135168,111828992,1,dbus-daemon,S (sleeping),learner-victim1.bnsdq.ozxfs.fkiya-owcwb.kvugl,0.39991836767405947,0
1759319060,46940,46939,N/A,N/A,N/A,N/A,N/A,N/A,N/A,N/A,1449005056,1382223872,61513728,N/A,135168,177422336,9,docker,S (sleeping),learner-victim1.bnsdq.ozxfs.fkiya-owcwb.kvugl,0.17901596492083852,0
1759319060,3426,1,N/A,N/A,N/A,N/A,N/A,N/A,N/A,N/A,2476675072,2409566208,117846016,N/A,135168,256344064,15,discern-network,S (sleeping),learner-victim1.bnsdq.ozxfs.fkiya-owcwb.kvugl,2.437710302711508,0
1759319060,376,1,103,103,103,103,109,109,109,109,161746944,161746944,155381760,N/A,135168,154017792,1,dbus-daemon,S (sleeping),learner-victim1.bnsdq.ozxfs.fkiya-owcwb.kvugl,0.29359971252785694,1
1759319060,3358,1,N/A,N/A,N/A,N/A,N/A,N/A,N/A,N/A,1953800192,1922494464,46579712,N/A,135168,174923776,13,discern-network,S (sleeping),learner-victim1.bnsdq.ozxfs.fkiya-owcwb.kvugl,0.5076342047872259,1
1759319060,179,1,N/A,N/A,N/A,N/A,N/A,N/A,N/A,N/A,125046784,125046784,39284736,4096,135168,28057600,1,systemd-journal,S (sleeping),learner-victim1.bnsdq.ozxfs.fkiya-owcwb.kvugl,0.19260944348419418,1
1759319060,55670,1,N/A,N/A,N/A,N/A,N/A,N/A,N/A,N/A,1647706112,1580597248,24514560,N/A,135168,82202624,5,discern-interfa,S (sleeping),learner-victim1.bnsdq.ozxfs.fkiya-owcwb.kvugl,0.007135877254936044,1
1759319060,55415,1,N/A,N/A,N/A,N/A,N/A,N/A,N/A,N/A,1264619520,1264619520,16920576,N/A,135168,45826048,4,discern-proc-so,S (sleeping),learner-victim1.bnsdq.ozxfs.fkiya-owcwb.kvugl,2.6687071014229207,1
1759319065,47032,46988,N/A,N/A,N/A,N/A,N/A,N/A,N/A,N/A,3428384768,3294167040,1147232256,N/A,151552,1571659776,17,python3,S (sleeping),learner-victim1.bnsdq.ozxfs.fkiya-owcwb.kvugl,147.67761507302313,0
1759319065,22346,1,N/A,N/A,N/A,N/A,N/A,N/A,N/A,N/A,1634725888,1567879168,127647744,N/A,135168,196059136,11,dockerd,S (sleeping),learner-victim1.bnsdq.ozxfs.fkiya-owcwb.kvugl,1.8740570140728483,0
1759319065,450,1,103,103,103,103,109,109,109,109,119693312,119693312,109518848,N/A,135168,111964160,1,dbus-daemon,S (sleeping),learner-victim1.bnsdq.ozxfs.fkiya-owcwb.kvugl,0.39987933137249004,0
1759319065,46940,46939,N/A,N/A,N/A,N/A,N/A,N/A,N/A,N/A,1449005056,1382223872,61513728,N/A,135168,177422336,9,docker,S (sleeping),learner-victim1.bnsdq.ozxfs.fkiya-owcwb.kvugl,0.1547784007508834,0
1759319065,3426,1,N/A,N/A,N/A,N/A,N/A,N/A,N/A,N/A,2476675072,2409566208,117846016,N/A,135168,256344064,15,discern-network,S (sleeping),learner-victim1.bnsdq.ozxfs.fkiya-owcwb.kvugl,2.4356594633660715,0
1759319065,376,1,103,103,103,103,109,109,109,109,161882112,161882112,155652096,N/A,135168,154152960,1,dbus-daemon,S (sleeping),learner-victim1.bnsdq.ozxfs.fkiya-owcwb.kvugl,0.29346814005722166,1
1759319065,3358,1,N/A,N/A,N/A,N/A,N/A,N/A,N/A,N/A,1953800192,1922494464,46579712,N/A,135168,174923776,13,discern-network,S (sleeping),learner-victim1.bnsdq.ozxfs.fkiya-owcwb.kvugl,0.5077368475179839,1
1759319065,179,1,N/A,N/A,N/A,N/A,N/A,N/A,N/A,N/A,125046784,125046784,39284736,4096,135168,28057600,1,systemd-journal,S (sleeping),learner-victim1.bnsdq.ozxfs.fkiya-owcwb.kvugl,0.1926111354543046,1
1759319065,55670,1,N/A,N/A,N/A,N/A,N/A,N/A,N/A,N/A,1647706112,1580597248,24514560,N/A,135168,82202624,5,discern-interfa,S (sleeping),learner-victim1.bnsdq.ozxfs.fkiya-owcwb.kvugl,0.00700693782367675,1
1759319065,55415,1,N/A,N/A,N/A,N/A,N/A,N/A,N/A,N/A,1264619520,1264619520,16920576,N/A,135168,45826048,4,discern-proc-so,S (sleeping),learner-victim1.bnsdq.ozxfs.fkiya-owcwb.kvugl,2.6661651218236115,1
1759319070,376,1,103,103,103,103,109,109,109,109,162152448,162152448,155922432,N/A,135168,154423296,1,dbus-daemon,S (sleeping),learner-victim1.bnsdq.ozxfs.fkiya-owcwb.kvugl,0.29333574407753693,1
1759319070,3358,1,N/A,N/A,N/A,N/A,N/A,N/A,N/A,N/A,1953800192,1922494464,46579712,N/A,135168,174923776,13,discern-network,S (sleeping),learner-victim1.bnsdq.ozxfs.fkiya-owcwb.kvugl,0.5075686650553678,1
1759319070,179,1,N/A,N/A,N/A,N/A,N/A,N/A,N/A,N/A,125046784,125046784,39284736,4096,135168,28057600,1,systemd-journal,S (sleeping),learner-victim1.bnsdq.ozxfs.fkiya-owcwb.kvugl,0.19261205564614542,1
1759319070,55670,1,N/A,N/A,N/A,N/A,N/A,N/A,N/A,N/A,1647706112,1580597248,24514560,N/A,135168,82202624,5,discern-interfa,S (sleeping),learner-victim1.bnsdq.ozxfs.fkiya-owcwb.kvugl,0.006882205740570234,1
1759319070,55415,1,N/A,N/A,N/A,N/A,N/A,N/A,N/A,N/A,1264619520,1264619520,16920576,N/A,135168,45826048,4,discern-proc-so,R (running),learner-victim1.bnsdq.ozxfs.fkiya-owcwb.kvugl,2.673389048186185,1
1759319071,47032,46988,N/A,N/A,N/A,N/A,N/A,N/A,N/A,N/A,3441901568,3307683840,1170579456,N/A,151552,1589018624,17,python3,S (sleeping),learner-victim1.bnsdq.ozxfs.fkiya-owcwb.kvugl,151.59859593468028,0
1759319071,22346,1,N/A,N/A,N/A,N/A,N/A,N/A,N/A,N/A,1634725888,1567879168,127647744,N/A,135168,196059136,11,dockerd,S (sleeping),learner-victim1.bnsdq.ozxfs.fkiya-owcwb.kvugl,1.867617441925558,0
1759319071,450,1,103,103,103,103,109,109,109,109,119963648,119963648,109789184,N/A,135168,112234496,1,dbus-daemon,S (sleeping),learner-victim1.bnsdq.ozxfs.fkiya-owcwb.kvugl,0.39984123017238593,0
1759319071,46940,46939,N/A,N/A,N/A,N/A,N/A,N/A,N/A,N/A,1449005056,1382223872,61513728,N/A,135168,177422336,9,docker,S (sleeping),learner-victim1.bnsdq.ozxfs.fkiya-owcwb.kvugl,0.13633656824700885,0
1759319071,3426,1,N/A,N/A,N/A,N/A,N/A,N/A,N/A,N/A,2476675072,2409566208,117846016,N/A,135168,256344064,15,discern-network,S (sleeping),learner-victim1.bnsdq.ozxfs.fkiya-owcwb.kvugl,2.4336228840400937,0
1759319075,376,1,103,103,103,103,109,109,109,109,162287616,162287616,155922432,N/A,135168,154558464,1,dbus-daemon,S (sleeping),learner-victim1.bnsdq.ozxfs.fkiya-owcwb.kvugl,0.2934602431280559,1
1759319075,3358,1,N/A,N/A,N/A,N/A,N/A,N/A,N/A,N/A,1953800192,1922494464,46579712,N/A,135168,174923776,13,discern-network,S (sleeping),learner-victim1.bnsdq.ozxfs.fkiya-owcwb.kvugl,0.5074034257566958,1
1759319075,179,1,N/A,N/A,N/A,N/A,N/A,N/A,N/A,N/A,125046784,125046784,39284736,4096,135168,28057600,1,systemd-journal,S (sleeping),learner-victim1.bnsdq.ozxfs.fkiya-owcwb.kvugl,0.19235875032520505,1
1759319075,55670,1,N/A,N/A,N/A,N/A,N/A,N/A,N/A,N/A,1647706112,1580597248,24514560,N/A,135168,82202624,5,discern-interfa,S (sleeping),learner-victim1.bnsdq.ozxfs.fkiya-owcwb.kvugl,0.0067622535697576995,1
1759319075,55415,1,N/A,N/A,N/A,N/A,N/A,N/A,N/A,N/A,1264619520,1264619520,16920576,N/A,135168,45826048,4,discern-proc-so,R (running),learner-victim1.bnsdq.ozxfs.fkiya-owcwb.kvugl,2.6708757686626274,1
1759319076,47032,46988,N/A,N/A,N/A,N/A,N/A,N/A,N/A,N/A,3452469248,3284762624,1197109248,N/A,151552,1579806720,17,python3,S (sleeping),learner-victim1.bnsdq.ozxfs.fkiya-owcwb.kvugl,155.00972273441835,0
1759319076,22346,1,N/A,N/A,N/A,N/A,N/A,N/A,N/A,N/A,1634725888,1567879168,127647744,N/A,135168,196059136,11,dockerd,S (sleeping),learner-victim1.bnsdq.ozxfs.fkiya-owcwb.kvugl,1.8618712600416407,0
1759319076,450,1,103,103,103,103,109,109,109,109,120098816,120098816,110059520,N/A,135168,112369664,1,dbus-daemon,S (sleeping),learner-victim1.bnsdq.ozxfs.fkiya-owcwb.kvugl,0.3998027964770017,0
1759319076,46940,46939,N/A,N/A,N/A,N/A,N/A,N/A,N/A,N/A,1449005056,1382223872,61513728,N/A,135168,177422336,9,docker,S (sleeping),learner-victim1.bnsdq.ozxfs.fkiya-owcwb.kvugl,0.12181392105116062,0
1759319076,3426,1,N/A,N/A,N/A,N/A,N/A,N/A,N/A,N/A,2476675072,2409566208,117846016,N/A,135168,256344064,15,discern-network,S (sleeping),learner-victim1.bnsdq.ozxfs.fkiya-owcwb.kvugl,2.4311663732971014,0
1759319080,376,1,103,103,103,103,109,109,109,109,162557952,162557952,156192768,N/A,135168,154828800,1,dbus-daemon,S (sleeping),learner-victim1.bnsdq.ozxfs.fkiya-owcwb.kvugl,0.29358425787110076,1
1759319080,3358,1,N/A,N/A,N/A,N/A,N/A,N/A,N/A,N/A,1953800192,1922494464,46579712,N/A,135168,174923776,13,discern-network,S (sleeping),learner-victim1.bnsdq.ozxfs.fkiya-owcwb.kvugl,0.5080413725082327,1
1759319080,179,1,N/A,N/A,N/A,N/A,N/A,N/A,N/A,N/A,125046784,125046784,39284736,4096,135168,28057600,1,systemd-journal,S (sleeping),learner-victim1.bnsdq.ozxfs.fkiya-owcwb.kvugl,0.19287035455519588,1
1759319080,55670,1,N/A,N/A,N/A,N/A,N/A,N/A,N/A,N/A,1647706112,1580597248,24514560,N/A,135168,82202624,5,discern-interfa,S (sleeping),learner-victim1.bnsdq.ozxfs.fkiya-owcwb.kvugl,0.00664636417931537,1
1759319080,55415,1,N/A,N/A,N/A,N/A,N/A,N/A,N/A,N/A,1264619520,1264619520,16920576,N/A,135168,45826048,4,discern-proc-so,S (sleeping),learner-victim1.bnsdq.ozxfs.fkiya-owcwb.kvugl,2.6684265790179937,1
1759319081,47032,46988,N/A,N/A,N/A,N/A,N/A,N/A,N/A,N/A,3543797760,3347116032,1234657280,N/A,151552,1642696704,17,python3,S (sleeping),learner-victim1.bnsdq.ozxfs.fkiya-owcwb.kvugl,158.06373140575604,0
1759319081,22346,1,N/A,N/A,N/A,N/A,N/A,N/A,N/A,N/A,1634725888,1567879168,127647744,N/A,135168,196059136,11,dockerd,S (sleeping),learner-victim1.bnsdq.ozxfs.fkiya-owcwb.kvugl,1.8555493334993056,0
1759319081,450,1,103,103,103,103,109,109,109,109,120504320,120504320,110329856,N/A,135168,112775168,1,dbus-daemon,S (sleeping),learner-victim1.bnsdq.ozxfs.fkiya-owcwb.kvugl,0.4001611104025948,0
1759319081,46940,46939,N/A,N/A,N/A,N/A,N/A,N/A,N/A,N/A,1449005056,1382223872,61513728,N/A,135168,177422336,9,docker,S (sleeping),learner-victim1.bnsdq.ozxfs.fkiya-owcwb.kvugl,0.11014745178761937,0
1759319081,3426,1,N/A,N/A,N/A,N/A,N/A,N/A,N/A,N/A,2476675072,2409566208,117846016,N/A,135168,256344064,15,discern-network,S (sleeping),learner-victim1.bnsdq.ozxfs.fkiya-owcwb.kvugl,2.4296013196009905,0
1759319086,47032,46988,N/A,N/A,N/A,N/A,N/A,N/A,N/A,N/A,3543797760,3370426368,1264381952,N/A,151552,1667182592,17,python3,S (sleeping),learner-victim1.bnsdq.ozxfs.fkiya-owcwb.kvugl,160.97944329329022,0
1759319086,22346,1,N/A,N/A,N/A,N/A,N/A,N/A,N/A,N/A,1634725888,1567879168,127647744,N/A,135168,196059136,11,dockerd,S (sleeping),learner-victim1.bnsdq.ozxfs.fkiya-owcwb.kvugl,1.8492384007395397,0
1759319086,450,1,103,103,103,103,109,109,109,109,120639488,120639488,110600192,N/A,135168,112910336,1,dbus-daemon,S (sleeping),learner-victim1.bnsdq.ozxfs.fkiya-owcwb.kvugl,0.40012267191358697,0
1759319086,46940,46939,N/A,N/A,N/A,N/A,N/A,N/A,N/A,N/A,1449005056,1382223872,61513728,N/A,135168,177422336,9,docker,S (sleeping),learner-victim1.bnsdq.ozxfs.fkiya-owcwb.kvugl,0.10047551815709926,0
1759319086,3426,1,N/A,N/A,N/A,N/A,N/A,N/A,N/A,N/A,2476675072,2409566208,117846016,N/A,135168,256344064,15,discern-network,S (sleeping),learner-victim1.bnsdq.ozxfs.fkiya-owcwb.kvugl,2.4280157402694122,0
1759319086,376,1,103,103,103,103,109,109,109,109,162693120,162693120,156463104,N/A,135168,154963968,1,dbus-daemon,S (sleeping),learner-victim1.bnsdq.ozxfs.fkiya-owcwb.kvugl,0.2934533155869658,1
1759319086,3358,1,N/A,N/A,N/A,N/A,N/A,N/A,N/A,N/A,1953800192,1922494464,46579712,N/A,135168,174923776,13,discern-network,S (sleeping),learner-victim1.bnsdq.ozxfs.fkiya-owcwb.kvugl,0.5078754367994199,1
1759319086,179,1,N/A,N/A,N/A,N/A,N/A,N/A,N/A,N/A,125046784,125046784,39284736,4096,135168,28057600,1,systemd-journal,S (sleeping),learner-victim1.bnsdq.ozxfs.fkiya-owcwb.kvugl,0.19261719420107612,1
1759319086,55670,1,N/A,N/A,N/A,N/A,N/A,N/A,N/A,N/A,1647706112,1580597248,24514560,N/A,135168,82202624,5,discern-interfa,S (sleeping),learner-victim1.bnsdq.ozxfs.fkiya-owcwb.kvugl,0.006534346303547455,1
1759319086,55415,1,N/A,N/A,N/A,N/A,N/A,N/A,N/A,N/A,1264619520,1264619520,16920576,N/A,135168,45826048,4,discern-proc-so,S (sleeping),learner-victim1.bnsdq.ozxfs.fkiya-owcwb.kvugl,2.6722721088176558,1
1759319091,47032,46988,N/A,N/A,N/A,N/A,N/A,N/A,N/A,N/A,3543797760,3377037312,1276362752,N/A,151552,1673793536,17,python3,S (sleeping),learner-victim1.bnsdq.ozxfs.fkiya-owcwb.kvugl,163.71671800370817,0
1759319091,22346,1,N/A,N/A,N/A,N/A,N/A,N/A,N/A,N/A,1634725888,1567879168,127647744,N/A,135168,196059136,11,dockerd,S (sleeping),learner-victim1.bnsdq.ozxfs.fkiya-owcwb.kvugl,1.842986159136601,0
1759319091,450,1,103,103,103,103,109,109,109,109,120909824,120909824,110870528,N/A,135168,113180672,1,dbus-daemon,S (sleeping),learner-victim1.bnsdq.ozxfs.fkiya-owcwb.kvugl,0.40008647945601655,0
1759319091,46940,46939,N/A,N/A,N/A,N/A,N/A,N/A,N/A,N/A,1449005056,1382223872,61513728,N/A,135168,177422336,9,docker,S (sleeping),learner-victim1.bnsdq.ozxfs.fkiya-owcwb.kvugl,0.09238410124070685,0
1759319091,3426,1,N/A,N/A,N/A,N/A,N/A,N/A,N/A,N/A,2476675072,2409566208,117846016,N/A,135168,256344064,15,discern-network,S (sleeping),learner-victim1.bnsdq.ozxfs.fkiya-owcwb.kvugl,2.4256049381319698,0
1759319091,376,1,103,103,103,103,109,109,109,109,162963456,162963456,156733440,N/A,135168,155234304,1,dbus-daemon,S (sleeping),learner-victim1.bnsdq.ozxfs.fkiya-owcwb.kvugl,0.29357734633331145,1
1759319091,3358,1,N/A,N/A,N/A,N/A,N/A,N/A,N/A,N/A,1953800192,1922494464,46579712,N/A,135168,174923776,13,discern-network,S (sleeping),learner-victim1.bnsdq.ozxfs.fkiya-owcwb.kvugl,0.5077107753984663,1
1759319091,179,1,N/A,N/A,N/A,N/A,N/A,N/A,N/A,N/A,125046784,125046784,39284736,4096,135168,28057600,1,systemd-journal,S (sleeping),learner-victim1.bnsdq.ozxfs.fkiya-owcwb.kvugl,0.19261910593668455,1
1759319091,55670,1,N/A,N/A,N/A,N/A,N/A,N/A,N/A,N/A,1647706112,1580597248,24514560,N/A,135168,82202624,5,discern-interfa,S (sleeping),learner-victim1.bnsdq.ozxfs.fkiya-owcwb.kvugl,0.006426165593733238,1
1759319091,55415,1,N/A,N/A,N/A,N/A,N/A,N/A,N/A,N/A,1264619520,1264619520,16920576,N/A,135168,45826048,4,discern-proc-so,R (running),learner-victim1.bnsdq.ozxfs.fkiya-owcwb.kvugl,2.666849133211869,1
1759319096,376,1,103,103,103,103,109,109,109,109,163098624,163098624,156733440,N/A,135168,155369472,1,dbus-daemon,S (sleeping),learner-victim1.bnsdq.ozxfs.fkiya-owcwb.kvugl,0.2934455922792585,1
1759319096,3358,1,N/A,N/A,N/A,N/A,N/A,N/A,N/A,N/A,1953800192,1922494464,46579712,N/A,135168,174923776,13,discern-network,S (sleeping),learner-victim1.bnsdq.ozxfs.fkiya-owcwb.kvugl,0.5078102040386554,1
1759319096,179,1,N/A,N/A,N/A,N/A,N/A,N/A,N/A,N/A,125046784,125046784,39284736,4096,135168,28057600,1,systemd-journal,S (sleeping),learner-victim1.bnsdq.ozxfs.fkiya-owcwb.kvugl,0.1926199569139527,1
1759319096,55670,1,N/A,N/A,N/A,N/A,N/A,N/A,N/A,N/A,1647706112,1580597248,24514560,N/A,135168,82202624,5,discern-interfa,S (sleeping),learner-victim1.bnsdq.ozxfs.fkiya-owcwb.kvugl,0.006321077243952023,1
1759319096,55415,1,N/A,N/A,N/A,N/A,N/A,N/A,N/A,N/A,1264619520,1264619520,16920576,N/A,135168,45826048,4,discern-proc-so,S (sleeping),learner-victim1.bnsdq.ozxfs.fkiya-owcwb.kvugl,2.6734913458805334,1
1759319097,47032,46988,N/A,N/A,N/A,N/A,N/A,N/A,N/A,N/A,3543797760,3382562816,1286901760,N/A,151552,1679343616,17,python3,S (sleeping),learner-victim1.bnsdq.ozxfs.fkiya-owcwb.kvugl,166.45756659524878,0
1759319097,22346,1,N/A,N/A,N/A,N/A,N/A,N/A,N/A,N/A,1634725888,1567879168,127647744,N/A,135168,196059136,11,dockerd,S (sleeping),learner-victim1.bnsdq.ozxfs.fkiya-owcwb.kvugl,1.8381134744366237,0
1759319097,450,1,103,103,103,103,109,109,109,109,121073664,121073664,110870528,N/A,135168,113344512,1,dbus-daemon,S (sleeping),learner-victim1.bnsdq.ozxfs.fkiya-owcwb.kvugl,0.4000568747990081,0
1759319097,46940,46939,N/A,N/A,N/A,N/A,N/A,N/A,N/A,N/A,1449005056,1382223872,61513728,N/A,135168,177422336,9,docker,S (sleeping),learner-victim1.bnsdq.ozxfs.fkiya-owcwb.kvugl,0.0855491681850364,0
1759319097,3426,1,N/A,N/A,N/A,N/A,N/A,N/A,N/A,N/A,2476675072,2409566208,117846016,N/A,135168,256344064,15,discern-network,R (running),learner-victim1.bnsdq.ozxfs.fkiya-owcwb.kvugl,2.423669165149099,0
1759319101,376,1,103,103,103,103,109,109,109,109,163233792,163233792,157003776,N/A,135168,155504640,1,dbus-daemon,S (sleeping),learner-victim1.bnsdq.ozxfs.fkiya-owcwb.kvugl,0.2933158598425442,1
1759319101,3358,1,N/A,N/A,N/A,N/A,N/A,N/A,N/A,N/A,1953800192,1922494464,46579712,N/A,135168,174923776,13,discern-network,S (sleeping),learner-victim1.bnsdq.ozxfs.fkiya-owcwb.kvugl,0.5076462041400758,1
1759319101,179,1,N/A,N/A,N/A,N/A,N/A,N/A,N/A,N/A,125046784,125046784,39284736,4096,135168,28057600,1,systemd-journal,S (sleeping),learner-victim1.bnsdq.ozxfs.fkiya-owcwb.kvugl,0.19262190423419961,1
1759319101,55670,1,N/A,N/A,N/A,N/A,N/A,N/A,N/A,N/A,1647706112,1580597248,24514560,N/A,135168,82202624,5,discern-interfa,S (sleeping),learner-victim1.bnsdq.ozxfs.fkiya-owcwb.kvugl,0.00621980562671489,1
1759319101,55415,1,N/A,N/A,N/A,N/A,N/A,N/A,N/A,N/A,1264619520,1264619520,16920576,N/A,135168,45826048,4,discern-proc-so,R (running),learner-victim1.bnsdq.ozxfs.fkiya-owcwb.kvugl,2.6711945035274063,1
1759319102,47032,46988,N/A,N/A,N/A,N/A,N/A,N/A,N/A,N/A,3543797760,3408355328,1317142528,N/A,151552,1705140224,17,python3,S (sleeping),learner-victim1.bnsdq.ozxfs.fkiya-owcwb.kvugl,169.04734317913963,0
1759319102,22346,1,N/A,N/A,N/A,N/A,N/A,N/A,N/A,N/A,1634725888,1567879168,127647744,N/A,135168,196059136,11,dockerd,S (sleeping),learner-victim1.bnsdq.ozxfs.fkiya-owcwb.kvugl,1.8319068538017311,0
1759319102,450,1,103,103,103,103,109,109,109,109,121208832,121208832,111140864,N/A,135168,113479680,1,dbus-daemon,S (sleeping),learner-victim1.bnsdq.ozxfs.fkiya-owcwb.kvugl,0.3996277696907597,0
1759319102,46940,46939,N/A,N/A,N/A,N/A,N/A,N/A,N/A,N/A,1449005056,1382223872,61513728,N/A,135168,177422336,9,docker,S (sleeping),learner-victim1.bnsdq.ozxfs.fkiya-owcwb.kvugl,0.07958197699273059,0
1759319102,3426,1,N/A,N/A,N/A,N/A,N/A,N/A,N/A,N/A,2476675072,2409566208,117846016,N/A,135168,256344064,15,discern-network,S (sleeping),learner-victim1.bnsdq.ozxfs.fkiya-owcwb.kvugl,2.421249173863746,0
1759319106,376,1,103,103,103,103,109,109,109,109,163368960,163368960,157274112,N/A,135168,155639808,1,dbus-daemon,S (sleeping),learner-victim1.bnsdq.ozxfs.fkiya-owcwb.kvugl,0.29343791468123637,1
1759319106,3358,1,N/A,N/A,N/A,N/A,N/A,N/A,N/A,N/A,1953800192,1922494464,46579712,N/A,135168,174923776,13,discern-network,S (sleeping),learner-victim1.bnsdq.ozxfs.fkiya-owcwb.kvugl,0.507745339704449,1
1759319106,179,1,N/A,N/A,N/A,N/A,N/A,N/A,N/A,N/A,125046784,125046784,39284736,4096,135168,28057600,1,systemd-journal,S (sleeping),learner-victim1.bnsdq.ozxfs.fkiya-owcwb.kvugl,0.19262270876984702,1
1759319106,55670,1,N/A,N/A,N/A,N/A,N/A,N/A,N/A,N/A,1647706112,1580597248,24514560,N/A,135168,82202624,5,discern-interfa,S (sleeping),learner-victim1.bnsdq.ozxfs.fkiya-owcwb.kvugl,0.006121290820162952,1
1759319106,55415,1,N/A,N/A,N/A,N/A,N/A,N/A,N/A,N/A,1264619520,1264619520,16920576,N/A,135168,45826048,4,discern-proc-so,S (sleeping),learner-victim1.bnsdq.ozxfs.fkiya-owcwb.kvugl,2.677563696920394,1
1759319107,47032,46988,N/A,N/A,N/A,N/A,N/A,N/A,N/A,N/A,3625213952,3425804288,1339342848,N/A,151552,1722589184,17,python3,S (sleeping),learner-victim1.bnsdq.ozxfs.fkiya-owcwb.kvugl,171.4407823292437,0
1759319107,22346,1,N/A,N/A,N/A,N/A,N/A,N/A,N/A,N/A,1634725888,1567879168,127647744,N/A,135168,196059136,11,dockerd,S (sleeping),learner-victim1.bnsdq.ozxfs.fkiya-owcwb.kvugl,1.8257804300092586,0
1759319107,450,1,103,103,103,103,109,109,109,109,121479168,121479168,111411200,N/A,135168,113750016,1,dbus-daemon,S (sleeping),learner-victim1.bnsdq.ozxfs.fkiya-owcwb.kvugl,0.399205538127496,0
1759319107,46940,46939,N/A,N/A,N/A,N/A,N/A,N/A,N/A,N/A,1449005056,1382223872,61513728,N/A,135168,177422336,9,docker,S (sleeping),learner-victim1.bnsdq.ozxfs.fkiya-owcwb.kvugl,0.0744235132060914,0
1759319107,3426,1,N/A,N/A,N/A,N/A,N/A,N/A,N/A,N/A,2476675072,2409566208,117846016,N/A,135168,256344064,15,discern-network,S (sleeping),learner-victim1.bnsdq.ozxfs.fkiya-owcwb.kvugl,2.4197142829074796,0
1759319111,376,1,103,103,103,103,109,109,109,109,163639296,163639296,157274112,N/A,135168,155910144,1,dbus-daemon,S (sleeping),learner-victim1.bnsdq.ozxfs.fkiya-owcwb.kvugl,0.29356133401415546,1
1759319111,3358,1,N/A,N/A,N/A,N/A,N/A,N/A,N/A,N/A,1953800192,1922494464,46579712,N/A,135168,174923776,13,discern-network,S (sleeping),learner-victim1.bnsdq.ozxfs.fkiya-owcwb.kvugl,0.5078472601281697,1
1759319111,179,1,N/A,N/A,N/A,N/A,N/A,N/A,N/A,N/A,125046784,125046784,39284736,4096,135168,28057600,1,systemd-journal,S (sleeping),learner-victim1.bnsdq.ozxfs.fkiya-owcwb.kvugl,0.19237182682532972,1
1759319111,55670,1,N/A,N/A,N/A,N/A,N/A,N/A,N/A,N/A,1647706112,1580597248,24514560,N/A,135168,82202624,5,discern-interfa,S (sleeping),learner-victim1.bnsdq.ozxfs.fkiya-owcwb.kvugl,0.006026259823655238,1
1759319111,55415,1,N/A,N/A,N/A,N/A,N/A,N/A,N/A,N/A,1264619520,1264619520,16920576,N/A,135168,45826048,4,discern-proc-so,R (running),learner-victim1.bnsdq.ozxfs.fkiya-owcwb.kvugl,2.675269752295816,1
1759319112,47032,46988,N/A,N/A,N/A,N/A,N/A,N/A,N/A,N/A,3625213952,3350376448,1339555840,N/A,151552,1647161344,17,python3,S (sleeping),learner-victim1.bnsdq.ozxfs.fkiya-owcwb.kvugl,168.74502056146972,0
1759319112,22346,1,N/A,N/A,N/A,N/A,N/A,N/A,N/A,N/A,1634725888,1567879168,127647744,N/A,135168,196059136,11,dockerd,S (sleeping),learner-victim1.bnsdq.ozxfs.fkiya-owcwb.kvugl,1.8196480526543233,0
1759319112,450,1,103,103,103,103,109,109,109,109,121614336,121614336,111681536,N/A,135168,113885184,1,dbus-daemon,S (sleeping),learner-victim1.bnsdq.ozxfs.fkiya-owcwb.kvugl,0.39916593486562396,0
1759319112,46940,46939,N/A,N/A,N/A,N/A,N/A,N/A,N/A,N/A,1449005056,1382223872,61513728,N/A,135168,177422336,9,docker,S (sleeping),learner-victim1.bnsdq.ozxfs.fkiya-owcwb.kvugl,0.08150352402839645,0
1759319112,3426,1,N/A,N/A,N/A,N/A,N/A,N/A,N/A,N/A,2476675072,2409566208,117846016,N/A,135168,256344064,15,discern-network,S (sleeping),learner-victim1.bnsdq.ozxfs.fkiya-owcwb.kvugl,2.418564263222557,0
1759319117,376,1,103,103,103,103,109,109,109,109,163774464,163774464,157544448,N/A,135168,156045312,1,dbus-daemon,S (sleeping),learner-victim1.bnsdq.ozxfs.fkiya-owcwb.kvugl,0.2934303371839347,1
1759319117,3358,1,N/A,N/A,N/A,N/A,N/A,N/A,N/A,N/A,1953800192,1922494464,46579712,N/A,135168,174923776,13,discern-network,S (sleeping),learner-victim1.bnsdq.ozxfs.fkiya-owcwb.kvugl,0.5079460446600056,1
1759319117,179,1,N/A,N/A,N/A,N/A,N/A,N/A,N/A,N/A,125046784,125046784,39284736,4096,135168,28057600,1,systemd-journal,S (sleeping),learner-victim1.bnsdq.ozxfs.fkiya-owcwb.kvugl,0.19237302615329557,1
1759319117,55670,1,N/A,N/A,N/A,N/A,N/A,N/A,N/A,N/A,1647706112,1580597248,24514560,N/A,135168,82202624,5,discern-interfa,S (sleeping),learner-victim1.bnsdq.ozxfs.fkiya-owcwb.kvugl,0.005933753702603251,1
1759319117,55415,1,N/A,N/A,N/A,N/A,N/A,N/A,N/A,N/A,1264619520,1264619520,16920576,N/A,135168,45826048,4,discern-proc-so,R (running),learner-victim1.bnsdq.ozxfs.fkiya-owcwb.kvugl,2.6785596236750706,1
1759319118,47032,46988,N/A,N/A,N/A,N/A,N/A,N/A,N/A,N/A,3625213952,3350376448,1339555840,N/A,151552,1647161344,17,python3,S (sleeping),learner-victim1.bnsdq.ozxfs.fkiya-owcwb.kvugl,166.80244521612144,0
1759319118,22346,1,N/A,N/A,N/A,N/A,N/A,N/A,N/A,N/A,1634725888,1567879168,127647744,N/A,135168,196059136,11,dockerd,S (sleeping),learner-victim1.bnsdq.ozxfs.fkiya-owcwb.kvugl,1.8135741100462974,0
1759319118,450,1,103,103,103,103,109,109,109,109,122019840,122019840,111951872,N/A,135168,114290688,1,dbus-daemon,S (sleeping),learner-victim1.bnsdq.ozxfs.fkiya-owcwb.kvugl,0.3995151991724631,0
1759319118,46940,46939,N/A,N/A,N/A,N/A,N/A,N/A,N/A,N/A,1449005056,1382223872,61513728,N/A,135168,177422336,9,docker,S (sleeping),learner-victim1.bnsdq.ozxfs.fkiya-owcwb.kvugl,0.07680748838763542,0
1759319118,3426,1,N/A,N/A,N/A,N/A,N/A,N/A,N/A,N/A,2476675072,2409566208,117846016,N/A,135168,256344064,15,discern-network,S (sleeping),learner-victim1.bnsdq.ozxfs.fkiya-owcwb.kvugl,2.4165978108680615,0
1759319122,376,1,103,103,103,103,109,109,109,109,163909632,163909632,157544448,N/A,135168,156180480,1,dbus-daemon,S (sleeping),learner-victim1.bnsdq.ozxfs.fkiya-owcwb.kvugl,0.29330094241279253,1
1759319122,3358,1,N/A,N/A,N/A,N/A,N/A,N/A,N/A,N/A,1953800192,1922494464,46579712,N/A,135168,174923776,13,discern-network,S (sleeping),learner-victim1.bnsdq.ozxfs.fkiya-owcwb.kvugl,0.5077821079759948,1
1759319122,179,1,N/A,N/A,N/A,N/A,N/A,N/A,N/A,N/A,125046784,125046784,39284736,4096,135168,28057600,1,systemd-journal,S (sleeping),learner-victim1.bnsdq.ozxfs.fkiya-owcwb.kvugl,0.19237505113565775,1
1759319122,55670,1,N/A,N/A,N/A,N/A,N/A,N/A,N/A,N/A,1647706112,1580597248,24514560,N/A,135168,82202624,5,discern-interfa,S (sleeping),learner-victim1.bnsdq.ozxfs.fkiya-owcwb.kvugl,0.005844349793937866,1
1759319122,55415,1,N/A,N/A,N/A,N/A,N/A,N/A,N/A,N/A,1264619520,1264619520,16920576,N/A,135168,45826048,4,discern-proc-so,S (sleeping),learner-victim1.bnsdq.ozxfs.fkiya-owcwb.kvugl,2.6790891429470407,1
1759319123,47032,46988,N/A,N/A,N/A,N/A,N/A,N/A,N/A,N/A,3625213952,3333365760,1339555840,N/A,151552,1566314496,17,python3,S (sleeping),learner-victim1.bnsdq.ozxfs.fkiya-owcwb.kvugl,165.60012329922614,0
1759319123,22346,1,N/A,N/A,N/A,N/A,N/A,N/A,N/A,N/A,1634725888,1567879168,127647744,N/A,135168,196059136,11,dockerd,S (sleeping),learner-victim1.bnsdq.ozxfs.fkiya-owcwb.kvugl,1.8075420066091867,0
1759319123,450,1,103,103,103,103,109,109,109,109,122155008,122155008,112222208,N/A,135168,114425856,1,dbus-daemon,S (sleeping),learner-victim1.bnsdq.ozxfs.fkiya-owcwb.kvugl,0.3990919976263976,0
1759319123,46940,46939,N/A,N/A,N/A,N/A,N/A,N/A,N/A,N/A,1449005056,1382223872,61513728,N/A,135168,177422336,9,docker,S (sleeping),learner-victim1.bnsdq.ozxfs.fkiya-owcwb.kvugl,0.07262379483581252,0
1759319123,3426,1,N/A,N/A,N/A,N/A,N/A,N/A,N/A,N/A,2476675072,2409566208,117846016,N/A,135168,256344064,15,discern-network,S (sleeping),learner-victim1.bnsdq.ozxfs.fkiya-owcwb.kvugl,2.415058339460798,0
1759319127,376,1,103,103,103,103,109,109,109,109,164347904,164347904,158085120,N/A,135168,156618752,1,dbus-daemon,S (sleeping),learner-victim1.bnsdq.ozxfs.fkiya-owcwb.kvugl,0.29367582857804625,1
1759319127,3358,1,N/A,N/A,N/A,N/A,N/A,N/A,N/A,N/A,1953800192,1922494464,46579712,N/A,135168,174923776,13,discern-network,S (sleeping),learner-victim1.bnsdq.ozxfs.fkiya-owcwb.kvugl,0.5076190027090107,1
1759319127,179,1,N/A,N/A,N/A,N/A,N/A,N/A,N/A,N/A,133390336,133390336,39284736,4096,135168,28057600,1,systemd-journal,S (sleeping),learner-victim1.bnsdq.ozxfs.fkiya-owcwb.kvugl,0.19262901103297084,1
1759319127,55670,1,N/A,N/A,N/A,N/A,N/A,N/A,N/A,N/A,1647706112,1580597248,24514560,N/A,135168,82202624,5,discern-interfa,S (sleeping),learner-victim1.bnsdq.ozxfs.fkiya-owcwb.kvugl,0.0057576405643130135,1
1759319127,55415,1,N/A,N/A,N/A,N/A,N/A,N/A,N/A,N/A,1264619520,1264619520,16920576,N/A,135168,45826048,4,discern-proc-so,R (running),learner-victim1.bnsdq.ozxfs.fkiya-owcwb.kvugl,2.6768618917912987,1
1759319128,47032,46988,N/A,N/A,N/A,N/A,N/A,N/A,N/A,N/A,3625213952,3271712768,1339555840,N/A,151552,1568497664,17,python3,S (sleeping),learner-victim1.bnsdq.ozxfs.fkiya-owcwb.kvugl,164.9052344727962,0
1759319128,22346,1,N/A,N/A,N/A,N/A,N/A,N/A,N/A,N/A,1634725888,1567879168,127647744,N/A,135168,196059136,11,dockerd,S (sleeping),learner-victim1.bnsdq.ozxfs.fkiya-owcwb.kvugl,1.8015253747432154,0
1759319128,450,1,103,103,103,103,109,109,109,109,122425344,122425344,112492544,N/A,135168,114696192,1,dbus-daemon,S (sleeping),learner-victim1.bnsdq.ozxfs.fkiya-owcwb.kvugl,0.399436922930934,0
1759319128,46940,46939,N/A,N/A,N/A,N/A,N/A,N/A,N/A,N/A,1449005056,1382223872,61513728,N/A,135168,177422336,9,docker,S (sleeping),learner-victim1.bnsdq.ozxfs.fkiya-owcwb.kvugl,0.0688581619769253,0
1759319128,3426,1,N/A,N/A,N/A,N/A,N/A,N/A,N/A,N/A,2476675072,2409566208,117846016,N/A,135168,256344064,15,discern-network,S (sleeping),learner-victim1.bnsdq.ozxfs.fkiya-owcwb.kvugl,2.413087965236608,0
1759319132,376,1,103,103,103,103,109,109,109,109,164347904,164347904,158085120,N/A,135168,156618752,1,dbus-daemon,S (sleeping),learner-victim1.bnsdq.ozxfs.fkiya-owcwb.kvugl,0.2935464090254533,1
1759319132,3358,1,N/A,N/A,N/A,N/A,N/A,N/A,N/A,N/A,1953800192,1922494464,46579712,N/A,135168,174923776,13,discern-network,S (sleeping),learner-victim1.bnsdq.ozxfs.fkiya-owcwb.kvugl,0.5077199026530512,1
1759319132,179,1,N/A,N/A,N/A,N/A,N/A,N/A,N/A,N/A,133390336,133390336,39284736,4096,135168,28057600,1,systemd-journal,S (sleeping),learner-victim1.bnsdq.ozxfs.fkiya-owcwb.kvugl,0.192379193350226,1
1759319132,55670,1,N/A,N/A,N/A,N/A,N/A,N/A,N/A,N/A,1647706112,1580597248,24514560,N/A,135168,82202624,5,discern-interfa,S (sleeping),learner-victim1.bnsdq.ozxfs.fkiya-owcwb.kvugl,0.00567341110516939,1
1759319132,55415,1,N/A,N/A,N/A,N/A,N/A,N/A,N/A,N/A,1264619520,1264619520,16920576,N/A,135168,45826048,4,discern-proc-so,S (sleeping),learner-victim1.bnsdq.ozxfs.fkiya-owcwb.kvugl,2.6746718728607326,1
1759319133,47032,46988,N/A,N/A,N/A,N/A,N/A,N/A,N/A,N/A,3625213952,3302531072,1339555840,N/A,151552,1599315968,17,python3,S (sleeping),learner-victim1.bnsdq.ozxfs.fkiya-owcwb.kvugl,164.7860302516096,0
1759319133,22346,1,N/A,N/A,N/A,N/A,N/A,N/A,N/A,N/A,1634725888,1567879168,127647744,N/A,135168,196059136,11,dockerd,S (sleeping),learner-victim1.bnsdq.ozxfs.fkiya-owcwb.kvugl,1.795614911472369,0
1759319133,450,1,103,103,103,103,109,109,109,109,122560512,122560512,112492544,N/A,135168,114831360,1,dbus-daemon,S (sleeping),learner-victim1.bnsdq.ozxfs.fkiya-owcwb.kvugl,0.3994053684568766,0
1759319133,46940,46939,N/A,N/A,N/A,N/A,N/A,N/A,N/A,N/A,1449005056,1382223872,61513728,N/A,135168,177422336,9,docker,S (sleeping),learner-victim1.bnsdq.ozxfs.fkiya-owcwb.kvugl,0.0654995449961822,0
1759319133,3426,1,N/A,N/A,N/A,N/A,N/A,N/A,N/A,N/A,2476675072,2409566208,117846016,N/A,135168,256344064,15,discern-network,S (sleeping),learner-victim1.bnsdq.ozxfs.fkiya-owcwb.kvugl,2.4116005390584814,0
1759319137,376,1,103,103,103,103,109,109,109,109,164618240,164618240,158355456,N/A,135168,156889088,1,dbus-daemon,S (sleeping),learner-victim1.bnsdq.ozxfs.fkiya-owcwb.kvugl,0.293669015120342,1
1759319137,3358,1,N/A,N/A,N/A,N/A,N/A,N/A,N/A,N/A,1953800192,1922494464,46579712,N/A,135168,174923776,13,discern-network,S (sleeping),learner-victim1.bnsdq.ozxfs.fkiya-owcwb.kvugl,0.5078213956474171,1
1759319137,179,1,N/A,N/A,N/A,N/A,N/A,N/A,N/A,N/A,133390336,133390336,39284736,4096,135168,28057600,1,systemd-journal,S (sleeping),learner-victim1.bnsdq.ozxfs.fkiya-owcwb.kvugl,0.1923814857560245,1
1759319137,55670,1,N/A,N/A,N/A,N/A,N/A,N/A,N/A,N/A,1647706112,1580597248,24514560,N/A,135168,82202624,5,discern-interfa,S (sleeping),learner-victim1.bnsdq.ozxfs.fkiya-owcwb.kvugl,0.005591711377979569,1
1759319137,55415,1,N/A,N/A,N/A,N/A,N/A,N/A,N/A,N/A,1264619520,1264619520,16920576,N/A,135168,45826048,4,discern-proc-so,S (sleeping),learner-victim1.bnsdq.ozxfs.fkiya-owcwb.kvugl,2.6699052515043404,1
1759319139,47032,46988,N/A,N/A,N/A,N/A,N/A,N/A,N/A,N/A,3625213952,3343081472,1339555840,N/A,151552,1639866368,17,python3,S (sleeping),learner-victim1.bnsdq.ozxfs.fkiya-owcwb.kvugl,164.85218947118366,0
1759319139,22346,1,N/A,N/A,N/A,N/A,N/A,N/A,N/A,N/A,1634725888,1567879168,127647744,N/A,135168,196059136,11,dockerd,S (sleeping),learner-victim1.bnsdq.ozxfs.fkiya-owcwb.kvugl,1.789718014929469,0
1759319139,450,1,103,103,103,103,109,109,109,109,122830848,122830848,112762880,N/A,135168,115101696,1,dbus-daemon,S (sleeping),learner-victim1.bnsdq.ozxfs.fkiya-owcwb.kvugl,0.3989872409409126,0
1759319139,46940,46939,N/A,N/A,N/A,N/A,N/A,N/A,N/A,N/A,1449005056,1382223872,61513728,N/A,135168,177422336,9,docker,S (sleeping),learner-victim1.bnsdq.ozxfs.fkiya-owcwb.kvugl,0.0624408391898005,0
1759319139,3426,1,N/A,N/A,N/A,N/A,N/A,N/A,N/A,N/A,2476675072,2409566208,117846016,N/A,135168,256344064,15,discern-network,S (sleeping),learner-victim1.bnsdq.ozxfs.fkiya-owcwb.kvugl,2.4092675530268575,0
1759319142,376,1,103,103,103,103,109,109,109,109,164753408,164753408,158625792,N/A,135168,157024256,1,dbus-daemon,S (sleeping),learner-victim1.bnsdq.ozxfs.fkiya-owcwb.kvugl,0.2935383563701853,1
1759319142,3358,1,N/A,N/A,N/A,N/A,N/A,N/A,N/A,N/A,1953800192,1922494464,46579712,N/A,135168,174923776,13,discern-network,S (sleeping),learner-victim1.bnsdq.ozxfs.fkiya-owcwb.kvugl,0.5076555641765199,1
1759319142,179,1,N/A,N/A,N/A,N/A,N/A,N/A,N/A,N/A,133390336,133390336,39284736,4096,135168,28057600,1,systemd-journal,S (sleeping),learner-victim1.bnsdq.ozxfs.fkiya-owcwb.kvugl,0.19238242088700927,1
1759319142,55670,1,N/A,N/A,N/A,N/A,N/A,N/A,N/A,N/A,1647706112,1580597248,24514560,N/A,135168,82202624,5,discern-interfa,S (sleeping),learner-victim1.bnsdq.ozxfs.fkiya-owcwb.kvugl,0.005511904667332157,1
1759319142,55415,1,N/A,N/A,N/A,N/A,N/A,N/A,N/A,N/A,1264619520,1264619520,16920576,N/A,135168,45826048,4,discern-proc-so,R (running),learner-victim1.bnsdq.ozxfs.fkiya-owcwb.kvugl,2.678303712953859,1
1759319144,47032,46988,N/A,N/A,N/A,N/A,N/A,N/A,N/A,N/A,3625213952,3265335296,1339555840,N/A,151552,1562128384,17,python3,S (sleeping),learner-victim1.bnsdq.ozxfs.fkiya-owcwb.kvugl,165.0802896081301,0
1759319144,22346,1,N/A,N/A,N/A,N/A,N/A,N/A,N/A,N/A,1634725888,1567879168,127647744,N/A,135168,196059136,11,dockerd,S (sleeping),learner-victim1.bnsdq.ozxfs.fkiya-owcwb.kvugl,1.7838771949137553,0
1759319144,450,1,103,103,103,103,109,109,109,109,122966016,122966016,113033216,N/A,135168,115236864,1,dbus-daemon,S (sleeping),learner-victim1.bnsdq.ozxfs.fkiya-owcwb.kvugl,0.399338156755652,0
1759319144,46940,46939,N/A,N/A,N/A,N/A,N/A,N/A,N/A,N/A,1449005056,1382223872,61513728,N/A,135168,177422336,9,docker,S (sleeping),learner-victim1.bnsdq.ozxfs.fkiya-owcwb.kvugl,0.059662718848172314,0
1759319144,3426,1,N/A,N/A,N/A,N/A,N/A,N/A,N/A,N/A,2476675072,2409566208,117846016,N/A,135168,256344064,15,discern-network,S (sleeping),learner-victim1.bnsdq.ozxfs.fkiya-owcwb.kvugl,2.4073734787465004,0
1759319148,376,1,103,103,103,103,109,109,109,109,164888576,164888576,158625792,N/A,135168,157159424,1,dbus-daemon,S (sleeping),learner-victim1.bnsdq.ozxfs.fkiya-owcwb.kvugl,0.2934101450914216,1
1759319148,3358,1,N/A,N/A,N/A,N/A,N/A,N/A,N/A,N/A,1953800192,1922494464,46579712,N/A,135168,174923776,13,discern-network,S (sleeping),learner-victim1.bnsdq.ozxfs.fkiya-owcwb.kvugl,0.507494018020691,1
1759319148,179,1,N/A,N/A,N/A,N/A,N/A,N/A,N/A,N/A,133390336,133390336,39284736,4096,135168,28057600,1,systemd-journal,S (sleeping),learner-victim1.bnsdq.ozxfs.fkiya-owcwb.kvugl,0.19238474007042994,1
1759319148,55670,1,N/A,N/A,N/A,N/A,N/A,N/A,N/A,N/A,1647706112,1580597248,24514560,N/A,135168,82202624,5,discern-interfa,S (sleeping),learner-victim1.bnsdq.ozxfs.fkiya-owcwb.kvugl,0.0054347719861089,1
1759319148,55415,1,N/A,N/A,N/A,N/A,N/A,N/A,N/A,N/A,1264619520,1264619520,16920576,N/A,135168,45826048,4,discern-proc-so,R (running),learner-victim1.bnsdq.ozxfs.fkiya-owcwb.kvugl,2.6736234042755367,1
1759319149,47032,46988,N/A,N/A,N/A,N/A,N/A,N/A,N/A,N/A,3625213952,3280728064,1339555840,N/A,151552,1577521152,17,python3,S (sleeping),learner-victim1.bnsdq.ozxfs.fkiya-owcwb.kvugl,165.5079874018709,0
1759319149,22346,1,N/A,N/A,N/A,N/A,N/A,N/A,N/A,N/A,1634725888,1567879168,127647744,N/A,135168,196059136,11,dockerd,S (sleeping),learner-victim1.bnsdq.ozxfs.fkiya-owcwb.kvugl,1.7780450100345468,0
1759319149,450,1,103,103,103,103,109,109,109,109,123252736,123252736,113303552,N/A,135168,115523584,1,dbus-daemon,S (sleeping),learner-victim1.bnsdq.ozxfs.fkiya-owcwb.kvugl,0.39892021560357377,0
1759319149,46940,46939,N/A,N/A,N/A,N/A,N/A,N/A,N/A,N/A,1449005056,1382223872,61513728,N/A,135168,177422336,9,docker,S (sleeping),learner-victim1.bnsdq.ozxfs.fkiya-owcwb.kvugl,0.057109493421089993,0
1759319149,3426,1,N/A,N/A,N/A,N/A,N/A,N/A,N/A,N/A,2476675072,2409566208,117846016,N/A,135168,256344064,15,discern-network,S (sleeping),learner-victim1.bnsdq.ozxfs.fkiya-owcwb.kvugl,2.405462543469165,0
1759319153,376,1,103,103,103,103,109,109,109,109,165158912,165158912,158896128,N/A,135168,157429760,1,dbus-daemon,S (sleeping),learner-victim1.bnsdq.ozxfs.fkiya-owcwb.kvugl,0.29328044789620367,1
1759319153,3358,1,N/A,N/A,N/A,N/A,N/A,N/A,N/A,N/A,1953800192,1922494464,46579712,N/A,135168,174923776,13,discern-network,S (sleeping),learner-victim1.bnsdq.ozxfs.fkiya-owcwb.kvugl,0.5075922030746507,1
1759319153,179,1,N/A,N/A,N/A,N/A,N/A,N/A,N/A,N/A,133390336,133390336,39284736,4096,135168,28057600,1,systemd-journal,S (sleeping),learner-victim1.bnsdq.ozxfs.fkiya-owcwb.kvugl,0.19238586195220228,1
1759319153,55670,1,N/A,N/A,N/A,N/A,N/A,N/A,N/A,N/A,1647706112,1580597248,24514560,N/A,135168,82202624,5,discern-interfa,S (sleeping),learner-victim1.bnsdq.ozxfs.fkiya-owcwb.kvugl,0.005359411289456008,1
1759319153,55415,1,N/A,N/A,N/A,N/A,N/A,N/A,N/A,N/A,1264619520,1264619520,16920576,N/A,135168,45826048,4,discern-proc-so,S (sleeping),learner-victim1.bnsdq.ozxfs.fkiya-owcwb.kvugl,2.6766249108063134,1
1759319154,47032,46988,N/A,N/A,N/A,N/A,N/A,N/A,N/A,N/A,3625213952,3333226496,1339555840,N/A,151552,1630019584,17,python3,S (sleeping),learner-victim1.bnsdq.ozxfs.fkiya-owcwb.kvugl,166.1667728540546,0
1759319154,22346,1,N/A,N/A,N/A,N/A,N/A,N/A,N/A,N/A,1634725888,1567879168,127647744,N/A,135168,196059136,11,dockerd,S (sleeping),learner-victim1.bnsdq.ozxfs.fkiya-owcwb.kvugl,1.77228923803836,0
1759319154,450,1,103,103,103,103,109,109,109,109,123387904,123387904,113303552,N/A,135168,115658752,1,dbus-daemon,S (sleeping),learner-victim1.bnsdq.ozxfs.fkiya-owcwb.kvugl,0.39889019328081143,0
1759319154,46940,46939,N/A,N/A,N/A,N/A,N/A,N/A,N/A,N/A,1449005056,1382223872,61513728,N/A,135168,177422336,9,docker,S (sleeping),learner-victim1.bnsdq.ozxfs.fkiya-owcwb.kvugl,0.06260632020604438,0
1759319154,3426,1,N/A,N/A,N/A,N/A,N/A,N/A,N/A,N/A,2476675072,2409566208,117846016,N/A,135168,256344064,15,discern-network,S (sleeping),learner-victim1.bnsdq.ozxfs.fkiya-owcwb.kvugl,2.4040058915607316,0
1759319158,376,1,103,103,103,103,109,109,109,109,165294080,165294080,158896128,N/A,135168,157564928,1,dbus-daemon,S (sleeping),learner-victim1.bnsdq.ozxfs.fkiya-owcwb.kvugl,0.2934024206555602,1
1759319158,3358,1,N/A,N/A,N/A,N/A,N/A,N/A,N/A,N/A,1953800192,1922494464,46579712,N/A,135168,174923776,13,discern-network,S (sleeping),learner-victim1.bnsdq.ozxfs.fkiya-owcwb.kvugl,0.5076926873608313,1
1759319158,179,1,N/A,N/A,N/A,N/A,N/A,N/A,N/A,N/A,133390336,133390336,39284736,4096,135168,28057600,1,systemd-journal,S (sleeping),learner-victim1.bnsdq.ozxfs.fkiya-owcwb.kvugl,0.1921380515143921,1
1759319158,55670,1,N/A,N/A,N/A,N/A,N/A,N/A,N/A,N/A,1647706112,1580597248,24514560,N/A,135168,82202624,5,discern-interfa,S (sleeping),learner-victim1.bnsdq.ozxfs.fkiya-owcwb.kvugl,0.005286380598345286,1
1759319158,55415,1,N/A,N/A,N/A,N/A,N/A,N/A,N/A,N/A,1264619520,1264619520,16920576,N/A,135168,45826048,4,discern-proc-so,R (running),learner-victim1.bnsdq.ozxfs.fkiya-owcwb.kvugl,2.6745935905739016,1
1759319160,47032,46988,N/A,N/A,N/A,N/A,N/A,N/A,N/A,N/A,3625213952,3346550784,1339555840,N/A,151552,1643343872,17,python3,S (sleeping),learner-victim1.bnsdq.ozxfs.fkiya-owcwb.kvugl,166.90101725461273,0
1759319160,22346,1,N/A,N/A,N/A,N/A,N/A,N/A,N/A,N/A,1634725888,1567879168,127647744,N/A,135168,196059136,11,dockerd,S (sleeping),learner-victim1.bnsdq.ozxfs.fkiya-owcwb.kvugl,1.7665235425354096,0
1759319160,450,1,103,103,103,103,109,109,109,109,123523072,123523072,113573888,N/A,135168,115793920,1,dbus-daemon,S (sleeping),learner-victim1.bnsdq.ozxfs.fkiya-owcwb.kvugl,0.39885375265064626,0
1759319160,46940,46939,N/A,N/A,N/A,N/A,N/A,N/A,N/A,N/A,1449005056,1382223872,61513728,N/A,135168,177422336,9,docker,S (sleeping),learner-victim1.bnsdq.ozxfs.fkiya-owcwb.kvugl,0.0676504364171044,0
1759319160,3426,1,N/A,N/A,N/A,N/A,N/A,N/A,N/A,N/A,2476675072,2409566208,117846016,N/A,135168,256344064,15,discern-network,S (sleeping),learner-victim1.bnsdq.ozxfs.fkiya-owcwb.kvugl,2.402923981032433,0
1759319163,376,1,103,103,103,103,109,109,109,109,165429248,165429248,159166464,N/A,135168,157700096,1,dbus-daemon,S (sleeping),learner-victim1.bnsdq.ozxfs.fkiya-owcwb.kvugl,0.29327321554605507,1
1759319163,3358,1,N/A,N/A,N/A,N/A,N/A,N/A,N/A,N/A,1953800192,1922494464,46579712,N/A,135168,174923776,13,discern-network,S (sleeping),learner-victim1.bnsdq.ozxfs.fkiya-owcwb.kvugl,0.5077906071974012,1
1759319163,179,1,N/A,N/A,N/A,N/A,N/A,N/A,N/A,N/A,133390336,133390336,39284736,4096,135168,28057600,1,systemd-journal,S (sleeping),learner-victim1.bnsdq.ozxfs.fkiya-owcwb.kvugl,0.19238911679297097,1
1759319163,55670,1,N/A,N/A,N/A,N/A,N/A,N/A,N/A,N/A,1647706112,1580597248,24514560,N/A,135168,82202624,5,discern-interfa,S (sleeping),learner-victim1.bnsdq.ozxfs.fkiya-owcwb.kvugl,0.005215078995505693,1
1759319163,55415,1,N/A,N/A,N/A,N/A,N/A,N/A,N/A,N/A,1264619520,1264619520,16920576,N/A,135168,45826048,4,discern-proc-so,R (running),learner-victim1.bnsdq.ozxfs.fkiya-owcwb.kvugl,2.680026606722275,1
1759319165,47032,46988,N/A,N/A,N/A,N/A,N/A,N/A,N/A,N/A,3625213952,3429175296,1339555840,N/A,151552,1725968384,17,python3,S (sleeping),learner-victim1.bnsdq.ozxfs.fkiya-owcwb.kvugl,167.79420754999524,0
1759319165,22346,1,N/A,N/A,N/A,N/A,N/A,N/A,N/A,N/A,1634725888,1567879168,127647744,N/A,135168,196059136,11,dockerd,S (sleeping),learner-victim1.bnsdq.ozxfs.fkiya-owcwb.kvugl,1.7607920976572513,0
1759319165,450,1,103,103,103,103,109,109,109,109,123928576,123928576,114114560,N/A,135168,116199424,1,dbus-daemon,S (sleeping),learner-victim1.bnsdq.ozxfs.fkiya-owcwb.kvugl,0.3991964910366708,0
1759319165,46940,46939,N/A,N/A,N/A,N/A,N/A,N/A,N/A,N/A,1449005056,1382223872,65429504,N/A,135168,177422336,9,docker,S (sleeping),learner-victim1.bnsdq.ozxfs.fkiya-owcwb.kvugl,0.06507881186223333,0
1759319165,3426,1,N/A,N/A,N/A,N/A,N/A,N/A,N/A,N/A,2476675072,2409566208,117846016,N/A,135168,256344064,15,discern-network,S (sleeping),learner-victim1.bnsdq.ozxfs.fkiya-owcwb.kvugl,2.401433692291033,0
1759319168,376,1,103,103,103,103,109,109,109,109,165564416,165564416,159436800,N/A,135168,157835264,1,dbus-daemon,S (sleeping),learner-victim1.bnsdq.ozxfs.fkiya-owcwb.kvugl,0.2931439815296343,1
1759319168,3358,1,N/A,N/A,N/A,N/A,N/A,N/A,N/A,N/A,1953800192,1922494464,46579712,N/A,135168,174923776,13,discern-network,S (sleeping),learner-victim1.bnsdq.ozxfs.fkiya-owcwb.kvugl,0.5078876017574018,1
1759319168,179,1,N/A,N/A,N/A,N/A,N/A,N/A,N/A,N/A,133390336,133390336,39284736,4096,135168,28057600,1,systemd-journal,S (sleeping),learner-victim1.bnsdq.ozxfs.fkiya-owcwb.kvugl,0.19214087638990843,1
1759319168,55670,1,N/A,N/A,N/A,N/A,N/A,N/A,N/A,N/A,1647706112,1580597248,24514560,N/A,135168,82202624,5,discern-interfa,S (sleeping),learner-victim1.bnsdq.ozxfs.fkiya-owcwb.kvugl,0.005145609225292376,1
1759319168,55415,1,N/A,N/A,N/A,N/A,N/A,N/A,N/A,N/A,1264619520,1264619520,16920576,N/A,135168,45826048,4,discern-proc-so,S (sleeping),learner-victim1.bnsdq.ozxfs.fkiya-owcwb.kvugl,2.677855747016898,1
1759319170,47032,46988,N/A,N/A,N/A,N/A,N/A,N/A,N/A,N/A,3625213952,3380903936,1339555840,N/A,151552,1677697024,17,python3,S (sleeping),learner-victim1.bnsdq.ozxfs.fkiya-owcwb.kvugl,168.7954392194886,0
1759319170,22346,1,N/A,N/A,N/A,N/A,N/A,N/A,N/A,N/A,1634725888,1567879168,127647744,N/A,135168,196059136,11,dockerd,S (sleeping),learner-victim1.bnsdq.ozxfs.fkiya-owcwb.kvugl,1.7551479509509618,0
1759319170,450,1,103,103,103,103,109,109,109,109,124198912,124198912,114114560,N/A,135168,116469760,1,dbus-daemon,S (sleeping),learner-victim1.bnsdq.ozxfs.fkiya-owcwb.kvugl,0.39916620048477025,0
1759319170,46940,46939,N/A,N/A,N/A,N/A,N/A,N/A,N/A,N/A,1449005056,1382223872,65429504,N/A,135168,177422336,9,docker,S (sleeping),learner-victim1.bnsdq.ozxfs.fkiya-owcwb.kvugl,0.06271590854975759,0
1759319170,3426,1,N/A,N/A,N/A,N/A,N/A,N/A,N/A,N/A,2476675072,2409566208,117846016,N/A,135168,256344064,15,discern-network,S (sleeping),learner-victim1.bnsdq.ozxfs.fkiya-owcwb.kvugl,2.3995862625639592,0
1759319173,376,1,103,103,103,103,109,109,109,109,165969920,165969920,159707136,N/A,135168,158240768,1,dbus-daemon,S (sleeping),learner-victim1.bnsdq.ozxfs.fkiya-owcwb.kvugl,0.2935144478296336,1
1759319173,3358,1,N/A,N/A,N/A,N/A,N/A,N/A,N/A,N/A,1953800192,1922494464,46579712,N/A,135168,174923776,13,discern-network,S (sleeping),learner-victim1.bnsdq.ozxfs.fkiya-owcwb.kvugl,0.5077258230654471,1
1759319173,179,1,N/A,N/A,N/A,N/A,N/A,N/A,N/A,N/A,133390336,133390336,39284736,4096,135168,28057600,1,systemd-journal,S (sleeping),learner-victim1.bnsdq.ozxfs.fkiya-owcwb.kvugl,0.1921431244154824,1
1759319173,55670,1,N/A,N/A,N/A,N/A,N/A,N/A,N/A,N/A,1647706112,1580597248,24514560,N/A,135168,82202624,5,discern-interfa,S (sleeping),learner-victim1.bnsdq.ozxfs.fkiya-owcwb.kvugl,0.005078225054674364,1
1759319173,55415,1,N/A,N/A,N/A,N/A,N/A,N/A,N/A,N/A,1264619520,1264619520,16920576,N/A,135168,45826048,4,discern-proc-so,S (sleeping),learner-victim1.bnsdq.ozxfs.fkiya-owcwb.kvugl,2.678319208480213,1
1759319175,47032,46988,N/A,N/A,N/A,N/A,N/A,N/A,N/A,N/A,3625213952,3385843712,1339555840,N/A,151552,1682685952,17,python3,S (sleeping),learner-victim1.bnsdq.ozxfs.fkiya-owcwb.kvugl,170.00000187237552,0
1759319175,22346,1,N/A,N/A,N/A,N/A,N/A,N/A,N/A,N/A,1634725888,1567879168,127647744,N/A,135168,196059136,11,dockerd,S (sleeping),learner-victim1.bnsdq.ozxfs.fkiya-owcwb.kvugl,1.7494921337598903,0
1759319175,450,1,103,103,103,103,109,109,109,109,124334080,124334080,114384896,N/A,135168,116604928,1,dbus-daemon,S (sleeping),learner-victim1.bnsdq.ozxfs.fkiya-owcwb.kvugl,0.3987513406440968,0
1759319175,46940,46939,N/A,N/A,N/A,N/A,N/A,N/A,N/A,N/A,1449005056,1382223872,67514368,N/A,135168,177422336,9,docker,S (sleeping),learner-victim1.bnsdq.ozxfs.fkiya-owcwb.kvugl,0.060500428422897164,0
1759319175,3426,1,N/A,N/A,N/A,N/A,N/A,N/A,N/A,N/A,2476675072,2409566208,117846016,N/A,135168,256344064,15,discern-network,S (sleeping),learner-victim1.bnsdq.ozxfs.fkiya-owcwb.kvugl,2.398111488793255,0
1759319179,376,1,103,103,103,103,109,109,109,109,166105088,166105088,159707136,N/A,135168,158375936,1,dbus-daemon,S (sleeping),learner-victim1.bnsdq.ozxfs.fkiya-owcwb.kvugl,0.293383932406458,1
1759319179,3358,1,N/A,N/A,N/A,N/A,N/A,N/A,N/A,N/A,1953800192,1922494464,46579712,N/A,135168,174923776,13,discern-network,S (sleeping),learner-victim1.bnsdq.ozxfs.fkiya-owcwb.kvugl,0.5078202756859022,1
1759319179,179,1,N/A,N/A,N/A,N/A,N/A,N/A,N/A,N/A,133390336,133390336,39284736,4096,135168,28057600,1,systemd-journal,S (sleeping),learner-victim1.bnsdq.ozxfs.fkiya-owcwb.kvugl,0.19239212398274994,1
1759319179,55670,1,N/A,N/A,N/A,N/A,N/A,N/A,N/A,N/A,1647706112,1580597248,24514560,N/A,135168,82202624,5,discern-interfa,S (sleeping),learner-victim1.bnsdq.ozxfs.fkiya-owcwb.kvugl,0.005012106377044926,1
1759319179,55415,1,N/A,N/A,N/A,N/A,N/A,N/A,N/A,N/A,1264619520,1264619520,16920576,N/A,135168,45826048,4,discern-proc-so,S (sleeping),learner-victim1.bnsdq.ozxfs.fkiya-owcwb.kvugl,2.67369389104563,1
1759319180,47032,46988,N/A,N/A,N/A,N/A,N/A,N/A,N/A,N/A,3625213952,3461681152,1339555840,N/A,151552,1706024960,17,python3,S (sleeping),learner-victim1.bnsdq.ozxfs.fkiya-owcwb.kvugl,171.20944653699073,0
1759319180,22346,1,N/A,N/A,N/A,N/A,N/A,N/A,N/A,N/A,1634725888,1567879168,127647744,N/A,135168,196059136,11,dockerd,S (sleeping),learner-victim1.bnsdq.ozxfs.fkiya-owcwb.kvugl,1.7439187954116613,0
1759319180,450,1,103,103,103,103,109,109,109,109,124469248,124469248,114655232,N/A,135168,116740096,1,dbus-daemon,S (sleeping),learner-victim1.bnsdq.ozxfs.fkiya-owcwb.kvugl,0.39872185669816945,0
1759319180,46940,46939,N/A,N/A,N/A,N/A,N/A,N/A,N/A,N/A,1449005056,1382223872,67514368,N/A,135168,177422336,9,docker,S (sleeping),learner-victim1.bnsdq.ozxfs.fkiya-owcwb.kvugl,0.058452518126634295,0
1759319180,3426,1,N/A,N/A,N/A,N/A,N/A,N/A,N/A,N/A,2476675072,2409566208,117846016,N/A,135168,256344064,15,discern-network,R (running),learner-victim1.bnsdq.ozxfs.fkiya-owcwb.kvugl,2.39627757660129,0
1759319184,376,1,103,103,103,103,109,109,109,109,166240256,166240256,159977472,N/A,135168,158511104,1,dbus-daemon,S (sleeping),learner-victim1.bnsdq.ozxfs.fkiya-owcwb.kvugl,0.2932558799859412,1
1759319184,3358,1,N/A,N/A,N/A,N/A,N/A,N/A,N/A,N/A,1953800192,1922494464,46579712,N/A,135168,174923776,13,discern-network,S (sleeping),learner-victim1.bnsdq.ozxfs.fkiya-owcwb.kvugl,0.5076578666719173,1
1759319184,179,1,N/A,N/A,N/A,N/A,N/A,N/A,N/A,N/A,133390336,133390336,39284736,4096,135168,28057600,1,systemd-journal,S (sleeping),learner-victim1.bnsdq.ozxfs.fkiya-owcwb.kvugl,0.19214537759673717,1
1759319184,55670,1,N/A,N/A,N/A,N/A,N/A,N/A,N/A,N/A,1647706112,1580597248,24514560,N/A,135168,82202624,5,discern-interfa,S (sleeping),learner-victim1.bnsdq.ozxfs.fkiya-owcwb.kvugl,0.004948044848560764,1
1759319184,55415,1,N/A,N/A,N/A,N/A,N/A,N/A,N/A,N/A,1264619520,1264619520,16920576,N/A,135168,45826048,4,discern-proc-so,S (sleeping),learner-victim1.bnsdq.ozxfs.fkiya-owcwb.kvugl,2.6717546068142464,1
1759319186,47032,46988,N/A,N/A,N/A,N/A,N/A,N/A,N/A,N/A,3625213952,3362979840,1339555840,N/A,151552,1659867136,17,python3,S (sleeping),learner-victim1.bnsdq.ozxfs.fkiya-owcwb.kvugl,172.4184013182568,0
1759319186,22346,1,N/A,N/A,N/A,N/A,N/A,N/A,N/A,N/A,1634725888,1567879168,127647744,N/A,135168,196059136,11,dockerd,S (sleeping),learner-victim1.bnsdq.ozxfs.fkiya-owcwb.kvugl,1.7383471866244473,0
1759319186,450,1,103,103,103,103,109,109,109,109,124739584,124739584,114925568,N/A,135168,117010432,1,dbus-daemon,S (sleeping),learner-victim1.bnsdq.ozxfs.fkiya-owcwb.kvugl,0.39831123716164135,0
1759319186,46940,46939,N/A,N/A,N/A,N/A,N/A,N/A,N/A,N/A,1449005056,1382223872,69607424,N/A,135168,177422336,9,docker,S (sleeping),learner-victim1.bnsdq.ozxfs.fkiya-owcwb.kvugl,0.05652753928653066,0
1759319186,3426,1,N/A,N/A,N/A,N/A,N/A,N/A,N/A,N/A,2476675072,2409566208,117846016,N/A,135168,256344064,15,discern-network,S (sleeping),learner-victim1.bnsdq.ozxfs.fkiya-owcwb.kvugl,2.3944207538134883,0
1759319189,376,1,103,103,103,103,109,109,109,109,166375424,166375424,160247808,N/A,135168,158646272,1,dbus-daemon,S (sleeping),learner-victim1.bnsdq.ozxfs.fkiya-owcwb.kvugl,0.2933757686050632,1
1759319189,3358,1,N/A,N/A,N/A,N/A,N/A,N/A,N/A,N/A,1953800192,1922494464,46579712,N/A,135168,174923776,13,discern-network,S (sleeping),learner-victim1.bnsdq.ozxfs.fkiya-owcwb.kvugl,0.5077553229018935,1
1759319189,179,1,N/A,N/A,N/A,N/A,N/A,N/A,N/A,N/A,133390336,133390336,39284736,4096,135168,28057600,1,systemd-journal,S (sleeping),learner-victim1.bnsdq.ozxfs.fkiya-owcwb.kvugl,0.1921469455474433,1
1759319189,55670,1,N/A,N/A,N/A,N/A,N/A,N/A,N/A,N/A,1647706112,1580597248,24514560,N/A,135168,82202624,5,discern-interfa,S (sleeping),learner-victim1.bnsdq.ozxfs.fkiya-owcwb.kvugl,0.004885536882452304,1
1759319189,55415,1,N/A,N/A,N/A,N/A,N/A,N/A,N/A,N/A,1264619520,1264619520,16920576,N/A,135168,45826048,4,discern-proc-so,S (sleeping),learner-victim1.bnsdq.ozxfs.fkiya-owcwb.kvugl,2.674542187788124,1
1759319191,47032,46988,N/A,N/A,N/A,N/A,N/A,N/A,N/A,N/A,3625213952,3300835328,1339555840,N/A,151552,1597722624,17,python3,S (sleeping),learner-victim1.bnsdq.ozxfs.fkiya-owcwb.kvugl,171.37923991187125,0
1759319191,22346,1,N/A,N/A,N/A,N/A,N/A,N/A,N/A,N/A,1634725888,1567879168,127647744,N/A,135168,196059136,11,dockerd,S (sleeping),learner-victim1.bnsdq.ozxfs.fkiya-owcwb.kvugl,1.7328614082092861,0
1759319191,450,1,103,103,103,103,109,109,109,109,124874752,124874752,114925568,N/A,135168,117145600,1,dbus-daemon,S (sleeping),learner-victim1.bnsdq.ozxfs.fkiya-owcwb.kvugl,0.3982850808628652,0
1759319191,46940,46939,N/A,N/A,N/A,N/A,N/A,N/A,N/A,N/A,1449005056,1382223872,69607424,N/A,135168,177422336,9,docker,S (sleeping),learner-victim1.bnsdq.ozxfs.fkiya-owcwb.kvugl,0.054741019457071535,0
1759319191,3426,1,N/A,N/A,N/A,N/A,N/A,N/A,N/A,N/A,2476675072,2409566208,117846016,N/A,135168,256344064,15,discern-network,S (sleeping),learner-victim1.bnsdq.ozxfs.fkiya-owcwb.kvugl,2.3926176315375707,0
1759319194,376,1,103,103,103,103,109,109,109,109,166645760,166645760,160247808,N/A,135168,158916608,1,dbus-daemon,S (sleeping),learner-victim1.bnsdq.ozxfs.fkiya-owcwb.kvugl,0.29324817600242964,1
1759319194,3358,1,N/A,N/A,N/A,N/A,N/A,N/A,N/A,N/A,1953800192,1922494464,46579712,N/A,135168,174923776,13,discern-network,S (sleeping),learner-victim1.bnsdq.ozxfs.fkiya-owcwb.kvugl,0.5075936583065881,1
1759319194,179,1,N/A,N/A,N/A,N/A,N/A,N/A,N/A,N/A,133390336,133390336,39284736,4096,135168,28057600,1,systemd-journal,S (sleeping),learner-victim1.bnsdq.ozxfs.fkiya-owcwb.kvugl,0.19214883719218537,1
1759319194,55670,1,N/A,N/A,N/A,N/A,N/A,N/A,N/A,N/A,1647706112,1580597248,24514560,N/A,135168,82202624,5,discern-interfa,S (sleeping),learner-victim1.bnsdq.ozxfs.fkiya-owcwb.kvugl,0.004824669971521922,1
1759319194,55415,1,N/A,N/A,N/A,N/A,N/A,N/A,N/A,N/A,1264619520,1264619520,16920576,N/A,135168,45826048,4,discern-proc-so,R (running),learner-victim1.bnsdq.ozxfs.fkiya-owcwb.kvugl,2.670321540977833,1
1759319196,47032,46988,N/A,N/A,N/A,N/A,N/A,N/A,N/A,N/A,3625213952,3300835328,1339555840,N/A,151552,1597722624,17,python3,S (sleeping),learner-victim1.bnsdq.ozxfs.fkiya-owcwb.kvugl,170.3059104978275,0
1759319196,22346,1,N/A,N/A,N/A,N/A,N/A,N/A,N/A,N/A,1634725888,1567879168,127647744,N/A,135168,196059136,11,dockerd,S (sleeping),learner-victim1.bnsdq.ozxfs.fkiya-owcwb.kvugl,1.7273332390697995,0
1759319196,450,1,103,103,103,103,109,109,109,109,125145088,125145088,115195904,N/A,135168,117415936,1,dbus-daemon,S (sleeping),learner-victim1.bnsdq.ozxfs.fkiya-owcwb.kvugl,0.39824813787578744,0
1759319196,46940,46939,N/A,N/A,N/A,N/A,N/A,N/A,N/A,N/A,1449005056,1382223872,69607424,N/A,135168,177422336,9,docker,S (sleeping),learner-victim1.bnsdq.ozxfs.fkiya-owcwb.kvugl,0.053041240177648274,0
1759319196,3426,1,N/A,N/A,N/A,N/A,N/A,N/A,N/A,N/A,2476675072,2409566208,117846016,N/A,135168,256344064,15,discern-network,S (sleeping),learner-victim1.bnsdq.ozxfs.fkiya-owcwb.kvugl,2.3915620169846314,0
1759319199,376,1,103,103,103,103,109,109,109,109,166780928,166780928,160518144,N/A,135168,159051776,1,dbus-daemon,S (sleeping),learner-victim1.bnsdq.ozxfs.fkiya-owcwb.kvugl,0.29312048846434363,1
1759319199,3358,1,N/A,N/A,N/A,N/A,N/A,N/A,N/A,N/A,1953800192,1922494464,46579712,N/A,135168,174923776,13,discern-network,S (sleeping),learner-victim1.bnsdq.ozxfs.fkiya-owcwb.kvugl,0.5074316616558865,1
1759319199,179,1,N/A,N/A,N/A,N/A,N/A,N/A,N/A,N/A,133390336,133390336,39284736,4096,135168,28057600,1,systemd-journal,S (sleeping),learner-victim1.bnsdq.ozxfs.fkiya-owcwb.kvugl,0.1921504502157897,1
1759319199,55670,1,N/A,N/A,N/A,N/A,N/A,N/A,N/A,N/A,1647706112,1580597248,24514560,N/A,135168,82202624,5,discern-interfa,S (sleeping),learner-victim1.bnsdq.ozxfs.fkiya-owcwb.kvugl,0.004765234975344449,1
1759319199,55415,1,N/A,N/A,N/A,N/A,N/A,N/A,N/A,N/A,1264619520,1264619520,16920576,N/A,135168,45826048,4,discern-proc-so,S (sleeping),learner-victim1.bnsdq.ozxfs.fkiya-owcwb.kvugl,2.673067407166954,1
1759319201,47032,46988,N/A,N/A,N/A,N/A,N/A,N/A,N/A,N/A,3625213952,3300835328,1339555840,N/A,151552,1597722624,17,python3,S (sleeping),learner-victim1.bnsdq.ozxfs.fkiya-owcwb.kvugl,169.46351704011863,0
1759319201,22346,1,N/A,N/A,N/A,N/A,N/A,N/A,N/A,N/A,1634725888,1567879168,127647744,N/A,135168,196059136,11,dockerd,S (sleeping),learner-victim1.bnsdq.ozxfs.fkiya-owcwb.kvugl,1.721876046037395,0
1759319201,450,1,103,103,103,103,109,109,109,109,125575168,125575168,115736576,N/A,135168,117846016,1,dbus-daemon,S (sleeping),learner-victim1.bnsdq.ozxfs.fkiya-owcwb.kvugl,0.39896495883687455,0
1759319201,46940,46939,N/A,N/A,N/A,N/A,N/A,N/A,N/A,N/A,1449005056,1382223872,69607424,N/A,135168,177422336,9,docker,S (sleeping),learner-victim1.bnsdq.ozxfs.fkiya-owcwb.kvugl,0.05145385619574767,0
1759319201,3426,1,N/A,N/A,N/A,N/A,N/A,N/A,N/A,N/A,2476675072,2409566208,117846016,N/A,135168,256344064,15,discern-network,S (sleeping),learner-victim1.bnsdq.ozxfs.fkiya-owcwb.kvugl,2.390947601339145,0
1759319204,376,1,103,103,103,103,109,109,109,109,166916096,166916096,160788480,N/A,135168,159186944,1,dbus-daemon,S (sleeping),learner-victim1.bnsdq.ozxfs.fkiya-owcwb.kvugl,0.292994651708537,1
1759319204,3358,1,N/A,N/A,N/A,N/A,N/A,N/A,N/A,N/A,1953800192,1922494464,46579712,N/A,135168,174923776,13,discern-network,S (sleeping),learner-victim1.bnsdq.ozxfs.fkiya-owcwb.kvugl,0.5075319399856225,1
1759319204,179,1,N/A,N/A,N/A,N/A,N/A,N/A,N/A,N/A,133390336,133390336,39284736,4096,135168,28057600,1,systemd-journal,S (sleeping),learner-victim1.bnsdq.ozxfs.fkiya-owcwb.kvugl,0.19215305676345695,1
1759319204,55670,1,N/A,N/A,N/A,N/A,N/A,N/A,N/A,N/A,1647706112,1580597248,24514560,N/A,135168,82202624,5,discern-interfa,S (sleeping),learner-victim1.bnsdq.ozxfs.fkiya-owcwb.kvugl,0.004707479322779045,1
1759319204,55415,1,N/A,N/A,N/A,N/A,N/A,N/A,N/A,N/A,1264619520,1264619520,16920576,N/A,135168,45826048,4,discern-proc-so,S (sleeping),learner-victim1.bnsdq.ozxfs.fkiya-owcwb.kvugl,2.671329277514485,1
1759319207,47032,46988,N/A,N/A,N/A,N/A,N/A,N/A,N/A,N/A,3625213952,3300835328,1339555840,N/A,151552,1597722624,17,python3,S (sleeping),learner-victim1.bnsdq.ozxfs.fkiya-owcwb.kvugl,168.7796016700113,0
1759319207,22346,1,N/A,N/A,N/A,N/A,N/A,N/A,N/A,N/A,1634725888,1567879168,127647744,N/A,135168,196059136,11,dockerd,S (sleeping),learner-victim1.bnsdq.ozxfs.fkiya-owcwb.kvugl,1.7164261313440834,0
1759319207,450,1,103,103,103,103,109,109,109,109,125575168,125575168,115736576,N/A,135168,117846016,1,dbus-daemon,S (sleeping),learner-victim1.bnsdq.ozxfs.fkiya-owcwb.kvugl,0.3985544768000116,0
1759319207,46940,46939,N/A,N/A,N/A,N/A,N/A,N/A,N/A,N/A,1449005056,1382223872,69607424,N/A,135168,177422336,9,docker,S (sleeping),learner-victim1.bnsdq.ozxfs.fkiya-owcwb.kvugl,0.04995145199038742,0
1759319207,3426,1,N/A,N/A,N/A,N/A,N/A,N/A,N/A,N/A,2476675072,2409566208,117846016,N/A,135168,256344064,15,discern-network,S (sleeping),learner-victim1.bnsdq.ozxfs.fkiya-owcwb.kvugl,2.3895044868223674,0
1759319210,376,1,103,103,103,103,109,109,109,109,167321600,167321600,161058816,N/A,135168,159592448,1,dbus-daemon,S (sleeping),learner-victim1.bnsdq.ozxfs.fkiya-owcwb.kvugl,0.29360759964975314,1
1759319210,3358,1,N/A,N/A,N/A,N/A,N/A,N/A,N/A,N/A,1953800192,1922494464,46579712,N/A,135168,174923776,13,discern-network,S (sleeping),learner-victim1.bnsdq.ozxfs.fkiya-owcwb.kvugl,0.5076288302743546,1
1759319210,179,1,N/A,N/A,N/A,N/A,N/A,N/A,N/A,N/A,133390336,133390336,39284736,4096,135168,28057600,1,systemd-journal,S (sleeping),learner-victim1.bnsdq.ozxfs.fkiya-owcwb.kvugl,0.1921545301296867,1
1759319210,55670,1,N/A,N/A,N/A,N/A,N/A,N/A,N/A,N/A,1647706112,1580597248,24514560,N/A,135168,82202624,5,discern-interfa,S (sleeping),learner-victim1.bnsdq.ozxfs.fkiya-owcwb.kvugl,0.004650850188193543,1
1759319210,55415,1,N/A,N/A,N/A,N/A,N/A,N/A,N/A,N/A,1264619520,1264619520,16920576,N/A,135168,45826048,4,discern-proc-so,S (sleeping),learner-victim1.bnsdq.ozxfs.fkiya-owcwb.kvugl,2.662747825332242,1
1759319212,47032,46988,N/A,N/A,N/A,N/A,N/A,N/A,N/A,N/A,3625213952,3300835328,1339555840,N/A,151552,1597722624,17,python3,S (sleeping),learner-victim1.bnsdq.ozxfs.fkiya-owcwb.kvugl,168.4831256209486,0
1759319212,22346,1,N/A,N/A,N/A,N/A,N/A,N/A,N/A,N/A,1634725888,1567879168,127647744,N/A,135168,196059136,11,dockerd,S (sleeping),learner-victim1.bnsdq.ozxfs.fkiya-owcwb.kvugl,1.7110061332881983,0
1759319212,450,1,103,103,103,103,109,109,109,109,125845504,125845504,116006912,N/A,135168,118116352,1,dbus-daemon,S (sleeping),learner-victim1.bnsdq.ozxfs.fkiya-owcwb.kvugl,0.3985177559546713,0
1759319212,46940,46939,N/A,N/A,N/A,N/A,N/A,N/A,N/A,N/A,1449005056,1382223872,69607424,N/A,135168,177422336,9,docker,S (sleeping),learner-victim1.bnsdq.ozxfs.fkiya-owcwb.kvugl,0.04853316697639102,0
1759319212,3426,1,N/A,N/A,N/A,N/A,N/A,N/A,N/A,N/A,2476675072,2409566208,117846016,N/A,135168,256344064,15,discern-network,S (sleeping),learner-victim1.bnsdq.ozxfs.fkiya-owcwb.kvugl,2.388063000015197,0
1759319215,376,1,103,103,103,103,109,109,109,109,167321600,167321600,161058816,N/A,135168,159592448,1,dbus-daemon,S (sleeping),learner-victim1.bnsdq.ozxfs.fkiya-owcwb.kvugl,0.2932366792129614,1
1759319215,3358,1,N/A,N/A,N/A,N/A,N/A,N/A,N/A,N/A,1953800192,1922494464,46579712,N/A,135168,174923776,13,discern-network,S (sleeping),learner-victim1.bnsdq.ozxfs.fkiya-owcwb.kvugl,0.5074730998050838,1
1759319215,179,1,N/A,N/A,N/A,N/A,N/A,N/A,N/A,N/A,133390336,133390336,39284736,4096,135168,28057600,1,systemd-journal,S (sleeping),learner-victim1.bnsdq.ozxfs.fkiya-owcwb.kvugl,0.1921581724593407,1
1759319215,55670,1,N/A,N/A,N/A,N/A,N/A,N/A,N/A,N/A,1647706112,1580597248,24514560,N/A,135168,82202624,5,discern-interfa,S (sleeping),learner-victim1.bnsdq.ozxfs.fkiya-owcwb.kvugl,0.004596051668522121,1
1759319215,55415,1,N/A,N/A,N/A,N/A,N/A,N/A,N/A,N/A,1264619520,1264619520,16920576,N/A,135168,45826048,4,discern-proc-so,R (running),learner-victim1.bnsdq.ozxfs.fkiya-owcwb.kvugl,2.6524124043588495,1
1759319217,47032,46988,N/A,N/A,N/A,N/A,N/A,N/A,N/A,N/A,3625213952,3279822848,1339555840,N/A,151552,1576710144,17,python3,S (sleeping),learner-victim1.bnsdq.ozxfs.fkiya-owcwb.kvugl,168.32977935264856,0
1759319217,22346,1,N/A,N/A,N/A,N/A,N/A,N/A,N/A,N/A,1634725888,1567879168,127647744,N/A,135168,196059136,11,dockerd,S (sleeping),learner-victim1.bnsdq.ozxfs.fkiya-owcwb.kvugl,1.7056627929620378,0
1759319217,450,1,103,103,103,103,109,109,109,109,126115840,126115840,116277248,N/A,135168,118386688,1,dbus-daemon,S (sleeping),learner-victim1.bnsdq.ozxfs.fkiya-owcwb.kvugl,0.3984873563819444,0
1759319217,46940,46939,N/A,N/A,N/A,N/A,N/A,N/A,N/A,N/A,1449005056,1382223872,69607424,N/A,135168,177422336,9,docker,S (sleeping),learner-victim1.bnsdq.ozxfs.fkiya-owcwb.kvugl,0.047203501594161416,0
1759319217,3426,1,N/A,N/A,N/A,N/A,N/A,N/A,N/A,N/A,2476675072,2409566208,117846016,N/A,135168,256344064,15,discern-network,S (sleeping),learner-victim1.bnsdq.ozxfs.fkiya-owcwb.kvugl,2.386667482923157,0
1759319220,376,1,103,103,103,103,109,109,109,109,167591936,167591936,161329152,N/A,135168,159862784,1,dbus-daemon,S (sleeping),learner-victim1.bnsdq.ozxfs.fkiya-owcwb.kvugl,0.29335764253112095,1
1759319220,3358,1,N/A,N/A,N/A,N/A,N/A,N/A,N/A,N/A,1953800192,1922494464,46579712,N/A,135168,174923776,13,discern-network,S (sleeping),learner-victim1.bnsdq.ozxfs.fkiya-owcwb.kvugl,0.507573642950346,1
1759319220,179,1,N/A,N/A,N/A,N/A,N/A,N/A,N/A,N/A,133390336,133390336,39284736,4096,135168,28057600,1,systemd-journal,S (sleeping),learner-victim1.bnsdq.ozxfs.fkiya-owcwb.kvugl,0.1921610199582277,1
1759319220,55670,1,N/A,N/A,N/A,N/A,N/A,N/A,N/A,N/A,1647706112,1580597248,24514560,N/A,135168,82202624,5,discern-interfa,S (sleeping),learner-victim1.bnsdq.ozxfs.fkiya-owcwb.kvugl,0.004542358245779426,1
1759319220,55415,1,N/A,N/A,N/A,N/A,N/A,N/A,N/A,N/A,1264619520,1264619520,16920576,N/A,135168,45826048,4,discern-proc-so,S (sleeping),learner-victim1.bnsdq.ozxfs.fkiya-owcwb.kvugl,2.648802851634337,1
1759319222,47032,46988,N/A,N/A,N/A,N/A,N/A,N/A,N/A,N/A,3625213952,3317133312,1339555840,N/A,151552,1614020608,17,python3,S (sleeping),learner-victim1.bnsdq.ozxfs.fkiya-owcwb.kvugl,168.4234525583524,0
1759319222,22346,1,N/A,N/A,N/A,N/A,N/A,N/A,N/A,N/A,1634725888,1567879168,127647744,N/A,135168,196059136,11,dockerd,S (sleeping),learner-victim1.bnsdq.ozxfs.fkiya-owcwb.kvugl,1.700368044152748,0
1759319222,450,1,103,103,103,103,109,109,109,109,126251008,126251008,116547584,N/A,135168,118521856,1,dbus-daemon,S (sleeping),learner-victim1.bnsdq.ozxfs.fkiya-owcwb.kvugl,0.39845931548559654,0
1759319222,46940,46939,N/A,N/A,N/A,N/A,N/A,N/A,N/A,N/A,1449005056,1382223872,69607424,N/A,135168,177422336,9,docker,S (sleeping),learner-victim1.bnsdq.ozxfs.fkiya-owcwb.kvugl,0.04594830672300359,0
1759319222,3426,1,N/A,N/A,N/A,N/A,N/A,N/A,N/A,N/A,2476675072,2409566208,117846016,N/A,135168,256344064,15,discern-network,S (sleeping),learner-victim1.bnsdq.ozxfs.fkiya-owcwb.kvugl,2.3848914856838324,0
1759319225,376,1,103,103,103,103,109,109,109,109,167751680,167751680,161599488,N/A,135168,160022528,1,dbus-daemon,S (sleeping),learner-victim1.bnsdq.ozxfs.fkiya-owcwb.kvugl,0.29323142416160264,1
1759319225,3358,1,N/A,N/A,N/A,N/A,N/A,N/A,N/A,N/A,1953800192,1922494464,46579712,N/A,135168,174923776,13,discern-network,S (sleeping),learner-victim1.bnsdq.ozxfs.fkiya-owcwb.kvugl,0.5074141993719032,1
1759319225,179,1,N/A,N/A,N/A,N/A,N/A,N/A,N/A,N/A,133390336,133390336,39284736,4096,135168,28057600,1,systemd-journal,S (sleeping),learner-victim1.bnsdq.ozxfs.fkiya-owcwb.kvugl,0.19240886329132595,1
1759319225,55670,1,N/A,N/A,N/A,N/A,N/A,N/A,N/A,N/A,1647706112,1580597248,24514560,N/A,135168,82202624,5,discern-interfa,S (sleeping),learner-victim1.bnsdq.ozxfs.fkiya-owcwb.kvugl,0.004489749037263701,1
1759319225,55415,1,N/A,N/A,N/A,N/A,N/A,N/A,N/A,N/A,1264619520,1264619520,16920576,N/A,135168,45826048,4,discern-proc-so,R (running),learner-victim1.bnsdq.ozxfs.fkiya-owcwb.kvugl,2.6495284301149646,1
1759319228,47032,46988,N/A,N/A,N/A,N/A,N/A,N/A,N/A,N/A,3625213952,3322073088,1339555840,N/A,151552,1618960384,17,python3,S (sleeping),learner-victim1.bnsdq.ozxfs.fkiya-owcwb.kvugl,168.6760653512476,0
1759319228,22346,1,N/A,N/A,N/A,N/A,N/A,N/A,N/A,N/A,1634725888,1567879168,127647744,N/A,135168,196059136,11,dockerd,S (sleeping),learner-victim1.bnsdq.ozxfs.fkiya-owcwb.kvugl,1.697475270069557,0
1759319228,450,1,103,103,103,103,109,109,109,109,126521344,126521344,116817920,N/A,135168,118792192,1,dbus-daemon,S (sleeping),learner-victim1.bnsdq.ozxfs.fkiya-owcwb.kvugl,0.39843027889142,0
1759319228,46940,46939,N/A,N/A,N/A,N/A,N/A,N/A,N/A,N/A,1449005056,1382223872,69607424,N/A,135168,177422336,9,docker,S (sleeping),learner-victim1.bnsdq.ozxfs.fkiya-owcwb.kvugl,0.04475646473999462,0
1759319228,3426,1,N/A,N/A,N/A,N/A,N/A,N/A,N/A,N/A,2476675072,2409566208,117846016,N/A,135168,256344064,15,discern-network,S (sleeping),learner-victim1.bnsdq.ozxfs.fkiya-owcwb.kvugl,2.38311568788258,0
1759319230,376,1,103,103,103,103,109,109,109,109,168022016,168022016,161599488,N/A,135168,160292864,1,dbus-daemon,S (sleeping),learner-victim1.bnsdq.ozxfs.fkiya-owcwb.kvugl,0.29310667293485937,1
1759319230,3358,1,N/A,N/A,N/A,N/A,N/A,N/A,N/A,N/A,1953800192,1922494464,46579712,N/A,135168,174923776,13,discern-network,S (sleeping),learner-victim1.bnsdq.ozxfs.fkiya-owcwb.kvugl,0.5075146198618333,1
1759319230,179,1,N/A,N/A,N/A,N/A,N/A,N/A,N/A,N/A,133390336,133390336,39284736,4096,135168,28057600,1,systemd-journal,S (sleeping),learner-victim1.bnsdq.ozxfs.fkiya-owcwb.kvugl,0.19216598686854922,1
1759319230,55670,1,N/A,N/A,N/A,N/A,N/A,N/A,N/A,N/A,1647706112,1580597248,24514560,N/A,135168,82202624,5,discern-interfa,S (sleeping),learner-victim1.bnsdq.ozxfs.fkiya-owcwb.kvugl,0.004438501402216815,1
1759319230,55415,1,N/A,N/A,N/A,N/A,N/A,N/A,N/A,N/A,1264619520,1264619520,16920576,N/A,135168,45826048,4,discern-proc-so,R (running),learner-victim1.bnsdq.ozxfs.fkiya-owcwb.kvugl,2.6460331594122737,1
1759319233,47032,46988,N/A,N/A,N/A,N/A,N/A,N/A,N/A,N/A,3625213952,3328888832,1339555840,N/A,151552,1625776128,17,python3,S (sleeping),learner-victim1.bnsdq.ozxfs.fkiya-owcwb.kvugl,168.94501613289623,0
1759319233,22346,1,N/A,N/A,N/A,N/A,N/A,N/A,N/A,N/A,1634725888,1567879168,127647744,N/A,135168,196059136,11,dockerd,S (sleeping),learner-victim1.bnsdq.ozxfs.fkiya-owcwb.kvugl,1.6922488485325968,0
1759319233,450,1,103,103,103,103,109,109,109,109,126656512,126656512,116817920,N/A,135168,118927360,1,dbus-daemon,S (sleeping),learner-victim1.bnsdq.ozxfs.fkiya-owcwb.kvugl,0.3984039412796211,0
1759319233,46940,46939,N/A,N/A,N/A,N/A,N/A,N/A,N/A,N/A,1449005056,1382223872,69607424,N/A,135168,177422336,9,docker,S (sleeping),learner-victim1.bnsdq.ozxfs.fkiya-owcwb.kvugl,0.04362861365631268,0
1759319233,3426,1,N/A,N/A,N/A,N/A,N/A,N/A,N/A,N/A,2476675072,2409566208,117846016,N/A,135168,256344064,15,discern-network,S (sleeping),learner-victim1.bnsdq.ozxfs.fkiya-owcwb.kvugl,2.3821624037800224,0
1759319235,376,1,103,103,103,103,109,109,109,109,168157184,168157184,161869824,N/A,135168,160428032,1,dbus-daemon,S (sleeping),learner-victim1.bnsdq.ozxfs.fkiya-owcwb.kvugl,0.29347057093818735,1
1759319235,3358,1,N/A,N/A,N/A,N/A,N/A,N/A,N/A,N/A,1953800192,1922494464,46579712,N/A,135168,174923776,13,discern-network,S (sleeping),learner-victim1.bnsdq.ozxfs.fkiya-owcwb.kvugl,0.5073541109818261,1
1759319235,179,1,N/A,N/A,N/A,N/A,N/A,N/A,N/A,N/A,133390336,133390336,39284736,4096,135168,28057600,1,systemd-journal,S (sleeping),learner-victim1.bnsdq.ozxfs.fkiya-owcwb.kvugl,0.19216751993623504,1
1759319235,55670,1,N/A,N/A,N/A,N/A,N/A,N/A,N/A,N/A,1647706112,1580597248,24514560,N/A,135168,82202624,5,discern-interfa,S (sleeping),learner-victim1.bnsdq.ozxfs.fkiya-owcwb.kvugl,0.00438814141350436,1
1759319235,55415,1,N/A,N/A,N/A,N/A,N/A,N/A,N/A,N/A,1264619520,1264619520,16920576,N/A,135168,45826048,4,discern-proc-so,R (running),learner-victim1.bnsdq.ozxfs.fkiya-owcwb.kvugl,2.648829837725074,1
1759319238,47032,46988,N/A,N/A,N/A,N/A,N/A,N/A,N/A,N/A,3625213952,3340308480,1339555840,N/A,151552,1637195776,17,python3,S (sleeping),learner-victim1.bnsdq.ozxfs.fkiya-owcwb.kvugl,169.15802058762216,0
1759319238,22346,1,N/A,N/A,N/A,N/A,N/A,N/A,N/A,N/A,1634725888,1567879168,127647744,N/A,135168,196059136,11,dockerd,S (sleeping),learner-victim1.bnsdq.ozxfs.fkiya-owcwb.kvugl,1.6870720454786101,0
1759319238,450,1,103,103,103,103,109,109,109,109,127062016,127062016,117358592,N/A,135168,119332864,1,dbus-daemon,S (sleeping),learner-victim1.bnsdq.ozxfs.fkiya-owcwb.kvugl,0.3987496048493051,0
1759319238,46940,46939,N/A,N/A,N/A,N/A,N/A,N/A,N/A,N/A,1449005056,1382223872,69607424,N/A,135168,177422336,9,docker,S (sleeping),learner-victim1.bnsdq.ozxfs.fkiya-owcwb.kvugl,0.04255987283118775,0
1759319238,3426,1,N/A,N/A,N/A,N/A,N/A,N/A,N/A,N/A,2476675072,2409566208,117846016,N/A,135168,256344064,15,discern-network,S (sleeping),learner-victim1.bnsdq.ozxfs.fkiya-owcwb.kvugl,2.380433637081238,0
1759319240,376,1,103,103,103,103,109,109,109,109,168292352,168292352,161869824,N/A,135168,160563200,1,dbus-daemon,S (sleeping),learner-victim1.bnsdq.ozxfs.fkiya-owcwb.kvugl,0.29334528157404205,1
1759319240,3358,1,N/A,N/A,N/A,N/A,N/A,N/A,N/A,N/A,1953800192,1922494464,46579712,N/A,135168,174923776,13,discern-network,S (sleeping),learner-victim1.bnsdq.ozxfs.fkiya-owcwb.kvugl,0.5074533450622878,1
1759319240,179,1,N/A,N/A,N/A,N/A,N/A,N/A,N/A,N/A,133390336,133390336,39284736,4096,135168,28057600,1,systemd-journal,S (sleeping),learner-victim1.bnsdq.ozxfs.fkiya-owcwb.kvugl,0.19192519961964788,1
1759319240,55670,1,N/A,N/A,N/A,N/A,N/A,N/A,N/A,N/A,1647706112,1580597248,24514560,N/A,135168,82202624,5,discern-interfa,S (sleeping),learner-victim1.bnsdq.ozxfs.fkiya-owcwb.kvugl,0.004339102047596371,1
1759319240,55415,1,N/A,N/A,N/A,N/A,N/A,N/A,N/A,N/A,1264619520,1264619520,16920576,N/A,135168,45826048,4,discern-proc-so,S (sleeping),learner-victim1.bnsdq.ozxfs.fkiya-owcwb.kvugl,2.6495773966108405,1
1759319243,47032,46988,N/A,N/A,N/A,N/A,N/A,N/A,N/A,N/A,3625213952,3344732160,1339555840,N/A,151552,1641619456,17,python3,S (sleeping),learner-victim1.bnsdq.ozxfs.fkiya-owcwb.kvugl,169.5301348150561,0
1759319243,22346,1,N/A,N/A,N/A,N/A,N/A,N/A,N/A,N/A,1634725888,1567879168,127647744,N/A,135168,196059136,11,dockerd,S (sleeping),learner-victim1.bnsdq.ozxfs.fkiya-owcwb.kvugl,1.6819305922135943,0
1759319243,450,1,103,103,103,103,109,109,109,109,127197184,127197184,117358592,N/A,135168,119468032,1,dbus-daemon,S (sleeping),learner-victim1.bnsdq.ozxfs.fkiya-owcwb.kvugl,0.3983574314249568,0
1759319243,46940,46939,N/A,N/A,N/A,N/A,N/A,N/A,N/A,N/A,1449005056,1382223872,69607424,N/A,135168,177422336,9,docker,S (sleeping),learner-victim1.bnsdq.ozxfs.fkiya-owcwb.kvugl,0.04154290298039923,0
1759319243,3426,1,N/A,N/A,N/A,N/A,N/A,N/A,N/A,N/A,2476675072,2409566208,117846016,N/A,135168,256344064,15,discern-network,S (sleeping),learner-victim1.bnsdq.ozxfs.fkiya-owcwb.kvugl,2.379907837207793,0
1759319246,376,1,103,103,103,103,109,109,109,109,168427520,168427520,162140160,N/A,135168,160698368,1,dbus-daemon,S (sleeping),learner-victim1.bnsdq.ozxfs.fkiya-owcwb.kvugl,0.2932184545264585,1
1759319246,3358,1,N/A,N/A,N/A,N/A,N/A,N/A,N/A,N/A,1953800192,1922494464,46579712,N/A,135168,174923776,13,discern-network,S (sleeping),learner-victim1.bnsdq.ozxfs.fkiya-owcwb.kvugl,0.5072926166112984,1
1759319246,179,1,N/A,N/A,N/A,N/A,N/A,N/A,N/A,N/A,133390336,133390336,39284736,4096,135168,28057600,1,systemd-journal,S (sleeping),learner-victim1.bnsdq.ozxfs.fkiya-owcwb.kvugl,0.19217126437891205,1
1759319246,55670,1,N/A,N/A,N/A,N/A,N/A,N/A,N/A,N/A,1647706112,1580597248,24514560,N/A,135168,82202624,5,discern-interfa,S (sleeping),learner-victim1.bnsdq.ozxfs.fkiya-owcwb.kvugl,0.0042909088177709,1
1759319246,55415,1,N/A,N/A,N/A,N/A,N/A,N/A,N/A,N/A,1264619520,1264619520,16920576,N/A,135168,45826048,4,discern-proc-so,S (sleeping),learner-victim1.bnsdq.ozxfs.fkiya-owcwb.kvugl,2.6522452047207654,1
1759319248,47032,46988,N/A,N/A,N/A,N/A,N/A,N/A,N/A,N/A,3625213952,3360874496,1339555840,N/A,151552,1657761792,17,python3,S (sleeping),learner-victim1.bnsdq.ozxfs.fkiya-owcwb.kvugl,169.91839681354517,0
1759319248,22346,1,N/A,N/A,N/A,N/A,N/A,N/A,N/A,N/A,1634725888,1567879168,127647744,N/A,135168,196059136,11,dockerd,S (sleeping),learner-victim1.bnsdq.ozxfs.fkiya-owcwb.kvugl,1.6767934174614814,0
1759319248,450,1,103,103,103,103,109,109,109,109,127467520,127467520,117628928,N/A,135168,119738368,1,dbus-daemon,S (sleeping),learner-victim1.bnsdq.ozxfs.fkiya-owcwb.kvugl,0.398698346562373,0
1759319248,46940,46939,N/A,N/A,N/A,N/A,N/A,N/A,N/A,N/A,1449005056,1382223872,69607424,N/A,135168,177422336,9,docker,S (sleeping),learner-victim1.bnsdq.ozxfs.fkiya-owcwb.kvugl,0.04056838404130508,0
1759319248,3426,1,N/A,N/A,N/A,N/A,N/A,N/A,N/A,N/A,2476675072,2409566208,117846016,N/A,135168,256344064,15,discern-network,S (sleeping),learner-victim1.bnsdq.ozxfs.fkiya-owcwb.kvugl,2.378168193731237,0
1759319251,376,1,103,103,103,103,109,109,109,109,168562688,168562688,162410496,N/A,135168,160833536,1,dbus-daemon,S (sleeping),learner-victim1.bnsdq.ozxfs.fkiya-owcwb.kvugl,0.293093801591798,1
1759319251,3358,1,N/A,N/A,N/A,N/A,N/A,N/A,N/A,N/A,1953800192,1922494464,46579712,N/A,135168,174923776,13,discern-network,S (sleeping),learner-victim1.bnsdq.ozxfs.fkiya-owcwb.kvugl,0.5073916758590384,1
1759319251,179,1,N/A,N/A,N/A,N/A,N/A,N/A,N/A,N/A,133390336,133390336,39284736,4096,135168,28057600,1,systemd-journal,S (sleeping),learner-victim1.bnsdq.ozxfs.fkiya-owcwb.kvugl,0.19192955326764963,1
1759319251,55670,1,N/A,N/A,N/A,N/A,N/A,N/A,N/A,N/A,1647706112,1580597248,24514560,N/A,135168,82202624,5,discern-interfa,S (sleeping),learner-victim1.bnsdq.ozxfs.fkiya-owcwb.kvugl,0.004244006806998219,1
1759319251,55415,1,N/A,N/A,N/A,N/A,N/A,N/A,N/A,N/A,1264619520,1264619520,16920576,N/A,135168,45826048,4,discern-proc-so,R (running),learner-victim1.bnsdq.ozxfs.fkiya-owcwb.kvugl,2.650883988992814,1
1759319254,47032,46988,N/A,N/A,N/A,N/A,N/A,N/A,N/A,N/A,3625213952,3375697920,1339555840,N/A,151552,1672585216,17,python3,S (sleeping),learner-victim1.bnsdq.ozxfs.fkiya-owcwb.kvugl,170.42765491270367,0
1759319254,22346,1,N/A,N/A,N/A,N/A,N/A,N/A,N/A,N/A,1634725888,1567879168,127647744,N/A,135168,196059136,11,dockerd,S (sleeping),learner-victim1.bnsdq.ozxfs.fkiya-owcwb.kvugl,1.6717012429620215,0
1759319254,450,1,103,103,103,103,109,109,109,109,127631360,127631360,117899264,N/A,135168,119902208,1,dbus-daemon,S (sleeping),learner-victim1.bnsdq.ozxfs.fkiya-owcwb.kvugl,0.39867291272158023,0
1759319254,46940,46939,N/A,N/A,N/A,N/A,N/A,N/A,N/A,N/A,1449005056,1382223872,69607424,N/A,135168,177422336,9,docker,S (sleeping),learner-victim1.bnsdq.ozxfs.fkiya-owcwb.kvugl,0.03964098713324807,0
1759319254,3426,1,N/A,N/A,N/A,N/A,N/A,N/A,N/A,N/A,2476675072,2409566208,117846016,N/A,135168,256344064,15,discern-network,S (sleeping),learner-victim1.bnsdq.ozxfs.fkiya-owcwb.kvugl,2.3760530651087217,0
1759319256,376,1,103,103,103,103,109,109,109,109,168968192,168968192,162680832,N/A,135168,161239040,1,dbus-daemon,S (sleeping),learner-victim1.bnsdq.ozxfs.fkiya-owcwb.kvugl,0.2932134857880076,1
1759319256,3358,1,N/A,N/A,N/A,N/A,N/A,N/A,N/A,N/A,1953800192,1922494464,46579712,N/A,135168,174923776,13,discern-network,S (sleeping),learner-victim1.bnsdq.ozxfs.fkiya-owcwb.kvugl,0.5074906280478428,1
1759319256,179,1,N/A,N/A,N/A,N/A,N/A,N/A,N/A,N/A,133390336,133390336,39284736,4096,135168,28057600,1,systemd-journal,S (sleeping),learner-victim1.bnsdq.ozxfs.fkiya-owcwb.kvugl,0.19217626120344705,1
1759319256,55670,1,N/A,N/A,N/A,N/A,N/A,N/A,N/A,N/A,1647706112,1580597248,24514560,N/A,135168,82202624,5,discern-interfa,S (sleeping),learner-victim1.bnsdq.ozxfs.fkiya-owcwb.kvugl,0.004198130797055984,1
1759319256,55415,1,N/A,N/A,N/A,N/A,N/A,N/A,N/A,N/A,1264619520,1264619520,16920576,N/A,135168,45826048,4,discern-proc-so,R (running),learner-victim1.bnsdq.ozxfs.fkiya-owcwb.kvugl,2.6495586010187644,1
1759319259,47032,46988,N/A,N/A,N/A,N/A,N/A,N/A,N/A,N/A,3625213952,3375292416,1339555840,N/A,151552,1672179712,17,python3,S (sleeping),learner-victim1.bnsdq.ozxfs.fkiya-owcwb.kvugl,171.00049255340463,0
1759319259,22346,1,N/A,N/A,N/A,N/A,N/A,N/A,N/A,N/A,1634725888,1567879168,127647744,N/A,135168,196059136,11,dockerd,S (sleeping),learner-victim1.bnsdq.ozxfs.fkiya-owcwb.kvugl,1.6666285068959665,0
1759319259,450,1,103,103,103,103,109,109,109,109,127766528,127766528,118169600,N/A,135168,120037376,1,dbus-daemon,S (sleeping),learner-victim1.bnsdq.ozxfs.fkiya-owcwb.kvugl,0.39827946169194933,0
1759319259,46940,46939,N/A,N/A,N/A,N/A,N/A,N/A,N/A,N/A,1449005056,1382223872,69607424,N/A,135168,177422336,9,docker,S (sleeping),learner-victim1.bnsdq.ozxfs.fkiya-owcwb.kvugl,0.03875309040286541,0
1759319259,3426,1,N/A,N/A,N/A,N/A,N/A,N/A,N/A,N/A,2476675072,2409566208,117846016,N/A,135168,256344064,15,discern-network,S (sleeping),learner-victim1.bnsdq.ozxfs.fkiya-owcwb.kvugl,2.3747257256416283,0
1759319261,376,1,103,103,103,103,109,109,109,109,169103360,169103360,162680832,N/A,135168,161374208,1,dbus-daemon,S (sleeping),learner-victim1.bnsdq.ozxfs.fkiya-owcwb.kvugl,0.29308933273791565,1
1759319261,3358,1,N/A,N/A,N/A,N/A,N/A,N/A,N/A,N/A,1953800192,1922494464,46579712,N/A,135168,174923776,13,discern-network,S (sleeping),learner-victim1.bnsdq.ozxfs.fkiya-owcwb.kvugl,0.5073341616098334,1
1759319261,179,1,N/A,N/A,N/A,N/A,N/A,N/A,N/A,N/A,133390336,133390336,39284736,4096,135168,28057600,1,systemd-journal,S (sleeping),learner-victim1.bnsdq.ozxfs.fkiya-owcwb.kvugl,0.1921788387637339,1
1759319261,55670,1,N/A,N/A,N/A,N/A,N/A,N/A,N/A,N/A,1647706112,1580597248,24514560,N/A,135168,82202624,5,discern-interfa,S (sleeping),learner-victim1.bnsdq.ozxfs.fkiya-owcwb.kvugl,0.004153246691811491,1
1759319261,55415,1,N/A,N/A,N/A,N/A,N/A,N/A,N/A,N/A,1264619520,1264619520,16920576,N/A,135168,45826048,4,discern-proc-so,R (running),learner-victim1.bnsdq.ozxfs.fkiya-owcwb.kvugl,2.646253466241228,1
1759319264,47032,46988,N/A,N/A,N/A,N/A,N/A,N/A,N/A,N/A,3625213952,3390070784,1339555840,N/A,151552,1686958080,17,python3,S (sleeping),learner-victim1.bnsdq.ozxfs.fkiya-owcwb.kvugl,171.6423958487561,0
1759319264,22346,1,N/A,N/A,N/A,N/A,N/A,N/A,N/A,N/A,1634725888,1567879168,127647744,N/A,135168,196059136,11,dockerd,S (sleeping),learner-victim1.bnsdq.ozxfs.fkiya-owcwb.kvugl,1.6615824300416298,0
1759319264,450,1,103,103,103,103,109,109,109,109,128036864,128036864,118439936,N/A,135168,120307712,1,dbus-daemon,S (sleeping),learner-victim1.bnsdq.ozxfs.fkiya-owcwb.kvugl,0.39825260231534454,0
1759319264,46940,46939,N/A,N/A,N/A,N/A,N/A,N/A,N/A,N/A,1449005056,1382223872,69607424,N/A,135168,177422336,9,docker,S (sleeping),learner-victim1.bnsdq.ozxfs.fkiya-owcwb.kvugl,0.03790342492248952,0
1759319264,3426,1,N/A,N/A,N/A,N/A,N/A,N/A,N/A,N/A,2476675072,2409566208,117846016,N/A,135168,256344064,15,discern-network,S (sleeping),learner-victim1.bnsdq.ozxfs.fkiya-owcwb.kvugl,2.373399897823735,0
1759319266,376,1,103,103,103,103,109,109,109,109,169238528,169238528,162951168,N/A,135168,161509376,1,dbus-daemon,S (sleeping),learner-victim1.bnsdq.ozxfs.fkiya-owcwb.kvugl,0.2932087683544478,1
1759319266,3358,1,N/A,N/A,N/A,N/A,N/A,N/A,N/A,N/A,1953800192,1922494464,46579712,N/A,135168,174923776,13,discern-network,S (sleeping),learner-victim1.bnsdq.ozxfs.fkiya-owcwb.kvugl,0.5074330218398883,1
1759319266,179,1,N/A,N/A,N/A,N/A,N/A,N/A,N/A,N/A,133390336,133390336,39284736,4096,135168,28057600,1,systemd-journal,S (sleeping),learner-victim1.bnsdq.ozxfs.fkiya-owcwb.kvugl,0.19193811580688888,1
1759319266,55670,1,N/A,N/A,N/A,N/A,N/A,N/A,N/A,N/A,1647706112,1580597248,24514560,N/A,135168,82202624,5,discern-interfa,S (sleeping),learner-victim1.bnsdq.ozxfs.fkiya-owcwb.kvugl,0.004109307342240112,1
1759319266,55415,1,N/A,N/A,N/A,N/A,N/A,N/A,N/A,N/A,1264619520,1264619520,16920576,N/A,135168,45826048,4,discern-proc-so,R (running),learner-victim1.bnsdq.ozxfs.fkiya-owcwb.kvugl,2.646999560233094,1
1759319269,47032,46988,N/A,N/A,N/A,N/A,N/A,N/A,N/A,N/A,3625213952,3411099648,1339555840,N/A,151552,1707986944,17,python3,S (sleeping),learner-victim1.bnsdq.ozxfs.fkiya-owcwb.kvugl,172.37967110632007,0
1759319269,22346,1,N/A,N/A,N/A,N/A,N/A,N/A,N/A,N/A,1634725888,1567879168,127647744,N/A,135168,196059136,11,dockerd,S (sleeping),learner-victim1.bnsdq.ozxfs.fkiya-owcwb.kvugl,1.6565653429702463,0
1759319269,450,1,103,103,103,103,109,109,109,109,128172032,128172032,118439936,N/A,135168,120442880,1,dbus-daemon,S (sleeping),learner-victim1.bnsdq.ozxfs.fkiya-owcwb.kvugl,0.39786061984221077,0
1759319269,46940,46939,N/A,N/A,N/A,N/A,N/A,N/A,N/A,N/A,1449005056,1382223872,69607424,N/A,135168,177422336,9,docker,S (sleeping),learner-victim1.bnsdq.ozxfs.fkiya-owcwb.kvugl,0.03708999064654948,0
1759319269,3426,1,N/A,N/A,N/A,N/A,N/A,N/A,N/A,N/A,2476675072,2409566208,117846016,N/A,135168,256344064,15,discern-network,S (sleeping),learner-victim1.bnsdq.ozxfs.fkiya-owcwb.kvugl,2.372078124082446,0
1759319271,376,1,103,103,103,103,109,109,109,109,169508864,169508864,163221504,N/A,135168,161779712,1,dbus-daemon,S (sleeping),learner-victim1.bnsdq.ozxfs.fkiya-owcwb.kvugl,0.2933260569606315,1
1759319271,3358,1,N/A,N/A,N/A,N/A,N/A,N/A,N/A,N/A,1953800192,1922494464,46579712,N/A,135168,174923776,13,discern-network,S (sleeping),learner-victim1.bnsdq.ozxfs.fkiya-owcwb.kvugl,0.5075282624815807,1
1759319271,179,1,N/A,N/A,N/A,N/A,N/A,N/A,N/A,N/A,133390336,133390336,39284736,4096,135168,28057600,1,systemd-journal,S (sleeping),learner-victim1.bnsdq.ozxfs.fkiya-owcwb.kvugl,0.1919397446384776,1
1759319271,55670,1,N/A,N/A,N/A,N/A,N/A,N/A,N/A,N/A,1647706112,1580597248,24514560,N/A,135168,82202624,5,discern-interfa,S (sleeping),learner-victim1.bnsdq.ozxfs.fkiya-owcwb.kvugl,0.004066072359119479,1
1759319271,55415,1,N/A,N/A,N/A,N/A,N/A,N/A,N/A,N/A,1264619520,1264619520,16920576,N/A,135168,45826048,4,discern-proc-so,R (running),learner-victim1.bnsdq.ozxfs.fkiya-owcwb.kvugl,2.6515399138367073,1
1759319274,47032,46988,N/A,N/A,N/A,N/A,N/A,N/A,N/A,N/A,3625213952,3336482816,1339555840,N/A,151552,1633370112,17,python3,S (sleeping),learner-victim1.bnsdq.ozxfs.fkiya-owcwb.kvugl,171.7764275922675,0
1759319274,22346,1,N/A,N/A,N/A,N/A,N/A,N/A,N/A,N/A,1634725888,1567879168,127647744,N/A,135168,196059136,11,dockerd,S (sleeping),learner-victim1.bnsdq.ozxfs.fkiya-owcwb.kvugl,1.6515604150467886,0
1759319274,450,1,103,103,103,103,109,109,109,109,128442368,128442368,118710272,N/A,135168,120713216,1,dbus-daemon,S (sleeping),learner-victim1.bnsdq.ozxfs.fkiya-owcwb.kvugl,0.39783169303145244,0
1759319274,46940,46939,N/A,N/A,N/A,N/A,N/A,N/A,N/A,N/A,1449005056,1382223872,69607424,N/A,135168,177422336,9,docker,S (sleeping),learner-victim1.bnsdq.ozxfs.fkiya-owcwb.kvugl,0.036307964191191824,0
1759319274,3426,1,N/A,N/A,N/A,N/A,N/A,N/A,N/A,N/A,2476675072,2409566208,117846016,N/A,135168,256344064,15,discern-network,S (sleeping),learner-victim1.bnsdq.ozxfs.fkiya-owcwb.kvugl,2.37035150093601,0
1759319277,376,1,103,103,103,103,109,109,109,109,169644032,169644032,163221504,N/A,135168,161914880,1,dbus-daemon,S (sleeping),learner-victim1.bnsdq.ozxfs.fkiya-owcwb.kvugl,0.2934446453545608,1
1759319277,3358,1,N/A,N/A,N/A,N/A,N/A,N/A,N/A,N/A,1953800192,1922494464,46579712,N/A,135168,174923776,13,discern-network,S (sleeping),learner-victim1.bnsdq.ozxfs.fkiya-owcwb.kvugl,0.5076261440036072,1
1759319277,179,1,N/A,N/A,N/A,N/A,N/A,N/A,N/A,N/A,133390336,133390336,39284736,4096,135168,28057600,1,systemd-journal,S (sleeping),learner-victim1.bnsdq.ozxfs.fkiya-owcwb.kvugl,0.1921850714831627,1
1759319277,55670,1,N/A,N/A,N/A,N/A,N/A,N/A,N/A,N/A,1647706112,1580597248,24514560,N/A,135168,82202624,5,discern-interfa,S (sleeping),learner-victim1.bnsdq.ozxfs.fkiya-owcwb.kvugl,0.004023919935361858,1
1759319277,55415,1,N/A,N/A,N/A,N/A,N/A,N/A,N/A,N/A,1264619520,1264619520,16920576,N/A,135168,45826048,4,discern-proc-so,S (sleeping),learner-victim1.bnsdq.ozxfs.fkiya-owcwb.kvugl,2.65024602432622,1
1759319280,47032,46988,N/A,N/A,N/A,N/A,N/A,N/A,N/A,N/A,3625213952,3336482816,1339555840,N/A,151552,1633370112,17,python3,S (sleeping),learner-victim1.bnsdq.ozxfs.fkiya-owcwb.kvugl,171.05352512164635,0
1759319280,22346,1,N/A,N/A,N/A,N/A,N/A,N/A,N/A,N/A,1634725888,1567879168,127647744,N/A,135168,196059136,11,dockerd,S (sleeping),learner-victim1.bnsdq.ozxfs.fkiya-owcwb.kvugl,1.646594153943291,0
1759319280,450,1,103,103,103,103,109,109,109,109,128577536,128577536,118980608,N/A,135168,120848384,1,dbus-daemon,S (sleeping),learner-victim1.bnsdq.ozxfs.fkiya-owcwb.kvugl,0.3978041837877878,0
1759319280,46940,46939,N/A,N/A,N/A,N/A,N/A,N/A,N/A,N/A,1449005056,1382223872,69607424,N/A,135168,177422336,9,docker,S (sleeping),learner-victim1.bnsdq.ozxfs.fkiya-owcwb.kvugl,0.03951056169049314,0
1759319280,3426,1,N/A,N/A,N/A,N/A,N/A,N/A,N/A,N/A,2476675072,2409566208,117846016,N/A,135168,256344064,15,discern-network,S (sleeping),learner-victim1.bnsdq.ozxfs.fkiya-owcwb.kvugl,2.3690322122814282,0
1759319282,376,1,103,103,103,103,109,109,109,109,169779200,169779200,163491840,N/A,135168,162050048,1,dbus-daemon,S (sleeping),learner-victim1.bnsdq.ozxfs.fkiya-owcwb.kvugl,0.29331911443064274,1
1759319282,3358,1,N/A,N/A,N/A,N/A,N/A,N/A,N/A,N/A,1953800192,1922494464,46579712,N/A,135168,174923776,13,discern-network,S (sleeping),learner-victim1.bnsdq.ozxfs.fkiya-owcwb.kvugl,0.5077212158083576,1
1759319282,179,1,N/A,N/A,N/A,N/A,N/A,N/A,N/A,N/A,133390336,133390336,39284736,4096,135168,28057600,1,systemd-journal,S (sleeping),learner-victim1.bnsdq.ozxfs.fkiya-owcwb.kvugl,0.19194415462976053,1
1759319282,55670,1,N/A,N/A,N/A,N/A,N/A,N/A,N/A,N/A,1647706112,1580597248,24514560,N/A,135168,82202624,5,discern-interfa,S (sleeping),learner-victim1.bnsdq.ozxfs.fkiya-owcwb.kvugl,0.0039824751585665,1
1759319282,55415,1,N/A,N/A,N/A,N/A,N/A,N/A,N/A,N/A,1264619520,1264619520,16920576,N/A,135168,45826048,4,discern-proc-so,R (running),learner-victim1.bnsdq.ozxfs.fkiya-owcwb.kvugl,2.6527438213749353,1
1759319285,47032,46988,N/A,N/A,N/A,N/A,N/A,N/A,N/A,N/A,3625213952,3250847744,1339555840,N/A,151552,1547735040,17,python3,S (sleeping),learner-victim1.bnsdq.ozxfs.fkiya-owcwb.kvugl,170.48574901665754,0
1759319285,22346,1,N/A,N/A,N/A,N/A,N/A,N/A,N/A,N/A,1634725888,1567879168,127647744,N/A,135168,196059136,11,dockerd,S (sleeping),learner-victim1.bnsdq.ozxfs.fkiya-owcwb.kvugl,1.6416707352052005,0
1759319285,450,1,103,103,103,103,109,109,109,109,128983040,128983040,119250944,N/A,135168,121253888,1,dbus-daemon,S (sleeping),learner-victim1.bnsdq.ozxfs.fkiya-owcwb.kvugl,0.3985046412559416,0
1759319285,46940,46939,N/A,N/A,N/A,N/A,N/A,N/A,N/A,N/A,1449005056,1382223872,69607424,N/A,135168,177422336,9,docker,S (sleeping),learner-victim1.bnsdq.ozxfs.fkiya-owcwb.kvugl,0.038714592954274325,0
1759319285,3426,1,N/A,N/A,N/A,N/A,N/A,N/A,N/A,N/A,2476675072,2409566208,117846016,N/A,135168,256344064,15,discern-network,S (sleeping),learner-victim1.bnsdq.ozxfs.fkiya-owcwb.kvugl,2.3681218990515793,0
1759319287,376,1,103,103,103,103,109,109,109,109,169914368,169914368,163762176,N/A,135168,162185216,1,dbus-daemon,S (sleeping),learner-victim1.bnsdq.ozxfs.fkiya-owcwb.kvugl,0.2931951275002116,1
1759319287,3358,1,N/A,N/A,N/A,N/A,N/A,N/A,N/A,N/A,1953800192,1922494464,46579712,N/A,135168,174923776,13,discern-network,S (sleeping),learner-victim1.bnsdq.ozxfs.fkiya-owcwb.kvugl,0.5073109548713481,1
1759319287,179,1,N/A,N/A,N/A,N/A,N/A,N/A,N/A,N/A,133390336,133390336,39284736,4096,135168,28057600,1,systemd-journal,S (sleeping),learner-victim1.bnsdq.ozxfs.fkiya-owcwb.kvugl,0.19194669408272994,1
1759319287,55670,1,N/A,N/A,N/A,N/A,N/A,N/A,N/A,N/A,1647706112,1580597248,24514560,N/A,135168,82202624,5,discern-interfa,S (sleeping),learner-victim1.bnsdq.ozxfs.fkiya-owcwb.kvugl,0.003942009505717863,1
1759319287,55415,1,N/A,N/A,N/A,N/A,N/A,N/A,N/A,N/A,1264619520,1264619520,16920576,N/A,135168,45826048,4,discern-proc-so,S (sleeping),learner-victim1.bnsdq.ozxfs.fkiya-owcwb.kvugl,2.653365128235173,1
1759319290,47032,46988,N/A,N/A,N/A,N/A,N/A,N/A,N/A,N/A,3625213952,3274145792,1339555840,N/A,151552,1571033088,17,python3,S (sleeping),learner-victim1.bnsdq.ozxfs.fkiya-owcwb.kvugl,170.156238610392,0
1759319290,22346,1,N/A,N/A,N/A,N/A,N/A,N/A,N/A,N/A,1634725888,1567879168,127647744,N/A,135168,196059136,11,dockerd,S (sleeping),learner-victim1.bnsdq.ozxfs.fkiya-owcwb.kvugl,1.6367526799858925,0
1759319290,450,1,103,103,103,103,109,109,109,109,129118208,129118208,119521280,N/A,135168,121389056,1,dbus-daemon,S (sleeping),learner-victim1.bnsdq.ozxfs.fkiya-owcwb.kvugl,0.39811201756546677,0
1759319290,46940,46939,N/A,N/A,N/A,N/A,N/A,N/A,N/A,N/A,1449005056,1382223872,69607424,N/A,135168,177422336,9,docker,S (sleeping),learner-victim1.bnsdq.ozxfs.fkiya-owcwb.kvugl,0.037946384378213835,0
1759319290,3426,1,N/A,N/A,N/A,N/A,N/A,N/A,N/A,N/A,2476675072,2409566208,117846016,N/A,135168,256344064,15,discern-network,S (sleeping),learner-victim1.bnsdq.ozxfs.fkiya-owcwb.kvugl,2.366801522393428,0
1759319292,376,1,103,103,103,103,109,109,109,109,170049536,170049536,163762176,N/A,135168,162320384,1,dbus-daemon,S (sleeping),learner-victim1.bnsdq.ozxfs.fkiya-owcwb.kvugl,0.29306982318437486,1
1759319292,3358,1,N/A,N/A,N/A,N/A,N/A,N/A,N/A,N/A,1953800192,1922494464,46579712,N/A,135168,174923776,13,discern-network,S (sleeping),learner-victim1.bnsdq.ozxfs.fkiya-owcwb.kvugl,0.5071521433651357,1
1759319292,179,1,N/A,N/A,N/A,N/A,N/A,N/A,N/A,N/A,133390336,133390336,39284736,4096,135168,28057600,1,systemd-journal,S (sleeping),learner-victim1.bnsdq.ozxfs.fkiya-owcwb.kvugl,0.19194816395953213,1
1759319292,55670,1,N/A,N/A,N/A,N/A,N/A,N/A,N/A,N/A,1647706112,1580597248,24514560,N/A,135168,82202624,5,discern-interfa,S (sleeping),learner-victim1.bnsdq.ozxfs.fkiya-owcwb.kvugl,0.003902183668521354,1
1759319292,55415,1,N/A,N/A,N/A,N/A,N/A,N/A,N/A,N/A,1264619520,1264619520,16920576,N/A,135168,45826048,4,discern-proc-so,R (running),learner-victim1.bnsdq.ozxfs.fkiya-owcwb.kvugl,2.6557548177229484,1
1759319295,47032,46988,N/A,N/A,N/A,N/A,N/A,N/A,N/A,N/A,3625213952,3301351424,1339555840,N/A,151552,1598238720,17,python3,S (sleeping),learner-victim1.bnsdq.ozxfs.fkiya-owcwb.kvugl,169.9795070638683,0
1759319295,22346,1,N/A,N/A,N/A,N/A,N/A,N/A,N/A,N/A,1634725888,1567879168,127647744,N/A,135168,196059136,11,dockerd,S (sleeping),learner-victim1.bnsdq.ozxfs.fkiya-owcwb.kvugl,1.6318717623140462,0
1759319295,450,1,103,103,103,103,109,109,109,109,129388544,129388544,119791616,N/A,135168,121659392,1,dbus-daemon,S (sleeping),learner-victim1.bnsdq.ozxfs.fkiya-owcwb.kvugl,0.39772206716266345,0
1759319295,46940,46939,N/A,N/A,N/A,N/A,N/A,N/A,N/A,N/A,1449005056,1382223872,69607424,N/A,135168,177422336,9,docker,S (sleeping),learner-victim1.bnsdq.ozxfs.fkiya-owcwb.kvugl,0.040930136399504234,0
1759319295,3426,1,N/A,N/A,N/A,N/A,N/A,N/A,N/A,N/A,2476675072,2409566208,117846016,N/A,135168,256344064,15,discern-network,S (sleeping),learner-victim1.bnsdq.ozxfs.fkiya-owcwb.kvugl,2.364715474370532,0
1759319297,376,1,103,103,103,103,109,109,109,109,170319872,170319872,164032512,N/A,135168,162590720,1,dbus-daemon,S (sleeping),learner-victim1.bnsdq.ozxfs.fkiya-owcwb.kvugl,0.2929464973093593,1
1759319297,3358,1,N/A,N/A,N/A,N/A,N/A,N/A,N/A,N/A,1953800192,1922494464,46579712,N/A,135168,174923776,13,discern-network,S (sleeping),learner-victim1.bnsdq.ozxfs.fkiya-owcwb.kvugl,0.5075027477963457,1
1759319297,179,1,N/A,N/A,N/A,N/A,N/A,N/A,N/A,N/A,133390336,133390336,39284736,4096,135168,28057600,1,systemd-journal,S (sleeping),learner-victim1.bnsdq.ozxfs.fkiya-owcwb.kvugl,0.19170927127855064,1
1759319297,55670,1,N/A,N/A,N/A,N/A,N/A,N/A,N/A,N/A,1647706112,1580597248,24514560,N/A,135168,82202624,5,discern-interfa,S (sleeping),learner-victim1.bnsdq.ozxfs.fkiya-owcwb.kvugl,0.0038633296220857804,1
1759319297,55415,1,N/A,N/A,N/A,N/A,N/A,N/A,N/A,N/A,1264619520,1264619520,16920576,N/A,135168,45826048,4,discern-proc-so,R (running),learner-victim1.bnsdq.ozxfs.fkiya-owcwb.kvugl,2.6544606132566724,1
1759319300,47032,46988,N/A,N/A,N/A,N/A,N/A,N/A,N/A,N/A,3625213952,3311673344,1339555840,N/A,151552,1608572928,17,python3,S (sleeping),learner-victim1.bnsdq.ozxfs.fkiya-owcwb.kvugl,169.8909929171347,0
1759319300,22346,1,N/A,N/A,N/A,N/A,N/A,N/A,N/A,N/A,1634725888,1567879168,127647744,N/A,135168,196059136,11,dockerd,S (sleeping),learner-victim1.bnsdq.ozxfs.fkiya-owcwb.kvugl,1.6270325431958566,0
1759319300,450,1,103,103,103,103,109,109,109,109,129527808,129527808,120061952,N/A,135168,121798656,1,dbus-daemon,S (sleeping),learner-victim1.bnsdq.ozxfs.fkiya-owcwb.kvugl,0.39769644728952513,0
1759319300,46940,46939,N/A,N/A,N/A,N/A,N/A,N/A,N/A,N/A,1449005056,1382223872,69607424,N/A,135168,177422336,9,docker,S (sleeping),learner-victim1.bnsdq.ozxfs.fkiya-owcwb.kvugl,0.040152179423638176,0
1759319300,3426,1,N/A,N/A,N/A,N/A,N/A,N/A,N/A,N/A,2476675072,2409566208,117846016,N/A,135168,256344064,15,discern-network,S (sleeping),learner-victim1.bnsdq.ozxfs.fkiya-owcwb.kvugl,2.3634277638277696,0
1759319302,376,1,103,103,103,103,109,109,109,109,170590208,170590208,164302848,N/A,135168,162861056,1,dbus-daemon,S (sleeping),learner-victim1.bnsdq.ozxfs.fkiya-owcwb.kvugl,0.2933059836826897,1
1759319302,3358,1,N/A,N/A,N/A,N/A,N/A,N/A,N/A,N/A,1953800192,1922494464,46579712,N/A,135168,174923776,13,discern-network,S (sleeping),learner-victim1.bnsdq.ozxfs.fkiya-owcwb.kvugl,0.5073472896007059,1
1759319302,179,1,N/A,N/A,N/A,N/A,N/A,N/A,N/A,N/A,133390336,133390336,39284736,4096,135168,28057600,1,systemd-journal,S (sleeping),learner-victim1.bnsdq.ozxfs.fkiya-owcwb.kvugl,0.19195333154593794,1
1759319302,55670,1,N/A,N/A,N/A,N/A,N/A,N/A,N/A,N/A,1647706112,1580597248,24514560,N/A,135168,82202624,5,discern-interfa,S (sleeping),learner-victim1.bnsdq.ozxfs.fkiya-owcwb.kvugl,0.003825251948220732,1
1759319302,55415,1,N/A,N/A,N/A,N/A,N/A,N/A,N/A,N/A,1264619520,1264619520,16920576,N/A,135168,45826048,4,discern-proc-so,S (sleeping),learner-victim1.bnsdq.ozxfs.fkiya-owcwb.kvugl,2.653198159135856,1
1759319306,47032,46988,N/A,N/A,N/A,N/A,N/A,N/A,N/A,N/A,3625213952,3303784448,1339555840,N/A,151552,1600684032,17,python3,S (sleeping),learner-victim1.bnsdq.ozxfs.fkiya-owcwb.kvugl,169.9930626607272,0
1759319306,22346,1,N/A,N/A,N/A,N/A,N/A,N/A,N/A,N/A,1634725888,1567879168,127647744,N/A,135168,196059136,11,dockerd,S (sleeping),learner-victim1.bnsdq.ozxfs.fkiya-owcwb.kvugl,1.622216748654074,0
1759319306,450,1,103,103,103,103,109,109,109,109,129814528,129814528,120061952,N/A,135168,122085376,1,dbus-daemon,S (sleeping),learner-victim1.bnsdq.ozxfs.fkiya-owcwb.kvugl,0.3980302753578465,0
1759319306,46940,46939,N/A,N/A,N/A,N/A,N/A,N/A,N/A,N/A,1449005056,1382223872,69607424,N/A,135168,177422336,9,docker,S (sleeping),learner-victim1.bnsdq.ozxfs.fkiya-owcwb.kvugl,0.039402388854709966,0
1759319306,3426,1,N/A,N/A,N/A,N/A,N/A,N/A,N/A,N/A,2476675072,2409566208,117846016,N/A,135168,256344064,15,discern-network,S (sleeping),learner-victim1.bnsdq.ozxfs.fkiya-owcwb.kvugl,2.3621391114158414,0
1759319307,376,1,103,103,103,103,109,109,109,109,170725376,170725376,164573184,N/A,135168,162996224,1,dbus-daemon,S (sleeping),learner-victim1.bnsdq.ozxfs.fkiya-owcwb.kvugl,0.29318280827780535,1
1759319307,3358,1,N/A,N/A,N/A,N/A,N/A,N/A,N/A,N/A,1953800192,1922494464,46579712,N/A,135168,174923776,13,discern-network,S (sleeping),learner-victim1.bnsdq.ozxfs.fkiya-owcwb.kvugl,0.507444643874197,1
1759319307,179,1,N/A,N/A,N/A,N/A,N/A,N/A,N/A,N/A,133390336,133390336,39284736,4096,135168,28057600,1,systemd-journal,S (sleeping),learner-victim1.bnsdq.ozxfs.fkiya-owcwb.kvugl,0.19171511542120295,1
1759319308,55670,1,N/A,N/A,N/A,N/A,N/A,N/A,N/A,N/A,1647706112,1580597248,24514560,N/A,135168,82202624,5,discern-interfa,S (sleeping),learner-victim1.bnsdq.ozxfs.fkiya-owcwb.kvugl,0.0037879210469447086,1
1759319308,55415,1,N/A,N/A,N/A,N/A,N/A,N/A,N/A,N/A,1264619520,1264619520,16920576,N/A,135168,45826048,4,discern-proc-so,R (running),learner-victim1.bnsdq.ozxfs.fkiya-owcwb.kvugl,2.65196195217787,1
1759319311,47032,46988,N/A,N/A,N/A,N/A,N/A,N/A,N/A,N/A,3625213952,3321184256,1339555840,N/A,151552,1618083840,17,python3,S (sleeping),learner-victim1.bnsdq.ozxfs.fkiya-owcwb.kvugl,170.15657898803536,0
1759319311,22346,1,N/A,N/A,N/A,N/A,N/A,N/A,N/A,N/A,1634725888,1567879168,127647744,N/A,135168,196059136,11,dockerd,S (sleeping),learner-victim1.bnsdq.ozxfs.fkiya-owcwb.kvugl,1.6174319734093012,0
1759319311,450,1,103,103,103,103,109,109,109,109,129949696,129949696,120332288,N/A,135168,122220544,1,dbus-daemon,S (sleeping),learner-victim1.bnsdq.ozxfs.fkiya-owcwb.kvugl,0.3976442685277236,0
1759319311,46940,46939,N/A,N/A,N/A,N/A,N/A,N/A,N/A,N/A,1449005056,1382223872,69607424,N/A,135168,177422336,9,docker,S (sleeping),learner-victim1.bnsdq.ozxfs.fkiya-owcwb.kvugl,0.038680555625322195,0
1759319311,3426,1,N/A,N/A,N/A,N/A,N/A,N/A,N/A,N/A,2476675072,2409566208,117846016,N/A,135168,256344064,15,discern-network,S (sleeping),learner-victim1.bnsdq.ozxfs.fkiya-owcwb.kvugl,2.360472794407897,0
1759319313,376,1,103,103,103,103,109,109,109,109,170995712,170995712,164573184,N/A,135168,163266560,1,dbus-daemon,S (sleeping),learner-victim1.bnsdq.ozxfs.fkiya-owcwb.kvugl,0.2933008795151433,1
1759319313,3358,1,N/A,N/A,N/A,N/A,N/A,N/A,N/A,N/A,1953800192,1922494464,46579712,N/A,135168,174923776,13,discern-network,S (sleeping),learner-victim1.bnsdq.ozxfs.fkiya-owcwb.kvugl,0.5072903452992109,1
1759319313,179,1,N/A,N/A,N/A,N/A,N/A,N/A,N/A,N/A,133390336,133390336,39284736,4096,135168,28057600,1,systemd-journal,S (sleeping),learner-victim1.bnsdq.ozxfs.fkiya-owcwb.kvugl,0.19195880949865615,1
1759319313,55670,1,N/A,N/A,N/A,N/A,N/A,N/A,N/A,N/A,1647706112,1580597248,24514560,N/A,135168,82202624,5,discern-interfa,S (sleeping),learner-victim1.bnsdq.ozxfs.fkiya-owcwb.kvugl,0.0037513461985332172,1
1759319313,55415,1,N/A,N/A,N/A,N/A,N/A,N/A,N/A,N/A,1264619520,1264619520,16920576,N/A,135168,45826048,4,discern-proc-so,S (sleeping),learner-victim1.bnsdq.ozxfs.fkiya-owcwb.kvugl,2.650772058111286,1
1759319316,47032,46988,N/A,N/A,N/A,N/A,N/A,N/A,N/A,N/A,3625213952,3334483968,1339555840,N/A,151552,1631391744,17,python3,S (sleeping),learner-victim1.bnsdq.ozxfs.fkiya-owcwb.kvugl,170.35137291178572,0
1759319316,22346,1,N/A,N/A,N/A,N/A,N/A,N/A,N/A,N/A,1634725888,1567879168,127647744,N/A,135168,196059136,11,dockerd,S (sleeping),learner-victim1.bnsdq.ozxfs.fkiya-owcwb.kvugl,1.6132436266128927,0
1759319316,450,1,103,103,103,103,109,109,109,109,130084864,130084864,120602624,N/A,135168,122355712,1,dbus-daemon,S (sleeping),learner-victim1.bnsdq.ozxfs.fkiya-owcwb.kvugl,0.39761912862798626,0
1759319316,46940,46939,N/A,N/A,N/A,N/A,N/A,N/A,N/A,N/A,1449005056,1382223872,69607424,N/A,135168,177422336,9,docker,S (sleeping),learner-victim1.bnsdq.ozxfs.fkiya-owcwb.kvugl,0.03798520793779679,0
1759319316,3426,1,N/A,N/A,N/A,N/A,N/A,N/A,N/A,N/A,2476675072,2409566208,117846016,N/A,135168,256344064,15,discern-network,S (sleeping),learner-victim1.bnsdq.ozxfs.fkiya-owcwb.kvugl,2.358429940273334,0
1759319318,376,1,103,103,103,103,109,109,109,109,171130880,171130880,164843520,N/A,135168,163401728,1,dbus-daemon,S (sleeping),learner-victim1.bnsdq.ozxfs.fkiya-owcwb.kvugl,0.29317659507018246,1
1759319318,3358,1,N/A,N/A,N/A,N/A,N/A,N/A,N/A,N/A,1953800192,1922494464,46579712,N/A,135168,174923776,13,discern-network,S (sleeping),learner-victim1.bnsdq.ozxfs.fkiya-owcwb.kvugl,0.5076366272354367,1
1759319318,179,1,N/A,N/A,N/A,N/A,N/A,N/A,N/A,N/A,133390336,133390336,39284736,4096,135168,28057600,1,systemd-journal,S (sleeping),learner-victim1.bnsdq.ozxfs.fkiya-owcwb.kvugl,0.19196049906596793,1
1759319318,55670,1,N/A,N/A,N/A,N/A,N/A,N/A,N/A,N/A,1647706112,1580597248,24514560,N/A,135168,82202624,5,discern-interfa,S (sleeping),learner-victim1.bnsdq.ozxfs.fkiya-owcwb.kvugl,0.0037152983193134244,1
1759319318,55415,1,N/A,N/A,N/A,N/A,N/A,N/A,N/A,N/A,1264619520,1264619520,16920576,N/A,135168,45826048,4,discern-proc-so,R (running),learner-victim1.bnsdq.ozxfs.fkiya-owcwb.kvugl,2.654907790045249,1
1759319321,47032,46988,N/A,N/A,N/A,N/A,N/A,N/A,N/A,N/A,3625213952,3346317312,1339555840,N/A,151552,1643225088,17,python3,S (sleeping),learner-victim1.bnsdq.ozxfs.fkiya-owcwb.kvugl,170.57493960058068,0
1759319321,22346,1,N/A,N/A,N/A,N/A,N/A,N/A,N/A,N/A,1634725888,1567879168,127647744,N/A,135168,196059136,11,dockerd,S (sleeping),learner-victim1.bnsdq.ozxfs.fkiya-owcwb.kvugl,1.60847195445095,0
1759319321,450,1,103,103,103,103,109,109,109,109,130355200,130355200,120872960,N/A,135168,122626048,1,dbus-daemon,S (sleeping),learner-victim1.bnsdq.ozxfs.fkiya-owcwb.kvugl,0.39794518199216794,0
1759319321,46940,46939,N/A,N/A,N/A,N/A,N/A,N/A,N/A,N/A,1449005056,1382223872,69607424,N/A,135168,177422336,9,docker,S (sleeping),learner-victim1.bnsdq.ozxfs.fkiya-owcwb.kvugl,0.037308119771550866,0
1759319321,3426,1,N/A,N/A,N/A,N/A,N/A,N/A,N/A,N/A,2476675072,2409566208,117846016,N/A,135168,256344064,15,discern-network,S (sleeping),learner-victim1.bnsdq.ozxfs.fkiya-owcwb.kvugl,2.358277659650634,0
1759319323,376,1,103,103,103,103,109,109,109,109,171266048,171266048,165113856,N/A,135168,163536896,1,dbus-daemon,S (sleeping),learner-victim1.bnsdq.ozxfs.fkiya-owcwb.kvugl,0.2930541905675477,1
1759319323,3358,1,N/A,N/A,N/A,N/A,N/A,N/A,N/A,N/A,1953800192,1922494464,46579712,N/A,135168,174923776,13,discern-network,S (sleeping),learner-victim1.bnsdq.ozxfs.fkiya-owcwb.kvugl,0.5072307947135098,1
1759319323,179,1,N/A,N/A,N/A,N/A,N/A,N/A,N/A,N/A,133390336,133390336,39284736,4096,135168,28057600,1,systemd-journal,S (sleeping),learner-victim1.bnsdq.ozxfs.fkiya-owcwb.kvugl,0.19172325757747805,1
1759319323,55670,1,N/A,N/A,N/A,N/A,N/A,N/A,N/A,N/A,1647706112,1580597248,24514560,N/A,135168,82202624,5,discern-interfa,S (sleeping),learner-victim1.bnsdq.ozxfs.fkiya-owcwb.kvugl,0.003680087401479022,1
1759319323,55415,1,N/A,N/A,N/A,N/A,N/A,N/A,N/A,N/A,1264619520,1264619520,16920576,N/A,135168,45826048,4,discern-proc-so,S (sleeping),learner-victim1.bnsdq.ozxfs.fkiya-owcwb.kvugl,2.6537003685085883,1
1759319327,47032,46988,N/A,N/A,N/A,N/A,N/A,N/A,N/A,N/A,3625213952,3422441472,1339555840,N/A,151552,1719349248,17,python3,S (sleeping),learner-victim1.bnsdq.ozxfs.fkiya-owcwb.kvugl,170.60777626881898,0
1759319327,22346,1,N/A,N/A,N/A,N/A,N/A,N/A,N/A,N/A,1634725888,1567879168,127647744,N/A,135168,196059136,11,dockerd,S (sleeping),learner-victim1.bnsdq.ozxfs.fkiya-owcwb.kvugl,1.6037510474514496,0
1759319327,450,1,103,103,103,103,109,109,109,109,130625536,130625536,121143296,N/A,135168,122896384,1,dbus-daemon,S (sleeping),learner-victim1.bnsdq.ozxfs.fkiya-owcwb.kvugl,0.3975585533600188,0
1759319327,51211,1,N/A,N/A,N/A,N/A,N/A,N/A,N/A,N/A,1467826176,1467826176,168873984,N/A,135168,253259776,7,discern-file-so,S (sleeping),learner-victim1.bnsdq.ozxfs.fkiya-owcwb.kvugl,84.4709731963856,0
1759319327,46940,46939,N/A,N/A,N/A,N/A,N/A,N/A,N/A,N/A,1449005056,1382223872,69607424,N/A,135168,177422336,9,docker,S (sleeping),learner-victim1.bnsdq.ozxfs.fkiya-owcwb.kvugl,0.036657801382837515,0
1759319328,376,1,103,103,103,103,109,109,109,109,171425792,171425792,165113856,N/A,135168,163696640,1,dbus-daemon,S (sleeping),learner-victim1.bnsdq.ozxfs.fkiya-owcwb.kvugl,0.29316999507058517,1
1759319328,3358,1,N/A,N/A,N/A,N/A,N/A,N/A,N/A,N/A,1953800192,1922494464,46579712,N/A,135168,174923776,13,discern-network,S (sleeping),learner-victim1.bnsdq.ozxfs.fkiya-owcwb.kvugl,0.5075758288236643,1
1759319328,179,1,N/A,N/A,N/A,N/A,N/A,N/A,N/A,N/A,133390336,133390336,39284736,4096,135168,28057600,1,systemd-journal,S (sleeping),learner-victim1.bnsdq.ozxfs.fkiya-owcwb.kvugl,0.19172508013778886,1
1759319328,55670,1,N/A,N/A,N/A,N/A,N/A,N/A,N/A,N/A,1647706112,1580597248,24514560,N/A,135168,82202624,5,discern-interfa,S (sleeping),learner-victim1.bnsdq.ozxfs.fkiya-owcwb.kvugl,0.003645367792918935,1
1759319328,55415,1,N/A,N/A,N/A,N/A,N/A,N/A,N/A,N/A,1264619520,1264619520,16920576,N/A,135168,45826048,4,discern-proc-so,S (sleeping),learner-victim1.bnsdq.ozxfs.fkiya-owcwb.kvugl,2.657717167437847,1
1759319332,47032,46988,N/A,N/A,N/A,N/A,N/A,N/A,N/A,N/A,3625213952,3372228608,1339555840,N/A,151552,1669136384,17,python3,S (sleeping),learner-victim1.bnsdq.ozxfs.fkiya-owcwb.kvugl,170.60117518619595,0
1759319332,22346,1,N/A,N/A,N/A,N/A,N/A,N/A,N/A,N/A,1634725888,1567879168,127647744,N/A,135168,196059136,11,dockerd,S (sleeping),learner-victim1.bnsdq.ozxfs.fkiya-owcwb.kvugl,1.5990700213874238,0
1759319332,450,1,103,103,103,103,109,109,109,109,130760704,130760704,121143296,N/A,135168,123031552,1,dbus-daemon,S (sleeping),learner-victim1.bnsdq.ozxfs.fkiya-owcwb.kvugl,0.39717530461415324,0
1759319332,46940,46939,N/A,N/A,N/A,N/A,N/A,N/A,N/A,N/A,1449005056,1382223872,69607424,N/A,135168,177422336,9,docker,S (sleeping),learner-victim1.bnsdq.ozxfs.fkiya-owcwb.kvugl,0.036031408707123895,0
1759319332,3426,1,N/A,N/A,N/A,N/A,N/A,N/A,N/A,N/A,2476675072,2409566208,117846016,N/A,135168,256344064,15,discern-network,S (sleeping),learner-victim1.bnsdq.ozxfs.fkiya-owcwb.kvugl,2.3541931222162473,0
1759319333,376,1,103,103,103,103,109,109,109,109,171700224,171700224,165384192,N/A,135168,163971072,1,dbus-daemon,S (sleeping),learner-victim1.bnsdq.ozxfs.fkiya-owcwb.kvugl,0.2932874664421018,1
1759319333,3358,1,N/A,N/A,N/A,N/A,N/A,N/A,N/A,N/A,1953800192,1922494464,46579712,N/A,135168,174923776,13,discern-network,S (sleeping),learner-victim1.bnsdq.ozxfs.fkiya-owcwb.kvugl,0.5074221043987253,1
1759319333,179,1,N/A,N/A,N/A,N/A,N/A,N/A,N/A,N/A,133390336,133390336,39284736,4096,135168,28057600,1,systemd-journal,S (sleeping),learner-victim1.bnsdq.ozxfs.fkiya-owcwb.kvugl,0.19172817696694755,1
1759319333,55670,1,N/A,N/A,N/A,N/A,N/A,N/A,N/A,N/A,1647706112,1580597248,24514560,N/A,135168,82202624,5,discern-interfa,S (sleeping),learner-victim1.bnsdq.ozxfs.fkiya-owcwb.kvugl,0.0036114785810325107,1
1759319333,55415,1,N/A,N/A,N/A,N/A,N/A,N/A,N/A,N/A,1264619520,1264619520,16920576,N/A,135168,45826048,4,discern-proc-so,R (running),learner-victim1.bnsdq.ozxfs.fkiya-owcwb.kvugl,2.654758774440393,1
1759319337,47032,46988,N/A,N/A,N/A,N/A,N/A,N/A,N/A,N/A,3625213952,3394019328,1339555840,N/A,151552,1690927104,17,python3,S (sleeping),learner-victim1.bnsdq.ozxfs.fkiya-owcwb.kvugl,170.9711683232847,0
1759319337,22346,1,N/A,N/A,N/A,N/A,N/A,N/A,N/A,N/A,1634725888,1567879168,127647744,N/A,135168,196059136,11,dockerd,S (sleeping),learner-victim1.bnsdq.ozxfs.fkiya-owcwb.kvugl,1.5944188550317624,0
1759319337,450,1,103,103,103,103,109,109,109,109,131166208,131166208,121683968,N/A,135168,123437056,1,dbus-daemon,S (sleeping),learner-victim1.bnsdq.ozxfs.fkiya-owcwb.kvugl,0.3975062860203271,0
1759319337,46940,46939,N/A,N/A,N/A,N/A,N/A,N/A,N/A,N/A,1449005056,1382223872,69607424,N/A,135168,177422336,9,docker,S (sleeping),learner-victim1.bnsdq.ozxfs.fkiya-owcwb.kvugl,0.035426399169370515,0
1759319337,3426,1,N/A,N/A,N/A,N/A,N/A,N/A,N/A,N/A,2476675072,2409566208,117846016,N/A,135168,256344064,15,discern-network,S (sleeping),learner-victim1.bnsdq.ozxfs.fkiya-owcwb.kvugl,2.3529384351570997,0
1759319338,376,1,103,103,103,103,109,109,109,109,171835392,171835392,165384192,N/A,135168,164106240,1,dbus-daemon,S (sleeping),learner-victim1.bnsdq.ozxfs.fkiya-owcwb.kvugl,0.2931639093388418,1
1759319338,3358,1,N/A,N/A,N/A,N/A,N/A,N/A,N/A,N/A,1953800192,1922494464,46579712,N/A,135168,174923776,13,discern-network,S (sleeping),learner-victim1.bnsdq.ozxfs.fkiya-owcwb.kvugl,0.507516225724488,1
1759319338,179,1,N/A,N/A,N/A,N/A,N/A,N/A,N/A,N/A,133390336,133390336,39284736,4096,135168,28057600,1,systemd-journal,S (sleeping),learner-victim1.bnsdq.ozxfs.fkiya-owcwb.kvugl,0.19196927404394656,1
1759319338,55670,1,N/A,N/A,N/A,N/A,N/A,N/A,N/A,N/A,1647706112,1580597248,24514560,N/A,135168,82202624,5,discern-interfa,S (sleeping),learner-victim1.bnsdq.ozxfs.fkiya-owcwb.kvugl,0.0035780661109585167,1
1759319338,55415,1,N/A,N/A,N/A,N/A,N/A,N/A,N/A,N/A,1264619520,1264619520,16920576,N/A,135168,45826048,4,discern-proc-so,R (running),learner-victim1.bnsdq.ozxfs.fkiya-owcwb.kvugl,2.656973754008061,1
1759319342,47032,46988,N/A,N/A,N/A,N/A,N/A,N/A,N/A,N/A,3625213952,3527335936,1339555840,N/A,151552,1808617472,17,python3,S (sleeping),learner-victim1.bnsdq.ozxfs.fkiya-owcwb.kvugl,171.50219315172902,0
1759319342,22346,1,N/A,N/A,N/A,N/A,N/A,N/A,N/A,N/A,1634725888,1567879168,127647744,N/A,135168,196059136,11,dockerd,S (sleeping),learner-victim1.bnsdq.ozxfs.fkiya-owcwb.kvugl,1.589802578720896,0
1759319342,450,1,103,103,103,103,109,109,109,109,131301376,131301376,121683968,N/A,135168,123572224,1,dbus-daemon,S (sleeping),learner-victim1.bnsdq.ozxfs.fkiya-owcwb.kvugl,0.3974817684556477,0
1759319342,46940,46939,N/A,N/A,N/A,N/A,N/A,N/A,N/A,N/A,1449005056,1382223872,69607424,N/A,135168,177422336,9,docker,S (sleeping),learner-victim1.bnsdq.ozxfs.fkiya-owcwb.kvugl,0.03484234918892881,0
1759319342,3426,1,N/A,N/A,N/A,N/A,N/A,N/A,N/A,N/A,2476675072,2409566208,117846016,N/A,135168,256344064,15,discern-network,S (sleeping),learner-victim1.bnsdq.ozxfs.fkiya-owcwb.kvugl,2.3513142806889746,0
1759319344,376,1,103,103,103,103,109,109,109,109,171970560,171970560,165654528,N/A,135168,164241408,1,dbus-daemon,S (sleeping),learner-victim1.bnsdq.ozxfs.fkiya-owcwb.kvugl,0.2930418921618265,1
1759319344,3358,1,N/A,N/A,N/A,N/A,N/A,N/A,N/A,N/A,1953800192,1922494464,46579712,N/A,135168,174923776,13,discern-network,S (sleeping),learner-victim1.bnsdq.ozxfs.fkiya-owcwb.kvugl,0.5073622858533335,1
1759319344,179,1,N/A,N/A,N/A,N/A,N/A,N/A,N/A,N/A,133390336,133390336,39284736,4096,135168,28057600,1,systemd-journal,S (sleeping),learner-victim1.bnsdq.ozxfs.fkiya-owcwb.kvugl,0.19173304183274925,1
1759319344,55670,1,N/A,N/A,N/A,N/A,N/A,N/A,N/A,N/A,1647706112,1580597248,24514560,N/A,135168,82202624,5,discern-interfa,S (sleeping),learner-victim1.bnsdq.ozxfs.fkiya-owcwb.kvugl,0.003545376731806604,1
1759319344,55415,1,N/A,N/A,N/A,N/A,N/A,N/A,N/A,N/A,1264619520,1264619520,16920576,N/A,135168,45826048,4,discern-proc-so,S (sleeping),learner-victim1.bnsdq.ozxfs.fkiya-owcwb.kvugl,2.6575030826474726,1
1759319347,47032,46988,N/A,N/A,N/A,N/A,N/A,N/A,N/A,N/A,3625213952,3400876032,1339555840,N/A,151552,1697783808,17,python3,S (sleeping),learner-victim1.bnsdq.ozxfs.fkiya-owcwb.kvugl,172.17796484191624,0
1759319347,22346,1,N/A,N/A,N/A,N/A,N/A,N/A,N/A,N/A,1634725888,1567879168,127647744,N/A,135168,196059136,11,dockerd,S (sleeping),learner-victim1.bnsdq.ozxfs.fkiya-owcwb.kvugl,1.5863060922124188,0
1759319347,450,1,103,103,103,103,109,109,109,109,131571712,131571712,122224640,N/A,135168,123842560,1,dbus-daemon,S (sleeping),learner-victim1.bnsdq.ozxfs.fkiya-owcwb.kvugl,0.3974547491961608,0
1759319347,46940,46939,N/A,N/A,N/A,N/A,N/A,N/A,N/A,N/A,1449005056,1382223872,69607424,N/A,135168,177422336,9,docker,S (sleeping),learner-victim1.bnsdq.ozxfs.fkiya-owcwb.kvugl,0.03427528356383107,0
1759319347,3426,1,N/A,N/A,N/A,N/A,N/A,N/A,N/A,N/A,2476675072,2409566208,117846016,N/A,135168,256344064,15,discern-network,S (sleeping),learner-victim1.bnsdq.ozxfs.fkiya-owcwb.kvugl,2.350825191665093,0
1759319349,376,1,103,103,103,103,109,109,109,109,172240896,172240896,165924864,N/A,135168,164511744,1,dbus-daemon,S (sleeping),learner-victim1.bnsdq.ozxfs.fkiya-owcwb.kvugl,0.2933975186037769,1
1759319349,3358,1,N/A,N/A,N/A,N/A,N/A,N/A,N/A,N/A,1953800192,1922494464,46579712,N/A,135168,174923776,13,discern-network,S (sleeping),learner-victim1.bnsdq.ozxfs.fkiya-owcwb.kvugl,0.5077087077125391,1
1759319349,179,1,N/A,N/A,N/A,N/A,N/A,N/A,N/A,N/A,133390336,133390336,39284736,4096,135168,28057600,1,systemd-journal,S (sleeping),learner-victim1.bnsdq.ozxfs.fkiya-owcwb.kvugl,0.19197452597189826,1
1759319349,55670,1,N/A,N/A,N/A,N/A,N/A,N/A,N/A,N/A,1647706112,1580597248,24514560,N/A,135168,82202624,5,discern-interfa,S (sleeping),learner-victim1.bnsdq.ozxfs.fkiya-owcwb.kvugl,0.0035133036125907023,1
1759319349,55415,1,N/A,N/A,N/A,N/A,N/A,N/A,N/A,N/A,1264619520,1264619520,16920576,N/A,135168,45826048,4,discern-proc-so,S (sleeping),learner-victim1.bnsdq.ozxfs.fkiya-owcwb.kvugl,2.6563294358515153,1
1759319353,47032,46988,N/A,N/A,N/A,N/A,N/A,N/A,N/A,N/A,3625213952,3340152832,1339555840,N/A,151552,1637060608,17,python3,S (sleeping),learner-victim1.bnsdq.ozxfs.fkiya-owcwb.kvugl,172.37090150736336,0
1759319353,22346,1,N/A,N/A,N/A,N/A,N/A,N/A,N/A,N/A,1634725888,1567879168,127647744,N/A,135168,196059136,11,dockerd,S (sleeping),learner-victim1.bnsdq.ozxfs.fkiya-owcwb.kvugl,1.581729075942308,0
1759319353,450,1,103,103,103,103,109,109,109,109,131706880,131706880,122224640,N/A,135168,123977728,1,dbus-daemon,S (sleeping),learner-victim1.bnsdq.ozxfs.fkiya-owcwb.kvugl,0.39707447335222423,0
1759319353,46940,46939,N/A,N/A,N/A,N/A,N/A,N/A,N/A,N/A,1449005056,1382223872,69607424,N/A,135168,177422336,9,docker,S (sleeping),learner-victim1.bnsdq.ozxfs.fkiya-owcwb.kvugl,0.0337270060506829,0
1759319353,3426,1,N/A,N/A,N/A,N/A,N/A,N/A,N/A,N/A,2476675072,2409566208,117846016,N/A,135168,256344064,15,discern-network,S (sleeping),learner-victim1.bnsdq.ozxfs.fkiya-owcwb.kvugl,2.3495815729440475,0
1759319354,376,1,103,103,103,103,109,109,109,109,172376064,172376064,166195200,N/A,135168,164646912,1,dbus-daemon,S (sleeping),learner-victim1.bnsdq.ozxfs.fkiya-owcwb.kvugl,0.29303754310296265,1
1759319354,3358,1,N/A,N/A,N/A,N/A,N/A,N/A,N/A,N/A,1953800192,1922494464,46579712,N/A,135168,174923776,13,discern-network,S (sleeping),learner-victim1.bnsdq.ozxfs.fkiya-owcwb.kvugl,0.5078048179888532,1
1759319354,179,1,N/A,N/A,N/A,N/A,N/A,N/A,N/A,N/A,133390336,133390336,39284736,4096,135168,28057600,1,systemd-journal,S (sleeping),learner-victim1.bnsdq.ozxfs.fkiya-owcwb.kvugl,0.19173904317595697,1
1759319354,55670,1,N/A,N/A,N/A,N/A,N/A,N/A,N/A,N/A,1647706112,1580597248,24514560,N/A,135168,82202624,5,discern-interfa,S (sleeping),learner-victim1.bnsdq.ozxfs.fkiya-owcwb.kvugl,0.0034818049568250634,1
1759319354,55415,1,N/A,N/A,N/A,N/A,N/A,N/A,N/A,N/A,1264619520,1264619520,16920576,N/A,135168,45826048,4,discern-proc-so,R (running),learner-victim1.bnsdq.ozxfs.fkiya-owcwb.kvugl,2.655175688877812,1
1759319358,47032,46988,N/A,N/A,N/A,N/A,N/A,N/A,N/A,N/A,3625213952,3340152832,1339555840,N/A,151552,1637060608,17,python3,S (sleeping),learner-victim1.bnsdq.ozxfs.fkiya-owcwb.kvugl,171.70326763807836,0
1759319358,22346,1,N/A,N/A,N/A,N/A,N/A,N/A,N/A,N/A,1634725888,1567879168,127647744,N/A,135168,196059136,11,dockerd,S (sleeping),learner-victim1.bnsdq.ozxfs.fkiya-owcwb.kvugl,1.5771566849389955,0
1759319358,450,1,103,103,103,103,109,109,109,109,131977216,131977216,122494976,N/A,135168,124248064,1,dbus-daemon,S (sleeping),learner-victim1.bnsdq.ozxfs.fkiya-owcwb.kvugl,0.3970456628297262,0
1759319358,46940,46939,N/A,N/A,N/A,N/A,N/A,N/A,N/A,N/A,1449005056,1382223872,69607424,N/A,135168,177422336,9,docker,S (sleeping),learner-victim1.bnsdq.ozxfs.fkiya-owcwb.kvugl,0.033193498330129696,0
1759319358,3426,1,N/A,N/A,N/A,N/A,N/A,N/A,N/A,N/A,2476675072,2409566208,117846016,N/A,135168,256344064,15,discern-network,S (sleeping),learner-victim1.bnsdq.ozxfs.fkiya-owcwb.kvugl,2.3475603372336193,0
1759319359,376,1,103,103,103,103,109,109,109,109,172646400,172646400,166465536,N/A,135168,164917248,1,dbus-daemon,S (sleeping),learner-victim1.bnsdq.ozxfs.fkiya-owcwb.kvugl,0.2931544145902473,1
1759319359,3358,1,N/A,N/A,N/A,N/A,N/A,N/A,N/A,N/A,1953800192,1922494464,46579712,N/A,135168,174923776,13,discern-network,S (sleeping),learner-victim1.bnsdq.ozxfs.fkiya-owcwb.kvugl,0.5074026166157288,1
1759319359,179,1,N/A,N/A,N/A,N/A,N/A,N/A,N/A,N/A,133390336,133390336,39284736,4096,135168,28057600,1,systemd-journal,S (sleeping),learner-victim1.bnsdq.ozxfs.fkiya-owcwb.kvugl,0.19197996916973448,1
1759319359,55670,1,N/A,N/A,N/A,N/A,N/A,N/A,N/A,N/A,1647706112,1580597248,24514560,N/A,135168,82202624,5,discern-interfa,S (sleeping),learner-victim1.bnsdq.ozxfs.fkiya-owcwb.kvugl,0.003450872101669447,1
1759319359,55415,1,N/A,N/A,N/A,N/A,N/A,N/A,N/A,N/A,1264619520,1264619520,16920576,N/A,135168,45826048,4,discern-proc-so,R (running),learner-victim1.bnsdq.ozxfs.fkiya-owcwb.kvugl,2.6523649370968525,1
1759319363,47032,46988,N/A,N/A,N/A,N/A,N/A,N/A,N/A,N/A,3625213952,3263381504,1339555840,N/A,151552,1560289280,17,python3,S (sleeping),learner-victim1.bnsdq.ozxfs.fkiya-owcwb.kvugl,171.20352820272993,0
1759319363,22346,1,N/A,N/A,N/A,N/A,N/A,N/A,N/A,N/A,1634725888,1567879168,127647744,N/A,135168,196059136,11,dockerd,S (sleeping),learner-victim1.bnsdq.ozxfs.fkiya-owcwb.kvugl,1.5726124340819094,0
1759319363,450,1,103,103,103,103,109,109,109,109,132141056,132141056,122765312,N/A,135168,124411904,1,dbus-daemon,S (sleeping),learner-victim1.bnsdq.ozxfs.fkiya-owcwb.kvugl,0.39701723354893603,0
1759319363,46940,46939,N/A,N/A,N/A,N/A,N/A,N/A,N/A,N/A,1449005056,1382223872,69607424,N/A,135168,177422336,9,docker,S (sleeping),learner-victim1.bnsdq.ozxfs.fkiya-owcwb.kvugl,0.03267679884329679,0
1759319363,3426,1,N/A,N/A,N/A,N/A,N/A,N/A,N/A,N/A,2476675072,2409566208,117846016,N/A,135168,256344064,15,discern-network,S (sleeping),learner-victim1.bnsdq.ozxfs.fkiya-owcwb.kvugl,2.3459283050885054,0
1759319364,376,1,103,103,103,103,109,109,109,109,172781568,172781568,166465536,N/A,135168,165052416,1,dbus-daemon,S (sleeping),learner-victim1.bnsdq.ozxfs.fkiya-owcwb.kvugl,0.29326945242910457,1
1759319364,3358,1,N/A,N/A,N/A,N/A,N/A,N/A,N/A,N/A,1953800192,1922494464,46579712,N/A,135168,174923776,13,discern-network,S (sleeping),learner-victim1.bnsdq.ozxfs.fkiya-owcwb.kvugl,0.5074961884048915,1
1759319364,179,1,N/A,N/A,N/A,N/A,N/A,N/A,N/A,N/A,133390336,133390336,39284736,4096,135168,28057600,1,systemd-journal,S (sleeping),learner-victim1.bnsdq.ozxfs.fkiya-owcwb.kvugl,0.19174408798274706,1
1759319364,55670,1,N/A,N/A,N/A,N/A,N/A,N/A,N/A,N/A,1647706112,1580597248,24514560,N/A,135168,82202624,5,discern-interfa,S (sleeping),learner-victim1.bnsdq.ozxfs.fkiya-owcwb.kvugl,0.0034203539142519754,1
1759319364,55415,1,N/A,N/A,N/A,N/A,N/A,N/A,N/A,N/A,1264619520,1264619520,16920576,N/A,135168,45826048,4,discern-proc-so,R (running),learner-victim1.bnsdq.ozxfs.fkiya-owcwb.kvugl,2.656173576830575,1
1759319368,47032,46988,N/A,N/A,N/A,N/A,N/A,N/A,N/A,N/A,3625213952,3268173824,1339555840,N/A,151552,1565081600,17,python3,S (sleeping),learner-victim1.bnsdq.ozxfs.fkiya-owcwb.kvugl,170.8553916644822,0
1759319368,22346,1,N/A,N/A,N/A,N/A,N/A,N/A,N/A,N/A,1634725888,1567879168,127647744,N/A,135168,196059136,11,dockerd,S (sleeping),learner-victim1.bnsdq.ozxfs.fkiya-owcwb.kvugl,1.5686498052172504,0
1759319368,450,1,103,103,103,103,109,109,109,109,132276224,132276224,123035648,N/A,135168,124547072,1,dbus-daemon,S (sleeping),learner-victim1.bnsdq.ozxfs.fkiya-owcwb.kvugl,0.39663785521265066,0
1759319368,46940,46939,N/A,N/A,N/A,N/A,N/A,N/A,N/A,N/A,1449005056,1382223872,69607424,N/A,135168,177422336,9,docker,S (sleeping),learner-victim1.bnsdq.ozxfs.fkiya-owcwb.kvugl,0.032176744430821365,0
1759319368,3426,1,N/A,N/A,N/A,N/A,N/A,N/A,N/A,N/A,2476675072,2409566208,117846016,N/A,135168,256344064,15,discern-network,S (sleeping),learner-victim1.bnsdq.ozxfs.fkiya-owcwb.kvugl,2.344310340779627,0
1759319369,376,1,103,103,103,103,109,109,109,109,172916736,172916736,166735872,N/A,135168,165187584,1,dbus-daemon,S (sleeping),learner-victim1.bnsdq.ozxfs.fkiya-owcwb.kvugl,0.2931485366395208,1
1759319369,3358,1,N/A,N/A,N/A,N/A,N/A,N/A,N/A,N/A,1953800192,1922494464,46579712,N/A,135168,174923776,13,discern-network,S (sleeping),learner-victim1.bnsdq.ozxfs.fkiya-owcwb.kvugl,0.5073441367029146,1
1759319369,179,1,N/A,N/A,N/A,N/A,N/A,N/A,N/A,N/A,133390336,133390336,39284736,4096,135168,28057600,1,systemd-journal,S (sleeping),learner-victim1.bnsdq.ozxfs.fkiya-owcwb.kvugl,0.19174720305227602,1
1759319369,55670,1,N/A,N/A,N/A,N/A,N/A,N/A,N/A,N/A,1647706112,1580597248,24514560,N/A,135168,82202624,5,discern-interfa,S (sleeping),learner-victim1.bnsdq.ozxfs.fkiya-owcwb.kvugl,0.0033905106831844207,1
1759319369,55415,1,N/A,N/A,N/A,N/A,N/A,N/A,N/A,N/A,1264619520,1264619520,16920576,N/A,135168,45826048,4,discern-proc-so,R (running),learner-victim1.bnsdq.ozxfs.fkiya-owcwb.kvugl,2.655064463022692,1
1759319374,47032,46988,N/A,N/A,N/A,N/A,N/A,N/A,N/A,N/A,3625213952,3297812480,1339555840,N/A,151552,1594720256,17,python3,S (sleeping),learner-victim1.bnsdq.ozxfs.fkiya-owcwb.kvugl,170.656635310411,0
1759319374,22346,1,N/A,N/A,N/A,N/A,N/A,N/A,N/A,N/A,1634725888,1567879168,127647744,N/A,135168,196059136,11,dockerd,S (sleeping),learner-victim1.bnsdq.ozxfs.fkiya-owcwb.kvugl,1.5641835009293945,0
1759319374,450,1,103,103,103,103,109,109,109,109,132681728,132681728,123305984,N/A,135168,124952576,1,dbus-daemon,S (sleeping),learner-victim1.bnsdq.ozxfs.fkiya-owcwb.kvugl,0.39731801193489275,0
1759319374,46940,46939,N/A,N/A,N/A,N/A,N/A,N/A,N/A,N/A,1449005056,1382223872,69607424,N/A,135168,177422336,9,docker,S (sleeping),learner-victim1.bnsdq.ozxfs.fkiya-owcwb.kvugl,0.03169393915197567,0
1759319374,3426,1,N/A,N/A,N/A,N/A,N/A,N/A,N/A,N/A,2476675072,2409566208,117846016,N/A,135168,256344064,15,discern-network,S (sleeping),learner-victim1.bnsdq.ozxfs.fkiya-owcwb.kvugl,2.34309783625674,0
1759319375,376,1,103,103,103,103,109,109,109,109,173187072,173187072,166735872,N/A,135168,165457920,1,dbus-daemon,S (sleeping),learner-victim1.bnsdq.ozxfs.fkiya-owcwb.kvugl,0.29326335996113373,1
1759319375,3358,1,N/A,N/A,N/A,N/A,N/A,N/A,N/A,N/A,1953800192,1922494464,46579712,N/A,135168,174923776,13,discern-network,S (sleeping),learner-victim1.bnsdq.ozxfs.fkiya-owcwb.kvugl,0.5076857880085509,1
1759319375,179,1,N/A,N/A,N/A,N/A,N/A,N/A,N/A,N/A,133390336,133390336,39284736,4096,135168,28057600,1,systemd-journal,S (sleeping),learner-victim1.bnsdq.ozxfs.fkiya-owcwb.kvugl,0.1917492432390451,1
1759319375,55670,1,N/A,N/A,N/A,N/A,N/A,N/A,N/A,N/A,1647706112,1580597248,24514560,N/A,135168,82202624,5,discern-interfa,S (sleeping),learner-victim1.bnsdq.ozxfs.fkiya-owcwb.kvugl,0.003361051007588089,1
1759319375,55415,1,N/A,N/A,N/A,N/A,N/A,N/A,N/A,N/A,1264619520,1264619520,16920576,N/A,135168,45826048,4,discern-proc-so,S (sleeping),learner-victim1.bnsdq.ozxfs.fkiya-owcwb.kvugl,2.657150198301408,1
1759319379,47032,46988,N/A,N/A,N/A,N/A,N/A,N/A,N/A,N/A,3625213952,3309166592,1339555840,N/A,151552,1606074368,17,python3,S (sleeping),learner-victim1.bnsdq.ozxfs.fkiya-owcwb.kvugl,170.56524011343814,0
1759319379,22346,1,N/A,N/A,N/A,N/A,N/A,N/A,N/A,N/A,1634725888,1567879168,127647744,N/A,135168,196059136,11,dockerd,S (sleeping),learner-victim1.bnsdq.ozxfs.fkiya-owcwb.kvugl,1.560300875703339,0
1759319379,450,1,103,103,103,103,109,109,109,109,132816896,132816896,123576320,N/A,135168,125087744,1,dbus-daemon,S (sleeping),learner-victim1.bnsdq.ozxfs.fkiya-owcwb.kvugl,0.3969449280485872,0
1759319379,46940,46939,N/A,N/A,N/A,N/A,N/A,N/A,N/A,N/A,1449005056,1382223872,69607424,N/A,135168,177422336,9,docker,S (sleeping),learner-victim1.bnsdq.ozxfs.fkiya-owcwb.kvugl,0.031226768434707123,0
1759319379,3426,1,N/A,N/A,N/A,N/A,N/A,N/A,N/A,N/A,2476675072,2409566208,117846016,N/A,135168,256344064,15,discern-network,S (sleeping),learner-victim1.bnsdq.ozxfs.fkiya-owcwb.kvugl,2.3407720349234107,0
1759319380,376,1,103,103,103,103,109,109,109,109,173322240,173322240,167006208,N/A,135168,165593088,1,dbus-daemon,S (sleeping),learner-victim1.bnsdq.ozxfs.fkiya-owcwb.kvugl,0.2931426449479914,1
1759319380,3358,1,N/A,N/A,N/A,N/A,N/A,N/A,N/A,N/A,1953800192,1922494464,46579712,N/A,135168,174923776,13,discern-network,S (sleeping),learner-victim1.bnsdq.ozxfs.fkiya-owcwb.kvugl,0.5075336975041523,1
1759319380,179,1,N/A,N/A,N/A,N/A,N/A,N/A,N/A,N/A,133390336,133390336,39284736,4096,135168,28057600,1,systemd-journal,S (sleeping),learner-victim1.bnsdq.ozxfs.fkiya-owcwb.kvugl,0.19151554670464893,1
1759319380,55670,1,N/A,N/A,N/A,N/A,N/A,N/A,N/A,N/A,1647706112,1580597248,24514560,N/A,135168,82202624,5,discern-interfa,S (sleeping),learner-victim1.bnsdq.ozxfs.fkiya-owcwb.kvugl,0.0033322212307776793,1
1759319380,55415,1,N/A,N/A,N/A,N/A,N/A,N/A,N/A,N/A,1264619520,1264619520,16920576,N/A,135168,45826048,4,discern-proc-so,S (sleeping),learner-victim1.bnsdq.ozxfs.fkiya-owcwb.kvugl,2.65604525918703,1
1759319384,47032,46988,N/A,N/A,N/A,N/A,N/A,N/A,N/A,N/A,3625213952,3319492608,1339555840,N/A,151552,1616400384,17,python3,S (sleeping),learner-victim1.bnsdq.ozxfs.fkiya-owcwb.kvugl,170.62171210002248,0
1759319384,22346,1,N/A,N/A,N/A,N/A,N/A,N/A,N/A,N/A,1634725888,1567879168,127647744,N/A,135168,196059136,11,dockerd,S (sleeping),learner-victim1.bnsdq.ozxfs.fkiya-owcwb.kvugl,1.555870557214275,0
1759319384,450,1,103,103,103,103,109,109,109,109,133087232,133087232,123846656,N/A,135168,125358080,1,dbus-daemon,S (sleeping),learner-victim1.bnsdq.ozxfs.fkiya-owcwb.kvugl,0.3969192668464114,0
1759319384,46940,46939,N/A,N/A,N/A,N/A,N/A,N/A,N/A,N/A,1449005056,1382223872,69607424,N/A,135168,177422336,9,docker,S (sleeping),learner-victim1.bnsdq.ozxfs.fkiya-owcwb.kvugl,0.030770532181303493,0
1759319384,3426,1,N/A,N/A,N/A,N/A,N/A,N/A,N/A,N/A,2476675072,2409566208,117846016,N/A,135168,256344064,15,discern-network,S (sleeping),learner-victim1.bnsdq.ozxfs.fkiya-owcwb.kvugl,2.3395577277269948,0
1759319385,376,1,103,103,103,103,109,109,109,109,173457408,173457408,167276544,N/A,135168,165728256,1,dbus-daemon,S (sleeping),learner-victim1.bnsdq.ozxfs.fkiya-owcwb.kvugl,0.2930228904832238,1
1759319385,3358,1,N/A,N/A,N/A,N/A,N/A,N/A,N/A,N/A,1953800192,1922494464,46579712,N/A,135168,174923776,13,discern-network,S (sleeping),learner-victim1.bnsdq.ozxfs.fkiya-owcwb.kvugl,0.5076307068818354,1
1759319385,179,1,N/A,N/A,N/A,N/A,N/A,N/A,N/A,N/A,133390336,133390336,39284736,4096,135168,28057600,1,systemd-journal,S (sleeping),learner-victim1.bnsdq.ozxfs.fkiya-owcwb.kvugl,0.1917557414364273,1
1759319385,55670,1,N/A,N/A,N/A,N/A,N/A,N/A,N/A,N/A,1647706112,1580597248,24514560,N/A,135168,82202624,5,discern-interfa,S (sleeping),learner-victim1.bnsdq.ozxfs.fkiya-owcwb.kvugl,0.0033039343381747553,1
1759319385,55415,1,N/A,N/A,N/A,N/A,N/A,N/A,N/A,N/A,1264619520,1264619520,16920576,N/A,135168,45826048,4,discern-proc-so,R (running),learner-victim1.bnsdq.ozxfs.fkiya-owcwb.kvugl,2.6533878692579855,1
1759319389,22346,1,N/A,N/A,N/A,N/A,N/A,N/A,N/A,N/A,1634725888,1567879168,127700992,N/A,135168,196059136,11,dockerd,S (sleeping),learner-victim1.bnsdq.ozxfs.fkiya-owcwb.kvugl,1.5530892000460874,0
1759319389,450,1,103,103,103,103,109,109,109,109,133361664,133361664,124116992,N/A,135168,125632512,1,dbus-daemon,S (sleeping),learner-victim1.bnsdq.ozxfs.fkiya-owcwb.kvugl,0.3975926479918877,0
1759319389,3426,1,N/A,N/A,N/A,N/A,N/A,N/A,N/A,N/A,2476675072,2409566208,117846016,N/A,135168,256344064,15,discern-network,S (sleeping),learner-victim1.bnsdq.ozxfs.fkiya-owcwb.kvugl,2.3390967941259615,0
1759319389,220,1,N/A,N/A,N/A,N/A,N/A,N/A,N/A,N/A,108199936,108199936,56659968,4096,135168,28024832,1,systemd-journal,S (sleeping),learner-victim1.bnsdq.ozxfs.fkiya-owcwb.kvugl,0.2716107576788746,0
1759319389,22128,1,N/A,N/A,N/A,N/A,N/A,N/A,N/A,N/A,1444818944,1444818944,47476736,N/A,135168,185815040,10,containerd,S (sleeping),learner-victim1.bnsdq.ozxfs.fkiya-owcwb.kvugl,0.4322661335465583,0
1759319394,22346,1,N/A,N/A,N/A,N/A,N/A,N/A,N/A,N/A,1634725888,1567879168,127700992,N/A,135168,196059136,11,dockerd,S (sleeping),learner-victim1.bnsdq.ozxfs.fkiya-owcwb.kvugl,1.5486675244689228,0
1759319394,450,1,103,103,103,103,109,109,109,109,133496832,133496832,124116992,N/A,135168,125767680,1,dbus-daemon,S (sleeping),learner-victim1.bnsdq.ozxfs.fkiya-owcwb.kvugl,0.3975598142589656,0
1759319394,3426,1,N/A,N/A,N/A,N/A,N/A,N/A,N/A,N/A,2476675072,2409566208,117846016,N/A,135168,256344064,15,discern-network,S (sleeping),learner-victim1.bnsdq.ozxfs.fkiya-owcwb.kvugl,2.337102210687671,0
1759319394,220,1,N/A,N/A,N/A,N/A,N/A,N/A,N/A,N/A,108199936,108199936,56680448,4096,135168,28024832,1,systemd-journal,S (sleeping),learner-victim1.bnsdq.ozxfs.fkiya-owcwb.kvugl,0.2718094655977297,0
1759319394,22128,1,N/A,N/A,N/A,N/A,N/A,N/A,N/A,N/A,1444818944,1444818944,47476736,N/A,135168,185815040,10,containerd,S (sleeping),learner-victim1.bnsdq.ozxfs.fkiya-owcwb.kvugl,0.4321170940063109,0
